2457064.86152 19.589 0.104 5.60 588.0
2457066.87319 20.063 0.184 6.02 696.0
2457069.89566 19.711 0.159 5.06 1356.0
2457071.84509 19.818 0.094 4.99 397.0
2457072.85294 19.992 0.135 6.00 400.0
2457074.88176 19.560 0.099 6.65 415.0
2457075.85786 20.014 0.125 6.02 390.0
2457076.85932 19.516 0.065 4.55 384.0
2457077.85704 19.837 0.134 6.70 403.0
2457078.84772 19.753 0.099 5.74 378.0
2457079.81968 19.865 0.142 7.04 436.0
2457080.88281 19.614 0.087 6.15 327.0
2457082.83712 19.648 0.082 5.33 371.0
2457083.80792 19.672 0.107 5.77 515.0
2457083.89928 19.791 0.109 5.33 454.0
2457084.87936 19.561 0.064 4.24 359.0
2457085.85215 19.863 0.102 4.12 596.0
2457086.83122 19.762 0.110 5.06 599.0
2457087.79373 19.814 0.138 5.93 727.0
2457087.88722 19.861 0.109 4.49 543.0
2457088.85854 19.770 0.092 4.41 468.0
2457089.82308 19.828 0.115 5.38 504.0
2457090.78536 19.891 0.170 7.23 602.0
2457090.87958 20.005 0.116 4.90 443.0
2457091.83304 20.021 0.126 4.93 542.0
2457092.78032 19.892 0.124 4.96 635.0
2457092.86626 19.740 0.091 4.65 487.0
2457093.87398 19.828 0.097 4.34 524.0
2457093.88395 19.627 0.066 4.03 378.0
2457093.90615 19.646 0.110 5.37 582.0
2457097.84575 19.953 0.078 3.89 326.0
2457098.77871 19.734 0.084 4.86 390.0
2457098.89387 19.676 0.064 3.98 345.0
2457099.83543 19.710 0.074 4.44 337.0
2457100.76223 19.531 0.091 5.69 484.0
2457100.87511 19.827 0.085 4.34 372.0
2457101.84592 19.942 0.165 6.84 449.0
2457102.83298 19.535 0.086 5.99 362.0
2457108.80860 19.968 0.170 7.28 403.0
2457109.74243 19.622 0.088 6.07 363.0
2457109.85969 19.733 0.082 4.96 345.0
2457110.77048 19.838 0.080 4.51 349.0
2457110.88105 19.584 0.062 4.39 358.0
2457111.79139 19.802 0.077 4.49 319.0
2457111.90357 19.723 0.075 4.66 320.0
2457112.79911 19.981 0.117 4.89 441.0
2457112.91095 19.818 0.085 4.47 409.0
2457113.88225 19.754 0.070 3.92 345.0
2457114.87966 19.544 0.068 4.26 409.0
2457115.82220 19.692 0.079 4.24 439.0
2457116.80163 19.906 0.119 4.72 554.0
2457117.78349 19.671 0.079 4.06 567.0
2457118.83367 19.668 0.087 4.56 607.0
2457119.83252 19.748 0.101 4.49 559.0
2457120.77681 19.665 0.095 4.81 570.0
2457125.70506 19.691 0.110 6.62 406.0
2457125.89265 19.629 0.076 4.68 428.0
2457126.84744 19.833 0.081 4.42 392.0
2457129.78081 19.670 0.069 4.39 338.0
2457130.71774 19.665 0.091 6.39 320.0
2457130.90041 19.792 0.106 5.72 361.0
2457131.81947 19.720 0.063 3.80 340.0
2457132.74197 19.786 0.096 5.17 406.0
2457133.87196 19.707 0.084 4.90 396.0
2457134.75579 19.762 0.096 5.53 365.0
2457135.68355 19.679 0.085 5.53 404.0
2457135.86978 19.603 0.058 3.93 334.0
2457136.76323 19.622 0.073 4.53 385.0
2457137.66992 19.816 0.089 5.22 343.0
2457137.85459 19.748 0.082 4.83 343.0
2457138.72874 19.761 0.081 5.00 319.0
2457138.91507 19.831 0.088 4.36 419.0
2457139.84585 19.716 0.099 6.29 345.0
2457140.72742 19.566 0.087 5.27 463.0
2457140.90869 19.792 0.086 4.32 434.0
2457141.79169 19.703 0.061 3.49 375.0
2457142.68291 19.654 0.068 3.64 411.0
2457142.86951 19.807 0.083 4.28 363.0
2457143.74042 20.009 0.120 4.73 412.0
2457143.93468 19.788 0.147 4.40 1184.0
2457144.82557 20.116 0.236 7.65 541.0
2457145.82880 19.739 0.104 4.71 587.0
2457146.67927 19.806 0.130 5.04 847.0
2457146.81725 19.695 0.094 4.46 707.0
2457147.66030 19.908 0.174 5.89 839.0
2457147.79826 19.846 0.127 5.33 634.0
2457152.78733 19.859 0.098 4.50 496.0
2457153.62751 19.670 0.100 5.84 447.0
2457153.79011 19.727 0.068 3.96 434.0
2457154.66692 19.590 0.060 4.15 328.0
2457154.86162 19.719 0.072 3.87 397.0
2457155.69802 19.742 0.087 4.98 367.0
2457155.88470 19.585 0.076 4.40 455.0
2457156.70900 20.155 0.101 3.96 354.0
2457157.69620 19.800 0.071 3.92 327.0
2457157.93214 19.839 0.109 4.80 514.0
2457158.79669 20.030 0.111 5.23 357.0
2457159.62481 19.796 0.086 4.33 447.0
2457159.80858 19.656 0.074 4.76 355.0
2457160.64639 19.725 0.104 5.88 411.0
2457160.83143 19.510 0.064 4.66 349.0
2457161.67422 19.944 0.088 4.50 365.0
2457161.85814 19.703 0.068 4.12 379.0
2457162.67723 19.675 0.072 4.50 319.0
2457162.86056 20.046 0.113 5.04 362.0
2457163.68639 19.730 0.096 5.38 404.0
2457163.86934 19.703 0.107 5.89 431.0
2457164.77560 19.707 0.077 5.15 322.0
2457166.63196 19.960 0.141 6.08 437.0
2457166.81626 19.877 0.107 5.48 412.0
2457168.79418 19.811 0.090 4.90 363.0
2457169.72244 19.667 0.065 4.37 329.0
2457169.91626 19.797 0.105 6.01 401.0
2457170.70925 19.854 0.089 4.76 356.0
2457170.89786 19.624 0.091 5.45 422.0
2457172.71173 19.966 0.105 4.51 461.0
2457172.90213 19.663 0.103 5.95 450.0
2457173.68837 20.241 0.188 5.64 567.0
2457173.88382 19.579 0.095 5.06 661.0
2457174.65293 19.806 0.106 4.34 647.0
2457174.82492 19.946 0.135 4.46 702.0
2457175.60515 19.799 0.142 5.19 885.0
2457175.83403 19.445 0.100 4.97 854.0
2457178.64703 20.034 0.123 3.88 694.0
2457179.65058 19.723 0.121 5.60 518.0
2457179.82059 19.628 0.115 5.95 521.0
2457180.60304 19.861 0.136 6.18 460.0
2457180.77415 19.473 0.075 4.93 386.0
2457180.93682 19.651 0.128 5.49 764.0
2457181.72670 19.681 0.100 6.54 346.0
2457181.89599 19.612 0.103 6.00 462.0
2457182.65929 19.677 0.068 4.79 269.0
2457182.85503 19.733 0.083 4.74 364.0
2457183.61287 19.999 0.119 5.69 299.0
2457183.79679 19.760 0.093 5.42 329.0
2457184.60529 19.677 0.098 5.89 374.0
2457184.78860 19.788 0.102 5.72 332.0
2457185.56984 19.587 0.083 5.60 350.0
2457185.75192 19.670 0.096 6.04 356.0
2457186.60335 19.837 0.116 6.41 337.0
2457186.87432 19.828 0.120 5.79 451.0
2457187.66461 20.002 0.094 4.75 300.0
2457187.84424 20.020 0.114 5.34 382.0
2457188.62509 19.791 0.088 4.85 371.0
2457188.81479 19.823 0.124 6.28 416.0
2457189.68028 19.812 0.092 5.17 354.0
2457189.85150 19.804 0.109 5.47 492.0
2457190.64354 19.877 0.096 4.78 418.0
2457190.84024 19.703 0.089 3.85 660.0
2457191.66916 19.914 0.087 4.59 348.0
2457193.58295 19.912 0.084 4.15 337.0
2457193.61919 19.754 0.069 4.35 291.0
2457193.64509 19.672 0.066 4.22 284.0
2457193.66300 19.728 0.059 3.71 284.0
2457193.70395 19.659 0.059 4.13 302.0
2457193.75038 19.702 0.067 3.89 336.0
2457194.65661 19.667 0.066 4.08 334.0
2457196.88382 19.521 0.106 6.52 442.0
2457197.68848 19.936 0.087 4.73 297.0
2457197.86535 19.871 0.137 6.17 493.0
2457198.66711 19.913 0.095 5.03 327.0
2457198.85241 19.908 0.128 5.96 428.0
2457199.61746 19.991 0.107 5.17 359.0
2457199.80006 19.705 0.073 4.18 366.0
2457200.73610 19.751 0.077 3.87 419.0
2457202.71168 19.688 0.138 6.33 623.0
2457206.53080 19.585 0.139 5.67 1020.0
2457206.70717 19.493 0.112 5.68 788.0
2457207.51147 19.856 0.159 5.60 823.0
2457207.67867 19.688 0.110 5.23 550.0
2457209.77111 19.694 0.105 5.20 501.0
2457211.54895 19.826 0.098 4.81 414.0
2457211.73196 19.678 0.076 4.58 366.0
2457214.49853 19.700 0.125 6.29 774.0
2457214.50115 19.726 0.138 6.88 468.0
2457214.68748 19.608 0.083 5.84 471.0
2457217.63854 19.734 0.105 6.34 353.0
2457219.56554 19.649 0.108 6.52 565.0
2457220.65457 19.886 0.082 4.84 304.0
2457220.81874 19.933 0.130 5.81 436.0
2457221.63037 20.007 0.095 5.10 291.0
2457221.80069 19.786 0.083 4.63 357.0
2457222.59268 20.102 0.122 5.48 325.0
2457222.80761 19.812 0.105 5.58 414.0
2457223.65701 19.823 0.103 5.98 325.0
2457224.49812 19.747 0.098 5.48 435.0
2457224.70333 19.518 0.080 5.83 343.0
2457225.52852 19.863 0.099 4.90 437.0
2457226.54573 19.761 0.106 5.78 373.0
2457226.73035 19.810 0.083 4.65 350.0
2457227.51393 19.798 0.124 5.15 713.0
2457227.69801 19.846 0.090 5.03 315.0
2457228.51661 19.721 0.108 5.90 473.0
2457228.71086 19.670 0.092 5.56 422.0
2457229.54388 19.789 0.082 4.05 503.0
2457229.70853 19.911 0.094 4.06 492.0
2457234.64467 19.780 0.218 7.33 930.0
2457235.73395 19.939 0.151 5.12 782.0
2457236.59326 19.798 0.119 5.69 459.0
2457249.58733 19.734 0.096 6.27 306.0
2457249.73051 19.494 0.104 7.62 351.0
2457252.58520 19.921 0.105 5.18 361.0
2457253.53092 19.761 0.080 4.77 342.0
2457256.49673 19.542 0.094 5.79 470.0
2457257.55529 19.767 0.126 4.38 1012.0
2457261.54300 20.044 0.172 5.27 755.0
2457263.49942 19.873 0.117 4.79 647.0
2457263.66493 19.826 0.107 4.42 652.0
2457264.61200 19.753 0.111 5.09 579.0
2457265.57610 19.634 0.083 4.80 442.0
2457267.52271 19.742 0.099 5.57 363.0
2457268.52217 19.643 0.064 4.32 321.0
2457269.50404 19.798 0.087 5.04 351.0
2457269.69246 19.677 0.099 5.58 451.0
2457270.65747 19.668 0.085 5.51 340.0
2457271.59383 19.635 0.089 5.62 354.0
2457273.56685 19.650 0.118 6.93 456.0
2457275.58023 19.607 0.141 5.89 903.0
2457277.54448 19.714 0.105 6.46 325.0
2457278.52766 19.572 0.125 7.39 411.0
2457281.54055 19.825 0.133 6.80 361.0
2457284.58798 19.903 0.096 4.74 520.0
2457292.50711 19.676 0.145 6.47 663.0
2457293.48983 19.859 0.157 5.43 748.0
2457293.60533 19.666 0.078 4.53 386.0
2457294.59849 19.941 0.179 5.79 938.0
2457295.58241 19.831 0.112 4.80 556.0
2457299.49905 19.865 0.127 6.33 438.0
2457300.48805 19.644 0.130 6.88 485.0
2457307.55470 19.855 0.119 5.56 422.0
2457311.55085 19.549 0.097 6.29 432.0
2457313.52057 20.160 0.251 6.04 988.0
2457318.52605 19.894 0.134 4.97 686.0
2457435.83655 19.600 0.120 7.49 527.0
2457437.89437 19.653 0.095 5.00 517.0
2457439.83317 19.994 0.163 5.82 625.0
2457440.86454 19.786 0.115 5.00 613.0
2457441.89201 19.691 0.091 4.10 639.0
2457444.88329 19.693 0.084 4.53 454.0
2457445.88978 19.989 0.108 4.71 419.0
2457446.90195 19.561 0.098 3.90 1133.0
2457447.90000 19.913 0.143 5.05 750.0
2457449.82729 19.530 0.136 4.94 1485.0
2457451.80927 19.674 0.091 4.94 550.0
2457452.87793 19.836 0.069 4.00 318.0
2457453.88347 20.017 0.087 4.19 331.0
2457455.83504 19.801 0.102 6.22 321.0
2457456.84140 19.793 0.099 5.62 373.0
2457457.83724 20.120 0.141 5.13 478.0
2457458.83172 19.609 0.080 5.11 375.0
2457460.83238 19.629 0.077 5.14 384.0
2457461.83134 19.615 0.061 4.06 330.0
2457462.81827 19.765 0.081 4.57 381.0
2457463.84568 19.500 0.067 4.80 351.0
2457463.86173 19.861 0.083 4.49 335.0
2457465.78731 20.009 0.128 6.02 391.0
2457465.91658 19.984 0.116 4.20 634.0
2457467.85064 19.883 0.096 5.35 314.0
2457470.80670 19.542 0.079 4.64 537.0
2457471.90285 20.001 0.122 4.55 508.0
2457472.84117 19.544 0.081 4.86 486.0
2457473.86406 19.975 0.129 5.10 640.0
2457474.83682 19.925 0.116 4.92 498.0
2457475.76373 19.446 0.165 6.63 1270.0
2457475.87096 19.844 0.129 5.64 548.0
2457484.84704 19.787 0.095 5.50 340.0
2457486.76999 19.820 0.111 5.96 363.0
2457487.87811 19.696 0.089 5.37 382.0
2457489.91143 19.698 0.087 5.40 399.0
2457492.74930 19.741 0.078 5.07 323.0
2457493.73685 19.730 0.084 5.17 320.0
2457494.71960 19.596 0.070 4.80 350.0
2457495.70357 19.795 0.116 5.96 423.0
2457495.92413 19.665 0.079 4.56 419.0
2457498.84509 19.570 0.094 5.41 484.0
2457499.81027 19.885 0.102 4.62 481.0
2457500.75130 19.874 0.147 5.75 581.0
2457507.76210 19.725 0.080 4.63 398.0
2457508.81062 19.714 0.062 3.69 337.0
2457509.90752 19.757 0.103 5.63 433.0
2457512.86233 19.774 0.074 4.16 340.0
2457522.91383 19.608 0.119 6.45 535.0
2457526.83920 19.691 0.086 4.68 481.0
2457534.82616 19.810 0.084 4.29 479.0
2457536.82517 19.749 0.097 5.12 407.0
2457546.64672 19.736 0.109 7.11 317.0
2457547.60248 19.624 0.098 6.54 312.0
2457548.72064 19.683 0.059 4.38 337.0
2457549.85560 19.874 0.108 6.04 326.0
2457550.83405 19.653 0.079 4.50 498.0
2457555.57090 19.699 0.104 5.47 694.0
2457555.90426 19.708 0.095 5.24 449.0
2457557.76702 19.674 0.096 4.97 644.0
2457557.87729 19.453 0.099 5.00 755.0
2457561.67795 19.741 0.138 4.34 1337.0
2457566.53497 19.708 0.107 5.95 408.0
2457566.85580 19.806 0.166 7.34 541.0
2457567.79977 19.779 0.101 5.24 450.0
2457568.79850 19.806 0.117 6.10 401.0
2457575.62910 19.626 0.087 6.16 293.0
2457576.64962 19.809 0.069 4.53 265.0
2457579.67506 19.544 0.067 5.15 326.0
2457584.56948 19.755 0.124 6.19 479.0
2457589.56155 19.470 0.116 5.91 883.0
2457590.57757 19.745 0.097 4.96 540.0
2457593.54984 19.647 0.069 5.38 265.0
2457596.50878 19.649 0.074 5.58 301.0
2457600.52482 19.739 0.121 6.84 342.0
2457602.62167 19.693 0.085 5.44 305.0
2457603.67224 19.767 0.072 4.76 260.0
2457604.67944 19.574 0.068 5.41 261.0
2457605.72043 19.793 0.094 5.25 333.0
2457607.69080 19.615 0.069 5.07 265.0
2457609.50899 19.550 0.096 6.57 363.0
2457610.66723 19.519 0.064 4.13 378.0
2457612.64226 19.624 0.185 6.21 1375.0
2457616.73211 19.537 0.086 4.43 721.0
2457621.69069 19.592 0.116 7.14 418.0
2457623.61801 19.582 0.068 5.11 285.0
2457625.56060 19.530 0.073 5.15 367.0
2457630.58131 19.942 0.104 5.12 313.0
2457632.58835 19.984 0.108 5.08 314.0
2457635.59901 19.779 0.134 7.73 330.0
2457638.51023 19.665 0.109 5.96 519.0
2457644.54474 19.749 0.140 5.51 654.0
2457648.60600 19.547 0.089 4.41 602.0
2457650.54646 19.980 0.109 5.08 400.0
2457651.57615 19.627 0.081 4.75 493.0
2457652.59805 19.659 0.077 4.88 397.0
2457654.54082 19.440 0.091 6.51 414.0
2457656.55605 19.656 0.090 5.22 389.0
2457659.48526 19.883 0.134 5.62 511.0
2457660.58293 19.459 0.101 6.94 413.0
2457662.54301 19.579 0.097 5.58 471.0
2457665.49109 19.639 0.144 7.17 482.0
2457666.57002 19.788 0.109 5.79 431.0
2457672.51817 19.686 0.125 5.39 680.0
2457681.50075 19.818 0.129 6.48 450.0
2457797.88944 19.803 0.138 5.05 911.0
2457799.88389 19.736 0.115 5.31 592.0
2457801.87603 19.598 0.112 5.57 621.0
2457807.83044 19.843 0.106 5.73 364.0
2457808.82741 19.968 0.170 7.75 388.0
2457809.88964 19.678 0.083 5.39 351.0
2457810.88621 19.597 0.078 5.10 352.0
2457812.84253 19.607 0.078 5.09 404.0
2457813.83348 19.688 0.096 5.34 453.0
2457815.83976 19.635 0.089 5.81 399.0
2457816.83144 19.564 0.091 6.15 391.0
2457817.82800 19.566 0.073 4.77 428.0
2457818.81422 19.652 0.079 5.13 381.0
2457818.90463 19.640 0.089 4.62 585.0
2457819.89107 19.512 0.062 4.74 315.0
2457820.89378 19.563 0.067 4.66 356.0
2457821.89139 19.767 0.108 5.84 405.0
2457822.88730 19.548 0.078 5.16 378.0
2457823.87241 19.473 0.070 4.57 486.0
2457824.86841 19.672 0.126 6.36 535.0
2457825.86022 19.591 0.095 5.70 506.0
2457826.81861 19.291 0.075 5.38 590.0
2457827.80636 19.356 0.076 5.26 526.0
2457827.89548 19.419 0.065 4.54 453.0
2457828.86448 19.277 0.059 4.75 464.0
2457829.84649 19.124 0.068 5.38 614.0
2457830.85488 19.249 0.059 4.72 491.0
2457835.76703 18.708 0.042 6.51 315.0
2457836.87788 18.646 0.042 6.74 310.0
2457838.76526 18.750 0.047 6.53 366.0
2457839.83099 18.891 0.032 4.47 276.0
2457840.89168 19.059 0.042 4.92 299.0
2457842.76249 19.240 0.067 6.61 313.0
2457843.79480 19.267 0.061 5.95 279.0
2457844.84639 19.305 0.078 7.23 305.0
2457845.88688 19.277 0.055 5.46 298.0
2457847.73503 19.455 0.078 6.27 324.0
2457848.76397 19.579 0.079 5.89 302.0
2457849.79269 19.444 0.051 4.52 298.0
2457850.82047 19.739 0.087 5.36 338.0
2457851.85413 19.681 0.079 5.13 334.0
2457853.90989 19.710 0.124 7.05 401.0
2457854.91377 19.557 0.067 3.84 498.0
2457856.73791 19.684 0.137 6.58 590.0
2457858.81346 19.621 0.080 4.64 468.0
2457862.85586 19.556 0.083 5.52 377.0
2457865.67035 19.741 0.086 5.62 344.0
2457866.68114 19.707 0.082 5.26 358.0
2457867.69910 19.669 0.070 4.69 334.0
2457868.77231 19.626 0.086 5.49 340.0
2457869.78659 19.720 0.074 4.76 315.0
2457870.83377 19.834 0.079 4.35 306.0
2457871.85362 19.592 0.062 4.13 322.0
2457872.88089 19.735 0.064 3.82 349.0
2457873.86117 19.747 0.076 4.30 357.0
2457874.83536 19.628 0.101 6.39 353.0
2457875.91910 19.744 0.091 4.99 494.0
2457876.88657 20.115 0.120 4.90 405.0
2457877.85919 19.711 0.081 4.15 439.0
2457878.89866 19.776 0.069 3.73 395.0
2457880.65906 19.735 0.137 7.17 472.0
2457881.74123 19.525 0.157 7.68 800.0
2457882.73946 19.829 0.112 5.43 477.0
2457889.92320 19.978 0.197 6.24 757.0
2457893.65485 19.911 0.145 6.87 423.0
2457893.90853 19.842 0.111 5.40 447.0
2457894.79708 19.759 0.085 4.95 351.0
2457895.78472 19.688 0.081 5.09 357.0
2457901.66147 19.872 0.129 6.93 325.0
2457902.65347 19.693 0.110 6.87 352.0
2457903.75942 19.668 0.099 6.47 314.0
2457904.64960 19.827 0.102 6.04 321.0
2457904.90259 20.064 0.174 6.96 413.0
2457905.77664 19.770 0.073 4.06 339.0
2457906.65875 19.699 0.067 4.07 347.0
2457906.91433 19.653 0.092 4.40 596.0
2457907.82309 19.822 0.098 4.48 556.0
2457908.77309 19.780 0.094 4.87 442.0
2457909.63809 19.964 0.131 5.32 470.0
2457909.87885 20.016 0.120 4.49 535.0
2457910.67885 19.979 0.109 4.56 459.0
2457911.56188 19.710 0.173 7.16 845.0
2457911.89924 19.921 0.195 6.83 705.0
2457916.74700 19.875 0.100 4.18 567.0
2457917.58601 19.920 0.157 6.35 530.0
2457917.82776 19.784 0.142 6.06 624.0
2457923.55169 20.203 0.155 5.93 426.0
2457923.81269 19.695 0.106 5.83 411.0
2457924.62668 19.796 0.091 4.88 343.0
2457924.87958 19.737 0.096 4.74 518.0
2457925.80388 20.026 0.128 5.97 329.0
2457926.73810 19.835 0.122 6.59 354.0
2457932.82748 19.779 0.125 6.73 399.0
2457933.68889 19.640 0.084 6.05 278.0
2457934.61969 19.917 0.103 5.71 316.0
2457934.85351 19.558 0.107 7.28 346.0
2457935.72342 19.744 0.072 4.36 296.0
2457936.60058 19.655 0.074 5.16 317.0
2457936.86368 19.726 0.121 7.17 348.0
2457937.69475 19.608 0.071 4.72 337.0
2457938.61412 19.989 0.171 7.37 404.0
2457944.53914 19.836 0.123 4.97 686.0
2457944.65152 19.866 0.129 4.91 697.0
2457944.76236 19.856 0.137 5.40 591.0
2457945.55685 19.775 0.110 5.43 491.0
2457945.79530 19.861 0.119 5.24 542.0
2457946.66158 19.642 0.090 5.65 382.0
2457947.56376 19.990 0.110 5.51 328.0
2457948.47572 19.715 0.116 7.04 369.0
2457948.75412 19.763 0.081 4.48 409.0
2457949.68371 20.015 0.166 6.21 491.0
2457952.82358 19.480 0.091 6.49 366.0
2457953.72631 19.699 0.066 4.56 264.0
2457954.64383 19.919 0.078 4.24 281.0
2457955.81099 19.563 0.079 5.29 383.0
2457956.74556 19.843 0.090 4.91 333.0
2457958.59959 19.694 0.100 6.10 354.0
2457959.48461 19.768 0.088 5.41 355.0
2457959.72506 19.653 0.071 4.96 296.0
2457960.63263 19.791 0.081 5.45 261.0
2457961.61867 19.761 0.076 4.81 344.0
2457962.57172 19.639 0.061 4.22 339.0
2457964.63785 19.785 0.094 5.11 365.0
2457965.71335 19.712 0.107 5.18 563.0
2457966.70661 19.715 0.108 6.46 336.0
2457967.72692 19.754 0.126 6.38 457.0
2457971.64616 19.777 0.105 4.58 585.0
2457972.58162 19.721 0.143 6.31 593.0
2457972.69981 19.910 0.151 5.04 674.0
2457973.67609 19.766 0.130 5.69 643.0
2457974.65699 19.794 0.118 5.28 485.0
2457979.55450 19.724 0.074 4.59 342.0
2457980.62106 19.776 0.125 6.30 424.0
2457982.47061 19.863 0.225 6.39 1090.0
2457983.54344 19.774 0.103 5.64 349.0
2457984.60121 19.840 0.097 5.16 332.0
2457986.50425 19.685 0.073 4.61 354.0
2457987.58929 19.772 0.075 4.02 385.0
2457990.65055 19.801 0.102 5.62 358.0
2457992.52355 19.733 0.086 5.08 359.0
2457993.58584 19.707 0.086 5.19 361.0
2457994.64690 19.825 0.124 5.88 436.0
2457998.57440 19.872 0.106 4.64 510.0
2458000.49918 19.977 0.146 5.60 506.0
2458000.61029 19.846 0.163 6.47 613.0
2458001.61614 19.630 0.085 4.71 536.0
2458004.49081 19.626 0.106 6.21 416.0
2458007.60241 20.002 0.138 6.14 384.0
2458012.47727 19.729 0.164 4.91 1433.0
2458014.51754 19.552 0.076 5.00 384.0
2458016.53904 19.585 0.081 5.42 383.0
2458019.52333 19.799 0.078 4.24 360.0
2458029.52086 19.682 0.119 5.18 649.0
2458039.51139 20.587 0.293 6.76 460.0
2458046.51211 19.655 0.138 6.39 652.0
