2455260.86123 18.253 0.022 3.65 465.0
2455260.90486 18.292 0.028 3.77 871.0
2455261.79607 18.269 0.025 4.30 461.0
2455264.81908 18.283 0.030 4.83 598.0
2455264.87221 18.253 0.032 4.88 664.0
2455264.88951 18.276 0.031 4.87 697.0
2455265.79513 18.280 0.024 5.25 294.0
2455266.78322 18.259 0.028 5.74 349.0
2455267.82505 18.264 0.022 4.60 280.0
2455268.79631 18.242 0.028 6.08 305.0
2455269.79114 18.288 0.024 4.83 299.0
2455270.83556 18.241 0.019 3.30 269.0
2455271.79063 18.268 0.024 4.93 317.0
2455272.79747 18.280 0.028 5.88 289.0
2455273.85207 18.233 0.021 4.41 263.0
2455274.80079 18.308 0.026 5.68 295.0
2455275.78652 18.240 0.025 4.64 384.0
2455275.91784 18.265 0.042 4.83 1304.0
2455276.82144 18.285 0.022 4.70 272.0
2455277.78761 18.263 0.026 5.85 285.0
2455277.91679 18.284 0.034 4.79 652.0
2455278.79762 18.306 0.026 5.63 300.0
2455279.79821 18.289 0.030 5.64 301.0
2455280.85044 18.234 0.020 4.00 309.0
2455281.78539 18.232 0.022 4.42 336.0
2455282.76586 18.240 0.025 4.71 453.0
2455282.91062 18.234 0.021 3.95 341.0
2455283.76703 18.281 0.034 6.17 464.0
2455284.76905 18.251 0.029 5.15 552.0
2455285.76471 18.231 0.033 5.50 637.0
2455285.89406 18.228 0.027 4.96 496.0
2455286.75588 18.241 0.030 4.84 604.0
2455287.82553 18.239 0.026 4.97 488.0
2455288.75892 18.293 0.030 4.84 578.0
2455292.82901 18.277 0.029 4.21 736.0
2455293.83699 18.244 0.023 4.50 304.0
2455294.76193 18.257 0.020 4.19 264.0
2455295.76344 18.279 0.020 4.28 244.0
2455296.80702 18.261 0.018 3.59 250.0
2455297.83820 18.237 0.017 3.46 244.0
2455298.87738 18.251 0.020 4.13 265.0
2455299.86134 18.195 0.015 3.91 256.0
2455301.79007 18.287 0.020 3.92 276.0
2455304.75133 18.292 0.033 6.89 384.0
2455306.72308 18.250 0.022 4.91 297.0
2455307.75111 18.257 0.024 5.10 308.0
2455308.74122 18.317 0.027 5.53 302.0
2455309.81244 18.254 0.023 5.27 274.0
2455310.78053 18.202 0.027 6.95 302.0
2455311.88052 18.251 0.026 6.22 315.0
2455312.87520 18.254 0.025 4.87 406.0
2455313.90363 18.245 0.030 5.26 510.0
2455314.85172 18.253 0.030 5.46 615.0
2455315.77747 18.296 0.033 4.86 635.0
2455316.73028 18.264 0.033 5.01 653.0
2455319.87069 18.225 0.056 4.42 3749.0
2455320.77114 18.246 0.038 4.66 1383.0
2455321.71828 18.235 0.025 5.18 392.0
2455321.91245 18.286 0.025 4.43 433.0
2455322.88390 18.224 0.027 5.05 509.0
2455323.82947 18.288 0.024 5.18 390.0
2455324.76033 18.296 0.027 5.71 308.0
2455325.65488 18.255 0.022 4.01 351.0
2455325.87701 18.250 0.022 3.78 334.0
2455326.80163 18.245 0.020 4.11 280.0
2455327.74998 18.270 0.023 4.52 260.0
2455328.61365 18.270 0.023 4.31 399.0
2455328.87341 18.251 0.024 4.59 343.0
2455334.78102 18.265 0.019 3.56 282.0
2455335.77459 18.256 0.025 5.22 298.0
2455336.81003 18.209 0.023 4.70 350.0
2455337.86429 18.239 0.031 5.85 422.0
2455338.88303 18.322 0.036 6.38 437.0
2455339.89831 18.227 0.037 6.45 566.0
2455340.83973 18.305 0.035 5.88 455.0
2455341.73468 18.276 0.025 4.65 420.0
2455342.59957 18.300 0.041 6.23 667.0
2455342.79474 18.241 0.029 5.22 518.0
2455343.62887 18.221 0.038 6.31 794.0
2455343.82177 18.264 0.030 4.88 675.0
2455348.76912 18.235 0.026 5.05 348.0
2455349.60566 18.284 0.039 7.38 412.0
2455350.65787 18.241 0.037 7.21 332.0
2455351.73512 18.258 0.026 4.88 359.0
2455352.75137 18.271 0.023 4.20 304.0
2455352.82074 18.242 0.024 4.81 367.0
2455353.71873 18.301 0.022 4.34 280.0
2455354.66419 18.305 0.027 5.62 276.0
2455355.60548 18.252 0.029 6.03 336.0
2455357.61563 18.321 0.032 6.15 357.0
2455358.75117 18.295 0.026 5.49 312.0
2455359.63711 18.279 0.027 5.52 329.0
2455359.87279 18.211 0.033 6.14 438.0
2455362.78331 18.243 0.023 4.81 342.0
2455364.75545 18.261 0.030 6.20 296.0
2455364.87612 18.259 0.027 5.62 300.0
2455365.84432 18.263 0.036 6.71 361.0
2455369.80097 18.295 0.035 4.95 819.0
2455376.76607 18.278 0.030 5.49 444.0
2455377.68809 18.275 0.026 5.26 314.0
2455378.52739 18.297 0.025 5.32 305.0
2455378.82773 18.261 0.025 5.32 370.0
2455379.73459 18.271 0.023 5.02 281.0
2455380.81671 18.247 0.031 6.47 319.0
2455381.69176 18.269 0.030 6.37 276.0
2455382.76218 18.248 0.035 7.51 304.0
2455385.51443 18.304 0.022 4.44 333.0
2455386.48864 18.254 0.022 4.31 489.0
2455386.57084 18.282 0.022 4.76 378.0
2455386.65450 18.297 0.023 5.11 312.0
2455386.78624 18.271 0.020 3.99 244.0
2455387.77108 18.284 0.022 5.14 223.0
2455388.68221 18.248 0.021 4.68 177.0
2455389.54916 18.246 0.029 8.28 227.0
2455390.55666 18.226 0.027 6.38 250.0
2455390.81366 18.313 0.026 5.96 202.0
2455391.79957 18.268 0.026 4.98 315.0
2455392.66927 18.254 0.023 5.12 231.0
2455393.70799 18.244 0.028 6.54 204.0
2455396.60403 18.233 0.026 5.72 299.0
2455397.66743 18.337 0.031 6.41 286.0
2455402.67733 18.287 0.035 5.55 605.0
2455403.63965 18.279 0.025 4.14 525.0
2455404.51111 18.312 0.029 4.80 406.0
2455404.70827 18.282 0.029 4.69 425.0
2455405.72393 18.289 0.026 4.54 351.0
2455407.57725 18.283 0.032 7.00 240.0
2455407.77094 18.290 0.031 6.10 351.0
2455408.70040 18.292 0.027 5.52 281.0
2455409.63337 18.271 0.020 4.72 197.0
2455410.63687 18.276 0.021 4.67 213.0
2455411.67354 18.272 0.018 3.84 219.0
2455412.63422 18.319 0.028 5.92 271.0
2455413.66493 18.253 0.017 3.82 187.0
2455414.71227 18.246 0.019 3.72 235.0
2455418.60247 18.239 0.020 4.85 206.0
2455421.62962 18.289 0.024 5.58 216.0
2455422.67529 18.300 0.023 5.17 198.0
2455425.53933 18.258 0.021 4.85 281.0
2455431.54532 18.293 0.027 5.27 375.0
2455434.50970 18.306 0.033 6.63 328.0
2455435.48130 18.283 0.031 5.98 325.0
2455436.47925 18.251 0.033 6.59 329.0
2455438.51454 18.340 0.032 6.44 291.0
2455439.58272 18.256 0.030 6.00 279.0
2455443.59696 18.243 0.026 6.02 279.0
2455444.62226 18.317 0.032 6.60 286.0
2455446.50397 18.249 0.023 4.87 270.0
2455447.52046 18.292 0.024 5.35 258.0
2455448.61882 18.276 0.025 5.31 272.0
2455450.53287 18.216 0.028 6.20 274.0
2455451.66270 18.342 0.026 4.62 307.0
2455457.55828 18.249 0.019 4.05 349.0
2455458.58841 18.286 0.027 5.00 423.0
2455459.61955 18.212 0.025 5.29 466.0
2455461.50166 18.241 0.032 5.92 513.0
2455462.51651 18.261 0.028 5.39 384.0
2455465.52569 18.226 0.029 6.34 297.0
2455469.52038 18.264 0.020 4.00 287.0
2455471.56359 18.298 0.024 4.90 279.0
2455473.49133 18.264 0.034 6.71 328.0
2455480.53583 18.317 0.029 5.33 350.0
2455485.52778 18.250 0.032 5.46 443.0
2455487.52113 18.287 0.026 4.78 418.0
2455489.51993 18.274 0.033 5.50 459.0
2455492.54053 18.233 0.046 7.06 700.0
2455497.52539 18.274 0.030 5.57 432.0
2455597.85943 18.292 0.032 7.56 269.0
2455598.85162 18.290 0.028 6.21 312.0
2455599.85547 18.323 0.026 5.34 290.0
2455600.85194 18.261 0.028 6.36 299.0
2455607.88516 18.265 0.022 4.32 401.0
2455614.88186 18.272 0.024 5.03 361.0
2455620.86194 18.260 0.023 4.92 313.0
2455624.82266 18.229 0.023 5.26 277.0
2455625.78472 18.274 0.031 6.75 321.0
2455627.80950 18.293 0.026 5.88 261.0
2455629.78887 18.256 0.026 6.19 251.0
2455630.78142 18.238 0.023 5.65 281.0
2455632.77860 18.264 0.037 7.69 446.0
2455634.76305 18.276 0.026 5.76 293.0
2455635.83669 18.294 0.036 7.54 343.0
2455638.75678 18.299 0.037 6.59 600.0
2455639.79867 18.244 0.026 5.09 422.0
2455640.89494 18.244 0.025 5.29 378.0
2455643.75073 18.230 0.027 5.05 525.0
2455644.89511 18.259 0.028 6.15 525.0
2455648.75306 18.246 0.024 5.67 267.0
2455649.89117 18.256 0.019 5.09 217.0
2455651.82750 18.322 0.022 4.61 235.0
2455654.78577 18.266 0.022 5.03 244.0
2455655.89652 18.247 0.024 6.68 237.0
2455657.92596 18.235 0.032 3.65 1391.0
2455659.80803 18.270 0.022 5.40 238.0
2455660.92335 18.314 0.042 6.92 542.0
2455664.79240 18.242 0.028 6.80 258.0
2455665.91710 18.286 0.020 4.18 265.0
2455669.77884 18.265 0.023 4.60 462.0
2455675.73724 18.303 0.026 4.73 413.0
2455676.93059 18.330 0.027 4.60 571.0
2455679.88660 18.206 0.021 4.64 273.0
2455681.75569 18.276 0.021 4.85 246.0
2455683.70098 18.246 0.019 4.37 279.0
2455684.93484 18.275 0.036 5.23 843.0
2455686.91969 18.283 0.024 5.16 292.0
2455690.61978 18.347 0.032 7.09 386.0
2455691.84297 18.289 0.022 4.91 293.0
2455693.65082 18.218 0.024 5.84 338.0
2455694.77001 18.294 0.022 4.80 333.0
2455695.90614 18.225 0.020 5.10 260.0
2455697.64344 18.223 0.027 4.90 506.0
2455698.73921 18.263 0.032 5.43 650.0
2455705.77069 18.246 0.025 6.03 289.0
2455707.70068 18.255 0.024 5.51 272.0
2455708.77325 18.276 0.024 5.65 260.0
2455712.78139 18.231 0.019 4.08 303.0
2455715.65877 18.268 0.021 4.96 250.0
2455716.82977 18.259 0.024 5.53 236.0
2455722.66162 18.292 0.021 4.96 268.0
2455722.67519 18.304 0.022 5.05 297.0
2455723.81799 18.265 0.020 4.78 256.0
2455725.71532 18.238 0.020 3.89 423.0
2455734.84732 18.358 0.036 6.95 346.0
2455736.66543 18.272 0.017 3.97 210.0
2455737.75522 18.301 0.019 4.49 218.0
2455739.57089 18.254 0.026 6.08 258.0
2455740.65145 18.296 0.028 6.79 222.0
2455741.72061 18.281 0.020 4.26 230.0
2455742.73381 18.307 0.019 4.26 236.0
2455743.84606 18.308 0.031 5.80 382.0
2455745.51679 18.239 0.028 6.68 285.0
2455746.70662 18.276 0.024 5.81 225.0
2455748.66010 18.248 0.022 5.12 280.0
2455752.58692 18.292 0.033 6.85 342.0
2455760.75313 18.279 0.023 4.64 365.0
2455762.52896 18.297 0.028 5.62 300.0
2455763.66577 18.258 0.024 5.58 275.0
2455766.58913 18.295 0.022 5.48 221.0
2455767.74291 18.260 0.026 6.20 249.0
2455769.51464 18.285 0.024 5.56 274.0
2455776.53088 18.277 0.035 7.48 285.0
2455778.50779 18.262 0.035 7.00 344.0
2455785.54278 18.351 0.041 7.04 447.0
2455787.49413 18.254 0.025 4.95 416.0
2455788.71098 18.230 0.042 7.81 447.0
2455793.54438 18.307 0.024 5.36 255.0
2455795.54461 18.220 0.026 6.24 257.0
2455801.54915 18.294 0.027 6.36 237.0
2455804.61193 18.305 0.025 5.50 247.0
2455807.62600 18.314 0.032 6.42 280.0
2455813.66516 18.298 0.022 3.88 500.0
2455817.56704 18.244 0.028 5.51 377.0
2455819.64723 18.210 0.028 5.73 465.0
2455822.59065 18.242 0.025 5.77 241.0
2455827.58159 18.321 0.030 5.91 342.0
2455829.55020 18.260 0.021 4.52 317.0
2455831.56046 18.260 0.025 5.88 296.0
2455833.56884 18.334 0.024 5.09 281.0
2455836.56310 18.258 0.032 5.95 523.0
2455840.58982 18.244 0.027 5.10 453.0
2455842.55121 18.276 0.034 6.19 438.0
2455844.55842 18.251 0.039 7.00 481.0
2455847.54953 18.308 0.053 8.22 564.0
2455852.55219 18.335 0.036 6.08 452.0
2455857.53528 18.266 0.042 10.13 349.0
2455977.88497 18.289 0.022 4.70 307.0
2455983.82385 18.289 0.026 5.82 308.0
2455986.80896 18.255 0.025 6.28 327.0
2455989.80198 18.248 0.025 6.46 258.0
2455991.85564 18.193 0.018 4.57 245.0
2455994.79377 18.317 0.032 5.67 557.0
2455996.81738 18.295 0.023 4.69 371.0
2455998.82570 18.257 0.022 4.89 351.0
2456003.89170 18.249 0.026 5.76 336.0
2456005.87716 18.222 0.018 4.52 237.0
2456007.85447 18.252 0.022 5.25 229.0
2456009.77994 18.267 0.020 4.70 278.0
2456010.89504 18.288 0.016 3.43 240.0
2456012.83726 18.283 0.018 4.24 197.0
2456014.75949 18.255 0.020 4.92 248.0
2456015.84298 18.236 0.016 4.08 208.0
2456017.77106 18.296 0.019 4.75 239.0
2456018.86452 18.328 0.024 6.00 221.0
2456020.74464 18.241 0.023 5.53 268.0
2456021.80407 18.273 0.020 4.68 272.0
2456022.87565 18.316 0.021 4.41 291.0
2456031.79762 18.244 0.020 4.91 274.0
2456033.74591 18.261 0.021 5.03 262.0
2456036.70286 18.245 0.021 5.33 234.0
2456038.74006 18.300 0.025 5.94 239.0
2456040.80762 18.241 0.022 5.15 271.0
2456047.73506 18.279 0.018 4.35 239.0
2456049.68395 18.233 0.020 4.50 333.0
2456050.86189 18.229 0.021 4.69 310.0
2456052.92444 18.245 0.022 4.39 451.0
2456061.78777 18.271 0.020 4.85 282.0
2456062.91528 18.306 0.027 4.82 460.0
2456064.92781 18.318 0.023 4.89 364.0
2456066.79499 18.252 0.022 5.49 291.0
2456067.85649 18.292 0.019 3.86 292.0
2456069.68057 18.220 0.019 4.82 258.0
2456070.74611 18.283 0.020 4.93 212.0
2456071.82388 18.238 0.021 5.16 250.0
2456076.57853 18.289 0.023 4.90 343.0
2456077.80118 18.190 0.017 4.80 254.0
2456078.87559 18.279 0.024 5.05 349.0
2456081.59446 18.272 0.028 4.98 570.0
2456082.66537 18.273 0.043 6.90 652.0
2456085.78865 18.244 0.025 5.28 392.0
2456086.79682 18.214 0.024 5.60 306.0
2456088.65350 18.287 0.019 4.77 216.0
2456092.83343 18.219 0.018 4.40 278.0
2456094.60712 18.254 0.031 7.19 294.0
2456096.72603 18.250 0.023 6.03 235.0
2456096.73882 18.300 0.027 6.42 239.0
2456097.90693 18.297 0.033 6.38 393.0
2456099.75470 18.270 0.030 6.92 280.0
2456101.52810 18.269 0.024 5.22 347.0
2456102.56783 18.295 0.028 5.90 355.0
2456103.58641 18.326 0.024 5.30 293.0
2456104.66976 18.263 0.017 4.03 230.0
2456105.72304 18.243 0.020 5.04 204.0
2456108.79650 18.238 0.022 4.58 381.0
2456109.68492 18.242 0.030 4.58 838.0
2456113.75164 18.364 0.030 4.92 509.0
2456114.85349 18.269 0.035 5.97 570.0
2456116.57934 18.270 0.019 5.02 226.0
2456117.67024 18.275 0.019 4.40 265.0
2456118.72271 18.286 0.019 4.85 219.0
2456119.72938 18.314 0.022 5.18 227.0
2456121.49204 18.241 0.020 5.10 237.0
2456123.61548 18.273 0.023 6.23 223.0
2456124.73938 18.284 0.020 4.57 247.0
2456125.83093 18.224 0.028 6.47 294.0
2456127.75645 18.321 0.027 6.92 197.0
2456132.55650 18.217 0.024 6.14 225.0
2456134.55368 18.213 0.029 6.44 316.0
2456136.55487 18.351 0.041 7.84 329.0
2456141.49805 18.327 0.028 4.80 501.0
2456149.62085 18.279 0.024 6.00 226.0
2456152.50162 18.193 0.022 5.94 210.0
2456157.67917 18.252 0.025 5.98 233.0
2456159.55341 18.233 0.025 6.05 247.0
2456161.57229 18.274 0.026 6.22 218.0
2456174.64945 18.307 0.036 7.12 362.0
2456179.59098 18.257 0.031 6.68 301.0
2456191.50359 18.300 0.032 6.43 313.0
2456196.53581 18.179 0.030 5.89 432.0
2456199.53352 18.365 0.042 7.66 369.0
2456211.50933 18.226 0.021 4.58 288.0
2456213.56306 18.197 0.029 6.53 324.0
2456218.53870 18.314 0.030 5.74 370.0
2456219.57019 18.251 0.030 5.82 396.0
2456233.54067 18.297 0.038 7.31 403.0
2456238.52573 18.223 0.034 5.85 478.0
2456340.89064 18.261 0.020 4.68 292.0
2456347.83311 18.208 0.022 5.01 352.0
2456350.87531 18.260 0.023 5.02 327.0
2456362.83343 18.240 0.020 4.56 251.0
2456367.88648 18.297 0.017 4.59 195.0
2456370.77121 18.276 0.020 5.01 234.0
2456371.90340 18.221 0.016 4.80 193.0
2456372.89612 18.280 0.019 5.66 210.0
2456374.86394 18.304 0.022 5.91 233.0
2456376.82161 18.314 0.021 4.79 307.0
2456378.76714 18.250 0.019 3.84 464.0
2456379.88632 18.285 0.022 4.21 384.0
2456381.85031 18.251 0.018 3.75 309.0
2456386.77549 18.223 0.020 5.06 244.0
2456387.87080 18.308 0.022 5.75 217.0
2456389.79537 18.285 0.021 5.26 236.0
2456390.86145 18.292 0.020 4.81 225.0
2456393.83551 18.256 0.023 6.18 252.0
2456395.83881 18.272 0.017 4.10 267.0
2456397.81126 18.219 0.016 4.32 221.0
2456399.72677 18.275 0.020 5.17 226.0
2456401.75953 18.283 0.019 5.02 220.0
2456403.68768 18.299 0.023 5.59 272.0
2456404.87379 18.280 0.020 4.50 240.0
2456407.80526 18.210 0.022 5.03 381.0
2456415.72683 18.255 0.024 6.05 254.0
2456416.92177 18.289 0.019 4.33 298.0
2456418.75279 18.260 0.019 4.99 229.0
2456419.91527 18.235 0.020 4.40 304.0
2456421.89483 18.323 0.027 5.72 275.0
2456423.89606 18.251 0.020 4.20 344.0
2456426.76620 18.243 0.017 4.69 252.0
2456428.89956 18.242 0.022 5.39 283.0
2456432.66836 18.271 0.024 6.03 282.0
2456433.77201 18.181 0.019 5.22 260.0
2456435.62075 18.342 0.030 6.11 416.0
2456436.69172 18.265 0.023 4.79 463.0
2456437.90861 18.209 0.032 4.37 1194.0
2456442.75675 18.262 0.018 4.41 274.0
2456444.88497 18.237 0.025 5.45 368.0
2456446.92022 18.306 0.021 4.71 366.0
2456447.94515 18.259 0.031 5.15 755.0
2456449.58573 18.273 0.020 4.91 263.0
2456450.63555 18.244 0.019 4.91 251.0
2456451.69488 18.279 0.019 4.40 314.0
2456452.82407 18.259 0.016 3.90 239.0
2456454.86502 18.232 0.020 4.91 243.0
2456456.75088 18.282 0.017 4.30 232.0
2456458.60379 18.318 0.025 5.68 277.0
2456459.65408 18.247 0.019 5.23 256.0
2456461.54395 18.289 0.027 5.99 337.0
2456462.82101 18.296 0.025 5.66 298.0
2456463.86810 18.211 0.022 5.06 340.0
2456468.58998 18.188 0.027 5.82 471.0
2456469.75975 18.258 0.024 5.23 393.0
2456473.58091 18.257 0.020 5.16 229.0
2456474.65587 18.236 0.022 5.58 262.0
2456475.75005 18.298 0.023 5.22 286.0
2456476.80021 18.294 0.020 4.89 279.0
2456478.56162 18.248 0.025 6.17 269.0
2456480.61921 18.212 0.023 6.44 226.0
2456481.77422 18.294 0.024 5.89 259.0
2456485.62846 18.226 0.019 5.32 208.0
2456486.75879 18.284 0.020 4.81 258.0
2456489.51218 18.285 0.024 5.42 261.0
2456490.64108 18.210 0.019 4.11 271.0
2456491.79089 18.216 0.026 6.59 338.0
2456496.54404 18.217 0.030 5.67 565.0
2456498.57575 18.243 0.017 3.76 321.0
2456500.66990 18.220 0.027 7.02 276.0
2456505.49225 18.252 0.024 5.85 278.0
2456507.64304 18.312 0.028 6.43 254.0
2456509.60079 18.251 0.014 3.30 232.0
2456511.48056 18.284 0.022 5.27 276.0
2456514.75479 18.223 0.025 5.83 306.0
2456518.60246 18.212 0.016 3.72 279.0
2456523.56969 18.238 0.019 3.86 401.0
2456525.59058 18.313 0.032 5.69 450.0
2456531.56820 18.216 0.021 5.73 245.0
2456534.52599 18.288 0.024 5.55 284.0
2456539.50373 18.257 0.021 5.27 257.0
2456559.56891 18.296 0.023 5.46 292.0
2456563.56347 18.260 0.025 6.09 247.0
2456565.61818 18.286 0.024 6.00 293.0
2456569.58069 18.259 0.021 5.19 268.0
2456572.56774 18.243 0.025 5.66 307.0
2456576.51446 18.218 0.041 5.06 1421.0
2456576.58173 18.307 0.056 6.33 1445.0
2456581.52729 18.300 0.027 5.01 421.0
2456584.52862 18.228 0.032 5.34 638.0
2456701.86382 18.243 0.021 4.92 449.0
2456708.87168 18.229 0.021 4.92 395.0
2456714.83215 18.288 0.030 7.20 322.0
2456717.83501 18.311 0.032 7.38 316.0
2456722.83367 18.190 0.026 6.80 346.0
2456724.85574 18.242 0.022 5.69 306.0
2456726.85745 18.188 0.020 5.07 313.0
2456728.84960 18.275 0.017 4.78 262.0
2456730.81976 18.229 0.028 6.70 360.0
2456732.88756 18.187 0.022 5.35 397.0
2456734.82996 18.261 0.022 4.98 395.0
2456736.76811 18.295 0.032 6.40 512.0
2456737.77986 18.280 0.024 5.60 444.0
2456741.86776 18.207 0.028 7.34 512.0
2456742.81644 18.261 0.017 4.53 277.0
2456744.91458 18.277 0.019 4.93 304.0
2456746.82808 18.302 0.023 6.45 250.0
2456748.86678 18.306 0.018 4.57 261.0
2456751.76923 18.292 0.017 4.55 262.0
2456754.79232 18.250 0.024 6.39 260.0
2456756.83785 18.289 0.017 4.01 248.0
2456758.87753 18.265 0.022 6.71 249.0
2456760.82383 18.294 0.018 4.58 315.0
2456762.76975 18.214 0.019 4.75 304.0
2456764.73759 18.228 0.021 4.73 508.0
2456765.90999 18.229 0.024 5.57 482.0
2456769.81434 18.273 0.019 4.55 324.0
2456771.69335 18.290 0.019 4.84 268.0
2456772.85842 18.212 0.016 3.85 281.0
2456774.73320 18.312 0.027 6.74 298.0
2456777.92573 18.250 0.021 4.68 348.0
2456790.65493 18.261 0.030 5.59 472.0
2456791.70971 18.303 0.030 5.25 500.0
2456792.73172 18.253 0.024 4.06 582.0
2456792.75668 18.264 0.027 4.52 611.0
2456796.81227 18.258 0.023 4.45 391.0
2456797.89949 18.300 0.029 4.77 658.0
2456803.76243 18.279 0.016 3.78 224.0
2456804.77171 18.239 0.019 4.16 259.0
2456805.83110 18.278 0.025 5.34 288.0
2456807.81419 18.284 0.029 6.24 266.0
2456808.83753 18.253 0.020 4.54 262.0
2456809.89047 18.294 0.026 5.35 335.0
2456810.92005 18.296 0.028 5.23 436.0
2456811.93299 18.197 0.036 6.93 461.0
2456814.73917 18.218 0.019 4.54 220.0
2456815.80301 18.268 0.023 4.84 281.0
2456816.87678 18.266 0.032 7.02 290.0
2456817.93271 18.202 0.034 6.71 458.0
2456819.78897 18.212 0.038 6.90 537.0
2456824.65108 18.145 0.025 5.16 461.0
2456825.67013 18.137 0.021 5.01 304.0
2456826.69082 18.111 0.017 4.01 288.0
2456827.77227 18.088 0.018 4.60 276.0
2456828.81905 18.055 0.018 5.21 243.0
2456829.79278 18.007 0.020 5.54 241.0
2456830.81995 17.944 0.014 4.42 432.0
2456832.57667 17.764 0.017 5.96 250.0
2456833.63967 17.687 0.014 4.95 247.0
2456834.64683 17.640 0.016 5.61 281.0
2456835.72117 17.589 0.013 5.47 209.0
2456836.75466 17.555 0.015 5.70 275.0
2456837.76579 17.603 0.014 5.09 342.0
2456838.76601 17.700 0.017 5.71 289.0
2456839.78200 17.759 0.017 5.33 316.0
2456841.52696 17.935 0.017 4.62 389.0
2456842.58152 17.961 0.022 5.66 359.0
2456844.61028 18.069 0.018 4.34 318.0
2456845.59857 18.128 0.019 4.68 318.0
2456847.58798 18.158 0.021 4.20 452.0
2456851.55417 18.170 0.024 4.66 556.0
2456852.61708 18.239 0.031 5.85 489.0
2456855.69268 18.266 0.025 6.10 233.0
2456856.71743 18.232 0.022 5.24 260.0
2456857.77019 18.237 0.023 5.67 275.0
2456859.59129 18.217 0.033 6.95 285.0
2456862.77661 18.232 0.027 6.09 346.0
2456864.53645 18.269 0.028 7.14 219.0
2456870.60990 18.256 0.025 6.52 232.0
2456873.47901 18.259 0.032 6.59 314.0
2456879.66754 18.274 0.034 5.62 555.0
2456881.62969 18.322 0.027 5.07 351.0
2456883.52694 18.340 0.025 5.57 292.0
2456885.73004 18.256 0.028 6.67 322.0
2456887.64262 18.235 0.018 4.29 214.0
2456889.57648 18.268 0.019 4.46 209.0
2456891.48051 18.301 0.032 6.40 343.0
2456895.69415 18.240 0.026 5.99 267.0
2456909.54486 18.254 0.038 5.89 606.0
2456919.57774 18.257 0.027 6.01 275.0
2456924.53105 18.252 0.035 7.08 364.0
2456927.52824 18.206 0.032 6.76 326.0
2456930.55716 18.238 0.038 7.56 367.0
2456931.48291 18.247 0.040 4.65 1480.0
2456932.54641 18.215 0.045 6.45 993.0
2456938.56643 18.222 0.032 5.35 582.0
2456943.54652 18.197 0.030 6.77 385.0
2456949.53746 18.091 0.027 6.88 318.0
2456952.54218 18.219 0.030 5.47 407.0
2456955.52991 18.282 0.024 4.65 385.0
