2455378.62695 18.096 0.022 4.07 331.0
2455380.66061 18.084 0.022 4.89 258.0
2455382.81391 18.084 0.042 8.14 465.0
2455385.53137 18.101 0.021 3.90 581.0
2455385.63083 18.122 0.019 3.97 374.0
2455385.73317 18.116 0.022 4.60 380.0
2455388.75604 18.098 0.023 4.86 214.0
2455391.82634 18.075 0.028 4.92 549.0
2455397.69400 18.096 0.031 6.34 383.0
2455405.64774 18.050 0.030 5.87 378.0
2455409.48759 18.122 0.025 5.34 284.0
2455413.52383 18.127 0.022 4.15 348.0
2455422.56786 18.113 0.025 5.12 328.0
2455433.69956 18.154 0.053 6.31 1327.0
2455439.58546 18.104 0.030 5.72 342.0
2455447.52320 18.116 0.026 5.18 328.0
2455457.58223 18.087 0.024 4.60 504.0
2455465.53150 18.119 0.032 6.33 383.0
2455473.49707 18.167 0.036 6.44 410.0
2455490.53839 18.088 0.042 6.00 840.0
2455602.85382 18.147 0.031 6.21 470.0
2455604.86174 18.131 0.031 6.69 408.0
2455605.85789 18.101 0.022 4.66 380.0
2455606.85752 18.136 0.026 5.24 367.0
2455607.86102 18.136 0.027 6.00 381.0
2455608.85201 18.081 0.031 6.91 375.0
2455611.84764 18.039 0.035 6.60 634.0
2455612.85690 18.089 0.027 5.39 540.0
2455613.88962 18.189 0.048 7.72 663.0
2455615.84841 18.052 0.024 4.75 498.0
2455616.84256 18.186 0.039 6.91 549.0
2455621.83356 18.101 0.024 5.43 333.0
2455622.82154 18.065 0.020 4.55 313.0
2455624.77791 18.085 0.025 5.60 378.0
2455626.83676 18.161 0.031 6.27 344.0
2455628.77790 18.094 0.039 7.66 417.0
2455629.77337 18.052 0.032 7.85 326.0
2455631.83823 18.022 0.029 6.78 361.0
2455632.86739 18.060 0.021 4.69 292.0
2455633.76653 18.070 0.025 5.89 369.0
2455635.79896 18.143 0.031 6.77 469.0
2455637.77761 18.121 0.037 6.99 789.0
2455638.90791 18.062 0.022 5.17 400.0
2455639.77834 18.142 0.034 5.75 595.0
2455642.75726 18.120 0.031 5.40 721.0
2455647.76275 18.095 0.023 4.94 342.0
2455649.78672 18.136 0.020 4.30 261.0
2455654.78793 18.097 0.022 4.35 292.0
2455658.85094 18.115 0.020 4.25 263.0
2455662.90390 18.104 0.023 4.69 366.0
2455668.78409 18.059 0.031 5.89 554.0
2455675.79017 18.096 0.025 5.00 396.0
2455679.88853 18.115 0.021 4.02 333.0
2455682.91511 18.078 0.024 5.05 418.0
2455686.80524 18.149 0.019 3.42 359.0
2455692.65679 18.131 0.028 5.76 510.0
2455694.83111 18.079 0.022 4.39 400.0
2455697.68018 18.076 0.024 4.14 606.0
2455702.59037 18.038 0.036 6.27 940.0
2455702.76942 18.054 0.052 5.31 2645.0
2455706.86356 18.127 0.032 6.73 512.0
2455709.82168 18.079 0.019 4.30 356.0
2455715.85194 18.063 0.023 5.89 319.0
2455722.82271 18.094 0.024 4.71 465.0
2455725.79627 18.087 0.025 4.42 600.0
2455735.66961 18.133 0.030 7.02 286.0
2455737.78322 18.109 0.020 4.46 269.0
2455740.64020 18.062 0.026 6.43 262.0
2455742.66819 18.083 0.018 4.05 234.0
2455745.71791 18.152 0.023 4.68 314.0
2455749.50635 18.032 0.039 8.29 442.0
2455760.56546 18.058 0.031 6.48 494.0
2455765.53052 18.142 0.025 4.84 424.0
2455768.78474 18.085 0.025 4.94 446.0
2455777.66139 18.140 0.021 4.81 292.0
2455784.49002 18.038 0.049 4.71 2545.0
2455784.62120 18.207 0.039 4.69 1097.0
2455785.72833 18.080 0.041 7.44 778.0
2455790.57856 18.077 0.026 6.25 346.0
2455794.68099 18.031 0.024 5.71 357.0
2455803.51497 18.099 0.028 6.50 328.0
2455815.48335 18.101 0.029 5.38 530.0
2455819.52403 18.110 0.025 4.95 443.0
2455824.54742 18.064 0.023 4.79 345.0
2455829.52622 18.076 0.025 5.05 446.0
2455833.58271 18.047 0.028 6.49 395.0
2455841.51912 18.135 0.032 4.97 631.0
2455845.56076 18.033 0.035 6.11 776.0
2455854.51633 18.025 0.033 5.38 622.0
2455971.88522 18.084 0.024 4.82 570.0
2455984.87284 18.128 0.020 3.97 303.0
2455990.79654 18.016 0.023 6.13 333.0
2455995.77307 18.131 0.029 4.88 716.0
2455999.81172 18.074 0.025 4.48 556.0
2456002.77273 18.157 0.043 5.87 1020.0
2456002.89406 18.081 0.027 4.25 755.0
2456003.80745 17.987 0.029 7.27 393.0
2456007.78849 18.073 0.021 4.93 259.0
2456010.82352 18.049 0.019 4.36 331.0
2456013.90101 18.108 0.018 4.15 247.0
2456016.90457 18.083 0.017 3.85 293.0
2456019.88903 18.046 0.018 4.15 258.0
2456022.78174 18.117 0.022 4.45 409.0
2456025.70809 18.124 0.036 6.20 697.0
2456032.90947 18.144 0.020 4.08 330.0
2456037.73176 18.184 0.027 6.11 328.0
2456040.88786 18.075 0.021 4.49 373.0
2456048.74379 18.113 0.019 3.99 305.0
2456051.64649 18.076 0.027 5.31 576.0
2456057.69873 18.112 0.026 4.99 539.0
2456057.85804 18.125 0.021 3.76 498.0
2456058.66139 18.115 0.030 6.83 380.0
2456061.83101 18.113 0.022 4.17 377.0
2456064.82260 18.119 0.022 4.40 392.0
2456066.94202 18.120 0.025 3.31 1005.0
2456069.68234 18.093 0.019 4.17 309.0
2456071.65820 18.114 0.021 5.09 268.0
2456076.69413 18.095 0.018 3.84 320.0
2456078.83321 18.128 0.021 4.10 360.0
2456080.79340 18.148 0.026 4.96 453.0
2456086.58948 18.098 0.023 4.74 423.0
2456089.64640 18.098 0.020 4.63 345.0
2456093.82252 18.044 0.026 6.39 305.0
2456096.87448 18.077 0.032 6.53 492.0
2456099.84444 18.066 0.033 7.44 385.0
2456101.82791 18.113 0.027 5.13 530.0
2456103.72657 18.146 0.022 4.19 315.0
2456103.79450 18.106 0.021 4.87 327.0
2456103.82366 18.062 0.026 6.52 343.0
2456104.51068 18.057 0.022 4.34 479.0
2456104.64558 18.107 0.018 3.40 308.0
2456104.77963 18.066 0.020 5.09 270.0
2456105.68688 18.113 0.025 5.36 297.0
2456113.70200 18.102 0.028 4.61 673.0
2456115.67099 18.134 0.026 6.12 345.0
2456117.68552 18.141 0.023 4.76 341.0
2456119.61300 18.168 0.022 6.09 213.0
2456121.62593 18.124 0.018 5.15 211.0
2456124.70146 18.067 0.019 4.75 258.0
2456126.75574 18.081 0.022 5.34 283.0
2456132.55793 18.020 0.023 5.88 262.0
2456135.66399 18.076 0.029 6.81 326.0
2456140.66480 18.022 0.029 5.60 684.0
2456147.61163 18.064 0.027 7.48 225.0
2456151.59961 18.057 0.025 6.41 275.0
2456158.54363 18.131 0.021 4.87 312.0
2456161.61118 18.095 0.024 5.32 259.0
2456167.68739 18.044 0.051 4.67 3025.0
2456169.53496 18.111 0.027 5.18 490.0
2456175.64576 18.129 0.028 5.33 499.0
2456182.63295 18.177 0.031 6.33 377.0
2456191.49227 18.087 0.035 6.52 515.0
2456198.57073 18.102 0.037 6.38 586.0
2456210.51030 18.072 0.026 6.48 373.0
2456217.50435 18.160 0.024 4.36 374.0
2456347.86227 18.083 0.022 4.51 394.0
2456354.88151 18.122 0.022 4.58 420.0
2456362.90070 18.093 0.021 5.22 283.0
2456370.88057 18.102 0.019 4.60 283.0
2456375.80128 18.077 0.020 4.73 321.0
2456378.88696 18.068 0.018 3.13 511.0
2456382.77321 18.173 0.048 5.09 1759.0
2456388.75353 18.060 0.024 6.16 273.0
2456391.70642 17.993 0.027 7.10 319.0
2456395.82793 18.111 0.018 4.00 349.0
2456398.82265 18.096 0.018 4.37 252.0
2456401.86634 18.124 0.020 4.19 308.0
2456404.83614 18.131 0.020 4.68 268.0
2456408.81409 18.074 0.029 5.79 591.0
2456417.73300 18.084 0.022 4.84 354.0
2456419.84472 18.141 0.023 4.90 324.0
2456422.93768 18.145 0.046 5.73 1372.0
2456426.83183 18.126 0.018 3.97 300.0
2456431.88702 18.041 0.023 5.15 405.0
2456434.66097 18.118 0.026 5.88 420.0
2456436.70696 18.165 0.024 4.39 611.0
2456442.60261 18.073 0.019 4.28 411.0
2456445.66365 18.087 0.018 4.34 306.0
2456447.66499 18.102 0.020 4.42 286.0
2456449.60098 18.035 0.019 4.70 300.0
2456450.90944 18.139 0.025 4.75 522.0
2456454.53582 18.147 0.029 6.25 354.0
2456456.70037 18.084 0.017 3.84 330.0
2456458.84503 18.131 0.022 4.16 458.0
2456461.60203 18.129 0.021 4.54 350.0
2456463.74664 18.120 0.023 4.34 488.0
2456468.78244 18.085 0.025 4.87 581.0
2456473.74136 18.078 0.019 4.52 295.0
2456475.68946 18.165 0.021 4.70 291.0
2456477.65961 18.085 0.023 5.67 265.0
2456480.69661 18.084 0.021 5.83 228.0
2456485.48858 18.127 0.023 5.66 323.0
2456487.59272 18.095 0.017 4.11 248.0
2456490.70112 18.084 0.019 3.98 315.0
2456496.51906 18.033 0.028 5.24 698.0
2456498.71257 18.041 0.022 5.29 372.0
2456505.49373 18.076 0.023 5.59 330.0
2456508.65058 18.019 0.017 4.87 279.0
2456511.62039 18.074 0.021 5.61 268.0
2456518.52070 18.036 0.019 4.49 328.0
2456524.55822 18.001 0.021 4.33 547.0
2456531.66600 17.937 0.019 4.98 310.0
2456538.58855 17.788 0.020 6.53 278.0
2456545.63791 17.609 0.014 6.13 289.0
2456560.49161 15.639 0.004 5.82 382.0
2456567.54449 17.098 0.012 5.77 371.0
2456573.53648 17.588 0.017 5.08 473.0
