2455260.86123 15.538 0.004 3.83 659.0
2455260.90486 15.540 0.004 3.67 1196.0
2455261.79607 15.551 0.004 4.02 648.0
2455262.83451 15.551 0.007 5.80 2732.0
2455264.87221 15.542 0.005 4.81 1140.0
2455264.88951 15.536 0.004 4.54 1058.0
2455265.79513 15.546 0.004 4.49 427.0
2455266.78322 15.548 0.004 5.30 505.0
2455267.82505 15.543 0.004 4.13 416.0
2455268.79631 15.540 0.004 5.53 450.0
2455269.79114 15.544 0.004 4.24 438.0
2455270.83556 15.538 0.004 3.29 405.0
2455271.79063 15.538 0.004 4.35 467.0
2455272.79747 15.541 0.004 5.54 425.0
2455273.85207 15.552 0.004 4.08 395.0
2455274.80079 15.545 0.004 5.15 439.0
2455275.78652 15.546 0.004 4.16 549.0
2455275.91784 15.552 0.005 4.70 1773.0
2455276.82144 15.541 0.004 4.37 411.0
2455277.78761 15.543 0.004 5.26 425.0
2455277.91679 15.547 0.005 4.67 918.0
2455278.79762 15.539 0.004 5.09 439.0
2455279.79821 15.550 0.005 5.66 451.0
2455280.85044 15.543 0.004 3.67 447.0
2455281.78539 15.543 0.004 4.07 491.0
2455282.76586 15.538 0.004 4.03 639.0
2455282.91062 15.546 0.004 3.61 507.0
2455283.76703 15.541 0.005 5.47 659.0
2455284.76905 15.550 0.004 4.54 766.0
2455285.76471 15.553 0.005 5.24 884.0
2455285.89406 15.544 0.004 4.37 709.0
2455286.75588 15.543 0.004 4.18 835.0
2455287.82553 15.553 0.004 3.92 689.0
2455288.75892 15.547 0.004 4.25 802.0
2455292.82901 15.551 0.004 4.00 1084.0
2455293.83699 15.542 0.004 4.09 447.0
2455294.76193 15.543 0.004 4.08 393.0
2455295.76344 15.544 0.004 3.89 361.0
2455296.80702 15.548 0.004 3.34 370.0
2455297.83820 15.535 0.004 3.34 366.0
2455298.87738 15.539 0.004 3.77 392.0
2455299.86134 15.543 0.003 3.96 374.0
2455301.79007 15.546 0.004 3.93 404.0
2455304.75133 15.535 0.005 6.08 564.0
2455306.72308 15.548 0.004 4.38 434.0
2455307.75111 15.542 0.004 4.57 457.0
2455308.74122 15.546 0.004 4.88 451.0
2455309.81244 15.547 0.004 4.56 407.0
2455310.78053 15.546 0.004 5.63 446.0
2455311.88052 15.547 0.004 5.21 476.0
2455312.87520 15.545 0.004 4.33 584.0
2455313.90363 15.544 0.004 4.98 725.0
2455314.85172 15.550 0.004 4.76 851.0
2455315.77747 15.541 0.005 4.77 886.0
2455316.73028 15.542 0.005 4.86 928.0
2455319.87069 15.541 0.006 3.84 5369.0
2455320.77114 15.552 0.005 4.27 1876.0
2455321.71828 15.551 0.004 4.68 561.0
2455321.91245 15.548 0.004 4.16 614.0
2455322.88390 15.543 0.004 4.60 716.0
2455323.82947 15.547 0.004 4.69 559.0
2455324.76033 15.552 0.004 5.22 461.0
2455325.65488 15.547 0.004 3.94 503.0
2455325.87701 15.544 0.004 3.85 490.0
2455326.80163 15.547 0.004 3.94 421.0
2455327.74998 15.538 0.004 4.20 391.0
2455328.61365 15.544 0.004 3.76 567.0
2455328.87341 15.539 0.004 4.24 501.0
2455334.78102 15.544 0.004 3.61 419.0
2455335.77459 15.542 0.004 5.26 442.0
2455336.81003 15.546 0.004 4.65 506.0
2455337.86429 15.543 0.004 5.67 603.0
2455338.88303 15.537 0.005 6.28 632.0
2455339.89831 15.539 0.005 6.25 793.0
2455340.83973 15.552 0.005 5.79 654.0
2455341.73468 15.558 0.004 4.33 603.0
2455342.59957 15.549 0.005 5.99 925.0
2455342.79474 15.554 0.004 4.87 738.0
2455343.62887 15.534 0.005 6.12 1094.0
2455343.82177 15.539 0.004 4.54 939.0
2455348.76912 15.543 0.004 4.80 527.0
2455349.60566 15.547 0.005 7.23 595.0
2455350.65787 15.531 0.005 6.94 493.0
2455351.73512 15.548 0.004 4.83 531.0
2455352.75137 15.545 0.004 4.11 457.0
2455352.82074 15.548 0.004 4.79 541.0
2455353.71873 15.544 0.004 4.13 426.0
2455354.66419 15.541 0.004 5.07 422.0
2455355.60548 15.519 0.004 5.54 493.0
2455357.61563 15.547 0.004 5.87 518.0
2455358.75117 15.533 0.004 5.17 459.0
2455359.63711 15.542 0.004 5.16 483.0
2455359.87279 15.547 0.005 6.16 629.0
2455362.78331 15.539 0.004 4.61 499.0
2455364.75545 15.544 0.005 6.04 455.0
2455364.87612 15.536 0.004 5.64 451.0
2455365.84432 15.541 0.005 6.61 537.0
2455369.80097 15.540 0.004 5.05 1112.0
2455376.76607 15.545 0.004 5.14 667.0
2455377.68809 15.545 0.004 4.87 495.0
2455378.52739 15.537 0.004 4.74 472.0
2455378.82773 15.541 0.004 5.24 580.0
2455379.73459 15.557 0.004 4.70 451.0
2455380.81671 15.540 0.005 6.68 513.0
2455381.69176 15.544 0.004 6.28 441.0
2455382.55543 15.550 0.005 7.94 464.0
2455382.76218 15.555 0.005 7.35 486.0
2455385.51443 15.544 0.004 4.09 510.0
2455386.48864 15.537 0.004 4.15 745.0
2455386.57084 15.543 0.004 4.32 612.0
2455386.65450 15.544 0.004 4.81 535.0
2455386.78624 15.550 0.004 4.28 402.0
2455387.77108 15.548 0.004 5.61 374.0
2455388.68221 15.554 0.004 4.60 313.0
2455389.54916 15.545 0.004 7.99 366.0
2455390.55666 15.548 0.004 6.02 404.0
2455390.81366 15.545 0.004 6.17 342.0
2455391.79957 15.549 0.004 4.97 505.0
2455392.66927 15.546 0.004 4.96 373.0
2455393.70799 15.551 0.005 6.52 344.0
2455396.60403 15.543 0.004 5.52 473.0
2455397.66743 15.549 0.004 6.30 455.0
2455402.67733 15.540 0.005 5.39 903.0
2455403.63965 15.552 0.004 3.85 780.0
2455404.51111 15.545 0.004 4.47 622.0
2455404.70827 15.547 0.004 4.85 644.0
2455405.72393 15.544 0.004 4.64 540.0
2455407.57725 15.552 0.005 6.51 393.0
2455407.77094 15.540 0.005 6.28 541.0
2455408.70040 15.543 0.004 5.46 438.0
2455409.63337 15.547 0.004 4.67 324.0
2455410.63687 15.540 0.004 4.79 343.0
2455411.67354 15.541 0.004 3.80 349.0
2455412.63422 15.547 0.004 5.64 433.0
2455413.66493 15.546 0.003 3.81 305.0
2455414.71227 15.545 0.004 3.68 378.0
2455418.60247 15.546 0.003 4.65 326.0
2455421.62962 15.546 0.004 5.35 349.0
2455422.67529 15.549 0.004 5.17 331.0
2455425.53933 15.541 0.004 4.34 437.0
2455430.55008 15.550 0.004 5.02 667.0
2455431.54532 15.549 0.004 4.86 575.0
2455434.50970 15.543 0.005 6.36 517.0
2455435.48130 15.541 0.004 5.67 507.0
2455436.47925 15.543 0.005 6.39 510.0
2455438.51454 15.555 0.004 6.04 459.0
2455439.58272 15.539 0.004 5.94 441.0
2455443.59696 15.532 0.004 5.88 438.0
2455444.62226 15.549 0.005 6.66 454.0
2455446.50397 15.551 0.004 4.74 431.0
2455447.52046 15.541 0.004 5.09 408.0
2455448.61882 15.544 0.004 5.68 435.0
2455450.53287 15.550 0.004 6.00 430.0
2455451.66270 15.544 0.004 4.90 472.0
2455457.55828 15.547 0.004 4.36 539.0
2455458.58841 15.543 0.004 5.21 642.0
2455459.61955 15.553 0.004 5.72 694.0
2455461.50166 15.536 0.004 5.56 799.0
2455462.51651 15.541 0.004 5.17 584.0
2455465.52569 15.550 0.004 6.27 465.0
2455469.52038 15.546 0.004 3.79 440.0
2455471.56359 15.543 0.004 4.65 428.0
2455473.49133 15.537 0.005 6.54 506.0
2455477.54231 15.550 0.005 6.39 545.0
2455480.53583 15.541 0.004 5.28 540.0
2455485.52778 15.543 0.005 5.49 668.0
2455487.52113 15.553 0.004 4.89 628.0
2455489.51993 15.557 0.005 5.80 688.0
2455492.54053 15.548 0.006 7.23 1016.0
2455497.52539 15.544 0.004 5.82 643.0
2455597.85943 15.543 0.004 7.22 423.0
2455598.85162 15.553 0.004 6.25 474.0
2455599.85547 15.539 0.004 5.13 439.0
2455600.85194 15.548 0.004 6.32 457.0
2455607.88516 15.547 0.004 4.36 596.0
2455614.88186 15.543 0.004 5.03 540.0
2455620.86194 15.539 0.004 4.84 481.0
2455624.82266 15.534 0.004 5.20 425.0
2455625.78472 15.545 0.004 6.90 488.0
2455627.80950 15.539 0.004 5.59 399.0
2455629.78887 15.546 0.004 5.63 390.0
2455630.78142 15.538 0.004 5.90 430.0
2455632.77860 15.555 0.005 7.52 677.0
2455634.76305 15.553 0.004 5.88 445.0
2455635.83669 15.535 0.005 7.57 535.0
2455638.75678 15.538 0.005 6.60 882.0
2455639.79867 15.534 0.004 5.08 628.0
2455640.89494 15.551 0.004 5.09 565.0
2455643.75073 15.545 0.004 5.01 762.0
2455644.89511 15.544 0.004 5.43 813.0
2455648.75306 15.544 0.004 5.72 410.0
2455649.89117 15.555 0.003 4.64 342.0
2455651.82750 15.547 0.004 4.74 367.0
2455654.78577 15.541 0.004 4.87 381.0
2455655.89652 15.545 0.004 6.38 371.0
2455657.92596 15.541 0.004 3.83 1978.0
2455659.80803 15.543 0.004 5.13 370.0
2455660.92335 15.547 0.005 6.86 803.0
2455664.79240 15.544 0.004 6.31 400.0
2455665.91710 15.544 0.003 4.16 411.0
2455669.77884 15.544 0.004 4.45 679.0
2455675.73724 15.546 0.004 4.44 612.0
2455676.93059 15.545 0.004 4.68 811.0
2455679.88660 15.539 0.004 4.38 423.0
2455681.75569 15.544 0.004 4.91 378.0
2455683.70098 15.546 0.003 4.06 422.0
2455684.93484 15.538 0.005 5.32 1212.0
2455686.91969 15.533 0.004 5.13 451.0
2455690.61978 15.538 0.004 7.04 579.0
2455691.84297 15.537 0.003 4.72 441.0
2455693.65082 15.536 0.004 5.50 508.0
2455694.77001 15.539 0.004 4.36 505.0
2455695.90614 15.536 0.004 5.13 405.0
2455697.64344 15.547 0.004 4.61 743.0
2455698.73921 15.545 0.004 5.02 933.0
2455705.77069 15.544 0.004 5.67 442.0
2455707.70068 15.544 0.004 5.42 421.0
2455708.77325 15.539 0.004 5.52 397.0
2455712.78139 15.548 0.003 3.92 457.0
2455715.65877 15.550 0.004 4.93 386.0
2455716.82977 15.544 0.004 5.71 368.0
2455722.66162 15.542 0.003 4.79 418.0
2455722.67519 15.541 0.003 4.58 459.0
2455723.81799 15.546 0.003 4.77 397.0
2455725.71532 15.536 0.003 3.68 633.0
2455734.84732 15.542 0.005 6.89 525.0
2455736.66543 15.543 0.003 3.80 334.0
2455737.75522 15.543 0.003 4.28 346.0
2455739.57089 15.541 0.004 5.69 401.0
2455740.65145 15.539 0.004 6.35 359.0
2455741.72061 15.545 0.003 4.02 363.0
2455742.73381 15.545 0.003 4.08 368.0
2455743.84606 15.542 0.004 6.06 575.0
2455745.51679 15.535 0.004 6.34 439.0
2455746.70662 15.546 0.004 5.82 358.0
2455748.66010 15.536 0.003 4.88 419.0
2455752.58692 15.556 0.004 6.70 528.0
2455760.75313 15.541 0.004 4.53 548.0
2455762.52896 15.528 0.004 5.33 457.0
2455763.66577 15.540 0.004 5.51 424.0
2455764.75206 15.531 0.004 4.95 442.0
2455766.58913 15.542 0.004 5.16 352.0
2455767.74291 15.542 0.004 6.12 399.0
2455769.51464 15.541 0.004 5.20 425.0
2455776.53088 15.541 0.005 7.50 449.0
2455778.50779 15.543 0.005 6.91 523.0
2455785.54278 15.533 0.005 6.92 664.0
2455787.49413 15.538 0.004 4.93 621.0
2455788.71098 15.534 0.005 7.92 666.0
2455793.54438 15.543 0.004 5.27 395.0
2455795.54461 15.548 0.004 6.18 402.0
2455801.54915 15.554 0.004 6.14 375.0
2455804.61193 15.540 0.004 5.40 391.0
2455807.62600 15.532 0.004 6.45 433.0
2455813.66516 15.543 0.004 3.78 726.0
2455817.56704 15.537 0.004 5.58 567.0
2455819.64723 15.541 0.004 5.98 679.0
2455822.59065 15.535 0.004 5.88 374.0
2455827.58159 15.542 0.004 6.16 521.0
2455829.55020 15.543 0.003 4.63 480.0
2455831.56046 15.545 0.004 6.02 453.0
2455833.56884 15.553 0.004 5.23 434.0
2455836.56310 15.547 0.005 6.41 830.0
2455840.58982 15.527 0.004 5.17 661.0
2455842.55121 15.541 0.004 6.08 647.0
2455844.55842 15.547 0.005 6.81 707.0
2455847.54953 15.538 0.006 8.41 819.0
2455852.55219 15.542 0.004 6.04 665.0
2455857.53528 15.559 0.004 10.31 513.0
2455977.88497 15.548 0.003 4.65 466.0
2455983.82385 15.558 0.004 5.82 467.0
2455986.80896 15.557 0.004 5.95 491.0
2455989.80198 15.534 0.004 6.58 393.0
2455991.85564 15.551 0.003 4.60 378.0
2455994.79377 15.541 0.004 5.11 803.0
2455996.81738 15.544 0.003 4.39 546.0
2455998.82570 15.553 0.003 4.26 523.0
2456003.89170 15.545 0.004 5.52 513.0
2456005.87716 15.544 0.003 4.06 364.0
2456007.85447 15.548 0.003 4.86 355.0
2456009.77994 15.549 0.003 4.44 419.0
2456010.89504 15.543 0.003 3.55 367.0
2456012.83726 15.541 0.003 4.29 309.0
2456014.75949 15.546 0.003 4.85 381.0
2456015.84298 15.546 0.003 3.59 324.0
2456017.77106 15.545 0.003 4.18 363.0
2456018.86452 15.540 0.004 5.64 340.0
2456020.74464 15.536 0.004 5.44 408.0
2456021.80407 15.547 0.003 4.49 414.0
2456022.87565 15.540 0.003 4.32 433.0
2456025.70618 15.543 0.004 6.35 759.0
2456031.79762 15.542 0.003 5.01 419.0
2456033.74591 15.539 0.003 5.03 400.0
2456036.70286 15.544 0.003 4.95 358.0
2456038.74006 15.554 0.004 5.58 372.0
2456040.80762 15.538 0.004 5.06 412.0
2456047.73506 15.537 0.003 4.58 372.0
2456049.68395 15.538 0.003 4.46 506.0
2456050.86189 15.547 0.003 4.34 482.0
2456052.92444 15.540 0.003 4.03 667.0
2456061.78777 15.538 0.003 4.41 430.0
2456062.91528 15.539 0.004 4.75 676.0
2456064.92781 15.548 0.003 4.48 545.0
2456066.79499 15.545 0.003 5.02 439.0
2456067.85649 15.542 0.003 3.72 443.0
2456069.68057 15.554 0.003 4.60 387.0
2456070.74611 15.548 0.003 4.62 334.0
2456071.82388 15.544 0.003 4.71 383.0
2456076.57853 15.550 0.003 4.84 517.0
2456077.80118 15.541 0.003 4.62 383.0
2456078.87559 15.543 0.003 4.57 528.0
2456079.94832 15.545 0.005 5.53 1877.0
2456081.59446 15.549 0.004 4.94 823.0
2456082.66537 15.530 0.005 6.51 946.0
2456085.78865 15.551 0.004 4.97 588.0
2456086.79682 15.552 0.004 5.28 462.0
2456088.65350 15.553 0.003 4.47 334.0
2456092.83343 15.545 0.003 4.37 418.0
2456094.60712 15.533 0.004 6.81 449.0
2456096.72603 15.539 0.004 5.79 372.0
2456096.73882 15.543 0.004 6.17 378.0
2456097.90693 15.544 0.004 6.31 593.0
2456099.75470 15.531 0.004 6.83 435.0
2456101.52810 15.537 0.004 4.70 518.0
2456102.56783 15.539 0.004 5.30 547.0
2456103.58641 15.539 0.003 4.56 446.0
2456104.66976 15.547 0.003 3.87 355.0
2456105.72304 15.549 0.003 4.82 320.0
2456108.79650 15.548 0.004 4.55 569.0
2456109.68492 15.550 0.004 4.00 1158.0
2456113.75164 15.543 0.004 4.68 750.0
2456114.85349 15.558 0.005 5.89 836.0
2456116.57934 15.542 0.003 4.60 350.0
2456117.67024 15.546 0.003 4.10 404.0
2456118.72271 15.543 0.003 4.52 342.0
2456119.72938 15.550 0.003 4.96 355.0
2456121.49204 15.549 0.003 4.70 366.0
2456123.61548 15.553 0.004 5.78 349.0
2456124.73938 15.538 0.003 4.34 382.0
2456125.83093 15.542 0.004 6.81 454.0
2456127.75645 15.542 0.004 7.06 325.0
2456132.55650 15.548 0.004 5.83 356.0
2456134.55368 15.546 0.004 6.43 480.0
2456136.55487 15.554 0.005 7.37 501.0
2456141.49805 15.552 0.004 4.78 737.0
2456149.62085 15.543 0.003 6.05 349.0
2456152.50162 15.546 0.004 5.85 330.0
2456157.67917 15.540 0.004 6.13 358.0
2456159.55341 15.539 0.004 5.78 383.0
2456161.57229 15.545 0.004 6.15 345.0
2456174.64945 15.546 0.004 6.95 538.0
2456179.59098 15.548 0.004 6.68 461.0
2456191.50359 15.546 0.004 6.58 478.0
2456196.53581 15.547 0.004 6.01 643.0
2456199.53352 15.557 0.005 7.55 556.0
2456211.50933 15.550 0.003 4.55 443.0
2456213.56306 15.534 0.004 6.50 492.0
2456218.53870 15.541 0.004 5.97 558.0
2456219.57019 15.531 0.004 6.14 613.0
2456233.54067 15.527 0.005 7.52 603.0
2456238.52573 15.536 0.004 6.04 704.0
2456340.89064 15.547 0.003 4.30 427.0
2456347.83311 15.547 0.003 4.93 532.0
2456350.87531 15.547 0.003 4.85 500.0
2456354.78683 15.549 0.004 6.33 618.0
2456362.83343 15.537 0.003 4.17 391.0
2456367.88648 15.546 0.003 4.15 306.0
2456370.77121 15.537 0.003 4.85 357.0
2456371.90340 15.546 0.003 4.35 301.0
2456372.89612 15.548 0.003 5.08 329.0
2456374.86394 15.538 0.003 5.34 360.0
2456376.82161 15.551 0.003 4.32 463.0
2456378.76714 15.542 0.003 4.29 680.0
2456379.88632 15.540 0.003 3.85 567.0
2456381.85031 15.539 0.003 3.49 459.0
2456386.77549 15.549 0.003 5.02 379.0
2456387.87080 15.560 0.003 5.39 342.0
2456389.79537 15.536 0.003 5.20 362.0
2456390.86145 15.541 0.003 4.55 351.0
2456393.83551 15.548 0.003 5.77 393.0
2456395.83881 15.549 0.003 3.81 404.0
2456397.81126 15.540 0.003 4.01 345.0
2456399.72677 15.526 0.003 4.95 353.0
2456401.75953 15.545 0.003 4.35 342.0
2456403.68768 15.535 0.003 5.12 410.0
2456404.87379 15.529 0.003 4.24 378.0
2456407.80526 15.518 0.003 4.74 567.0
2456415.72683 15.476 0.003 5.90 394.0
2456416.92177 15.446 0.003 4.32 446.0
2456418.75279 15.425 0.003 4.72 357.0
2456419.91527 15.390 0.003 4.33 465.0
2456421.89483 15.322 0.003 5.75 418.0
2456423.89606 15.212 0.003 4.15 516.0
2456426.76620 14.948 0.003 4.37 383.0
2456428.89956 14.657 0.003 5.24 433.0
2456432.66836 14.344 0.003 5.76 436.0
2456433.77201 14.490 0.003 5.06 403.0
2456435.62075 14.766 0.003 6.05 617.0
2456436.69172 14.927 0.003 4.43 676.0
2456437.90861 15.061 0.003 4.45 1689.0
2456442.75675 15.355 0.003 4.17 419.0
2456444.88497 15.421 0.003 5.49 560.0
2456446.92022 15.454 0.003 4.84 540.0
2456447.94515 15.469 0.004 5.45 1082.0
2456449.58573 15.489 0.003 4.65 407.0
2456450.63555 15.499 0.003 4.26 388.0
2456451.69488 15.500 0.003 3.97 463.0
2456452.82407 15.513 0.003 3.84 365.0
2456454.86502 15.531 0.003 5.21 378.0
2456456.75088 15.535 0.003 3.91 356.0
2456458.60379 15.528 0.003 5.38 429.0
2456459.65408 15.528 0.003 4.67 396.0
2456461.54395 15.551 0.004 5.71 508.0
2456462.82101 15.526 0.004 5.42 454.0
2456463.86810 15.530 0.004 5.17 515.0
2456468.58998 15.536 0.004 5.38 696.0
2456469.75975 15.533 0.003 4.98 569.0
2456473.58091 15.549 0.003 5.00 363.0
2456474.65587 15.537 0.003 5.29 410.0
2456475.75005 15.538 0.003 4.95 437.0
2456476.80021 15.550 0.003 5.03 426.0
2456478.56162 15.549 0.004 5.95 416.0
2456480.61921 15.552 0.004 6.12 356.0
2456481.77422 15.547 0.004 5.66 400.0
2456485.62846 15.548 0.003 4.62 328.0
2456486.75879 15.548 0.003 4.65 397.0
2456490.64108 15.534 0.003 4.01 415.0
2456491.79089 15.540 0.004 6.49 513.0
2456496.54404 15.529 0.004 5.44 829.0
2456498.57575 15.554 0.003 3.40 481.0
2456500.66990 15.546 0.004 6.71 424.0
2456505.49225 15.563 0.004 5.91 430.0
2456507.64304 15.545 0.004 6.14 393.0
2456509.60079 15.546 0.003 3.16 355.0
2456511.48056 15.552 0.003 5.39 426.0
2456514.75479 15.540 0.004 5.97 465.0
2456518.60246 15.541 0.003 3.82 427.0
2456523.56969 15.547 0.003 3.76 593.0
2456525.59058 15.550 0.004 5.85 664.0
2456531.56820 15.535 0.003 5.36 382.0
2456534.52599 15.536 0.003 5.34 434.0
2456539.50373 15.536 0.003 4.92 396.0
2456544.54736 15.539 0.003 5.34 344.0
2456559.56891 15.545 0.003 5.65 447.0
2456563.56347 15.534 0.004 5.93 381.0
2456565.61818 15.540 0.004 6.38 445.0
2456569.58069 15.541 0.003 5.27 407.0
2456572.56774 15.538 0.004 5.85 464.0
2456576.51446 15.543 0.005 5.22 2134.0
2456576.58173 15.565 0.006 6.66 2215.0
2456581.52729 15.554 0.004 5.14 623.0
2456584.52862 15.539 0.004 5.64 917.0
