2455260.86123 19.348 0.072 5.46 652.0
2455260.90486 19.311 0.084 4.62 1236.0
2455261.79607 19.547 0.092 4.85 640.0
2455264.81908 19.259 0.089 5.47 969.0
2455264.87221 19.411 0.121 5.65 1116.0
2455264.88951 19.531 0.116 4.77 1172.0
2455265.79513 19.400 0.058 4.59 405.0
2455266.78322 19.471 0.092 6.38 486.0
2455267.82505 19.332 0.057 5.02 399.0
2455268.79631 19.399 0.084 6.59 430.0
2455269.79114 19.397 0.068 5.49 421.0
2455270.83556 19.311 0.055 4.27 396.0
2455271.79063 19.445 0.093 4.93 452.0
2455272.79747 19.764 0.131 6.18 403.0
2455273.85207 19.435 0.059 4.71 381.0
2455274.80079 19.501 0.086 5.73 421.0
2455275.78652 19.452 0.083 5.32 536.0
2455275.91784 19.354 0.133 5.36 1844.0
2455276.82144 19.453 0.067 5.07 394.0
2455277.78761 19.416 0.072 5.88 403.0
2455277.91679 19.468 0.111 5.28 945.0
2455278.79762 19.513 0.076 5.59 414.0
2455279.79821 19.629 0.125 7.86 431.0
2455280.85044 19.463 0.060 4.52 427.0
2455281.78539 19.410 0.073 5.54 479.0
2455282.76586 19.469 0.090 4.96 636.0
2455282.91062 19.566 0.075 4.67 490.0
2455283.76703 19.561 0.108 5.39 649.0
2455284.76905 19.322 0.077 4.73 770.0
2455285.76471 19.465 0.104 5.23 897.0
2455285.89406 19.526 0.081 4.28 701.0
2455286.75588 19.634 0.122 5.14 848.0
2455287.82553 19.491 0.073 3.65 674.0
2455288.75892 19.481 0.104 5.33 813.0
2455292.82901 19.461 0.095 4.54 1055.0
2455293.83699 19.500 0.075 4.85 425.0
2455294.76193 19.359 0.060 5.08 375.0
2455295.76344 19.336 0.052 4.61 339.0
2455296.80702 19.389 0.051 4.24 350.0
2455297.83820 19.429 0.054 4.52 346.0
2455298.87738 19.438 0.056 4.20 364.0
2455299.86134 19.213 0.048 5.10 381.0
2455301.79007 19.324 0.056 5.03 387.0
2455304.75133 19.284 0.070 5.41 546.0
2455306.72308 19.386 0.053 4.12 406.0
2455307.75111 19.529 0.074 5.09 444.0
2455308.74122 19.350 0.063 5.16 442.0
2455309.81244 19.354 0.053 4.22 370.0
2455310.78053 19.422 0.062 4.55 418.0
2455311.88052 19.345 0.062 4.82 440.0
2455312.87520 19.407 0.069 4.43 551.0
2455313.90363 19.318 0.082 5.29 709.0
2455314.85172 19.256 0.070 4.58 834.0
2455315.77747 19.542 0.116 5.44 894.0
2455316.73028 19.385 0.103 5.39 941.0
2455320.77114 19.337 0.108 4.77 1545.0
2455321.71828 19.234 0.059 4.61 543.0
2455321.91245 19.531 0.082 5.04 593.0
2455322.88390 19.395 0.083 5.20 714.0
2455323.82947 19.456 0.068 4.75 531.0
2455324.76033 19.396 0.066 4.90 439.0
2455325.65488 19.430 0.066 4.16 490.0
2455325.87701 19.357 0.068 4.60 461.0
2455326.80163 19.409 0.056 4.38 403.0
2455327.74998 19.489 0.067 4.25 361.0
2455328.61365 19.482 0.072 4.16 559.0
2455328.87341 19.450 0.072 4.71 472.0
2455334.78102 19.376 0.054 4.32 403.0
2455335.77459 19.449 0.077 5.81 416.0
2455336.81003 19.342 0.070 4.97 489.0
2455337.86429 19.722 0.125 5.98 579.0
2455338.88303 19.220 0.086 6.33 619.0
2455339.89831 19.449 0.121 6.67 783.0
2455340.83973 19.395 0.102 6.39 631.0
2455341.73468 19.471 0.073 4.49 586.0
2455342.59957 19.292 0.114 6.59 927.0
2455342.79474 19.311 0.081 5.34 728.0
2455343.82177 19.403 0.091 5.02 949.0
2455348.76912 19.537 0.085 5.10 501.0
2455349.60566 19.617 0.154 8.20 603.0
2455350.65787 19.273 0.096 7.56 463.0
2455351.73512 19.642 0.098 5.68 516.0
2455352.75137 19.360 0.064 4.96 429.0
2455352.82074 19.275 0.068 6.13 510.0
2455353.71873 19.461 0.065 4.90 408.0
2455354.66419 19.360 0.070 5.18 391.0
2455355.60548 19.491 0.081 5.36 462.0
2455357.61563 19.350 0.082 6.12 493.0
2455358.75117 19.453 0.079 5.48 437.0
2455359.63711 19.350 0.070 5.63 467.0
2455359.87279 19.373 0.102 6.92 609.0
2455362.78331 19.308 0.067 5.77 481.0
2455364.75545 19.471 0.092 6.74 431.0
2455364.87612 19.369 0.078 6.42 433.0
2455365.84432 19.288 0.093 6.86 515.0
2455369.80097 19.442 0.123 5.98 1123.0
2455376.76607 19.470 0.099 5.82 648.0
2455377.68809 19.401 0.072 5.04 469.0
2455378.52739 19.425 0.071 4.92 443.0
2455378.82773 19.291 0.065 5.36 545.0
2455379.73459 19.452 0.068 5.24 417.0
2455380.81671 19.403 0.100 7.51 478.0
2455381.69176 19.354 0.086 6.79 408.0
2455382.55543 19.445 0.119 8.31 428.0
2455382.76218 19.533 0.121 7.89 458.0
2455385.51443 19.367 0.060 4.38 486.0
2455386.48864 19.460 0.068 3.95 701.0
2455386.57084 19.362 0.057 4.47 556.0
2455386.65450 19.397 0.061 4.61 455.0
2455386.78624 19.485 0.065 5.40 361.0
2455387.77108 19.216 0.053 6.12 327.0
2455388.68221 19.420 0.057 5.07 262.0
2455389.54916 19.603 0.101 7.93 325.0
2455390.55666 19.411 0.077 6.20 371.0
2455390.81366 19.325 0.064 6.45 303.0
2455391.79957 19.321 0.073 5.93 462.0
2455392.66927 19.451 0.068 5.62 338.0
2455393.70799 19.498 0.089 7.04 296.0
2455396.60403 19.431 0.086 6.15 436.0
2455397.66743 19.200 0.074 6.74 414.0
2455402.67733 19.369 0.107 5.96 890.0
2455403.63965 19.402 0.076 4.31 777.0
2455404.51111 19.467 0.085 4.60 599.0
2455404.70827 19.500 0.099 5.06 622.0
2455405.72393 19.437 0.080 5.06 511.0
2455407.57725 19.486 0.093 6.46 346.0
2455407.77094 19.636 0.115 6.45 508.0
2455408.70040 19.320 0.072 6.04 402.0
2455409.63337 19.367 0.054 5.40 293.0
2455410.63687 19.489 0.071 5.87 308.0
2455411.67354 19.452 0.055 4.62 321.0
2455412.63422 19.385 0.112 6.30 402.0
2455413.66493 19.494 0.062 4.79 274.0
2455414.71227 19.473 0.063 4.09 346.0
2455418.60247 19.397 0.058 4.99 304.0
2455421.62962 19.586 0.078 6.00 315.0
2455422.67529 19.444 0.066 6.06 296.0
2455425.53933 19.495 0.063 4.36 402.0
2455430.55008 19.081 0.064 4.85 646.0
2455431.54532 19.443 0.078 5.05 551.0
2455434.50970 19.406 0.104 6.54 483.0
2455435.48130 19.673 0.114 5.86 476.0
2455436.47925 19.513 0.107 6.40 477.0
2455438.51454 19.482 0.093 6.30 420.0
2455439.58272 19.339 0.079 5.64 397.0
2455443.59696 19.450 0.083 6.43 403.0
2455444.62226 19.480 0.099 6.95 416.0
2455446.50397 19.524 0.076 4.97 395.0
2455447.52046 19.548 0.074 5.16 369.0
2455448.61882 19.366 0.073 5.91 411.0
2455450.53287 19.452 0.090 6.49 394.0
2455451.66270 19.569 0.090 5.19 448.0
2455457.55828 19.461 0.063 4.34 524.0
2455458.58841 19.421 0.089 5.62 619.0
2455459.61955 19.355 0.077 4.98 673.0
2455461.50166 19.575 0.113 5.11 804.0
2455462.51651 19.503 0.094 5.60 558.0
2455465.52569 19.390 0.087 6.46 430.0
2455469.52038 19.343 0.056 4.58 414.0
2455471.56359 19.338 0.063 4.94 398.0
2455473.49133 19.323 0.093 6.61 473.0
2455477.54231 19.717 0.126 6.02 510.0
2455480.53583 19.397 0.089 5.65 510.0
2455485.52778 19.616 0.172 5.94 641.0
2455487.52113 19.525 0.085 4.73 603.0
2455489.51993 19.378 0.107 6.24 664.0
2455492.54053 19.506 0.170 7.42 1010.0
2455497.52539 19.488 0.101 6.21 617.0
2455597.85943 19.271 0.077 6.80 391.0
2455598.85162 19.594 0.098 6.40 447.0
2455599.85547 19.590 0.096 6.18 415.0
2455600.85194 19.324 0.076 6.42 436.0
2455607.88516 19.361 0.077 6.04 592.0
2455614.88186 19.441 0.084 6.01 528.0
2455620.86194 19.373 0.070 5.37 453.0
2455624.82266 19.566 0.085 5.86 405.0
2455625.78472 19.346 0.102 8.13 469.0
2455627.80950 19.604 0.085 5.90 373.0
2455629.78887 19.488 0.093 6.63 368.0
2455630.78142 19.378 0.075 6.82 408.0
2455632.77860 19.418 0.120 8.22 644.0
2455634.76305 19.518 0.101 7.26 425.0
2455635.83669 19.422 0.117 8.54 505.0
2455638.75678 19.567 0.150 7.61 889.0
2455639.79867 19.491 0.096 5.61 627.0
2455640.89494 19.468 0.107 5.56 551.0
2455643.75073 19.665 0.129 5.98 768.0
2455644.89511 19.302 0.083 5.48 853.0
2455648.75306 19.612 0.096 6.64 393.0
2455649.89117 19.317 0.049 4.89 320.0
2455651.82750 19.611 0.080 5.94 343.0
2455654.78577 19.411 0.067 5.40 359.0
2455655.89652 19.490 0.091 6.44 348.0
2455657.92596 19.252 0.107 4.57 2064.0
2455659.80803 19.481 0.066 5.26 345.0
2455660.92335 19.899 0.205 7.13 799.0
2455664.79240 19.579 0.087 5.90 373.0
2455665.91710 19.392 0.059 4.91 388.0
2455669.77884 19.452 0.079 4.99 679.0
2455675.73724 19.512 0.082 4.80 586.0
2455676.93059 19.734 0.111 5.25 820.0
2455679.88660 19.536 0.071 4.71 399.0
2455681.75569 19.499 0.068 5.45 355.0
2455683.70098 19.452 0.061 4.93 410.0
2455684.93484 19.322 0.113 6.07 1234.0
2455686.91969 19.300 0.065 5.42 423.0
2455690.61978 19.542 0.107 7.18 566.0
2455691.84297 19.441 0.069 5.26 429.0
2455693.65082 19.401 0.073 5.72 494.0
2455694.77001 19.356 0.058 4.36 491.0
2455695.90614 19.458 0.066 5.59 380.0
2455697.64344 19.450 0.092 5.38 748.0
2455698.73921 19.483 0.101 4.88 937.0
2455705.77069 19.490 0.080 5.81 419.0
2455707.70068 19.441 0.079 5.84 396.0
2455708.77325 19.515 0.077 5.51 376.0
2455712.78139 19.328 0.056 4.60 439.0
2455715.65877 19.374 0.061 5.50 363.0
2455716.82977 19.428 0.073 6.31 336.0
2455722.66162 19.430 0.065 5.31 397.0
2455722.67519 19.338 0.100 4.65 445.0
2455723.81799 19.372 0.059 5.11 371.0
2455725.71532 19.308 0.056 3.98 626.0
2455734.84732 19.664 0.130 7.33 493.0
2455736.66543 19.348 0.045 4.29 309.0
2455737.75522 19.409 0.056 4.96 318.0
2455739.57089 19.672 0.095 6.00 376.0
2455740.65145 19.485 0.079 6.19 335.0
2455741.72061 19.412 0.058 4.72 333.0
2455742.73381 19.363 0.052 4.29 342.0
2455743.84606 19.622 0.116 6.37 542.0
2455745.51679 19.271 0.076 6.78 414.0
2455746.70662 19.740 0.097 6.35 326.0
2455748.66010 19.361 0.065 5.12 402.0
2455752.58692 19.560 0.116 7.13 507.0
2455760.75313 19.559 0.083 5.38 536.0
2455762.52896 19.406 0.080 5.77 430.0
2455763.66577 19.338 0.069 6.20 396.0
2455764.75206 19.474 0.070 5.57 414.0
2455766.58913 19.385 0.060 5.44 323.0
2455767.74291 19.494 0.085 6.48 369.0
2455769.51464 19.406 0.062 5.00 400.0
2455776.53088 19.390 0.107 7.89 417.0
2455778.50779 19.396 0.114 7.55 498.0
2455785.54278 19.363 0.120 7.30 653.0
2455787.49413 19.397 0.083 5.52 613.0
2455788.71098 19.215 0.117 7.95 649.0
2455793.54438 19.460 0.071 5.55 368.0
2455795.54461 19.219 0.074 7.02 374.0
2455801.54915 19.403 0.075 6.32 341.0
2455804.61193 19.386 0.069 5.77 360.0
2455807.62600 19.487 0.096 6.42 395.0
2455813.66516 19.226 0.065 5.29 720.0
2455817.56704 19.306 0.087 5.96 548.0
2455819.64723 19.425 0.093 5.98 663.0
2455822.59065 19.620 0.095 6.11 345.0
2455827.58159 19.335 0.086 6.04 503.0
2455829.55020 19.384 0.066 5.17 463.0
2455831.56046 19.463 0.080 6.27 431.0
2455833.56884 19.555 0.084 5.14 408.0
2455836.56310 19.710 0.148 5.64 841.0
2455840.58982 19.270 0.081 5.45 644.0
2455842.55121 19.318 0.098 6.30 629.0
2455844.55842 19.414 0.126 7.15 696.0
2455847.54953 19.615 0.201 8.64 811.0
2455852.55219 19.223 0.089 6.05 641.0
2455857.53528 19.195 0.104 8.99 516.0
2455977.88497 19.524 0.084 5.63 456.0
2455983.82385 19.363 0.084 7.09 453.0
2455986.80896 19.270 0.076 7.02 478.0
2455989.80198 19.304 0.079 7.93 370.0
2455991.85564 19.527 0.074 5.71 365.0
2455994.79377 19.339 0.089 5.56 817.0
2455996.81738 19.563 0.077 4.90 540.0
2455998.82570 19.321 0.058 4.56 511.0
2456003.89170 19.791 0.110 5.55 501.0
2456005.87716 19.477 0.055 4.20 343.0
2456007.85447 19.421 0.061 4.83 329.0
2456009.77994 19.288 0.057 5.67 404.0
2456010.89504 19.347 0.047 4.12 353.0
2456012.83726 19.416 0.058 5.28 284.0
2456014.75949 19.403 0.064 5.66 366.0
2456015.84298 19.400 0.044 3.89 306.0
2456017.77106 19.512 0.055 4.44 348.0
2456018.86452 19.537 0.076 5.95 320.0
2456020.74464 19.321 0.065 5.91 394.0
2456021.80407 19.289 0.054 4.89 404.0
2456022.87565 19.346 0.057 4.75 418.0
2456025.70618 19.335 0.109 6.84 765.0
2456031.79762 19.413 0.075 5.72 407.0
2456033.74591 19.418 0.068 6.13 384.0
2456036.70286 19.482 0.065 5.77 341.0
2456038.74006 19.445 0.074 6.32 356.0
2456040.80762 19.577 0.081 5.64 394.0
2456047.73506 19.448 0.066 5.99 357.0
2456049.68395 19.293 0.065 5.67 498.0
2456050.86189 19.483 0.071 4.93 466.0
2456052.92444 19.501 0.079 4.80 654.0
2456061.78777 19.504 0.069 4.98 418.0
2456062.91528 19.352 0.081 5.63 661.0
2456064.92781 19.571 0.079 4.98 532.0
2456066.79499 19.463 0.068 5.00 420.0
2456067.85649 19.330 0.056 4.56 427.0
2456069.68057 19.495 0.071 5.49 377.0
2456070.74611 19.334 0.052 5.02 314.0
2456071.82388 19.524 0.068 5.19 360.0
2456076.57853 19.574 0.089 5.65 510.0
2456077.80118 19.284 0.054 4.99 382.0
2456078.87559 19.761 0.097 4.78 509.0
2456079.94832 19.450 0.148 6.18 1928.0
2456081.59446 19.352 0.086 5.24 825.0
2456082.66537 19.233 0.115 6.68 962.0
2456085.78865 19.355 0.078 5.42 575.0
2456086.79682 19.327 0.071 5.77 446.0
2456088.65350 19.546 0.058 4.55 310.0
2456092.83343 19.595 0.072 5.27 404.0
2456094.60712 19.526 0.105 6.99 423.0
2456096.72603 19.464 0.076 6.32 353.0
2456096.73882 19.291 0.076 6.60 355.0
2456097.90693 19.594 0.118 6.53 560.0
2456099.75470 19.435 0.093 7.02 406.0
2456101.52810 19.562 0.087 5.61 487.0
2456102.56783 19.495 0.091 5.52 521.0
2456103.58641 19.492 0.064 4.23 423.0
2456104.66976 19.391 0.052 4.32 338.0
2456105.72304 19.281 0.050 5.13 299.0
2456108.79650 19.463 0.081 6.11 551.0
2456109.68492 19.679 0.111 3.74 1182.0
2456113.75164 19.811 0.127 5.27 751.0
2456116.57934 19.398 0.051 4.42 327.0
2456117.67024 19.318 0.051 4.14 383.0
2456118.72271 19.484 0.059 5.06 317.0
2456119.72938 19.452 0.064 5.34 329.0
2456121.49204 19.345 0.056 4.89 344.0
2456123.61548 19.295 0.060 6.12 325.0
2456124.73938 19.540 0.067 5.35 357.0
2456125.83093 19.276 0.088 7.67 432.0
2456127.75645 19.259 0.071 7.67 295.0
2456132.55650 19.549 0.077 5.45 333.0
2456134.55368 19.534 0.109 7.04 455.0
2456136.55487 19.333 0.107 7.75 476.0
2456141.49805 19.590 0.110 5.67 747.0
2456149.62085 19.088 0.060 6.73 335.0
2456152.50162 19.292 0.063 6.32 305.0
2456157.67917 19.591 0.092 6.78 329.0
2456159.55341 19.622 0.085 5.75 357.0
2456161.57229 19.272 0.065 5.91 313.0
2456174.64945 19.406 0.110 7.40 526.0
2456179.59098 19.560 0.118 7.39 441.0
2456191.50359 19.455 0.112 7.48 476.0
2456196.53581 19.369 0.104 6.55 630.0
2456199.53352 19.277 0.108 8.03 536.0
2456211.50933 19.597 0.111 5.48 423.0
2456213.56306 19.322 0.089 6.72 473.0
2456218.53870 19.193 0.115 6.36 541.0
2456219.57019 19.234 0.085 6.24 595.0
2456233.54067 19.278 0.101 7.33 575.0
2456238.52573 19.473 0.115 6.01 681.0
2456340.89064 19.529 0.067 5.15 416.0
2456347.83311 19.550 0.089 5.41 533.0
2456350.87531 19.359 0.074 5.54 505.0
2456362.83343 19.228 0.052 4.73 383.0
2456367.88648 19.397 0.047 4.17 296.0
2456370.77121 19.282 0.056 5.87 343.0
2456371.90340 19.562 0.058 4.70 287.0
2456372.89612 19.504 0.058 4.71 324.0
2456374.86394 19.538 0.067 5.34 354.0
2456376.82161 19.515 0.065 4.55 460.0
2456378.76714 19.390 0.073 5.68 696.0
2456379.88632 19.565 0.149 4.28 563.0
2456381.85031 19.512 0.060 3.87 461.0
2456386.77549 19.442 0.085 5.43 368.0
2456387.87080 19.357 0.061 5.69 327.0
2456389.79537 19.430 0.065 5.45 347.0
2456390.86145 19.412 0.058 5.03 338.0
2456393.83551 19.394 0.070 6.30 381.0
2456395.83881 19.444 0.053 4.29 400.0
2456397.81126 19.573 0.059 4.34 338.0
2456399.72677 19.409 0.061 5.22 342.0
2456401.75953 19.470 0.053 4.44 339.0
2456403.68768 19.397 0.063 5.33 399.0
2456404.87379 19.433 0.060 4.73 362.0
2456407.80526 19.488 0.078 5.01 569.0
2456415.72683 19.346 0.074 6.26 381.0
2456416.92177 19.423 0.068 5.59 445.0
2456418.75279 19.400 0.055 4.65 354.0
2456419.91527 19.234 0.055 4.77 458.0
2456421.89483 19.596 0.094 6.11 403.0
2456423.89606 19.182 0.054 4.91 504.0
2456426.76620 19.369 0.054 4.85 376.0
2456428.89956 19.596 0.084 5.81 415.0
2456433.77201 19.462 0.066 5.48 389.0
2456435.62075 19.429 0.096 6.63 615.0
2456436.69172 19.456 0.080 4.61 683.0
2456437.90861 19.429 0.122 4.82 1732.0
2456442.75675 19.373 0.054 4.58 407.0
2456444.88497 19.376 0.079 6.05 551.0
2456446.92022 19.288 0.058 5.09 522.0
2456447.94515 19.328 0.097 5.67 1089.0
2456449.58573 19.330 0.059 5.27 396.0
2456450.63555 19.543 0.060 4.44 383.0
2456451.69488 19.472 0.058 4.39 444.0
2456452.82407 19.403 0.049 4.50 348.0
2456454.86502 19.721 0.085 5.27 358.0
2456456.75088 19.451 0.049 4.16 345.0
2456458.60379 19.551 0.082 5.91 419.0
2456459.65408 19.375 0.057 4.80 379.0
2456461.54395 19.497 0.086 5.71 490.0
2456462.82101 19.362 0.073 5.87 433.0
2456463.86810 19.197 0.064 5.88 497.0
2456468.58998 19.426 0.085 5.37 701.0
2456469.75975 19.431 0.079 5.59 549.0
2456473.58091 19.370 0.061 5.82 349.0
2456474.65587 19.411 0.068 5.77 396.0
2456475.75005 19.287 0.060 5.18 416.0
2456476.80021 19.358 0.055 5.35 399.0
2456478.56162 19.395 0.107 6.51 404.0
2456480.61921 19.274 0.062 6.26 341.0
2456481.77422 19.391 0.072 6.30 376.0
2456485.62846 19.490 0.054 4.71 306.0
2456486.75879 19.542 0.065 5.01 381.0
2456490.64108 19.399 0.060 4.77 401.0
2456491.79089 19.460 0.087 6.27 492.0
2456496.54404 19.382 0.098 5.89 834.0
2456498.57575 19.433 0.051 3.71 479.0
2456500.66990 19.408 0.089 7.21 405.0
2456505.49225 19.674 0.096 6.49 416.0
2456507.64304 19.669 0.104 6.53 373.0
2456509.60079 19.346 0.041 3.67 345.0
2456511.48056 19.576 0.085 6.06 414.0
2456514.75479 19.648 0.102 6.65 435.0
2456518.60246 19.328 0.054 4.62 408.0
2456523.56969 19.371 0.061 4.14 594.0
2456525.59058 19.186 0.088 6.69 664.0
2456531.56820 19.323 0.060 5.70 360.0
2456534.52599 19.363 0.067 5.11 421.0
2456539.50373 19.163 0.055 5.65 383.0
2456544.54736 18.911 0.040 5.79 334.0
2456559.56891 17.644 0.019 5.85 439.0
2456563.56347 16.940 0.009 5.86 359.0
2456565.61818 17.381 0.013 6.79 421.0
2456569.58069 18.118 0.021 5.64 388.0
2456572.56774 18.450 0.036 6.55 452.0
2456576.51446 18.981 0.111 5.45 2322.0
2456576.58173 18.928 0.128 6.91 2406.0
2456581.52729 19.191 0.071 5.49 617.0
2456584.52862 19.213 0.098 6.06 925.0
