2456329.87740 20.130 0.186 6.04 660.0
2456330.88234 19.854 0.151 7.66 406.0
2456331.88590 20.723 0.538 7.96 916.0
2456334.87499 20.260 0.129 5.00 377.0
2456335.85484 20.278 0.142 5.25 392.0
2456337.85527 20.427 0.160 5.47 379.0
2456337.86638 20.136 0.168 6.90 412.0
2456337.88831 20.089 0.113 4.64 422.0
2456338.84491 20.431 0.181 5.71 402.0
2456338.87755 20.983 0.288 6.05 334.0
2456338.88849 20.604 0.193 5.00 439.0
2456339.87122 20.360 0.125 4.53 359.0
2456340.85104 20.520 0.157 5.00 374.0
2456340.88138 20.556 0.160 4.62 381.0
2456341.88791 20.761 0.251 6.08 351.0
2456341.88977 20.254 0.183 6.08 464.0
2456343.84332 20.416 0.217 7.47 390.0
2456343.88907 20.622 0.230 6.32 359.0
2456344.82289 20.190 0.099 5.21 257.0
2456344.84475 20.305 0.128 5.19 334.0
2456344.88520 20.603 0.167 4.74 366.0
2456344.89498 20.534 0.183 4.74 465.0
2456345.82702 20.477 0.131 4.96 258.0
2456345.86210 20.688 0.206 5.27 353.0
2456345.88993 20.399 0.143 5.16 327.0
2456347.82119 20.140 0.129 5.22 407.0
2456347.82538 20.233 0.155 5.19 503.0
2456347.86532 20.224 0.131 4.78 431.0
2456347.90231 20.380 0.167 4.85 514.0
2456348.81689 21.241 0.358 5.32 446.0
2456348.84818 20.613 0.182 4.66 483.0
2456348.88764 20.556 0.161 4.88 357.0
2456348.89258 20.165 0.129 4.85 472.0
2456349.82557 20.192 0.152 5.41 457.0
2456349.90314 20.028 0.211 5.35 1180.0
2456350.81685 20.846 0.273 6.02 410.0
2456350.84782 20.146 0.143 5.29 482.0
2456350.85915 20.165 0.124 5.01 375.0
2456350.89185 20.651 0.169 4.40 387.0
2456350.89661 20.466 0.187 4.63 592.0
2456351.81473 20.263 0.183 6.65 399.0
2456351.85104 20.564 0.213 5.40 453.0
2456351.86113 20.467 0.159 5.04 359.0
2456351.89449 20.076 0.110 4.75 382.0
2456351.90278 20.265 0.196 4.35 999.0
2456352.81386 20.299 0.156 5.47 409.0
2456352.82947 20.566 0.178 5.02 395.0
2456352.85074 20.215 0.132 4.81 473.0
2456352.86051 20.526 0.163 4.80 374.0
2456352.87497 20.235 0.112 4.54 359.0
2456352.88930 20.934 0.214 4.86 359.0
2456352.89396 20.558 0.173 4.68 470.0
2456352.90345 20.319 0.186 4.92 678.0
2456353.79461 20.276 0.143 5.31 399.0
2456353.81839 20.270 0.121 4.49 364.0
2456353.82580 20.585 0.200 5.15 451.0
2456353.83562 20.520 0.169 5.21 353.0
2456353.85041 20.071 0.118 5.46 350.0
2456353.87522 20.140 0.096 4.26 332.0
2456353.88261 20.344 0.143 5.07 418.0
2456353.89208 20.223 0.110 4.67 338.0
2456353.90616 20.412 0.186 5.21 572.0
2456354.77387 20.620 0.239 6.09 465.0
2456354.83678 20.353 0.131 4.83 377.0
2456354.85101 20.573 0.164 4.91 372.0
2456354.85577 20.184 0.127 4.85 465.0
2456354.86688 20.126 0.108 5.34 277.0
2456354.86868 20.582 0.135 5.01 224.0
2456354.88249 20.385 0.101 5.26 175.0
2456354.89643 20.025 0.069 4.85 188.0
2456354.90027 20.062 0.076 4.79 215.0
2456355.82006 20.356 0.124 4.62 324.0
2456355.90135 20.500 0.288 4.98 1202.0
2456355.90406 20.251 0.097 4.34 272.0
2456358.82389 20.027 0.098 4.81 385.0
2456358.85991 20.336 0.154 5.01 459.0
2456359.89559 20.677 0.221 5.92 359.0
2456360.78937 19.860 0.043 4.41 112.0
2456360.79035 20.975 0.100 3.98 94.0
2456360.79117 20.765 0.072 3.79 74.0
2456360.82040 20.568 0.149 4.36 357.0
2456360.86787 20.246 0.107 4.72 337.0
2456360.88966 20.097 0.048 5.64 71.0
2456361.80545 20.005 0.092 4.44 370.0
2456361.84330 20.226 0.124 4.88 380.0
2456361.88425 20.322 0.149 5.73 359.0
2456362.78601 20.182 0.067 5.46 99.0
2456362.81634 20.765 0.224 5.29 390.0
2456362.86736 20.221 0.121 5.01 348.0
2456362.87994 20.283 0.143 5.47 348.0
2456363.79571 20.277 0.150 5.62 382.0
2456363.83860 20.160 0.125 5.31 367.0
2456363.89540 20.440 0.143 5.19 359.0
2456367.85611 20.320 0.099 4.18 298.0
2456367.89450 20.445 0.127 4.99 319.0
2456368.79241 20.271 0.124 5.09 338.0
2456368.84568 20.676 0.212 5.69 346.0
2456368.88543 20.349 0.131 4.94 353.0
2456369.77219 20.798 0.237 5.67 366.0
2456369.81253 20.714 0.178 4.69 341.0
2456369.86440 20.209 0.108 4.75 328.0
2456369.91078 20.409 0.167 6.05 461.0
2456370.79321 20.410 0.125 4.49 337.0
2456370.84243 21.184 0.301 5.44 352.0
2456370.88522 20.187 0.112 5.00 354.0
2456371.76734 20.223 0.124 5.69 324.0
2456371.80675 20.105 0.110 5.42 317.0
2456371.85548 20.419 0.119 4.43 302.0
2456371.89777 20.312 0.109 4.68 304.0
2456372.76023 20.225 0.134 5.66 374.0
2456372.80902 20.414 0.137 5.04 340.0
2456372.84824 20.392 0.133 4.99 340.0
2456372.89130 20.505 0.147 5.50 336.0
2456373.76865 20.526 0.228 6.61 395.0
2456373.82283 20.415 0.140 5.00 362.0
2456373.86229 20.213 0.135 5.93 349.0
2456373.90188 20.266 0.143 6.08 375.0
2456374.76770 20.692 0.277 6.63 424.0
2456374.81722 20.646 0.185 5.36 345.0
2456374.85761 20.753 0.229 6.12 357.0
2456374.89844 20.335 0.140 5.94 365.0
2456375.76536 20.184 0.115 4.75 408.0
2456375.81422 20.425 0.137 4.77 378.0
2456375.83246 20.401 0.135 4.81 357.0
2456375.87241 20.080 0.099 6.03 327.0
2456375.91321 20.202 0.118 4.87 420.0
2456376.77616 20.212 0.124 4.58 459.0
2456376.82852 20.345 0.130 4.49 424.0
2456376.86769 20.159 0.110 4.93 391.0
2456376.91011 20.258 0.103 3.89 372.0
2456377.79070 20.401 0.114 3.70 438.0
2456377.84043 20.620 0.129 3.40 411.0
2456377.88125 20.209 0.084 3.26 390.0
2456378.74784 20.510 0.190 4.70 639.0
2456378.78698 20.315 0.121 3.75 546.0
2456378.83570 20.475 0.121 3.24 498.0
2456378.87703 20.159 0.091 3.21 482.0
2456378.91668 20.028 0.098 3.08 734.0
2456379.77162 20.070 0.119 4.48 602.0
2456379.82079 20.991 0.252 4.06 544.0
2456379.86030 20.290 0.143 4.53 517.0
2456379.90614 20.202 0.104 3.68 483.0
2456380.76129 20.484 0.142 3.91 500.0
2456380.79971 20.097 0.101 4.03 462.0
2456380.82267 20.385 0.134 4.30 447.0
2456380.86293 20.104 0.112 4.85 455.0
2456380.91003 20.512 0.143 4.17 484.0
2456381.76356 20.376 0.144 4.31 513.0
2456381.81804 20.354 0.119 3.97 454.0
2456381.85682 20.335 0.106 3.69 421.0
2456381.89673 20.442 0.129 4.26 430.0
2456382.76336 20.984 0.519 5.74 1208.0
2456382.80176 20.331 0.173 5.36 500.0
2456382.84093 20.088 0.128 4.99 534.0
2456382.88162 20.460 0.215 5.35 671.0
2456386.75647 19.987 0.127 6.42 381.0
2456386.80745 20.011 0.107 5.32 365.0
2456386.85345 20.714 0.187 5.06 358.0
2456386.90496 20.348 0.178 6.16 442.0
2456387.72725 20.305 0.165 6.31 358.0
2456387.76939 20.583 0.171 5.23 334.0
2456387.81372 19.967 0.098 5.11 350.0
2456387.85267 20.288 0.120 5.15 334.0
2456387.89446 21.008 0.300 6.13 365.0
2456388.72933 20.468 0.180 5.88 373.0
2456388.79181 20.199 0.109 4.85 325.0
2456388.83096 20.334 0.122 4.71 344.0
2456388.90444 20.248 0.119 5.44 383.0
2456389.71209 20.445 0.197 6.26 418.0
2456389.76863 20.274 0.130 5.38 357.0
2456389.80984 20.487 0.135 4.46 349.0
2456389.84831 20.483 0.166 5.26 371.0
2456389.88786 20.231 0.119 4.92 358.0
2456390.71262 20.727 0.226 5.57 408.0
2456390.75272 20.153 0.108 4.84 359.0
2456390.79453 20.334 0.118 4.31 359.0
2456390.83898 20.232 0.117 4.92 349.0
2456390.88388 20.351 0.132 5.21 347.0
2456390.92444 20.623 0.264 5.31 750.0
2456391.72905 19.981 0.161 7.50 387.0
2456391.78005 20.713 0.267 6.71 365.0
2456391.87285 20.634 0.245 7.26 403.0
2456393.70406 20.065 0.139 6.23 407.0
2456393.73970 20.417 0.173 5.42 396.0
2456393.79231 20.302 0.174 6.17 378.0
2456393.84504 20.401 0.148 5.73 379.0
2456393.88490 20.262 0.168 7.38 394.0
2456394.70433 20.231 0.207 7.55 482.0
2456394.74676 20.418 0.175 5.62 402.0
2456394.80812 20.434 0.168 5.69 372.0
2456394.84676 20.729 0.273 6.73 379.0
2456395.71176 20.224 0.166 6.22 422.0
2456395.76026 20.261 0.115 4.29 407.0
2456395.80989 20.180 0.104 4.47 398.0
2456395.84841 20.163 0.095 4.20 395.0
2456395.88968 20.230 0.094 3.70 392.0
2456396.69731 20.244 0.127 4.81 445.0
2456396.74433 20.307 0.110 4.18 365.0
2456396.78228 20.023 0.073 3.85 329.0
2456396.83418 20.144 0.087 4.23 342.0
2456396.87574 20.048 0.073 3.57 354.0
2456396.91683 20.014 0.089 4.12 386.0
2456397.71041 20.182 0.109 4.69 373.0
2456397.76111 20.133 0.092 4.25 350.0
2456397.80813 20.207 0.114 4.99 340.0
2456397.84792 20.243 0.101 4.19 344.0
2456397.88648 20.061 0.085 3.94 355.0
2456397.92530 19.990 0.112 4.16 581.0
2456398.71712 20.066 0.097 4.08 366.0
2456398.76801 20.012 0.091 4.14 338.0
2456398.81751 20.160 0.104 4.70 330.0
2456398.85718 19.986 0.094 4.85 339.0
2456398.89846 20.107 0.100 4.08 348.0
2456399.68474 19.974 0.144 6.72 390.0
2456399.72364 20.349 0.125 4.77 344.0
2456399.76177 20.198 0.120 5.06 350.0
2456399.81970 20.179 0.120 5.29 357.0
2456399.85803 19.973 0.108 5.65 361.0
2456400.68039 20.190 0.157 6.51 355.0
2456400.72905 20.254 0.123 5.01 352.0
2456400.79364 19.992 0.103 5.37 359.0
2456400.84952 20.009 0.099 4.98 342.0
2456400.89747 20.058 0.107 5.13 358.0
2456401.69520 20.298 0.194 6.72 402.0
2456401.74238 20.082 0.101 5.13 337.0
2456401.78397 19.856 0.078 4.82 332.0
2456401.83128 19.943 0.093 4.96 344.0
2456401.87299 20.046 0.086 4.02 358.0
2456401.91131 19.811 0.076 4.25 380.0
2456402.70459 19.841 0.106 5.81 410.0
2456402.74246 19.916 0.115 6.01 394.0
2456402.78962 19.860 0.096 5.62 359.0
2456402.83833 20.283 0.159 6.04 384.0
2456402.87837 19.795 0.094 5.53 393.0
2456402.91786 19.846 0.154 7.39 442.0
2456403.70800 19.563 0.066 4.98 368.0
2456403.74558 19.671 0.070 4.63 362.0
2456403.78488 19.630 0.061 4.34 356.0
2456403.83182 19.642 0.061 4.59 342.0
2456403.87173 19.702 0.070 4.78 363.0
2456403.92844 19.825 0.098 3.89 693.0
2456404.72765 19.358 0.060 4.89 392.0
2456404.76709 19.436 0.065 4.99 405.0
2456404.81632 19.344 0.054 4.91 379.0
2456404.85546 19.468 0.057 4.63 347.0
2456404.90430 19.302 0.056 4.78 390.0
2456405.81678 19.115 0.065 4.60 893.0
2456405.85929 19.186 0.044 4.43 372.0
2456405.90137 18.975 0.034 3.83 364.0
2456406.75587 18.822 0.061 4.39 1407.0
2456406.81916 19.133 0.084 4.59 1319.0
2456406.87442 18.771 0.050 4.08 1205.0
2456406.92119 18.917 0.033 3.88 397.0
2456407.69893 16.814 0.009 5.66 559.0
2456407.73672 16.655 0.009 6.31 529.0
2456407.77493 16.205 0.005 4.90 494.0
2456407.81439 16.397 0.006 5.09 505.0
2456407.86429 18.195 0.025 4.86 544.0
2456407.91249 18.771 0.042 4.64 588.0
2456408.72669 16.269 0.011 6.19 2103.0
2456408.76757 16.595 0.010 5.96 910.0
2456408.80743 16.269 0.006 5.75 561.0
2456409.78260 19.131 0.077 6.18 629.0
2456409.82640 19.201 0.082 6.00 659.0
2456409.88219 19.254 0.085 5.79 684.0
2456409.92032 19.222 0.069 4.95 663.0
2456415.70562 20.780 0.326 7.49 393.0
2456415.76065 20.256 0.167 6.37 377.0
2456415.80127 20.540 0.274 7.70 395.0
2456415.84467 20.401 0.206 6.84 366.0
2456415.90258 20.205 0.122 5.05 367.0
2456416.64290 19.890 0.121 6.16 436.0
2456416.68766 21.180 0.395 6.25 414.0
2456416.75091 20.325 0.139 5.30 384.0
2456416.78909 20.272 0.117 4.93 370.0
2456416.83941 20.238 0.115 4.78 377.0
2456416.90456 20.095 0.098 4.40 378.0
2456417.67585 20.990 0.370 6.56 440.0
2456417.71333 20.154 0.160 6.50 413.0
2456417.75154 20.207 0.138 5.66 400.0
2456417.79841 20.511 0.153 4.72 403.0
2456417.83922 20.089 0.119 4.84 437.0
2456417.88719 20.392 0.149 4.39 455.0
2456417.92660 20.184 0.120 4.38 443.0
2456418.64961 20.406 0.192 5.62 479.0
2456418.68722 20.244 0.140 4.97 424.0
2456418.72470 19.969 0.103 4.79 393.0
2456418.76222 20.012 0.095 4.79 360.0
2456418.80023 20.344 0.129 4.71 356.0
2456418.85134 20.349 0.108 3.84 358.0
2456418.89875 20.109 0.092 3.86 392.0
2456418.93714 20.035 0.135 3.64 1028.0
2456419.69828 19.998 0.100 4.96 364.0
2456419.73640 20.037 0.109 5.50 348.0
2456419.77508 20.606 0.222 5.99 382.0
2456419.82570 20.216 0.119 4.71 385.0
2456419.86499 20.145 0.134 5.33 413.0
2456419.91218 20.131 0.115 4.31 430.0
2456420.64039 20.529 0.150 4.60 365.0
2456420.67822 19.921 0.082 4.67 340.0
2456420.71610 20.491 0.147 5.29 326.0
2456420.75189 20.203 0.099 4.31 320.0
2456420.81029 20.301 0.083 3.24 308.0
2456420.85019 20.097 0.079 3.52 327.0
2456420.89881 20.054 0.080 3.55 341.0
2456420.93807 20.342 0.211 3.92 1180.0
2456421.81956 20.197 0.126 5.40 362.0
2456421.87914 20.351 0.160 5.56 392.0
2456421.93211 20.256 0.177 5.88 464.0
2456422.72407 20.808 0.209 5.16 354.0
2456422.76180 20.463 0.139 4.62 359.0
2456422.83435 20.560 0.282 7.26 430.0
2456422.93268 20.288 0.253 6.64 621.0
2456423.68152 20.472 0.173 5.07 440.0
2456423.73884 20.044 0.149 5.94 481.0
2456423.80084 20.643 0.180 4.67 448.0
2456423.84143 20.265 0.141 5.01 430.0
2456423.88006 20.072 0.117 4.65 460.0
2456423.91842 19.952 0.104 4.46 498.0
2456424.64102 20.534 0.193 5.31 479.0
2456424.68156 20.557 0.166 4.56 454.0
2456424.73142 20.126 0.113 4.82 417.0
2456424.79040 19.972 0.076 3.89 396.0
2456424.83484 20.091 0.100 4.02 431.0
2456424.87636 20.629 0.166 4.16 427.0
2456424.93223 20.153 0.120 4.56 515.0
2456426.63931 21.091 0.314 5.97 357.0
2456426.67999 20.455 0.170 5.99 329.0
2456426.77519 20.412 0.139 4.85 383.0
2456426.83850 20.230 0.114 4.64 379.0
2456426.87960 20.295 0.136 4.90 394.0
2456426.92035 20.512 0.158 4.54 418.0
2456427.88947 20.337 0.147 4.05 585.0
2456428.63081 20.469 0.210 6.49 415.0
2456428.67408 20.535 0.212 6.35 380.0
2456428.72151 20.105 0.119 5.42 380.0
2456428.77259 20.474 0.163 5.31 399.0
2456428.82620 20.617 0.231 6.00 424.0
2456428.86917 20.200 0.124 4.84 410.0
2456428.90967 20.358 0.169 5.42 420.0
2456429.62307 20.217 0.157 5.89 431.0
2456431.61242 20.659 0.340 7.63 534.0
2456431.66993 20.987 0.349 6.80 405.0
2456431.71962 20.900 0.288 6.23 410.0
2456431.77079 20.140 0.126 5.65 385.0
2456431.81424 20.419 0.159 5.33 390.0
2456431.85460 20.168 0.133 5.30 426.0
2456431.89520 20.261 0.140 4.97 444.0
2456431.93632 20.444 0.230 6.21 523.0
2456432.65123 20.361 0.185 6.27 427.0
2456432.69467 20.562 0.202 5.64 418.0
2456432.74485 20.756 0.260 5.92 442.0
2456432.79529 20.317 0.161 5.98 393.0
2456432.83590 20.256 0.149 5.52 390.0
2456432.87640 20.375 0.176 5.41 420.0
2456432.91695 20.092 0.103 4.28 423.0
2456433.60197 20.827 0.378 7.71 476.0
2456433.64053 20.731 0.254 6.29 418.0
2456433.68135 20.514 0.228 6.88 401.0
2456433.73099 20.395 0.225 6.47 475.0
2456433.78238 20.501 0.200 5.66 455.0
2456433.83397 20.313 0.153 5.10 443.0
2456434.60185 19.873 0.191 8.07 571.0
2456434.64062 20.324 0.229 7.22 513.0
2456434.68103 20.178 0.157 6.10 474.0
2456434.73211 20.249 0.153 5.52 452.0
2456434.78298 20.307 0.127 4.37 469.0
2456434.82524 20.178 0.143 4.93 534.0
2456434.86542 20.100 0.105 4.27 449.0
2456434.91438 20.317 0.151 4.69 506.0
2456435.62917 20.405 0.194 5.51 534.0
2456435.67121 20.721 0.233 5.15 509.0
2456435.71344 20.403 0.170 4.90 523.0
2456435.77328 20.174 0.106 3.79 501.0
2456435.81569 20.397 0.146 4.04 551.0
2456435.85913 20.280 0.139 4.06 572.0
2456435.90238 20.457 0.151 3.84 551.0
2456435.94251 20.065 0.163 4.87 839.0
2456436.61524 20.798 0.311 5.47 695.0
2456436.65811 20.380 0.188 5.32 585.0
2456436.70015 20.211 0.144 4.91 573.0
2456436.75241 20.389 0.165 4.61 620.0
2456436.80621 20.241 0.139 4.01 662.0
2456436.84760 20.261 0.141 3.77 692.0
2456436.88939 20.194 0.141 3.93 769.0
2456436.93135 20.351 0.176 4.08 843.0
2456437.72181 19.935 0.235 6.53 1154.0
2456437.74711 20.196 0.197 4.46 1109.0
2456437.78972 20.133 0.342 4.91 3084.0
2456437.82599 20.978 0.427 4.16 1302.0
2456437.86178 20.173 0.203 4.18 1263.0
2456437.90372 19.752 0.149 4.36 1381.0
2456437.94423 20.398 0.346 4.77 1913.0
2456441.63630 20.607 0.425 7.77 739.0
2456441.65436 22.525 2.405 7.39 831.0
2456441.69283 20.373 0.273 6.91 656.0
2456441.76314 20.395 0.198 5.56 564.0
2456441.81658 20.274 0.196 6.00 577.0
2456441.85906 19.756 0.142 5.61 871.0
2456441.90150 20.524 0.281 5.62 829.0
2456441.94620 20.694 0.460 6.47 1119.0
2456442.59746 20.695 0.232 5.62 459.0
2456442.63765 20.308 0.143 5.10 468.0
2456442.67769 20.322 0.140 4.96 436.0
2456442.72734 20.252 0.122 4.73 423.0
2456442.78146 20.255 0.119 4.75 393.0
2456442.82207 20.706 0.165 4.05 401.0
2456442.86178 20.224 0.106 3.95 405.0
2456442.90163 20.382 0.162 4.82 482.0
2456442.94172 21.076 0.440 5.11 837.0
2456443.61090 20.678 0.318 6.79 563.0
2456443.65985 20.070 0.196 8.11 531.0
2456443.73314 21.018 0.466 5.71 920.0
2456443.79827 20.027 0.175 5.13 893.0
2456444.65131 20.062 0.244 8.08 668.0
2456444.73423 20.235 0.166 6.41 416.0
2456444.80056 20.526 0.170 4.89 414.0
2456444.84164 20.220 0.133 4.80 455.0
2456444.88167 19.958 0.119 5.34 463.0
2456444.93248 20.560 0.203 4.97 540.0
2456445.61230 20.479 0.213 6.52 414.0
2456445.65688 20.354 0.153 5.55 393.0
2456445.71394 20.267 0.139 5.42 411.0
2456445.76131 20.191 0.121 4.76 410.0
2456445.81830 20.062 0.113 4.69 436.0
2456445.86357 20.019 0.122 5.18 447.0
2456445.91117 19.991 0.160 6.70 483.0
2456446.55742 20.133 0.119 5.06 403.0
2456446.60198 20.262 0.125 4.97 375.0
2456446.64435 20.499 0.150 4.80 375.0
2456446.69398 20.437 0.127 4.74 356.0
2456446.74934 20.144 0.103 4.83 361.0
2456446.79200 19.978 0.078 3.86 377.0
2456446.83412 20.135 0.090 3.60 400.0
2456446.90020 20.398 0.145 4.49 453.0
2456446.94074 20.345 0.159 5.04 590.0
2456447.57924 20.316 0.163 5.33 412.0
2456447.61830 20.568 0.187 5.68 371.0
2456447.65827 20.736 0.213 5.44 375.0
2456447.70852 20.248 0.122 4.78 361.0
2456447.76369 20.316 0.126 4.26 372.0
2456447.80552 20.541 0.158 4.24 397.0
2456447.84559 20.321 0.131 4.11 415.0
2456447.88612 20.308 0.124 3.95 424.0
2456447.92676 20.357 0.139 4.52 444.0
2456448.56488 20.177 0.161 6.09 469.0
2456448.60829 20.337 0.165 5.36 407.0
2456448.64864 20.250 0.146 5.59 374.0
2456448.68978 20.037 0.122 5.80 382.0
2456448.75000 20.275 0.122 4.54 365.0
2456448.79267 20.097 0.097 4.08 367.0
2456448.83456 20.017 0.093 4.35 391.0
2456448.87519 20.075 0.129 5.21 450.0
2456448.91745 19.707 0.115 6.17 500.0
2456449.56336 20.118 0.139 5.72 426.0
2456449.60831 20.530 0.168 5.18 372.0
2456449.65159 20.265 0.150 5.92 366.0
2456449.69185 20.422 0.150 5.05 405.0
2456449.74332 20.364 0.157 5.19 402.0
2456449.79396 20.440 0.154 4.70 383.0
2456449.83527 20.333 0.145 4.70 400.0
2456449.87578 20.241 0.156 5.27 448.0
2456449.91870 20.402 0.251 6.54 560.0
2456450.55028 20.395 0.205 6.05 491.0
2456450.60153 20.591 0.197 5.08 425.0
2456450.64417 20.323 0.136 4.95 377.0
2456450.69395 20.476 0.125 3.95 387.0
2456450.74392 20.515 0.115 3.42 368.0
2456450.78532 20.341 0.122 3.87 433.0
2456450.82635 20.291 0.111 3.69 426.0
2456450.87202 20.103 0.110 4.19 463.0
2456450.91584 20.101 0.124 4.45 503.0
2456451.56158 20.172 0.224 7.18 504.0
2456451.60702 20.290 0.152 5.29 430.0
2456451.64746 20.576 0.206 5.32 465.0
2456451.68995 20.480 0.153 4.68 435.0
2456451.75138 20.546 0.171 4.82 399.0
2456451.79215 20.380 0.147 4.81 393.0
2456451.83290 20.410 0.150 4.93 395.0
2456451.87359 20.241 0.138 5.20 417.0
2456451.91601 20.240 0.171 6.16 457.0
2456452.56382 20.300 0.137 5.08 376.0
2456452.61137 20.565 0.156 5.05 346.0
2456452.65217 20.324 0.119 4.75 334.0
2456452.70508 20.346 0.111 4.68 309.0
2456452.79894 20.167 0.087 3.80 332.0
2456452.84657 20.328 0.114 4.07 372.0
2456452.88783 20.266 0.113 4.25 389.0
2456454.54103 20.436 0.235 6.89 414.0
2456454.57821 20.449 0.184 6.05 343.0
2456454.62114 20.305 0.135 5.05 349.0
2456454.66162 20.973 0.264 5.50 357.0
2456454.71239 20.607 0.144 4.24 338.0
2456454.76483 20.348 0.128 4.49 355.0
2456454.80598 20.519 0.177 5.36 373.0
2456454.84647 21.114 0.350 5.96 372.0
2456454.88750 20.450 0.155 4.86 374.0
2456455.53701 20.628 0.257 6.53 393.0
2456455.57833 20.541 0.178 5.10 347.0
2456455.68410 20.142 0.153 6.22 432.0
2456455.75268 19.735 0.103 5.48 443.0
2456456.54632 20.471 0.141 4.81 353.0
2456456.58724 20.166 0.083 3.98 317.0
2456456.62838 20.109 0.086 4.32 324.0
2456456.67919 20.298 0.093 3.86 364.0
2456456.73205 20.712 0.147 4.26 332.0
2456456.77352 20.238 0.099 3.79 365.0
2456456.81418 20.290 0.124 4.43 377.0
2456456.89011 20.258 0.116 4.32 385.0
2456457.69757 20.149 0.094 4.38 352.0
2456457.76042 20.263 0.098 3.97 337.0
2456457.80156 20.246 0.105 4.17 359.0
2456457.84295 20.027 0.098 4.29 428.0
2456457.88345 20.267 0.136 4.80 461.0
2456458.54102 20.641 0.253 6.19 456.0
2456458.58492 20.716 0.265 6.42 420.0
2456458.62661 20.079 0.135 5.72 400.0
2456458.66722 20.525 0.173 5.34 400.0
2456458.71823 20.438 0.200 6.29 403.0
2456458.76993 20.104 0.103 4.38 401.0
2456458.81101 20.265 0.109 3.89 420.0
2456458.85182 20.068 0.109 4.19 471.0
2456458.89637 20.379 0.182 5.36 552.0
2456459.53887 20.557 0.225 5.43 569.0
2456459.57830 20.271 0.149 5.28 462.0
2456459.62118 20.337 0.142 4.96 407.0
2456459.66323 20.265 0.122 4.53 378.0
2456459.72813 20.464 0.120 3.93 347.0
2456459.77000 20.399 0.129 4.05 383.0
2456459.81098 20.007 0.090 3.55 434.0
2456459.85208 20.059 0.096 4.10 423.0
2456459.89279 19.968 0.116 5.31 471.0
2456460.59098 20.051 0.117 4.87 436.0
2456460.64179 20.496 0.178 5.28 426.0
2456460.71584 20.506 0.171 4.82 446.0
2456460.79026 20.278 0.170 5.19 557.0
2456460.88651 20.024 0.108 3.81 625.0
2456461.56705 20.300 0.157 5.13 468.0
2456461.60877 20.660 0.214 5.35 422.0
2456461.65032 20.488 0.194 5.54 477.0
2456461.69920 21.744 0.742 6.63 478.0
2456461.76535 20.347 0.144 4.87 413.0
2456461.82054 20.341 0.126 4.22 409.0
2456461.86993 20.110 0.107 3.88 484.0
2456462.58816 21.765 0.982 4.99 1257.0
2456462.63872 20.095 0.131 4.86 557.0
2456462.68965 20.684 0.212 5.26 449.0
2456462.81779 20.241 0.142 5.00 429.0
2456462.85869 20.451 0.191 5.32 462.0
2456462.89891 21.615 0.744 6.72 525.0
2456463.55217 20.844 0.291 5.19 553.0
2456463.59173 20.328 0.190 5.78 515.0
2456463.63265 20.254 0.169 5.64 502.0
2456463.68425 20.243 0.136 4.85 471.0
2456463.74160 20.159 0.134 4.80 505.0
2456463.78278 20.564 0.192 4.67 511.0
2456463.82427 20.405 0.165 4.51 540.0
2456463.86485 20.063 0.137 5.45 477.0
2456464.56065 20.228 0.223 6.50 672.0
2456464.60048 20.115 0.157 5.14 618.0
2456464.64094 20.749 0.287 5.45 575.0
2456464.68352 20.752 0.272 5.89 546.0
2456464.74006 20.682 0.248 5.06 571.0
2456464.79157 20.062 0.139 4.61 632.0
2456464.83306 20.606 0.207 3.92 680.0
2456464.87585 20.145 0.150 4.43 744.0
2456468.55752 20.122 0.162 5.25 677.0
2456468.59852 20.538 0.257 6.18 634.0
2456468.63948 20.585 0.285 5.84 756.0
2456468.70867 20.846 0.313 6.18 562.0
2456468.75263 20.772 0.282 5.79 606.0
2456468.81243 20.279 0.175 4.55 750.0
2456469.54029 20.401 0.201 6.18 481.0
2456469.58074 20.141 0.170 6.31 511.0
2456469.62083 20.796 0.256 5.47 481.0
2456469.68427 20.326 0.153 4.98 497.0
2456469.72789 20.161 0.143 5.46 475.0
2456469.76820 20.154 0.123 4.49 495.0
2456469.84109 20.492 0.371 5.92 1258.0
2456471.57650 20.520 0.269 7.68 368.0
2456471.63542 21.149 0.376 6.05 410.0
2456471.76470 19.751 0.181 7.08 763.0
2456471.83698 102.699 9.999 6.65 832.0
2456472.60271 20.140 0.161 7.02 396.0
2456472.64223 20.675 0.252 6.55 372.0
2456472.69483 20.113 0.120 5.57 363.0
2456472.74661 20.158 0.121 5.05 376.0
2456472.78723 19.800 0.109 5.93 420.0
2456472.82783 20.743 0.310 6.62 474.0
2456473.53654 20.718 0.271 6.66 414.0
2456473.57772 20.515 0.198 6.17 371.0
2456473.61982 20.442 0.131 4.63 341.0
2456473.66084 20.667 0.168 5.15 337.0
2456473.72292 20.193 0.113 4.67 369.0
2456473.76360 20.084 0.101 4.50 390.0
2456473.80446 20.042 0.112 5.07 411.0
2456473.84486 20.185 0.149 5.73 427.0
2456473.88017 19.749 0.130 6.67 520.0
2456474.56678 21.135 0.357 5.98 420.0
2456474.61212 20.876 0.304 6.24 430.0
2456474.65249 20.496 0.209 6.35 405.0
2456474.69662 20.605 0.210 5.75 414.0
2456474.75752 20.449 0.254 6.95 464.0
2456474.79778 19.985 0.133 5.78 492.0
2456474.83798 19.991 0.151 6.00 567.0
2456474.87710 20.512 0.309 6.80 737.0
2456475.51547 20.237 0.159 6.01 439.0
2456475.55862 20.986 0.332 6.01 435.0
2456475.60760 20.496 0.179 5.64 390.0
2456475.66910 20.485 0.140 4.70 356.0
2456475.71990 20.178 0.132 4.86 406.0
2456475.76029 20.190 0.133 4.86 418.0
2456475.80237 20.075 0.116 4.67 448.0
2456475.84269 20.253 0.190 6.53 519.0
2456476.48589 20.259 0.217 6.32 574.0
2456476.52715 20.240 0.195 6.32 470.0
2456476.56787 20.217 0.172 6.32 422.0
2456476.60890 20.154 0.170 7.35 434.0
2456476.67373 20.303 0.152 5.20 418.0
2456476.71585 20.281 0.137 4.56 419.0
2456476.75645 20.182 0.112 4.22 405.0
2456476.79703 20.036 0.100 4.89 409.0
2456476.83782 20.246 0.192 7.17 448.0
2456477.52053 20.633 0.211 5.68 388.0
2456477.56139 20.572 0.193 5.75 366.0
2456477.60225 20.837 0.254 5.82 366.0
2456477.65418 20.406 0.167 5.91 367.0
2456477.70892 20.390 0.163 5.38 400.0
2456477.74959 20.457 0.175 5.17 427.0
2456477.79021 19.882 0.127 6.00 488.0
2456478.51517 20.713 0.261 6.06 458.0
2456478.55844 20.288 0.190 6.85 413.0
2456478.59852 20.717 0.210 5.36 390.0
2456478.65187 20.369 0.202 6.68 412.0
2456478.80281 20.562 0.322 7.70 505.0
2456479.59369 20.360 0.151 5.60 352.0
2456479.63530 20.213 0.123 5.30 331.0
2456479.68925 19.943 0.126 7.43 348.0
2456479.74757 20.223 0.169 7.83 322.0
2456479.81727 20.701 0.279 6.96 399.0
2456480.56008 22.175 0.926 6.20 394.0
2456480.60068 20.647 0.225 6.31 366.0
2456480.65159 20.466 0.165 5.86 358.0
2456480.70354 20.013 0.136 6.94 336.0
2456480.74398 20.479 0.213 6.82 357.0
2456480.78441 21.115 0.353 6.42 334.0
2456480.82617 20.271 0.195 7.44 372.0
2456481.49749 20.021 0.163 6.91 484.0
2456481.53880 20.190 0.156 6.31 397.0
2456481.58238 20.201 0.137 5.87 374.0
2456481.64021 21.005 0.332 7.44 362.0
2456481.74089 20.082 0.133 6.17 387.0
2456481.78345 19.883 0.103 5.46 383.0
2456481.82587 20.380 0.258 7.45 452.0
2456482.76474 20.773 0.257 6.17 383.0
2456482.80038 20.086 0.193 7.23 497.0
2456483.60963 20.330 0.138 5.08 360.0
2456483.81207 20.057 0.178 7.21 431.0
2456484.48168 20.636 0.245 6.34 441.0
2456484.52207 20.380 0.177 5.91 414.0
2456484.56281 20.559 0.206 6.01 378.0
2456485.49860 19.962 0.111 5.84 386.0
2456485.54523 20.163 0.147 7.01 359.0
2456485.60145 20.378 0.168 7.78 344.0
2456485.68932 20.271 0.119 4.89 347.0
2456485.73050 20.321 0.119 4.66 352.0
2456485.77783 20.344 0.127 4.33 386.0
2456485.82180 20.064 0.129 5.36 438.0
2456486.50098 20.261 0.159 5.99 417.0
2456486.54241 20.589 0.209 6.06 378.0
2456486.58862 21.037 0.299 6.43 361.0
2456486.65804 20.140 0.120 5.48 343.0
2456486.70977 20.456 0.162 5.29 382.0
2456486.75562 20.382 0.156 5.42 387.0
2456486.79876 20.394 0.139 4.31 401.0
2456486.83228 20.282 0.153 5.55 428.0
2456487.49919 20.181 0.130 5.34 428.0
2456487.54209 20.184 0.162 6.44 408.0
2456487.58791 20.098 0.106 5.15 351.0
2456487.65114 20.454 0.142 4.79 358.0
2456487.70165 20.267 0.097 3.86 349.0
2456487.74535 20.573 0.140 3.94 384.0
2456487.79071 20.128 0.080 3.32 393.0
2456489.50742 20.123 0.135 5.55 394.0
2456489.54935 20.608 0.229 6.35 395.0
2456489.59229 20.267 0.141 5.61 372.0
2456489.65178 19.957 0.114 5.60 365.0
2456489.70371 20.172 0.134 5.26 369.0
2456489.74597 20.323 0.151 4.80 390.0
2456489.80717 20.738 0.295 6.75 449.0
2456490.48046 20.189 0.143 5.03 489.0
2456490.52140 20.111 0.123 4.63 432.0
2456490.56205 20.347 0.161 5.68 416.0
2456490.62006 20.158 0.123 5.18 400.0
2456490.66733 20.527 0.165 4.51 389.0
2456490.70806 20.237 0.110 3.99 373.0
2456490.74875 20.398 0.141 4.64 385.0
2456491.46828 20.344 0.227 5.18 709.0
2456491.51132 20.386 0.203 6.05 480.0
2456491.55630 21.446 0.506 6.10 452.0
2456491.61655 20.290 0.150 4.77 432.0
2456491.68788 20.168 0.128 4.73 428.0
2456491.73016 20.172 0.114 3.91 422.0
2456491.77247 20.055 0.116 4.67 476.0
2456491.81557 20.218 0.174 6.58 459.0
2456492.50028 20.119 0.183 6.53 592.0
2456492.54680 20.400 0.209 6.42 507.0
2456492.59707 20.372 0.172 4.84 478.0
2456492.66201 20.361 0.241 7.25 508.0
2456492.70082 21.028 0.317 5.31 427.0
2456492.73388 20.259 0.174 5.45 542.0
2456492.77765 20.020 0.167 6.13 578.0
2456496.48551 21.187 0.573 6.53 753.0
2456496.52600 20.361 0.245 6.07 703.0
2456496.56596 20.056 0.191 6.39 688.0
2456496.62657 20.381 0.255 7.48 601.0
2456497.57038 20.704 0.284 6.23 520.0
2456497.61195 20.095 0.175 7.10 485.0
2456497.66646 20.357 0.238 7.75 472.0
2456497.71414 20.454 0.232 7.09 490.0
2456497.75524 20.529 0.258 6.54 517.0
2456497.79416 20.362 0.210 5.70 590.0
2456498.49868 20.153 0.112 5.31 381.0
2456498.54173 20.656 0.178 4.97 458.0
2456498.58656 20.162 0.104 3.94 474.0
2456498.63563 20.374 0.137 4.83 409.0
2456498.67837 20.125 0.113 5.05 409.0
2456498.72186 20.135 0.128 5.00 431.0
2456498.76403 20.466 0.207 5.67 463.0
2456499.46944 20.643 0.250 5.89 486.0
2456499.51281 20.448 0.172 5.66 388.0
2456499.55563 20.705 0.187 5.30 365.0
2456500.52539 20.117 0.182 7.38 444.0
2456500.56931 20.321 0.196 6.32 464.0
2456500.66638 20.270 0.177 6.67 416.0
2456500.71024 20.337 0.212 6.61 474.0
2456501.53651 20.429 0.190 5.94 415.0
2456501.60534 20.163 0.120 5.30 349.0
2456501.65171 20.118 0.099 4.62 319.0
2456501.69324 20.379 0.126 4.63 332.0
2456501.73675 20.410 0.197 6.16 413.0
2456501.77953 20.403 0.258 7.36 476.0
2456504.63420 20.224 0.156 5.78 463.0
2456504.67982 20.683 0.186 5.17 334.0
2456504.72230 20.173 0.142 6.12 358.0
2456505.47382 20.260 0.187 6.58 491.0
2456505.53360 21.041 0.314 5.66 398.0
2456505.57818 20.522 0.203 6.18 382.0
2456505.64954 20.216 0.143 5.72 379.0
2456505.69049 20.090 0.127 5.53 378.0
2456505.73338 20.126 0.139 5.78 406.0
2456505.77409 20.551 0.303 7.40 492.0
2456506.56696 20.352 0.223 7.33 406.0
2456506.64736 20.457 0.234 7.82 377.0
2456506.70820 20.482 0.233 7.21 382.0
2456506.75010 20.519 0.227 6.60 404.0
2456507.63827 20.237 0.187 7.32 395.0
2456507.70722 20.040 0.186 7.41 427.0
2456507.75825 20.841 0.435 7.81 506.0
2456508.51662 20.144 0.110 4.90 368.0
2456508.56799 20.155 0.135 5.95 361.0
2456508.61611 20.426 0.140 4.98 374.0
2456508.65821 20.236 0.112 4.76 369.0
2456508.69984 20.152 0.112 4.95 363.0
2456508.75976 20.063 0.115 4.73 464.0
2456509.52125 20.176 0.100 4.49 344.0
2456509.58174 20.309 0.100 3.74 338.0
2456509.62369 20.141 0.090 3.79 356.0
2456509.66536 20.372 0.111 4.12 337.0
2456509.70670 20.146 0.103 4.75 352.0
2456509.74931 20.199 0.144 5.96 435.0
2456510.48771 20.106 0.094 4.19 357.0
2456510.55048 20.635 0.167 4.52 368.0
2456510.59728 20.158 0.088 3.76 338.0
2456510.63999 20.188 0.099 4.08 342.0
2456510.70988 19.959 0.105 5.44 375.0
2456510.75385 20.106 0.184 7.37 466.0
2456511.52002 20.216 0.144 5.58 396.0
2456511.59849 19.695 0.090 6.03 364.0
2456511.65319 20.194 0.122 5.03 357.0
2456511.70294 20.444 0.143 4.69 351.0
2456511.75574 20.019 0.112 5.40 371.0
2456512.74872 20.265 0.212 7.66 426.0
2456514.51877 20.630 0.232 6.45 400.0
2456514.59146 20.508 0.157 5.23 347.0
2456514.65695 19.992 0.098 5.03 329.0
2456514.71213 20.287 0.122 4.89 353.0
2456515.47558 20.429 0.149 4.36 460.0
2456515.54345 20.634 0.182 5.28 366.0
2456515.60912 20.433 0.137 4.63 346.0
2456515.67296 20.288 0.105 4.18 331.0
2456515.75215 20.069 0.116 5.51 401.0
2456516.51865 20.176 0.163 6.33 413.0
2456516.60097 20.119 0.124 5.41 362.0
2456516.65282 20.378 0.149 5.73 333.0
2456518.48845 20.135 0.126 5.18 411.0
2456518.56037 20.265 0.107 3.71 399.0
2456518.61365 20.356 0.126 4.18 420.0
2456518.66057 19.995 0.087 4.13 387.0
2456518.70877 20.125 0.103 4.81 381.0
2456519.49419 20.146 0.121 4.85 417.0
2456519.56654 20.616 0.167 4.09 407.0
2456519.61501 20.008 0.086 3.62 385.0
2456519.66654 20.189 0.112 4.62 404.0
2456519.71393 20.345 0.157 5.25 449.0
2456523.50229 20.193 0.158 5.03 609.0
2456523.54022 20.250 0.155 4.73 602.0
2456523.57660 20.070 0.107 3.69 568.0
2456523.61564 20.386 0.172 4.44 593.0
2456523.65633 20.313 0.168 4.37 644.0
2456523.69773 20.204 0.212 5.94 705.0
2456524.51917 20.312 0.130 3.62 589.0
2456524.56785 20.353 0.137 3.72 562.0
2456524.61600 20.393 0.144 3.64 591.0
2456524.66461 20.172 0.150 4.88 633.0
2456525.52196 20.456 0.209 4.95 641.0
2456525.56986 20.348 0.201 5.37 578.0
2456525.62193 20.152 0.213 6.37 602.0
2456525.67220 20.263 0.216 5.79 638.0
2456526.66362 19.868 0.114 5.09 515.0
2456526.69436 20.195 0.164 5.90 536.0
2456527.62367 19.973 0.222 4.92 1603.0
2456529.55193 20.500 0.241 6.49 539.0
2456529.59554 20.354 0.176 6.06 384.0
2456529.63811 19.885 0.123 6.00 432.0
2456530.67183 20.382 0.235 7.50 384.0
2456531.50506 20.120 0.144 5.93 399.0
2456531.58101 20.098 0.110 4.92 372.0
2456531.62854 20.474 0.195 6.03 372.0
2456531.67657 19.949 0.109 5.45 393.0
2456532.50662 20.234 0.158 6.45 372.0
2456532.61064 20.433 0.141 4.58 357.0
2456532.67201 20.526 0.197 6.02 376.0
2456533.52214 20.190 0.139 4.92 434.0
2456533.59266 20.027 0.113 5.17 430.0
2456533.65377 20.483 0.168 5.65 387.0
2456534.54572 20.196 0.130 5.01 408.0
2456534.59664 20.197 0.133 5.29 394.0
2456534.63692 20.199 0.135 5.50 402.0
2456535.52851 20.302 0.209 6.99 399.0
2456536.47599 20.176 0.178 6.32 484.0
2456536.56783 20.311 0.104 3.82 369.0
2456536.61833 20.558 0.160 4.93 361.0
2456538.48705 20.083 0.148 6.62 395.0
2456538.51426 20.238 0.116 4.66 361.0
2456538.56694 20.355 0.157 5.78 356.0
2456538.60933 20.514 0.172 5.19 363.0
2456539.51626 20.447 0.144 4.43 368.0
2456539.56181 20.353 0.167 4.79 499.0
2456539.61969 20.638 0.192 4.15 479.0
2456540.65375 20.061 0.231 8.69 431.0
2456541.51223 20.401 0.167 5.57 395.0
2456541.57201 20.158 0.105 4.47 354.0
2456541.61769 20.433 0.123 3.89 349.0
2456543.51937 20.574 0.235 6.57 387.0
2456543.57016 20.428 0.147 4.97 366.0
2456543.61533 20.529 0.218 6.25 393.0
2456543.65571 20.266 0.165 6.16 411.0
2456544.55775 20.061 0.110 5.37 327.0
2456544.60158 20.174 0.143 5.53 443.0
2456545.51467 20.247 0.116 4.70 356.0
2456545.55662 20.096 0.103 5.09 348.0
2456545.60520 20.421 0.137 5.04 350.0
2456545.64754 20.171 0.119 5.85 352.0
2456546.54157 20.338 0.257 6.52 583.0
2456546.59377 20.249 0.197 5.24 695.0
2456547.56684 20.195 0.206 5.91 578.0
2456547.61396 20.688 0.364 6.84 681.0
2456551.55904 20.842 0.431 7.22 566.0
2456552.55289 19.923 0.148 6.43 528.0
2456553.58581 20.059 0.170 5.15 729.0
2456555.58419 20.142 0.148 4.70 521.0
2456555.63577 20.060 0.188 6.27 599.0
2456556.64677 19.724 0.139 6.80 572.0
2456558.52447 20.144 0.103 4.32 405.0
2456558.56504 20.267 0.126 4.76 416.0
2456558.61795 19.921 0.136 6.35 534.0
2456559.51033 20.384 0.190 6.01 475.0
2456559.56413 20.287 0.152 5.33 428.0
2456559.61722 19.910 0.128 6.95 410.0
2456560.52478 20.618 0.194 4.64 433.0
2456560.56845 20.019 0.117 4.74 465.0
2456560.62427 20.302 0.168 5.63 475.0
2456561.56925 20.503 0.211 5.83 392.0
2456561.52884 20.231 0.152 5.45 389.0
2456562.52769 20.523 0.191 5.96 373.0
2456562.57478 20.243 0.125 4.59 367.0
2456562.61826 20.087 0.115 5.14 373.0
2456563.54348 20.275 0.191 6.42 405.0
2456563.58946 20.390 0.189 6.07 391.0
2456563.62700 20.288 0.204 6.78 418.0
2456564.52239 20.399 0.192 6.05 407.0
2456564.56393 20.304 0.158 5.40 418.0
2456565.49105 20.002 0.156 6.25 473.0
2456565.53514 20.216 0.144 4.87 428.0
2456565.58915 20.410 0.174 5.30 420.0
2456567.53127 20.472 0.259 6.35 488.0
2456567.57406 20.647 0.280 6.23 420.0
2456568.51872 20.431 0.271 7.02 507.0
2456568.56052 20.163 0.153 5.52 432.0
2456568.60784 20.223 0.175 6.14 441.0
2456569.51932 20.063 0.097 4.20 385.0
2456569.56032 20.289 0.126 4.39 378.0
2456569.60143 19.897 0.099 5.12 391.0
2456570.53783 20.281 0.156 5.29 399.0
2456571.48448 20.523 0.311 6.15 782.0
2456571.54515 20.215 0.166 5.61 455.0
2456571.59436 20.200 0.177 6.09 469.0
2456572.51770 20.230 0.204 8.02 423.0
2456572.57632 20.324 0.175 5.48 440.0
2456573.49824 20.566 0.215 5.28 452.0
2456573.53896 20.153 0.130 4.57 476.0
2456573.58563 20.455 0.177 4.84 503.0
2456577.52216 20.698 0.379 5.88 956.0
2456577.56596 20.248 0.236 5.30 939.0
2456578.50471 20.365 0.203 5.49 538.0
2456578.55907 20.455 0.222 5.91 542.0
2456579.48444 20.072 0.310 6.10 1672.0
2456579.54368 19.828 0.143 6.15 577.0
2456580.50169 22.161 1.651 4.97 1470.0
2456580.50644 19.875 0.156 6.10 665.0
2456581.50319 20.821 0.292 5.50 515.0
2456581.56006 20.732 0.282 5.26 598.0
2456582.51483 20.137 0.158 5.15 567.0
2456582.56724 20.338 0.185 4.43 646.0
2456583.52405 20.864 0.379 6.05 679.0
2456583.56307 20.918 0.502 7.50 713.0
2456584.51978 20.028 0.183 5.41 761.0
2456584.56491 21.471 0.811 5.82 900.0
2456585.52179 19.896 0.160 5.81 592.0
2456585.56312 22.934 2.970 6.52 657.0
2456590.51780 20.411 0.223 6.49 433.0
2456590.54504 20.831 0.303 5.80 456.0
2456593.49359 20.377 0.365 6.95 923.0
2456593.50776 20.546 0.234 5.47 502.0
2456593.51260 20.317 0.183 5.28 492.0
2456594.50642 20.112 0.201 6.78 569.0
