2455261.82791 17.779 0.020 4.42 654.0
2455262.86542 17.708 0.047 5.98 2584.0
2455265.88695 17.781 0.023 4.27 986.0
2455266.88846 17.810 0.022 4.49 549.0
2455267.86009 17.808 0.021 4.81 512.0
2455268.80984 17.875 0.023 5.08 506.0
2455269.82622 17.845 0.017 3.88 474.0
2455270.79277 17.802 0.019 4.25 502.0
2455271.82745 17.846 0.021 4.49 549.0
2455273.83162 17.795 0.021 4.98 475.0
2455274.83600 17.848 0.021 5.09 466.0
2455275.84436 17.805 0.022 4.68 541.0
2455276.80049 17.830 0.020 4.42 485.0
2455277.85648 17.856 0.024 5.01 509.0
2455278.83962 17.813 0.026 6.26 511.0
2455278.91514 17.849 0.028 5.38 779.0
2455279.83382 17.833 0.023 5.13 477.0
2455280.80093 17.789 0.018 3.62 502.0
2455280.91753 17.782 0.019 3.00 1515.0
2455281.82056 17.790 0.017 3.90 479.0
2455282.84323 17.823 0.019 4.45 497.0
2455283.80334 17.764 0.022 4.60 671.0
2455283.89449 17.886 0.023 5.47 468.0
2455284.80909 17.824 0.025 5.17 748.0
2455285.79975 17.860 0.026 4.84 870.0
2455286.81591 17.835 0.035 6.46 825.0
2455286.90901 17.780 0.023 4.48 691.0
2455287.86858 17.939 0.021 3.68 706.0
2455288.86874 17.806 0.021 3.71 743.0
2455289.79929 17.912 0.031 6.32 812.0
2455289.90991 17.771 0.021 4.75 714.0
2455293.87375 17.783 0.018 3.83 521.0
2455294.85506 17.820 0.016 3.48 433.0
2455295.86612 17.831 0.018 4.12 424.0
2455296.90764 17.816 0.018 4.01 427.0
2455298.78965 17.747 0.018 4.46 463.0
2455299.77418 17.858 0.017 4.03 391.0
2455300.88545 17.814 0.019 4.29 471.0
2455301.89391 17.816 0.019 4.43 478.0
2455307.88042 17.799 0.019 4.28 483.0
2455308.86929 17.801 0.018 4.49 424.0
2455309.92112 17.789 0.019 4.43 493.0
2455310.92948 17.807 0.021 4.25 780.0
2455312.79097 17.856 0.028 6.09 597.0
2455313.82387 17.851 0.033 6.74 679.0
2455314.75239 17.815 0.030 5.85 934.0
2455315.69015 17.720 0.034 6.23 1131.0
2455315.89566 17.811 0.025 4.42 961.0
2455316.86570 17.801 0.033 5.87 990.0
2455320.68823 17.896 0.040 4.79 2279.0
2455320.88870 17.801 0.021 4.09 726.0
2455321.83254 17.865 0.029 6.35 629.0
2455322.85694 17.790 0.022 4.98 620.0
2455323.74578 17.808 0.027 6.73 585.0
2455324.65626 17.821 0.026 6.04 589.0
2455324.87504 17.798 0.021 4.42 570.0
2455326.72327 17.829 0.021 5.04 460.0
2455326.91494 17.864 0.024 4.77 593.0
2455327.86443 17.814 0.020 4.13 551.0
2455328.79320 17.825 0.019 4.31 478.0
2455334.63230 17.850 0.027 6.32 539.0
2455334.91723 17.815 0.024 5.60 533.0
2455335.88003 17.821 0.018 3.88 505.0
2455337.78441 17.867 0.021 4.71 488.0
2455338.78225 17.842 0.027 5.89 621.0
2455339.76378 17.765 0.018 3.81 675.0
2455340.69519 17.806 0.025 5.05 797.0
2455341.58832 17.818 0.029 5.48 1025.0
2455341.88334 17.810 0.021 4.10 682.0
2455342.71033 17.854 0.024 4.82 719.0
2455342.90684 17.827 0.028 5.25 849.0
2455343.73117 17.871 0.026 4.72 838.0
2455343.93713 17.779 0.028 5.01 1121.0
2455348.87773 17.835 0.028 5.50 711.0
2455349.80912 17.801 0.021 4.22 707.0
2455351.58286 17.781 0.026 5.96 587.0
2455351.91929 17.839 0.027 5.35 822.0
2455352.92522 17.731 0.022 4.49 796.0
2455353.85511 17.838 0.020 3.83 555.0
2455354.87192 17.848 0.023 4.10 658.0
2455355.81590 17.861 0.027 5.58 625.0
2455357.87398 17.781 0.026 6.00 611.0
2455362.58824 17.861 0.028 5.53 749.0
2455364.57107 17.854 0.024 5.33 524.0
2455364.79529 17.800 0.028 6.89 472.0
2455365.66576 17.826 0.022 4.94 518.0
2455368.79751 17.780 0.025 5.96 626.0
2455376.68765 17.773 0.024 5.24 716.0
2455376.87874 17.862 0.039 6.34 1136.0
2455377.81609 17.793 0.020 3.95 625.0
2455379.54918 17.752 0.022 5.54 462.0
2455379.84700 17.804 0.029 7.14 660.0
2455380.54488 17.829 0.020 4.68 433.0
2455380.73928 17.780 0.017 4.12 424.0
2455381.59038 17.804 0.032 7.53 554.0
2455381.81346 17.834 0.030 6.51 613.0
2455382.68323 17.803 0.022 5.56 460.0
2455384.79064 17.789 0.029 6.32 662.0
2455386.61086 17.825 0.019 4.79 398.0
2455387.48040 17.740 0.019 4.15 956.0
2455387.55142 17.793 0.017 4.07 617.0
2455387.61623 17.793 0.015 3.85 316.0
2455387.62407 17.812 0.014 3.65 471.0
2455387.65200 17.829 0.013 3.07 318.0
2455387.69048 17.773 0.016 3.50 365.0
2455388.50866 17.776 0.021 4.87 508.0
2455389.47059 17.883 0.036 7.26 688.0
2455389.79966 17.788 0.025 6.31 439.0
2455391.58381 17.821 0.020 4.90 392.0
2455392.52152 17.778 0.022 5.36 473.0
2455393.62896 17.785 0.027 6.94 446.0
2455396.81108 17.778 0.029 7.12 472.0
2455403.55888 17.748 0.020 3.93 888.0
2455403.75546 17.795 0.025 4.29 1049.0
2455404.62879 17.825 0.021 4.00 584.0
2455405.64508 17.861 0.028 5.59 533.0
2455407.49959 17.809 0.027 6.59 421.0
2455407.69379 17.872 0.029 6.46 509.0
2455408.62274 17.848 0.027 6.17 523.0
2455409.48506 17.749 0.020 5.35 418.0
2455410.48926 17.811 0.023 5.36 513.0
2455411.50388 17.812 0.021 5.36 409.0
2455412.55447 17.890 0.028 5.98 572.0
2455413.49610 17.807 0.022 5.36 518.0
2455414.51427 17.814 0.017 4.02 378.0
2455416.68918 17.725 0.022 5.72 428.0
2455421.52310 17.820 0.022 5.55 432.0
2455422.50626 17.783 0.024 5.84 483.0
2455423.63469 17.797 0.023 5.76 431.0
2455426.69719 17.831 0.028 4.52 1150.0
2455430.65471 17.786 0.028 5.63 828.0
2455433.54168 17.859 0.032 6.27 662.0
2455434.62451 17.824 0.021 4.08 595.0
2455435.62151 17.780 0.022 4.64 542.0
2455437.48983 17.786 0.018 4.15 460.0
2455438.68136 17.798 0.021 4.78 503.0
2455443.50171 17.800 0.024 6.26 461.0
2455444.50854 17.757 0.022 5.34 451.0
2455445.58113 17.791 0.021 5.30 424.0
2455448.48046 17.821 0.026 5.64 614.0
2455449.55067 17.791 0.022 5.23 452.0
2455450.64853 17.847 0.026 6.23 508.0
2455457.47853 17.807 0.024 4.05 1280.0
2455458.52735 17.777 0.036 7.54 703.0
2455459.56765 17.819 0.023 4.51 639.0
2455460.58086 17.753 0.041 5.94 2039.0
2455461.60848 17.787 0.027 6.19 700.0
2455463.53188 17.775 0.018 3.72 610.0
2455464.52376 17.806 0.024 5.42 568.0
2455467.50750 17.833 0.021 4.71 514.0
2455470.54655 17.783 0.026 5.94 536.0
2455472.51995 17.693 0.026 6.24 572.0
2455473.58654 17.836 0.025 6.29 510.0
2455479.51341 17.775 0.026 6.39 530.0
2455481.50673 17.762 0.032 6.32 865.0
2455486.52578 17.835 0.031 6.05 745.0
2455488.51034 17.742 0.025 5.07 778.0
2455490.52198 17.753 0.036 7.01 825.0
2455495.50079 17.728 0.021 4.47 668.0
2455621.87459 17.764 0.017 4.57 447.0
2455624.90799 17.798 0.037 5.14 2118.0
2455625.84743 17.781 0.021 5.47 469.0
2455627.85469 17.854 0.019 4.75 424.0
2455628.89091 17.847 0.018 4.49 384.0
2455630.85597 17.814 0.021 5.62 441.0
2455632.84605 17.781 0.022 5.54 475.0
2455634.82842 17.736 0.021 5.38 453.0
2455635.89396 17.788 0.021 5.01 512.0
2455638.80566 17.805 0.024 5.20 669.0
2455639.85975 17.840 0.021 4.66 588.0
2455641.80127 17.822 0.023 4.84 689.0
2455643.81385 17.804 0.022 4.84 699.0
2455648.84424 17.812 0.018 4.40 453.0
2455652.75121 17.781 0.019 5.21 413.0
2455654.85973 17.850 0.020 5.05 390.0
2455656.83424 17.802 0.014 3.58 424.0
2455658.81701 17.819 0.023 5.93 410.0
2455659.88140 17.791 0.017 4.44 547.0
2455662.78564 17.825 0.023 5.82 470.0
2455664.87854 17.789 0.029 7.25 484.0
2455667.84257 17.802 0.016 3.98 467.0
2455670.72582 17.776 0.024 4.93 841.0
2455675.89883 17.774 0.021 4.61 584.0
2455677.84240 17.784 0.019 5.12 430.0
2455680.73922 17.820 0.021 5.04 451.0
2455681.91614 17.780 0.020 4.86 509.0
2455683.89401 17.776 0.017 3.83 547.0
2455685.87724 17.771 0.016 4.11 427.0
2455687.78280 17.830 0.018 4.66 438.0
2455690.79642 17.793 0.020 5.33 449.0
2455692.71068 17.823 0.022 5.35 543.0
2455693.82032 17.793 0.017 3.99 542.0
2455694.90391 17.753 0.020 5.14 580.0
2455696.69794 17.812 0.023 4.99 618.0
2455697.79487 17.834 0.022 5.16 675.0
2455698.87060 17.848 0.025 4.85 1030.0
2455705.94022 17.729 0.031 7.96 889.0
2455707.83237 17.805 0.021 4.82 565.0
2455709.58739 17.694 0.020 6.01 458.0
2455713.76186 17.776 0.016 4.17 446.0
2455715.80787 17.821 0.017 4.51 405.0
2455721.65367 17.843 0.023 5.50 542.0
2455722.83568 17.808 0.020 5.02 537.0
2455724.65214 17.812 0.024 5.41 580.0
2455726.58177 17.832 0.029 5.35 927.0
2455735.75996 17.779 0.018 4.82 446.0
2455736.85297 17.736 0.018 4.19 515.0
2455737.89628 17.798 0.022 5.44 557.0
2455739.73104 17.760 0.018 4.74 382.0
2455740.81323 17.814 0.023 5.93 488.0
2455741.85148 17.826 0.020 4.82 458.0
2455742.86314 17.835 0.020 4.79 465.0
2455744.57940 17.790 0.026 6.10 538.0
2455745.66752 17.780 0.017 4.41 420.0
2455746.84527 17.777 0.027 6.94 464.0
2455749.59309 17.861 0.024 5.85 448.0
2455759.84486 17.749 0.033 6.41 1020.0
2455761.53890 17.789 0.014 4.53 396.0
2455762.66175 17.742 0.022 5.68 467.0
2455763.80198 17.744 0.026 6.37 643.0
2455765.60574 17.787 0.015 3.83 473.0
2455766.72779 17.774 0.025 6.96 394.0
2455768.55533 17.786 0.019 4.89 491.0
2455769.69630 17.803 0.018 4.38 379.0
2455776.72661 17.753 0.024 6.46 413.0
2455779.61671 17.813 0.017 4.27 422.0
2455785.70163 17.746 0.027 6.30 764.0
2455787.66552 17.781 0.021 4.44 666.0
2455793.67990 17.799 0.019 4.92 435.0
2455796.48203 17.774 0.021 5.25 484.0
2455801.68090 17.836 0.028 6.85 453.0
2455805.54878 17.851 0.017 4.20 399.0
2455812.58169 17.702 0.030 6.22 817.0
2455815.62071 17.787 0.017 3.57 674.0
2455818.52365 17.820 0.024 5.15 575.0
2455820.59855 17.740 0.023 5.27 569.0
2455823.53584 17.793 0.028 6.69 507.0
2455825.54212 17.778 0.020 4.61 508.0
2455826.52601 17.739 0.024 6.11 500.0
2455828.48861 17.803 0.020 4.66 514.0
2455829.61412 17.789 0.020 5.94 512.0
2455831.62155 17.814 0.026 7.32 533.0
2455834.51643 17.771 0.017 4.30 457.0
2455839.50678 17.796 0.042 5.45 2481.0
2455841.50411 17.763 0.029 6.27 711.0
2455843.49137 17.870 0.033 6.86 684.0
2455845.50655 17.797 0.025 5.98 653.0
2455850.55972 17.746 0.019 4.66 553.0
2455854.51396 17.743 0.027 5.78 681.0
2455859.51418 17.776 0.025 5.64 657.0
2455978.88222 17.766 0.019 5.10 479.0
2455983.89772 17.702 0.017 4.10 639.0
2455986.89477 17.735 0.018 4.74 493.0
2455989.87432 17.722 0.021 6.17 407.0
2455992.81302 17.793 0.023 5.69 667.0
2455994.88579 17.746 0.019 4.58 642.0
2455996.88870 17.736 0.015 3.82 517.0
2455998.90194 17.780 0.017 4.24 554.0
2456004.80215 17.830 0.025 6.30 524.0
2456006.79558 17.729 0.016 4.49 428.0
2456007.91722 17.760 0.025 4.65 1275.0
2456009.86225 17.816 0.017 4.55 475.0
2456011.76967 17.691 0.019 5.47 471.0
2456012.91064 17.782 0.013 3.59 371.0
2456014.84404 17.799 0.018 5.07 372.0
2456016.74243 17.756 0.016 4.36 442.0
2456017.83535 17.816 0.015 4.23 370.0
2456019.75032 17.740 0.023 6.44 499.0
2456020.82533 17.779 0.017 5.01 372.0
2456021.88815 17.762 0.016 4.43 416.0
2456023.72148 17.773 0.021 4.83 754.0
2456024.70673 17.893 0.033 6.31 946.0
2456025.77139 17.803 0.024 5.35 700.0
2456032.69914 17.875 0.031 7.03 620.0
2456033.91295 17.719 0.019 5.06 474.0
2456036.88196 17.751 0.013 3.19 460.0
2456038.90329 17.751 0.017 4.65 447.0
2456041.74386 17.768 0.024 6.90 473.0
2456047.90099 17.802 0.018 4.07 535.0
2456049.84923 17.740 0.016 3.81 449.0
2456051.75766 17.725 0.016 4.04 550.0
2456053.76266 17.763 0.017 3.61 823.0
2456059.76343 17.763 0.020 5.43 458.0
2456061.91829 17.827 0.018 4.12 583.0
2456063.86927 17.791 0.022 5.70 442.0
2456065.73731 17.794 0.016 3.99 413.0
2456066.92746 17.790 0.015 3.36 530.0
2456068.66877 17.701 0.017 4.52 475.0
2456069.84341 17.785 0.014 3.53 385.0
2456070.89774 17.782 0.016 3.94 427.0
2456075.59838 17.760 0.017 4.36 480.0
2456076.72675 17.763 0.014 3.67 409.0
2456077.94346 17.798 0.025 4.98 923.0
2456079.64091 17.772 0.018 4.76 476.0
2456080.69632 17.802 0.018 4.41 550.0
2456081.73132 17.783 0.019 4.41 597.0
2456082.62624 17.824 0.037 7.20 965.0
2456082.84295 17.754 0.028 5.18 1123.0
2456085.92031 17.768 0.027 5.51 861.0
2456089.73154 17.741 0.017 4.88 505.0
2456093.60796 17.798 0.025 6.75 426.0
2456094.75422 17.722 0.016 4.49 462.0
2456096.87289 17.740 0.025 6.17 565.0
2456098.67674 17.786 0.021 5.54 447.0
2456100.62700 17.853 0.020 5.24 466.0
2456101.65629 17.780 0.016 4.43 442.0
2456102.71811 17.782 0.017 4.03 509.0
2456103.73977 17.750 0.017 4.32 445.0
2456104.80287 17.733 0.016 4.35 393.0
2456108.50815 17.753 0.033 7.41 858.0
2456109.60059 17.772 0.038 4.72 2528.0
2456109.81348 17.840 0.026 4.80 901.0
2456114.57667 17.752 0.027 6.21 675.0
2456116.73406 17.766 0.018 4.78 431.0
2456117.79941 17.763 0.019 4.49 520.0
2456118.84759 17.817 0.021 5.06 511.0
2456119.63928 17.783 0.017 5.07 346.0
2456120.55237 17.783 0.023 6.05 399.0
2456121.64732 17.751 0.015 4.59 334.0
2456123.75686 17.787 0.024 7.04 360.0
2456126.65157 17.760 0.020 5.83 357.0
2456128.64872 17.783 0.015 4.12 377.0
2456132.78189 17.712 0.017 4.61 456.0
2456135.49344 17.805 0.025 6.01 570.0
2456140.51084 17.715 0.031 5.31 1506.0
2456141.64654 17.776 0.022 4.93 696.0
2456143.53789 17.781 0.027 6.58 513.0
2456147.50795 17.707 0.019 5.68 395.0
2456148.48561 17.800 0.015 4.24 384.0
2456150.61703 17.765 0.021 5.87 403.0
2456151.48880 17.681 0.025 7.29 467.0
2456152.64498 17.784 0.018 5.25 338.0
2456158.49108 17.668 0.016 4.89 443.0
2456160.49323 17.782 0.020 5.80 419.0
2456164.49594 17.767 0.022 5.45 605.0
2456171.49924 17.725 0.020 4.05 1183.0
2456172.49735 17.777 0.012 3.21 443.0
2456175.48605 17.710 0.017 4.97 467.0
2456180.55179 17.696 0.019 5.29 481.0
2456182.65778 17.755 0.022 6.06 488.0
2456185.48637 17.730 0.015 4.12 414.0
2456186.48446 17.725 0.024 6.57 486.0
2456195.48576 17.725 0.021 5.02 683.0
2456196.60260 17.736 0.022 4.97 718.0
2456200.59248 17.705 0.034 7.82 707.0
2456204.59081 17.688 0.021 5.17 628.0
2456208.51948 17.801 0.026 6.23 512.0
2456211.57731 17.711 0.019 4.85 468.0
2456212.49649 17.749 0.021 5.02 550.0
2456214.53144 17.794 0.022 5.65 468.0
2456216.50545 17.827 0.024 5.76 489.0
2456219.53189 17.808 0.021 4.96 477.0
2456225.57274 17.782 0.034 7.25 908.0
2456231.50784 17.774 0.028 5.45 836.0
2456347.89829 17.812 0.019 4.58 611.0
2456351.85677 17.746 0.021 5.33 574.0
2456358.83467 17.779 0.019 4.09 795.0
2456360.81216 17.795 0.017 4.54 445.0
2456362.84541 17.780 0.016 4.12 435.0
2456373.80733 17.782 0.019 5.23 451.0
2456375.75978 17.798 0.017 4.31 519.0
2456376.88974 17.780 0.014 3.77 395.0
2456378.84155 17.752 0.015 3.61 598.0
2456380.78002 17.789 0.017 4.35 603.0
2456381.91655 17.784 0.016 3.77 704.0
2456386.86177 17.769 0.017 4.58 423.0
2456388.73829 17.799 0.020 5.69 410.0
2456389.85730 17.823 0.017 4.39 413.0
2456391.72220 17.784 0.027 7.19 464.0
2456394.74957 17.751 0.020 5.37 495.0
2456396.74706 17.789 0.015 3.82 431.0
2456398.69423 17.713 0.016 3.77 482.0
2456399.87993 17.748 0.017 4.69 388.0
2456401.90312 17.789 0.016 4.12 428.0
2456403.82345 17.762 0.015 4.41 373.0
2456415.88341 17.736 0.019 5.38 413.0
2456418.90156 17.753 0.015 3.72 439.0
2456420.73149 17.758 0.014 3.87 348.0
2456422.79421 17.707 0.021 5.79 454.0
2456424.72087 17.724 0.015 4.39 495.0
2456426.92507 17.702 0.018 4.93 472.0
2456431.69991 17.682 0.021 6.67 480.0
2456432.82568 17.716 0.017 4.89 444.0
2456434.64537 17.726 0.025 6.89 621.0
2456435.77878 17.718 0.014 3.61 588.0
2456441.83410 17.660 0.025 5.78 965.0
2456442.89162 17.636 0.016 4.65 556.0
2456445.66171 17.635 0.015 4.86 438.0
2456446.59200 17.614 0.014 4.68 441.0
2456447.64984 17.600 0.015 4.75 424.0
2456448.68113 17.603 0.017 5.90 418.0
2456449.73380 17.644 0.014 4.21 464.0
2456450.79016 17.639 0.013 3.64 478.0
2456451.85132 17.870 0.022 5.24 472.0
2456454.57117 17.546 0.019 6.80 412.0
2456455.62526 17.782 0.018 5.38 519.0
2456456.91859 17.518 0.014 4.67 480.0
2456458.76118 17.620 0.015 4.74 445.0
2456459.81586 17.498 0.013 3.63 508.0
2456461.68895 17.532 0.016 4.93 592.0
2456463.56951 17.534 0.018 5.36 645.0
2456464.65777 17.424 0.016 5.10 673.0
2456468.75764 17.561 0.018 5.12 770.0
2456473.73979 17.484 0.013 4.55 430.0
2456474.81459 17.619 0.024 6.77 627.0
2456476.50343 17.552 0.020 6.75 657.0
2456477.57865 17.605 0.017 5.96 397.0
2456479.59708 17.580 0.017 6.04 389.0
2456480.77612 17.585 0.015 5.33 365.0
2456483.61470 17.545 0.012 5.07 395.0
2456485.79523 17.778 0.018 4.84 469.0
2456487.51806 17.667 0.015 4.43 465.0
2456490.79951 17.729 0.017 5.66 430.0
2456492.58461 17.644 0.018 5.02 525.0
2456497.60109 17.700 0.025 6.66 627.0
2456498.72554 17.724 0.016 4.30 491.0
2456501.62382 17.704 0.016 4.85 382.0
2456505.68185 17.703 0.019 5.73 420.0
2456508.54459 17.961 0.022 5.49 418.0
2456509.74086 17.782 0.020 6.31 452.0
2456511.69233 17.723 0.016 4.66 385.0
2456515.67825 17.724 0.014 4.07 372.0
2456519.49942 17.723 0.014 3.86 465.0
2456523.70299 17.954 0.037 5.46 1480.0
2456526.68433 17.699 0.021 5.79 626.0
2456532.51275 17.694 0.017 5.26 419.0
2456535.54391 17.588 0.019 6.56 441.0
2456541.49973 17.671 0.016 4.90 436.0
2456545.56025 17.639 0.014 4.52 377.0
2456555.57603 17.648 0.021 5.30 590.0
2456560.59251 17.643 0.022 6.09 559.0
2456564.49451 17.654 0.025 7.44 512.0
2456567.58335 17.559 0.016 5.64 426.0
2456570.54481 17.732 0.020 5.67 456.0
2456573.50679 17.677 0.019 5.09 523.0
2456582.52342 17.742 0.021 4.79 679.0
2456585.53056 17.797 0.028 5.78 703.0
2456593.55118 17.783 0.029 7.34 583.0
