2455264.84100 17.075 0.014 4.35 1030.0
2455268.77925 17.070 0.015 7.16 459.0
2455271.77332 17.083 0.012 4.91 476.0
2455273.78260 17.058 0.010 4.28 405.0
2455277.77071 17.061 0.011 4.47 435.0
2455279.88915 17.069 0.010 4.19 382.0
2455283.74980 17.079 0.014 5.36 669.0
2455285.87578 17.077 0.013 4.87 708.0
2455288.74187 17.082 0.012 3.65 813.0
2455292.89942 17.060 0.012 3.70 853.0
2455294.73687 17.069 0.010 3.90 392.0
2455294.92284 17.037 0.011 3.32 914.0
2455296.78063 17.064 0.010 4.17 389.0
2455297.81459 17.065 0.010 3.82 379.0
2455298.85315 17.067 0.010 3.75 400.0
2455299.83755 17.061 0.007 3.59 346.0
2455301.76668 17.055 0.010 4.11 400.0
2455306.69998 17.070 0.011 5.10 437.0
2455307.70208 17.077 0.012 5.54 454.0
2455308.69339 17.066 0.011 4.95 473.0
2455309.75618 17.056 0.011 4.53 395.0
2455310.77130 17.080 0.012 5.39 452.0
2455311.86612 17.067 0.011 4.71 444.0
2455312.86133 17.076 0.012 4.72 623.0
2455313.88971 17.063 0.013 4.89 700.0
2455314.82405 17.058 0.012 4.41 790.0
2455315.76352 17.067 0.016 5.73 896.0
2455316.71662 17.064 0.015 5.10 968.0
2455319.85668 17.058 0.022 3.50 5333.0
2455320.75730 17.066 0.015 4.58 1183.0
2455321.67390 17.054 0.018 6.83 635.0
2455321.89858 17.076 0.012 4.48 607.0
2455323.81242 17.071 0.012 5.03 546.0
2455324.74656 17.070 0.011 4.34 438.0
2455325.86317 17.070 0.011 3.86 480.0
2455326.78706 17.070 0.010 4.08 398.0
2455327.70281 17.062 0.011 4.46 374.0
2455327.92812 17.078 0.011 3.87 614.0
2455328.85940 17.091 0.012 4.36 472.0
2455334.76652 17.074 0.011 4.21 441.0
2455335.75077 17.068 0.010 3.64 441.0
2455336.79613 17.069 0.011 4.43 477.0
2455337.85018 17.059 0.013 5.12 554.0
2455338.84991 17.072 0.017 6.87 648.0
2455339.88213 17.040 0.018 7.50 744.0
2455340.82546 17.066 0.014 5.33 702.0
2455341.68719 17.083 0.012 4.67 612.0
2455342.58556 17.068 0.018 6.05 986.0
2455342.77949 17.058 0.013 5.03 725.0
2455343.60530 17.048 0.018 5.90 1169.0
2455343.79708 17.070 0.022 4.66 3422.0
2455348.71777 17.055 0.013 4.98 623.0
2455348.94334 17.099 0.027 8.06 1395.0
2455350.63415 17.096 0.014 6.26 440.0
2455351.69402 17.081 0.012 5.16 418.0
2455352.70601 17.062 0.010 4.02 385.0
2455353.67931 17.075 0.010 3.88 404.0
2455354.61728 17.068 0.012 4.67 421.0
2455355.57505 17.081 0.012 4.94 550.0
2455355.88941 17.070 0.015 5.90 732.0
2455358.70044 17.107 0.011 5.78 377.0
2455359.61140 17.089 0.013 4.92 591.0
2455359.84764 17.081 0.015 5.98 601.0
2455362.73541 17.082 0.011 4.43 492.0
2455364.71074 17.077 0.012 5.47 435.0
2455364.86186 17.070 0.012 5.45 433.0
2455365.82077 17.076 0.013 5.40 477.0
2455369.77688 17.049 0.017 6.43 870.0
2455376.75177 17.074 0.014 5.21 668.0
2455377.65206 17.084 0.010 3.84 443.0
2455377.67310 17.067 0.011 4.81 463.0
2455378.49585 17.077 0.012 4.80 543.0
2455378.80404 17.052 0.011 4.80 516.0
2455379.69225 17.071 0.011 4.64 433.0
2455380.80248 17.066 0.013 5.75 482.0
2455381.67742 17.075 0.012 5.83 391.0
2455382.54143 17.089 0.015 6.76 489.0
2455382.74808 17.078 0.013 6.07 443.0
2455385.50017 17.054 0.011 3.76 576.0
2455385.60213 17.068 0.009 3.92 501.0
2455385.69274 17.076 0.010 4.09 524.0
2455385.79078 17.059 0.010 4.04 569.0
2455386.77196 17.090 0.010 4.19 384.0
2455387.75430 17.073 0.010 4.18 351.0
2455388.64321 17.073 0.010 4.54 296.0
2455389.53460 17.064 0.012 5.46 386.0
2455390.54242 17.083 0.014 7.10 407.0
2455390.79959 17.068 0.011 4.93 314.0
2455391.76165 17.071 0.012 5.19 440.0
2455392.63215 17.079 0.011 4.72 368.0
2455393.69379 17.084 0.012 5.80 323.0
2455396.57518 17.115 0.017 7.22 520.0
2455397.65324 17.085 0.015 6.76 458.0
2455403.62524 17.061 0.011 3.77 754.0
2455404.49682 17.077 0.012 4.27 582.0
2455404.69415 17.092 0.013 4.85 601.0
2455405.70983 17.053 0.013 4.69 548.0
2455407.56283 17.069 0.013 5.95 338.0
2455407.75667 17.051 0.013 5.43 544.0
2455408.68624 17.043 0.013 6.07 443.0
2455409.59658 17.072 0.010 4.39 337.0
2455410.59968 17.075 0.010 4.36 329.0
2455411.63585 17.073 0.010 4.27 344.0
2455412.61994 17.077 0.012 6.01 411.0
2455413.62771 17.075 0.010 4.34 311.0
2455414.67237 17.065 0.010 4.07 362.0
2455418.58369 17.070 0.009 4.16 314.0
2455421.61342 17.060 0.010 4.67 335.0
2455422.63221 17.061 0.010 4.02 329.0
2455425.52474 17.071 0.012 5.11 462.0
2455430.51850 17.052 0.015 5.62 701.0
2455431.51957 17.081 0.012 4.83 644.0
2455433.69822 17.098 0.020 5.64 1538.0
2455434.69613 17.071 0.013 4.97 667.0
2455435.69934 17.096 0.012 4.59 576.0
2455437.67870 17.087 0.012 5.01 507.0
2455439.55922 17.071 0.014 5.76 435.0
2455443.57303 17.031 0.013 6.35 426.0
2455444.59438 17.080 0.013 5.43 383.0
2455445.68335 17.078 0.012 5.10 431.0
2455447.49125 17.073 0.010 4.43 403.0
2455448.55030 17.066 0.012 5.18 425.0
2455448.56509 17.076 0.013 5.20 434.0
2455450.50929 17.073 0.013 5.79 422.0
2455451.63583 17.057 0.014 6.35 464.0
2455457.51797 17.087 0.011 4.60 552.0
2455458.56190 17.098 0.014 5.79 603.0
2455459.59540 17.100 0.013 5.18 626.0
2455460.60809 17.109 0.020 5.53 2042.0
2455462.48613 17.078 0.013 4.74 618.0
2455463.59290 17.084 0.012 4.42 673.0
2455464.55264 17.074 0.013 5.28 548.0
2455465.48708 17.047 0.016 7.40 527.0
2455468.55699 17.091 0.014 6.50 479.0
2455471.53865 17.073 0.012 5.79 412.0
2455472.58855 17.079 0.013 5.62 513.0
2455476.55321 17.101 0.018 7.97 516.0
2455480.51119 17.084 0.013 5.34 501.0
2455483.49890 17.067 0.020 5.05 1992.0
2455487.49715 17.054 0.012 4.46 629.0
2455489.49603 17.094 0.018 6.99 789.0
2455492.52152 17.060 0.019 6.97 935.0
2455497.49982 17.081 0.017 6.15 806.0
2455596.86155 17.083 0.012 6.04 521.0
2455596.88493 17.066 0.018 5.07 1925.0
2455606.88789 17.051 0.013 5.19 614.0
2455614.86818 17.074 0.012 5.34 557.0
2455620.85254 17.061 0.011 5.95 395.0
2455624.81369 17.040 0.012 5.72 429.0
2455625.77575 17.069 0.014 6.56 486.0
2455627.80052 17.074 0.013 6.30 399.0
2455629.77936 17.059 0.014 6.96 395.0
2455630.76935 17.058 0.012 6.02 440.0
2455632.76685 17.043 0.016 7.78 691.0
2455634.75408 17.078 0.012 6.05 443.0
2455635.82663 17.064 0.014 7.09 427.0
2455638.74490 17.095 0.018 7.00 773.0
2455639.75790 17.104 0.014 4.99 717.0
2455639.83356 17.063 0.012 4.64 562.0
2455639.90923 17.050 0.012 5.48 652.0
2455640.83066 17.073 0.012 4.63 617.0
2455641.75679 17.065 0.013 5.55 702.0
2455641.87691 17.080 0.011 4.87 532.0
2455642.79865 17.073 0.011 4.28 657.0
2455643.74478 17.057 0.013 5.00 775.0
2455643.82250 17.075 0.011 4.61 630.0
2455644.74551 17.065 0.016 4.49 1749.0
2455644.85916 17.067 0.016 4.75 1364.0
2455648.73163 17.099 0.013 6.54 407.0
2455648.84025 17.061 0.010 4.33 380.0
2455649.73597 17.053 0.012 6.78 355.0
2455649.84613 17.080 0.009 4.42 313.0
2455650.72843 17.056 0.012 6.04 374.0
2455650.83470 17.060 0.010 4.76 333.0
2455651.75434 17.060 0.010 4.93 365.0
2455651.86663 17.100 0.011 5.37 372.0
2455652.79486 17.078 0.010 4.37 326.0
2455653.76072 17.072 0.009 4.21 368.0
2455654.76381 17.064 0.011 4.73 384.0
2455654.85574 17.077 0.011 5.63 341.0
2455655.76864 17.085 0.011 4.74 416.0
2455655.84485 17.064 0.009 4.45 367.0
2455656.80190 17.069 0.010 4.39 398.0
2455657.76525 17.071 0.009 3.71 374.0
2455657.84494 17.087 0.010 4.48 383.0
2455658.75607 17.058 0.012 6.47 526.0
2455658.85706 17.060 0.010 4.70 336.0
2455659.71374 17.044 0.012 6.15 404.0
2455659.78992 17.067 0.010 5.13 375.0
2455659.87583 17.068 0.009 4.02 469.0
2455660.76355 17.070 0.010 5.82 343.0
2455660.86043 17.060 0.011 5.77 336.0
2455662.75486 17.089 0.014 7.06 398.0
2455662.85523 17.103 0.011 4.99 441.0
2455663.75310 17.041 0.011 6.15 409.0
2455664.80156 17.081 0.011 5.31 384.0
2455664.90533 17.080 0.011 4.99 390.0
2455665.78799 17.070 0.010 4.43 354.0
2455665.90002 17.072 0.010 4.92 366.0
2455667.82761 17.046 0.010 4.35 433.0
2455668.83262 17.083 0.012 5.21 667.0
2455669.81619 17.053 0.011 4.88 647.0
2455670.80419 17.071 0.012 5.00 698.0
2455671.77379 17.086 0.011 4.18 725.0
2455675.87305 17.054 0.010 4.22 461.0
2455676.77886 17.076 0.009 4.31 376.0
2455677.73551 17.098 0.010 4.53 380.0
2455677.92250 17.069 0.010 3.88 437.0
2455679.84426 17.083 0.010 4.72 408.0
2455680.72472 17.082 0.012 5.10 376.0
2455680.91041 17.096 0.010 4.54 379.0
2455681.80527 17.070 0.011 5.43 392.0
2455682.70487 17.057 0.012 5.42 506.0
2455682.92448 17.051 0.011 4.90 505.0
2455683.87913 17.054 0.011 4.36 498.0
2455684.78254 17.078 0.010 4.82 385.0
2455685.76895 17.078 0.009 3.88 367.0
2455686.65668 17.047 0.012 6.38 434.0
2455686.86507 17.084 0.011 5.10 438.0
2455687.75414 17.066 0.010 4.52 409.0
2455688.92886 17.069 0.013 5.41 905.0
2455690.65622 17.063 0.011 5.86 403.0
2455690.86988 17.102 0.012 6.17 526.0
2455691.79219 17.067 0.011 4.98 405.0
2455692.68490 17.068 0.011 5.10 478.0
2455692.86054 17.045 0.011 4.41 553.0
2455693.70883 17.084 0.011 4.94 450.0
2455693.88243 17.062 0.011 4.75 585.0
2455694.71415 17.071 0.011 4.79 529.0
2455694.89016 17.074 0.012 5.40 528.0
2455695.76643 17.054 0.010 4.73 454.0
2455695.92979 17.068 0.012 6.74 439.0
2455696.75752 17.065 0.011 4.49 493.0
2455696.94025 17.080 0.021 6.79 1442.0
2455697.76346 17.075 0.011 4.64 643.0
2455697.92984 17.062 0.013 6.36 667.0
2455698.76314 17.100 0.015 6.22 934.0
2455698.92853 17.065 0.018 6.39 1280.0
2455705.72643 17.085 0.012 6.25 422.0
2455705.92019 17.074 0.016 7.83 690.0
2455706.87444 17.038 0.014 7.00 615.0
2455707.73748 17.062 0.011 5.44 453.0
2455707.89854 17.086 0.013 5.83 584.0
2455708.73014 17.061 0.010 4.54 358.0
2455709.56167 17.108 0.011 5.98 426.0
2455712.59762 17.086 0.012 5.73 734.0
2455712.60027 17.093 0.012 5.79 521.0
2455712.80623 17.088 0.011 4.88 430.0
2455713.82092 17.056 0.010 5.30 409.0
2455715.55920 17.072 0.012 5.71 458.0
2455715.76494 17.069 0.009 4.31 342.0
2455716.59170 17.041 0.014 7.26 413.0
2455716.60434 17.072 0.011 5.11 384.0
2455716.61906 17.080 0.011 5.46 366.0
2455716.63168 17.078 0.011 5.52 360.0
2455716.82829 17.075 0.011 5.28 354.0
2455721.71282 17.067 0.010 5.55 435.0
2455721.91385 17.076 0.016 7.24 876.0
2455722.76675 17.073 0.010 3.89 449.0
2455723.63532 17.064 0.011 5.09 432.0
2455723.80345 17.082 0.010 4.67 381.0
2455724.66362 17.062 0.012 5.05 501.0
2455725.56590 17.083 0.012 4.69 579.0
2455725.77939 17.052 0.011 4.45 610.0
2455726.68752 17.039 0.011 4.29 739.0
2455734.66356 17.066 0.014 6.94 523.0
2455734.84580 17.088 0.015 6.91 512.0
2455735.79249 17.059 0.011 5.13 403.0
2455736.54166 17.066 0.011 4.66 504.0
2455736.70883 17.064 0.009 4.15 329.0
2455737.53746 17.076 0.011 4.88 499.0
2455737.72704 17.083 0.009 4.17 303.0
2455737.89458 17.092 0.012 5.78 537.0
2455738.75280 17.051 0.009 4.27 365.0
2455739.62272 17.056 0.010 5.09 337.0
2455739.81079 17.066 0.012 6.40 410.0
2455740.62447 17.099 0.013 7.24 343.0
2455740.81150 17.082 0.012 5.88 447.0
2455741.58199 17.074 0.010 4.35 375.0
2455741.76059 17.083 0.010 4.18 322.0
2455742.50886 17.060 0.012 4.80 610.0
2455742.69336 17.066 0.010 4.30 327.0
2455742.84882 17.073 0.010 4.64 423.0
2455743.74327 17.082 0.012 4.78 450.0
2455744.50111 17.054 0.015 6.85 600.0
2455744.67696 17.068 0.010 4.62 358.0
2455745.49023 17.072 0.013 6.84 488.0
2455745.66535 17.054 0.010 4.42 376.0
2455746.70509 17.054 0.011 5.54 342.0
2455747.58874 17.043 0.019 9.30 490.0
2455747.76554 17.098 0.015 7.25 399.0
2455749.54103 17.067 0.012 5.83 433.0
2455749.70761 17.089 0.012 6.58 346.0
2455752.58536 17.083 0.014 6.62 518.0
2455752.77633 17.134 0.015 6.45 598.0
2455753.71315 17.102 0.015 5.51 999.0
2455759.83542 17.088 0.016 5.91 892.0
2455760.48089 17.069 0.017 7.11 641.0
2455760.67464 17.053 0.011 5.13 505.0
2455761.49560 17.080 0.007 4.37 385.0
2455762.54031 17.073 0.011 4.72 414.0
2455762.69636 17.089 0.012 4.89 413.0
2455763.57629 17.072 0.009 3.89 391.0
2455763.76204 17.063 0.012 5.00 588.0
2455764.57942 17.073 0.010 4.66 423.0
2455764.78591 17.089 0.011 5.57 458.0
2455765.65023 17.077 0.010 3.96 440.0
2455766.50995 17.079 0.011 5.35 384.0
2455766.69632 17.081 0.010 5.12 331.0
2455767.57450 17.078 0.011 4.81 426.0
2455767.78258 17.039 0.014 7.08 439.0
2455768.63669 17.088 0.010 4.41 421.0
2455769.47365 17.101 0.013 5.51 513.0
2455769.67797 17.067 0.010 4.95 336.0
2455770.75402 17.105 0.012 5.40 406.0
2455776.60894 17.069 0.014 7.03 372.0
2455777.52599 17.072 0.009 3.95 420.0
2455777.77335 17.071 0.011 5.38 457.0
2455779.60105 17.071 0.011 5.32 381.0
2455785.62816 17.080 0.014 5.48 634.0
2455786.57178 17.104 0.014 5.83 617.0
2455787.60792 17.070 0.011 4.37 567.0
2455788.50736 17.107 0.013 5.68 465.0
2455788.69296 17.059 0.017 7.36 612.0
2455790.59073 17.083 0.013 6.12 426.0
2455791.47728 17.037 0.014 6.87 495.0
2455793.59747 17.072 0.012 6.42 383.0
2455794.47946 17.058 0.014 7.26 421.0
2455794.67808 17.079 0.011 4.90 417.0
2455795.72534 17.062 0.012 6.04 408.0
2455796.65236 17.077 0.012 5.96 373.0
2455801.57377 17.085 0.013 6.70 355.0
2455802.56496 17.088 0.013 6.59 391.0
2455804.55730 17.056 0.012 6.22 393.0
2455805.50722 17.075 0.010 4.23 371.0
2455806.50040 17.098 0.014 6.41 465.0
2455807.63713 17.071 0.013 5.79 415.0
2455812.61953 17.055 0.014 5.40 701.0
2455813.60311 17.068 0.010 3.92 635.0
2455815.57137 17.059 0.010 3.49 556.0
2455816.55176 17.070 0.012 4.95 615.0
2455817.55276 17.077 0.012 5.24 541.0
2455818.53419 17.061 0.013 5.56 541.0
2455819.54288 17.109 0.013 5.19 556.0
2455820.51155 17.054 0.014 5.95 526.0
2455822.51213 17.090 0.015 7.27 368.0
2455822.60070 17.049 0.012 5.36 390.0
2455823.53216 17.081 0.013 5.94 441.0
2455823.61926 17.105 0.016 7.29 490.0
2455824.55558 17.088 0.011 4.60 404.0
2455824.63322 17.074 0.013 6.24 462.0
2455825.57215 17.077 0.012 4.98 488.0
2455826.49529 17.064 0.013 5.53 433.0
2455826.58265 17.110 0.015 6.49 497.0
2455827.52135 17.043 0.014 6.12 561.0
2455827.60174 17.063 0.015 7.60 529.0
2455828.53486 17.084 0.011 4.80 394.0
2455828.61013 17.081 0.012 5.33 517.0
2455829.54554 17.056 0.011 5.01 463.0
2455829.62163 17.065 0.012 7.05 509.0
2455830.55855 17.075 0.012 6.30 442.0
2455831.53073 17.085 0.011 5.24 432.0
2455831.60399 17.043 0.013 7.58 495.0
2455832.55368 17.084 0.013 6.22 491.0
2455833.51179 17.069 0.011 4.79 443.0
2455833.58951 17.052 0.014 7.15 454.0
2455834.54893 17.047 0.011 5.69 400.0
2455835.53241 17.064 0.016 6.86 511.0
2455836.52949 17.065 0.015 4.86 1007.0
2455836.59296 17.091 0.017 7.27 831.0
2455839.55347 17.071 0.020 5.56 1798.0
2455840.49928 17.071 0.014 5.83 586.0
2455840.60019 17.070 0.014 5.46 689.0
2455841.52691 17.075 0.015 6.14 661.0
2455841.60623 17.123 0.017 6.41 801.0
2455842.57690 17.073 0.016 6.50 698.0
2455843.52989 17.097 0.014 5.93 578.0
2455844.55374 17.047 0.015 5.94 701.0
2455845.51421 17.087 0.015 6.38 655.0
2455845.59496 17.094 0.015 5.51 909.0
2455846.55664 17.052 0.016 5.87 875.0
2455851.54331 17.082 0.012 5.68 476.0
2455852.49349 17.068 0.018 7.17 835.0
2455855.54647 17.112 0.016 6.19 670.0
2455856.55358 17.080 0.017 8.21 657.0
2455858.52585 17.025 0.019 9.05 553.0
2455860.49863 17.084 0.016 5.80 814.0
2455861.52180 17.058 0.016 7.68 633.0
2455969.87764 17.068 0.011 5.18 551.0
2455972.89380 17.037 0.013 4.16 1566.0
2455977.83180 17.053 0.011 5.89 521.0
2455978.84625 17.083 0.011 5.76 410.0
2455979.85714 17.083 0.012 5.76 445.0
2455981.88555 17.058 0.010 5.65 386.0
2455982.89070 17.082 0.010 4.50 388.0
2455983.88388 17.059 0.008 3.45 362.0
2455984.86802 17.104 0.009 3.54 358.0
2455985.85205 17.104 0.011 4.74 448.0
2455986.83330 17.064 0.010 5.08 440.0
2455987.80664 17.058 0.014 6.88 509.0
2455987.89805 17.074 0.010 4.24 437.0
2455988.88552 17.083 0.010 4.31 406.0
2455989.86055 17.106 0.013 6.75 339.0
2455990.82507 17.083 0.010 5.56 371.0
2455991.79867 17.091 0.013 5.90 550.0
2455991.89312 17.078 0.009 4.52 350.0
2455992.85863 17.063 0.010 4.33 433.0
2455993.83830 17.071 0.012 5.26 493.0
2455994.79238 17.102 0.013 5.33 786.0
2455994.89750 17.074 0.010 4.27 564.0
2455995.77624 17.069 0.012 4.55 729.0
2455995.91001 17.096 0.013 3.77 1253.0
2455996.85206 17.055 0.009 4.10 484.0
2455997.80788 17.079 0.012 5.39 522.0
2455997.89423 17.076 0.009 3.85 475.0
2455998.84581 17.094 0.010 4.28 490.0
2455999.77463 17.092 0.014 5.32 934.0
2455999.86778 17.053 0.010 4.01 506.0
2456003.85608 17.092 0.014 6.76 505.0
2456004.78792 17.043 0.011 5.46 441.0
2456004.88427 17.050 0.010 5.07 406.0
2456005.80553 17.082 0.010 5.03 356.0
2456005.91086 17.096 0.009 3.61 457.0
2456006.84215 17.108 0.010 4.39 345.0
2456007.75150 17.072 0.010 5.10 339.0
2456007.85156 17.049 0.010 5.20 346.0
2456008.74681 17.066 0.010 4.91 417.0
2456008.83628 17.056 0.010 4.76 361.0
2456009.74755 17.084 0.011 5.24 453.0
2456009.84699 17.081 0.009 3.86 414.0
2456010.73878 17.039 0.012 5.74 642.0
2456010.83012 17.097 0.010 4.27 397.0
2456010.91777 17.091 0.011 3.29 979.0
2456011.82772 17.056 0.013 4.86 753.0
2456012.74016 17.055 0.010 5.76 354.0
2456012.83438 17.064 0.009 4.45 300.0
2456012.92151 17.075 0.010 3.44 812.0
2456013.81882 17.068 0.009 4.73 313.0
2456013.92252 17.076 0.016 4.22 1905.0
2456014.79496 17.071 0.009 4.55 339.0
2456014.89409 17.071 0.011 5.47 324.0
2456015.77296 17.074 0.009 4.03 339.0
2456015.84007 17.071 0.008 3.78 314.0
2456016.75469 17.066 0.009 4.62 365.0
2456016.83460 17.086 0.009 4.48 352.0
2456017.74275 17.103 0.009 4.29 372.0
2456017.81921 17.077 0.008 3.80 331.0
2456017.91915 17.094 0.010 4.03 639.0
2456018.80810 17.113 0.013 7.39 332.0
2456018.91380 17.085 0.009 3.80 353.0
2456019.78722 17.057 0.010 4.75 348.0
2456019.88235 17.082 0.009 4.28 333.0
2456020.74172 17.061 0.010 5.17 393.0
2456020.83560 17.078 0.009 4.17 315.0
2456020.91546 17.094 0.011 4.96 386.0
2456021.76447 17.084 0.011 4.93 452.0
2456021.84222 17.075 0.009 4.03 376.0
2456022.71321 17.104 0.016 5.83 1048.0
2456022.78950 17.079 0.010 4.42 466.0
2456022.88572 17.114 0.010 4.45 420.0
2456023.74582 17.048 0.010 4.47 599.0
2456023.82570 17.050 0.009 3.73 535.0
2456024.70417 17.073 0.014 5.80 793.0
2456024.78275 17.063 0.011 4.67 589.0
2456024.89528 17.060 0.011 4.00 619.0
2456025.76884 17.070 0.013 5.50 629.0
2456025.86246 17.130 0.012 4.57 599.0
2456029.89424 17.080 0.010 4.24 535.0
2456031.89093 17.094 0.015 6.74 483.0
2456032.83486 17.064 0.010 4.55 367.0
2456033.75948 17.069 0.011 6.05 403.0
2456034.70745 17.077 0.010 4.72 376.0
2456035.84172 17.096 0.010 4.25 395.0
2456036.83485 17.062 0.008 3.41 364.0
2456037.78373 17.041 0.010 5.00 392.0
2456038.75282 17.096 0.010 5.42 355.0
2456039.74694 17.068 0.012 6.05 405.0
2456040.73872 17.060 0.011 5.70 362.0
2456040.92293 17.050 0.011 5.01 460.0
2456041.87627 17.081 0.010 4.28 442.0
2456046.92151 17.081 0.010 4.50 425.0
2456047.82448 17.116 0.013 4.61 445.0
2456048.76589 17.066 0.010 4.03 334.0
2456049.68254 17.081 0.011 4.46 490.0
2456049.87703 17.074 0.009 3.75 414.0
2456050.77098 17.088 0.010 4.14 472.0
2456051.64781 17.065 0.012 5.38 626.0
2456052.76537 17.087 0.012 4.65 595.0
2456052.92302 17.083 0.011 4.24 655.0
2456053.79647 17.046 0.011 3.69 798.0
2456054.89049 17.092 0.018 3.32 3818.0
2456058.82070 17.078 0.011 5.50 424.0
2456059.71144 17.064 0.010 4.87 377.0
2456059.88733 17.055 0.010 4.33 438.0
2456061.78633 17.083 0.010 4.07 420.0
2456062.65501 17.078 0.012 6.04 501.0
2456062.83722 17.082 0.010 4.12 510.0
2456063.80639 17.071 0.014 7.06 389.0
2456064.72910 17.074 0.009 4.07 374.0
2456064.91393 17.084 0.010 4.57 512.0
2456065.74885 17.081 0.009 3.93 390.0
2456066.67725 17.096 0.009 3.79 393.0
2456066.86032 17.068 0.009 3.83 463.0
2456067.66423 17.115 0.010 4.43 387.0
2456067.84139 17.086 0.009 3.33 396.0
2456068.66742 17.053 0.009 3.87 415.0
2456068.88679 17.055 0.009 3.65 474.0
2456069.62057 17.078 0.010 5.27 358.0
2456069.82756 17.083 0.009 3.47 348.0
2456070.62853 17.048 0.012 6.24 420.0
2456070.80505 17.049 0.010 4.40 386.0
2456071.60316 17.078 0.010 4.66 371.0
2456071.76893 17.096 0.011 5.47 371.0
2456071.93753 17.044 0.013 6.10 572.0
2456075.75719 17.067 0.009 3.86 326.0
2456076.61519 17.071 0.010 4.99 419.0
2456076.80005 17.063 0.009 3.99 368.0
2456077.71427 17.077 0.010 5.01 380.0
2456077.91606 17.094 0.010 4.25 484.0
2456078.72464 17.072 0.009 3.70 440.0
2456078.89953 17.109 0.010 3.93 529.0
2456079.69806 17.101 0.010 5.12 402.0
2456079.89342 17.072 0.009 4.34 455.0
2456080.66081 17.062 0.011 5.19 594.0
2456080.83838 17.094 0.011 5.12 494.0
2456081.61809 17.075 0.014 5.57 768.0
2456081.79141 17.102 0.010 4.09 600.0
2456082.61203 17.052 0.014 5.72 894.0
2456082.81649 17.071 0.017 5.17 1378.0
2456085.62682 17.085 0.011 4.35 715.0
2456085.78717 17.096 0.011 4.45 566.0
2456086.55877 17.076 0.011 5.85 390.0
2456086.73122 17.061 0.009 3.82 459.0
2456086.91496 17.054 0.016 6.90 703.0
2456087.82189 17.070 0.011 4.36 562.0
2456088.66457 17.065 0.009 4.22 330.0
2456089.77863 17.044 0.009 4.27 566.0
2456092.62476 17.061 0.009 5.00 353.0
2456092.91213 17.056 0.015 6.69 604.0
2456093.70499 17.087 0.010 5.34 332.0
2456094.57903 17.057 0.013 6.67 440.0
2456094.76501 17.073 0.011 5.66 418.0
2456096.57618 17.103 0.012 6.12 392.0
2456096.77654 17.104 0.011 5.60 395.0
2456097.67965 17.092 0.011 5.80 352.0
2456097.86833 17.052 0.012 5.34 478.0
2456098.66183 17.072 0.012 6.37 390.0
2456098.84264 17.059 0.011 5.11 447.0
2456100.51700 17.056 0.014 6.47 584.0
2456100.71065 17.084 0.010 4.32 374.0
2456100.87567 17.070 0.013 6.13 531.0
2456101.64047 17.081 0.009 4.44 396.0
2456101.82419 17.086 0.011 4.79 600.0
2456102.62385 17.061 0.010 5.23 381.0
2456102.78069 17.095 0.010 3.64 454.0
2456103.53163 17.086 0.011 4.25 525.0
2456103.71071 17.100 0.010 3.96 412.0
2456104.53227 17.068 0.009 3.83 498.0
2456104.69538 17.092 0.009 3.47 337.0
2456104.86403 17.062 0.012 6.54 410.0
2456105.62742 17.066 0.010 4.77 353.0
2456106.62728 17.058 0.013 6.59 455.0
2456108.62295 17.050 0.011 4.50 670.0
2456108.79499 17.093 0.010 4.44 549.0
2456109.78752 17.100 0.015 4.19 1567.0
2456113.59179 17.081 0.012 4.85 669.0
2456113.75010 17.062 0.012 4.39 736.0
2456114.59993 17.075 0.012 4.81 542.0
2456114.77155 17.090 0.011 4.31 586.0
2456115.53630 17.058 0.010 4.71 464.0
2456115.75166 17.058 0.011 5.75 399.0
2456116.57778 17.042 0.009 4.77 343.0
2456116.75885 17.068 0.010 4.64 419.0
2456117.55472 17.097 0.010 4.76 401.0
2456117.73350 17.081 0.010 4.76 441.0
2456118.50736 17.078 0.011 5.41 428.0
2456118.69593 17.064 0.009 4.10 338.0
2456118.83972 17.047 0.011 5.17 501.0
2456119.64875 17.089 0.009 5.21 293.0
2456119.79248 17.071 0.011 5.23 388.0
2456120.67946 17.084 0.009 4.45 270.0
2456121.47807 17.056 0.009 4.48 379.0
2456121.65828 17.083 0.008 4.12 279.0
2456123.51557 17.077 0.014 7.41 445.0
2456123.69151 17.073 0.009 4.76 292.0
2456124.48695 17.091 0.012 5.75 446.0
2456124.69845 17.081 0.010 4.63 332.0
2456125.70124 17.099 0.010 4.81 329.0
2456126.53008 17.092 0.011 5.41 357.0
2456126.73687 17.056 0.011 6.46 334.0
2456127.65877 17.061 0.010 5.58 329.0
2456128.63194 17.086 0.009 4.56 319.0
2456131.50564 17.087 0.012 6.36 329.0
2456131.78297 17.077 0.010 5.40 406.0
2456132.76298 17.063 0.011 4.68 399.0
2456133.69259 17.062 0.011 5.89 337.0
2456134.59359 17.070 0.014 7.41 398.0
2456135.56481 17.076 0.012 5.76 423.0
2456135.78262 17.075 0.011 5.52 420.0
2456140.56977 17.077 0.014 5.71 759.0
2456140.74300 17.030 0.020 7.81 925.0
2456141.59746 17.081 0.014 6.07 599.0
2456141.76347 17.119 0.014 4.80 869.0
2456143.53583 17.066 0.012 6.04 427.0
2456147.64990 17.072 0.014 8.01 314.0
2456148.59616 17.071 0.009 4.68 289.0
2456149.60644 17.071 0.012 6.13 354.0
2456150.63967 17.071 0.010 4.85 326.0
2456151.62254 17.080 0.011 5.97 358.0
2456152.50000 17.070 0.011 5.74 319.0
2456152.70656 17.057 0.008 4.74 308.0
2456154.68129 17.092 0.011 5.74 341.0
2456158.51637 17.087 0.009 4.52 387.0
2456158.69810 17.045 0.010 4.39 475.0
2456159.62956 17.074 0.010 4.97 355.0
2456160.62058 17.083 0.010 4.78 348.0
2456161.51632 17.061 0.012 6.77 332.0
2456164.49368 17.081 0.010 4.67 440.0
2456164.70579 17.044 0.018 7.84 682.0
2456165.60286 17.095 0.012 5.04 534.0
2456165.63375 17.087 0.013 4.67 900.0
2456165.66075 17.130 0.013 5.41 628.0
2456165.68877 17.057 0.015 5.95 997.0
2456165.71326 17.046 0.015 6.71 796.0
2456166.51310 17.062 0.012 5.56 533.0
2456166.55986 17.081 0.012 5.01 715.0
2456166.61515 17.072 0.011 3.88 822.0
2456166.66864 17.075 0.011 4.52 686.0
2456167.50316 17.080 0.011 4.30 665.0
2456167.68448 17.108 0.022 4.50 3173.0
2456168.60153 17.071 0.010 4.01 621.0
2456169.49496 17.083 0.012 5.20 595.0
2456169.67849 17.098 0.013 5.22 771.0
2456171.58842 17.085 0.011 4.35 596.0
2456171.63976 17.060 0.018 6.12 1281.0
2456172.60967 17.074 0.009 3.80 461.0
2456174.58137 17.117 0.014 6.41 520.0
2456175.55944 17.077 0.011 5.23 438.0
2456179.50771 17.079 0.013 6.30 649.0
2456179.54749 17.086 0.012 5.98 423.0
2456180.52124 17.060 0.012 5.93 422.0
2456181.48122 17.098 0.012 5.03 583.0
2456182.48231 17.051 0.012 5.31 496.0
2456183.49203 17.082 0.012 5.72 389.0
2456184.58838 17.065 0.009 4.23 315.0
2456185.48401 17.077 0.009 4.17 386.0
2456186.49496 17.089 0.012 5.78 380.0
2456190.53131 17.095 0.011 5.31 441.0
2456191.58358 17.080 0.011 4.66 388.0
2456195.53478 17.085 0.011 4.36 521.0
2456195.61277 17.111 0.012 4.47 653.0
2456196.53267 17.085 0.014 5.79 610.0
2456196.61445 17.058 0.014 6.27 731.0
2456197.53407 17.064 0.012 4.99 570.0
2456198.50224 17.069 0.017 7.76 565.0
2456199.56311 17.087 0.017 7.36 569.0
2456201.51543 17.082 0.017 7.71 515.0
2456203.50592 17.065 0.013 5.96 472.0
2456203.59578 17.098 0.017 7.24 686.0
2456204.54908 17.131 0.012 4.90 484.0
2456205.49036 17.079 0.012 5.38 486.0
2456205.57155 17.058 0.011 5.09 381.0
2456208.51587 17.107 0.013 6.09 467.0
2456210.54277 17.104 0.011 5.29 424.0
2456211.49282 17.077 0.011 4.65 500.0
2456211.57367 17.081 0.011 4.90 440.0
2456212.49290 17.074 0.011 4.46 542.0
2456212.56980 17.071 0.011 4.93 541.0
2456213.52221 17.113 0.011 4.94 437.0
2456214.49613 17.084 0.012 5.57 463.0
2456216.50188 17.078 0.012 5.77 444.0
2456217.52509 17.096 0.010 4.18 418.0
2456218.50977 17.073 0.013 5.76 508.0
2456219.51713 17.073 0.008 4.82 256.0
2456221.51576 17.086 0.016 5.36 979.0
2456221.54318 17.116 0.018 6.37 936.0
2456223.55836 17.087 0.015 6.28 741.0
2456226.50365 17.112 0.015 6.00 706.0
2456231.50435 17.082 0.015 5.26 929.0
2456233.53597 17.043 0.015 7.14 606.0
2456238.51272 17.092 0.016 5.80 754.0
2456334.87984 16.991 0.010 5.39 383.0
2456335.86009 16.975 0.010 5.12 385.0
2456337.87118 16.947 0.010 6.08 362.0
2456338.84967 16.957 0.010 6.14 359.0
2456338.89329 16.980 0.011 4.13 800.0
2456340.85581 16.998 0.009 4.77 330.0
2456341.89460 16.970 0.012 6.05 614.0
2456343.86043 16.912 0.010 6.72 353.0
2456344.86117 16.934 0.008 4.09 351.0
2456345.88046 16.986 0.009 4.16 341.0
2456347.88320 16.941 0.009 4.81 487.0
2456348.88060 16.943 0.009 4.41 462.0
2456349.88828 16.950 0.012 5.68 584.0
2456350.89993 16.945 0.011 4.34 910.0
2456351.90607 16.950 0.015 4.10 2101.0
2456352.89728 16.954 0.009 4.26 562.0
2456353.88595 16.988 0.009 4.24 435.0
2456354.89057 16.991 0.009 4.67 472.0
2456360.80967 16.965 0.008 3.96 365.0
2456360.89605 16.930 0.008 4.77 350.0
2456361.87026 16.952 0.008 4.40 358.0
2456362.79297 16.940 0.010 5.59 396.0
2456362.90818 16.943 0.011 4.83 657.0
2456363.88266 16.943 0.008 4.64 359.0
2456367.88348 16.922 0.007 4.11 292.0
2456368.83428 16.927 0.008 4.27 321.0
2456368.91394 16.948 0.012 5.47 921.0
2456369.84444 16.923 0.008 4.63 333.0
2456370.79663 16.929 0.008 4.55 327.0
2456370.88862 16.917 0.009 5.05 352.0
2456371.81014 16.926 0.008 4.28 294.0
2456371.90198 16.931 0.008 4.65 294.0
2456372.81240 16.923 0.008 4.41 335.0
2456372.89469 16.945 0.008 5.23 326.0
2456373.82932 16.958 0.009 5.01 361.0
2456373.90839 16.945 0.010 5.67 416.0
2456374.83558 16.927 0.010 5.81 337.0
2456374.91660 16.963 0.010 5.26 541.0
2456375.85057 16.977 0.008 4.69 297.0
2456376.75816 16.966 0.010 4.85 505.0
2456376.84665 16.917 0.008 4.30 426.0
2456377.75660 16.927 0.008 4.19 548.0
2456377.85839 16.941 0.007 3.28 430.0
2456378.76572 16.948 0.009 4.45 671.0
2456378.85348 16.939 0.008 3.31 560.0
2456379.76210 16.940 0.009 4.00 726.0
2456379.85024 16.937 0.009 4.53 588.0
2456380.75319 16.935 0.008 3.94 571.0
2456380.85478 16.911 0.008 4.10 484.0
2456381.77389 16.925 0.008 4.02 545.0
2456381.86174 16.924 0.008 3.76 447.0
2456382.76829 16.952 0.012 5.34 832.0
2456382.84588 16.919 0.010 4.78 532.0
2456386.76137 16.921 0.009 5.40 370.0
2456386.86072 16.958 0.009 5.36 358.0
2456387.75993 16.920 0.008 4.40 306.0
2456387.84289 16.942 0.008 4.33 317.0
2456388.78386 16.955 0.008 4.43 309.0
2456388.89181 16.946 0.009 5.69 397.0
2456389.75298 16.936 0.009 4.99 370.0
2456389.84203 16.942 0.009 4.66 372.0
2456390.71751 16.931 0.009 5.49 393.0
2456390.79944 16.926 0.009 5.37 364.0
2456390.88901 16.936 0.009 5.58 352.0
2456391.80929 16.901 0.010 6.49 354.0
2456393.80740 16.914 0.009 5.20 373.0
2456394.77519 16.907 0.009 5.40 395.0
2456395.72627 16.918 0.008 4.45 422.0
2456395.90763 16.912 0.007 3.54 433.0
2456395.92701 16.928 0.009 3.51 849.0
2456396.86403 16.911 0.007 3.76 369.0
2456397.80986 16.924 0.008 4.08 331.0
2456398.71884 16.945 0.008 3.47 365.0
2456398.90019 16.929 0.008 3.93 346.0
2456399.82148 16.924 0.008 4.29 345.0
2456400.79692 16.931 0.008 4.53 358.0
2456401.74564 16.930 0.008 4.44 332.0
2456401.91459 16.914 0.008 3.57 402.0
2456402.84167 16.943 0.010 5.26 376.0
2456403.74881 16.920 0.008 4.21 358.0
2456403.93170 16.907 0.011 3.68 1422.0
2456404.85905 16.903 0.008 4.03 343.0
2456405.84144 16.927 0.008 4.28 706.0
2456405.87638 16.908 0.006 3.35 374.0
2456406.89762 16.902 0.009 3.53 1027.0
2456407.80329 16.929 0.010 4.81 555.0
2456408.75781 16.928 0.013 5.83 733.0
2456409.87231 16.890 0.012 5.22 893.0
2456415.81731 16.893 0.009 5.34 378.0
2456416.70389 16.913 0.009 4.75 416.0
2456416.92033 16.920 0.007 4.13 430.0
2456417.81505 16.901 0.008 4.36 408.0
2456418.67629 16.933 0.009 4.61 446.0
2456418.84014 16.901 0.007 3.27 334.0
2456419.72527 16.890 0.008 4.84 353.0
2456419.90114 16.902 0.009 4.40 441.0
2456420.74277 16.906 0.007 3.85 307.0
2456420.92637 16.935 0.008 3.90 402.0
2456422.71319 16.905 0.009 4.89 361.0
2456423.66488 16.890 0.009 4.83 456.0
2456423.86879 16.903 0.009 4.51 489.0
2456424.71952 16.912 0.008 3.83 435.0
2456424.91852 16.899 0.008 4.97 505.0
2456426.82815 16.899 0.007 3.69 366.0
2456427.92367 16.873 0.009 4.79 737.0
2456428.61889 16.895 0.010 6.72 412.0
2456428.81364 16.904 0.009 5.02 403.0
2456431.59046 16.912 0.013 7.67 502.0
2456431.80253 16.894 0.009 5.39 396.0
2456432.63465 16.893 0.010 6.10 444.0
2456432.82425 16.915 0.008 4.61 386.0
2456433.62872 16.898 0.010 6.18 439.0
2456433.82002 16.894 0.008 5.12 377.0
2456434.71298 16.934 0.009 5.20 467.0
2456434.90441 16.901 0.009 4.22 543.0
2456435.75353 16.894 0.008 4.03 558.0
2456435.93245 16.913 0.009 4.36 646.0
2456436.74115 16.902 0.009 4.02 698.0
2456436.91957 16.873 0.010 4.06 1021.0
2456441.71768 16.883 0.010 5.63 574.0
2456441.77991 16.922 0.011 5.98 683.0
2456442.56725 16.920 0.009 4.91 516.0
2456442.75517 16.901 0.008 4.00 407.0
2456442.91661 16.920 0.009 5.00 525.0
2456443.62183 16.871 0.007 5.25 557.0
2456444.70245 16.912 0.011 6.85 392.0
2456444.76290 16.906 0.009 5.31 401.0
2456444.94724 16.891 0.016 6.71 1330.0
2456445.76462 16.912 0.008 4.58 419.0
2456446.56243 16.892 0.008 4.49 393.0
2456446.75310 16.900 0.008 4.31 362.0
2456446.94564 16.877 0.012 5.46 1200.0
2456447.71186 16.890 0.008 4.74 345.0
2456447.88941 16.893 0.008 3.74 437.0
2456448.65192 16.896 0.009 5.63 358.0
2456448.83784 16.904 0.008 4.08 421.0
2456449.61160 16.882 0.008 5.14 359.0
2456449.79726 16.906 0.009 4.95 414.0
2456450.54669 16.911 0.011 5.54 522.0
2456450.74753 16.901 0.007 3.51 393.0
2456450.92075 16.928 0.010 5.94 581.0
2456451.67751 16.871 0.008 4.35 477.0
2456451.86331 16.884 0.009 5.37 428.0
2456452.64177 16.881 0.007 4.22 318.0
2456452.87722 16.897 0.008 4.66 397.0
2456454.65143 16.914 0.009 5.29 346.0
2456454.83629 16.889 0.009 5.46 363.0
2456455.62314 16.898 0.008 5.39 429.0
2456456.61807 16.885 0.007 3.81 312.0
2456456.80392 16.877 0.007 3.56 358.0
2456457.77745 16.876 0.007 3.56 333.0
2456458.56094 16.892 0.010 6.17 448.0
2456458.73679 16.893 0.008 4.36 398.0
2456458.90314 16.862 0.011 6.74 646.0
2456459.69007 16.905 0.007 3.66 340.0
2456459.86874 16.882 0.008 4.41 477.0
2456460.75539 16.899 0.008 4.89 444.0
2456461.62548 16.869 0.009 5.36 457.0
2456461.84190 16.897 0.008 4.21 462.0
2456462.70627 16.845 0.009 4.42 881.0
2456463.56773 16.895 0.010 5.44 567.0
2456463.75691 16.890 0.009 4.06 543.0
2456464.57442 16.861 0.012 5.86 733.0
2456464.75592 16.900 0.011 4.64 895.0
2456468.56073 16.891 0.010 4.69 712.0
2456468.75584 16.900 0.010 4.87 616.0
2456469.62407 16.894 0.009 4.43 507.0
2456469.84428 16.840 0.016 6.08 1479.0
2456472.62273 16.884 0.010 6.38 382.0
2456472.80401 16.881 0.010 5.66 443.0
2456473.57925 16.889 0.009 5.33 350.0
2456473.76513 16.858 0.008 4.20 383.0
2456474.69817 16.889 0.009 5.42 409.0
2456475.48865 16.888 0.011 6.41 493.0
2456475.68605 16.879 0.008 4.83 358.0
2456476.62450 16.881 0.008 4.55 419.0
2456476.81211 16.871 0.009 6.13 418.0
2456477.61747 16.891 0.009 5.26 356.0
2456477.80571 16.865 0.011 6.36 540.0
2456478.66988 16.854 0.009 6.45 437.0
2456479.74908 16.866 0.009 7.08 291.0
2456480.63108 16.890 0.009 5.68 340.0
2456481.64362 16.910 0.009 6.84 327.0
2456482.80353 16.804 0.012 7.60 545.0
2456484.53710 16.874 0.008 5.01 404.0
2456485.64207 16.894 0.007 4.22 311.0
2456486.57624 16.862 0.008 5.98 334.0
2456486.78673 16.863 0.008 3.99 395.0
2456487.57588 16.862 0.007 4.31 348.0
2456487.77567 16.882 0.007 3.94 408.0
2456490.46987 16.881 0.010 5.16 648.0
2456490.65323 16.871 0.008 4.13 398.0
2456491.49856 16.844 0.010 6.07 542.0
2456491.71820 16.867 0.008 4.55 436.0
2456492.53461 16.876 0.009 5.00 567.0
2456492.72482 16.894 0.009 4.90 420.0
2456496.55565 16.897 0.012 5.95 759.0
2456497.65126 16.887 0.010 5.93 473.0
2456498.48576 16.857 0.007 3.96 396.0
2456498.66573 16.869 0.008 4.32 412.0
2456499.49957 16.859 0.008 4.97 397.0
2456500.65147 16.821 0.011 7.29 473.0
2456501.63955 16.866 0.008 4.95 314.0
2456504.65390 16.880 0.009 5.58 425.0
2456505.55159 16.873 0.009 5.17 375.0
2456505.75009 16.844 0.009 5.70 454.0
2456506.68788 16.868 0.011 7.39 346.0
2456507.73823 16.846 0.011 5.91 484.0
2456508.64732 16.860 0.007 4.03 347.0
2456509.57137 16.878 0.007 3.78 358.0
2456509.73872 16.874 0.009 6.45 438.0
2456510.62894 16.855 0.007 3.83 332.0
2456511.57233 16.857 0.009 5.66 358.0
2456512.73761 16.839 0.010 7.14 409.0
2456514.69872 16.883 0.008 4.82 337.0
2456516.63597 16.874 0.008 5.61 308.0
2456519.60106 16.863 0.008 3.75 397.0
2456523.53073 16.883 0.009 4.08 660.0
2456524.63552 16.870 0.010 4.85 677.0
2456525.64442 16.871 0.012 6.01 681.0
2456528.57814 16.880 0.009 4.86 932.0
2456531.47915 16.873 0.012 7.48 463.0
2456532.48090 16.883 0.009 5.19 417.0
2456533.49201 16.836 0.010 5.61 470.0
2456534.57163 16.861 0.009 5.24 402.0
2456536.49498 16.857 0.008 4.29 410.0
2456538.58547 16.856 0.009 6.34 347.0
2456539.64272 16.838 0.006 5.26 487.0
2456543.50220 16.832 0.010 6.21 393.0
2456544.54561 16.865 0.008 5.64 332.0
2456545.58911 16.869 0.008 5.56 345.0
2456546.63678 16.873 0.011 7.42 552.0
2456553.54674 16.884 0.014 6.21 1064.0
2456558.49702 16.848 0.008 4.34 418.0
2456559.54041 16.848 0.009 5.02 487.0
2456560.59024 16.876 0.011 6.51 519.0
2456562.54765 16.867 0.009 6.50 362.0
2456563.57537 16.861 0.010 6.20 380.0
2456564.51366 16.833 0.010 6.56 421.0
2456564.59939 16.831 0.010 7.59 461.0
2456565.57698 16.849 0.010 5.31 451.0
2456567.55332 16.843 0.010 5.66 439.0
2456568.54986 16.826 0.010 6.20 454.0
2456569.51053 16.836 0.008 4.12 392.0
2456569.59265 16.854 0.010 6.07 401.0
2456570.57513 16.849 0.012 7.46 432.0
2456571.58288 16.817 0.011 7.14 503.0
2456572.54305 16.843 0.009 5.10 435.0
2456573.51651 16.871 0.009 5.11 497.0
2456576.51598 16.852 0.016 5.08 2119.0
2456576.58324 16.856 0.020 6.98 2193.0
2456577.57233 16.814 0.013 6.02 1091.0
2456578.56610 16.853 0.011 6.72 586.0
2456579.52261 16.865 0.011 6.10 621.0
2456580.53151 16.892 0.016 6.99 1369.0
2456581.52393 16.842 0.011 5.92 603.0
2456582.50101 16.882 0.011 5.59 650.0
2456583.50113 16.845 0.013 6.40 792.0
2456584.48906 16.816 0.015 5.69 1501.0
2456585.49434 16.848 0.012 5.81 734.0
2456594.50792 16.851 0.013 7.06 639.0
