2455260.88127 19.315 0.065 3.95 720.0
2455261.81224 19.182 0.062 4.29 685.0
2455265.86672 19.298 0.074 5.08 741.0
2455266.81307 19.228 0.070 5.47 584.0
2455267.84030 19.323 0.074 5.38 537.0
2455268.84273 19.168 0.057 4.76 526.0
2455269.80640 19.231 0.054 4.53 521.0
2455270.81208 19.154 0.052 4.10 511.0
2455271.80758 19.225 0.060 4.46 576.0
2455272.81275 19.291 0.080 6.00 527.0
2455273.79776 19.194 0.057 4.78 515.0
2455274.81625 19.286 0.070 5.16 533.0
2455275.80260 19.255 0.073 4.83 648.0
2455276.78076 19.255 0.066 4.73 535.0
2455276.90824 19.159 0.063 4.90 606.0
2455277.81730 19.108 0.089 6.94 579.0
2455278.81287 19.160 0.065 5.49 534.0
2455279.81414 19.233 0.072 5.38 527.0
2455280.82075 19.210 0.056 4.29 548.0
2455281.80067 19.246 0.056 4.42 519.0
2455282.82340 19.266 0.068 5.05 623.0
2455283.78350 19.240 0.083 5.35 739.0
2455283.87482 19.427 0.090 5.96 601.0
2455284.78910 19.180 0.088 6.39 841.0
2455285.77995 19.279 0.092 5.46 943.0
2455285.90993 19.178 0.068 4.92 785.0
2455286.79556 19.112 0.089 5.81 868.0
2455287.84873 19.208 0.065 4.61 763.0
2455288.77411 19.219 0.066 4.01 880.0
2455289.82598 19.202 0.092 5.61 1105.0
2455293.85390 19.313 0.064 4.60 554.0
2455294.78803 19.153 0.050 4.64 468.0
2455295.79001 19.176 0.054 5.14 455.0
2455296.83036 19.226 0.046 3.72 468.0
2455297.86502 19.294 0.047 3.60 453.0
2455298.90532 19.172 0.048 4.02 495.0
2455299.88920 19.235 0.048 3.87 479.0
2455301.81634 19.117 0.047 4.11 499.0
2455304.77869 19.230 0.081 6.78 615.0
2455306.77615 19.207 0.065 5.97 501.0
2455307.80148 19.244 0.057 4.88 532.0
2455308.79159 19.302 0.068 5.68 510.0
2455309.83942 19.303 0.067 5.33 508.0
2455311.92358 19.140 0.062 4.88 630.0
2455312.91301 19.171 0.059 4.78 567.0
2455314.67284 19.141 0.115 6.89 1219.0
2455314.88746 19.141 0.071 4.82 943.0
2455315.81352 19.191 0.066 4.13 951.0
2455319.91314 19.341 0.139 3.82 3626.0
2455320.80723 19.191 0.066 4.70 760.0
2455321.75407 19.192 0.075 5.83 656.0
2455322.70949 19.271 0.094 8.10 665.0
2455322.92267 19.216 0.066 4.49 738.0
2455323.86696 19.313 0.072 4.81 695.0
2455324.79712 19.392 0.108 6.87 579.0
2455325.71323 19.137 0.052 4.36 507.0
2455325.91418 19.091 0.061 4.82 604.0
2455326.83916 19.103 0.052 4.40 540.0
2455327.78682 19.195 0.062 4.78 515.0
2455328.68607 19.321 0.068 4.45 562.0
2455328.90956 19.053 0.051 3.92 644.0
2455334.83901 19.103 0.054 4.67 522.0
2455335.80348 19.242 0.056 4.33 527.0
2455336.90010 19.189 0.068 4.68 670.0
2455337.90053 19.021 0.062 5.04 719.0
2455339.65932 19.107 0.077 5.71 752.0
2455339.93469 19.144 0.076 4.92 945.0
2455340.87658 19.073 0.065 4.86 805.0
2455341.80740 19.095 0.058 4.22 766.0
2455342.63533 19.236 0.124 6.99 935.0
2455342.83119 19.303 0.091 5.34 878.0
2455343.65546 19.215 0.092 5.33 1055.0
2455343.84862 19.088 0.066 4.39 1009.0
2455348.79575 18.911 0.052 5.06 605.0
2455349.67608 18.967 0.061 5.35 739.0
2455350.68449 19.241 0.091 6.53 597.0
2455351.80540 19.299 0.073 4.81 658.0
2455353.77276 19.160 0.053 4.00 520.0
2455354.73979 19.279 0.073 5.69 527.0
2455355.67516 19.238 0.064 5.01 556.0
2455357.67372 19.275 0.072 5.60 543.0
2455358.84213 19.184 0.065 5.25 537.0
2455359.67852 19.254 0.066 5.33 550.0
2455359.90096 19.211 0.095 6.51 736.0
2455362.88340 19.173 0.087 6.10 722.0
2455365.54390 19.126 0.094 7.26 744.0
2455365.87202 19.120 0.083 6.44 654.0
2455369.82904 19.135 0.069 4.69 817.0
2455376.80277 19.308 0.132 7.26 851.0
2455377.73526 19.132 0.060 4.52 601.0
2455378.59709 19.246 0.063 5.52 477.0
2455379.77097 18.939 0.048 4.46 567.0
2455380.61601 19.313 0.063 5.06 429.0
2455381.72832 19.149 0.092 7.20 567.0
2455382.60364 19.392 0.117 7.57 556.0
2455382.81096 18.938 0.077 7.07 614.0
2455385.81358 19.025 0.047 4.60 458.0
2455386.51649 19.105 0.058 5.26 829.0
2455386.59856 19.171 0.063 5.85 679.0
2455386.68306 19.185 0.054 4.48 598.0
2455386.82788 18.953 0.045 4.49 476.0
2455387.81093 19.189 0.069 6.60 493.0
2455388.76748 19.105 0.056 5.00 391.0
2455389.65513 19.028 0.058 6.16 401.0
2455390.60106 19.338 0.080 6.08 449.0
2455391.50641 19.208 0.084 6.73 562.0
2455392.77578 19.229 0.055 4.51 432.0
2455393.75193 19.199 0.101 8.22 492.0
2455396.66572 19.190 0.063 5.10 508.0
2455397.70390 19.181 0.087 6.77 566.0
2455403.48397 19.241 0.068 4.41 943.0
2455403.67656 19.183 0.068 4.20 912.0
2455404.54761 19.355 0.084 5.66 677.0
2455404.74646 19.288 0.082 4.69 765.0
2455405.76020 19.266 0.081 5.10 674.0
2455407.61637 19.366 0.099 6.59 510.0
2455408.53494 19.385 0.114 7.50 546.0
2455408.73698 19.048 0.078 6.76 595.0
2455409.73903 18.949 0.052 4.95 576.0
2455410.74271 19.187 0.067 5.43 542.0
2455411.75620 19.238 0.069 5.20 587.0
2455412.67616 19.319 0.075 5.69 491.0
2455413.74810 19.324 0.069 5.56 434.0
2455414.77115 19.209 0.058 5.10 498.0
2455418.65128 19.334 0.061 4.74 402.0
2455421.67114 19.203 0.062 5.76 411.0
2455423.48781 19.277 0.059 4.97 457.0
2455426.50679 19.191 0.074 4.61 925.0
2455430.57738 19.296 0.087 5.60 752.0
2455431.57262 19.319 0.086 5.25 777.0
2455434.53766 19.329 0.084 5.19 581.0
2455435.50864 19.172 0.080 6.66 543.0
2455436.50720 19.016 0.065 6.15 502.0
2455438.54178 19.209 0.077 5.70 519.0
2455439.60963 19.325 0.090 6.20 499.0
2455443.62393 19.177 0.065 5.56 500.0
2455444.64956 19.082 0.057 5.16 543.0
2455446.53859 19.191 0.059 4.54 501.0
2455447.54877 19.271 0.068 5.23 489.0
2455449.48160 19.064 0.092 7.53 642.0
2455450.55972 19.179 0.078 6.30 519.0
2455453.49822 19.570 0.114 6.16 732.0
2455457.59193 19.081 0.057 3.91 908.0
2455459.48166 19.206 0.074 4.73 865.0
2455460.49822 19.376 0.110 6.36 659.0
2455461.52963 19.401 0.158 6.09 1821.0
2455462.56810 19.285 0.077 4.71 707.0
2455465.53924 19.219 0.101 7.56 570.0
2455467.52097 19.111 0.052 4.47 541.0
2455469.51904 19.167 0.054 4.38 522.0
2455470.54327 19.343 0.080 5.46 566.0
2455471.54877 19.329 0.078 5.70 509.0
2455472.49117 19.158 0.079 6.28 628.0
2455472.58583 19.072 0.065 5.92 588.0
2455473.53188 19.480 0.089 5.23 533.0
2455476.53218 19.221 0.098 7.15 593.0
2455478.51108 19.321 0.073 4.68 558.0
2455479.54028 19.144 0.105 8.16 585.0
2455480.53147 19.046 0.068 5.71 607.0
2455481.50042 19.058 0.102 6.70 1029.0
2455485.54742 19.194 0.082 5.29 809.0
2455486.53366 19.169 0.088 5.56 797.0
2455487.51679 19.199 0.066 4.72 698.0
2455488.50405 19.267 0.083 5.07 836.0
2455489.49022 19.361 0.148 6.42 1328.0
2455490.54736 19.307 0.123 6.44 925.0
2455493.51796 19.480 0.163 7.55 886.0
2455495.50727 19.224 0.068 4.80 661.0
2455497.50677 19.242 0.095 6.36 688.0
2455499.50966 19.293 0.116 7.23 749.0
2455504.50220 19.027 0.102 6.56 969.0
2455598.88437 19.274 0.123 6.21 1350.0
2455600.88047 19.160 0.071 5.27 701.0
2455616.89910 19.363 0.105 5.09 1145.0
2455622.89836 19.080 0.049 3.91 632.0
2455625.83207 19.051 0.051 4.82 498.0
2455627.82540 19.161 0.060 5.49 477.0
2455628.90814 19.185 0.090 5.49 1044.0
2455629.83551 19.087 0.060 6.15 456.0
2455631.86418 19.225 0.066 5.65 506.0
2455633.81928 19.125 0.052 4.57 520.0
2455634.81304 19.352 0.074 5.56 477.0
2455637.84932 19.211 0.083 7.06 498.0
2455639.80794 19.141 0.064 4.77 704.0
2455639.88346 19.174 0.067 5.43 599.0
2455640.79040 19.175 0.081 5.39 806.0
2455640.87641 19.430 0.078 4.67 660.0
2455641.78472 19.182 0.062 4.53 738.0
2455641.91002 19.240 0.096 7.82 769.0
2455642.84606 19.245 0.066 4.74 689.0
2455643.77282 19.412 0.082 4.60 795.0
2455643.87086 19.147 0.053 4.03 673.0
2455644.78054 19.209 0.078 4.69 1042.0
2455644.89185 19.395 0.078 5.24 710.0
2455648.76242 19.277 0.069 5.62 501.0
2455648.86998 19.349 0.066 5.25 466.0
2455649.76884 19.187 0.063 6.04 427.0
2455649.87523 19.351 0.073 6.00 429.0
2455650.76062 19.125 0.052 5.19 429.0
2455650.86720 19.385 0.070 6.52 433.0
2455651.78124 19.190 0.058 5.35 449.0
2455651.90076 19.146 0.051 4.91 453.0
2455652.82465 19.243 0.055 4.88 420.0
2455653.79143 19.182 0.053 4.99 425.0
2455654.79919 19.251 0.069 5.99 465.0
2455654.88702 19.275 0.061 5.41 431.0
2455655.79523 19.224 0.059 4.67 497.0
2455655.87992 19.158 0.051 5.28 432.0
2455656.83144 19.159 0.046 4.29 467.0
2455657.79187 19.104 0.053 5.05 472.0
2455657.87830 19.179 0.049 4.58 439.0
2455658.78871 19.033 0.064 6.73 451.0
2455658.88431 19.103 0.054 5.45 422.0
2455659.74039 19.260 0.060 5.19 458.0
2455659.81729 19.234 0.068 6.21 449.0
2455659.90801 19.144 0.052 4.89 442.0
2455660.79186 19.414 0.069 6.11 428.0
2455660.90565 19.362 0.077 5.98 422.0
2455662.78285 19.259 0.080 6.63 504.0
2455662.88279 19.273 0.061 4.98 521.0
2455664.74478 19.181 0.091 7.56 651.0
2455664.84944 19.064 0.061 5.80 507.0
2455665.72368 19.331 0.099 7.00 564.0
2455665.83939 19.210 0.055 5.18 429.0
2455665.92641 19.154 0.060 4.03 876.0
2455667.91102 19.239 0.043 3.52 416.0
2455668.91485 19.005 0.061 4.55 909.0
2455669.90465 19.238 0.070 4.55 775.0
2455670.88438 19.234 0.069 4.28 836.0
2455675.76134 19.068 0.057 4.67 666.0
2455676.68761 19.400 0.047 4.74 231.0
2455676.86565 19.224 0.050 3.99 476.0
2455677.80490 19.098 0.060 5.78 500.0
2455679.72677 19.326 0.064 4.71 497.0
2455679.91019 19.205 0.059 4.96 516.0
2455680.80050 19.383 0.082 6.21 477.0
2455681.70194 19.144 0.059 5.34 516.0
2455681.88815 19.075 0.050 4.42 552.0
2455682.78044 19.122 0.049 4.66 518.0
2455683.73541 19.370 0.068 5.19 492.0
2455684.65614 19.171 0.062 5.29 576.0
2455684.87993 19.198 0.058 4.67 510.0
2455685.84708 19.214 0.045 3.81 463.0
2455686.74412 19.159 0.056 5.35 503.0
2455686.93050 19.287 0.075 4.93 689.0
2455687.83459 19.173 0.047 4.18 473.0
2455689.75425 19.120 0.060 5.89 468.0
2455690.75051 19.308 0.101 7.58 495.0
2455691.66341 19.401 0.088 6.38 532.0
2455691.86689 19.392 0.071 5.19 514.0
2455692.76899 19.262 0.062 5.55 543.0
2455692.92370 19.180 0.068 5.37 707.0
2455693.79253 19.147 0.043 3.86 508.0
2455694.61224 19.270 0.080 5.34 796.0
2455694.80122 19.290 0.068 5.62 565.0
2455695.61606 19.132 0.083 6.52 689.0
2455695.84144 19.186 0.053 4.56 507.0
2455696.64695 19.121 0.067 4.84 760.0
2455696.82753 19.228 0.068 4.88 675.0
2455697.66435 19.362 0.071 4.64 756.0
2455697.83184 19.261 0.057 3.40 739.0
2455698.66980 19.139 0.096 6.33 1142.0
2455698.83131 19.033 0.066 4.78 1062.0
2455703.76477 19.314 0.098 7.11 724.0
2455705.79957 19.177 0.087 7.37 635.0
2455706.74215 19.097 0.077 7.39 577.0
2455707.62985 19.214 0.072 6.02 525.0
2455707.80407 19.246 0.059 4.60 546.0
2455708.61072 19.143 0.090 7.51 533.0
2455708.80654 19.212 0.070 5.96 606.0
2455709.65404 19.059 0.054 5.98 436.0
2455712.71039 19.275 0.064 5.30 522.0
2455712.87939 19.143 0.062 5.91 577.0
2455714.58807 19.243 0.087 6.60 818.0
2455715.65715 19.121 0.053 5.27 480.0
2455715.83598 19.185 0.057 5.20 477.0
2455716.73205 19.338 0.071 5.86 428.0
2455716.89436 19.245 0.095 7.35 543.0
2455721.80674 19.224 0.063 5.39 491.0
2455722.63289 19.227 0.056 4.38 548.0
2455722.83420 19.242 0.062 4.78 587.0
2455723.71152 19.143 0.059 5.42 495.0
2455723.86926 19.140 0.070 6.88 548.0
2455724.75269 19.382 0.083 5.44 568.0
2455725.68640 19.086 0.053 4.93 656.0
2455726.58027 19.208 0.097 5.97 966.0
2455726.75468 19.233 0.068 4.13 869.0
2455734.73954 19.323 0.099 7.29 575.0
2455735.66646 19.190 0.070 6.40 464.0
2455735.86889 19.177 0.074 5.68 624.0
2455736.60753 19.280 0.052 4.29 427.0
2455736.82018 19.265 0.051 3.85 500.0
2455737.61624 19.153 0.053 5.04 467.0
2455737.79293 19.227 0.054 4.74 441.0
2455738.63317 19.184 0.054 5.20 437.0
2455739.53113 19.170 0.070 5.55 593.0
2455739.71660 19.110 0.057 5.64 432.0
2455740.50458 19.258 0.087 6.19 621.0
2455740.71360 19.182 0.068 6.58 460.0
2455740.88445 19.317 0.098 6.94 667.0
2455741.64515 19.027 0.065 6.98 430.0
2455741.82450 19.162 0.058 4.88 488.0
2455742.58042 19.168 0.063 5.23 532.0
2455742.75759 19.156 0.044 3.72 457.0
2455743.63000 19.305 0.087 6.34 475.0
2455743.80701 19.119 0.063 5.28 538.0
2455744.56503 19.111 0.076 6.65 531.0
2455744.78156 19.330 0.073 5.85 446.0
2455745.56158 19.316 0.112 8.23 507.0
2455745.74007 19.108 0.059 5.72 463.0
2455746.58622 19.401 0.070 5.33 473.0
2455746.76813 19.126 0.066 6.00 475.0
2455747.66206 19.176 0.075 6.65 473.0
2455748.63335 19.191 0.053 4.55 518.0
2455749.60591 19.126 0.063 5.95 497.0
2455749.77151 19.211 0.079 6.89 465.0
2455753.55661 19.308 0.166 7.20 1790.0
2455759.81033 19.318 0.107 6.33 880.0
2455760.56261 19.193 0.082 6.56 632.0
2455760.75177 19.215 0.062 4.75 627.0
2455761.56587 19.136 0.038 4.15 429.0
2455762.60757 19.227 0.067 5.56 500.0
2455763.47787 19.053 0.061 5.34 638.0
2455763.66440 19.213 0.057 5.04 484.0
2455764.48232 19.156 0.061 4.92 570.0
2455764.65644 19.090 0.044 4.41 417.0
2455765.52777 19.167 0.072 5.72 605.0
2455765.72380 19.221 0.067 5.96 516.0
2455766.60117 19.188 0.045 4.33 410.0
2455767.47449 19.345 0.121 8.17 656.0
2455767.67337 19.181 0.060 5.14 500.0
2455768.51557 19.238 0.064 5.54 494.0
2455768.71552 19.159 0.048 4.31 465.0
2455769.54187 19.266 0.061 5.27 468.0
2455769.75617 19.214 0.059 5.00 484.0
2455775.62272 19.159 0.077 6.94 448.0
2455776.70551 19.431 0.083 6.02 449.0
2455777.63589 19.292 0.061 4.96 464.0
2455778.54549 19.318 0.107 7.13 627.0
2455779.68560 19.049 0.052 5.02 483.0
2455785.49108 19.330 0.119 6.71 788.0
2455785.69992 19.227 0.088 5.91 808.0
2455786.64455 19.203 0.070 4.80 695.0
2455787.47963 19.185 0.062 4.14 761.0
2455787.67725 19.308 0.074 4.74 720.0
2455788.59801 19.249 0.063 4.36 621.0
2455790.47639 19.150 0.079 6.69 582.0
2455790.65830 19.122 0.066 6.09 519.0
2455793.47779 19.197 0.090 7.13 591.0
2455793.66464 19.247 0.067 5.66 488.0
2455794.57681 19.175 0.068 6.06 455.0
2455795.57009 19.146 0.091 7.58 495.0
2455796.53100 19.106 0.056 5.44 502.0
2455798.67709 19.045 0.083 7.80 521.0
2455803.52601 19.297 0.081 6.33 497.0
2455804.62304 19.259 0.068 5.53 478.0
2455805.58497 19.299 0.059 4.66 459.0
2455806.62724 19.110 0.080 7.34 493.0
2455812.52607 19.394 0.148 7.77 840.0
2455813.50639 19.193 0.066 5.14 669.0
2455813.66387 19.155 0.056 3.82 810.0
2455815.64403 19.156 0.063 4.15 763.0
2455816.61571 19.385 0.099 5.97 742.0
2455817.61745 19.209 0.081 6.28 666.0
2455818.59837 19.112 0.082 6.34 689.0
2455819.60605 19.266 0.062 3.98 693.0
2455820.58399 19.244 0.069 4.82 613.0
2455822.54283 19.476 0.108 6.96 484.0
2455822.63149 19.291 0.080 6.28 507.0
2455823.56291 19.242 0.082 5.99 535.0
2455824.48703 19.192 0.088 6.70 555.0
2455824.58403 19.233 0.064 5.27 478.0
2455825.50351 19.244 0.082 5.60 584.0
2455825.59999 19.185 0.066 5.65 564.0
2455826.52425 19.249 0.078 5.88 534.0
2455826.61086 19.139 0.088 7.31 600.0
2455827.54870 19.240 0.089 5.78 653.0
2455827.62875 19.175 0.098 8.06 615.0
2455828.56193 19.217 0.061 5.02 488.0
2455829.48591 19.279 0.103 7.08 636.0
2455829.57260 19.339 0.066 5.00 566.0
2455830.50983 19.226 0.052 4.47 494.0
2455830.58566 19.116 0.060 6.46 522.0
2455831.55766 19.098 0.055 5.31 524.0
2455832.49034 19.126 0.052 4.51 565.0
2455832.58233 19.064 0.065 6.24 577.0
2455833.53898 19.239 0.059 4.80 499.0
2455834.48784 19.449 0.074 4.75 555.0
2455834.57605 19.421 0.072 5.29 519.0
2455835.56914 19.144 0.099 7.39 615.0
2455836.55372 19.255 0.090 5.83 844.0
2455839.50502 19.248 0.090 6.02 787.0
2455839.58049 19.143 0.103 5.50 1457.0
2455840.53601 19.263 0.081 5.08 698.0
2455840.62136 19.127 0.087 6.19 852.0
2455841.55467 19.215 0.085 5.26 802.0
2455842.51708 19.137 0.109 7.53 725.0
2455842.60158 19.489 0.153 7.39 862.0
2455842.61266 19.303 0.135 7.66 900.0
2455843.55946 19.377 0.104 6.48 690.0
2455844.50293 19.115 0.074 5.72 712.0
2455844.58326 18.962 0.097 7.49 835.0
2455845.54312 19.067 0.077 5.97 799.0
2455846.50714 19.294 0.119 6.60 841.0
2455846.58404 19.291 0.159 7.71 1105.0
2455847.55987 19.557 0.177 7.82 938.0
2455850.53076 19.102 0.059 5.08 616.0
2455851.49239 19.215 0.074 5.28 708.0
2455851.57031 19.173 0.075 6.14 560.0
2455852.52195 19.486 0.122 6.19 781.0
2455854.51223 19.070 0.080 6.18 717.0
2455855.49632 19.007 0.127 8.79 918.0
2455856.49930 19.485 0.119 6.20 750.0
2455857.51485 19.338 0.148 10.12 686.0
2455859.52198 19.211 0.075 5.32 700.0
2455860.53508 19.246 0.089 6.40 676.0
2455862.50001 19.106 0.072 5.29 712.0
2455866.51536 18.995 0.117 7.01 1491.0
2455867.51886 19.113 0.075 5.37 975.0
2455868.51985 19.403 0.172 8.33 857.0
2455869.51078 18.991 0.077 5.45 896.0
2455870.51644 19.285 0.084 6.05 919.0
2455971.86297 19.156 0.062 5.29 636.0
2455976.86995 19.245 0.057 5.06 483.0
2455977.86887 19.162 0.061 5.32 578.0
2455978.87936 19.045 0.049 5.01 481.0
2455979.88385 19.274 0.078 6.36 548.0
2455982.82647 19.084 0.061 5.95 499.0
2455983.83457 19.060 0.057 5.59 539.0
2455984.83115 19.211 0.062 5.60 490.0
2455985.81667 19.158 0.080 6.39 609.0
2455985.89380 19.217 0.063 5.27 543.0
2455986.86978 19.052 0.045 4.31 501.0
2455987.84620 19.266 0.063 4.87 535.0
2455988.83629 19.343 0.087 5.98 565.0
2455989.81713 19.081 0.054 6.30 459.0
2455989.89688 19.334 0.074 5.21 510.0
2455990.86458 19.242 0.065 5.70 466.0
2455991.83908 19.218 0.053 4.95 461.0
2455992.81021 19.055 0.060 5.42 672.0
2455993.79860 19.304 0.114 7.40 703.0
2455993.87628 19.148 0.070 5.72 566.0
2455994.84466 19.204 0.073 5.21 758.0
2455995.79724 19.146 0.065 4.71 799.0
2455995.86990 19.127 0.051 4.09 608.0
2455996.81256 19.354 0.074 5.14 638.0
2455996.89688 19.149 0.048 4.02 568.0
2455997.84464 18.957 0.056 6.19 610.0
2455998.79468 19.249 0.086 7.00 669.0
2455998.88515 19.251 0.062 5.20 564.0
2455999.81743 19.267 0.067 4.76 641.0
2455999.90419 19.304 0.064 4.49 613.0
2456003.90086 19.343 0.082 5.88 591.0
2456004.83559 19.143 0.055 5.08 521.0
2456005.76259 19.124 0.056 5.38 489.0
2456005.85217 19.017 0.054 5.98 474.0
2456006.77588 19.320 0.055 4.29 461.0
2456006.87967 19.160 0.053 4.75 434.0
2456007.78322 19.208 0.057 5.46 427.0
2456007.87836 19.106 0.052 5.52 416.0
2456008.77651 19.226 0.055 4.50 511.0
2456008.87317 19.023 0.049 4.89 463.0
2456009.77819 19.117 0.050 4.90 512.0
2456009.87353 19.233 0.058 5.08 498.0
2456010.76910 19.151 0.061 5.29 591.0
2456010.86812 19.181 0.042 3.91 448.0
2456011.74954 19.218 0.068 5.53 532.0
2456011.87366 19.081 0.068 4.38 1061.0
2456012.77253 19.100 0.052 5.51 431.0
2456012.87148 19.286 0.047 4.38 379.0
2456013.76825 19.148 0.058 5.69 433.0
2456013.86857 19.315 0.059 5.06 418.0
2456014.74455 19.163 0.063 6.24 470.0
2456014.84276 19.445 0.072 5.41 410.0
2456015.80024 19.189 0.046 4.39 408.0
2456015.88974 19.191 0.046 4.35 407.0
2456016.78126 19.034 0.041 4.10 446.0
2456016.88428 19.185 0.057 5.29 446.0
2456017.76931 19.155 0.047 4.54 444.0
2456017.84691 19.156 0.044 4.29 396.0
2456018.83608 19.239 0.057 5.58 414.0
2456019.73592 19.320 0.085 6.69 536.0
2456019.83307 19.055 0.052 5.32 429.0
2456019.90977 19.194 0.045 4.13 421.0
2456020.76797 19.043 0.049 5.15 482.0
2456020.86293 19.296 0.049 4.45 400.0
2456021.72380 19.055 0.078 7.00 641.0
2456021.80081 19.093 0.051 4.97 507.0
2456021.89775 19.130 0.047 4.54 456.0
2456022.74940 19.243 0.073 5.81 622.0
2456022.82664 19.238 0.077 6.04 536.0
2456022.92573 19.181 0.077 5.29 958.0
2456023.78354 19.109 0.054 4.34 669.0
2456023.86555 19.180 0.054 4.55 602.0
2456024.74083 19.014 0.065 5.52 766.0
2456024.84151 19.326 0.061 4.23 657.0
2456025.71550 19.073 0.089 6.78 826.0
2456025.79581 19.339 0.098 6.16 682.0
2456025.90208 19.315 0.076 5.14 666.0
2456031.79591 19.386 0.070 5.24 511.0
2456032.72551 19.275 0.060 5.10 485.0
2456032.90573 19.292 0.051 4.27 467.0
2456033.85678 19.054 0.042 4.08 477.0
2456034.78566 19.211 0.045 3.86 448.0
2456036.70116 19.186 0.060 5.79 448.0
2456036.92034 19.364 0.060 4.71 520.0
2456037.88376 19.189 0.063 5.19 579.0
2456038.84561 19.276 0.057 4.54 484.0
2456039.83040 19.090 0.067 6.19 501.0
2456040.80589 19.208 0.059 5.09 495.0
2456041.75668 19.261 0.078 6.45 514.0
2456045.89749 19.295 0.064 4.64 565.0
2456047.72088 19.185 0.057 4.96 487.0
2456047.91442 19.210 0.058 4.55 562.0
2456048.84558 19.370 0.059 4.87 415.0
2456049.76210 19.124 0.042 3.64 543.0
2456050.65901 19.110 0.080 6.56 640.0
2456050.84718 19.261 0.069 5.16 559.0
2456052.65668 19.305 0.090 5.25 936.0
2456052.83184 19.162 0.058 4.26 698.0
2456053.68839 19.093 0.075 4.98 1061.0
2456053.87879 19.198 0.076 4.61 1089.0
2456058.71884 19.236 0.083 6.35 548.0
2456058.89053 19.213 0.055 4.13 568.0
2456059.77504 19.060 0.042 4.07 474.0
2456060.78111 19.284 0.057 4.73 460.0
2456061.67445 19.286 0.076 6.40 490.0
2456061.85294 19.207 0.062 4.92 571.0
2456062.72329 19.119 0.061 5.39 584.0
2456062.90110 19.037 0.053 4.37 683.0
2456063.88067 19.156 0.059 5.01 520.0
2456064.81915 19.100 0.050 4.86 535.0
2456065.64945 19.372 0.085 6.42 517.0
2456065.82842 19.235 0.059 4.62 567.0
2456066.75257 19.249 0.054 4.44 508.0
2456066.92606 19.112 0.042 3.41 566.0
2456067.72789 19.135 0.050 4.68 479.0
2456067.90545 19.182 0.049 3.60 581.0
2456068.74423 19.242 0.054 5.09 415.0
2456069.70637 19.162 0.046 4.31 443.0
2456069.89528 19.087 0.045 4.17 468.0
2456070.69353 19.280 0.059 4.99 461.0
2456070.87050 19.111 0.056 5.11 489.0
2456071.66936 19.226 0.058 5.24 434.0
2456071.84901 19.165 0.049 4.62 457.0
2456075.64932 19.219 0.060 5.51 428.0
2456075.83273 19.085 0.042 3.87 434.0
2456076.69075 19.371 0.063 4.75 479.0
2456076.87504 19.195 0.064 5.61 510.0
2456077.82097 19.312 0.066 5.12 466.0
2456078.62385 18.990 0.056 5.30 593.0
2456078.80445 19.219 0.046 3.70 475.0
2456079.60167 19.114 0.060 5.06 603.0
2456079.79164 19.175 0.058 4.65 561.0
2456080.57189 19.104 0.077 6.01 752.0
2456080.73655 19.333 0.063 4.65 570.0
2456080.91798 19.110 0.045 4.24 488.0
2456081.68431 19.335 0.074 5.44 680.0
2456081.86742 19.145 0.064 4.77 751.0
2456082.67591 19.274 0.132 6.67 1148.0
2456082.87845 19.163 0.138 7.07 1372.0
2456085.68544 19.250 0.089 6.10 791.0
2456085.85163 19.445 0.144 5.94 1413.0
2456086.62462 19.388 0.075 5.23 572.0
2456086.80992 19.116 0.058 5.15 540.0
2456087.60359 18.977 0.061 7.04 414.0
2456088.57581 19.126 0.057 5.86 421.0
2456089.65629 19.239 0.063 5.57 498.0
2456089.87255 19.272 0.064 4.82 574.0
2456092.76984 19.094 0.048 4.66 466.0
2456093.60644 19.214 0.068 6.49 441.0
2456093.80489 19.394 0.100 7.12 467.0
2456094.65570 19.122 0.058 5.52 513.0
2456094.83029 19.231 0.064 5.37 504.0
2456096.64997 19.468 0.074 5.58 432.0
2456096.84416 19.381 0.080 5.47 558.0
2456097.77839 19.114 0.067 6.46 461.0
2456098.75075 19.190 0.060 5.71 461.0
2456099.62971 19.323 0.078 5.80 555.0
2456100.60052 19.160 0.074 6.46 521.0
2456100.77491 19.169 0.090 7.09 553.0
2456101.55207 19.082 0.063 5.81 566.0
2456101.72970 19.118 0.048 4.56 464.0
2456102.51498 19.068 0.089 6.22 918.0
2456102.69024 19.061 0.047 4.65 505.0
2456102.84795 19.208 0.064 4.40 603.0
2456103.59894 19.203 0.067 6.44 525.0
2456103.80367 19.326 0.061 5.08 455.0
2456104.59533 19.184 0.054 4.98 505.0
2456104.76166 19.149 0.047 4.27 431.0
2456105.51904 19.183 0.084 7.17 560.0
2456105.70909 19.201 0.065 6.05 432.0
2456108.51901 19.314 0.103 5.97 1004.0
2456108.70409 19.163 0.051 4.27 605.0
2456108.86338 19.027 0.051 5.15 519.0
2456109.69436 19.437 0.140 4.37 2573.0
2456109.85170 19.181 0.082 5.93 791.0
2456113.65805 19.139 0.073 5.44 830.0
2456113.81336 19.205 0.074 4.56 963.0
2456114.67298 19.413 0.093 5.99 647.0
2456114.83954 19.068 0.072 5.19 850.0
2456115.61150 19.207 0.060 5.20 565.0
2456116.48291 19.296 0.071 5.68 553.0
2456116.66131 19.183 0.051 4.93 445.0
2456116.82733 19.044 0.051 4.59 554.0
2456117.63154 19.092 0.051 5.54 416.0
2456117.79781 19.183 0.056 4.33 576.0
2456118.57340 19.190 0.053 5.09 451.0
2456118.76011 19.078 0.052 5.07 454.0
2456119.53710 19.175 0.073 6.79 427.0
2456119.71325 19.118 0.051 5.17 409.0
2456120.55075 19.175 0.074 6.35 433.0
2456120.74742 19.257 0.056 5.06 392.0
2456121.54081 19.256 0.061 5.77 410.0
2456121.70990 19.079 0.040 4.25 371.0
2456123.57904 19.222 0.064 5.83 441.0
2456123.75523 19.150 0.072 7.17 396.0
2456124.56063 19.027 0.051 5.73 433.0
2456124.76672 19.377 0.072 5.28 481.0
2456125.57371 19.340 0.067 5.81 431.0
2456125.77476 19.197 0.060 5.42 436.0
2456126.60631 19.269 0.074 6.42 399.0
2456127.50729 18.988 0.060 6.43 492.0
2456128.53090 19.189 0.050 4.78 443.0
2456128.76640 19.280 0.070 6.35 437.0
2456131.58843 19.360 0.063 5.54 352.0
2456132.62537 19.491 0.095 6.52 413.0
2456133.56776 19.097 0.057 5.77 421.0
2456133.77411 19.412 0.098 6.69 506.0
2456134.69015 19.143 0.068 6.29 441.0
2456135.67579 19.205 0.068 5.82 472.0
2456136.47954 19.360 0.111 6.97 640.0
2456136.49520 19.247 0.101 6.88 616.0
2456136.56164 19.340 0.121 8.00 575.0
2456136.59221 19.347 0.106 7.15 547.0
2456136.60347 19.510 0.136 7.83 559.0
2456136.61838 19.189 0.097 7.44 562.0
2456136.62290 19.190 0.098 7.47 557.0
2456136.63013 18.978 0.079 7.17 564.0
2456136.65337 19.187 0.082 6.97 530.0
2456136.66252 19.355 0.078 5.49 524.0
2456136.67752 19.258 0.071 5.55 529.0
2456136.69772 19.203 0.055 4.26 525.0
2456136.71428 19.115 0.072 6.10 538.0
2456136.72403 19.356 0.116 7.42 548.0
2456136.75073 19.238 0.095 7.42 568.0
2456136.76375 19.226 0.100 7.59 582.0
2456136.76604 19.186 0.095 7.62 582.0
2456136.76995 19.036 0.082 7.40 588.0
2456140.49993 19.052 0.084 5.74 1025.0
2456140.64831 19.034 0.078 5.97 888.0
2456140.69238 19.366 0.102 5.63 938.0
2456141.49672 19.106 0.063 4.63 826.0
2456141.66989 19.256 0.070 4.75 727.0
2456142.53635 19.144 0.075 5.87 668.0
2456147.54219 19.306 0.072 6.25 396.0
2456148.48391 19.228 0.049 4.59 421.0
2456148.66657 19.151 0.048 4.80 390.0
2456150.52477 19.238 0.077 6.51 453.0
2456151.52860 19.207 0.088 7.41 477.0
2456151.69102 19.087 0.065 6.42 472.0
2456152.56637 19.173 0.067 6.67 406.0
2456154.51449 19.346 0.077 5.71 480.0
2456157.66353 19.281 0.065 5.30 444.0
2456158.60540 19.318 0.068 5.88 476.0
2456159.50991 19.205 0.086 6.69 551.0
2456160.49150 19.088 0.062 6.34 451.0
2456160.68692 19.363 0.065 4.92 453.0
2456160.69966 19.214 0.059 4.96 475.0
2456161.59581 19.330 0.091 6.98 442.0
2456164.58329 19.224 0.074 5.51 719.0
2456166.64232 19.237 0.082 4.18 1170.0
2456167.57681 19.282 0.108 4.39 1734.0
2456168.57997 19.285 0.056 3.85 687.0
2456169.58285 19.194 0.059 3.90 657.0
2456171.53664 19.216 0.059 4.68 651.0
2456172.49560 19.252 0.044 3.73 479.0
2456172.67788 19.260 0.084 6.02 743.0
2456174.63549 19.033 0.082 6.98 652.0
2456175.62371 19.210 0.066 4.99 631.0
2456179.61641 19.411 0.113 7.30 511.0
2456180.60372 19.040 0.080 7.15 565.0
2456181.56160 19.289 0.067 4.90 560.0
2456182.56959 19.051 0.049 4.97 447.0
2456183.62055 19.210 0.058 5.01 424.0
2456185.56875 19.210 0.047 3.81 424.0
2456186.57836 19.092 0.059 5.69 436.0
2456190.61584 19.383 0.080 5.76 518.0
2456195.48074 19.104 0.080 4.99 1124.0
2456195.57299 19.311 0.070 4.51 677.0
2456196.48345 19.246 0.081 4.85 829.0
2456196.57049 19.160 0.068 4.99 707.0
2456197.48389 19.240 0.106 6.86 779.0
2456197.57188 19.141 0.064 4.69 704.0
2456198.59143 19.373 0.128 7.27 717.0
2456200.61158 19.218 0.111 7.13 790.0
2456203.54621 19.505 0.106 6.17 609.0
2456204.49311 19.355 0.085 5.99 556.0
2456204.57642 19.170 0.064 4.99 566.0
2456205.51935 19.251 0.062 4.89 489.0
2456205.59962 19.212 0.060 5.23 466.0
2456208.54027 19.205 0.090 6.95 558.0
2456210.49377 19.045 0.064 6.20 555.0
2456210.57080 19.179 0.058 5.03 530.0
2456211.52075 19.128 0.055 4.85 506.0
2456212.52011 19.157 0.056 4.36 565.0
2456212.58964 19.139 0.061 4.89 647.0
2456213.54926 19.185 0.070 5.72 539.0
2456214.52964 19.180 0.069 5.85 509.0
2456216.52929 19.246 0.071 5.49 527.0
2456217.56195 19.207 0.056 4.26 517.0
2456218.53736 19.276 0.089 6.01 633.0
2456226.53466 19.299 0.135 7.81 797.0
2456231.53586 19.460 0.165 7.48 979.0
2456234.50992 19.390 0.099 5.78 683.0
2456238.53861 19.584 0.123 6.10 792.0
2456334.89040 19.206 0.087 5.69 881.0
2456335.86782 19.171 0.059 5.60 489.0
2456337.88015 19.261 0.082 6.08 551.0
2456338.85772 19.229 0.085 7.03 502.0
2456339.86418 19.232 0.053 4.94 439.0
2456345.83399 19.203 0.055 5.21 431.0
2456347.84275 19.087 0.060 5.16 610.0
2456348.83672 19.089 0.060 5.13 670.0
2456349.84889 19.108 0.065 5.06 685.0
2456350.84921 19.087 0.063 5.56 625.0
2456351.85244 19.015 0.057 5.42 582.0
2456352.85214 19.148 0.061 5.00 617.0
2456353.82718 19.412 0.077 4.98 575.0
2456354.84306 19.212 0.062 5.30 593.0
2456358.84554 19.029 0.050 5.06 545.0
2456360.83570 19.144 0.045 4.06 460.0
2456361.82132 19.391 0.061 4.37 476.0
2456361.90174 19.186 0.064 6.48 454.0
2456362.84413 19.295 0.062 4.88 468.0
2456363.81306 19.307 0.063 5.09 470.0
2456367.82345 19.188 0.042 3.80 385.0
2456367.91028 19.332 0.072 4.42 872.0
2456368.86161 19.276 0.051 4.34 421.0
2456369.80081 19.402 0.064 4.99 423.0
2456369.89862 19.120 0.048 5.62 414.0
2456370.84385 19.206 0.064 6.27 443.0
2456371.76877 18.983 0.049 5.82 403.0
2456371.85692 19.295 0.048 4.44 373.0
2456372.76166 19.262 0.061 5.41 466.0
2456372.85025 19.129 0.049 5.07 422.0
2456373.77846 19.328 0.076 5.95 492.0
2456373.86717 19.185 0.069 6.56 441.0
2456374.78231 19.128 0.061 5.59 514.0
2456374.87352 19.268 0.061 5.80 437.0
2456375.78141 19.074 0.045 4.29 495.0
2456375.88877 19.100 0.048 6.42 409.0
2456376.79552 19.216 0.054 4.53 564.0
2456376.88688 19.171 0.042 3.92 431.0
2456377.81691 19.221 0.046 3.68 545.0
2456377.89729 19.235 0.042 3.56 482.0
2456378.81249 19.174 0.045 3.45 672.0
2456378.89298 19.093 0.040 3.38 613.0
2456379.78914 19.245 0.079 6.68 740.0
2456379.88019 19.129 0.057 5.05 645.0
2456380.78987 19.246 0.057 4.51 607.0
2456380.89421 19.200 0.054 4.73 574.0
2456381.82102 19.163 0.051 4.46 582.0
2456381.90007 19.018 0.044 4.68 534.0
2456382.80475 19.249 0.067 5.09 625.0
2456382.88462 19.256 0.075 5.76 638.0
2456386.79639 19.059 0.052 5.36 459.0
2456386.80485 19.143 0.054 5.21 452.0
2456386.81044 19.156 0.061 5.73 457.0
2456386.81924 19.229 0.065 5.69 454.0
2456386.82585 19.178 0.059 5.51 453.0
2456386.84329 19.123 0.052 5.04 455.0
2456386.85694 19.138 0.057 5.54 454.0
2456386.86687 19.283 0.070 6.00 463.0
2456386.87511 19.219 0.065 5.95 456.0
2456386.88358 19.250 0.067 5.73 499.0
2456386.89188 19.292 0.069 6.14 465.0
2456386.90127 19.343 0.073 5.97 475.0
2456386.90794 19.290 0.085 6.35 703.0
2456386.91318 19.281 0.091 6.50 859.0
2456386.92167 19.176 0.076 6.06 694.0
2456387.70548 19.156 0.079 7.42 470.0
2456387.70856 19.129 0.070 6.63 462.0
2456387.72367 19.274 0.081 6.75 457.0
2456387.74043 19.170 0.055 5.55 408.0
2456387.78103 19.189 0.050 4.85 405.0
2456387.80505 19.074 0.050 5.37 431.0
2456387.88895 19.145 0.059 6.08 441.0
2456387.92378 19.399 0.129 6.14 1370.0
2456388.71427 19.491 0.088 5.85 502.0
2456388.77639 19.198 0.050 4.68 405.0
2456388.80471 19.122 0.048 4.92 404.0
2456388.86626 19.216 0.052 4.59 452.0
2456388.91364 19.270 0.062 6.15 503.0
2456389.72438 19.021 0.063 6.25 539.0
2456389.78349 19.081 0.051 5.31 437.0
2456389.88592 19.183 0.053 5.06 446.0
2456390.74583 19.056 0.050 5.28 457.0
2456390.77985 19.224 0.049 3.93 457.0
2456390.87966 19.264 0.057 5.10 436.0
2456391.77323 18.962 0.055 6.30 532.0
2456393.74662 19.174 0.059 4.72 484.0
2456393.88635 19.239 0.078 7.59 474.0
2456394.76520 19.086 0.052 5.05 485.0
2456394.84819 19.294 0.073 6.19 461.0
2456395.81134 19.220 0.054 4.77 499.0
2456395.89738 19.214 0.047 4.04 488.0
2456396.75831 19.176 0.044 4.21 437.0
2456396.79829 19.140 0.040 4.12 417.0
2456397.69931 19.149 0.052 4.79 492.0
2456397.74381 19.178 0.046 4.39 443.0
2456397.87459 19.180 0.047 4.39 428.0
2456398.77488 19.173 0.049 4.31 415.0
2456398.80622 19.168 0.053 5.19 417.0
2456399.71253 19.234 0.060 5.28 450.0
2456399.89455 19.357 0.070 5.39 440.0
2456400.68488 19.093 0.072 7.22 439.0
2456400.73674 19.245 0.060 5.26 447.0
2456400.76687 19.260 0.061 5.08 459.0
2456400.88628 19.065 0.050 5.23 430.0
2456401.82138 19.147 0.049 5.04 426.0
2456402.73278 19.212 0.071 6.10 505.0
2456402.90822 19.197 0.087 7.01 503.0
2456403.82211 19.229 0.048 4.66 410.0
2456404.75738 19.085 0.060 5.38 560.0
2456405.82766 19.346 0.076 4.73 1029.0
2456406.76180 19.418 0.089 4.23 1191.0
2456407.71447 19.342 0.089 5.69 692.0
2456407.88005 19.011 0.055 4.84 760.0
2456408.82488 19.185 0.077 5.97 693.0
2456415.71263 19.476 0.121 8.14 490.0
2456415.90556 19.295 0.061 5.02 449.0
2456416.79206 19.263 0.051 4.78 447.0
2456417.71629 19.244 0.072 5.97 512.0
2456417.89017 19.243 0.059 4.25 551.0
2456418.73866 19.042 0.049 5.04 466.0
2456418.91267 19.182 0.050 4.21 491.0
2456419.78939 19.098 0.060 5.67 479.0
2456420.65468 19.201 0.050 4.41 458.0
2456420.82572 19.224 0.044 3.81 399.0
2456421.83458 19.233 0.058 5.25 460.0
2456422.77608 19.081 0.047 4.61 463.0
2456423.75315 19.283 0.084 6.37 572.0
2456423.93250 19.097 0.056 4.39 692.0
2456424.80747 19.287 0.047 3.80 518.0
2456426.65593 19.233 0.059 5.57 459.0
2456426.89643 19.284 0.054 4.50 491.0
2456427.90021 19.249 0.054 4.50 769.0
2456428.69593 19.184 0.072 6.75 464.0
2456428.88451 19.111 0.058 5.67 510.0
2456431.68499 19.365 0.100 7.81 519.0
2456431.86963 19.290 0.066 5.33 523.0
2456432.70968 19.086 0.055 5.47 515.0
2456432.89164 19.073 0.060 5.77 544.0
2456432.93769 19.099 0.059 4.81 703.0
2456433.69622 19.288 0.070 6.30 480.0
2456434.61700 19.406 0.119 7.64 694.0
2456434.80065 19.177 0.058 4.80 647.0
2456435.64766 19.338 0.070 4.98 657.0
2456435.83326 19.072 0.053 4.31 717.0
2456436.63366 19.228 0.072 5.38 844.0
2456436.82287 19.272 0.066 4.22 860.0
2456437.76669 19.034 0.064 3.82 1473.0
2456437.92076 19.280 0.112 4.75 1891.0
2456441.70392 19.200 0.079 6.34 648.0
2456442.63923 19.286 0.064 5.36 591.0
2456442.82366 19.145 0.046 4.27 514.0
2456443.63469 19.070 0.056 6.40 684.0
2456443.73553 19.409 0.093 6.10 1184.0
2456444.71119 19.456 0.090 6.59 476.0
2456444.84325 19.151 0.052 4.62 563.0
2456445.64530 19.333 0.064 5.47 490.0
2456445.85167 19.416 0.081 5.57 551.0
2456446.63340 19.378 0.059 5.15 471.0
2456446.82397 19.187 0.042 3.44 500.0
2456447.60992 19.148 0.055 5.60 457.0
2456447.79388 19.171 0.047 4.08 476.0
2456448.56095 19.108 0.072 6.16 627.0
2456448.73975 19.131 0.053 5.15 470.0
2456448.90547 19.378 0.087 5.92 612.0
2456449.68171 19.168 0.065 6.26 490.0
2456449.86547 19.189 0.054 4.34 556.0
2456450.63392 19.227 0.055 5.11 475.0
2456450.81617 19.136 0.045 3.81 523.0
2456451.58161 18.902 0.061 6.64 597.0
2456451.76848 19.215 0.058 5.21 487.0
2456452.54650 19.182 0.050 4.66 506.0
2456452.76013 19.115 0.044 4.64 425.0
2456454.55438 19.059 0.065 6.57 486.0
2456454.74026 19.235 0.050 4.43 433.0
2456454.90430 19.251 0.060 5.09 483.0
2456455.80612 19.291 0.058 5.12 580.0
2456456.69683 19.025 0.035 4.03 458.0
2456456.90685 19.178 0.048 4.23 484.0
2456457.84621 19.186 0.050 4.33 538.0
2456458.62988 19.162 0.062 5.59 506.0
2456458.81424 19.193 0.045 3.76 531.0
2456459.58315 19.153 0.054 4.91 570.0
2456459.77326 19.138 0.045 4.17 480.0
2456460.59423 19.090 0.056 5.26 550.0
2456460.89131 19.182 0.053 4.50 826.0
2456462.59025 18.890 0.059 4.82 1575.0
2456462.86033 19.049 0.057 5.29 572.0
2456463.63428 19.077 0.062 5.52 636.0
2456463.82590 19.174 0.053 3.96 679.0
2456464.64257 18.995 0.060 5.20 728.0
2456464.83470 19.101 0.060 4.11 883.0
2456468.62932 19.327 0.091 6.08 793.0
2456469.53016 19.010 0.059 6.31 583.0
2456469.71753 19.210 0.069 5.85 602.0
2456471.63707 19.241 0.075 6.31 550.0
2456472.69811 19.230 0.067 6.25 448.0
2456473.64858 19.096 0.041 4.71 389.0
2456473.83300 19.191 0.055 4.92 508.0
2456474.60030 19.155 0.076 7.34 553.0
2456474.78598 19.418 0.077 4.99 620.0
2456475.56028 19.278 0.092 7.13 551.0
2456475.76195 19.327 0.066 4.77 521.0
2456476.52880 19.047 0.071 6.37 576.0
2456476.71749 19.216 0.058 4.63 530.0
2456477.52221 19.139 0.054 5.24 473.0
2456477.71057 19.090 0.052 5.16 497.0
2456478.56011 19.153 0.071 6.84 507.0
2456479.62228 19.334 0.084 6.98 430.0
2456480.53359 19.057 0.067 6.66 538.0
2456480.72028 19.492 0.086 6.58 405.0
2456481.52852 19.009 0.060 6.63 521.0
2456481.77273 19.492 0.081 5.82 473.0
2456485.50028 19.044 0.056 6.34 480.0
2456485.73217 19.037 0.043 4.86 434.0
2456486.47389 19.228 0.074 6.18 579.0
2456486.67385 19.123 0.054 5.47 441.0
2456487.47209 19.070 0.059 5.40 653.0
2456487.67631 19.085 0.042 4.30 444.0
2456489.51071 19.140 0.061 5.42 497.0
2456489.70698 19.037 0.059 5.98 468.0
2456490.53825 19.260 0.069 5.70 527.0
2456490.72520 19.072 0.043 4.10 467.0
2456491.59005 19.338 0.077 5.23 591.0
2456491.78942 19.275 0.072 5.26 598.0
2456492.61393 19.354 0.062 4.47 501.0
2456492.79471 19.085 0.094 7.13 758.0
2456496.78105 19.118 0.105 7.33 972.0
2456497.72971 19.293 0.082 6.53 630.0
2456498.56015 19.121 0.045 3.91 620.0
2456498.73771 19.460 0.070 4.66 544.0
2456499.57216 19.446 0.071 5.91 468.0
2456500.73421 19.102 0.063 5.81 557.0
2456501.70984 19.207 0.051 4.80 431.0
2456505.65288 19.141 0.056 5.55 458.0
2456506.48872 19.154 0.090 7.88 524.0
2456506.76733 19.292 0.100 7.45 564.0
2456508.54278 19.122 0.057 5.65 455.0
2456508.73605 19.264 0.057 4.77 511.0
2456509.64138 19.089 0.038 3.62 434.0
2456510.51692 19.270 0.052 4.46 441.0
2456510.72757 19.093 0.050 5.23 486.0
2456511.67246 19.328 0.067 5.23 454.0
2456514.54145 19.231 0.065 6.44 476.0
2456515.49462 19.201 0.057 4.92 516.0
2456516.48219 19.033 0.072 6.82 578.0
2456518.51750 19.330 0.063 4.83 490.0
2456518.72599 18.991 0.045 5.23 429.0
2456519.68585 19.278 0.058 4.79 529.0
2456523.59366 19.173 0.051 3.47 745.0
2456524.52255 19.267 0.059 3.90 785.0
2456525.52532 19.233 0.081 5.49 861.0
2456526.66702 19.261 0.074 5.11 665.0
2456529.59890 19.286 0.074 6.18 476.0
2456531.58439 19.070 0.050 5.08 457.0
2456533.59604 19.227 0.060 4.98 543.0
2456534.64026 19.544 0.085 5.72 499.0
2456536.53382 19.042 0.047 4.97 438.0
2456536.62169 19.331 0.059 5.01 443.0
2456539.51977 19.213 0.058 5.36 465.0
2456541.51560 19.105 0.057 5.71 496.0
2456543.58645 19.283 0.055 4.66 461.0
2456545.48484 19.021 0.050 5.19 482.0
2456546.49481 19.227 0.091 6.91 517.0
2456551.48807 19.405 0.125 6.96 740.0
2456555.60103 19.045 0.065 5.32 670.0
2456558.56843 19.186 0.051 4.63 523.0
2456559.62060 19.201 0.074 7.28 514.0
2456561.53221 19.252 0.074 6.31 479.0
2456562.62164 19.166 0.055 5.08 458.0
2456563.61832 19.109 0.067 6.28 505.0
2456564.55338 19.173 0.054 4.77 492.0
2456565.52484 18.986 0.060 5.90 546.0
2456565.61512 19.071 0.055 5.64 521.0
2456568.50214 19.189 0.106 8.49 636.0
2456568.59243 19.115 0.066 5.97 534.0
2456569.55027 18.970 0.046 4.77 481.0
2456570.52778 18.854 0.048 5.37 501.0
2456571.53464 18.862 0.053 5.67 569.0
2456572.48620 18.895 0.071 7.10 738.0
2456572.59545 18.843 0.050 5.44 572.0
2456573.54563 18.868 0.046 4.71 612.0
2456577.52719 19.029 0.092 6.04 1270.0
2456578.50973 18.726 0.050 5.43 680.0
2456579.57955 18.981 0.075 6.52 827.0
2456581.52096 18.675 0.048 5.49 684.0
2456582.54189 18.786 0.045 4.17 771.0
2456583.52911 18.751 0.062 6.54 866.0
2456584.52549 18.702 0.057 5.51 943.0
2456585.52871 18.712 0.060 5.89 761.0
2456590.52399 18.407 0.039 6.07 574.0
2456590.55612 18.571 0.047 6.24 602.0
2456593.49977 18.351 0.045 6.48 711.0
2456595.52179 18.246 0.043 7.16 628.0
