2455288.85539 16.909 0.010 3.59 748.0
2455293.82016 16.919 0.010 4.30 402.0
2455294.77755 16.907 0.008 3.29 338.0
2455296.81968 16.906 0.008 3.40 339.0
2455298.89448 16.897 0.008 3.08 349.0
2455301.80572 16.903 0.008 3.62 364.0
2455306.70157 16.915 0.009 4.38 401.0
2455308.69649 16.916 0.010 5.02 430.0
2455312.87702 16.905 0.010 4.58 531.0
2455314.85362 16.908 0.012 4.87 870.0
2455316.73199 16.914 0.015 5.60 941.0
2455320.69324 16.911 0.011 4.72 660.0
2455321.83852 16.910 0.013 6.57 539.0
2455323.75077 16.921 0.010 5.47 467.0
2455324.88002 16.927 0.010 4.25 499.0
2455326.72823 16.908 0.009 4.30 352.0
2455327.86940 16.928 0.010 4.15 472.0
2455334.67679 16.925 0.013 7.04 423.0
2455335.90698 16.922 0.011 5.27 507.0
2455338.82806 16.891 0.013 7.31 611.0
2455340.78624 16.928 0.013 5.79 599.0
2455341.92705 16.908 0.011 4.93 693.0
2455343.59441 16.937 0.014 5.17 1342.0
2455348.67938 16.908 0.010 4.54 509.0
2455349.86265 16.913 0.012 5.33 893.0
2455353.58557 16.923 0.010 3.94 475.0
2455355.74960 16.924 0.011 4.89 534.0
2455359.81760 16.923 0.010 4.83 497.0
2455365.57515 16.899 0.011 5.12 577.0
2455378.49901 16.940 0.010 4.46 509.0
2455382.68620 16.913 0.010 5.84 360.0
2455385.58951 16.919 0.008 3.76 474.0
2455385.67983 16.912 0.008 4.27 416.0
2455385.77798 16.906 0.008 3.94 453.0
2455388.49898 16.907 0.010 5.15 399.0
2455391.57417 16.917 0.010 5.82 300.0
2455396.80106 16.925 0.011 6.21 360.0
2455404.70983 16.923 0.012 5.02 631.0
2455408.70194 16.907 0.011 5.80 395.0
2455412.66335 16.923 0.011 6.34 396.0
2455421.67395 16.923 0.010 5.82 257.0
2455431.58626 16.933 0.010 4.28 548.0
2455432.56560 16.930 0.014 6.88 563.0
2455438.65747 16.923 0.010 4.47 489.0
2455446.59342 16.932 0.009 4.73 361.0
2455453.55086 16.920 0.015 6.29 955.0
2455459.61277 16.918 0.010 4.87 693.0
2455463.49671 16.900 0.010 4.96 553.0
2455464.48901 16.919 0.010 5.26 444.0
2455471.58214 16.929 0.010 5.04 427.0
2455480.52932 16.924 0.011 5.16 503.0
2455488.53958 16.936 0.012 4.92 830.0
2455605.88704 16.927 0.009 4.28 637.0
2455612.87767 16.915 0.011 6.28 531.0
2455615.87212 16.905 0.009 3.93 478.0
2455621.85494 16.914 0.008 4.25 330.0
2455624.78254 16.910 0.009 5.47 406.0
2455626.87378 16.908 0.009 5.13 345.0
2455627.90628 16.931 0.009 3.61 522.0
2455628.78721 16.905 0.012 7.00 419.0
2455629.86442 16.944 0.012 7.30 300.0
2455630.90614 16.910 0.010 4.39 639.0
2455631.84300 16.912 0.012 6.87 384.0
2455633.79797 16.928 0.008 4.31 363.0
2455634.87441 16.919 0.009 5.01 311.0
2455637.78377 16.937 0.013 7.15 658.0
2455642.85114 16.908 0.009 4.71 538.0
2455649.88033 16.905 0.009 5.38 272.0
2455654.86190 16.910 0.008 4.91 273.0
2455658.91767 16.929 0.010 5.20 336.0
2455664.75039 16.925 0.011 6.50 436.0
2455668.91838 16.937 0.011 4.38 935.0
2455675.91645 16.934 0.010 4.80 442.0
2455680.70203 16.928 0.011 6.39 322.0
2455683.77296 16.936 0.009 4.66 350.0
2455686.90749 16.916 0.010 5.29 381.0
2455692.77240 16.946 0.010 5.35 401.0
2455694.91837 16.932 0.010 5.70 486.0
2455697.78145 16.912 0.010 5.51 583.0
2455707.65513 16.912 0.009 5.25 329.0
2455712.67503 16.907 0.009 5.30 361.0
2455712.68771 16.911 0.008 4.51 354.0
2455716.66981 16.908 0.009 5.61 278.0
2455716.68262 16.937 0.010 6.53 270.0
2455723.62587 16.940 0.009 4.90 372.0
2455726.63053 16.925 0.011 4.76 772.0
2455735.79569 16.927 0.009 5.09 349.0
2455737.88392 16.907 0.010 5.35 459.0
2455740.75619 16.927 0.009 4.60 319.0
2455742.76067 16.908 0.007 3.34 316.0
2455745.80665 16.920 0.011 6.59 338.0
2455749.59449 16.921 0.009 5.22 327.0
2455760.67789 16.925 0.010 5.30 462.0
2455761.48544 16.947 0.006 4.36 348.0
2455761.51294 16.884 0.005 4.10 316.0
2455761.52747 16.899 0.006 4.63 314.0
2455761.54187 16.937 0.005 3.86 297.0
2455761.55628 16.907 0.006 3.74 312.0
2455762.74129 16.910 0.010 5.12 426.0
2455765.65346 16.926 0.008 3.96 394.0
2455769.54481 16.910 0.008 4.30 307.0
2455778.49626 16.925 0.012 6.44 455.0
2455786.60441 16.921 0.010 4.95 545.0
2455790.67408 16.925 0.011 6.44 454.0
2455795.63429 16.917 0.010 5.84 314.0
2455804.54766 16.924 0.010 6.14 323.0
2455815.59637 16.904 0.009 3.67 578.0
2455819.62290 16.944 0.010 4.86 605.0
2455824.61558 16.918 0.011 6.37 395.0
2455829.58956 16.912 0.009 5.59 447.0
2455834.54252 16.920 0.009 5.05 356.0
2455841.58966 16.934 0.013 5.79 740.0
2455846.52398 16.928 0.014 6.06 771.0
2455855.52075 16.907 0.011 4.80 653.0
2455977.82682 16.923 0.010 5.30 510.0
2455985.85679 16.911 0.009 4.93 386.0
2455990.88370 16.911 0.009 5.30 299.0
2455995.87642 16.915 0.008 3.94 474.0
2455999.88541 16.936 0.008 4.08 457.0
2456004.75835 16.923 0.010 6.21 469.0
2456007.87019 16.917 0.008 4.57 256.0
2456010.89831 16.902 0.007 3.55 299.0
2456014.77549 16.904 0.008 4.51 291.0
2456017.77427 16.910 0.007 4.01 311.0
2456020.73535 16.926 0.009 5.39 360.0
2456022.86462 16.924 0.008 4.47 393.0
2456025.77355 16.930 0.010 4.88 590.0
2456033.77617 16.944 0.009 5.42 332.0
2456037.85628 16.916 0.008 4.00 386.0
2456041.76008 16.898 0.009 5.61 359.0
2456048.86166 16.921 0.008 5.48 258.0
2456052.68555 16.911 0.010 4.94 689.0
2456058.77414 16.924 0.008 4.22 365.0
2456061.92020 16.915 0.009 4.54 501.0
2456064.91706 16.920 0.009 5.04 477.0
2456067.68020 16.918 0.008 4.53 314.0
2456069.79105 16.928 0.007 3.71 297.0
2456071.75898 16.893 0.007 4.13 286.0
2456076.80319 16.901 0.008 4.37 310.0
2456079.56561 16.914 0.010 5.04 572.0
2456080.90454 16.907 0.009 5.48 380.0
2456086.68446 16.904 0.008 3.84 400.0
2456089.76887 16.928 0.007 4.15 441.0
2456094.60878 16.942 0.010 6.30 380.0
2456097.76904 16.924 0.010 6.44 303.0
2456100.61608 16.918 0.010 5.74 368.0
2456102.54452 16.909 0.009 4.49 578.0
2456103.85500 16.926 0.010 7.25 441.0
2456105.81511 16.919 0.012 7.56 360.0
2456113.79094 16.923 0.010 4.13 759.0
2456115.80684 16.944 0.013 7.93 406.0
2456117.77587 16.887 0.009 4.83 431.0
2456119.71622 16.947 0.008 4.99 262.0
2456121.71295 16.911 0.007 4.31 228.0
2456124.79549 16.923 0.010 5.62 371.0
2456127.55225 16.930 0.010 6.31 298.0
2456132.74668 16.896 0.008 4.46 302.0
2456135.77320 16.921 0.009 5.22 348.0
2456140.76057 16.914 0.016 6.77 1019.0
2456147.71961 16.919 0.011 7.60 297.0
2456151.69384 16.916 0.010 6.15 327.0
2456158.64879 16.938 0.010 5.73 376.0
2456164.51109 16.928 0.009 5.01 432.0
2456169.64021 16.895 0.010 4.94 655.0
2456179.57571 16.941 0.011 6.65 384.0
2456183.62340 16.929 0.009 4.99 291.0
2456191.60350 16.942 0.009 5.01 351.0
2456201.54079 16.927 0.013 6.92 484.0
2456210.57510 16.953 0.010 5.69 445.0
2456217.56778 16.940 0.009 4.84 437.0
2456348.84319 16.918 0.008 4.40 508.0
2456363.87451 16.910 0.008 4.96 308.0
2456371.80158 16.881 0.007 4.00 241.0
2456372.79430 16.907 0.007 4.45 296.0
2456375.89536 16.896 0.007 5.19 270.0
2456379.78127 16.901 0.009 4.08 645.0
2456382.83790 16.879 0.009 4.59 545.0
2456388.84209 16.898 0.008 4.58 291.0
2456395.92516 16.882 0.008 3.95 635.0
2456398.91613 16.885 0.008 4.42 315.0
2456402.71106 16.869 0.008 4.91 366.0
2456409.87553 16.852 0.010 4.89 820.0
2456417.83306 16.842 0.008 4.59 377.0
2456420.62359 16.826 0.007 4.80 373.0
2456423.76043 16.818 0.008 5.16 429.0
2456426.92709 16.822 0.008 4.90 382.0
2456432.65629 16.802 0.008 5.74 360.0
2456434.77597 16.785 0.007 4.32 452.0
2456436.82640 16.785 0.008 4.00 776.0
2456442.69625 16.780 0.007 4.20 392.0
2456445.79632 16.807 0.007 4.62 398.0
2456447.78397 16.800 0.007 4.68 313.0
2456449.69849 16.812 0.007 4.35 356.0
2456451.64047 16.825 0.008 4.93 439.0
2456454.64135 16.865 0.008 5.00 271.0
2456456.80731 16.831 0.007 3.82 309.0
2456459.55924 16.848 0.008 4.67 475.0
2456461.70869 16.842 0.010 6.97 508.0
2456463.84279 16.845 0.009 4.56 550.0
2456469.57408 16.892 0.010 5.81 479.0
2456473.83639 16.895 0.009 6.17 361.0
2456475.79225 16.889 0.008 4.40 391.0
2456477.76806 16.902 0.010 5.82 416.0
2456480.79093 16.886 0.008 5.98 255.0
2456485.63078 16.885 0.007 4.56 253.0
2456487.72082 16.896 0.007 3.53 297.0
2456491.48856 16.910 0.010 5.28 554.0
2456499.48910 16.914 0.009 5.41 330.0
2456505.64240 16.901 0.009 5.85 299.0
2456508.76621 16.886 0.008 4.53 479.0
2456511.74497 16.927 0.009 5.59 339.0
2456518.65121 16.902 0.007 4.20 330.0
2456524.67105 16.918 0.010 5.68 719.0
2456539.55001 16.924 0.007 3.92 314.0
2456546.59988 16.922 0.010 5.60 888.0
2456560.61733 16.928 0.011 6.22 476.0
2456568.52739 16.946 0.012 6.95 456.0
2456577.51995 16.875 0.014 5.80 1246.0
2456582.53218 16.915 0.010 4.71 648.0
2456586.48872 16.948 0.019 7.13 1122.0
