2456329.88112 20.295 0.297 6.08 1299.0
2456334.87640 20.129 0.138 5.29 512.0
2456335.85670 19.891 0.158 6.94 543.0
2456337.86779 19.736 0.127 6.30 572.0
2456338.84630 20.611 0.266 6.32 545.0
2456338.88989 20.196 0.183 5.23 724.0
2456339.87262 20.361 0.158 4.57 482.0
2456340.85244 20.078 0.128 5.17 504.0
2456340.88276 20.591 0.188 4.33 523.0
2456341.89118 20.250 0.207 5.85 671.0
2456343.85548 20.170 0.179 6.10 546.0
2456343.89102 20.905 0.348 5.26 654.0
2456344.85473 20.098 0.112 4.39 467.0
2456344.89828 19.844 0.193 5.05 1469.0
2456345.86349 20.313 0.160 5.08 473.0
2456347.82677 20.399 0.226 5.53 717.0
2456347.86673 20.576 0.196 4.53 589.0
2456348.81880 20.054 0.158 5.36 803.0
2456348.86031 20.289 0.154 4.45 646.0
2456349.83020 20.079 0.179 5.37 783.0
2456349.86576 21.196 0.462 4.89 807.0
2456350.81937 19.897 0.147 6.02 718.0
2456350.86585 19.831 0.132 5.65 638.0
2456351.81797 19.783 0.146 6.33 676.0
2456352.81573 19.932 0.139 5.24 709.0
2456352.86215 20.428 0.163 4.08 628.0
2456353.79693 21.196 0.422 4.96 689.0
2456353.83753 20.236 0.161 5.07 589.0
2456353.89357 19.936 0.107 4.62 562.0
2456354.87025 20.094 0.129 4.75 581.0
2456355.85539 20.371 0.249 4.58 1294.0
2456358.82579 20.151 0.130 4.42 619.0
2456358.87022 20.047 0.120 4.39 638.0
2456360.79223 20.565 0.162 4.22 493.0
2456360.82962 20.481 0.135 3.66 464.0
2456360.87722 20.738 0.205 4.90 453.0
2456361.81525 20.073 0.116 4.57 494.0
2456361.85258 20.551 0.183 4.70 487.0
2456361.89571 20.125 0.149 5.70 463.0
2456362.80064 19.756 0.119 6.03 520.0
2456362.83803 20.131 0.118 4.13 485.0
2456362.88936 20.419 0.168 5.21 433.0
2456363.80698 19.677 0.097 5.22 506.0
2456363.86195 20.224 0.131 4.73 458.0
2456367.81721 19.869 0.084 4.49 398.0
2456367.86557 20.136 0.097 4.18 381.0
2456367.90400 20.115 0.099 3.99 463.0
2456368.80228 20.309 0.148 5.13 435.0
2456368.85539 19.899 0.087 4.17 430.0
2456368.89544 20.207 0.122 4.53 459.0
2456369.78294 19.873 0.115 5.73 458.0
2456369.82254 20.098 0.114 4.66 449.0
2456369.87745 19.876 0.083 4.36 411.0
2456370.76782 19.827 0.101 5.69 461.0
2456370.81260 20.154 0.111 4.39 446.0
2456370.85592 20.163 0.129 5.32 451.0
2456370.89520 20.375 0.137 4.26 446.0
2456371.77725 20.212 0.129 5.33 402.0
2456371.82625 20.254 0.124 4.86 388.0
2456371.86502 20.401 0.127 4.28 377.0
2456371.90845 20.434 0.156 4.75 443.0
2456372.76999 21.030 0.301 5.23 477.0
2456372.81871 19.842 0.083 4.27 436.0
2456372.85856 20.087 0.104 4.61 427.0
2456372.90118 20.494 0.162 5.14 427.0
2456373.77009 20.228 0.221 7.27 531.0
2456373.82428 19.876 0.097 4.68 465.0
2456373.86373 19.910 0.108 5.45 443.0
2456373.90333 21.182 0.365 5.84 478.0
2456374.76914 20.185 0.176 5.85 563.0
2456374.81867 20.215 0.126 4.75 431.0
2456374.85905 20.015 0.109 4.98 447.0
2456374.89992 20.073 0.111 4.84 453.0
2456375.76680 19.995 0.115 4.84 548.0
2456375.81565 20.405 0.142 4.23 484.0
2456375.83392 20.040 0.111 4.86 455.0
2456375.87396 20.123 0.105 5.05 406.0
2456375.91464 20.351 0.143 3.93 605.0
2456376.77759 19.790 0.106 4.93 628.0
2456376.82996 20.265 0.122 3.95 552.0
2456376.86912 20.595 0.181 4.67 507.0
2456376.91171 20.356 0.129 3.79 527.0
2456377.79213 20.159 0.114 4.21 597.0
2456377.84187 20.080 0.094 3.68 554.0
2456377.88269 20.107 0.088 3.25 511.0
2456378.74929 19.752 0.121 5.57 891.0
2456378.78843 20.193 0.135 4.23 753.0
2456378.83714 20.614 0.168 3.54 670.0
2456378.87848 19.949 0.083 3.18 644.0
2456378.91825 20.158 0.136 2.95 1280.0
2456379.77306 20.228 0.156 4.23 831.0
2456379.82224 20.706 0.221 3.79 729.0
2456379.86176 19.858 0.103 4.28 676.0
2456379.90757 20.641 0.164 3.33 647.0
2456380.76272 20.094 0.117 4.07 677.0
2456380.80116 19.967 0.099 3.85 616.0
2456380.82475 20.452 0.160 4.22 585.0
2456380.86547 20.182 0.120 4.01 592.0
2456380.91148 20.774 0.191 3.46 657.0
2456381.77038 20.148 0.141 4.66 677.0
2456381.81949 20.090 0.102 3.66 598.0
2456381.85826 20.052 0.089 3.45 544.0
2456381.89816 19.958 0.094 3.97 552.0
2456382.76480 19.909 0.159 6.02 748.0
2456382.80319 20.121 0.146 4.76 648.0
2456382.84239 19.651 0.098 4.83 666.0
2456382.88307 20.067 0.152 5.17 666.0
2456386.75791 19.839 0.122 6.00 500.0
2456386.80891 19.975 0.113 5.07 463.0
2456386.85521 19.986 0.115 5.19 456.0
2456386.90640 20.658 0.282 6.17 599.0
2456387.72871 20.709 0.292 6.90 457.0
2456387.77084 20.301 0.127 4.57 417.0
2456387.81517 20.140 0.127 5.01 438.0
2456387.85414 20.527 0.164 4.72 412.0
2456387.89589 20.091 0.143 5.82 459.0
2456388.73076 19.939 0.129 6.22 479.0
2456388.79325 20.025 0.111 5.07 408.0
2456388.83240 20.231 0.122 4.54 433.0
2456388.90639 20.692 0.196 4.55 485.0
2456389.72908 20.118 0.172 6.35 563.0
2456389.77008 20.638 0.206 5.27 453.0
2456389.81131 20.166 0.119 4.61 442.0
2456389.84978 20.132 0.131 5.06 460.0
2456389.88931 20.172 0.131 4.96 456.0
2456390.71406 19.997 0.139 5.99 523.0
2456390.75416 20.544 0.184 5.00 480.0
2456390.79600 19.950 0.103 4.61 459.0
2456390.84045 20.066 0.107 4.48 436.0
2456390.88534 20.174 0.120 4.61 436.0
2456390.92589 19.579 0.139 5.28 1350.0
2456391.73049 19.476 0.105 7.04 490.0
2456391.78150 20.197 0.207 7.26 466.0
2456391.82141 20.055 0.154 6.48 470.0
2456391.87432 20.080 0.164 6.96 512.0
2456393.71878 19.703 0.109 5.41 550.0
2456393.76464 20.517 0.215 5.42 496.0
2456393.80390 20.359 0.173 5.11 471.0
2456393.85627 20.267 0.145 5.62 482.0
2456393.89957 19.835 0.122 6.53 505.0
2456394.71910 19.650 0.123 6.97 549.0
2456394.77173 20.531 0.240 6.10 510.0
2456394.81919 20.338 0.199 6.43 484.0
2456394.85827 19.984 0.111 5.14 468.0
2456394.92292 19.982 0.125 4.79 577.0
2456395.72280 20.184 0.143 5.05 549.0
2456395.77141 20.052 0.107 4.17 527.0
2456395.82107 20.610 0.153 3.78 503.0
2456395.86009 20.356 0.113 3.72 489.0
2456395.90412 19.888 0.084 4.09 494.0
2456396.70828 20.444 0.164 4.67 556.0
2456396.75516 20.105 0.092 3.75 450.0
2456396.80495 19.992 0.084 4.00 425.0
2456396.84765 20.068 0.083 3.53 440.0
2456396.88864 19.971 0.094 3.97 468.0
2456396.92821 20.087 0.171 3.88 1290.0
2456397.72131 20.000 0.100 4.41 471.0
2456397.77213 20.494 0.134 3.94 434.0
2456397.82103 20.055 0.090 4.00 417.0
2456397.85890 20.308 0.120 4.06 439.0
2456397.89762 20.168 0.108 3.76 441.0
2456398.68980 19.990 0.124 5.05 535.0
2456398.72874 20.037 0.098 3.77 467.0
2456398.79055 20.416 0.138 3.94 417.0
2456398.82856 20.692 0.185 4.31 415.0
2456398.86890 20.508 0.175 5.01 432.0
2456398.90955 20.359 0.145 4.38 449.0
2456399.69562 19.998 0.130 5.81 486.0
2456399.73443 20.378 0.185 5.87 449.0
2456399.78328 20.422 0.143 4.50 437.0
2456399.83111 20.183 0.125 4.75 443.0
2456399.86968 21.065 0.302 5.10 446.0
2456400.68184 20.285 0.201 6.86 457.0
2456400.73050 20.043 0.119 5.23 456.0
2456400.79509 20.613 0.190 4.73 460.0
2456400.85095 20.143 0.120 4.71 426.0
2456400.89889 20.398 0.158 4.77 457.0
2456401.69969 19.926 0.138 6.24 521.0
2456401.74381 20.059 0.103 4.48 433.0
2456401.78542 19.857 0.086 4.37 424.0
2456401.83271 20.209 0.115 4.23 435.0
2456401.87441 20.090 0.099 3.92 452.0
2456401.91276 20.230 0.118 3.90 485.0
2456402.70603 20.402 0.206 5.88 544.0
2456402.74389 19.957 0.141 6.02 510.0
2456402.79106 19.715 0.106 6.16 459.0
2456402.83977 20.207 0.172 6.23 477.0
2456402.87981 19.684 0.096 5.30 496.0
2456402.92149 20.449 0.314 7.30 609.0
2456403.70943 20.261 0.121 4.20 475.0
2456403.74701 19.998 0.100 4.35 468.0
2456403.78631 20.196 0.099 3.87 444.0
2456403.83326 19.950 0.086 4.27 427.0
2456403.87317 20.154 0.118 4.60 462.0
2456403.92988 20.222 0.174 3.58 1181.0
2456404.72910 20.368 0.148 4.25 511.0
2456404.76853 20.572 0.190 4.35 563.0
2456404.81776 20.145 0.121 4.43 493.0
2456404.85691 19.990 0.097 4.19 438.0
2456404.90575 20.101 0.140 5.20 504.0
2456405.81317 19.722 0.127 4.24 1270.0
2456405.86074 20.006 0.093 4.08 472.0
2456405.90282 20.773 0.176 3.74 470.0
2456406.76030 20.480 0.250 4.22 1256.0
2456406.82118 19.767 0.157 4.11 1913.0
2456406.87644 20.152 0.206 3.84 1789.0
2456406.92263 19.817 0.084 4.08 526.0
2456407.70035 20.654 0.337 6.15 766.0
2456407.73817 20.536 0.248 5.46 698.0
2456407.77637 19.978 0.113 4.27 643.0
2456407.81584 21.174 0.393 4.83 663.0
2456407.86574 20.328 0.182 4.70 720.0
2456407.91392 20.256 0.176 4.25 807.0
2456408.72815 19.381 0.217 5.82 3481.0
2456408.76902 19.778 0.153 5.03 1232.0
2456408.80888 20.541 0.260 5.58 735.0
2456409.78406 19.658 0.141 6.08 834.0
2456409.82785 20.487 0.278 5.67 852.0
2456409.88364 19.564 0.115 5.29 895.0
2456409.92178 19.664 0.105 4.45 868.0
2456415.70707 20.271 0.241 7.95 513.0
2456415.76210 19.870 0.114 5.58 468.0
2456415.80274 19.553 0.112 6.86 497.0
2456415.84614 20.129 0.220 8.10 459.0
2456415.90405 20.091 0.120 4.98 461.0
2456416.64436 19.683 0.112 6.07 573.0
2456416.68910 20.279 0.206 6.39 539.0
2456416.75239 20.656 0.173 4.06 475.0
2456416.79055 20.707 0.173 4.31 463.0
2456416.84089 20.065 0.105 4.29 479.0
2456416.90604 20.326 0.128 4.21 469.0
2456417.67732 20.615 0.310 6.97 571.0
2456417.71480 19.951 0.126 5.50 532.0
2456417.75300 20.449 0.196 5.52 515.0
2456417.79988 20.414 0.179 5.10 518.0
2456417.84067 20.193 0.149 4.92 559.0
2456417.88865 19.869 0.109 4.50 600.0
2456417.92805 20.427 0.176 4.46 571.0
2456418.66050 20.703 0.252 4.90 619.0
2456418.69806 19.889 0.115 4.74 563.0
2456418.73556 20.108 0.124 4.43 497.0
2456418.77315 20.461 0.154 4.67 429.0
2456418.82178 20.029 0.103 4.50 431.0
2456418.86219 20.428 0.144 4.04 457.0
2456418.90953 20.257 0.134 4.25 524.0
2456419.65866 20.281 0.223 6.89 543.0
2456419.70938 20.099 0.118 4.56 466.0
2456419.74743 20.280 0.130 4.63 428.0
2456419.78632 19.884 0.106 5.07 481.0
2456419.83752 19.979 0.117 5.18 484.0
2456419.88514 20.100 0.117 3.93 533.0
2456419.92316 19.922 0.099 3.84 566.0
2456420.65157 20.014 0.109 4.83 474.0
2456420.68917 20.039 0.092 4.13 425.0
2456420.72702 20.308 0.112 4.06 397.0
2456420.76290 20.486 0.127 3.87 396.0
2456420.82250 20.122 0.093 3.89 402.0
2456420.86136 20.389 0.124 3.78 416.0
2456420.91034 20.250 0.110 3.61 440.0
2456421.79077 20.305 0.142 5.01 447.0
2456421.83148 20.161 0.116 4.51 455.0
2456421.89005 20.699 0.270 5.76 497.0
2456422.68292 19.827 0.095 4.91 481.0
2456422.73514 19.934 0.094 4.61 439.0
2456422.77299 20.013 0.091 4.02 453.0
2456422.88457 19.694 0.146 7.21 597.0
2456423.64514 20.328 0.195 5.86 587.0
2456423.69284 20.455 0.193 4.85 576.0
2456423.75005 20.456 0.204 5.09 580.0
2456423.81413 20.008 0.103 4.04 538.0
2456423.85265 19.922 0.112 4.52 566.0
2456423.89133 20.321 0.164 4.47 599.0
2456423.92935 19.801 0.119 4.90 681.0
2456424.65287 20.087 0.131 4.78 594.0
2456424.69334 20.043 0.116 4.41 578.0
2456424.75268 19.932 0.094 4.12 528.0
2456424.80294 19.863 0.074 3.59 519.0
2456424.84701 20.477 0.163 4.20 551.0
2456424.88849 20.169 0.126 4.10 563.0
2456424.94135 20.955 0.428 4.27 1617.0
2456426.64089 19.997 0.119 5.56 450.0
2456426.68156 20.300 0.141 5.28 390.0
2456426.77678 20.299 0.137 4.61 475.0
2456426.84008 20.226 0.119 4.19 468.0
2456426.88119 20.446 0.186 5.08 499.0
2456426.92195 19.974 0.101 4.18 523.0
2456427.72391 19.994 0.115 4.62 548.0
2456427.88465 20.543 0.225 4.48 752.0
2456428.64315 19.611 0.128 7.33 547.0
2456428.69260 19.574 0.101 6.51 471.0
2456428.73410 20.320 0.178 5.86 485.0
2456428.78466 19.971 0.113 5.12 494.0
2456428.83861 20.367 0.180 5.33 540.0
2456428.88118 19.902 0.114 5.15 509.0
2456428.92153 20.831 0.345 6.20 548.0
2456429.94546 20.060 0.207 5.52 1056.0
2456431.63499 19.928 0.221 8.41 660.0
2456431.68169 20.384 0.250 7.21 526.0
2456431.73222 20.639 0.203 4.95 498.0
2456431.78379 20.561 0.185 4.90 479.0
2456431.82599 20.189 0.127 4.55 499.0
2456431.86629 19.908 0.111 4.95 520.0
2456431.90700 20.473 0.253 6.18 589.0
2456432.64118 20.198 0.158 5.39 552.0
2456432.66336 20.155 0.168 5.84 545.0
2456432.70631 20.137 0.126 4.64 522.0
2456432.76565 20.213 0.139 4.85 538.0
2456432.80754 20.172 0.132 5.06 478.0
2456432.84758 20.376 0.157 4.87 484.0
2456432.88831 20.631 0.294 6.24 563.0
2456432.92881 19.877 0.113 4.88 566.0
2456433.61183 20.364 0.283 7.56 601.0
2456433.65229 19.911 0.143 6.35 528.0
2456433.69293 19.738 0.112 6.04 490.0
2456433.74281 19.631 0.101 5.21 650.0
2456433.84695 21.070 0.277 4.47 460.0
2456434.60344 20.739 0.436 7.56 754.0
2456434.64222 19.644 0.144 7.19 669.0
2456434.68427 19.782 0.123 5.56 617.0
2456434.73371 19.958 0.125 5.05 572.0
2456434.78459 20.013 0.109 4.19 603.0
2456434.82682 20.071 0.150 4.89 698.0
2456434.86703 20.055 0.119 4.59 579.0
2456434.94068 19.538 0.143 6.51 831.0
2456435.63077 20.480 0.242 5.67 708.0
2456435.67283 19.741 0.100 4.55 669.0
2456435.71504 20.175 0.134 4.13 671.0
2456435.77487 20.169 0.113 3.59 643.0
2456435.81729 20.038 0.126 4.02 744.0
2456435.86073 20.047 0.128 4.08 756.0
2456435.90399 20.426 0.162 3.79 703.0
2456435.94410 19.830 0.160 4.58 1411.0
2456436.61682 19.761 0.131 5.07 937.0
2456436.65971 19.849 0.129 5.19 765.0
2456436.70175 20.047 0.124 4.35 742.0
2456436.75401 20.185 0.149 4.36 807.0
2456436.80782 19.849 0.123 4.48 840.0
2456436.84921 19.756 0.105 4.10 921.0
2456436.89101 20.339 0.178 3.83 1035.0
2456436.93295 20.017 0.162 4.41 1138.0
2456437.72341 19.909 0.227 5.79 1546.0
2456437.74871 19.668 0.139 4.50 1492.0
2456437.82760 20.083 0.244 4.96 1662.0
2456437.86339 20.118 0.223 4.23 1680.0
2456437.90533 19.918 0.206 4.53 1862.0
2456437.94582 19.949 0.349 5.75 3036.0
2456441.64061 20.067 0.292 7.36 1130.0
2456441.72437 20.025 0.170 5.78 750.0
2456441.77636 20.062 0.187 5.77 828.0
2456441.82925 20.116 0.198 5.39 999.0
2456441.87270 20.008 0.196 5.42 1107.0
2456441.91424 20.065 0.268 6.73 1186.0
2456442.57247 19.735 0.099 4.80 635.0
2456442.60931 20.246 0.146 4.65 597.0
2456442.64934 20.077 0.121 4.49 605.0
2456442.68941 20.113 0.119 4.42 552.0
2456442.75093 20.270 0.113 3.71 510.0
2456442.79323 19.854 0.084 4.11 497.0
2456442.83361 19.901 0.094 4.30 503.0
2456442.87344 20.262 0.131 4.10 533.0
2456442.91325 20.187 0.153 4.88 617.0
2456443.59150 19.867 0.176 6.30 870.0
2456443.67045 19.390 0.084 5.24 665.0
2456443.75269 19.777 0.122 4.39 964.0
2456443.82147 19.671 0.160 5.14 1351.0
2456444.68970 20.415 0.313 6.89 807.0
2456444.75933 20.022 0.124 5.10 498.0
2456444.81249 20.121 0.133 4.86 520.0
2456444.85336 20.053 0.119 4.60 556.0
2456444.89516 20.025 0.131 4.70 646.0
2456444.94556 19.523 0.151 6.38 1157.0
2456445.61391 20.174 0.163 5.91 530.0
2456445.65852 20.014 0.111 4.61 492.0
2456445.71558 20.128 0.131 4.85 523.0
2456445.76293 19.905 0.103 4.49 519.0
2456445.81993 20.110 0.126 4.66 542.0
2456445.86520 20.145 0.211 6.56 576.0
2456445.91278 19.803 0.135 6.09 604.0
2456446.56078 19.957 0.110 4.69 512.0
2456446.60359 20.058 0.105 4.31 488.0
2456446.64598 19.994 0.099 4.43 472.0
2456446.69562 20.066 0.097 4.22 445.0
2456446.75097 20.028 0.100 4.30 457.0
2456446.79362 19.907 0.081 3.79 475.0
2456446.83574 20.004 0.088 3.53 511.0
2456446.90182 20.029 0.118 4.30 590.0
2456446.94235 19.866 0.128 4.73 885.0
2456447.58088 19.740 0.103 5.18 548.0
2456447.62014 19.809 0.096 4.72 465.0
2456447.65989 20.211 0.133 4.89 469.0
2456447.71014 20.028 0.107 4.41 443.0
2456447.76533 20.072 0.111 4.35 455.0
2456447.80715 19.751 0.080 3.86 494.0
2456447.84722 20.400 0.158 4.25 529.0
2456447.88774 20.224 0.117 3.49 540.0
2456447.92838 19.812 0.093 4.34 567.0
2456448.56812 19.892 0.165 6.51 635.0
2456448.60992 19.996 0.124 5.00 525.0
2456448.65027 19.852 0.112 5.44 469.0
2456448.69141 19.840 0.111 5.81 476.0
2456448.75164 19.811 0.071 3.74 435.0
2456448.79430 20.021 0.100 4.19 455.0
2456448.83618 19.949 0.105 4.56 500.0
2456448.87682 19.621 0.108 5.76 585.0
2456448.91909 19.845 0.157 6.63 654.0
2456449.56660 19.914 0.133 5.90 543.0
2456449.60995 20.218 0.151 5.48 482.0
2456449.65320 19.921 0.128 6.11 472.0
2456449.69348 19.860 0.094 4.61 507.0
2456449.74537 20.058 0.133 5.15 509.0
2456449.79559 19.845 0.106 4.94 476.0
2456449.83690 19.592 0.078 4.33 500.0
2456449.87740 19.855 0.117 5.00 569.0
2456449.92034 20.058 0.206 6.33 743.0
2456450.56046 19.659 0.119 5.86 633.0
2456450.60317 19.984 0.125 4.99 545.0
2456450.64580 19.679 0.075 4.34 469.0
2456450.69556 19.887 0.083 3.75 493.0
2456450.74589 19.590 0.061 3.60 474.0
2456450.78695 19.947 0.096 3.80 558.0
2456450.82800 20.074 0.110 3.87 552.0
2456450.87365 19.839 0.094 3.79 595.0
2456450.91747 19.965 0.120 4.30 643.0
2456451.56320 19.564 0.105 5.71 639.0
2456451.60865 19.812 0.113 5.26 564.0
2456451.64909 19.766 0.098 4.69 602.0
2456451.69159 19.984 0.107 4.20 573.0
2456451.75301 19.706 0.094 5.11 500.0
2456451.79379 19.755 0.090 4.69 480.0
2456451.83453 19.587 0.079 4.68 508.0
2456451.87524 19.867 0.110 5.09 520.0
2456451.91763 19.465 0.094 6.03 585.0
2456452.57032 19.777 0.103 5.22 514.0
2456452.61302 19.727 0.067 3.90 436.0
2456452.65378 19.728 0.070 4.14 413.0
2456452.70886 19.773 0.072 3.99 410.0
2456452.80565 19.680 0.060 3.52 410.0
2456452.84820 19.738 0.067 3.72 460.0
2456452.88948 19.679 0.084 4.69 501.0
2456454.54950 19.431 0.096 6.31 518.0
2456454.58022 19.301 0.066 5.33 432.0
2456454.62278 19.467 0.072 5.19 435.0
2456454.66326 19.515 0.075 5.19 442.0
2456454.71402 19.483 0.057 4.01 413.0
2456454.76648 19.370 0.060 4.52 443.0
2456454.80762 19.546 0.083 5.31 463.0
2456454.84809 19.587 0.088 5.15 460.0
2456454.88915 19.534 0.077 4.78 470.0
2456455.54391 19.327 0.071 5.30 479.0
2456455.57997 19.206 0.060 5.04 425.0
2456455.68619 19.680 0.103 5.49 520.0
2456455.78516 19.341 0.077 5.12 578.0
2456456.54796 19.388 0.064 4.98 446.0
2456456.58889 19.282 0.039 3.57 393.0
2456456.63002 19.447 0.051 3.85 400.0
2456456.68122 19.182 0.036 3.32 452.0
2456456.73370 19.208 0.042 3.85 420.0
2456456.77519 19.210 0.048 4.13 467.0
2456456.81584 19.237 0.053 4.25 484.0
2456456.89175 19.213 0.048 4.09 492.0
2456457.69922 19.068 0.042 4.38 429.0
2456457.76208 19.109 0.043 4.13 418.0
2456457.80321 19.097 0.044 4.26 451.0
2456457.84461 19.071 0.048 4.35 553.0
2456457.88510 19.191 0.059 4.89 595.0
2456458.54649 18.711 0.052 6.36 599.0
2456458.58657 18.843 0.055 6.11 571.0
2456458.62827 19.074 0.070 6.34 528.0
2456458.66888 19.010 0.048 4.81 503.0
2456458.72030 18.949 0.055 5.79 514.0
2456458.77159 18.821 0.037 4.25 516.0
2456458.81266 18.791 0.034 3.80 542.0
2456458.85346 18.946 0.050 4.61 621.0
2456458.89803 18.830 0.049 5.16 716.0
2456459.54051 18.899 0.063 6.08 748.0
2456459.57992 18.934 0.049 4.86 599.0
2456459.62283 18.784 0.040 4.74 518.0
2456459.66489 18.725 0.033 4.22 474.0
2456459.72977 18.719 0.029 3.94 431.0
2456459.77165 18.676 0.030 3.75 474.0
2456459.81263 18.783 0.036 3.48 552.0
2456459.85374 18.793 0.035 3.99 531.0
2456459.89442 18.759 0.045 5.19 606.0
2456460.59263 18.612 0.039 5.05 574.0
2456460.64342 18.600 0.035 4.69 542.0
2456460.71777 18.661 0.033 4.01 541.0
2456460.79238 18.710 0.042 4.59 678.0
2456460.88889 18.614 0.036 3.85 848.0
2456461.56870 18.635 0.036 4.50 607.0
2456461.61041 18.646 0.038 4.86 541.0
2456461.65197 18.685 0.041 4.99 627.0
2456461.70086 18.686 0.045 5.65 600.0
2456461.76933 18.700 0.034 4.32 513.0
2456461.82220 18.803 0.042 4.64 528.0
2456461.87346 18.712 0.037 4.02 641.0
2456462.60849 18.838 0.073 5.14 1371.0
2456462.65056 18.803 0.042 4.63 599.0
2456462.70235 18.851 0.051 5.59 643.0
2456462.82958 18.894 0.049 5.07 551.0
2456462.87053 18.821 0.051 5.43 594.0
2456463.52297 18.938 0.089 7.70 867.0
2456463.56446 19.093 0.066 5.60 694.0
2456463.60360 19.075 0.069 5.68 647.0
2456463.64482 19.118 0.061 4.93 618.0
2456463.69935 19.080 0.054 4.79 599.0
2456463.75360 19.082 0.056 4.48 649.0
2456463.79494 19.175 0.062 4.62 659.0
2456463.83612 18.997 0.053 4.48 684.0
2456463.88033 19.064 0.061 5.10 648.0
2456464.57287 19.023 0.085 6.64 887.0
2456464.61238 19.221 0.084 5.34 786.0
2456464.65280 19.179 0.077 5.28 736.0
2456464.69964 19.169 0.057 4.13 682.0
2456464.75263 19.171 0.069 4.77 747.0
2456464.80349 19.245 0.080 5.01 806.0
2456464.84515 19.321 0.088 4.60 937.0
2456464.88759 19.151 0.071 4.44 938.0
2456468.55921 19.568 0.112 5.06 924.0
2456468.60020 19.392 0.090 4.90 867.0
2456468.64116 19.772 0.133 5.31 844.0
2456468.71034 19.792 0.145 6.37 755.0
2456468.75430 19.553 0.108 5.50 812.0
2456468.81409 19.818 0.144 4.40 1202.0
2456469.54198 19.852 0.131 5.78 637.0
2456469.58241 19.695 0.117 5.72 671.0
2456469.62251 19.631 0.087 4.57 622.0
2456469.68595 20.017 0.136 4.98 649.0
2456469.72956 19.613 0.089 4.88 609.0
2456469.76988 20.283 0.155 4.29 645.0
2456469.84276 19.554 0.156 5.13 1697.0
2456471.60645 19.641 0.118 6.97 468.0
2456471.64800 19.802 0.134 5.70 684.0
2456471.78092 20.144 0.331 7.67 1082.0
2456471.85129 20.275 0.364 6.80 1282.0
2456472.60489 20.407 0.239 7.07 487.0
2456472.64391 19.821 0.128 6.88 446.0
2456472.69650 19.991 0.119 5.22 447.0
2456472.74830 20.019 0.126 5.27 463.0
2456472.78889 19.976 0.128 5.35 509.0
2456472.82952 20.441 0.295 7.14 593.0
2456473.54923 19.789 0.118 5.88 519.0
2456473.59150 19.861 0.099 4.88 446.0
2456473.63185 19.949 0.084 4.18 414.0
2456473.68373 20.032 0.115 4.94 423.0
2456473.73477 20.004 0.106 4.65 453.0
2456473.77581 19.739 0.095 4.97 487.0
2456473.81622 19.932 0.120 5.16 505.0
2456473.85684 19.776 0.137 6.28 591.0
2456474.49382 19.997 0.202 7.78 649.0
2456474.53834 19.715 0.139 6.70 626.0
2456474.57853 19.715 0.103 5.53 526.0
2456474.62386 19.822 0.132 6.24 537.0
2456474.66457 19.964 0.115 5.15 480.0
2456474.71941 19.802 0.104 5.01 525.0
2456474.76921 19.840 0.110 4.77 611.0
2456474.80954 19.851 0.137 5.68 655.0
2456474.84976 20.245 0.195 5.43 741.0
2456475.48550 20.174 0.205 6.72 668.0
2456475.52736 19.761 0.111 5.46 557.0
2456475.57042 19.996 0.161 6.13 553.0
2456475.63161 19.999 0.105 4.95 436.0
2456475.68267 19.790 0.094 5.15 455.0
2456475.73185 20.128 0.134 4.50 515.0
2456475.77216 19.797 0.100 4.50 513.0
2456475.81424 19.955 0.128 4.99 573.0
2456475.85711 20.478 0.264 5.68 706.0
2456476.49836 19.938 0.175 6.19 718.0
2456476.53908 19.965 0.135 5.07 580.0
2456476.57990 20.698 0.258 5.48 546.0
2456476.62131 20.089 0.125 4.49 531.0
2456476.68677 19.912 0.112 4.67 510.0
2456476.72761 20.055 0.137 4.98 511.0
2456476.76839 20.148 0.134 4.68 504.0
2456476.80891 19.824 0.096 4.93 496.0
2456477.53242 19.730 0.098 5.69 462.0
2456477.57357 20.024 0.122 5.39 434.0
2456477.61427 20.043 0.139 5.72 466.0
2456477.68011 19.669 0.100 5.64 496.0
2456477.72086 19.684 0.089 4.91 496.0
2456477.76139 20.170 0.182 5.94 569.0
2456477.80251 20.560 0.280 5.93 641.0
2456478.52994 20.073 0.148 5.56 561.0
2456478.57022 20.270 0.179 5.78 501.0
2456478.61042 20.220 0.136 4.80 501.0
2456478.66601 20.137 0.168 5.88 572.0
2456479.56472 19.992 0.137 6.22 461.0
2456479.60564 19.967 0.109 5.28 423.0
2456479.64733 19.998 0.105 5.05 386.0
2456479.70179 19.754 0.119 7.12 419.0
2456479.75968 19.991 0.138 7.17 380.0
2456479.82435 20.324 0.232 6.97 484.0
2456479.85174 20.962 0.468 7.26 553.0
2456480.56177 20.250 0.168 5.79 497.0
2456480.60237 20.006 0.149 6.47 457.0
2456480.65329 20.166 0.123 4.99 435.0
2456480.70523 19.673 0.106 6.63 396.0
2456480.74566 20.169 0.151 5.73 422.0
2456480.78613 19.857 0.110 5.74 400.0
2456480.82787 19.884 0.161 7.42 461.0
2456481.49918 20.349 0.226 6.10 636.0
2456481.54049 19.849 0.104 5.17 493.0
2456481.58407 19.949 0.127 5.94 461.0
2456481.64191 19.723 0.110 6.78 448.0
2456481.74259 20.249 0.176 6.13 478.0
2456481.78513 19.808 0.120 5.95 477.0
2456481.82755 19.797 0.149 6.69 569.0
2456482.80207 20.268 0.280 7.66 645.0
2456483.61136 20.435 0.152 4.47 433.0
2456483.81376 102.699 9.999 6.48 538.0
2456484.49352 20.408 0.213 5.88 559.0
2456484.53400 20.107 0.172 6.27 518.0
2456485.46698 20.243 0.238 6.20 781.0
2456485.51270 19.678 0.103 6.15 470.0
2456485.55947 20.229 0.160 6.11 431.0
2456485.63814 19.870 0.085 4.57 408.0
2456485.70127 19.948 0.096 4.61 414.0
2456485.74408 20.256 0.121 4.11 440.0
2456485.79015 19.889 0.109 4.86 499.0
2456486.47058 20.318 0.224 5.70 687.0
2456486.51306 19.913 0.113 5.05 505.0
2456486.55939 19.918 0.110 5.23 446.0
2456486.60469 20.281 0.151 5.62 444.0
2456486.67052 19.922 0.099 4.43 445.0
2456486.72339 20.144 0.141 5.11 454.0
2456486.76777 20.042 0.112 4.63 477.0
2456486.81050 19.912 0.104 4.32 501.0
2456487.46879 20.222 0.163 4.49 756.0
2456487.51292 20.489 0.182 4.78 523.0
2456487.55905 19.870 0.087 4.31 455.0
2456487.60021 20.086 0.091 3.94 417.0
2456487.67296 20.168 0.100 3.86 435.0
2456487.71377 20.226 0.105 3.82 431.0
2456487.75746 19.999 0.091 3.80 481.0
2456487.80275 20.309 0.126 4.06 530.0
2456489.50912 20.274 0.192 5.92 516.0
2456489.55105 19.928 0.122 5.32 500.0
2456489.59399 20.071 0.119 4.90 457.0
2456489.65349 20.137 0.137 5.02 447.0
2456489.70540 19.715 0.111 6.05 458.0
2456489.74768 19.973 0.130 4.82 494.0
2456489.80885 19.806 0.144 6.46 591.0
2456490.48218 20.016 0.154 5.29 658.0
2456490.52312 20.423 0.178 4.59 560.0
2456490.56377 19.852 0.106 4.66 521.0
2456490.62178 19.893 0.103 4.93 501.0
2456490.66904 19.945 0.105 4.25 481.0
2456490.70974 20.076 0.109 3.96 466.0
2456490.75047 19.950 0.104 4.47 476.0
2456491.46999 20.037 0.189 5.00 915.0
2456491.51303 20.291 0.199 5.52 629.0
2456491.55800 20.124 0.157 5.40 572.0
2456491.61827 19.955 0.142 5.75 559.0
2456491.68996 20.433 0.176 4.44 525.0
2456491.73189 19.958 0.106 4.06 527.0
2456491.77419 19.844 0.108 4.30 605.0
2456491.81807 19.914 0.153 6.29 578.0
2456492.50201 19.887 0.156 5.55 774.0
2456492.54850 20.248 0.182 5.26 655.0
2456492.59880 20.380 0.190 4.68 612.0
2456492.66371 20.542 0.300 6.83 639.0
2456492.70252 19.957 0.143 5.31 580.0
2456492.73560 20.087 0.173 5.44 708.0
2456492.77937 20.398 0.268 6.13 741.0
2456496.48724 19.634 0.153 6.22 1059.0
2456496.52771 19.815 0.165 5.70 967.0
2456496.56769 19.740 0.153 5.89 916.0
2456496.62828 19.660 0.158 7.17 806.0
2456497.58222 20.175 0.214 6.48 675.0
2456497.63467 20.458 0.252 6.58 609.0
2456497.68523 20.124 0.201 7.50 609.0
2456497.72637 20.120 0.193 6.60 641.0
2456497.76711 19.856 0.150 6.13 678.0
2456498.46793 20.172 0.145 3.94 833.0
2456498.51151 20.147 0.112 4.21 473.0
2456498.55642 20.262 0.117 3.46 635.0
2456498.60055 20.081 0.105 3.79 584.0
2456498.64805 19.648 0.103 5.70 527.0
2456498.69095 19.884 0.125 5.66 522.0
2456498.73428 20.229 0.140 4.65 539.0
2456498.77983 20.082 0.162 5.34 611.0
2456499.48215 20.018 0.138 5.45 521.0
2456499.52584 19.968 0.104 4.87 454.0
2456499.56870 20.068 0.109 4.76 452.0
2456500.53798 20.047 0.190 7.24 577.0
2456500.60190 20.544 0.325 7.63 534.0
2456500.67941 20.563 0.267 6.58 513.0
2456500.73045 20.984 0.398 6.09 617.0
2456501.55802 20.151 0.169 6.27 485.0
2456501.61865 20.246 0.133 4.75 415.0
2456501.66409 20.122 0.123 5.02 389.0
2456501.70649 19.806 0.091 5.05 408.0
2456501.74943 20.250 0.187 6.04 503.0
2456501.78787 19.877 0.171 7.13 599.0
2456504.63930 20.340 0.183 5.28 553.0
2456504.68156 19.878 0.100 5.35 398.0
2456504.72403 19.900 0.118 5.85 428.0
2456505.47555 21.226 0.539 6.97 609.0
2456505.53534 19.781 0.106 5.39 491.0
2456505.57990 19.938 0.140 6.30 477.0
2456505.65128 20.542 0.208 5.39 456.0
2456505.69221 20.217 0.154 5.35 452.0
2456505.73510 19.862 0.130 6.03 509.0
2456505.77746 20.429 0.281 6.90 623.0
2456506.56870 19.877 0.139 6.52 494.0
2456506.64910 20.548 0.265 7.35 453.0
2456506.70995 20.273 0.212 7.17 462.0
2456506.75183 19.778 0.131 6.53 495.0
2456507.63999 20.514 0.239 6.02 484.0
2456507.70897 20.123 0.230 7.92 529.0
2456507.75997 20.266 0.281 7.42 633.0
2456508.51837 20.223 0.149 5.42 465.0
2456508.56972 19.886 0.127 6.23 447.0
2456508.61785 20.321 0.137 4.72 456.0
2456508.65996 20.345 0.146 5.02 455.0
2456508.70158 20.006 0.112 4.96 470.0
2456508.76148 19.976 0.104 4.07 602.0
2456509.52297 20.236 0.119 4.32 437.0
2456509.58369 19.966 0.080 3.79 413.0
2456509.62543 19.931 0.080 3.77 423.0
2456509.66711 20.283 0.123 4.54 421.0
2456509.70843 20.111 0.110 4.87 442.0
2456509.75104 19.858 0.114 5.92 551.0
2456510.48945 20.010 0.103 4.42 446.0
2456510.55221 20.093 0.110 4.28 449.0
2456510.59914 20.103 0.094 3.68 417.0
2456510.64172 20.315 0.119 4.04 423.0
2456510.71162 20.146 0.141 5.31 474.0
2456510.75559 20.384 0.257 6.86 605.0
2456511.52176 20.155 0.153 5.76 498.0
2456511.60024 20.167 0.134 5.00 439.0
2456511.65495 19.941 0.100 4.61 436.0
2456511.70469 20.315 0.146 4.62 434.0
2456511.75747 20.404 0.183 5.39 455.0
2456512.75046 20.187 0.225 7.40 549.0
2456514.52050 20.023 0.161 6.45 496.0
2456514.59319 20.395 0.144 4.63 419.0
2456514.65869 20.098 0.114 5.03 392.0
2456514.71386 20.135 0.118 4.89 425.0
2456515.47734 20.447 0.160 4.02 569.0
2456515.54518 20.165 0.121 4.47 452.0
2456515.61086 19.972 0.094 4.18 421.0
2456515.67472 20.180 0.111 4.18 413.0
2456515.75390 19.970 0.112 5.08 499.0
2456516.52039 20.102 0.179 6.52 515.0
2456516.60272 20.024 0.114 5.00 444.0
2456516.65458 20.181 0.135 5.49 403.0
2456518.49018 20.393 0.167 4.80 516.0
2456518.56212 19.994 0.093 3.59 505.0
2456518.61541 20.226 0.127 4.24 504.0
2456518.66233 20.252 0.122 4.16 449.0
2456518.71050 19.786 0.084 4.76 430.0
2456519.49592 20.553 0.182 4.32 527.0
2456519.56828 19.925 0.104 4.14 512.0
2456519.61676 20.318 0.141 4.06 488.0
2456519.66827 19.843 0.092 4.23 508.0
2456519.71567 19.979 0.120 4.89 566.0
2456523.50405 20.882 0.304 4.18 837.0
2456523.54237 19.656 0.094 4.33 710.0
2456523.57837 20.125 0.137 3.85 766.0
2456523.61745 19.791 0.119 4.24 873.0
2456523.65809 20.424 0.223 4.46 871.0
2456523.69948 20.108 0.212 5.42 1037.0
2456524.52092 20.219 0.147 3.91 803.0
2456524.56962 20.132 0.137 3.93 764.0
2456524.61776 20.133 0.145 3.97 806.0
2456524.66636 19.952 0.136 4.64 857.0
2456525.52370 20.436 0.243 5.26 877.0
2456525.57162 19.779 0.140 5.35 769.0
2456525.62375 19.882 0.173 6.01 801.0
2456525.67396 20.437 0.316 6.25 853.0
2456526.66539 19.711 0.115 5.12 670.0
2456526.69613 20.825 0.328 5.75 703.0
2456527.62682 20.562 0.387 4.93 1631.0
2456529.55415 20.105 0.192 6.30 666.0
2456529.59729 19.643 0.110 6.31 477.0
2456529.63987 20.187 0.172 5.56 535.0
2456530.67729 20.316 0.270 7.90 474.0
2456531.50681 20.240 0.162 5.37 488.0
2456531.58275 20.059 0.124 4.89 462.0
2456531.63030 20.053 0.141 5.74 451.0
2456531.67834 20.486 0.200 5.36 492.0
2456532.50839 20.483 0.200 5.64 459.0
2456532.61240 19.947 0.107 4.74 442.0
2456532.67377 19.872 0.133 6.52 471.0
2456533.52390 20.962 0.353 5.19 561.0
2456533.59443 19.663 0.087 4.56 546.0
2456533.65553 20.188 0.135 5.17 478.0
2456534.54755 20.024 0.115 4.51 507.0
2456534.59840 20.128 0.130 4.74 486.0
2456534.63865 20.138 0.148 5.51 510.0
2456535.53282 20.333 0.243 7.02 498.0
2456536.47775 20.017 0.172 6.34 585.0
2456536.56959 19.862 0.077 3.68 462.0
2456536.62008 20.105 0.122 4.82 443.0
2456538.51603 19.816 0.090 4.65 447.0
2456538.56870 19.906 0.105 5.00 426.0
2456538.61111 20.503 0.193 5.26 435.0
2456539.51816 19.959 0.108 4.51 467.0
2456539.56403 20.040 0.140 4.62 638.0
2456539.62190 20.097 0.130 3.94 641.0
2456540.65550 19.597 0.149 8.04 521.0
2456541.51399 20.598 0.209 4.79 491.0
2456541.57379 20.002 0.103 4.36 456.0
2456541.61945 20.339 0.119 3.65 418.0
2456543.53160 20.194 0.148 5.28 471.0
2456543.58308 20.288 0.162 5.06 466.0
2456543.62742 20.037 0.132 5.34 474.0
2456544.51894 19.912 0.112 5.51 426.0
2456544.56954 19.922 0.127 6.00 406.0
2456545.48143 19.935 0.116 4.88 507.0
2456545.52696 19.785 0.078 4.43 433.0
2456545.57205 20.052 0.120 5.49 426.0
2456545.61795 20.133 0.111 4.78 419.0
2456546.48938 20.387 0.251 6.62 537.0
2456546.55711 20.058 0.211 6.46 750.0
2456546.60931 20.062 0.160 4.85 827.0
2456547.56858 20.343 0.261 5.58 798.0
2456547.61571 19.596 0.155 6.37 1016.0
2456551.56283 20.164 0.243 6.62 729.0
2456552.55464 20.231 0.238 6.78 684.0
2456553.58757 22.578 3.037 5.51 1929.0
2456555.58594 20.229 0.188 4.87 666.0
2456555.63751 19.756 0.158 6.02 778.0
2456556.64852 19.749 0.152 6.19 728.0
2456558.52624 20.301 0.133 4.04 511.0
2456558.56680 19.833 0.096 4.58 529.0
2456558.61974 20.045 0.154 5.56 681.0
2456559.51210 19.615 0.114 6.04 610.0
2456559.56589 20.046 0.126 4.73 527.0
2456559.61897 20.297 0.196 6.43 516.0
2456560.52653 19.984 0.120 4.38 542.0
2456560.57019 20.143 0.146 4.54 597.0
2456560.62601 20.439 0.246 6.12 602.0
2456561.57099 20.768 0.285 5.60 458.0
2456561.53060 19.780 0.116 5.70 471.0
2456562.52944 20.169 0.152 5.84 456.0
2456562.57655 20.884 0.260 4.69 450.0
2456562.62003 20.319 0.154 4.86 457.0
2456563.54525 19.683 0.135 7.02 501.0
2456563.59122 20.152 0.162 5.48 473.0
2456563.62875 20.090 0.181 6.20 510.0
2456564.52416 20.416 0.211 5.62 505.0
2456564.56570 20.165 0.156 5.20 534.0
2456565.49281 19.543 0.107 5.79 589.0
2456565.53691 19.961 0.149 5.90 544.0
2456565.59091 19.792 0.106 4.98 521.0
2456567.53392 20.164 0.216 6.43 569.0
2456567.57608 20.551 0.298 6.25 574.0
2456568.52987 20.221 0.257 7.56 578.0
2456568.57067 20.096 0.162 5.44 542.0
2456568.61355 20.003 0.159 6.02 536.0
2456569.52109 20.110 0.110 4.10 474.0
2456569.56206 20.129 0.123 4.46 472.0
2456569.60319 19.850 0.118 5.64 488.0
2456570.53961 20.587 0.231 5.13 502.0
2456571.48624 20.775 0.425 6.21 844.0
2456571.54694 20.857 0.341 5.71 577.0
2456571.59613 19.818 0.127 5.57 599.0
2456572.51944 21.201 0.497 7.24 529.0
2456572.57809 20.336 0.202 5.56 557.0
2456573.50000 20.410 0.199 4.93 577.0
2456573.54070 19.806 0.103 4.32 611.0
2456573.58738 20.618 0.235 4.90 647.0
2456577.52390 19.527 0.179 5.64 1799.0
2456577.56770 19.768 0.196 5.47 1573.0
2456578.50645 20.727 0.329 5.31 701.0
2456578.56144 19.666 0.119 5.35 708.0
2456579.48619 20.051 0.277 5.16 1710.0
2456579.54544 19.424 0.104 5.74 746.0
2456580.50343 19.549 0.142 5.61 1063.0
2456581.50492 20.072 0.150 4.69 662.0
2456581.56179 20.055 0.169 5.24 789.0
2456582.51659 20.154 0.186 5.27 750.0
2456582.56899 20.719 0.293 4.31 855.0
2456583.52747 19.799 0.183 6.61 901.0
2456583.56480 19.559 0.175 7.84 956.0
2456584.52150 19.832 0.182 5.39 1009.0
2456584.56663 21.330 0.834 5.87 1267.0
2456585.52352 19.906 0.179 5.63 770.0
2456585.56138 20.084 0.222 5.63 854.0
2456590.52246 20.992 0.517 7.05 573.0
2456590.54360 20.783 0.339 5.99 588.0
2456593.49825 20.179 0.235 6.10 788.0
2456593.51114 20.912 0.385 5.50 655.0
2456595.52027 20.319 0.244 6.21 651.0
