2455288.86156 20.756 0.223 3.36 757.0
2455293.82633 20.517 0.180 4.68 395.0
2455294.80232 20.775 0.149 3.59 325.0
2455296.84478 20.521 0.109 3.06 332.0
2455301.83068 20.457 0.146 4.38 379.0
2455306.79072 20.647 0.143 3.93 348.0
2455308.80753 20.673 0.176 4.69 354.0
2455310.87236 20.312 0.104 4.07 337.0
2455313.77625 20.540 0.270 6.06 665.0
2455314.91588 20.399 0.201 4.29 925.0
2455320.76203 20.671 0.208 4.48 551.0
2455321.90333 20.812 0.261 4.61 604.0
2455323.81712 20.823 0.267 5.47 526.0
2455326.79219 20.712 0.179 4.29 368.0
2455327.93287 20.554 0.213 4.02 821.0
2455334.78344 20.600 0.143 3.84 378.0
2455336.85084 20.574 0.185 4.46 447.0
2455340.86728 20.700 0.258 4.79 687.0
2455343.65719 20.511 0.258 4.78 1010.0
2455350.73736 20.619 0.244 6.11 439.0
2455353.72084 20.796 0.187 4.03 388.0
2455355.89107 20.396 0.223 5.59 632.0
2455365.73381 20.504 0.164 4.55 398.0
2455378.64145 20.396 0.137 4.02 387.0
2455380.67644 20.492 0.128 4.17 301.0
2455385.54242 20.655 0.148 4.03 526.0
2455385.64544 20.529 0.143 4.66 441.0
2455385.74409 20.622 0.141 3.68 463.0
2455388.77042 20.479 0.152 4.85 257.0
2455391.83879 20.348 0.197 5.30 642.0
2455405.66048 20.614 0.237 5.34 419.0
2455409.50022 20.820 0.200 4.81 316.0
2455413.55967 20.574 0.155 4.47 326.0
2455422.63525 20.747 0.153 3.92 291.0
2455447.53577 20.522 0.157 4.47 351.0
2455457.59617 20.396 0.181 5.33 605.0
2455473.50999 20.479 0.219 5.55 445.0
2455611.87694 20.642 0.243 5.10 583.0
2455623.86216 20.614 0.151 4.43 331.0
2455624.80428 20.363 0.174 5.54 403.0
2455625.80154 20.360 0.163 5.46 396.0
2455629.80475 20.777 0.236 5.75 323.0
2455630.84110 20.834 0.202 4.91 325.0
2455634.77917 20.628 0.178 4.82 358.0
2455639.79101 20.521 0.208 4.76 592.0
2455640.84507 20.522 0.223 5.21 550.0
2455642.86225 20.824 0.242 4.56 531.0
2455642.88211 20.624 0.244 5.70 535.0
2455644.82746 20.825 0.254 4.36 650.0
2455647.81647 20.590 0.186 4.65 440.0
2455649.84934 20.845 0.182 4.71 262.0
2455651.78328 20.538 0.163 5.25 295.0
2455653.91007 20.576 0.123 3.45 309.0
2455655.84820 20.485 0.133 4.52 317.0
2455657.88033 20.672 0.148 4.26 295.0
2455659.76756 20.956 0.225 4.89 304.0
2455660.86379 20.613 0.196 6.28 274.0
2455664.74702 20.437 0.215 6.65 444.0
2455665.86818 21.080 0.257 5.48 292.0
2455675.83739 20.580 0.231 5.81 433.0
2455679.92721 20.718 0.215 4.49 464.0
2455683.68936 20.592 0.176 5.02 377.0
2455686.85229 20.626 0.195 4.87 383.0
2455692.71276 20.534 0.182 5.20 401.0
2455694.86827 20.546 0.189 5.06 432.0
2455697.72780 20.525 0.219 5.13 605.0
2455707.59503 21.002 0.295 5.52 401.0
2455715.90890 20.846 0.299 6.66 490.0
2455723.56513 20.728 0.213 4.03 520.0
2455735.73616 21.083 0.284 5.07 355.0
2455737.82997 20.563 0.158 4.34 351.0
2455740.69476 20.240 0.131 5.51 293.0
2455742.70949 20.686 0.142 3.96 256.0
2455745.75598 20.695 0.202 5.38 317.0
2455749.54415 20.613 0.198 5.44 365.0
2455765.58261 20.314 0.117 3.95 410.0
2455777.71159 20.427 0.129 4.48 304.0
2455786.52738 20.266 0.256 6.84 620.0
2455790.62038 20.753 0.298 6.75 380.0
2455815.53597 20.341 0.137 3.97 503.0
2455822.54395 20.524 0.228 6.48 333.0
2455827.53866 20.236 0.213 6.39 506.0
2455829.50152 20.683 0.243 5.59 399.0
2455831.52110 20.791 0.218 5.13 379.0
2455833.52751 20.717 0.212 4.76 380.0
2455982.83796 20.846 0.219 5.00 356.0
2455985.86809 20.534 0.159 4.57 359.0
2455988.85386 20.324 0.179 5.43 393.0
2455993.86852 20.745 0.240 5.04 420.0
2455995.89914 20.538 0.163 3.89 506.0
2455998.77963 20.603 0.278 6.14 554.0
2456005.80889 20.374 0.155 5.79 310.0
2456007.78686 20.390 0.122 4.16 275.0
2456008.90172 20.609 0.175 4.99 312.0
2456010.83500 20.664 0.145 4.12 344.0
2456012.77619 20.663 0.168 4.95 282.0
2456013.89939 20.663 0.138 4.07 264.0
2456015.80389 20.554 0.111 3.66 268.0
2456016.91618 20.562 0.152 3.59 483.0
2456019.91430 20.793 0.157 3.77 296.0
2456021.75474 20.899 0.231 4.71 424.0
2456022.81683 20.969 0.212 3.90 409.0
2456024.89733 20.235 0.140 3.71 633.0
2456033.71430 20.314 0.170 6.28 350.0
2456040.92624 20.619 0.197 4.47 495.0
2456048.80487 20.422 0.114 3.84 272.0
2456051.74684 20.434 0.151 4.23 462.0
2456057.89043 20.758 0.247 3.85 803.0
2456058.72227 20.606 0.214 5.99 375.0
2456061.86904 20.471 0.177 4.95 460.0
2456064.86220 20.718 0.196 4.72 432.0
2456067.62680 20.687 0.173 4.38 328.0
2456069.72405 20.363 0.117 4.10 297.0
2456071.69781 20.399 0.111 4.28 249.0
2456076.74125 20.907 0.190 4.25 313.0
2456078.87736 20.424 0.152 3.99 495.0
2456080.84158 20.558 0.204 5.16 462.0
2456086.62782 20.591 0.170 4.27 426.0
2456089.68524 21.023 0.240 4.81 321.0
2456093.86136 20.441 0.217 6.80 343.0
2456097.68321 20.929 0.275 5.86 300.0
2456101.87027 20.391 0.233 5.50 726.0
2456103.76643 20.589 0.172 4.42 374.0
2456103.78682 20.439 0.136 4.45 346.0
2456105.72471 20.516 0.136 4.59 258.0
2456115.74253 20.499 0.218 6.72 333.0
2456117.72407 20.804 0.210 4.51 379.0
2456119.66518 20.557 0.146 5.11 240.0
2456121.67422 20.528 0.105 3.82 221.0
2456124.74093 20.636 0.163 4.49 322.0
2456132.64386 20.436 0.167 5.93 252.0
2456135.71308 20.425 0.164 5.20 350.0
2456151.63847 20.891 0.275 6.38 286.0
2456158.59305 20.996 0.271 5.47 328.0
2456169.58578 20.438 0.154 3.61 527.0
2456191.54817 20.722 0.259 5.37 457.0
2456196.48605 20.605 0.234 4.74 614.0
2456198.55653 20.532 0.283 6.33 564.0
2456210.57347 20.872 0.297 5.74 451.0
2456340.85894 20.457 0.144 4.52 332.0
2456345.85259 20.904 0.225 4.63 307.0
2456350.82741 20.630 0.219 4.91 524.0
2456353.86037 20.352 0.151 5.17 409.0
2456361.86229 20.920 0.216 4.62 323.0
2456367.82712 20.494 0.115 4.10 243.0
2456369.84786 20.646 0.151 4.54 278.0
2456371.84927 20.346 0.128 5.15 237.0
2456372.84178 20.803 0.180 4.67 279.0
2456374.80304 20.127 0.110 4.76 322.0
2456376.75993 20.255 0.137 4.69 476.0
2456377.88948 20.243 0.094 3.34 361.0
2456379.82900 20.451 0.167 4.11 580.0
2456381.79064 20.383 0.130 3.75 501.0
2456387.82195 20.463 0.143 4.90 284.0
2456389.72029 20.419 0.178 5.77 393.0
2456390.81566 20.601 0.153 4.40 300.0
2456391.74863 20.578 0.187 5.71 305.0
2456395.86753 20.631 0.136 3.78 359.0
2456398.86243 20.601 0.139 3.98 277.0
2456401.90538 20.467 0.134 4.02 335.0
2456404.87580 20.282 0.120 4.43 319.0
2456409.80171 20.065 0.205 6.16 730.0
2456417.77047 20.336 0.164 5.66 371.0
2456423.68654 19.907 0.097 4.50 409.0
2456426.87308 20.083 0.098 4.48 332.0
2456431.92748 19.520 0.093 5.99 475.0
2456434.70320 19.384 0.066 5.32 411.0
2456436.75973 19.427 0.062 3.57 824.0
2456442.64271 19.278 0.051 4.50 442.0
2456445.72071 19.373 0.057 5.10 356.0
2456447.71550 19.484 0.052 3.99 285.0
2456449.64434 19.643 0.078 5.54 315.0
2456451.58504 19.676 0.078 4.44 411.0
2456454.58683 19.907 0.093 5.50 268.0
2456456.75278 19.860 0.068 4.17 278.0
2456458.88114 20.292 0.174 5.63 583.0
2456461.64279 20.058 0.129 5.26 468.0
2456463.78777 20.761 0.212 4.25 525.0
2456473.78252 20.739 0.225 5.55 357.0
2456475.73838 20.455 0.145 4.24 362.0
2456477.71384 20.695 0.203 5.22 349.0
2456480.73702 20.488 0.142 5.29 259.0
2456485.53505 20.779 0.210 6.01 275.0
2456487.65637 20.455 0.114 4.09 294.0
2456490.74160 20.643 0.173 4.73 343.0
2456498.75486 20.848 0.252 5.12 434.0
2456505.55497 20.527 0.148 4.69 313.0
2456508.69251 20.512 0.129 4.39 310.0
2456518.58370 20.685 0.153 3.90 359.0
2456524.60691 20.938 0.237 3.51 630.0
2456532.49797 20.265 0.159 6.21 309.0
2456539.48557 20.704 0.191 5.05 353.0
2456560.54465 20.602 0.185 4.63 415.0
2456565.55667 20.467 0.168 4.67 394.0
2456569.52768 20.692 0.163 4.18 348.0
2456572.49156 20.317 0.197 6.83 415.0
