2457792.87546 18.729 0.093 6.99 854.0
2457793.88298 18.584 0.060 5.07 832.0
2457794.88997 18.540 0.082 6.16 1230.0
2457797.87608 18.585 0.070 5.37 952.0
2457799.87070 18.601 0.074 5.94 750.0
2457801.86071 18.763 0.091 5.98 861.0
2457803.84068 18.694 0.091 5.96 1200.0
2457803.89858 18.724 0.092 4.68 2198.0
2457808.87879 18.638 0.051 4.61 506.0
2457809.87358 18.852 0.088 6.11 552.0
2457810.86853 18.470 0.053 5.21 538.0
2457813.81789 18.578 0.068 5.97 699.0
2457814.89032 18.652 0.043 3.88 491.0
2457816.81616 18.589 0.076 6.75 585.0
2457817.81257 18.643 0.057 4.80 618.0
2457817.90303 18.623 0.052 4.22 877.0
2457818.88914 18.579 0.041 4.78 488.0
2457819.87563 18.653 0.051 4.12 477.0
2457820.87834 18.740 0.054 4.33 528.0
2457821.87599 18.613 0.063 4.85 583.0
2457822.87176 18.688 0.064 4.96 565.0
2457823.85705 18.430 0.045 4.30 694.0
2457824.85312 18.766 0.087 5.61 750.0
2457825.84483 18.440 0.055 5.17 692.0
2457826.80314 18.571 0.066 5.64 812.0
2457826.89305 18.764 0.077 5.52 684.0
2457827.87983 18.657 0.057 4.63 600.0
2457828.84920 18.623 0.055 4.68 629.0
2457829.83130 18.662 0.074 5.69 743.0
2457830.84261 18.670 0.060 4.89 661.0
2457834.78966 18.686 0.093 6.58 804.0
2457834.89922 18.469 0.057 5.30 721.0
2457835.86632 18.646 0.091 7.44 526.0
2457836.81894 18.725 0.076 6.02 487.0
2457837.75544 18.724 0.083 6.97 484.0
2457837.86360 18.741 0.079 6.34 482.0
2457838.80176 18.605 0.058 5.28 519.0
2457839.74659 18.683 0.060 5.25 464.0
2457839.87054 18.615 0.044 4.18 421.0
2457840.79332 18.614 0.063 5.70 453.0
2457840.91368 18.498 0.044 4.40 535.0
2457841.85128 18.745 0.097 7.28 488.0
2457842.76812 18.536 0.073 6.80 493.0
2457842.87652 18.522 0.055 5.38 483.0
2457843.80044 18.637 0.063 5.57 454.0
2457843.91619 18.648 0.056 5.01 467.0
2457844.83658 18.645 0.089 7.51 480.0
2457845.74405 18.738 0.090 6.98 526.0
2457845.86140 18.567 0.054 5.07 461.0
2457846.79149 18.624 0.065 5.66 448.0
2457846.89722 18.596 0.057 5.19 467.0
2457847.80214 18.637 0.064 5.21 471.0
2457847.92308 18.650 0.070 4.76 1084.0
2457848.81564 18.606 0.047 4.57 425.0
2457849.72173 18.587 0.081 6.92 691.0
2457849.82892 18.674 0.048 4.24 452.0
2457850.73369 18.804 0.098 6.55 650.0
2457850.84267 18.671 0.055 4.96 468.0
2457851.75128 18.645 0.072 5.49 654.0
2457851.85994 18.645 0.058 5.12 463.0
2457852.85713 18.697 0.096 7.57 551.0
2457853.91594 18.720 0.096 7.33 575.0
2457854.78624 18.712 0.051 3.86 674.0
2457854.90377 18.614 0.045 3.81 633.0
2457855.81258 18.629 0.054 4.41 702.0
2457856.71084 18.864 0.120 7.22 864.0
2457856.82329 18.864 0.104 6.49 689.0
2457857.85649 18.798 0.112 7.04 797.0
2457857.91300 18.509 0.068 5.21 1099.0
2457858.77623 18.591 0.060 5.03 702.0
2457858.92403 18.566 0.058 5.22 680.0
2457862.78233 18.761 0.075 5.57 556.0
2457862.90672 18.608 0.054 4.56 540.0
2457863.86283 18.702 0.054 4.67 496.0
2457864.83321 18.557 0.038 3.92 447.0
2457865.69144 18.664 0.055 5.03 489.0
2457865.80926 18.661 0.043 3.80 460.0
2457866.68688 18.626 0.057 5.25 514.0
2457866.80483 18.591 0.042 4.02 448.0
2457866.92899 18.589 0.046 3.58 821.0
2457867.80843 18.653 0.041 3.80 420.0
2457867.93074 18.593 0.062 4.61 845.0
2457868.88159 19.035 0.152 9.12 574.0
2457869.74612 18.560 0.049 4.66 485.0
2457869.87705 18.679 0.044 3.89 494.0
2457870.75767 18.597 0.041 4.09 424.0
2457870.88847 18.638 0.046 3.79 470.0
2457871.77156 18.664 0.048 3.98 485.0
2457871.91307 18.614 0.046 3.97 506.0
2457872.77172 18.629 0.039 3.34 460.0
2457872.92062 18.666 0.050 3.92 534.0
2457873.75102 18.724 0.047 4.01 469.0
2457873.88565 18.692 0.047 3.73 500.0
2457874.71102 18.870 0.092 6.34 545.0
2457874.84166 18.674 0.079 6.41 535.0
2457875.76427 18.623 0.054 4.77 508.0
2457875.91422 18.570 0.055 4.98 685.0
2457876.72313 18.622 0.066 5.53 577.0
2457876.86136 18.624 0.049 4.15 514.0
2457877.68518 18.555 0.057 5.45 564.0
2457877.81532 18.725 0.044 3.70 486.0
2457878.71486 18.676 0.046 4.02 556.0
2457878.85735 18.615 0.042 3.67 498.0
2457879.68249 18.603 0.072 5.99 609.0
2457879.79021 19.031 0.142 7.80 598.0
2457880.71141 18.926 0.115 7.10 629.0
2457880.83319 18.702 0.080 5.97 614.0
2457881.78785 18.732 0.084 5.82 802.0
2457881.90668 18.768 0.102 6.87 655.0
2457882.78691 18.676 0.074 5.52 670.0
2457882.91698 18.557 0.056 4.68 658.0
2457889.94000 18.875 0.143 6.68 1660.0
2457890.83978 18.609 0.060 4.74 697.0
2457893.66076 18.619 0.079 6.80 584.0
2457893.77831 18.786 0.077 5.47 566.0
2457893.89922 18.584 0.057 4.81 580.0
2457894.64455 18.763 0.086 6.75 600.0
2457894.77117 18.545 0.065 6.03 502.0
2457894.88112 18.638 0.051 4.11 542.0
2457895.64319 18.587 0.054 5.71 682.0
2457897.68540 18.567 0.058 5.28 512.0
2457900.91862 18.554 0.079 6.60 587.0
2457901.62018 18.795 0.108 7.63 577.0
2457901.78060 18.778 0.065 5.42 562.0
2457902.61165 18.500 0.079 7.18 574.0
2457902.73073 18.625 0.054 4.77 478.0
2457902.90481 18.672 0.087 6.34 672.0
2457903.78045 18.848 0.105 7.01 508.0
2457903.89859 18.760 0.078 5.48 573.0
2457904.64048 18.652 0.072 6.38 506.0
2457904.76853 18.585 0.046 4.06 432.0
2457904.87824 18.619 0.066 5.41 544.0
2457905.60641 18.588 0.064 6.10 535.0
2457905.72440 18.626 0.052 4.37 457.0
2457905.84619 18.551 0.050 4.41 561.0
2457905.94458 18.510 0.072 5.20 1289.0
2457906.66479 18.610 0.051 4.80 503.0
2457906.79598 18.666 0.047 3.80 539.0
2457906.90505 18.601 0.059 4.58 716.0
2457907.66962 18.693 0.066 4.91 795.0
2457907.76880 18.731 0.058 4.44 606.0
2457908.61915 18.638 0.078 6.04 710.0
2457908.73677 18.629 0.044 3.73 589.0
2457908.85781 18.582 0.052 4.39 554.0
2457908.94253 18.625 0.086 6.22 996.0
2457909.66058 18.646 0.056 4.34 616.0
2457909.78095 18.611 0.050 3.86 779.0
2457909.88573 18.638 0.052 4.14 687.0
2457910.56750 18.761 0.099 6.91 832.0
2457910.68496 18.614 0.057 4.53 613.0
2457910.80744 18.577 0.049 4.11 635.0
2457910.93138 18.556 0.059 5.42 785.0
2457911.64252 18.574 0.066 5.32 729.0
2457911.81199 18.528 0.076 6.05 810.0
2457917.62669 18.806 0.098 6.77 691.0
2457917.74054 18.565 0.050 4.19 624.0
2457917.84911 18.527 0.065 5.14 819.0
2457918.59932 18.754 0.091 6.65 898.0
2457918.60232 18.685 0.081 6.09 787.0
2457922.60349 19.049 0.113 6.38 590.0
2457922.73255 18.766 0.081 5.85 541.0
2457923.60316 18.589 0.070 6.17 569.0
2457923.74007 18.660 0.088 6.81 581.0
2457923.84889 18.778 0.094 6.34 619.0
2457924.52562 18.719 0.083 6.40 611.0
2457924.63287 18.748 0.063 5.10 514.0
2457924.76007 18.585 0.054 4.43 506.0
2457924.86775 18.626 0.055 4.54 609.0
2457925.65711 18.578 0.050 4.49 451.0
2457925.79454 18.643 0.073 6.05 482.0
2457926.56251 18.602 0.072 6.44 555.0
2457926.71011 18.645 0.071 5.82 512.0
2457926.83453 18.810 0.097 6.72 560.0
2457928.67512 18.607 0.055 5.03 496.0
2457932.71364 18.754 0.097 7.16 528.0
2457932.83369 18.750 0.079 5.75 555.0
2457933.58376 18.726 0.087 6.74 501.0
2457933.69545 18.618 0.070 6.14 466.0
2457933.81407 18.904 0.117 7.50 523.0
2457934.51918 18.582 0.069 6.12 563.0
2457934.62596 18.630 0.059 5.09 467.0
2457934.74953 18.609 0.051 4.51 487.0
2457934.85153 18.959 0.118 7.25 538.0
2457935.60743 18.769 0.063 4.66 491.0
2457935.72971 18.568 0.049 4.32 446.0
2457935.86086 18.592 0.048 4.36 476.0
2457935.88964 18.434 0.048 4.98 518.0
2457936.59061 18.647 0.059 5.25 483.0
2457936.72645 18.686 0.064 5.14 462.0
2457936.84591 18.570 0.081 7.20 479.0
2457937.53170 18.639 0.077 6.05 671.0
2457937.64283 18.637 0.058 5.05 493.0
2457937.77475 18.676 0.080 6.25 503.0
2457938.55516 18.564 0.081 6.36 658.0
2457944.46740 18.842 0.115 6.34 1256.0
2457944.51003 18.829 0.106 6.36 940.0
2457944.56163 18.900 0.103 5.85 847.0
2457944.60213 18.536 0.060 4.72 793.0
2457944.66200 18.660 0.074 5.40 761.0
2457944.71271 18.494 0.057 4.65 770.0
2457944.77149 18.583 0.060 4.61 806.0
2457944.81321 18.628 0.110 7.26 972.0
2457945.47549 18.468 0.075 6.59 832.0
2457945.56326 18.656 0.067 5.60 649.0
2457945.67557 18.591 0.043 3.70 554.0
2457945.78587 18.655 0.063 4.65 682.0
2457946.49752 18.785 0.075 5.59 504.0
2457946.61845 18.599 0.065 5.53 579.0
2457946.74809 18.830 0.090 5.71 564.0
2457946.84830 18.813 0.105 6.75 744.0
2457947.60220 18.605 0.063 5.78 510.0
2457947.76222 18.629 0.076 6.06 562.0
2457948.49211 18.812 0.090 6.49 526.0
2457948.62307 18.624 0.071 6.11 519.0
2457948.76048 18.526 0.055 4.74 565.0
2457949.55653 18.732 0.109 7.50 824.0
2457949.67262 18.808 0.090 6.41 660.0
2457952.69247 18.708 0.074 5.49 495.0
2457952.81396 18.731 0.081 5.93 502.0
2457953.59399 18.529 0.050 4.73 443.0
2457953.71677 18.462 0.043 4.37 401.0
2457954.47175 18.566 0.060 5.17 741.0
2457954.60325 18.581 0.042 4.04 415.0
2457954.75223 18.609 0.045 4.52 497.0
2457955.78766 18.697 0.069 6.09 480.0
2457956.58604 18.620 0.052 4.71 448.0
2457956.71930 18.614 0.054 4.50 468.0
2457957.64502 18.512 0.063 5.97 482.0
2457957.79086 18.878 0.108 7.10 494.0
2457958.65690 18.481 0.064 6.30 487.0
2457958.76933 18.659 0.079 6.55 504.0
2457959.51688 18.696 0.064 5.31 501.0
2457959.63374 18.526 0.046 4.46 440.0
2457959.75062 18.685 0.072 5.83 467.0
2457960.50320 18.711 0.067 5.39 501.0
2457960.63964 18.606 0.059 5.09 412.0
2457960.75997 18.629 0.065 5.62 461.0
2457961.58775 18.489 0.038 4.66 517.0
2457961.68150 18.574 0.052 5.21 471.0
2457962.51105 18.590 0.058 5.32 489.0
2457962.78586 18.714 0.082 6.54 585.0
2457964.57680 18.645 0.050 4.03 532.0
2457964.69745 18.580 0.056 5.11 481.0
2457965.66796 18.612 0.064 5.39 525.0
2457966.54197 18.714 0.109 7.80 606.0
2457966.63388 18.595 0.069 5.80 498.0
2457967.57523 18.468 0.066 6.30 556.0
2457967.66224 18.778 0.096 6.67 610.0
2457967.74036 18.801 0.116 7.61 641.0
2457971.50324 18.679 0.085 5.28 1222.0
2457971.59373 18.677 0.076 5.14 825.0
2457971.64185 18.474 0.055 4.40 832.0
2457971.68111 18.878 0.112 5.17 1661.0
2457971.73299 18.577 0.065 4.65 1034.0
2457972.51537 18.679 0.109 7.36 859.0
2457972.56327 18.840 0.120 7.05 829.0
2457972.60459 18.726 0.088 5.45 791.0
2457972.66587 18.686 0.084 5.54 806.0
2457972.71133 18.781 0.091 5.33 890.0
2457972.75325 18.532 0.091 6.48 1077.0
2457973.65072 18.586 0.066 5.10 774.0
2457974.51584 18.672 0.065 4.81 605.0
2457974.63157 18.573 0.058 4.62 610.0
2457974.74350 18.823 0.099 6.13 802.0
2457979.50223 18.713 0.058 4.66 517.0
2457979.63026 18.708 0.054 4.31 486.0
2457980.56501 18.749 0.087 6.01 588.0
2457980.67539 18.683 0.074 5.24 591.0
2457981.61785 18.644 0.057 4.24 567.0
2457982.51703 18.610 0.069 5.86 514.0
2457982.63804 18.580 0.070 5.64 535.0
2457983.56594 18.578 0.062 5.34 512.0
2457983.67644 18.601 0.053 4.82 469.0
2457984.59222 18.836 0.075 4.91 496.0
2457985.52189 18.831 0.099 6.49 573.0
2457986.61589 18.539 0.049 4.59 468.0
2457987.54423 18.520 0.050 4.57 509.0
2457987.66386 18.580 0.051 4.37 500.0
2457990.59655 18.530 0.059 5.27 527.0
2457991.51491 18.678 0.070 5.52 544.0
2457991.64522 18.611 0.075 6.22 527.0
2457992.56140 18.599 0.055 4.90 501.0
2457993.49682 18.512 0.057 5.13 556.0
2457993.60852 18.692 0.068 5.35 490.0
2457994.54243 18.718 0.077 5.71 587.0
2457994.65361 18.808 0.096 6.35 604.0
2457998.52198 18.608 0.059 4.50 751.0
2458000.49406 18.737 0.077 5.65 715.0
2458000.53734 18.705 0.092 6.57 685.0
2458000.59001 18.741 0.098 6.51 750.0
2458000.63439 18.650 0.083 5.75 821.0
2458001.57652 18.552 0.067 5.54 700.0
2458002.54708 18.674 0.098 6.23 1208.0
2458003.59175 18.694 0.096 6.56 716.0
2458004.57930 18.709 0.095 6.85 640.0
2458007.53214 18.550 0.061 5.35 550.0
2458008.56163 18.607 0.071 5.89 513.0
2458010.58314 18.595 0.089 7.11 615.0
2458012.52594 18.634 0.054 4.46 579.0
2458013.53030 18.620 0.061 4.77 572.0
2458014.53955 18.674 0.064 4.96 535.0
2458015.53786 18.894 0.107 6.68 561.0
2458016.54564 18.628 0.082 6.67 551.0
2458017.56999 18.629 0.067 5.48 570.0
2458019.50348 18.592 0.058 5.25 530.0
2458020.54832 18.534 0.059 4.84 555.0
2458026.51425 18.516 0.070 5.05 1723.0
2458028.49754 18.887 0.131 7.79 769.0
2458030.50426 18.569 0.057 4.44 728.0
2458039.55285 18.711 0.123 8.89 658.0
2458046.49955 18.835 0.104 6.43 763.0
2458053.51852 18.680 0.094 5.93 1060.0
2458055.51837 18.618 0.071 5.21 829.0
2458161.87076 18.543 0.068 6.23 684.0
2458162.85541 18.792 0.071 5.84 570.0
2458162.88272 18.703 0.058 4.79 670.0
2458163.89151 18.680 0.075 5.00 1432.0
2458164.88889 18.593 0.068 5.84 816.0
2458165.87682 18.722 0.067 5.73 575.0
2458166.86936 18.716 0.074 6.06 568.0
2458167.84419 18.612 0.064 5.91 611.0
2458167.89341 18.622 0.070 5.60 753.0
2458168.86517 18.492 0.056 5.57 548.0
2458169.84921 18.818 0.091 6.74 595.0
2458169.88821 18.492 0.069 5.98 615.0
2458170.87118 18.597 0.055 5.16 546.0
2458171.83660 18.804 0.075 5.55 617.0
2458171.88015 18.600 0.058 5.17 568.0
2458172.84213 18.617 0.056 5.20 575.0
2458172.89047 18.581 0.053 4.34 638.0
2458173.85189 18.472 0.049 5.04 668.0
2458174.82694 18.471 0.059 5.81 738.0
2458174.86281 18.591 0.054 4.81 669.0
2458175.82204 18.593 0.064 5.85 591.0
2458175.86140 18.591 0.052 4.59 545.0
2458176.82142 18.586 0.063 5.46 731.0
2458176.85445 18.623 0.055 4.94 595.0
2458181.80466 18.706 0.078 5.76 907.0
2458181.84750 18.620 0.059 4.78 790.0
2458181.89871 18.730 0.071 4.62 810.0
2458183.80692 18.442 0.070 6.60 816.0
2458184.83186 18.533 0.050 4.30 737.0
2458184.87157 18.626 0.064 5.04 700.0
2458185.83953 18.856 0.105 6.49 841.0
2458185.87969 18.533 0.066 5.75 758.0
2458189.82152 18.604 0.056 4.96 548.0
2458190.91334 18.660 0.069 4.19 1525.0
2458191.90058 18.507 0.056 5.77 519.0
2458192.89045 18.587 0.052 4.67 488.0
2458193.86793 18.631 0.064 5.76 468.0
2458194.82975 18.790 0.072 5.82 474.0
2458195.80303 18.593 0.064 5.94 528.0
2458196.77215 18.776 0.069 5.54 514.0
2458196.88924 18.627 0.054 5.45 456.0
2458197.83301 18.676 0.055 4.74 492.0
2458198.78947 18.637 0.053 4.81 512.0
2458198.90551 18.611 0.057 4.72 587.0
2458199.84196 19.000 0.100 6.52 501.0
2458200.83165 18.707 0.061 5.31 538.0
2458201.75856 18.974 0.133 8.13 616.0
2458201.88181 18.546 0.051 5.17 450.0
2458202.80938 18.672 0.052 4.75 530.0
2458203.75150 18.696 0.066 6.09 514.0
2458203.85870 18.550 0.047 4.47 478.0
2458204.79047 18.517 0.058 5.88 543.0
2458204.90677 18.593 0.054 4.85 464.0
2458205.84943 18.570 0.065 5.80 502.0
2458206.77137 18.588 0.054 5.05 660.0
2458206.88705 18.568 0.038 3.81 434.0
2458207.79763 18.659 0.060 5.03 650.0
2458207.91448 18.584 0.040 3.68 504.0
2458208.82448 18.626 0.051 4.12 732.0
2458209.74673 18.887 0.092 5.82 864.0
2458209.85270 18.627 0.051 4.23 664.0
2458210.75662 18.710 0.079 5.82 786.0
2458210.86560 18.644 0.062 4.89 639.0
2458211.77229 18.579 0.068 5.86 753.0
2458211.87963 18.606 0.044 3.84 639.0
2458212.77353 18.612 0.055 4.37 791.0
2458212.87159 18.667 0.048 4.07 698.0
2458217.82536 18.595 0.053 5.00 500.0
2458220.74589 18.392 0.060 6.66 482.0
2458220.85334 18.614 0.046 4.22 415.0
2458221.76964 18.511 0.055 5.61 461.0
2458221.87694 18.617 0.042 3.92 458.0
2458222.76494 18.747 0.056 4.71 452.0
2458222.90636 18.592 0.049 4.49 508.0
2458223.88352 18.597 0.053 4.34 491.0
2458224.75855 18.677 0.063 5.17 535.0
2458224.89695 18.657 0.047 3.86 468.0
2458226.83898 18.755 0.079 5.97 474.0
2458227.71355 18.466 0.060 6.51 506.0
2458227.85437 18.524 0.039 4.26 441.0
2458228.76734 18.619 0.057 5.49 466.0
2458228.90812 18.603 0.050 4.59 470.0
2458229.79350 18.531 0.041 4.35 419.0
2458229.90936 18.648 0.050 4.01 459.0
2458230.77873 18.664 0.062 5.50 476.0
2458230.91460 18.556 0.043 4.01 438.0
2458233.69722 18.413 0.046 4.76 631.0
2458235.72401 18.623 0.073 5.83 681.0
2458236.73293 18.522 0.044 4.33 814.0
2458238.72883 18.503 0.061 5.56 844.0
2458238.84877 18.738 0.062 4.22 791.0
2458244.70314 18.535 0.052 5.01 589.0
2458244.82375 18.561 0.049 4.47 606.0
2458245.75681 18.745 0.092 6.39 675.0
2458245.86845 18.501 0.072 6.15 710.0
2458246.72477 18.603 0.060 5.15 545.0
2458246.84365 18.482 0.044 4.33 598.0
2458247.64760 18.747 0.079 6.07 672.0
2458247.75663 18.542 0.048 4.72 506.0
2458247.88727 18.590 0.066 5.49 636.0
2458248.76386 18.605 0.066 5.62 568.0
2458249.72466 18.581 0.061 5.54 494.0
2458249.84636 18.541 0.044 4.30 512.0
2458250.66373 18.669 0.054 5.46 457.0
2458250.78827 18.623 0.037 3.69 435.0
2458250.91090 18.535 0.051 4.58 533.0
2458251.70282 18.531 0.063 6.11 497.0
2458251.83223 18.556 0.044 5.65 418.0
2458252.85866 18.585 0.060 5.90 545.0
2458253.65034 18.496 0.060 5.92 516.0
2458253.76031 18.631 0.045 4.27 485.0
2458254.64611 18.614 0.052 5.09 516.0
2458254.78726 18.649 0.037 3.55 462.0
2458254.92751 18.600 0.042 3.61 571.0
2458255.72062 18.627 0.063 5.25 473.0
2458255.87500 18.661 0.058 4.46 575.0
2458256.65364 18.650 0.066 5.66 521.0
2458256.77409 18.635 0.063 5.48 527.0
2458256.90345 18.481 0.050 4.59 578.0
2458257.71297 18.606 0.066 5.80 492.0
2458257.82727 18.612 0.050 4.24 492.0
2458258.67251 18.545 0.040 4.79 453.0
2458258.81753 18.579 0.043 3.94 471.0
2458259.61981 18.662 0.073 6.12 622.0
2458259.78248 18.692 0.046 4.03 526.0
2458259.90540 18.629 0.059 4.81 623.0
2458260.81657 18.475 0.036 3.90 596.0
2458261.69090 18.651 0.058 4.79 525.0
2458261.85647 18.602 0.049 4.01 512.0
2458262.67729 18.594 0.048 4.60 478.0
2458262.79563 18.632 0.050 4.50 423.0
2458262.91724 18.556 0.050 4.55 540.0
2458263.72009 18.564 0.039 3.86 490.0
2458263.85277 18.643 0.037 3.49 403.0
2458264.73257 18.632 0.044 3.86 590.0
2458264.85232 18.635 0.051 4.13 633.0
2458265.62872 18.543 0.061 4.94 766.0
2458265.74645 18.620 0.051 4.28 610.0
2458265.90369 18.476 0.061 5.68 593.0
2458266.75265 18.646 0.070 5.28 754.0
2458271.87562 18.618 0.068 4.92 1009.0
2458272.73742 18.486 0.057 5.39 592.0
2458272.85452 18.591 0.055 4.54 630.0
2458273.59079 18.515 0.056 5.47 553.0
2458273.72183 18.598 0.044 4.08 479.0
2458273.84331 18.592 0.069 5.79 578.0
2458274.57067 18.566 0.074 6.59 593.0
2458274.68513 18.798 0.093 6.97 532.0
2458274.81351 18.524 0.064 5.76 591.0
2458274.92740 18.802 0.116 7.31 941.0
2458275.69015 18.678 0.050 4.47 457.0
2458275.82467 18.598 0.057 4.98 576.0
2458276.57301 18.461 0.062 6.16 641.0
2458276.68641 18.557 0.042 4.22 432.0
2458276.81352 18.657 0.049 4.19 516.0
2458277.61835 18.579 0.049 4.83 482.0
2458277.75180 18.705 0.060 5.03 465.0
2458277.86589 18.484 0.042 4.06 560.0
2458278.56593 18.673 0.062 5.66 554.0
2458278.70132 18.664 0.055 4.93 489.0
2458282.58310 18.554 0.054 4.92 524.0
2458282.70820 18.619 0.039 4.11 400.0
2458282.84838 18.619 0.039 3.49 468.0
2458283.54929 18.861 0.097 6.78 553.0
2458283.66703 18.547 0.048 4.81 467.0
2458283.79362 18.633 0.049 4.23 503.0
2458283.90799 18.646 0.096 7.30 640.0
2458284.62837 18.645 0.057 5.15 467.0
2458284.76302 18.606 0.050 4.50 455.0
2458284.87547 18.641 0.055 4.35 518.0
2458285.77727 18.599 0.058 5.08 481.0
2458286.59515 18.431 0.053 5.68 433.0
2458286.73171 18.520 0.050 4.94 432.0
2458286.87175 18.769 0.062 4.65 485.0
2458287.58285 18.514 0.050 4.91 457.0
2458287.72246 18.569 0.044 4.38 412.0
2458287.86378 18.501 0.034 3.56 424.0
2458288.55895 18.660 0.062 5.58 495.0
2458288.68612 18.603 0.044 3.95 401.0
2458288.83651 18.733 0.070 5.16 520.0
2458289.55554 18.559 0.058 5.88 546.0
2458289.69462 18.620 0.037 3.92 420.0
2458289.82828 18.487 0.052 4.89 500.0
2458290.55285 18.691 0.068 5.50 612.0
2458290.69115 18.552 0.046 4.68 491.0
2458290.82401 18.559 0.054 4.60 540.0
2458291.59583 18.548 0.052 4.57 884.0
2458291.73975 18.647 0.048 3.77 534.0
2458291.87388 18.622 0.062 4.89 589.0
2458292.60324 18.712 0.068 5.52 564.0
2458292.73481 18.619 0.058 4.64 563.0
2458292.88572 18.750 0.073 5.10 614.0
2458293.61269 18.729 0.077 6.05 619.0
2458293.75439 18.829 0.108 6.94 734.0
2458294.63453 18.530 0.071 6.06 714.0
2458294.79157 18.479 0.083 7.00 958.0
2458301.61107 18.986 0.127 7.07 676.0
2458301.72255 18.862 0.121 7.70 644.0
2458302.55320 18.623 0.058 5.68 654.0
2458304.54235 18.933 0.109 6.89 577.0
2458304.62873 18.661 0.087 6.95 563.0
2458304.76609 18.652 0.096 7.55 618.0
2458305.66209 18.592 0.063 5.66 477.0
2458305.78233 18.805 0.111 7.75 549.0
2458306.67818 18.513 0.072 6.75 528.0
2458306.77094 18.695 0.088 6.75 535.0
2458307.60737 18.555 0.046 4.71 459.0
2458307.73093 18.572 0.046 4.23 444.0
2458307.84661 18.700 0.094 7.35 601.0
2458308.56419 18.593 0.055 5.18 430.0
2458308.69500 18.665 0.067 5.39 463.0
2458308.80508 18.621 0.082 6.59 589.0
2458309.53937 18.622 0.057 4.98 479.0
2458309.67306 18.666 0.054 4.47 445.0
2458309.78374 18.680 0.055 4.46 520.0
2458310.50383 18.590 0.062 5.61 487.0
2458310.59071 18.502 0.052 5.37 446.0
2458310.68114 18.657 0.047 4.44 505.0
2458310.77944 18.569 0.053 4.80 481.0
2458311.51743 18.633 0.075 6.42 516.0
2458311.63984 18.690 0.059 5.10 422.0
2458311.76124 18.627 0.050 4.11 512.0
2458312.48706 18.694 0.070 5.78 589.0
2458312.60064 18.765 0.066 5.70 455.0
2458312.74999 18.560 0.039 3.68 433.0
2458313.48851 18.618 0.057 5.03 590.0
2458313.60452 18.561 0.037 3.83 400.0
2458313.72118 18.627 0.047 3.74 483.0
2458313.82670 18.622 0.056 4.37 607.0
2458314.56633 18.514 0.054 5.27 513.0
2458314.69728 18.596 0.046 4.01 490.0
2458314.80474 18.664 0.065 5.62 500.0
2458316.56704 18.658 0.067 5.67 530.0
2458316.68351 18.941 0.125 7.54 522.0
2458320.50468 18.582 0.066 5.85 580.0
2458320.63492 18.527 0.042 4.38 477.0
2458320.74616 18.496 0.046 4.51 487.0
2458321.53782 18.563 0.062 5.26 677.0
2458328.50509 18.502 0.082 6.97 799.0
2458328.61635 18.662 0.074 5.88 687.0
2458328.72774 18.686 0.077 5.58 819.0
2458329.52683 18.485 0.066 6.07 685.0
2458329.63889 18.676 0.067 5.14 640.0
2458329.74671 18.606 0.057 4.50 701.0
2458330.56315 18.535 0.054 5.14 766.0
2458331.54392 18.572 0.045 4.57 455.0
2458331.66680 18.564 0.050 4.68 530.0
2458332.54459 18.544 0.058 5.39 542.0
2458332.66845 18.586 0.068 5.82 599.0
2458333.52570 18.506 0.046 4.59 537.0
2458333.65944 18.598 0.043 4.18 445.0
2458334.56923 18.601 0.054 4.75 525.0
2458334.69163 18.661 0.055 4.59 498.0
2458335.70775 18.649 0.090 7.26 591.0
2458336.58898 18.684 0.065 5.65 441.0
2458338.47397 18.645 0.077 6.15 667.0
2458338.59186 18.673 0.072 6.14 489.0
2458339.49040 18.571 0.047 4.65 532.0
2458339.63027 18.566 0.040 3.97 411.0
2458340.56138 18.576 0.046 4.06 577.0
2458340.74724 18.698 0.067 5.49 457.0
2458341.60538 18.608 0.043 3.90 432.0
2458342.51037 18.580 0.055 4.86 477.0
2458343.49188 18.671 0.079 6.39 692.0
2458344.52376 18.589 0.057 4.95 559.0
2458344.70029 18.612 0.060 4.84 512.0
2458345.55678 18.676 0.060 4.80 576.0
2458345.72211 18.584 0.049 4.58 426.0
2458346.60420 18.610 0.049 4.05 434.0
2458347.50779 18.631 0.053 4.60 452.0
2458347.69041 18.706 0.051 4.30 440.0
2458348.57121 18.571 0.062 5.45 550.0
2458349.53529 18.653 0.100 7.86 590.0
2458353.61392 18.641 0.086 6.12 837.0
2458355.54494 18.754 0.077 5.31 659.0
2458356.47924 18.569 0.073 6.01 833.0
2458356.67585 18.766 0.053 3.94 712.0
2458357.65821 18.609 0.055 4.05 662.0
2458358.56188 18.647 0.064 4.76 639.0
2458359.48412 18.630 0.060 5.09 529.0
2458359.65127 18.527 0.060 5.20 626.0
2458360.56382 18.519 0.072 6.26 611.0
2458360.69573 18.599 0.102 8.07 771.0
2458363.55600 18.574 0.057 5.10 519.0
2458364.50172 18.564 0.050 4.99 535.0
2458364.66100 18.529 0.041 4.36 433.0
2458366.58733 18.723 0.065 4.88 504.0
2458367.62950 18.590 0.047 4.31 480.0
2458368.55060 18.599 0.041 3.49 465.0
2458369.50208 18.521 0.057 5.41 539.0
2458369.65904 18.654 0.064 5.31 552.0
2458370.65506 18.546 0.051 4.69 553.0
2458371.60472 18.642 0.061 5.16 487.0
2458372.61985 18.662 0.064 4.90 514.0
2458373.55931 18.719 0.083 5.94 530.0
2458375.58597 18.582 0.071 6.21 510.0
2458376.51729 18.721 0.085 6.64 556.0
2458377.57775 18.550 0.070 5.93 798.0
2458381.51961 18.647 0.092 5.57 1620.0
2458382.53551 18.703 0.053 3.76 799.0
2458382.62708 18.675 0.058 4.25 820.0
2458383.56620 18.667 0.080 5.63 752.0
2458384.51672 18.609 0.063 4.77 705.0
2458384.60901 18.835 0.073 4.50 790.0
2458385.53976 18.601 0.037 3.16 647.0
2458385.63054 18.724 0.053 4.64 767.0
2458387.54131 18.580 0.062 4.35 1225.0
2458392.52166 18.627 0.081 6.21 594.0
2458393.50628 18.651 0.081 6.53 529.0
2458393.59809 18.706 0.096 7.28 556.0
2458394.58680 18.605 0.061 4.92 484.0
2458398.55011 18.560 0.056 5.66 500.0
2458401.53658 18.515 0.063 5.38 591.0
2458404.56855 18.675 0.101 7.35 723.0
2458409.57290 18.514 0.088 7.12 877.0
2458411.56592 18.536 0.082 6.27 928.0
2458413.55929 18.720 0.089 5.35 999.0
2458415.51597 19.095 0.163 7.21 968.0
2458418.53366 19.070 0.149 7.65 710.0
2458423.52572 18.856 0.101 6.48 696.0
2458530.88374 18.700 0.057 4.56 621.0
2458532.88669 18.556 0.067 6.26 689.0
2458534.88326 18.669 0.076 5.60 772.0
2458535.88717 18.410 0.055 5.52 756.0
2458536.86642 18.435 0.051 5.01 712.0
2458537.86558 18.557 0.064 5.91 604.0
2458538.88610 18.577 0.055 5.85 619.0
2458539.87544 18.498 0.053 5.32 604.0
2458540.84779 18.877 0.096 5.86 1024.0
2458540.89777 18.586 0.067 4.89 1152.0
2458546.82517 18.537 0.055 6.00 509.0
2458546.86588 18.551 0.046 4.73 470.0
2458547.82218 18.550 0.053 5.49 515.0
2458547.87539 18.596 0.046 4.35 477.0
2458548.83320 18.517 0.045 4.53 578.0
2458548.87916 18.557 0.042 4.21 547.0
2458549.82680 18.711 0.070 5.96 502.0
2458549.86689 18.540 0.048 5.34 487.0
2458550.84002 18.651 0.046 4.59 476.0
2458550.87955 18.547 0.043 4.59 479.0
2458551.85019 18.703 0.076 6.27 481.0
2458551.88945 18.851 0.102 7.42 504.0
2458552.87122 18.543 0.060 5.79 478.0
2458552.91061 18.725 0.119 7.19 1361.0
2458553.84901 18.785 0.080 6.25 518.0
2458554.82380 18.529 0.056 5.60 520.0
2458554.86524 18.593 0.048 4.92 481.0
2458555.78686 18.657 0.060 5.18 564.0
2458555.82640 18.478 0.044 5.46 482.0
2458555.88388 18.598 0.042 4.37 459.0
2458556.79784 18.590 0.053 4.96 502.0
2458556.84804 18.704 0.067 5.58 485.0
2458556.88815 18.604 0.050 5.56 481.0
2458557.81530 18.650 0.067 6.09 504.0
2458557.85519 18.633 0.050 5.01 468.0
2458557.90708 18.596 0.063 5.35 665.0
2458558.80831 18.713 0.056 4.76 505.0
2458558.85743 18.577 0.047 4.86 481.0
2458558.89699 18.579 0.057 5.73 478.0
2458559.80154 18.683 0.060 5.06 512.0
2458559.84180 18.506 0.045 4.65 461.0
2458559.89185 18.651 0.045 4.28 457.0
2458560.80224 18.591 0.044 4.04 598.0
2458560.85119 18.645 0.044 4.18 469.0
2458560.89053 18.552 0.039 3.86 479.0
2458561.80510 18.553 0.053 4.86 649.0
2458561.84786 18.685 0.067 5.27 599.0
2458561.89715 18.638 0.069 6.21 511.0
2458562.79244 18.673 0.069 5.72 778.0
2458562.84348 18.593 0.061 5.62 721.0
2458562.88974 18.820 0.075 5.24 675.0
2458563.78129 18.645 0.067 5.46 897.0
2458563.82986 18.583 0.051 4.18 766.0
2458563.87943 18.543 0.044 3.87 689.0
2458564.77084 18.679 0.072 5.54 788.0
2458564.82798 18.682 0.055 4.44 633.0
2458564.86859 18.581 0.045 3.92 643.0
2458565.77099 18.547 0.056 4.99 800.0
2458565.82615 18.707 0.061 4.72 713.0
2458565.88046 18.627 0.051 4.15 632.0
2458566.77765 18.681 0.057 4.70 742.0
2458566.83580 18.802 0.056 4.04 668.0
2458566.87733 18.604 0.047 4.18 610.0
2458567.78021 18.681 0.059 4.62 922.0
2458567.84970 18.528 0.050 4.62 666.0
2458567.88818 18.618 0.060 4.93 642.0
2458573.87242 18.594 0.074 6.66 520.0
2458573.91134 18.661 0.062 5.36 519.0
2458574.81020 18.538 0.074 7.33 472.0
2458574.86259 18.592 0.061 5.65 451.0
2458574.91508 18.597 0.052 4.67 480.0
2458575.75700 18.670 0.072 6.32 504.0
2458575.80569 18.518 0.060 6.13 474.0
2458575.84449 18.705 0.075 6.44 484.0
2458575.89335 18.560 0.057 5.47 493.0
2458576.77365 19.081 0.105 6.50 491.0
2458576.81896 18.449 0.050 5.71 463.0
2458576.85767 18.826 0.108 8.05 484.0
2458576.90839 18.882 0.093 6.83 455.0
2458577.73324 19.051 0.103 5.96 566.0
2458577.82949 18.369 0.067 7.29 554.0
2458577.89358 18.630 0.068 6.01 566.0
2458578.72696 18.621 0.068 5.99 526.0
2458578.76454 18.569 0.052 5.29 481.0
2458578.81348 18.580 0.050 5.05 512.0
2458578.87084 18.537 0.056 5.39 541.0
2458578.92337 18.629 0.056 4.42 637.0
2458579.74233 18.614 0.060 5.34 552.0
2458579.78985 18.492 0.075 7.13 593.0
2458579.82726 18.735 0.076 5.81 604.0
2458579.89060 18.613 0.060 5.41 592.0
2458580.71801 18.670 0.070 6.26 566.0
2458580.76298 18.576 0.058 5.84 512.0
2458580.80812 18.660 0.058 5.97 495.0
2458580.85557 18.618 0.062 5.74 525.0
2458580.91353 18.575 0.042 3.82 523.0
2458581.74129 18.621 0.053 5.10 508.0
2458581.85478 18.697 0.053 4.61 475.0
2458582.72070 18.608 0.060 6.34 484.0
2458582.80683 18.529 0.052 5.58 498.0
2458583.70939 18.783 0.077 6.02 555.0
2458583.75722 18.652 0.060 5.74 483.0
2458583.87739 18.530 0.039 4.37 498.0
2458584.73573 18.590 0.054 5.54 499.0
2458584.83535 18.689 0.053 4.76 449.0
2458585.71568 18.661 0.057 5.62 511.0
2458585.79938 18.778 0.055 5.54 480.0
2458585.92599 18.623 0.051 3.58 1139.0
2458586.73605 18.580 0.049 4.72 473.0
2458586.85293 18.557 0.036 3.81 419.0
2458587.70508 18.688 0.076 6.53 616.0
2458587.77662 18.517 0.054 5.95 491.0
2458587.91895 18.593 0.052 4.55 566.0
2458588.73246 18.716 0.062 6.27 550.0
2458588.85685 18.655 0.034 3.33 422.0
2458589.70749 18.535 0.055 5.39 734.0
2458589.79250 18.578 0.054 4.77 585.0
2458589.92469 18.586 0.044 3.70 761.0
2458590.72912 18.588 0.053 6.07 693.0
2458590.84423 18.628 0.034 3.13 570.0
2458591.71422 18.579 0.052 4.98 824.0
2458591.79253 18.544 0.042 4.09 673.0
2458592.72896 18.516 0.070 5.57 1279.0
2458592.83673 18.652 0.076 6.19 788.0
2458593.72112 18.498 0.065 5.93 1021.0
2458593.80951 18.464 0.071 6.18 1444.0
2458594.68394 18.554 0.061 5.13 991.0
2458594.74792 18.619 0.060 5.32 757.0
2458594.86343 18.640 0.049 4.61 729.0
2458595.70973 18.751 0.115 7.41 1069.0
2458595.82021 18.649 0.084 6.81 852.0
2458599.68191 18.734 0.090 6.77 744.0
2458599.73152 18.484 0.059 6.08 585.0
2458599.78803 18.658 0.063 5.77 532.0
2458599.87033 18.558 0.050 4.63 521.0
2458599.92170 18.654 0.053 4.66 537.0
2458600.68914 18.497 0.054 5.56 503.0
2458600.81011 18.547 0.044 5.22 497.0
2458601.66923 18.577 0.047 5.18 494.0
2458601.74337 18.600 0.054 5.69 517.0
2458602.66712 18.529 0.041 4.95 486.0
2458602.73479 18.616 0.048 4.99 451.0
2458602.90385 18.635 0.046 3.86 507.0
2458603.68866 18.400 0.055 6.33 495.0
2458603.84352 18.671 0.042 4.00 446.0
2458604.70465 18.531 0.067 7.12 545.0
2458604.82641 18.551 0.043 4.53 466.0
2458605.67052 18.559 0.068 7.45 523.0
2458605.77053 18.714 0.072 6.59 502.0
2458605.93511 18.563 0.060 3.98 1257.0
2458606.72718 18.452 0.041 4.77 467.0
2458606.87828 18.600 0.039 3.63 498.0
2458607.68555 18.628 0.054 5.72 503.0
2458607.80804 18.622 0.041 3.78 487.0
2458607.93360 18.736 0.058 3.94 719.0
2458608.71272 18.638 0.063 5.97 564.0
2458608.76877 18.680 0.044 3.89 514.0
2458608.91372 18.594 0.043 3.87 552.0
2458612.75749 18.503 0.068 6.54 477.0
2458612.88565 18.668 0.069 5.67 537.0
2458613.65973 18.692 0.086 6.81 540.0
2458613.78204 18.572 0.041 3.95 472.0
2458613.92092 18.626 0.050 3.93 603.0
2458614.68072 18.744 0.091 6.88 561.0
2458614.82686 18.583 0.051 4.36 547.0
2458615.65030 18.746 0.083 6.98 520.0
2458615.77149 18.545 0.044 4.40 451.0
2458615.93290 18.696 0.062 4.65 572.0
2458616.69723 18.763 0.051 4.71 558.0
2458616.84578 18.612 0.041 3.68 498.0
2458617.65347 18.728 0.067 5.40 595.0
2458617.74013 18.555 0.042 4.06 532.0
2458617.92695 18.624 0.046 3.76 621.0
2458618.69066 18.689 0.077 6.59 646.0
2458618.84320 18.641 0.047 3.91 606.0
2458619.64352 18.611 0.080 7.06 686.0
2458619.73068 18.573 0.060 5.57 592.0
2458619.91163 18.660 0.066 5.54 479.0
2458620.68071 18.780 0.084 6.57 645.0
2458620.82801 18.598 0.051 4.44 601.0
2458621.68983 18.552 0.103 7.11 1417.0
2458621.83549 18.563 0.053 4.11 842.0
2458626.70773 18.465 0.078 6.15 1283.0
2458626.76052 18.701 0.077 5.23 1001.0
2458626.82286 18.599 0.058 4.88 735.0
2458626.87264 18.648 0.063 4.64 849.0
2458626.92291 18.613 0.057 4.41 873.0
2458627.65134 18.637 0.058 5.40 998.0
2458627.71228 18.611 0.049 4.54 507.0
2458635.64334 18.471 0.055 5.57 489.0
2458635.71190 18.612 0.049 4.68 448.0
2458635.85928 18.825 0.080 5.69 573.0
2458636.58234 18.772 0.083 6.35 555.0
2458636.67117 18.665 0.060 5.45 486.0
2458636.81651 18.618 0.040 3.73 450.0
2458636.93674 18.667 0.064 5.00 697.0
2458637.63018 18.480 0.047 5.55 434.0
2458637.77767 18.589 0.040 3.60 511.0
2458637.90159 18.492 0.038 3.72 565.0
2458638.67896 18.564 0.046 5.09 476.0
2458638.87296 18.650 0.066 5.45 612.0
2458639.68602 18.543 0.038 4.22 484.0
2458640.56577 19.026 0.101 6.59 583.0
2458640.63377 18.770 0.068 5.92 497.0
2458640.78766 18.533 0.052 4.71 517.0
2458640.90710 18.585 0.054 5.20 601.0
2458641.66947 18.674 0.048 4.30 545.0
2458642.64846 18.695 0.063 5.45 577.0
2458642.85297 18.701 0.060 4.45 625.0
2458643.56699 18.959 0.079 5.90 612.0
2458643.65060 18.556 0.043 4.70 496.0
2458643.78506 18.533 0.045 4.43 483.0
2458643.89339 18.571 0.049 4.56 552.0
2458644.57475 18.504 0.060 5.95 617.0
2458644.68736 18.615 0.044 4.34 453.0
2458644.81284 18.577 0.057 5.16 566.0
2458645.66732 18.435 0.054 5.96 638.0
2458646.62070 18.734 0.095 7.43 576.0
2458646.73557 18.671 0.068 5.60 552.0
2458646.83624 18.703 0.069 5.53 573.0
2458647.60783 18.590 0.069 5.89 673.0
2458647.69320 18.463 0.052 5.10 599.0
2458647.81929 18.578 0.068 5.88 630.0
2458648.61116 18.793 0.088 6.28 782.0
2458648.69859 18.461 0.055 5.30 666.0
2458648.82034 18.492 0.054 4.90 691.0
2458649.59012 18.597 0.090 6.88 918.0
2458649.64873 18.728 0.112 7.56 849.0
2458654.88889 18.422 0.048 4.21 1377.0
2458655.64935 18.593 0.052 4.37 1260.0
2458655.85876 18.596 0.069 5.33 1036.0
2458656.65916 18.557 0.053 5.06 768.0
2458656.79844 18.582 0.043 3.97 541.0
2458657.54402 18.487 0.051 5.88 516.0
2458657.62255 18.719 0.059 5.32 459.0
2458657.74159 18.689 0.054 4.54 452.0
2458657.85280 18.543 0.043 3.94 514.0
2458658.55373 18.522 0.067 7.21 457.0
2458660.52220 18.715 0.086 6.98 521.0
2458660.62906 18.502 0.048 5.11 435.0
2458660.76546 18.691 0.051 4.34 477.0
2458661.52841 18.777 0.089 7.20 561.0
2458661.62492 18.589 0.054 5.16 423.0
2458662.57396 18.774 0.085 6.71 559.0
2458662.68711 19.095 0.130 7.34 505.0
2458664.53620 18.639 0.063 5.74 458.0
2458664.66112 18.612 0.045 4.52 391.0
2458664.80206 18.694 0.046 4.34 544.0
2458666.49550 18.545 0.074 6.50 782.0
2458666.56628 18.613 0.076 6.74 573.0
2458666.69792 18.645 0.051 4.55 410.0
2458667.51175 18.583 0.079 6.80 750.0
2458667.59472 18.651 0.079 6.92 535.0
2458667.72578 18.576 0.041 3.93 419.0
2458668.48659 18.532 0.078 7.44 606.0
2458668.57258 18.714 0.076 6.27 463.0
2458668.72363 18.651 0.050 4.50 401.0
2458668.84949 18.707 0.080 6.55 521.0
2458669.54077 18.584 0.057 5.78 585.0
2458669.69102 18.566 0.050 4.71 491.0
2458669.81931 18.675 0.051 4.35 510.0
2458670.51318 18.621 0.055 5.81 522.0
2458670.62797 18.606 0.039 3.93 412.0
2458670.77050 18.676 0.039 3.68 413.0
2458672.68178 18.824 0.100 7.55 478.0
2458673.61963 18.627 0.049 4.72 475.0
2458673.76233 18.582 0.050 4.80 488.0
2458674.58449 18.674 0.069 5.98 490.0
2458674.69523 18.569 0.050 4.82 462.0
2458674.82593 18.599 0.071 6.36 631.0
2458675.62257 18.693 0.048 3.80 770.0
2458675.82608 18.620 0.059 5.14 523.0
2458676.49017 18.637 0.070 5.88 781.0
2458676.56750 18.652 0.054 4.75 639.0
2458676.74066 18.589 0.054 4.44 612.0
2458676.81694 18.432 0.080 7.13 754.0
2458677.60808 18.529 0.058 5.16 731.0
2458677.79082 18.705 0.093 5.07 1900.0
2458681.49560 18.830 0.107 6.07 1339.0
2458681.57228 18.799 0.102 6.29 1136.0
2458681.65393 18.668 0.072 4.72 1034.0
2458682.49047 18.707 0.073 5.49 948.0
2458682.56682 18.603 0.063 4.97 747.0
2458682.78013 18.715 0.071 4.86 808.0
2458683.49116 18.722 0.090 7.33 603.0
2458683.57588 18.642 0.069 5.26 635.0
2458683.75140 18.461 0.055 5.15 630.0
2458684.49768 18.528 0.060 6.15 551.0
2458684.57863 18.636 0.058 4.99 656.0
2458684.73317 18.591 0.058 5.11 546.0
2458685.50259 18.639 0.068 6.07 538.0
2458685.66586 18.664 0.056 4.54 917.0
2458688.55550 18.875 0.106 6.92 540.0
2458688.65197 18.646 0.063 5.61 427.0
2458689.50279 18.777 0.092 6.97 562.0
2458689.58855 18.820 0.079 6.16 476.0
2458689.70002 18.535 0.058 5.80 431.0
2458690.49132 18.576 0.066 5.61 569.0
2458690.58548 18.576 0.062 5.89 505.0
2458690.72659 18.643 0.048 4.44 437.0
2458691.48915 18.597 0.042 4.41 519.0
2458691.56529 18.614 0.040 3.98 412.0
2458691.75293 18.607 0.058 5.04 501.0
2458692.49172 18.525 0.065 6.08 611.0
2458692.58006 18.643 0.046 4.52 578.0
2458692.69251 18.514 0.043 4.25 454.0
2458693.49059 18.723 0.092 7.24 535.0
2458693.62541 18.682 0.064 5.28 450.0
2458693.77320 19.129 0.125 6.72 539.0
2458694.49401 18.580 0.055 5.57 508.0
2458694.57332 18.536 0.037 3.82 455.0
2458694.65252 18.558 0.041 4.02 416.0
2458695.49389 18.635 0.057 5.53 500.0
2458695.72967 18.492 0.032 3.66 417.0
2458695.78279 18.643 0.048 4.64 483.0
2458697.56349 18.928 0.109 6.80 515.0
2458698.49350 18.621 0.062 5.82 468.0
2458698.72348 18.615 0.046 4.15 444.0
2458698.76957 18.553 0.041 4.01 472.0
2458699.49642 18.652 0.060 5.36 525.0
2458699.72294 18.674 0.045 3.80 444.0
2458699.76896 18.533 0.052 5.00 488.0
2458700.49601 18.620 0.043 4.52 489.0
2458700.73330 18.685 0.054 4.52 512.0
2458700.77018 18.562 0.055 5.34 584.0
2458701.49615 18.835 0.078 5.67 529.0
2458701.65277 18.584 0.047 4.42 482.0
2458702.49635 18.618 0.067 6.46 520.0
2458702.60985 18.581 0.055 4.99 455.0
2458702.76324 18.396 0.045 5.28 479.0
2458703.49658 18.741 0.102 7.84 618.0
2458704.55397 18.674 0.081 6.38 694.0
2458704.68551 18.726 0.084 5.97 666.0
2458708.60330 18.536 0.046 4.11 813.0
2458710.49695 18.566 0.059 4.96 773.0
2458711.49512 18.558 0.060 4.81 1022.0
2458711.60785 18.696 0.068 4.87 719.0
2458711.73467 18.618 0.090 6.47 1137.0
2458712.51178 18.515 0.066 5.93 639.0
2458712.62958 18.615 0.068 5.42 588.0
2458713.49622 18.571 0.062 6.10 498.0
2458713.62263 18.426 0.058 5.79 558.0
2458713.73778 18.836 0.090 5.96 648.0
2458714.49859 18.614 0.075 6.36 515.0
2458714.65110 18.675 0.057 4.73 874.0
2458715.51433 18.522 0.061 6.08 480.0
2458715.65374 18.560 0.048 4.71 464.0
2458716.51216 18.518 0.036 4.02 432.0
2458716.73139 18.484 0.054 5.28 591.0
2458717.49749 18.799 0.091 6.83 488.0
2458717.63428 18.523 0.066 6.36 469.0
2458718.51298 18.515 0.043 4.26 484.0
2458718.64898 18.540 0.040 3.89 456.0
2458719.49466 18.678 0.072 5.87 517.0
2458719.58568 18.540 0.051 5.13 485.0
2458719.69524 18.700 0.077 6.51 518.0
2458721.50482 18.574 0.052 4.92 448.0
2458721.69175 18.443 0.055 5.60 482.0
2458722.49954 18.646 0.047 4.48 472.0
2458722.70065 18.847 0.085 6.28 441.0
2458723.60491 18.645 0.050 4.49 508.0
2458723.64509 18.667 0.057 4.92 512.0
2458724.50923 18.611 0.044 4.35 463.0
2458724.64659 18.592 0.042 4.37 427.0
2458725.51320 18.596 0.047 4.50 488.0
2458725.59846 18.486 0.050 5.19 456.0
2458726.58688 18.605 0.057 5.33 445.0
2458726.63989 18.727 0.058 4.84 410.0
2458727.53711 18.689 0.068 5.33 503.0
2458727.62181 18.737 0.068 5.18 549.0
2458728.60195 18.461 0.047 4.96 482.0
2458728.64160 18.600 0.056 4.75 483.0
2458729.50273 18.719 0.081 6.48 482.0
2458729.64031 18.780 0.065 4.93 482.0
2458730.58709 18.882 0.091 6.56 479.0
2458730.62726 18.522 0.051 5.16 459.0
2458731.53880 18.696 0.083 6.92 504.0
2458731.60679 18.688 0.084 7.08 528.0
2458736.61429 18.523 0.071 6.16 752.0
2458737.62535 18.629 0.093 7.14 785.0
2458738.59434 18.670 0.074 5.47 770.0
2458739.50967 18.521 0.059 5.31 643.0
2458740.55229 18.737 0.091 6.58 675.0
2458741.60623 18.683 0.072 5.58 640.0
2458742.60513 18.733 0.073 5.22 639.0
2458746.59688 18.646 0.079 6.93 500.0
2458747.54905 18.642 0.069 6.09 468.0
2458748.59197 18.761 0.100 7.05 581.0
2458750.59055 18.548 0.053 4.82 496.0
2458752.59225 18.872 0.080 5.61 506.0
2458753.60762 18.720 0.091 6.97 544.0
2458754.59092 18.776 0.077 5.74 571.0
2458755.59373 18.600 0.050 4.05 507.0
2458757.58136 18.653 0.078 6.60 504.0
2458759.60423 18.788 0.104 7.38 616.0
2458763.56662 18.538 0.071 5.76 786.0
2458766.58931 18.848 0.135 7.98 1076.0
2458768.58474 18.719 0.106 7.38 839.0
2458782.55654 18.618 0.062 5.17 665.0
2458783.52300 18.627 0.066 5.58 601.0
2458783.55821 18.884 0.097 6.42 604.0
2458899.86496 18.652 0.063 6.01 511.0
2458900.87335 18.549 0.052 5.50 471.0
2458901.86703 18.722 0.055 5.04 464.0
2458902.86680 18.623 0.053 5.24 465.0
2458903.86398 18.771 0.076 6.12 531.0
2458904.85420 18.582 0.055 6.11 447.0
2458905.84863 18.741 0.060 5.42 456.0
2458906.86245 18.679 0.055 5.33 482.0
2458907.85934 18.511 0.048 5.35 529.0
2458909.83192 18.548 0.058 5.94 466.0
2458909.87547 18.568 0.041 4.72 425.0
2458910.82479 18.727 0.078 6.71 507.0
2458911.81466 18.690 0.065 6.55 522.0
2458911.84456 18.739 0.061 5.67 478.0
2458911.88670 18.710 0.075 6.56 496.0
2458912.81646 18.625 0.067 6.25 511.0
2458912.85916 18.602 0.056 5.85 448.0
2458912.89437 18.688 0.057 5.10 518.0
2458913.83001 18.604 0.063 6.27 494.0
2458913.86472 18.679 0.072 6.66 477.0
2458914.83718 18.927 0.075 5.33 492.0
2458914.87149 18.544 0.046 5.05 477.0
2458915.81717 18.593 0.068 6.59 615.0
2458915.85180 18.686 0.058 5.19 442.0
2458915.89454 18.741 0.057 5.10 466.0
2458916.81158 18.559 0.061 6.02 725.0
2458916.85411 18.432 0.045 4.76 617.0
2458916.89155 18.640 0.050 4.44 583.0
2458917.82314 18.498 0.058 5.63 841.0
2458917.85876 18.662 0.056 4.80 732.0
2458918.80398 18.710 0.070 5.46 908.0
2458918.83397 18.591 0.062 5.69 778.0
2458918.87731 18.542 0.052 5.07 653.0
2458918.91149 18.606 0.061 4.17 1406.0
2458919.82657 18.527 0.056 5.53 735.0
2458919.86093 18.532 0.051 5.29 655.0
2458919.90426 18.456 0.049 5.11 683.0
2458920.81764 18.611 0.059 5.30 733.0
2458920.86464 18.522 0.042 4.14 642.0
2458920.89932 18.501 0.048 4.88 623.0
2458921.80580 18.640 0.059 4.97 725.0
2458921.84274 18.650 0.055 4.57 669.0
2458921.88587 18.597 0.047 4.30 635.0
2458922.82324 18.471 0.053 5.21 742.0
2458923.79882 18.438 0.069 5.58 1583.0
2458923.82173 18.491 0.069 5.23 1696.0
2458923.83329 18.575 0.071 4.86 1708.0
2458923.85533 18.547 0.063 4.31 1841.0
2458923.86522 18.784 0.092 5.00 1868.0
2458923.87773 18.757 0.085 4.35 1967.0
2458923.88796 18.555 0.074 4.85 2002.0
2458923.89656 18.563 0.085 5.35 2075.0
2459795.61989 18.680 0.051 4.86 426.0
2459795.65711 18.533 0.058 5.89 457.0
2459795.70199 18.711 0.073 6.23 491.0
2459795.73675 18.743 0.084 6.62 536.0
2459795.77479 18.694 0.089 7.19 629.0
2459796.64337 18.703 0.060 5.43 450.0
2459796.67932 18.561 0.049 5.15 436.0
2459796.72518 18.593 0.062 6.22 457.0
2459796.76035 18.500 0.054 5.73 483.0
2459797.60021 18.679 0.076 5.71 562.0
2459797.63582 18.710 0.085 7.29 566.0
2459797.69125 18.627 0.058 5.26 526.0
2459797.73461 18.496 0.055 5.00 573.0
2459798.49951 18.551 0.092 7.52 824.0
2459798.53588 18.710 0.099 7.16 782.0
2459798.72230 18.514 0.079 6.48 1162.0
2459804.49748 18.346 0.047 5.14 698.0
2459804.54129 18.506 0.056 5.54 678.0
2459804.57774 18.624 0.062 5.31 636.0
2459804.62097 18.531 0.066 5.88 692.0
2459804.65690 18.495 0.076 6.92 742.0
2459804.70474 18.773 0.080 5.66 760.0
2459805.52144 18.687 0.074 5.86 573.0
2459805.56597 18.625 0.062 5.30 607.0
2459805.60109 18.564 0.054 4.74 639.0
2459805.64372 18.818 0.071 5.33 618.0
2459805.67858 18.546 0.056 5.10 642.0
2459805.72101 18.658 0.069 5.66 691.0
2459806.56558 18.770 0.097 7.24 676.0
2459806.62674 18.578 0.078 6.91 620.0
2459806.66163 18.589 0.083 7.15 598.0
2459806.70748 19.086 0.118 6.30 641.0
2459807.48285 18.739 0.076 6.05 611.0
2459807.54358 18.633 0.059 5.73 458.0
2459807.58378 18.506 0.048 4.99 439.0
2459807.64737 18.713 0.058 4.94 463.0
2459807.70523 18.652 0.063 5.38 531.0
2459807.74658 18.501 0.048 4.96 528.0
2459808.51115 18.854 0.089 6.55 471.0
2459808.58015 18.772 0.073 5.80 431.0
2459808.65943 18.723 0.074 6.12 464.0
2459808.70461 18.884 0.099 6.67 613.0
2459808.74117 18.917 0.085 5.55 507.0
2459809.60308 18.737 0.072 5.71 437.0
2459809.64007 18.566 0.060 5.95 421.0
2459810.47625 18.480 0.056 5.62 761.0
2459810.53206 18.564 0.033 3.65 397.0
2459810.66989 18.584 0.047 4.84 423.0
2459810.71746 18.506 0.038 4.27 423.0
2459811.51790 18.794 0.073 6.21 417.0
2459811.58641 18.845 0.057 5.46 389.0
2459811.70324 18.437 0.047 4.69 444.0
2459812.48217 18.997 0.115 6.63 619.0
2459812.52609 18.597 0.068 6.44 421.0
2459812.63223 18.507 0.054 5.25 424.0
2459813.48110 18.565 0.088 7.17 824.0
2459813.51617 18.716 0.086 6.98 467.0
2459813.69702 18.597 0.064 6.17 428.0
2459814.48330 18.588 0.070 6.40 633.0
2459814.54701 18.833 0.074 5.50 464.0
2459814.58198 18.727 0.061 5.33 435.0
2459814.68084 18.581 0.063 6.08 492.0
2459814.71540 18.833 0.088 6.62 500.0
2459815.53373 18.820 0.073 5.90 459.0
2459815.56841 18.749 0.072 5.65 467.0
2459815.69597 18.615 0.058 5.38 479.0
2459816.49001 18.614 0.070 6.33 481.0
2459816.53480 18.703 0.080 6.81 471.0
2459816.57069 18.730 0.061 5.10 452.0
2459816.69520 18.744 0.062 5.15 430.0
2459817.52330 18.695 0.059 5.04 501.0
2459817.58401 18.573 0.052 5.15 506.0
2459817.64425 18.532 0.054 6.72 498.0
2459817.71545 19.034 0.058 5.10 438.0
2459818.56267 18.779 0.090 6.66 558.0
2459819.48421 18.804 0.064 4.63 742.0
2459819.55538 18.711 0.049 4.30 501.0
2459819.65958 18.685 0.047 4.46 534.0
2459820.50946 18.619 0.057 5.34 484.0
2459820.55750 18.647 0.073 6.20 517.0
2459821.48276 18.733 0.092 6.56 815.0
2459821.53347 18.796 0.077 6.40 460.0
2459821.67054 18.376 0.050 5.71 503.0
2459822.51023 18.572 0.060 5.72 513.0
2459822.55757 18.752 0.078 6.47 512.0
2459823.57128 18.855 0.091 6.85 539.0
2459823.61862 18.767 0.083 6.47 561.0
2459824.52759 18.868 0.116 7.82 628.0
2459824.58314 18.778 0.089 6.60 636.0
2459825.61233 18.929 0.121 7.56 679.0
2459829.55284 18.469 0.081 6.99 1006.0
2459829.65233 18.796 0.124 7.61 1112.0
2459830.66905 18.918 0.134 7.61 1095.0
2459831.52779 18.792 0.078 5.63 775.0
2459831.59585 19.079 0.128 6.65 838.0
2459831.65592 18.646 0.085 6.56 935.0
2459832.53773 18.504 0.074 6.61 790.0
2459832.58923 18.690 0.106 7.89 840.0
2459834.53414 18.762 0.073 5.51 669.0
2459834.58157 18.581 0.059 5.22 717.0
2459834.63201 18.555 0.064 5.82 755.0
2459835.54756 18.647 0.101 8.23 595.0
2459835.60984 18.484 0.077 7.34 659.0
2459836.65295 18.675 0.083 6.80 674.0
2459838.50730 18.417 0.058 6.31 533.0
2459838.56718 18.796 0.065 5.13 532.0
2459838.61512 18.547 0.057 5.81 543.0
2459840.51050 18.930 0.109 7.51 522.0
2459840.55806 18.730 0.081 6.84 508.0
2459840.60787 18.797 0.089 6.92 538.0
2459841.52250 18.677 0.072 6.12 557.0
2459841.56979 18.578 0.052 4.94 559.0
2459841.61666 18.635 0.062 5.60 589.0
2459843.57329 18.581 0.073 6.57 545.0
2459844.50434 18.503 0.052 5.30 552.0
2459844.55779 18.654 0.068 6.12 551.0
2459844.60521 18.885 0.089 6.40 591.0
2459845.51604 18.753 0.090 7.21 526.0
2459845.56411 18.604 0.062 5.90 497.0
2459846.55649 18.815 0.099 7.35 568.0
2459846.60503 18.599 0.074 6.71 598.0
2459848.54263 18.724 0.079 6.34 580.0
2459848.58943 18.607 0.064 5.85 601.0
2459849.53402 19.068 0.095 7.38 452.0
2459850.56847 18.705 0.074 6.21 537.0
2459850.61557 18.496 0.064 6.41 554.0
2459851.61744 18.707 0.086 6.97 567.0
2459852.53964 18.658 0.085 7.37 578.0
2459852.58836 18.668 0.065 5.58 575.0
2459857.53739 19.003 0.137 7.81 891.0
2459859.49627 18.555 0.066 5.99 894.0
2459859.54356 18.876 0.078 5.16 781.0
2459859.59129 18.464 0.058 5.38 880.0
2459860.53406 18.496 0.077 6.69 856.0
2459860.58108 18.689 0.085 6.13 945.0
2459861.55604 18.750 0.090 5.97 916.0
2459863.51088 18.599 0.072 6.32 716.0
2459864.50074 18.520 0.074 6.17 875.0
2459864.55721 18.615 0.066 5.11 875.0
2459865.55159 18.715 0.098 7.82 693.0
2459866.54581 18.395 0.051 5.10 718.0
2459867.52961 18.667 0.073 6.16 646.0
2459869.50229 18.759 0.095 6.65 848.0
2459870.51218 18.598 0.076 6.62 654.0
2459874.51310 18.797 0.083 5.88 721.0
2459877.50266 18.924 0.120 6.79 1006.0
2459994.86847 18.778 0.060 5.00 563.0
2459999.86279 18.683 0.060 5.20 590.0
2460007.84296 18.612 0.052 5.33 588.0
2460012.83753 18.649 0.049 4.44 704.0
2460015.83068 18.526 0.048 4.97 709.0
2460021.88505 18.617 0.046 4.36 474.0
2460024.85947 18.606 0.035 3.63 437.0
2460027.80589 18.547 0.055 5.77 494.0
2460029.87132 18.634 0.046 4.90 477.0
2460032.79976 18.520 0.044 4.93 468.0
2460034.84402 18.629 0.046 4.78 458.0
2460037.77976 18.545 0.046 4.86 570.0
2460039.90586 18.621 0.043 4.38 552.0
2460042.76687 18.444 0.040 4.43 728.0
2460048.78076 18.486 0.047 5.25 523.0
2460051.77868 18.604 0.060 5.88 479.0
2460054.74825 18.595 0.048 4.94 454.0
2460057.85729 18.715 0.053 5.10 494.0
2460059.92120 18.495 0.055 5.70 584.0
2460062.72466 18.622 0.051 5.22 517.0
2460065.87433 18.668 0.054 5.03 517.0
2460068.68448 18.528 0.059 5.70 815.0
2460069.91589 18.612 0.055 4.40 935.0
2460076.67573 18.517 0.054 5.59 537.0
2460085.71225 18.556 0.092 7.62 563.0
2460089.67862 18.588 0.065 5.96 596.0
2460091.76561 18.516 0.053 5.19 554.0
2460093.92975 18.342 0.063 6.83 786.0
2460095.92795 18.533 0.060 5.34 661.0
2460097.75948 18.377 0.046 4.49 767.0
2460105.61516 18.309 0.052 5.65 524.0
2460106.84328 18.352 0.060 6.16 546.0
2460108.71315 18.269 0.051 6.29 532.0
2460110.61641 18.130 0.044 6.29 537.0
2460111.84755 18.037 0.040 5.10 695.0
2460113.57038 18.006 0.037 5.67 553.0
2460116.75149 17.689 0.028 5.36 500.0
2460119.66466 17.270 0.025 6.91 534.0
2460120.82968 16.956 0.015 5.58 522.0
2460122.77737 16.171 0.009 6.11 533.0
2460124.58646 14.011 0.003 6.33 735.0
2460125.63151 15.865 0.008 6.44 735.0
2460130.60042 17.545 0.031 5.96 997.0
2460132.57104 17.698 0.033 6.74 599.0
2460134.64546 17.922 0.038 6.39 531.0
2460139.82023 18.276 0.059 6.36 615.0
2460141.76404 18.304 0.045 5.46 514.0
2460143.81872 18.341 0.055 6.16 525.0
2460149.69434 18.393 0.049 5.48 488.0
2460153.52359 18.539 0.070 5.86 714.0
2460153.78705 18.525 0.066 5.38 1167.0
2460158.74478 18.409 0.058 4.97 1215.0
2460160.67676 18.415 0.056 5.30 633.0
2460165.69234 18.619 0.079 6.94 514.0
2460169.57362 18.490 0.053 5.20 452.0
2460171.58375 18.600 0.048 4.53 451.0
2460174.54952 18.622 0.070 5.83 501.0
2460179.50384 18.567 0.089 7.51 586.0
2460185.51230 18.843 0.126 7.21 973.0
2460187.70148 18.511 0.070 5.60 1145.0
2460201.54516 18.520 0.058 5.63 509.0
2460203.66330 18.672 0.081 6.44 579.0
2460213.54514 18.635 0.100 7.19 788.0
2460218.61222 18.622 0.099 7.20 895.0
2460226.57138 18.650 0.076 6.34 637.0
2460229.57903 18.912 0.139 8.28 733.0
2460242.54839 18.456 0.082 7.02 997.0
2460358.88708 18.449 0.062 5.83 742.0
2460370.88042 18.593 0.048 4.47 610.0
2460377.89677 18.529 0.046 5.11 525.0
2460381.83830 18.576 0.051 4.32 571.0
