2457791.88450 19.095 0.082 4.89 1131.0
2457792.88729 18.885 0.087 5.88 1303.0
2457793.87873 19.011 0.056 5.12 557.0
2457794.88572 19.104 0.083 5.81 865.0
2457795.88976 18.999 0.082 5.42 1107.0
2457798.86115 19.129 0.063 5.21 562.0
2457800.85199 18.786 0.057 6.34 543.0
2457801.89086 18.948 0.067 4.79 850.0
2457803.87230 18.952 0.067 4.43 1035.0
2457807.84581 19.122 0.058 5.49 404.0
2457808.89657 18.915 0.066 5.60 712.0
2457809.90477 18.981 0.089 5.22 1393.0
2457811.82730 18.985 0.055 5.80 456.0
2457812.85886 18.990 0.046 4.79 432.0
2457814.82775 18.922 0.047 5.42 438.0
2457815.85463 19.046 0.049 4.51 425.0
2457816.84640 19.003 0.057 5.98 409.0
2457817.84301 19.056 0.057 5.36 476.0
2457818.82922 19.074 0.051 4.76 441.0
2457819.80908 19.054 0.055 5.82 401.0
2457819.90647 18.976 0.054 4.12 776.0
2457821.81720 18.976 0.057 5.04 540.0
2457822.81261 19.076 0.071 5.47 689.0
2457822.90196 18.998 0.048 4.87 457.0
2457823.88715 18.830 0.045 4.89 535.0
2457824.88326 18.964 0.056 5.07 579.0
2457825.87486 18.923 0.052 5.16 569.0
2457826.83374 19.052 0.076 5.69 676.0
2457827.82102 18.839 0.055 5.16 584.0
2457827.91026 18.859 0.052 4.66 700.0
2457828.87943 18.876 0.043 4.28 517.0
2457830.78207 19.007 0.069 5.23 904.0
2457830.86931 18.958 0.053 4.92 548.0
2457835.78214 19.016 0.081 7.99 370.0
2457836.89340 19.047 0.059 6.41 341.0
2457838.78020 19.050 0.061 6.17 389.0
2457839.84646 18.941 0.038 4.70 311.0
2457840.90781 18.927 0.040 4.67 346.0
2457842.77821 18.843 0.048 6.35 339.0
2457843.81909 18.972 0.046 5.44 319.0
2457844.86135 18.951 0.057 6.44 343.0
2457845.90794 18.865 0.043 5.50 333.0
2457847.75006 19.115 0.061 5.95 360.0
2457848.77947 18.820 0.041 5.55 331.0
2457849.80783 18.987 0.042 4.63 345.0
2457850.83687 19.019 0.044 4.88 352.0
2457851.88107 18.929 0.041 4.74 357.0
2457853.91974 18.943 0.073 7.32 489.0
2457855.72914 18.876 0.054 4.76 756.0
2457856.75315 18.818 0.071 6.71 635.0
2457858.83599 18.953 0.055 5.04 616.0
2457862.87167 18.984 0.054 5.39 426.0
2457865.68555 18.969 0.043 4.63 380.0
2457866.69654 18.930 0.042 4.67 382.0
2457867.71540 19.077 0.046 4.62 356.0
2457868.78802 18.978 0.054 5.48 364.0
2457869.81137 19.049 0.040 4.17 334.0
2457870.85002 18.937 0.040 4.60 335.0
2457871.87232 19.008 0.044 4.42 364.0
2457872.89863 18.983 0.037 3.56 395.0
2457873.87906 18.960 0.039 3.74 402.0
2457874.85200 18.965 0.052 5.34 432.0
2457875.92990 18.863 0.048 4.69 590.0
2457876.90237 18.960 0.041 4.21 436.0
2457877.87447 19.013 0.047 3.95 486.0
2457878.91381 18.979 0.039 3.64 473.0
2457880.67486 18.949 0.063 6.51 499.0
2457881.75085 19.008 0.079 7.06 533.0
2457882.75460 19.020 0.063 5.61 541.0
2457889.93403 19.113 0.106 6.30 1044.0
2457893.67003 19.110 0.073 7.02 400.0
2457893.92371 19.118 0.056 4.47 511.0
2457894.81263 18.961 0.046 4.93 390.0
2457895.79522 18.916 0.045 5.05 445.0
2457901.67960 18.976 0.051 5.85 392.0
2457902.66872 18.996 0.059 6.41 367.0
2457903.76123 18.884 0.059 7.38 337.0
2457904.66225 18.898 0.041 5.11 338.0
2457904.92802 19.038 0.069 6.46 475.0
2457905.79268 18.968 0.045 4.82 408.0
2457906.68312 19.100 0.045 4.17 398.0
2457906.92947 18.886 0.064 5.70 746.0
2457907.89514 19.010 0.059 5.20 762.0
2457908.78918 18.925 0.044 4.34 462.0
2457909.65414 18.924 0.048 4.58 538.0
2457909.89591 18.928 0.051 4.64 574.0
2457910.69446 19.055 0.050 4.32 502.0
2457911.57978 19.017 0.081 6.12 820.0
2457916.54889 19.153 0.096 6.28 952.0
2457916.76063 19.051 0.050 3.94 666.0
2457917.60123 19.043 0.064 5.28 582.0
2457917.84286 18.875 0.074 6.48 732.0
2457922.56705 18.935 0.079 7.78 535.0
2457923.52106 18.997 0.069 6.70 510.0
2457923.86547 19.055 0.080 7.24 443.0
2457924.50448 18.952 0.065 6.48 537.0
2457924.89453 19.080 0.068 5.37 314.0
2457925.50563 19.056 0.073 6.48 419.0
2457925.57161 18.849 0.065 7.51 326.0
2457925.68063 18.971 0.036 4.20 97.0
2457925.78665 18.979 0.046 5.36 103.0
2457925.82479 18.920 0.057 6.49 314.0
2457925.86606 18.773 0.046 5.79 367.0
2457925.89097 19.132 0.085 7.29 411.0
2457926.75497 18.978 0.051 5.50 382.0
2457926.87283 18.996 0.077 7.59 417.0
2457928.54385 19.083 0.082 7.68 353.0
2457928.56713 19.011 0.064 6.40 383.0
2457928.60124 19.034 0.054 5.32 262.0
2457928.66710 19.062 0.055 5.43 200.0
2457929.80013 19.136 0.081 7.61 399.0
2457932.60063 18.917 0.061 6.86 379.0
2457932.71933 18.974 0.053 6.20 339.0
2457932.84267 18.941 0.065 6.82 482.0
2457933.51194 19.205 0.087 7.38 409.0
2457933.71450 18.948 0.049 6.06 307.0
2457934.64437 18.962 0.047 5.18 382.0
2457934.85979 18.962 0.060 6.76 382.0
2457935.73872 18.905 0.038 4.66 314.0
2457936.61656 18.907 0.040 4.80 340.0
2457936.86999 18.929 0.062 7.34 390.0
2457937.71075 18.963 0.044 4.71 373.0
2457938.63293 19.095 0.079 7.13 476.0
2457944.55111 18.976 0.059 4.66 735.0
2457944.65340 18.998 0.063 5.25 639.0
2457944.77438 18.859 0.054 5.09 675.0
2457945.57401 18.954 0.054 5.38 504.0
2457945.81120 18.953 0.052 4.68 636.0
2457946.67782 19.002 0.048 4.65 430.0
2457947.57969 19.004 0.056 5.97 384.0
2457948.48581 19.137 0.065 6.28 390.0
2457948.76932 18.915 0.051 5.54 451.0
2457949.69830 18.999 0.066 5.84 541.0
2457953.47201 19.070 0.075 6.35 556.0
2457953.74469 19.007 0.042 4.88 305.0
2457954.66390 18.995 0.038 4.21 298.0
2457956.48394 18.903 0.049 5.07 460.0
2457956.76238 18.932 0.048 5.98 369.0
2457958.61093 18.914 0.060 6.93 379.0
2457959.49489 19.011 0.047 5.20 375.0
2457959.74384 18.948 0.042 5.17 338.0
2457960.64898 19.051 0.048 5.79 294.0
2457961.63043 19.000 0.048 5.62 360.0
2457962.63563 18.915 0.041 4.94 369.0
2457964.65375 18.998 0.053 5.63 393.0
2457966.47720 18.968 0.092 8.16 554.0
2457966.72193 18.993 0.066 6.82 385.0
2457967.72883 19.048 0.077 7.02 501.0
2457971.65782 19.066 0.059 4.49 704.0
2457972.59317 19.134 0.079 5.47 654.0
2457972.70143 18.957 0.071 5.93 751.0
2457973.70202 18.844 0.089 7.48 782.0
2457974.67402 19.063 0.064 5.32 535.0
2457979.57096 18.953 0.040 4.38 395.0
2457980.63670 19.188 0.079 6.18 515.0
2457982.48603 18.965 0.052 5.09 442.0
2457983.55923 18.947 0.050 5.42 379.0
2457984.61684 19.066 0.053 5.42 376.0
2457986.53062 18.972 0.042 4.57 383.0
2457987.60750 18.917 0.041 4.28 441.0
2457991.47388 19.030 0.086 6.15 855.0
2457992.53929 18.999 0.042 4.45 387.0
2457993.60207 19.068 0.047 4.77 372.0
2457998.48414 19.000 0.057 4.79 638.0
2457998.57603 19.075 0.061 5.16 584.0
2458000.51049 18.966 0.071 6.48 561.0
2458000.61191 18.910 0.076 6.68 682.0
2458002.49213 19.139 0.117 6.80 969.0
2458004.51603 18.951 0.062 6.24 511.0
2458008.51408 18.910 0.057 6.26 429.0
2458012.49453 18.917 0.045 4.50 487.0
2458014.53307 19.011 0.051 5.01 441.0
2458016.55525 19.031 0.064 6.72 406.0
2458019.53910 18.988 0.043 4.46 408.0
2458029.53659 19.036 0.080 5.89 714.0
2458037.54015 18.880 0.083 7.46 536.0
2458039.52681 19.119 0.090 7.27 524.0
2458048.50525 18.906 0.048 5.26 488.0
2458056.50618 18.938 0.099 7.97 755.0
2458156.87666 19.056 0.064 5.16 663.0
2458161.85692 18.954 0.062 6.58 459.0
2458162.86844 19.015 0.051 5.88 430.0
2458163.86272 18.794 0.052 6.11 603.0
2458165.85470 19.016 0.059 5.69 485.0
2458167.84611 19.040 0.055 5.65 453.0
2458168.86863 18.966 0.049 5.16 393.0
2458170.83688 19.073 0.051 5.01 436.0
2458171.85870 18.948 0.045 4.32 431.0
2458172.87068 18.878 0.045 4.91 460.0
2458173.89303 18.929 0.044 4.53 490.0
2458175.82707 18.974 0.045 4.71 433.0
2458176.83303 18.852 0.043 4.95 461.0
2458181.83806 18.805 0.052 5.22 686.0
2458182.89068 18.980 0.051 4.63 547.0
2458184.86208 19.039 0.058 4.56 605.0
2458185.88160 19.066 0.065 5.29 576.0
2458190.78913 18.786 0.033 5.12 266.0
2458193.87752 19.058 0.053 5.67 343.0
2458195.81243 18.957 0.052 5.81 385.0
2458196.89875 19.077 0.046 4.58 344.0
2458198.78371 18.965 0.039 4.61 382.0
2458199.83613 19.006 0.051 5.77 360.0
2458202.80363 19.072 0.050 4.87 422.0
2458203.85292 18.975 0.044 4.83 375.0
2458204.92015 18.913 0.057 4.75 737.0
2458206.78082 19.029 0.052 5.06 526.0
2458207.82204 18.976 0.050 5.39 516.0
2458208.84912 18.960 0.054 4.82 631.0
2458209.87730 18.969 0.048 4.26 578.0
2458211.90598 18.907 0.046 4.31 601.0
2458212.89716 18.978 0.060 3.85 1264.0
2458220.75554 18.965 0.048 5.74 335.0
2458221.79724 18.965 0.042 4.92 330.0
2458222.82149 19.098 0.046 4.53 331.0
2458224.70628 18.866 0.059 6.44 448.0
2458225.88714 18.963 0.073 7.44 411.0
2458227.83250 18.924 0.040 4.65 325.0
2458228.90225 18.932 0.037 4.25 342.0
2458229.91898 18.937 0.037 4.24 371.0
2458232.79681 19.000 0.045 4.68 407.0
2458235.82654 18.958 0.044 4.30 507.0
2458238.78505 19.082 0.057 4.18 717.0
2458244.78464 19.165 0.086 4.67 1307.0
2458245.84650 18.899 0.063 6.05 568.0
2458246.83760 18.799 0.045 4.85 515.0
2458247.75069 19.131 0.053 5.08 406.0
2458248.77695 18.961 0.073 7.28 444.0
2458249.88049 19.041 0.054 4.86 484.0
2458250.82456 19.038 0.038 3.90 369.0
2458251.72764 19.029 0.055 5.90 375.0
2458252.90519 18.858 0.055 5.97 497.0
2458253.84831 19.053 0.043 3.96 398.0
2458254.89098 18.976 0.035 3.14 438.0
2458255.85336 18.979 0.043 4.20 416.0
2458256.76784 18.997 0.054 5.81 391.0
2458257.72236 19.113 0.053 5.48 346.0
2458258.71891 19.046 0.045 4.93 341.0
2458259.69804 19.055 0.048 4.81 428.0
2458260.62828 19.059 0.048 4.55 452.0
2458261.75900 18.995 0.045 5.02 356.0
2458262.75218 19.009 0.046 5.05 373.0
2458263.69611 19.039 0.043 4.52 414.0
2458264.72602 18.886 0.048 4.93 587.0
2458265.63824 18.893 0.067 5.86 722.0
2458266.63633 18.877 0.077 6.35 845.0
2458271.70010 19.077 0.101 6.11 1210.0
2458272.71543 19.099 0.061 5.41 494.0
2458273.58386 18.813 0.042 5.26 426.0
2458273.85305 18.929 0.049 5.09 468.0
2458274.69438 19.005 0.055 6.29 381.0
2458275.59165 19.019 0.054 5.04 460.0
2458275.87006 19.100 0.069 5.82 512.0
2458276.73876 18.936 0.043 4.94 367.0
2458277.67224 18.996 0.039 4.55 340.0
2458277.92249 18.976 0.054 5.23 557.0
2458282.56159 18.985 0.053 5.70 421.0
2458282.84220 18.889 0.034 3.84 380.0
2458283.67618 19.090 0.047 5.01 329.0
2458284.52818 19.091 0.065 6.07 507.0
2458284.78813 18.889 0.031 3.59 316.0
2458286.54211 18.862 0.046 6.08 353.0
2458286.83305 18.904 0.046 5.60 340.0
2458287.69862 19.027 0.035 4.34 270.0
2458288.56787 19.155 0.056 4.86 367.0
2458288.86144 18.970 0.058 5.85 471.0
2458289.73191 19.056 0.046 4.85 330.0
2458290.61295 18.958 0.048 5.10 400.0
2458291.54832 18.816 0.052 5.21 879.0
2458291.85187 18.993 0.051 4.83 458.0
2458292.72858 18.974 0.044 4.30 428.0
2458293.65209 18.862 0.049 5.49 465.0
2458294.69718 18.925 0.074 6.96 576.0
2458301.79014 18.963 0.062 5.86 544.0
2458304.56565 19.055 0.081 7.83 422.0
2458305.57010 19.062 0.071 7.33 387.0
2458305.84105 18.837 0.057 6.32 493.0
2458306.81847 19.008 0.062 5.89 459.0
2458307.69362 19.030 0.039 4.23 312.0
2458308.55788 18.892 0.039 5.16 310.0
2458308.82243 18.951 0.059 6.36 448.0
2458309.69841 19.028 0.033 3.45 291.0
2458310.55223 18.965 0.046 5.54 347.0
2458310.73886 19.016 0.054 5.94 373.0
2458311.60840 18.840 0.042 5.79 313.0
2458312.49612 18.917 0.048 5.22 438.0
2458312.77537 18.985 0.037 4.55 331.0
2458313.64367 19.010 0.036 3.85 312.0
2458314.52795 19.053 0.050 5.45 372.0
2458314.78334 18.954 0.046 5.45 356.0
2458316.65931 19.261 0.074 6.31 360.0
2458320.62826 19.140 0.046 4.44 391.0
2458321.54721 19.203 0.071 5.45 527.0
2458328.64193 18.948 0.067 6.00 597.0
2458329.56714 18.940 0.058 5.81 535.0
2458330.49965 18.848 0.045 5.22 543.0
2458331.61245 18.924 0.048 5.50 388.0
2458332.63067 19.132 0.071 6.18 456.0
2458333.63720 19.067 0.038 3.85 334.0
2458334.65372 19.007 0.039 4.03 350.0
2458336.52123 18.890 0.046 5.67 357.0
2458338.55055 18.922 0.058 6.75 383.0
2458339.60715 19.044 0.037 3.98 279.0
2458340.74085 18.978 0.052 6.17 336.0
2458342.52384 19.077 0.054 5.42 354.0
2458344.55210 18.897 0.041 5.16 324.0
2458345.61238 19.058 0.048 4.70 329.0
2458346.73754 19.003 0.044 4.99 310.0
2458348.52655 19.056 0.071 6.46 445.0
2458349.71876 18.978 0.088 6.62 961.0
2458355.53831 19.138 0.070 5.85 542.0
2458356.68537 18.922 0.051 4.75 670.0
2458358.58067 18.881 0.049 5.05 522.0
2458359.67794 18.930 0.073 6.63 583.0
2458361.61045 18.895 0.061 7.19 382.0
2458364.59564 19.053 0.041 4.29 388.0
2458367.56497 18.969 0.041 4.39 366.0
2458369.51186 19.063 0.052 4.69 403.0
2458371.47774 19.061 0.059 4.35 803.0
2458372.65076 18.808 0.051 5.95 476.0
2458375.62796 19.039 0.070 7.07 403.0
2458377.55331 18.959 0.064 5.60 691.0
2458382.52836 19.021 0.047 3.57 608.0
2458383.50375 19.079 0.066 5.17 629.0
2458383.59678 19.060 0.089 6.51 735.0
2458384.55083 18.887 0.051 4.26 626.0
2458384.62652 18.814 0.058 5.30 743.0
2458385.57097 19.049 0.046 3.96 592.0
2458386.50349 19.052 0.056 4.33 612.0
2458390.51630 19.153 0.076 5.94 491.0
2458392.57724 18.928 0.054 5.95 455.0
2458393.53757 18.941 0.064 6.87 385.0
2458394.50504 19.018 0.066 5.77 444.0
2458397.54646 18.974 0.049 5.65 382.0
2458399.50617 18.991 0.070 6.69 418.0
2458401.56974 18.959 0.065 6.53 508.0
2458409.51215 18.798 0.076 7.47 685.0
2458410.54986 18.931 0.067 5.76 710.0
2458412.54117 18.932 0.075 5.78 683.0
2458414.53048 19.026 0.095 6.63 788.0
2458416.52688 19.178 0.130 7.71 898.0
2458419.51330 18.996 0.065 5.39 606.0
2458424.51911 19.041 0.087 6.68 629.0
2458528.88899 18.896 0.070 5.97 809.0
2458531.87263 18.849 0.049 5.56 413.0
2458533.88453 19.142 0.063 5.19 653.0
2458535.86686 18.950 0.066 6.19 593.0
2458536.89628 19.160 0.114 6.52 1027.0
2458539.86566 18.951 0.051 4.98 503.0
2458544.86516 19.106 0.048 5.39 340.0
2458546.89331 19.056 0.049 5.19 367.0
2458547.90380 19.045 0.058 4.74 610.0
2458549.81711 18.833 0.050 6.27 388.0
2458550.83235 19.008 0.043 4.68 341.0
2458551.85366 19.089 0.072 7.32 347.0
2458553.89122 19.068 0.076 7.73 387.0
2458554.85609 19.084 0.050 5.14 383.0
2458555.82835 19.006 0.045 5.80 363.0
2458556.80132 18.940 0.048 5.39 374.0
2458556.90631 18.943 0.054 5.13 517.0
2458557.87138 19.090 0.050 5.26 348.0
2458558.83563 19.006 0.047 5.19 369.0
2458559.78135 18.906 0.047 5.25 414.0
2458559.88252 19.011 0.042 4.52 344.0
2458560.84351 18.920 0.038 4.44 365.0
2458561.80858 19.016 0.048 4.27 521.0
2458561.90217 18.972 0.077 7.61 411.0
2458562.86635 19.003 0.057 5.08 595.0
2458563.81207 18.912 0.060 5.59 690.0
2458564.76510 19.054 0.067 5.31 680.0
2458564.87202 18.924 0.045 4.26 576.0
2458565.84108 18.824 0.047 4.70 599.0
2458566.80271 18.942 0.044 3.91 601.0
2458566.90452 18.939 0.044 4.11 522.0
2458567.82924 19.038 0.050 4.22 599.0
2458573.87583 19.136 0.071 6.51 394.0
2458574.83948 19.073 0.065 6.97 337.0
2458575.73513 18.907 0.046 5.94 346.0
2458575.83386 19.060 0.054 6.28 331.0
2458575.92505 19.047 0.082 4.39 1320.0
2458576.85953 19.007 0.058 6.62 332.0
2458577.79201 18.915 0.066 7.23 419.0
2458577.91936 19.055 0.082 6.76 630.0
2458578.79288 19.050 0.048 5.04 385.0
2458578.91430 18.989 0.054 5.78 404.0
2458579.78379 18.984 0.061 6.24 461.0
2458579.89421 19.049 0.053 4.84 481.0
2458580.76793 18.829 0.044 5.45 389.0
2458580.87206 19.013 0.046 4.97 399.0
2458581.79567 19.011 0.046 5.39 361.0
2458582.75154 18.830 0.048 6.42 359.0
2458583.72384 18.857 0.044 5.66 394.0
2458584.69390 19.145 0.068 6.13 439.0
2458585.69577 18.959 0.050 5.90 407.0
2458585.88731 19.039 0.037 3.37 380.0
2458586.82089 18.937 0.039 4.79 320.0
2458587.77073 19.002 0.052 5.88 371.0
2458588.72659 19.022 0.054 6.06 433.0
2458589.70933 19.148 0.064 5.17 596.0
2458590.68615 19.035 0.062 5.40 689.0
2458590.88370 19.015 0.037 3.55 427.0
2458591.83782 18.885 0.043 4.26 570.0
2458592.87484 18.983 0.070 5.34 796.0
2458593.89229 18.982 0.068 4.27 1154.0
2458594.80652 19.086 0.060 5.44 627.0
2458595.72455 18.921 0.095 7.45 811.0
2458599.73644 19.025 0.065 6.47 446.0
2458599.87387 18.860 0.035 3.91 409.0
2458600.68329 18.952 0.050 5.69 380.0
2458600.92904 18.992 0.048 4.05 578.0
2458601.90050 19.022 0.038 3.36 485.0
2458602.79984 18.913 0.038 4.43 364.0
2458603.72668 19.015 0.045 4.83 332.0
2458604.73462 18.940 0.053 6.20 384.0
2458605.65987 18.904 0.057 7.32 406.0
2458605.89758 19.170 0.051 4.22 395.0
2458606.81976 18.906 0.032 3.67 368.0
2458607.72508 19.009 0.046 4.92 350.0
2458608.66011 19.038 0.060 5.12 623.0
2458608.93900 18.871 0.086 5.16 1591.0
2458612.86423 19.068 0.061 5.65 417.0
2458613.73199 18.889 0.046 5.45 376.0
2458614.65904 18.849 0.053 5.50 487.0
2458614.89426 18.939 0.055 4.76 567.0
2458615.80663 18.967 0.040 4.33 346.0
2458616.70698 19.048 0.044 4.42 448.0
2458617.64758 19.001 0.051 4.91 476.0
2458617.90000 18.935 0.039 3.96 509.0
2458618.77514 18.944 0.042 4.06 517.0
2458619.66253 18.849 0.061 6.75 530.0
2458620.63052 18.916 0.075 7.12 612.0
2458620.86244 19.017 0.051 4.40 538.0
2458621.82943 18.996 0.074 4.63 1042.0
2458626.66067 18.886 0.072 6.92 594.0
2458626.76443 18.811 0.055 4.91 759.0
2458626.86332 18.945 0.059 5.11 654.0
2458627.76306 19.071 0.050 4.35 586.0
2458635.78094 18.985 0.053 5.70 378.0
2458636.60140 18.782 0.044 5.63 399.0
2458636.85574 18.924 0.044 4.82 383.0
2458637.65468 19.113 0.043 4.94 298.0
2458637.90899 18.918 0.042 4.34 504.0
2458638.85066 18.919 0.047 5.19 452.0
2458639.78202 18.950 0.040 4.33 390.0
2458640.68384 19.003 0.043 4.76 348.0
2458641.57772 18.945 0.067 7.15 522.0
2458642.60111 19.047 0.057 5.68 447.0
2458643.57608 18.895 0.046 5.88 422.0
2458643.84141 18.927 0.036 3.62 391.0
2458644.66565 18.970 0.043 4.85 350.0
2458645.67263 18.927 0.055 5.65 611.0
2458646.75884 18.988 0.047 4.78 406.0
2458647.64037 18.941 0.063 6.24 507.0
2458648.60301 19.199 0.088 6.66 646.0
2458648.82988 18.950 0.056 5.06 588.0
2458649.69837 19.217 0.114 7.43 662.0
2458655.78936 18.979 0.072 5.31 1087.0
2458656.76572 19.037 0.048 5.17 465.0
2458657.63210 18.962 0.043 5.03 335.0
2458657.88717 19.056 0.052 4.59 477.0
2458658.59468 18.984 0.042 5.44 341.0
2458660.54721 19.037 0.055 6.13 352.0
2458660.69675 19.056 0.046 4.94 321.0
2458660.83533 18.989 0.047 4.43 511.0
2458661.55354 18.928 0.058 6.66 384.0
2458661.70795 19.069 0.042 4.90 327.0
2458662.61853 19.106 0.061 6.29 385.0
2458662.82634 19.037 0.069 6.21 514.0
2458664.59421 19.110 0.042 4.84 273.0
2458664.72887 18.985 0.036 4.31 288.0
2458665.57059 19.094 0.066 6.71 457.0
2458666.52283 19.113 0.081 6.74 565.0
2458666.62825 18.989 0.048 5.36 360.0
2458666.79011 19.020 0.065 7.18 332.0
2458667.53715 19.259 0.103 7.15 562.0
2458667.65794 18.948 0.049 5.27 402.0
2458667.78853 19.046 0.043 4.32 368.0
2458668.52751 18.915 0.059 7.11 387.0
2458668.64717 18.987 0.049 6.42 275.0
2458668.78714 18.944 0.037 4.47 300.0
2458669.50181 18.882 0.071 7.59 486.0
2458669.60483 18.943 0.047 5.29 388.0
2458669.75648 18.971 0.038 4.29 348.0
2458670.55631 19.045 0.042 4.62 384.0
2458670.70575 18.930 0.029 3.63 263.0
2458671.66017 18.852 0.052 6.93 316.0
2458673.58699 18.910 0.051 5.33 458.0
2458673.69680 19.131 0.049 4.93 338.0
2458673.84392 18.801 0.057 6.82 496.0
2458674.63138 19.043 0.061 6.59 345.0
2458674.76599 18.978 0.047 5.34 388.0
2458675.61632 19.092 0.056 4.12 676.0
2458675.81993 18.960 0.055 5.71 433.0
2458676.48397 18.920 0.077 6.61 756.0
2458676.56133 18.907 0.047 4.69 551.0
2458676.73449 18.959 0.045 4.21 515.0
2458676.81075 19.109 0.073 5.62 615.0
2458677.61274 18.936 0.053 4.53 663.0
2458677.78681 19.138 0.092 4.58 1457.0
2458681.48941 18.844 0.077 5.85 1061.0
2458681.56603 18.978 0.090 6.44 967.0
2458681.64747 19.145 0.082 5.11 881.0
2458682.48379 19.117 0.088 6.14 864.0
2458682.56061 18.961 0.057 4.92 639.0
2458682.77393 19.044 0.070 5.41 696.0
2458683.48464 19.231 0.085 6.75 457.0
2458683.56963 18.955 0.061 5.87 525.0
2458683.74518 18.979 0.055 4.90 525.0
2458684.49143 18.990 0.063 6.41 439.0
2458684.57121 19.053 0.062 4.99 661.0
2458684.72658 18.879 0.040 4.22 429.0
2458685.49597 18.853 0.052 6.24 425.0
2458685.64054 18.965 0.042 4.39 442.0
2458685.72319 19.035 0.055 5.10 559.0
2458688.54924 18.932 0.067 7.28 380.0
2458688.64563 18.850 0.041 5.52 292.0
2458689.49651 18.998 0.068 6.81 422.0
2458689.58220 18.934 0.053 6.31 344.0
2458689.69376 18.818 0.041 5.86 298.0
2458690.48505 18.966 0.058 5.74 449.0
2458690.57912 19.124 0.059 5.74 377.0
2458690.72035 19.135 0.044 4.62 320.0
2458691.48290 18.985 0.046 5.03 445.0
2458691.55902 18.997 0.036 4.43 297.0
2458691.74666 19.034 0.056 5.84 395.0
2458692.48506 19.048 0.064 5.59 486.0
2458692.57097 18.918 0.045 5.09 447.0
2458692.68533 19.053 0.042 4.20 375.0
2458693.48432 18.913 0.063 6.90 399.0
2458693.61902 19.097 0.059 6.27 320.0
2458693.76691 18.863 0.052 6.17 409.0
2458694.48771 19.147 0.052 4.81 394.0
2458694.56673 18.983 0.036 3.85 362.0
2458694.64625 19.053 0.041 4.55 303.0
2458695.48758 18.999 0.046 5.23 404.0
2458695.72337 19.007 0.036 4.13 326.0
2458695.77649 18.814 0.035 4.58 387.0
2458697.55606 18.994 0.065 7.24 359.0
2458698.48719 19.009 0.049 5.88 337.0
2458698.71720 19.005 0.039 3.95 321.0
2458698.76330 18.995 0.040 4.35 360.0
2458699.49013 19.007 0.047 4.68 411.0
2458699.71631 19.092 0.044 4.24 356.0
2458699.76265 18.926 0.039 4.42 360.0
2458700.48971 19.014 0.043 4.71 391.0
2458700.72698 18.941 0.045 4.97 387.0
2458700.76388 19.017 0.050 5.04 435.0
2458701.48983 19.027 0.050 5.16 394.0
2458701.64645 19.036 0.047 4.60 386.0
2458702.48986 19.030 0.059 6.16 391.0
2458702.60348 18.984 0.046 5.34 334.0
2458702.75695 18.949 0.046 5.30 374.0
2458703.49024 18.937 0.066 6.52 479.0
2458704.54709 18.964 0.073 6.45 611.0
2458704.67893 18.972 0.095 5.97 1233.0
2458708.59689 19.083 0.049 3.72 620.0
2458709.54998 18.936 0.068 3.49 2095.0
2458710.49061 18.944 0.062 5.43 669.0
2458711.48872 19.255 0.109 5.25 1260.0
2458711.60152 18.828 0.064 4.74 1159.0
2458711.72833 18.929 0.104 6.98 1071.0
2458712.50541 19.122 0.093 7.07 609.0
2458712.62323 18.865 0.059 6.54 468.0
2458713.48989 18.811 0.053 6.84 386.0
2458713.61591 18.984 0.055 5.21 440.0
2458713.73145 18.854 0.062 6.42 528.0
2458714.49212 19.028 0.069 6.93 392.0
2458714.63120 19.029 0.060 4.71 1081.0
2458715.50782 19.067 0.055 5.70 358.0
2458715.64735 18.980 0.040 4.61 351.0
2458716.50559 18.883 0.036 4.35 331.0
2458716.72505 18.941 0.047 4.99 486.0
2458717.49098 19.190 0.075 6.72 365.0
2458717.62786 19.011 0.061 6.82 351.0
2458718.50641 18.920 0.040 4.51 363.0
2458718.64257 19.019 0.042 4.57 346.0
2458719.48818 18.855 0.061 7.14 391.0
2458719.57931 18.882 0.041 4.81 370.0
2458719.68795 18.931 0.053 6.72 393.0
2458721.49821 19.006 0.045 5.29 337.0
2458721.68535 18.953 0.044 4.90 361.0
2458722.49299 19.065 0.046 4.72 384.0
2458722.69422 18.965 0.051 6.06 330.0
2458723.59850 19.051 0.047 4.72 426.0
2458723.63867 18.958 0.044 4.82 406.0
2458724.50240 18.952 0.046 5.29 363.0
2458724.63913 18.931 0.035 4.20 344.0
2458725.50661 19.032 0.055 5.12 439.0
2458725.59212 19.039 0.048 5.38 334.0
2458726.58050 18.965 0.049 5.89 325.0
2458726.63353 19.054 0.044 4.75 290.0
2458727.53066 19.019 0.059 5.95 385.0
2458727.61476 19.268 0.081 6.06 434.0
2458728.59557 18.958 0.041 4.54 377.0
2458728.63489 19.020 0.047 4.43 367.0
2458729.49632 19.046 0.058 6.11 352.0
2458729.63366 18.914 0.045 4.93 385.0
2458730.58070 19.017 0.056 6.26 356.0
2458730.62050 19.247 0.065 5.89 350.0
2458731.52995 19.045 0.073 7.65 379.0
2458731.59848 18.946 0.067 7.15 404.0
2458736.60746 18.963 0.080 6.71 634.0
2458738.58797 19.108 0.079 5.74 664.0
2458739.50261 19.030 0.075 6.82 539.0
2458740.54591 19.283 0.090 6.21 563.0
2458741.59985 19.003 0.063 5.87 539.0
2458742.59839 18.899 0.058 5.44 560.0
2458746.58552 19.078 0.075 7.67 374.0
2458747.54266 18.993 0.058 6.71 333.0
2458748.58559 18.826 0.067 7.46 447.0
2458750.58417 18.932 0.051 5.70 406.0
2458752.58590 18.846 0.052 6.46 404.0
2458753.60128 18.828 0.056 6.37 427.0
2458754.58456 19.096 0.067 6.22 459.0
2458755.58738 19.011 0.047 4.26 404.0
2458757.57502 18.904 0.058 6.89 384.0
2458759.59936 18.966 0.076 7.16 483.0
2458763.56024 18.936 0.066 5.61 664.0
2458766.58299 19.000 0.106 7.78 890.0
2458768.57420 19.180 0.094 6.13 737.0
2458782.54879 19.001 0.065 5.77 591.0
2458783.51675 18.956 0.058 5.61 496.0
2458783.55192 18.833 0.060 6.67 500.0
2458900.89583 19.061 0.082 4.90 1219.0
2458901.89128 18.861 0.053 5.64 526.0
2458902.89126 18.910 0.044 4.59 450.0
2458903.88806 18.968 0.050 5.26 403.0
2458904.87769 19.018 0.047 5.04 314.0
2458905.87134 19.095 0.047 5.62 324.0
2458906.88519 18.917 0.042 5.45 348.0
2458907.88202 18.953 0.041 5.04 383.0
2458908.88434 19.078 0.055 5.93 377.0
2458911.83560 18.994 0.049 5.79 364.0
2458912.89628 19.024 0.051 5.47 425.0
2458914.88441 19.003 0.051 4.97 379.0
2458916.85760 19.050 0.057 4.87 499.0
2458918.81390 18.912 0.060 5.18 756.0
2458919.86285 19.113 0.064 5.48 565.0
2458920.91226 19.031 0.070 5.49 811.0
2459795.69143 18.985 0.053 6.18 358.0
2459796.63483 18.763 0.038 5.22 364.0
2459797.68289 19.132 0.062 5.71 444.0
2459804.65812 19.141 0.084 6.28 640.0
2459805.62454 18.946 0.048 4.72 493.0
2459806.62975 19.015 0.072 7.02 481.0
2459807.58503 19.147 0.052 5.18 338.0
2459808.57191 18.956 0.050 5.94 328.0
2459809.61713 19.130 0.062 6.57 319.0
2459810.70704 19.023 0.046 5.16 336.0
2459812.48337 19.098 0.086 7.10 449.0
2459813.66640 19.102 0.063 6.45 325.0
2459814.60515 19.129 0.059 6.69 339.0
2459815.68769 19.124 0.057 5.45 382.0
2459816.69331 19.091 0.052 5.37 340.0
2459818.52178 19.024 0.086 8.49 427.0
2459819.66249 19.126 0.050 5.25 478.0
2459821.52467 19.112 0.058 6.10 354.0
2459822.59632 18.899 0.059 7.19 374.0
2459824.59647 18.774 0.053 6.02 548.0
2459830.65533 19.010 0.115 8.08 936.0
2459832.51686 18.890 0.068 6.47 686.0
2459834.59635 18.867 0.062 6.38 643.0
2459835.65971 19.118 0.063 6.76 273.0
2459838.60600 18.957 0.054 6.07 442.0
2459841.51276 18.957 0.052 5.60 441.0
2459843.60168 18.869 0.059 6.83 442.0
2459845.53172 19.026 0.059 6.53 380.0
2459848.54559 18.901 0.062 6.92 484.0
2459850.61846 18.917 0.062 7.04 468.0
2459852.61297 18.877 0.052 5.75 507.0
2459859.57580 18.816 0.052 5.19 781.0
2459863.51380 19.064 0.078 6.61 623.0
2459866.56029 18.994 0.057 4.81 689.0
2459988.88336 18.988 0.061 5.42 758.0
2459997.83346 19.089 0.063 5.56 503.0
2460001.84612 18.908 0.047 5.27 482.0
2460005.84386 19.067 0.060 5.95 500.0
2460009.82311 18.893 0.058 5.17 704.0
2460013.86149 18.989 0.059 5.73 509.0
2460021.78472 19.005 0.049 5.55 386.0
2460024.77676 19.134 0.047 4.45 421.0
2460026.85471 18.942 0.045 5.43 368.0
2460029.76304 19.079 0.054 6.00 357.0
2460031.83044 19.031 0.045 4.70 392.0
2460033.90541 18.963 0.044 5.08 386.0
2460036.80007 18.927 0.045 5.23 415.0
2460038.91140 18.878 0.035 4.51 343.0
2460043.74503 18.818 0.048 4.66 806.0
2460048.90636 18.861 0.034 4.17 409.0
2460052.77891 19.150 0.053 5.50 371.0
2460054.90980 19.016 0.043 4.82 393.0
2460058.76212 18.977 0.052 5.82 413.0
2460060.75674 19.171 0.049 4.53 386.0
2460062.80348 19.032 0.039 4.46 355.0
2460066.71093 19.128 0.060 5.22 453.0
2460068.66484 18.870 0.065 6.04 730.0
2460075.91381 18.955 0.056 4.47 891.0
2460085.64399 19.052 0.083 7.74 447.0
2460089.62166 18.933 0.062 5.93 536.0
2460091.63005 18.968 0.065 5.85 547.0
2460092.94452 18.994 0.096 6.01 1246.0
2460095.89177 18.978 0.054 5.18 508.0
2460097.60201 19.081 0.080 5.44 775.0
2460098.65402 18.900 0.083 5.88 1088.0
2460098.79428 18.886 0.084 5.55 1301.0
2460098.84356 18.983 0.102 5.69 1646.0
2460105.56324 18.950 0.058 6.16 418.0
2460106.81144 18.882 0.046 5.55 411.0
2460108.68082 18.836 0.044 6.21 367.0
2460110.52862 18.900 0.068 6.45 655.0
2460111.75325 18.759 0.036 4.57 369.0
2460112.85597 18.615 0.037 4.93 504.0
2460114.78071 18.886 0.072 7.47 496.0
2460118.85327 18.460 0.035 5.30 494.0
2460120.73192 18.531 0.031 5.43 342.0
2460122.66836 18.276 0.032 6.11 393.0
2460124.51268 18.345 0.049 6.71 722.0
2460125.69476 18.359 0.040 5.84 692.0
2460130.63204 17.881 0.026 5.85 770.0
2460132.60003 17.636 0.022 6.50 656.0
2460134.68283 17.512 0.015 5.74 409.0
2460140.50126 17.929 0.027 6.63 420.0
2460141.77638 18.033 0.024 6.01 418.0
2460143.81545 18.110 0.027 6.23 412.0
2460149.67392 18.453 0.029 5.09 358.0
2460157.73018 18.750 0.052 4.36 1180.0
2460159.67402 18.744 0.052 5.84 608.0
2460161.65492 18.663 0.045 6.11 444.0
2460168.58485 18.890 0.044 5.21 390.0
2460170.58230 18.954 0.042 4.97 317.0
2460172.64687 18.879 0.051 6.26 412.0
2460177.66724 19.123 0.062 6.14 391.0
2460180.53487 18.897 0.055 5.68 517.0
2460186.54121 19.023 0.072 5.65 744.0
2460191.64362 18.891 0.080 7.47 627.0
2460202.53548 18.916 0.046 5.26 393.0
2460204.61919 19.039 0.062 6.04 479.0
2460212.62407 18.765 0.067 6.48 840.0
2460218.56033 19.155 0.093 7.03 604.0
2460225.58637 19.170 0.084 6.73 581.0
2460229.55755 18.823 0.070 7.24 584.0
2460243.52246 18.904 0.072 5.85 816.0
2460353.88985 19.097 0.099 6.58 880.0
2460365.87146 18.877 0.077 6.86 705.0
2460371.85307 19.017 0.058 4.94 581.0
2460378.84756 18.780 0.042 5.02 425.0
2460381.86969 19.044 0.055 5.00 432.0
