2457792.87770 18.670 0.063 6.96 775.0
2457793.88447 18.776 0.056 5.06 873.0
2457794.89148 18.835 0.087 6.18 1316.0
2457797.86414 18.845 0.074 6.34 905.0
2457799.85942 18.763 0.076 7.29 690.0
2457801.84668 18.809 0.075 6.42 818.0
2457802.89497 18.772 0.078 6.53 1077.0
2457808.87730 18.729 0.037 4.61 390.0
2457809.87208 18.752 0.052 6.27 426.0
2457810.86701 18.749 0.039 4.79 411.0
2457811.88609 18.875 0.052 5.72 358.0
2457813.81638 18.796 0.054 5.83 581.0
2457814.88878 18.691 0.033 4.08 393.0
2457816.81463 18.838 0.064 6.92 451.0
2457817.81105 18.770 0.044 4.99 510.0
2457817.90153 18.681 0.038 3.95 687.0
2457818.88762 18.798 0.038 4.43 404.0
2457819.87411 18.717 0.034 4.23 373.0
2457820.87682 18.707 0.035 4.31 428.0
2457821.87450 18.719 0.044 4.98 461.0
2457822.87024 18.817 0.045 4.87 459.0
2457823.85551 18.786 0.046 4.46 606.0
2457824.85160 18.781 0.059 5.89 636.0
2457825.84330 18.751 0.045 4.95 595.0
2457826.80161 18.805 0.060 5.56 722.0
2457826.89153 18.697 0.045 4.81 578.0
2457827.86655 18.831 0.043 4.21 491.0
2457828.83597 18.801 0.050 5.17 552.0
2457829.81729 18.802 0.082 6.91 721.0
2457830.82803 18.941 0.068 5.07 940.0
2457830.90971 18.769 0.053 4.38 1013.0
2457834.88326 18.808 0.060 5.56 628.0
2457835.85044 18.743 0.052 6.40 364.0
2457836.80319 18.764 0.063 7.71 363.0
2457836.91594 18.774 0.068 5.97 839.0
2457837.84817 18.774 0.041 5.18 324.0
2457838.78594 18.707 0.047 6.01 400.0
2457838.90513 18.728 0.036 4.60 366.0
2457839.85272 18.727 0.030 3.84 292.0
2457840.77764 18.798 0.049 6.11 346.0
2457840.89754 18.732 0.033 4.33 317.0
2457841.83593 18.839 0.048 5.63 327.0
2457842.75288 18.714 0.062 7.85 362.0
2457842.86111 18.802 0.048 5.71 355.0
2457843.78466 18.805 0.046 5.86 317.0
2457843.90341 18.789 0.040 5.21 299.0
2457844.82158 18.808 0.056 6.73 325.0
2457845.73030 18.805 0.057 6.72 380.0
2457845.84552 18.738 0.035 4.53 327.0
2457846.77634 18.731 0.039 5.16 319.0
2457846.88402 18.788 0.037 4.63 328.0
2457847.78683 18.731 0.039 4.93 335.0
2457847.90734 18.735 0.035 4.39 318.0
2457848.80044 18.739 0.037 4.90 304.0
2457848.92128 18.716 0.041 4.70 469.0
2457849.81359 18.773 0.033 4.03 330.0
2457850.71830 18.645 0.052 6.17 545.0
2457850.82625 18.752 0.039 4.84 356.0
2457851.73579 18.727 0.057 5.96 594.0
2457851.84383 18.695 0.041 5.01 418.0
2457852.84156 18.744 0.048 5.97 395.0
2457853.90593 18.775 0.054 6.27 425.0
2457854.76682 18.765 0.046 4.80 610.0
2457854.88808 18.826 0.045 4.44 502.0
2457855.79691 18.730 0.051 5.09 620.0
2457855.91937 18.853 0.049 4.27 639.0
2457856.80752 18.695 0.055 5.92 571.0
2457857.84438 18.864 0.091 7.30 847.0
2457857.90892 18.748 0.052 4.82 682.0
2457858.90950 18.639 0.043 4.88 557.0
2457862.76605 18.726 0.059 7.03 438.0
2457862.87785 18.761 0.053 6.22 423.0
2457863.83783 18.713 0.038 4.87 381.0
2457864.81473 18.784 0.031 3.90 335.0
2457865.67608 18.718 0.041 5.51 391.0
2457865.78344 18.690 0.032 4.04 349.0
2457865.92325 18.756 0.041 3.99 539.0
2457866.77991 18.783 0.035 4.13 349.0
2457866.91336 18.788 0.033 3.58 393.0
2457867.78364 18.759 0.036 4.63 327.0
2457867.91514 18.784 0.037 4.36 344.0
2457868.86277 18.733 0.062 7.41 397.0
2457869.73075 18.789 0.039 5.13 355.0
2457869.86058 18.742 0.033 3.92 352.0
2457870.74194 18.765 0.029 3.84 308.0
2457870.87204 18.775 0.033 3.72 321.0
2457871.75617 18.751 0.033 4.00 370.0
2457871.89723 18.835 0.037 3.88 371.0
2457872.75612 18.787 0.032 3.61 373.0
2457872.90464 18.768 0.033 3.49 383.0
2457873.73570 18.744 0.034 4.24 360.0
2457873.86705 18.719 0.036 4.22 385.0
2457874.69589 18.877 0.054 5.90 430.0
2457874.82456 18.832 0.050 5.64 349.0
2457874.93617 18.799 0.080 5.33 1399.0
2457875.90264 18.768 0.039 4.25 688.0
2457876.70799 18.735 0.045 5.58 473.0
2457876.84601 18.730 0.035 4.12 401.0
2457877.66983 18.774 0.043 5.30 478.0
2457877.79893 18.799 0.032 3.69 369.0
2457878.66203 18.801 0.047 5.34 594.0
2457878.83084 18.737 0.031 3.69 376.0
2457879.66407 18.685 0.055 7.13 538.0
2457879.77490 18.782 0.062 6.52 504.0
2457880.69615 18.791 0.064 7.01 489.0
2457880.81754 18.768 0.044 4.79 475.0
2457881.88626 18.679 0.055 5.96 524.0
2457882.76054 18.682 0.047 5.55 508.0
2457882.89265 18.868 0.051 4.60 598.0
2457889.93041 18.734 0.079 6.23 1051.0
2457890.81386 18.788 0.071 6.61 603.0
2457893.64557 18.874 0.071 7.62 451.0
2457893.76250 18.739 0.046 5.48 432.0
2457893.88368 18.761 0.040 4.70 419.0
2457894.62929 18.700 0.050 7.05 473.0
2457894.75539 18.734 0.032 4.17 343.0
2457894.86551 18.792 0.041 4.29 406.0
2457895.62622 18.820 0.052 6.05 540.0
2457897.67024 18.889 0.051 5.52 378.0
2457900.91713 18.829 0.063 6.79 428.0
2457901.60567 18.854 0.071 7.62 463.0
2457901.73492 18.739 0.040 5.11 455.0
2457902.59989 18.737 0.067 8.16 435.0
2457902.71480 18.808 0.039 4.87 339.0
2457902.83697 18.854 0.062 6.35 413.0
2457903.76480 18.766 0.060 7.38 335.0
2457903.88339 18.783 0.050 5.55 428.0
2457904.62529 18.760 0.049 6.21 392.0
2457904.74075 18.800 0.032 4.14 304.0
2457904.86304 18.691 0.034 4.31 361.0
2457905.59052 18.804 0.056 6.78 439.0
2457905.70879 18.716 0.030 3.75 316.0
2457905.83005 18.712 0.034 3.99 401.0
2457905.94290 18.803 0.058 4.60 929.0
2457906.64913 18.775 0.038 4.41 394.0
2457906.77959 18.745 0.036 3.99 403.0
2457906.88934 18.815 0.046 4.29 557.0
2457907.65858 18.865 0.050 4.88 548.0
2457907.75384 18.745 0.036 3.91 492.0
2457908.60373 18.737 0.060 6.36 628.0
2457908.72109 18.751 0.036 4.09 444.0
2457908.84172 18.758 0.039 4.46 394.0
2457908.93623 18.695 0.053 5.40 680.0
2457909.64452 18.748 0.042 4.61 498.0
2457909.76534 18.749 0.042 3.98 607.0
2457909.86826 18.805 0.039 3.81 524.0
2457910.56599 18.637 0.059 6.66 718.0
2457910.66020 18.799 0.045 4.53 499.0
2457910.79216 18.707 0.036 3.77 509.0
2457910.90984 18.736 0.043 4.70 557.0
2457911.62657 18.631 0.053 6.10 620.0
2457911.76038 18.746 0.076 7.27 621.0
2457917.60749 18.749 0.055 5.84 567.0
2457917.72410 18.802 0.041 4.02 510.0
2457917.83389 18.667 0.053 5.38 647.0
2457918.57614 18.728 0.055 7.03 698.0
2457922.58570 18.750 0.060 6.74 490.0
2457922.71643 18.808 0.051 5.71 389.0
2457923.58780 18.765 0.052 6.03 484.0
2457923.72475 18.678 0.057 6.94 395.0
2457923.83338 18.915 0.060 5.58 426.0
2457924.61756 18.730 0.042 5.46 372.0
2457924.74449 18.799 0.039 3.94 359.0
2457924.85196 18.743 0.039 4.07 467.0
2457925.64157 18.763 0.034 4.58 341.0
2457925.77779 18.720 0.041 5.25 338.0
2457925.89727 18.929 0.069 6.38 558.0
2457926.68080 18.708 0.040 5.43 331.0
2457926.81522 18.876 0.059 6.21 397.0
2457928.65694 18.773 0.047 5.72 381.0
2457932.69770 18.774 0.059 6.88 372.0
2457932.81862 18.727 0.046 5.57 384.0
2457933.67961 18.791 0.053 6.90 295.0
2457933.80628 18.664 0.055 7.33 339.0
2457934.50386 18.694 0.051 6.19 519.0
2457934.61064 18.754 0.044 5.64 359.0
2457934.73360 18.792 0.037 4.44 335.0
2457934.84151 18.773 0.052 6.27 341.0
2457935.59168 18.783 0.042 5.22 376.0
2457935.71411 18.802 0.039 4.36 318.0
2457935.82330 18.730 0.032 4.07 306.0
2457935.88784 18.862 0.043 4.65 386.0
2457936.57489 18.820 0.046 5.48 367.0
2457936.71088 18.714 0.038 5.06 319.0
2457936.83077 18.798 0.048 5.87 307.0
2457937.51627 18.765 0.053 5.95 555.0
2457937.62695 18.799 0.042 5.17 361.0
2457937.75907 18.877 0.052 5.71 362.0
2457938.53957 18.715 0.056 6.00 546.0
2457938.65705 18.873 0.068 7.00 465.0
2457944.50853 18.791 0.071 6.10 838.0
2457944.54921 18.824 0.057 5.07 775.0
2457944.60061 18.775 0.055 5.16 686.0
2457944.64991 18.719 0.045 4.30 681.0
2457944.71122 18.717 0.049 4.62 637.0
2457944.75949 18.742 0.051 4.82 657.0
2457944.81170 18.683 0.073 6.68 821.0
2457944.84224 18.681 0.107 7.48 1468.0
2457945.54799 18.677 0.047 5.28 566.0
2457945.65949 18.774 0.042 4.48 448.0
2457945.77045 18.748 0.040 4.28 541.0
2457946.48331 18.757 0.053 6.66 399.0
2457946.60282 18.761 0.047 5.34 445.0
2457946.73195 18.762 0.047 5.41 424.0
2457946.84011 18.927 0.072 6.18 575.0
2457947.58600 18.733 0.043 5.46 375.0
2457947.74682 18.919 0.065 6.35 417.0
2457948.48212 18.729 0.055 7.05 399.0
2457948.60689 18.744 0.035 4.57 340.0
2457948.74524 18.735 0.040 4.63 433.0
2457948.84726 18.834 0.061 6.04 550.0
2457949.65033 18.771 0.052 5.89 435.0
2457952.67513 18.729 0.038 4.79 326.0
2457952.79846 18.890 0.061 6.66 335.0
2457953.56824 18.762 0.041 5.32 328.0
2457953.69917 18.743 0.037 5.04 260.0
2457953.81684 18.739 0.046 5.79 366.0
2457954.57457 18.780 0.034 4.07 317.0
2457954.73233 18.710 0.035 4.52 404.0
2457955.77543 18.660 0.036 4.89 312.0
2457956.57022 18.797 0.038 4.72 339.0
2457956.70322 18.745 0.039 4.81 316.0
2457957.54382 18.792 0.052 6.11 378.0
2457957.74588 18.779 0.046 6.17 327.0
2457958.63981 18.854 0.057 6.67 316.0
2457958.75346 18.726 0.042 5.50 309.0
2457959.50129 18.757 0.039 5.12 362.0
2457959.61594 18.786 0.035 4.40 314.0
2457959.73160 18.730 0.034 4.59 294.0
2457960.48773 18.808 0.055 6.51 392.0
2457960.62032 18.719 0.038 5.33 336.0
2457960.74115 18.833 0.046 5.62 346.0
2457961.57144 18.819 0.044 5.54 404.0
2457961.66594 18.849 0.041 4.85 347.0
2457962.50076 18.781 0.037 4.51 361.0
2457962.76349 18.868 0.046 5.28 442.0
2457964.56089 18.810 0.044 4.85 410.0
2457964.67588 18.659 0.043 5.40 453.0
2457965.65782 18.775 0.043 5.08 369.0
2457966.53077 18.773 0.063 6.93 434.0
2457966.61750 18.851 0.065 7.30 329.0
2457966.72880 18.702 0.050 6.47 352.0
2457967.65727 18.793 0.063 6.87 435.0
2457967.72522 18.756 0.055 6.17 463.0
2457971.50173 18.693 0.073 5.51 1292.0
2457971.54239 18.698 0.056 5.23 796.0
2457971.59222 18.732 0.061 5.69 686.0
2457971.63053 18.743 0.053 4.76 759.0
2457971.67960 18.794 0.058 4.59 899.0
2457971.72153 18.691 0.055 4.88 851.0
2457972.51387 18.737 0.072 6.31 705.0
2457972.55058 18.742 0.068 6.12 689.0
2457972.60307 18.773 0.059 5.22 641.0
2457972.64745 18.652 0.058 5.68 649.0
2457972.70983 18.650 0.053 4.99 764.0
2457972.74623 18.790 0.083 6.28 937.0
2457973.63517 18.675 0.053 5.63 621.0
2457974.50021 18.694 0.046 5.24 510.0
2457974.61573 18.805 0.050 5.07 486.0
2457974.72975 18.685 0.049 4.78 619.0
2457979.47732 18.765 0.042 4.83 482.0
2457979.61177 18.803 0.035 3.74 388.0
2457980.54758 18.753 0.053 6.09 430.0
2457980.66012 18.736 0.053 5.78 424.0
2457981.60143 18.795 0.040 4.44 368.0
2457982.49261 18.703 0.043 5.17 403.0
2457982.62273 18.720 0.048 5.89 356.0
2457983.55023 18.787 0.046 5.01 361.0
2457983.66220 18.851 0.039 4.92 318.0
2457984.57575 18.772 0.048 5.42 341.0
2457985.50407 18.825 0.063 6.70 420.0
2457985.62148 18.708 0.055 6.89 347.0
2457986.59886 18.682 0.035 4.68 328.0
2457987.51873 18.743 0.032 3.82 355.0
2457987.64808 18.780 0.033 3.79 365.0
2457990.57881 18.776 0.044 4.98 379.0
2457991.49649 18.773 0.043 5.04 398.0
2457991.62979 18.788 0.048 5.77 333.0
2457992.54584 18.810 0.038 4.34 354.0
2457993.48047 18.807 0.051 5.23 498.0
2457993.59316 18.731 0.042 5.40 340.0
2457994.52700 18.733 0.049 5.67 435.0
2457994.63813 18.837 0.053 5.67 416.0
2458000.48141 18.691 0.055 5.62 622.0
2458000.53583 18.915 0.078 6.95 516.0
2458000.57697 18.858 0.074 6.79 570.0
2458000.63288 18.812 0.063 5.68 696.0
2458001.56104 18.805 0.043 4.33 525.0
2458002.53184 18.773 0.101 6.32 1486.0
2458003.55284 18.740 0.071 6.94 534.0
2458004.56390 18.652 0.053 6.39 454.0
2458007.51680 18.745 0.054 6.27 413.0
2458008.53623 18.852 0.054 5.78 370.0
2458010.56657 18.848 0.053 5.68 410.0
2458012.50105 18.832 0.048 4.96 457.0
2458013.50519 18.813 0.040 4.23 420.0
2458014.52417 18.764 0.040 4.64 398.0
2458015.51197 18.756 0.062 7.24 399.0
2458016.52984 18.831 0.054 6.02 413.0
2458017.55480 18.826 0.043 4.75 416.0
2458019.48571 18.729 0.042 4.50 473.0
2458020.53286 18.777 0.048 5.07 408.0
2458026.51275 18.635 0.061 4.43 1635.0
2458026.55596 18.900 0.073 4.93 1214.0
2458030.48788 18.706 0.044 4.14 717.0
2458035.56523 18.711 0.055 5.90 499.0
2458037.54900 18.815 0.074 6.94 520.0
2458039.53335 18.775 0.058 6.10 475.0
2458041.50700 18.754 0.048 5.40 466.0
2458049.52856 18.832 0.041 4.05 700.0
2458056.50287 18.763 0.080 6.57 794.0
2458161.85812 18.777 0.058 6.89 566.0
2458162.86656 18.830 0.044 5.41 477.0
2458163.88845 18.699 0.054 5.26 889.0
2458164.87802 18.811 0.048 5.62 478.0
2458165.87529 18.624 0.038 5.02 475.0
2458166.85829 18.672 0.054 6.70 485.0
2458167.84266 18.755 0.051 6.11 500.0
2458167.88253 18.884 0.049 5.57 429.0
2458168.86365 18.632 0.043 5.76 432.0
2458169.84142 18.837 0.063 6.75 475.0
2458169.88643 18.888 0.056 5.57 475.0
2458170.86027 18.800 0.039 4.70 435.0
2458171.83508 18.798 0.050 5.47 516.0
2458171.86927 18.764 0.042 4.93 443.0
2458172.84062 18.797 0.044 5.47 461.0
2458172.87965 18.726 0.043 4.98 483.0
2458173.85040 18.777 0.044 5.25 566.0
2458173.89112 18.738 0.037 4.25 501.0
2458174.86127 18.846 0.046 4.55 568.0
2458174.90013 18.764 0.046 3.74 969.0
2458175.85991 18.788 0.042 5.13 438.0
2458175.89904 18.752 0.047 4.16 834.0
2458176.85293 18.815 0.043 4.69 483.0
2458176.89255 18.858 0.044 4.45 466.0
2458181.84598 18.666 0.044 4.88 688.0
2458181.88768 18.832 0.048 4.34 591.0
2458182.89643 18.698 0.039 4.02 564.0
2458183.90143 18.688 0.046 4.94 678.0
2458184.87004 18.696 0.048 4.98 601.0
2458185.82832 18.727 0.065 6.21 764.0
2458185.87817 18.710 0.057 5.74 653.0
2458189.78764 18.720 0.044 5.62 451.0
2458190.89781 18.659 0.033 4.34 368.0
2458191.88456 18.772 0.049 5.84 381.0
2458192.87489 18.701 0.043 5.40 390.0
2458193.85125 18.784 0.046 5.94 347.0
2458194.81403 18.667 0.043 5.91 362.0
2458195.78778 18.745 0.052 6.61 420.0
2458195.90646 18.696 0.032 3.87 400.0
2458196.87398 18.710 0.041 5.20 340.0
2458197.81759 18.696 0.038 5.21 379.0
2458198.77405 18.813 0.039 5.06 401.0
2458198.88999 18.774 0.041 4.49 442.0
2458199.82628 18.777 0.042 5.21 361.0
2458200.81622 18.799 0.041 5.14 398.0
2458201.76036 18.796 0.073 8.02 467.0
2458201.86669 18.841 0.045 5.31 343.0
2458202.79424 18.775 0.043 5.22 438.0
2458202.91071 18.778 0.037 4.08 439.0
2458203.84334 18.758 0.034 4.20 371.0
2458204.77505 18.798 0.052 5.91 497.0
2458204.89083 18.821 0.041 4.96 344.0
2458205.82036 18.786 0.052 6.17 404.0
2458206.75607 18.762 0.050 5.78 623.0
2458206.86254 18.779 0.033 3.83 401.0
2458207.78240 18.800 0.045 4.89 588.0
2458207.88980 18.777 0.034 3.84 421.0
2458208.80921 18.724 0.040 4.15 667.0
2458209.73298 18.816 0.065 6.31 846.0
2458209.83743 18.827 0.046 4.69 568.0
2458210.74138 18.748 0.062 6.13 789.0
2458210.85027 18.815 0.041 3.99 559.0
2458211.75706 18.686 0.048 5.44 655.0
2458211.86393 18.771 0.039 4.06 554.0
2458212.76408 18.784 0.052 5.08 742.0
2458212.85714 18.809 0.039 3.54 613.0
2458217.80544 18.805 0.052 6.11 421.0
2458220.73058 18.817 0.058 7.46 349.0
2458220.82460 18.840 0.044 5.52 307.0
2458221.74614 18.697 0.047 6.54 325.0
2458221.85795 18.755 0.035 4.31 334.0
2458222.74875 18.775 0.033 4.27 334.0
2458222.88978 18.826 0.044 4.70 380.0
2458223.86364 18.629 0.037 5.02 353.0
2458224.74322 18.722 0.044 5.33 411.0
2458224.88027 18.709 0.034 4.35 383.0
2458226.81361 18.880 0.060 6.69 354.0
2458227.69834 18.775 0.052 6.49 392.0
2458227.83839 18.743 0.032 3.94 314.0
2458228.74943 18.741 0.040 5.37 375.0
2458228.89264 18.746 0.033 4.29 319.0
2458229.77793 18.854 0.035 4.36 315.0
2458229.89370 18.786 0.034 4.19 346.0
2458230.76346 18.770 0.039 5.22 359.0
2458230.89922 18.803 0.033 4.05 324.0
2458232.90187 18.823 0.040 4.43 352.0
2458233.84903 18.732 0.032 4.32 345.0
2458236.71562 18.759 0.043 4.43 609.0
2458238.71171 18.724 0.057 5.59 801.0
2458238.83056 18.828 0.046 4.23 672.0
2458244.68616 18.692 0.047 5.76 516.0
2458244.80673 18.760 0.039 4.26 500.0
2458245.74126 18.740 0.054 5.81 525.0
2458245.85247 18.880 0.067 5.95 575.0
2458246.70937 18.738 0.048 5.89 416.0
2458246.82629 18.764 0.044 4.82 489.0
2458247.74121 18.801 0.040 4.79 384.0
2458247.87203 18.723 0.050 5.59 515.0
2458248.74246 18.732 0.050 6.08 410.0
2458249.70886 18.807 0.055 6.54 391.0
2458249.82103 18.748 0.040 5.08 386.0
2458250.64836 18.695 0.036 5.46 370.0
2458250.76352 18.742 0.029 4.04 336.0
2458250.89558 18.686 0.032 3.94 390.0
2458251.68745 18.728 0.051 6.63 364.0
2458251.81662 18.782 0.052 6.27 405.0
2458251.94144 18.809 0.076 4.78 1497.0
2458253.63494 18.727 0.052 6.84 417.0
2458253.74481 18.778 0.036 4.56 358.0
2458254.63086 18.891 0.046 5.17 463.0
2458254.76165 18.851 0.033 3.61 387.0
2458254.91230 18.744 0.031 3.36 452.0
2458255.70525 18.715 0.040 5.20 346.0
2458255.85941 18.786 0.042 4.55 409.0
2458256.63658 18.935 0.066 6.87 411.0
2458256.75840 18.774 0.045 5.32 374.0
2458256.88816 18.836 0.043 4.48 453.0
2458257.69779 18.828 0.044 5.22 361.0
2458257.81052 18.694 0.043 5.79 355.0
2458258.65611 18.680 0.037 5.46 355.0
2458258.79921 18.765 0.035 4.09 332.0
2458258.93067 18.675 0.030 3.48 487.0
2458259.76338 18.844 0.043 4.76 422.0
2458259.88793 18.794 0.047 4.81 503.0
2458260.75278 18.646 0.028 3.55 429.0
2458261.67468 18.656 0.038 4.17 430.0
2458261.83160 18.742 0.036 4.30 353.0
2458262.66113 18.745 0.039 4.97 375.0
2458262.77762 18.776 0.033 4.11 337.0
2458263.70227 18.749 0.033 4.13 411.0
2458263.83479 18.800 0.028 3.42 287.0
2458264.71610 18.777 0.036 3.80 532.0
2458264.83667 18.733 0.038 3.83 553.0
2458265.61365 18.653 0.056 5.91 702.0
2458265.73049 18.800 0.042 4.39 531.0
2458265.88104 18.808 0.044 4.17 566.0
2458266.73424 18.734 0.050 5.19 620.0
2458272.72155 18.789 0.045 4.87 469.0
2458272.83824 18.691 0.043 4.71 508.0
2458272.94391 18.861 0.075 5.40 983.0
2458273.69138 18.715 0.033 3.96 378.0
2458273.82730 18.926 0.049 4.81 415.0
2458273.91714 18.764 0.044 4.99 453.0
2458274.66962 18.700 0.049 6.37 368.0
2458274.79702 18.807 0.048 5.15 456.0
2458274.91219 18.894 0.083 6.79 736.0
2458275.67135 18.981 0.049 5.02 354.0
2458275.80654 18.886 0.041 3.95 432.0
2458275.92333 18.658 0.048 5.18 653.0
2458276.66802 18.819 0.039 4.81 338.0
2458276.79599 18.785 0.035 4.04 367.0
2458277.59999 18.720 0.043 5.31 422.0
2458277.73398 18.773 0.035 4.61 308.0
2458277.85034 18.701 0.036 4.26 421.0
2458278.55080 18.702 0.048 6.21 495.0
2458278.68530 18.947 0.048 5.03 472.0
2458282.56782 18.906 0.053 5.59 411.0
2458282.69055 18.729 0.030 4.21 284.0
2458282.83238 18.758 0.037 4.50 364.0
2458283.54153 18.669 0.052 6.56 467.0
2458283.64257 18.767 0.043 5.47 336.0
2458283.77805 18.710 0.032 4.04 366.0
2458283.89077 18.848 0.054 5.72 446.0
2458284.61301 18.767 0.041 5.51 320.0
2458284.74705 18.812 0.036 4.71 300.0
2458284.85876 18.705 0.041 5.10 367.0
2458285.76141 18.712 0.042 5.37 337.0
2458286.57978 18.851 0.040 5.14 299.0
2458286.71480 18.704 0.032 4.36 278.0
2458286.85502 18.754 0.034 4.02 343.0
2458287.56751 18.786 0.041 5.20 350.0
2458287.70591 18.693 0.039 6.12 277.0
2458287.84790 18.784 0.031 3.95 292.0
2458288.54352 18.744 0.043 5.65 386.0
2458288.66987 18.761 0.032 4.33 287.0
2458288.80758 18.711 0.035 4.55 309.0
2458289.53994 18.838 0.053 6.26 473.0
2458289.66672 18.758 0.032 4.16 334.0
2458289.81178 18.713 0.042 5.29 354.0
2458290.53282 18.813 0.057 5.79 632.0
2458290.66789 18.845 0.042 4.60 384.0
2458290.80826 18.713 0.043 5.21 406.0
2458291.57587 18.819 0.052 5.21 776.0
2458291.72428 18.700 0.038 4.02 501.0
2458291.85803 18.674 0.040 4.74 443.0
2458292.58713 18.788 0.059 6.39 431.0
2458292.71812 18.756 0.047 4.88 499.0
2458292.86850 18.755 0.043 4.63 476.0
2458293.59350 18.709 0.056 6.16 521.0
2458293.73716 18.722 0.049 5.53 497.0
2458294.62038 18.677 0.073 7.39 622.0
2458294.77311 18.728 0.073 7.43 688.0
2458299.52851 18.801 0.083 6.47 1074.0
2458301.60046 18.993 0.094 7.71 550.0
2458301.71056 18.718 0.065 7.51 551.0
2458301.83539 18.902 0.089 7.47 734.0
2458303.64051 18.713 0.061 7.85 358.0
2458304.61801 18.907 0.074 7.55 399.0
2458304.74091 18.834 0.072 7.25 476.0
2458305.64498 18.845 0.058 7.22 326.0
2458305.76562 18.700 0.054 6.90 381.0
2458306.67242 18.683 0.054 6.97 369.0
2458306.76135 18.673 0.054 7.07 381.0
2458307.48437 18.759 0.059 6.77 539.0
2458307.59053 18.829 0.040 4.88 391.0
2458307.71546 18.776 0.038 4.78 335.0
2458307.83576 18.773 0.051 5.87 436.0
2458308.54958 18.694 0.037 5.52 296.0
2458308.66977 18.773 0.035 4.36 280.0
2458308.78978 18.805 0.054 5.71 435.0
2458309.52398 18.785 0.041 5.79 355.0
2458309.66529 18.674 0.031 4.04 309.0
2458309.76831 18.772 0.035 3.99 366.0
2458310.48859 18.801 0.052 5.86 414.0
2458310.57953 18.768 0.043 5.43 384.0
2458310.66943 18.800 0.039 4.74 375.0
2458310.76288 18.854 0.045 5.39 364.0
2458311.50216 18.582 0.051 7.46 376.0
2458311.61476 18.709 0.038 5.53 302.0
2458311.74589 18.809 0.039 4.35 365.0
2458312.47038 18.800 0.073 7.15 649.0
2458312.58433 18.813 0.042 5.38 334.0
2458312.72515 18.774 0.034 4.29 308.0
2458313.47880 18.848 0.049 5.54 509.0
2458313.58304 18.767 0.031 4.37 293.0
2458313.70548 18.730 0.032 3.81 336.0
2458313.81428 18.754 0.037 3.92 439.0
2458314.55016 18.748 0.041 5.03 394.0
2458314.67176 18.747 0.035 4.13 362.0
2458314.78977 18.852 0.043 5.02 338.0
2458316.54919 18.723 0.052 6.49 412.0
2458316.66569 18.796 0.049 5.86 344.0
2458320.48920 18.806 0.047 5.41 492.0
2458320.60866 18.749 0.041 5.49 401.0
2458320.73068 18.771 0.039 4.94 352.0
2458321.52253 18.707 0.049 5.12 598.0
2458328.48692 18.703 0.062 6.05 665.0
2458328.59998 18.844 0.053 5.09 581.0
2458328.71263 18.749 0.056 5.35 670.0
2458329.51123 18.728 0.051 5.54 510.0
2458329.62309 18.754 0.053 5.81 533.0
2458329.73145 18.747 0.041 4.14 566.0
2458330.54296 18.788 0.039 4.77 459.0
2458331.52799 18.714 0.031 4.15 323.0
2458331.65140 18.843 0.041 4.84 381.0
2458332.52851 18.807 0.043 4.91 405.0
2458332.65264 18.681 0.041 4.96 448.0
2458333.50988 18.725 0.043 5.21 449.0
2458333.64361 18.758 0.032 4.05 324.0
2458334.55276 18.716 0.035 4.40 417.0
2458334.67610 18.811 0.037 4.34 350.0
2458335.68808 18.613 0.042 6.05 350.0
2458336.57150 18.746 0.032 4.40 290.0
2458336.74514 18.762 0.040 4.80 356.0
2458338.57521 18.747 0.044 5.78 360.0
2458339.47446 18.790 0.045 4.89 489.0
2458339.61414 18.774 0.031 3.98 273.0
2458340.51215 18.831 0.040 4.36 358.0
2458340.72984 18.771 0.039 5.00 311.0
2458341.58732 18.779 0.035 4.19 318.0
2458342.49402 18.773 0.047 5.62 377.0
2458342.65310 18.706 0.044 5.50 363.0
2458344.50745 18.746 0.041 4.87 396.0
2458344.63845 18.852 0.047 5.16 381.0
2458345.54022 18.703 0.048 5.66 445.0
2458345.70657 18.793 0.033 3.95 299.0
2458346.58806 18.751 0.038 4.63 308.0
2458347.49246 18.722 0.042 5.40 329.0
2458347.62880 18.858 0.039 4.33 303.0
2458348.55257 18.801 0.057 5.54 425.0
2458349.51820 18.741 0.062 6.94 425.0
2458349.72615 18.688 0.060 5.52 954.0
2458355.52761 18.903 0.055 5.06 536.0
2458355.69216 18.673 0.051 5.55 689.0
2458356.66009 18.742 0.039 3.98 582.0
2458357.56669 18.781 0.037 3.49 499.0
2458358.53545 18.854 0.054 5.12 505.0
2458358.69920 18.753 0.058 5.73 599.0
2458359.60335 18.740 0.044 4.66 487.0
2458360.54822 18.835 0.053 5.57 408.0
2458360.68140 18.746 0.066 6.49 603.0
2458363.53050 18.797 0.046 5.35 390.0
2458364.48553 18.831 0.046 5.03 451.0
2458364.64498 18.744 0.030 4.31 318.0
2458366.56090 18.770 0.035 3.99 337.0
2458367.57143 18.820 0.033 3.58 343.0
2458368.52512 18.737 0.036 4.18 353.0
2458369.48302 18.658 0.042 4.66 451.0
2458369.64350 18.752 0.039 4.54 381.0
2458370.63757 18.767 0.041 4.65 395.0
2458371.58889 18.758 0.040 4.96 336.0
2458372.55987 18.817 0.039 4.18 353.0
2458373.53900 18.797 0.051 5.56 351.0
2458375.56936 18.920 0.058 6.02 368.0
2458376.50126 18.900 0.067 6.82 400.0
2458376.62833 18.737 0.060 7.10 408.0
2458377.56046 18.688 0.052 5.38 738.0
2458382.51803 18.780 0.038 3.59 552.0
2458382.62559 18.782 0.042 3.60 682.0
2458383.56471 18.846 0.067 5.91 622.0
2458384.51522 18.712 0.048 4.58 591.0
2458384.60751 18.697 0.048 4.58 673.0
2458385.53824 18.715 0.032 3.11 552.0
2458385.62901 18.741 0.039 4.02 671.0
2458387.53979 18.633 0.056 4.38 1184.0
2458392.52015 18.676 0.056 6.59 436.0
2458393.50477 18.809 0.054 6.28 368.0
2458393.59658 18.694 0.059 7.14 397.0
2458394.57332 18.721 0.045 5.39 352.0
2458398.52060 18.708 0.045 5.49 387.0
2458401.52050 18.709 0.051 6.09 442.0
2458404.55448 18.639 0.057 6.59 543.0
2458409.57138 18.726 0.081 7.57 750.0
2458411.56439 18.807 0.077 6.38 793.0
2458413.55777 18.993 0.085 5.72 880.0
2458415.51445 18.846 0.094 7.02 833.0
2458418.53214 18.715 0.073 7.50 559.0
2458423.51930 18.985 0.089 7.50 563.0
2458425.52239 18.747 0.052 5.34 518.0
2458530.87239 18.795 0.041 4.72 420.0
2458532.87341 18.674 0.049 5.90 581.0
2458534.87230 18.748 0.053 5.44 669.0
2458535.87754 18.595 0.052 6.17 613.0
2458536.86490 18.633 0.043 4.84 612.0
2458537.85238 18.745 0.054 6.16 506.0
2458538.88394 18.799 0.047 5.68 507.0
2458539.86373 18.824 0.046 4.91 524.0
2458540.84628 18.782 0.068 5.11 1133.0
2458540.88652 18.671 0.051 4.64 867.0
2458544.88692 18.781 0.035 4.97 350.0
2458546.86436 18.716 0.040 5.27 362.0
2458546.90417 18.739 0.048 4.87 734.0
2458547.87387 18.733 0.035 4.54 362.0
2458548.81970 18.791 0.041 4.73 473.0
2458548.87765 18.720 0.034 4.13 439.0
2458549.81518 18.739 0.051 6.40 398.0
2458549.86538 18.838 0.043 5.44 373.0
2458550.82890 18.740 0.038 4.85 360.0
2458550.87805 18.717 0.034 4.77 361.0
2458551.83916 18.739 0.054 7.13 361.0
2458551.88795 18.893 0.058 6.26 359.0
2458552.86031 18.843 0.054 6.51 359.0
2458552.90909 18.628 0.072 6.97 966.0
2458553.84260 18.763 0.058 7.07 397.0
2458554.81209 18.714 0.048 6.14 408.0
2458554.86371 18.766 0.036 4.64 375.0
2458554.90382 18.687 0.042 5.78 439.0
2458555.82489 18.790 0.038 5.02 374.0
2458555.87239 18.729 0.034 4.31 375.0
2458556.79632 18.724 0.043 5.30 389.0
2458556.83637 18.776 0.042 5.26 356.0
2458556.88662 18.895 0.042 5.17 370.0
2458557.79800 18.708 0.052 6.57 382.0
2458557.85367 18.789 0.039 5.00 354.0
2458557.89600 18.742 0.040 5.13 367.0
2458558.80681 18.788 0.042 5.18 408.0
2458558.84627 18.818 0.042 5.00 391.0
2458558.89550 18.642 0.037 5.45 365.0
2458559.79061 18.658 0.042 5.66 402.0
2458559.84029 18.713 0.034 4.38 349.0
2458559.88063 18.747 0.032 3.92 346.0
2458560.80035 18.883 0.042 4.35 524.0
2458560.84010 18.850 0.037 4.18 371.0
2458560.88902 18.764 0.033 4.09 388.0
2458561.79416 18.802 0.057 5.96 591.0
2458561.84638 18.792 0.049 5.23 495.0
2458561.88557 18.673 0.047 6.02 387.0
2458562.79092 18.658 0.056 6.29 660.0
2458562.83220 18.797 0.064 6.37 662.0
2458562.88822 18.738 0.048 5.17 569.0
2458563.77281 18.822 0.061 5.47 846.0
2458563.82836 18.768 0.043 4.00 684.0
2458563.86818 18.747 0.039 3.90 603.0
2458564.76933 18.769 0.051 5.08 699.0
2458564.81553 18.611 0.037 4.54 577.0
2458564.86709 18.864 0.042 3.94 563.0
2458564.90762 18.718 0.043 4.66 608.0
2458565.82466 18.883 0.053 5.33 591.0
2458565.86455 18.704 0.045 5.08 557.0
2458566.77618 18.728 0.046 5.06 657.0
2458566.82464 18.787 0.043 4.55 590.0
2458566.87583 18.787 0.039 4.19 513.0
2458567.76818 18.750 0.047 4.65 761.0
2458567.83827 18.745 0.041 4.52 582.0
2458567.88667 18.891 0.053 5.22 539.0
2458573.86087 18.799 0.070 8.04 398.0
2458573.90986 18.867 0.051 5.74 399.0
2458574.74235 18.696 0.046 6.41 372.0
2458574.86108 18.785 0.044 6.33 327.0
2458574.90141 18.702 0.040 5.68 329.0
2458575.75549 18.742 0.050 6.48 380.0
2458575.79475 18.863 0.051 6.10 350.0
2458575.84299 18.836 0.057 6.72 355.0
2458575.88210 18.727 0.042 5.50 356.0
2458576.77216 18.724 0.045 6.42 357.0
2458576.80805 18.827 0.052 6.56 365.0
2458576.85616 18.690 0.048 7.05 338.0
2458576.89564 18.792 0.055 7.25 326.0
2458577.73174 18.904 0.065 6.79 458.0
2458577.81361 18.789 0.067 7.52 435.0
2458577.89206 18.778 0.051 5.96 463.0
2458578.71915 18.859 0.055 6.25 425.0
2458578.76303 18.812 0.044 5.24 370.0
2458578.80248 18.658 0.038 5.03 403.0
2458578.86935 18.772 0.042 5.21 413.0
2458578.91195 18.700 0.045 6.09 386.0
2458579.74083 18.683 0.043 5.62 446.0
2458579.78041 18.822 0.048 5.44 469.0
2458579.82576 18.690 0.049 6.05 485.0
2458579.87830 18.722 0.045 5.32 475.0
2458580.71952 18.756 0.052 6.34 455.0
2458580.75212 18.773 0.046 5.75 403.0
2458580.80662 18.803 0.043 5.49 380.0
2458580.84611 18.821 0.045 5.53 396.0
2458580.91202 18.745 0.037 4.41 410.0
2458581.73978 18.816 0.041 5.60 396.0
2458581.83802 18.712 0.035 4.64 359.0
2458582.71921 18.829 0.046 6.24 361.0
2458582.79139 18.706 0.040 5.78 377.0
2458582.91296 18.824 0.037 3.93 432.0
2458583.74210 18.716 0.038 5.61 372.0
2458583.85193 18.692 0.032 4.54 384.0
2458584.72473 18.851 0.049 5.77 405.0
2458584.81915 18.747 0.035 4.94 340.0
2458585.71418 18.700 0.042 5.96 399.0
2458585.78393 18.788 0.042 5.94 371.0
2458585.91010 18.793 0.033 3.61 389.0
2458586.72193 18.696 0.042 6.28 367.0
2458586.82678 18.825 0.037 4.49 316.0
2458587.69722 18.804 0.066 7.31 524.0
2458587.76114 18.721 0.043 6.06 380.0
2458587.90399 18.754 0.039 4.72 390.0
2458588.71989 18.718 0.043 6.14 469.0
2458588.83205 18.687 0.026 3.71 315.0
2458589.70598 18.645 0.043 5.01 642.0
2458589.77688 18.763 0.039 4.38 497.0
2458589.90801 18.779 0.035 3.93 368.0
2458590.71825 18.732 0.045 5.29 640.0
2458590.82187 18.737 0.033 3.90 494.0
2458591.70250 18.634 0.046 5.58 762.0
2458591.77381 18.788 0.046 5.23 611.0
2458591.92701 18.817 0.061 4.70 921.0
2458592.81937 18.856 0.054 5.27 677.0
2458593.68285 18.746 0.081 6.76 1175.0
2458593.79924 18.810 0.068 5.51 1202.0
2458594.68244 19.004 0.076 5.46 940.0
2458594.73225 18.750 0.052 5.18 699.0
2458594.84801 18.729 0.041 4.24 651.0
2458595.69858 18.673 0.089 6.67 1371.0
2458595.78087 18.735 0.100 6.86 1633.0
2458595.92888 18.792 0.068 5.30 984.0
2458599.72047 18.868 0.055 5.69 494.0
2458599.77655 18.836 0.051 5.91 440.0
2458599.83192 18.703 0.036 4.78 415.0
2458599.91072 18.849 0.041 4.45 423.0
2458600.67787 18.669 0.049 6.38 405.0
2458600.79461 18.789 0.039 4.79 374.0
2458600.93491 18.851 0.053 3.84 1051.0
2458601.72798 18.766 0.039 5.42 403.0
2458601.92274 18.658 0.032 3.63 471.0
2458602.71976 18.756 0.032 4.55 325.0
2458602.88812 18.740 0.033 3.50 382.0
2458603.68715 18.683 0.043 6.36 364.0
2458603.81910 18.816 0.032 3.89 446.0
2458604.69289 18.626 0.044 6.64 381.0
2458604.81047 18.788 0.042 5.24 343.0
2458605.65810 18.951 0.065 7.22 410.0
2458605.75505 18.755 0.052 6.60 378.0
2458605.92024 18.762 0.038 4.23 401.0
2458606.70882 18.854 0.039 4.39 356.0
2458606.86250 18.730 0.030 3.57 371.0
2458607.67451 18.808 0.043 5.68 403.0
2458607.79256 18.754 0.036 4.39 398.0
2458607.91806 18.789 0.037 4.16 432.0
2458608.69436 18.648 0.043 6.23 472.0
2458608.89855 18.771 0.039 4.50 429.0
2458612.74650 18.708 0.046 6.08 323.0
2458612.87012 18.777 0.048 5.56 401.0
2458613.64828 18.771 0.066 7.66 432.0
2458613.75325 18.782 0.040 4.84 364.0
2458613.90578 18.753 0.038 4.18 498.0
2458614.66982 18.817 0.056 6.14 462.0
2458614.81011 18.833 0.053 5.62 436.0
2458615.64879 18.740 0.050 6.72 407.0
2458615.75612 18.801 0.038 4.61 352.0
2458615.91700 18.766 0.050 5.89 392.0
2458616.68204 18.824 0.044 5.19 465.0
2458616.82909 18.749 0.031 3.53 388.0
2458617.64256 18.781 0.043 5.09 499.0
2458617.72443 18.745 0.034 4.24 445.0
2458617.90604 18.796 0.036 3.53 483.0
2458618.67500 18.742 0.050 6.09 508.0
2458618.81450 18.845 0.047 4.95 522.0
2458619.63210 18.624 0.061 7.20 605.0
2458619.71558 18.686 0.049 5.92 478.0
2458619.89625 18.814 0.042 5.14 351.0
2458620.66494 18.888 0.058 6.09 546.0
2458620.81126 18.709 0.041 4.60 512.0
2458621.67171 18.692 0.082 7.66 762.0
2458621.81915 18.722 0.051 4.46 798.0
2458626.65596 18.752 0.077 6.45 961.0
2458626.70624 18.753 0.084 6.20 1230.0
2458626.75901 18.740 0.057 4.92 832.0
2458626.82136 18.746 0.048 4.94 616.0
2458626.87116 18.808 0.052 4.65 675.0
2458626.92143 18.718 0.047 4.40 763.0
2458627.64960 18.728 0.049 5.65 836.0
2458627.71078 18.770 0.036 4.47 411.0
2458627.81528 18.731 0.036 4.22 502.0
2458635.69627 18.896 0.045 5.42 322.0
2458635.84395 18.794 0.044 5.00 399.0
2458636.57092 18.954 0.061 6.12 450.0
2458636.65609 18.695 0.038 5.10 352.0
2458636.80094 18.749 0.033 4.28 314.0
2458636.92303 18.691 0.042 5.42 475.0
2458637.61508 18.690 0.039 5.88 335.0
2458637.75918 18.722 0.036 4.51 370.0
2458637.88595 18.795 0.040 4.40 420.0
2458638.66457 18.801 0.038 5.71 338.0
2458638.85726 18.824 0.044 4.95 432.0
2458639.68452 18.697 0.030 4.29 367.0
2458639.91832 18.757 0.042 4.74 519.0
2458640.61868 18.857 0.049 6.34 354.0
2458640.77040 18.738 0.042 5.21 374.0
2458640.89537 18.824 0.050 5.33 466.0
2458641.65098 18.750 0.039 5.20 431.0
2458642.58262 18.752 0.048 5.83 485.0
2458642.83661 18.703 0.042 4.76 444.0
2458643.55040 18.948 0.070 7.68 469.0
2458643.63547 18.809 0.037 4.84 359.0
2458643.76977 18.837 0.034 4.06 335.0
2458643.87812 18.798 0.048 5.51 419.0
2458644.57326 18.735 0.044 5.45 477.0
2458644.67171 18.643 0.031 4.54 340.0
2458644.79713 18.862 0.055 5.98 414.0
2458644.90541 18.730 0.049 5.40 454.0
2458645.66572 18.709 0.051 6.09 508.0
2458646.60959 18.946 0.076 7.36 415.0
2458646.71656 18.605 0.045 6.28 394.0
2458646.82057 18.873 0.050 5.58 381.0
2458647.60636 18.641 0.048 5.99 528.0
2458647.67747 18.725 0.047 5.60 467.0
2458647.80006 18.733 0.052 5.95 480.0
2458648.60954 18.731 0.056 6.19 621.0
2458648.68211 18.699 0.046 5.35 523.0
2458648.80462 18.769 0.044 4.57 534.0
2458648.90699 18.709 0.062 6.99 505.0
2458649.62692 18.778 0.084 7.43 713.0
2458654.88726 18.798 0.043 3.89 801.0
2458655.63532 18.716 0.038 4.38 737.0
2458655.84076 18.691 0.049 5.34 690.0
2458656.64615 18.801 0.047 5.96 434.0
2458656.77344 18.734 0.043 5.49 457.0
2458656.88328 18.701 0.051 5.96 649.0
2458657.60724 18.727 0.039 5.31 327.0
2458657.71831 18.777 0.038 4.49 334.0
2458657.83771 18.712 0.035 4.46 387.0
2458658.54762 18.776 0.045 6.27 319.0
2458660.58763 18.784 0.046 5.94 317.0
2458660.86223 18.710 0.042 5.32 525.0
2458662.56330 18.995 0.069 6.87 407.0
2458662.81967 18.762 0.047 5.53 454.0
2458664.70533 18.699 0.029 4.38 260.0
2458666.50024 18.869 0.080 7.19 679.0
2458666.69181 18.794 0.039 5.26 293.0
2458667.57308 18.803 0.060 6.63 436.0
2458667.81308 18.785 0.039 5.23 357.0
2458668.66699 18.863 0.041 5.17 281.0
2458669.71831 18.854 0.038 4.68 327.0
2458670.51966 18.833 0.045 6.15 414.0
2458670.77993 18.785 0.032 4.06 305.0
2458673.64268 18.756 0.037 4.92 341.0
2458674.60167 18.711 0.052 6.77 355.0
2458674.84184 18.765 0.058 6.78 548.0
2458675.66288 18.752 0.035 3.95 447.0
2458676.52682 18.777 0.047 5.30 506.0
2458676.77592 18.716 0.046 5.08 528.0
2458676.84590 18.762 0.054 6.30 489.0
2458677.60508 18.802 0.059 5.74 624.0
2458681.53536 18.890 0.091 6.16 1175.0
2458681.76444 18.761 0.075 5.81 1070.0
2458682.52001 18.836 0.068 6.36 689.0
2458683.49267 18.935 0.076 7.47 473.0
2458683.57737 18.723 0.050 5.61 503.0
2458683.79974 18.664 0.046 5.17 526.0
2458684.54145 18.741 0.044 5.47 422.0
2458685.55606 18.821 0.046 5.40 433.0
2458688.58609 18.672 0.054 7.33 349.0
2458689.53165 18.857 0.065 6.98 392.0
2458689.77299 18.720 0.047 5.93 386.0
2458690.51879 18.856 0.056 6.06 406.0
2458690.73418 18.833 0.038 4.49 311.0
2458691.52728 18.696 0.028 4.11 309.0
2458691.78966 18.689 0.039 5.24 388.0
2458692.53416 18.876 0.047 5.15 520.0
2458692.78078 18.793 0.054 6.26 427.0
2458693.53157 18.822 0.053 6.42 332.0
2458694.52500 18.787 0.042 5.12 376.0
2458694.68285 18.726 0.028 3.64 348.0
2458695.52219 18.714 0.040 5.59 342.0
2458695.78881 18.744 0.037 4.95 362.0
2458697.78550 19.002 0.068 7.49 302.0
2458698.53660 18.791 0.040 4.95 311.0
2458699.68434 18.715 0.032 3.96 309.0
2458700.59514 18.741 0.036 4.59 337.0
2458701.73768 18.849 0.042 4.81 389.0
2458702.65159 18.713 0.042 5.50 339.0
2458704.68853 18.684 0.054 6.11 524.0
2458711.61395 18.845 0.048 4.76 553.0
2458711.74072 18.813 0.087 6.60 1035.0
2458712.66853 18.860 0.069 6.89 497.0
2458713.69866 18.740 0.045 5.25 452.0
2458715.72942 18.949 0.063 6.25 467.0
2458716.69395 18.755 0.037 5.04 365.0
2458717.71170 18.559 0.057 7.80 400.0
2458718.72665 18.835 0.049 5.32 480.0
2458719.65362 18.755 0.042 5.63 332.0
2458722.70829 18.731 0.039 6.08 284.0
2458723.69447 18.766 0.038 5.01 358.0
2458724.68872 18.743 0.050 6.32 413.0
2458725.69330 18.741 0.043 6.12 331.0
2458726.68012 18.858 0.044 5.12 313.0
2458727.67714 18.824 0.054 6.05 389.0
2458728.68272 18.741 0.037 4.69 332.0
2458729.68850 18.719 0.043 5.88 364.0
2458730.66874 18.668 0.042 5.92 323.0
2458736.66418 18.719 0.073 6.86 765.0
2458737.65757 18.911 0.082 6.78 722.0
2458738.64447 18.826 0.080 6.83 786.0
2458739.64045 18.854 0.068 6.03 636.0
2458740.60072 18.735 0.064 6.61 585.0
2458741.65151 18.616 0.049 5.96 582.0
2458742.64688 18.826 0.061 6.02 572.0
2458747.59463 18.804 0.050 6.48 311.0
2458752.59677 18.862 0.050 5.66 363.0
2458757.58283 18.713 0.051 6.60 358.0
2458763.56960 18.910 0.072 6.14 670.0
2458899.85558 18.715 0.050 6.59 425.0
2458900.86385 18.735 0.038 5.24 377.0
2458901.86553 18.710 0.035 4.92 357.0
2458902.86530 18.786 0.040 5.28 348.0
2458903.86247 18.838 0.055 6.33 422.0
2458904.85271 18.709 0.041 6.06 331.0
2458905.84712 18.773 0.038 5.22 358.0
2458906.86093 18.852 0.045 5.95 375.0
2458907.85785 18.751 0.041 5.37 429.0
2458908.85231 18.696 0.050 6.72 412.0
2458909.83041 18.705 0.042 6.03 360.0
2458909.86604 18.740 0.033 4.77 329.0
2458910.82629 18.803 0.062 7.56 385.0
2458910.88916 18.716 0.062 7.49 462.0
2458911.84304 18.784 0.042 5.76 375.0
2458911.87729 18.719 0.043 6.05 361.0
2458912.81496 18.736 0.052 6.88 411.0
2458912.84968 18.786 0.041 5.58 357.0
2458912.89286 18.700 0.038 5.28 396.0
2458913.82033 18.755 0.053 6.75 395.0
2458913.86321 18.811 0.050 6.27 365.0
2458913.89904 18.879 0.068 6.82 559.0
2458914.86999 18.836 0.041 5.10 376.0
2458914.90426 18.794 0.060 5.56 748.0
2458915.85029 18.715 0.037 5.39 333.0
2458915.88515 18.715 0.036 5.15 342.0
2458916.81007 18.621 0.046 5.63 643.0
2458916.84457 18.765 0.044 4.94 538.0
2458916.89005 18.850 0.041 4.56 463.0
2458917.81366 18.729 0.056 5.42 826.0
2458917.85725 18.717 0.042 4.54 654.0
2458917.89395 18.715 0.050 5.16 724.0
2458918.83245 18.631 0.045 5.24 709.0
2458918.86691 18.743 0.045 5.10 581.0
2458918.90999 18.775 0.054 4.48 1074.0
2458919.81695 18.621 0.055 6.46 685.0
2458919.85945 18.782 0.048 5.34 575.0
2458919.89484 18.897 0.048 4.77 517.0
2458920.81612 18.776 0.049 5.26 655.0
2458920.85531 18.805 0.044 4.76 577.0
2458920.89781 18.695 0.042 5.44 525.0
2458921.79617 18.753 0.051 5.69 678.0
2458921.84124 18.692 0.041 4.55 576.0
2458921.87638 18.690 0.039 4.75 551.0
2458922.81383 18.648 0.049 5.81 688.0
2458923.79732 18.771 0.085 5.60 1828.0
2458923.81718 18.792 0.083 5.08 1953.0
2458923.83177 18.674 0.071 4.98 1976.0
2458923.84249 18.634 0.072 4.93 2127.0
2458923.86370 18.633 0.067 4.53 2187.0
2458923.87474 18.779 0.082 4.55 2329.0
2458923.88647 18.721 0.081 5.03 2365.0
2458923.89508 18.681 0.090 5.32 2453.0
2459795.60742 18.739 0.038 5.43 305.0
2459795.65563 18.669 0.037 5.61 318.0
2459795.69019 18.688 0.046 6.46 337.0
2459795.73524 18.865 0.057 6.51 388.0
2459795.76570 18.789 0.058 6.45 447.0
2459796.54642 18.726 0.046 6.26 345.0
2459796.75885 18.735 0.044 5.98 322.0
2459797.59076 18.768 0.052 5.78 415.0
2459797.63398 18.859 0.056 5.66 407.0
2459797.68165 18.851 0.050 5.89 364.0
2459797.73280 18.767 0.048 5.19 445.0
2459797.76480 18.689 0.049 6.01 398.0
2459798.53354 18.690 0.072 7.36 634.0
2459798.71459 18.800 0.076 6.76 858.0
2459804.49599 18.736 0.047 5.01 581.0
2459804.53060 18.788 0.067 6.57 626.0
2459804.57623 18.799 0.049 5.15 520.0
2459804.61162 18.736 0.053 5.73 569.0
2459804.65542 18.935 0.076 6.62 634.0
2459804.69529 18.751 0.063 6.02 649.0
2459805.51947 18.838 0.057 5.95 442.0
2459805.55586 18.706 0.044 4.99 486.0
2459805.59958 18.836 0.048 4.76 534.0
2459805.63440 18.798 0.047 4.85 476.0
2459805.67707 18.699 0.042 4.72 528.0
2459805.71151 18.762 0.046 4.67 549.0
2459806.56367 18.676 0.059 6.81 519.0
2459806.61220 18.918 0.073 7.05 432.0
2459806.66012 18.861 0.066 6.77 466.0
2459806.69785 18.778 0.058 5.96 476.0
2459807.48136 18.611 0.047 5.70 557.0
2459807.52545 18.813 0.043 5.61 328.0
2459807.58229 18.858 0.043 5.34 327.0
2459807.63802 18.843 0.047 5.73 357.0
2459807.70374 18.673 0.040 5.18 414.0
2459807.73867 18.637 0.040 5.25 412.0
2459808.50966 18.847 0.064 7.24 334.0
2459808.57070 18.791 0.051 6.46 307.0
2459808.65795 18.754 0.044 5.68 336.0
2459808.69411 18.819 0.054 5.98 384.0
2459808.73966 18.937 0.055 5.34 389.0
2459809.59364 18.804 0.050 6.02 294.0
2459809.71467 18.722 0.039 4.71 366.0
2459810.53056 18.713 0.027 3.89 298.0
2459810.56773 18.824 0.035 4.41 301.0
2459810.71596 18.777 0.036 4.69 322.0
2459811.50826 18.871 0.048 5.55 299.0
2459811.58491 18.587 0.034 5.35 319.0
2459811.69379 18.840 0.038 4.28 309.0
2459812.48069 18.679 0.068 7.43 569.0
2459812.51570 18.748 0.043 5.73 290.0
2459812.63072 18.929 0.045 4.87 299.0
2459812.71801 18.713 0.038 4.77 310.0
2459813.51467 18.749 0.061 7.58 334.0
2459813.69059 18.884 0.050 5.99 302.0
2459814.48180 18.719 0.057 6.12 597.0
2459814.52726 18.818 0.043 5.16 348.0
2459814.58047 18.918 0.047 5.50 305.0
2459814.67131 18.661 0.050 6.93 368.0
2459814.71390 18.669 0.050 6.91 364.0
2459815.51327 18.805 0.040 5.03 331.0
2459815.56690 18.790 0.048 5.88 342.0
2459815.68651 18.775 0.042 5.21 362.0
2459816.48851 18.934 0.057 5.68 365.0
2459816.52474 18.651 0.044 6.04 347.0
2459816.56919 18.715 0.039 5.16 332.0
2459816.68074 18.679 0.034 4.38 334.0
2459817.51225 18.691 0.048 6.37 402.0
2459817.58239 18.859 0.043 4.85 373.0
2459818.55243 18.749 0.059 6.58 408.0
2459818.69132 18.684 0.040 5.06 384.0
2459819.53367 18.769 0.037 4.56 410.0
2459820.49953 18.702 0.040 5.45 374.0
2459820.54725 18.847 0.052 6.20 374.0
2459820.68853 18.715 0.042 5.57 366.0
2459821.52325 18.807 0.049 6.39 331.0
2459821.66009 18.868 0.047 5.49 365.0
2459822.49837 18.702 0.039 5.39 389.0
2459822.54737 18.733 0.046 5.94 358.0
2459823.56115 18.936 0.072 7.46 408.0
2459823.60838 18.868 0.056 6.18 411.0
2459824.52596 18.780 0.066 7.24 466.0
2459829.55122 18.719 0.084 7.49 888.0
2459829.65072 18.769 0.089 7.19 1000.0
2459831.51748 18.905 0.065 5.87 659.0
2459831.57813 18.733 0.057 6.08 663.0
2459831.64557 18.746 0.067 6.57 810.0
2459832.52745 18.681 0.066 7.30 652.0
2459832.57481 18.917 0.080 6.93 684.0
2459834.52198 18.710 0.042 5.06 501.0
2459834.57130 18.725 0.047 5.27 575.0
2459835.53650 18.733 0.064 7.59 402.0
2459836.64135 18.682 0.061 7.32 526.0
2459837.65388 18.742 0.045 5.03 535.0
2459838.60472 18.623 0.039 5.28 418.0
2459840.50043 18.660 0.043 5.95 369.0
2459840.54757 18.762 0.055 7.09 353.0
2459841.51146 18.699 0.045 5.88 420.0
2459841.55960 18.740 0.042 5.45 416.0
2459843.56324 18.896 0.065 6.84 383.0
2459844.54770 18.770 0.052 6.36 422.0
2459844.59506 18.596 0.040 5.74 436.0
2459845.50584 18.656 0.051 6.96 380.0
2459845.55400 18.824 0.050 5.68 356.0
2459845.60329 18.761 0.039 4.80 374.0
2459848.53259 18.860 0.057 6.35 425.0
2459848.57944 18.840 0.050 5.52 465.0
2459850.55839 18.816 0.053 5.89 396.0
2459851.60876 18.925 0.067 6.65 436.0
2459852.52591 18.738 0.061 7.46 435.0
2459852.57628 18.697 0.049 5.79 455.0
2459857.53554 18.809 0.084 7.42 766.0
2459857.59735 18.675 0.095 8.32 948.0
2459857.59942 18.734 0.106 8.56 961.0
2459859.53347 18.699 0.042 4.77 664.0
2459859.58426 18.817 0.058 5.55 778.0
2459860.52226 18.822 0.068 6.03 718.0
2459860.57263 18.687 0.065 6.22 834.0
2459861.55442 18.790 0.063 5.66 799.0
2459863.50092 18.744 0.065 6.26 731.0
2459863.54953 18.903 0.073 6.00 711.0
2459864.54685 18.638 0.050 5.12 711.0
2459865.54478 18.700 0.062 7.13 544.0
2459866.53586 18.713 0.043 4.34 621.0
2459867.51499 18.754 0.046 5.02 552.0
2459868.53868 18.855 0.051 4.84 516.0
2459869.53943 18.791 0.048 5.27 462.0
2459874.50300 18.900 0.069 5.54 790.0
2459876.50950 18.712 0.067 7.12 572.0
2459994.86685 18.773 0.041 5.11 456.0
2459999.86115 18.777 0.049 5.65 484.0
2460003.84928 18.811 0.042 5.22 478.0
2460012.83592 18.749 0.039 4.21 613.0
2460027.80426 18.792 0.045 5.84 373.0
2460029.86971 18.816 0.036 4.80 364.0
2460032.79814 18.780 0.036 4.94 355.0
2460034.84241 18.751 0.037 5.11 346.0
2460037.77814 18.719 0.039 4.92 463.0
2460039.90424 18.818 0.034 4.07 440.0
2460042.76488 18.631 0.037 4.66 640.0
2460048.77914 18.720 0.038 5.03 408.0
2460051.77709 18.691 0.041 5.90 337.0
2460054.74662 18.795 0.039 5.35 331.0
2460057.85217 18.740 0.043 6.18 380.0
2460059.90359 18.691 0.040 5.53 408.0
2460062.72302 18.744 0.037 5.08 402.0
2460065.87271 18.817 0.042 5.04 393.0
2460067.93479 18.807 0.067 4.45 1674.0
2460069.87727 18.823 0.059 5.01 844.0
2460075.93571 18.707 0.055 4.62 1134.0
2460085.67639 18.761 0.061 7.41 368.0
2460089.66188 18.681 0.040 4.85 483.0
2460091.74837 18.687 0.036 4.60 460.0
2460093.92814 18.684 0.061 6.53 698.0
2460095.92646 18.808 0.051 5.33 528.0
2460097.75798 18.845 0.055 4.96 675.0
2460098.82534 18.797 0.090 6.11 1378.0
2460105.61367 18.794 0.052 6.22 380.0
2460106.84181 18.781 0.049 5.88 409.0
2460108.71167 18.838 0.049 6.00 392.0
2460110.61492 18.641 0.041 5.48 391.0
2460111.84603 18.843 0.055 5.04 578.0
2460113.56889 18.780 0.046 5.54 425.0
2460116.75000 18.663 0.042 5.96 385.0
2460119.66316 18.761 0.054 6.59 381.0
2460120.82817 18.694 0.041 5.45 385.0
2460122.77588 18.812 0.048 5.70 377.0
2460124.58496 18.765 0.062 6.23 607.0
2460125.63002 18.766 0.059 6.02 595.0
2460130.59893 18.664 0.069 6.30 935.0
2460132.56151 18.765 0.046 5.78 442.0
2460134.64385 18.716 0.048 6.37 374.0
2460139.81872 18.787 0.052 5.76 462.0
2460141.76252 18.718 0.041 5.32 376.0
2460143.80825 18.734 0.045 5.79 377.0
2460149.68338 18.665 0.040 5.55 342.0
2460153.52212 18.761 0.056 5.66 584.0
2460153.78545 18.696 0.061 5.64 1023.0
2460158.73842 18.832 0.067 5.01 1097.0
2460160.67528 18.642 0.045 5.26 502.0
2460165.69084 18.747 0.044 6.03 350.0
2460169.57212 18.672 0.037 5.04 310.0
2460171.58227 18.657 0.033 4.56 329.0
2460174.54803 18.680 0.047 6.33 358.0
2460179.50234 18.634 0.061 7.81 424.0
2460185.51060 18.502 0.070 7.57 849.0
2460187.69999 18.452 0.051 5.66 1039.0
2460201.54364 17.704 0.018 5.56 351.0
2460203.66179 17.325 0.016 6.05 429.0
2460206.62141 16.432 0.009 6.24 524.0
2460213.62799 17.477 0.025 6.82 788.0
2460219.55236 18.072 0.032 6.49 506.0
2460227.53571 18.372 0.043 6.78 545.0
2460230.58303 18.462 0.055 7.04 640.0
2460243.53826 18.507 0.055 6.43 788.0
2460255.52074 18.654 0.077 8.02 711.0
2460370.87890 18.766 0.039 4.28 488.0
2460377.89528 18.832 0.040 4.49 408.0
2460381.83681 18.697 0.041 4.69 435.0
