2456353.83001 16.955 0.010 5.10 456.0
2456361.83666 16.958 0.009 4.51 361.0
2456363.88670 16.959 0.009 5.33 319.0
2456369.81840 16.963 0.009 5.02 303.0
2456371.81273 16.945 0.009 5.02 250.0
2456372.81501 16.942 0.008 4.78 299.0
2456374.77519 16.981 0.012 6.54 407.0
2456375.90780 16.959 0.008 3.88 310.0
2456377.86110 16.951 0.008 3.30 399.0
2456379.79206 16.976 0.010 3.99 636.0
2456381.75770 16.948 0.009 3.78 565.0
2456382.86303 16.982 0.010 5.13 483.0
2456387.79295 16.955 0.009 4.70 285.0
2456389.72726 16.936 0.011 6.53 420.0
2456390.78916 16.970 0.009 4.22 325.0
2456397.74003 16.944 0.008 4.42 321.0
2456400.73499 16.974 0.010 6.02 318.0
2456403.73893 16.974 0.009 4.58 334.0
2456407.72996 16.962 0.013 6.60 569.0
2456416.64887 16.950 0.014 5.62 409.0
2456418.79180 16.968 0.009 4.75 278.0
2456420.91648 16.946 0.008 3.62 296.0
2456424.73608 16.941 0.009 4.93 381.0
2456428.90093 16.954 0.009 4.98 355.0
2456435.74332 16.955 0.009 4.68 516.0
2456437.88155 16.947 0.014 4.53 1527.0
2456443.74152 16.969 0.009 4.69 1046.0
2456446.70076 16.949 0.008 4.64 281.0
2456448.65514 16.961 0.010 6.16 301.0
2456450.59406 16.962 0.009 4.57 392.0
2456455.55200 16.975 0.009 5.73 340.0
2456457.90365 16.960 0.009 4.66 455.0
2456459.85856 16.939 0.009 4.25 393.0
2456462.80901 16.957 0.010 5.15 396.0
2456464.81022 16.948 0.011 4.46 628.0
2456471.64038 16.941 0.011 6.92 431.0
2456474.76244 16.953 0.010 5.59 432.0
2456476.69382 16.982 0.010 5.24 350.0
2456479.62554 16.937 0.010 6.37 246.0
2456481.79007 16.944 0.010 5.68 309.0
2456486.57985 16.953 0.009 6.31 282.0
2456491.82301 16.953 0.010 5.99 405.0
2456497.73327 16.950 0.011 6.50 475.0
2456501.54159 16.979 0.011 6.27 361.0
2456506.71511 16.941 0.013 7.05 294.0
2456510.48090 16.949 0.008 4.02 318.0
2456515.51403 16.956 0.008 4.20 349.0
2456519.73640 16.951 0.010 5.87 413.0
2456534.58909 16.953 0.012 4.68 328.0
2456543.59011 16.959 0.008 4.40 304.0
2456555.64289 16.952 0.012 5.62 591.0
2456565.53011 16.957 0.010 4.98 382.0
2456569.49028 16.970 0.009 4.82 400.0
2456579.52841 16.958 0.013 6.15 565.0
2456583.56130 16.961 0.014 7.17 729.0
2456699.88123 16.955 0.009 4.24 564.0
2456707.88051 16.983 0.011 6.18 526.0
2456710.89878 16.951 0.011 5.00 980.0
2456716.85914 16.968 0.009 5.76 376.0
2456719.83381 16.941 0.011 6.35 508.0
2456721.86665 16.956 0.009 4.88 410.0
2456723.90470 16.964 0.010 4.35 831.0
2456725.90884 16.963 0.012 4.68 1056.0
2456727.90588 16.975 0.009 4.59 554.0
2456729.88300 16.968 0.009 4.83 356.0
2456732.81047 16.962 0.013 6.69 632.0
2456733.90341 16.952 0.009 4.91 510.0
2456735.85420 16.978 0.010 5.30 635.0
2456737.80618 16.966 0.009 4.88 586.0
2459995.86961 16.965 0.009 5.16 442.0
2460000.86490 16.956 0.010 5.40 483.0
2460004.84971 16.934 0.009 5.05 360.0
2460008.83559 16.917 0.012 6.17 614.0
2460013.81822 16.938 0.010 5.09 526.0
2460016.83769 16.935 0.011 5.51 612.0
2460022.83624 16.918 0.011 7.53 308.0
2460025.80004 16.912 0.009 5.70 315.0
2460027.91589 16.928 0.010 5.30 589.0
2460030.82896 16.918 0.009 5.15 314.0
2460033.76972 16.925 0.009 6.49 311.0
2460035.84702 16.929 0.010 5.64 333.0
2460038.82705 16.943 0.009 5.22 371.0
2460040.85505 16.918 0.009 4.42 549.0
2460042.90762 16.914 0.009 4.21 543.0
2460048.85262 16.908 0.008 4.79 356.0
2460053.74773 16.896 0.008 5.41 301.0
2460056.86903 16.890 0.008 4.89 321.0
2460059.69577 16.900 0.011 7.45 351.0
2460061.74400 16.879 0.009 5.22 345.0
2460063.74453 16.883 0.009 5.75 382.0
2460067.71024 16.863 0.011 6.05 510.0
2460069.68102 16.874 0.015 7.04 907.0
2460070.91948 16.854 0.012 5.13 1135.0
2460076.82659 16.844 0.009 5.27 387.0
2460086.70222 16.810 0.010 5.72 349.0
2460087.78374 16.813 0.009 4.77 359.0
2460088.68643 16.798 0.010 6.01 324.0
2460089.86309 16.784 0.011 6.64 406.0
2460091.92598 16.809 0.009 5.10 637.0
2460094.86381 16.765 0.009 4.53 331.0
2460096.80531 16.768 0.009 4.12 456.0
2460098.67422 16.750 0.011 5.19 867.0
2460104.86461 16.736 0.010 4.97 496.0
2460105.92929 16.738 0.011 6.06 563.0
2460107.90187 16.718 0.011 7.15 421.0
2460109.83327 16.703 0.010 6.07 430.0
2460111.65830 16.686 0.008 5.03 329.0
2460112.76017 16.691 0.009 5.08 362.0
2460113.89383 16.694 0.012 7.45 454.0
2460116.85219 16.678 0.010 6.10 390.0
2460119.82810 16.645 0.008 4.86 344.0
2460121.55392 16.649 0.012 8.06 464.0
2460122.88335 16.635 0.010 6.51 484.0
2460124.74199 16.615 0.009 5.16 472.0
2460125.86413 16.631 0.011 5.32 882.0
2460130.72129 16.606 0.011 6.01 696.0
2460132.71143 16.616 0.011 6.33 653.0
2460134.77275 16.576 0.009 6.19 372.0
2460140.56427 16.570 0.008 5.63 254.0
2460142.48929 16.565 0.011 7.86 402.0
2460144.62892 16.536 0.006 5.25 309.0
2460149.77796 16.544 0.011 6.38 319.0
2460153.57048 16.563 0.009 5.40 485.0
2460158.57310 16.581 0.010 5.42 840.0
2460160.53405 16.575 0.009 6.07 411.0
2460161.77255 16.590 0.011 7.03 492.0
2460168.68835 16.620 0.008 5.39 233.0
2460170.64615 16.629 0.008 5.44 255.0
2460171.75668 16.638 0.010 7.10 416.0
2460175.54678 16.666 0.011 7.70 401.0
2460179.67951 16.678 0.009 5.72 353.0
2460185.64983 16.731 0.013 6.86 815.0
2460188.70224 16.726 0.013 6.37 831.0
2460202.50469 16.794 0.009 5.11 332.0
2460204.58209 16.822 0.011 6.41 371.0
2460213.59004 16.838 0.014 6.75 652.0
2460218.62919 16.849 0.017 8.01 775.0
2460226.59673 16.874 0.012 7.03 472.0
2460231.55887 16.872 0.012 6.89 488.0
2460243.55366 16.893 0.014 6.55 756.0
2460365.88645 16.972 0.016 7.14 667.0
2460371.87720 16.954 0.012 5.78 479.0
2460378.90298 16.953 0.010 5.07 443.0
