2456895.69889 19.861 0.206 6.20 74.0
2456915.58532 19.722 0.195 6.21 81.0
2456924.53588 19.637 0.209 6.47 96.0
2456926.59995 19.861 0.218 6.15 78.0
2456938.49769 19.704 0.292 7.17 137.0
2457174.78492 19.892 0.204 3.86 145.0
2457175.70130 19.840 0.232 3.85 242.0
2457200.84929 19.644 0.150 4.24 107.0
2457220.81053 19.395 0.113 4.66 82.0
2457223.71956 19.562 0.156 5.72 70.0
2457224.76761 19.662 0.181 6.14 75.0
2457226.62443 20.061 0.175 4.12 69.0
2457227.60115 19.756 0.128 4.18 67.0
2457228.58065 19.619 0.121 4.01 80.0
2457229.60744 19.504 0.101 3.17 97.0
2457235.50616 19.561 0.267 6.15 211.0
2457248.48734 19.756 0.203 6.29 74.0
2457253.56431 19.829 0.150 4.83 61.0
2457256.50278 20.047 0.295 5.77 106.0
2457263.52135 19.718 0.226 4.51 174.0
2457264.60402 19.615 0.184 4.68 140.0
2457267.51237 19.598 0.177 5.70 79.0
2457268.67337 19.641 0.127 3.98 88.0
2457270.54711 19.407 0.104 4.33 70.0
2457272.58737 19.840 0.238 5.96 88.0
2457275.67372 19.771 0.241 6.74 88.0
2457278.63375 19.488 0.172 6.69 69.0
2457295.59041 19.584 0.206 6.12 122.0
2457647.58624 19.472 0.189 5.95 166.0
2457649.62195 19.693 0.167 4.53 152.0
2457653.53472 20.019 0.208 5.85 72.0
2457659.56917 19.885 0.231 6.56 85.0
2457664.56654 19.464 0.230 8.00 117.0
2457911.61683 19.493 0.237 6.69 152.0
2457935.68583 19.689 0.136 4.52 64.0
2457936.62948 19.830 0.166 5.37 63.0
2457937.58323 19.589 0.148 4.63 90.0
2457945.66281 19.568 0.149 4.50 106.0
2457946.57619 19.667 0.165 4.84 102.0
2457948.49751 19.730 0.185 5.72 82.0
2457952.73248 19.998 0.220 6.28 56.0
2457953.67430 20.026 0.165 4.93 50.0
2457954.67521 19.516 0.100 4.28 52.0
2457956.67784 19.692 0.117 4.08 56.0
2457959.59004 19.600 0.129 5.18 63.0
2457960.62641 19.685 0.123 4.81 67.0
2457961.69195 19.895 0.176 5.28 82.0
2457964.61616 19.594 0.139 4.85 72.0
2457966.67347 19.619 0.160 6.07 58.0
2457974.53537 20.002 0.250 5.28 106.0
2457979.48539 19.744 0.165 5.33 80.0
2457980.64963 19.602 0.175 5.69 84.0
2457982.58119 19.542 0.131 4.86 66.0
2457984.49473 19.594 0.177 6.03 87.0
2457985.61254 19.562 0.151 5.76 70.0
2457987.62056 19.557 0.109 4.07 75.0
2457991.53712 19.771 0.176 5.57 73.0
2457993.48897 19.594 0.151 5.15 85.0
2457994.62796 19.998 0.207 4.87 81.0
2458012.54937 19.497 0.126 4.20 94.0
2458018.54216 19.615 0.154 5.04 83.0
2458213.81274 19.807 0.190 3.91 159.0
2458213.81632 19.635 0.160 4.01 156.0
2458316.53839 19.441 0.151 5.87 84.0
2458320.54114 19.814 0.180 5.02 91.0
2458321.55865 20.030 0.297 5.29 137.0
2458328.54112 19.743 0.227 5.39 137.0
2458329.54746 19.378 0.159 5.44 124.0
2458330.54885 19.378 0.116 4.07 184.0
2458331.54893 19.761 0.119 4.10 58.0
2458332.54970 19.380 0.101 4.49 76.0
2458333.54627 19.697 0.131 4.35 77.0
2458334.57470 20.115 0.180 4.02 74.0
2458335.67231 19.472 0.124 5.07 63.0
2458336.55914 20.044 0.183 5.02 62.0
2458338.54589 19.907 0.213 6.24 70.0
2458339.56021 19.539 0.094 3.48 61.0
2458340.60481 19.728 0.130 4.00 69.0
2458341.57630 19.858 0.129 3.65 61.0
2458342.57807 19.684 0.144 4.75 68.0
2458344.54734 19.421 0.107 4.70 63.0
2458345.56230 19.519 0.128 4.29 83.0
2458346.56805 19.623 0.108 3.48 55.0
2458347.55062 19.486 0.096 4.09 54.0
2458348.57761 19.564 0.147 4.98 76.0
2458349.58642 19.713 0.178 5.28 72.0
2458356.52703 19.819 0.230 5.07 136.0
2458358.53901 20.053 0.244 4.45 107.0
2458359.70263 19.809 0.241 5.23 131.0
2458363.56302 19.677 0.140 4.68 70.0
2458366.53715 19.845 0.184 5.13 68.0
2458368.59794 19.832 0.146 3.80 80.0
2458370.62935 19.732 0.139 3.94 73.0
2458372.65888 19.735 0.188 5.32 83.0
2458376.50769 19.565 0.144 5.18 74.0
2458377.62587 19.469 0.225 6.48 157.0
2458394.61566 19.590 0.142 4.77 71.0
2458410.56856 19.466 0.176 4.81 150.0
2458419.52004 19.552 0.175 4.96 113.0
2458582.74428 20.053 0.231 5.53 79.0
2458583.85617 19.638 0.117 4.15 79.0
2458585.82067 19.520 0.103 4.37 70.0
2456895.69889 19.861 0.206 6.20 74.0
2456915.58532 19.722 0.195 6.21 81.0
2456924.53588 19.637 0.209 6.47 96.0
2456926.59995 19.861 0.218 6.15 78.0
2456938.49769 19.704 0.292 7.17 137.0
2457174.78492 19.892 0.204 3.86 145.0
2457175.70130 19.840 0.232 3.85 242.0
2457200.84929 19.644 0.150 4.24 107.0
2457220.81053 19.395 0.113 4.66 82.0
2457223.71956 19.562 0.156 5.72 70.0
2457224.76761 19.662 0.181 6.14 75.0
2457226.62443 20.061 0.175 4.12 69.0
2457227.60115 19.756 0.128 4.18 67.0
2457228.58065 19.619 0.121 4.01 80.0
2457229.60744 19.504 0.101 3.17 97.0
2457235.50616 19.561 0.267 6.15 211.0
2457248.48734 19.756 0.203 6.29 74.0
2457253.56431 19.829 0.150 4.83 61.0
2457256.50278 20.047 0.295 5.77 106.0
2457263.52135 19.718 0.226 4.51 174.0
2457264.60402 19.615 0.184 4.68 140.0
2457267.51237 19.598 0.177 5.70 79.0
2457268.67337 19.641 0.127 3.98 88.0
2457270.54711 19.407 0.104 4.33 70.0
2457272.58737 19.840 0.238 5.96 88.0
2457275.67372 19.771 0.241 6.74 88.0
2457278.63375 19.488 0.172 6.69 69.0
2457295.59041 19.584 0.206 6.12 122.0
2457647.58624 19.472 0.189 5.95 166.0
2457649.62195 19.693 0.167 4.53 152.0
2457653.53472 20.019 0.208 5.85 72.0
2457659.56917 19.885 0.231 6.56 85.0
2457664.56654 19.464 0.230 8.00 117.0
2457683.52510 19.307 0.164 7.08 103.0
2457911.61683 19.493 0.237 6.69 152.0
2457935.68583 19.689 0.136 4.52 64.0
2457936.62948 19.830 0.166 5.37 63.0
2457937.58323 19.589 0.148 4.63 90.0
2457938.54555 19.287 0.156 5.83 117.0
2457945.66281 19.568 0.149 4.50 106.0
2457946.57619 19.667 0.165 4.84 102.0
2457948.49751 19.730 0.185 5.72 82.0
2457952.73248 19.998 0.220 6.28 56.0
2457953.67430 20.026 0.165 4.93 50.0
2457954.67521 19.516 0.100 4.28 52.0
2457956.67784 19.692 0.117 4.08 56.0
2457959.59004 19.600 0.129 5.18 63.0
2457960.62641 19.685 0.123 4.81 67.0
2457961.69195 19.895 0.176 5.28 82.0
2457964.61616 19.594 0.139 4.85 72.0
2457966.67347 19.619 0.160 6.07 58.0
2457974.53537 20.002 0.250 5.28 106.0
2457979.48539 19.744 0.165 5.33 80.0
2457980.64963 19.602 0.175 5.69 84.0
2457982.58119 19.542 0.131 4.86 66.0
2457984.49473 19.594 0.177 6.03 87.0
2457985.61254 19.562 0.151 5.76 70.0
2457987.62056 19.557 0.109 4.07 75.0
2457991.53712 19.771 0.176 5.57 73.0
2457993.48897 19.594 0.151 5.15 85.0
2457994.62796 19.998 0.207 4.87 81.0
2458012.54937 19.497 0.126 4.20 94.0
2458018.54216 19.615 0.154 5.04 83.0
2458213.81274 19.807 0.190 3.91 159.0
2458213.81632 19.635 0.160 4.01 156.0
2458316.53839 19.441 0.151 5.87 84.0
2458320.54114 19.814 0.180 5.02 91.0
2458321.55865 20.030 0.297 5.29 137.0
2458328.54112 19.743 0.227 5.39 137.0
2458329.54746 19.378 0.159 5.44 124.0
2458330.54885 19.378 0.116 4.07 184.0
2458331.54893 19.761 0.119 4.10 58.0
2458332.54970 19.380 0.101 4.49 76.0
2458333.54627 19.697 0.131 4.35 77.0
2458334.57470 20.115 0.180 4.02 74.0
2458335.67231 19.472 0.124 5.07 63.0
2458336.55914 20.044 0.183 5.02 62.0
2458338.54589 19.907 0.213 6.24 70.0
2458339.56021 19.539 0.094 3.48 61.0
2458340.60481 19.728 0.130 4.00 69.0
2458341.57630 19.858 0.129 3.65 61.0
2458342.57807 19.684 0.144 4.75 68.0
2458344.54734 19.421 0.107 4.70 63.0
2458345.56230 19.519 0.128 4.29 83.0
2458346.56805 19.623 0.108 3.48 55.0
2458347.55062 19.486 0.096 4.09 54.0
2458348.57761 19.564 0.147 4.98 76.0
2458349.58642 19.713 0.178 5.28 72.0
2458356.52703 19.819 0.230 5.07 136.0
2458358.53901 20.053 0.244 4.45 107.0
2458359.70263 19.809 0.241 5.23 131.0
2458363.56302 19.677 0.140 4.68 70.0
2458366.53715 19.845 0.184 5.13 68.0
2458368.59794 19.832 0.146 3.80 80.0
2458370.62935 19.732 0.139 3.94 73.0
2458372.65888 19.735 0.188 5.32 83.0
2458376.50769 19.565 0.144 5.18 74.0
2458377.62587 19.469 0.225 6.48 157.0
2458394.61566 19.590 0.142 4.77 71.0
2458410.56856 19.466 0.176 4.81 150.0
2458419.52004 19.552 0.175 4.96 113.0
2458582.74428 20.053 0.231 5.53 79.0
2458583.85617 19.638 0.117 4.15 79.0
2458585.82067 19.520 0.103 4.37 70.0
2459819.70628 19.452 0.113 4.27 102.0
2459997.87229 19.536 0.149 4.63 465.0
2460002.85767 19.767 0.242 6.57 428.0
2460006.84681 19.661 0.140 4.62 373.0
2460010.83607 19.570 0.220 5.25 795.0
2460011.83472 19.634 0.208 5.18 693.0
2460014.83590 19.811 0.257 5.69 600.0
2460016.89411 19.671 0.164 4.63 499.0
2460025.88249 19.762 0.135 4.54 312.0
2460028.87247 19.366 0.157 6.89 323.0
2460031.81577 19.663 0.143 5.31 302.0
2460033.89056 19.320 0.111 5.50 301.0
2460036.81278 19.586 0.140 5.09 332.0
2460038.92256 19.441 0.146 5.32 434.0
2460041.80883 19.521 0.155 4.76 519.0
2460043.83722 19.717 0.170 4.83 484.0
2460049.83908 19.580 0.140 5.59 308.0
2460053.82381 19.482 0.104 4.98 267.0
2460057.76065 19.668 0.184 6.50 311.0
2460059.81109 19.440 0.130 5.58 334.0
2460061.85818 19.417 0.103 4.65 299.0
2460063.87225 19.554 0.123 4.42 376.0
2460067.80155 19.567 0.140 4.93 417.0
2460069.76694 19.261 0.180 6.27 697.0
2460076.89360 19.591 0.178 5.43 457.0
2460086.76176 19.528 0.185 6.72 344.0
2460087.84260 19.421 0.116 4.91 342.0
2460088.74368 19.434 0.130 5.84 263.0
2460089.92752 19.544 0.187 6.21 412.0
2460092.69397 19.482 0.135 5.27 340.0
2460095.83138 19.322 0.107 4.78 343.0
2460097.63800 19.348 0.135 4.48 591.0
2460105.63525 19.288 0.118 5.67 278.0
2460106.86036 19.248 0.130 5.81 353.0
2460108.73140 19.117 0.097 5.68 288.0
2460110.65157 18.997 0.084 5.09 340.0
2460111.87002 19.078 0.111 4.66 551.0
2460113.59543 19.073 0.102 5.93 326.0
2460116.78383 18.914 0.086 5.89 275.0
2460119.70482 18.824 0.074 5.58 259.0
2460120.87224 18.875 0.087 5.55 368.0
2460122.83795 18.779 0.078 5.63 322.0
2460124.66055 18.665 0.071 5.38 436.0
2460125.78574 18.620 0.089 5.19 607.0
2460126.63740 18.565 0.102 5.42 978.0
2460130.82019 18.392 0.104 6.72 832.0
2460133.59727 18.175 0.056 6.24 379.0
2460138.58153 17.924 0.035 5.09 316.0
2460140.67473 17.838 0.033 5.02 262.0
2460142.58319 17.778 0.035 6.32 251.0
2460145.74546 17.879 0.031 4.62 301.0
2460150.54155 18.127 0.054 5.82 431.0
2460153.61217 18.286 0.057 5.49 405.0
2460158.62279 18.558 0.095 5.41 854.0
2460160.57947 18.609 0.072 5.30 399.0
2460162.54119 18.778 0.080 6.22 284.0
2460168.75713 18.933 0.076 5.27 239.0
2460171.50623 19.004 0.080 5.61 241.0
2460174.51835 18.974 0.107 6.59 315.0
2460178.68923 19.249 0.163 7.52 334.0
2460181.47790 19.246 0.167 5.54 734.0
2460186.65711 19.418 0.201 5.42 839.0
2460193.61152 19.428 0.136 5.56 342.0
2460202.60545 19.467 0.139 5.37 324.0
2460205.49691 19.793 0.270 6.67 511.0
2460208.52507 19.588 0.185 5.67 407.0
2460215.51541 19.676 0.288 6.59 575.0
2460220.55772 19.519 0.224 7.58 373.0
2460227.58666 19.328 0.227 7.49 565.0
2460232.55747 19.560 0.214 6.16 543.0
2460248.53710 19.452 0.232 7.52 480.0
2460369.86864 19.575 0.165 4.51 552.0
2460377.86724 19.667 0.149 4.79 354.0
2460380.89886 19.606 0.166 4.77 496.0
