2459795.64859 20.273 0.132 4.93 317.0
2459797.62663 20.570 0.269 5.79 430.0
2459804.52249 20.329 0.230 5.54 622.0
2459805.55948 20.662 0.267 5.25 498.0
2459807.69712 20.246 0.148 4.96 393.0
2459808.74256 20.288 0.180 5.24 397.0
2459810.72038 20.755 0.189 4.41 313.0
2459812.63529 20.318 0.184 5.90 304.0
2459814.58496 20.111 0.128 5.32 325.0
2459816.51628 20.244 0.162 5.65 342.0
2459817.66110 20.535 0.196 5.98 394.0
2459822.50272 20.134 0.168 6.25 387.0
2459824.57468 20.183 0.223 7.03 507.0
2459831.52061 20.378 0.252 6.07 667.0
2459834.52537 20.421 0.193 4.96 531.0
2459840.51526 20.511 0.253 6.68 364.0
2459845.53361 20.558 0.235 6.16 364.0
2459848.61803 20.475 0.229 5.83 458.0
2459852.59149 20.535 0.219 5.24 454.0
2459859.51290 20.230 0.160 4.89 648.0
2459863.50413 20.045 0.183 5.75 658.0
2459867.53440 20.123 0.167 5.32 541.0
2459993.87040 20.433 0.158 4.31 485.0
2459998.84280 19.988 0.130 5.06 490.0
2460002.83340 19.824 0.118 5.39 487.0
2460006.82179 19.944 0.123 5.61 429.0
2460010.81158 20.325 0.228 5.20 830.0
2460011.80973 20.084 0.228 6.63 759.0
2460014.81173 20.150 0.172 5.36 626.0
2460016.82977 19.672 0.098 4.49 670.0
2460022.82668 19.587 0.084 5.56 344.0
2460025.77251 19.417 0.061 4.62 361.0
2460027.89284 19.474 0.074 5.21 379.0
2460030.78575 19.321 0.051 4.25 341.0
2460032.87000 19.059 0.039 4.29 310.0
2460034.90254 18.828 0.038 4.68 357.0
2460037.85977 18.606 0.028 4.34 349.0
2460040.74850 18.426 0.039 5.23 789.0
2460042.77420 18.361 0.028 4.17 623.0
2460048.75141 18.624 0.041 5.92 413.0
2460051.75155 19.005 0.063 6.96 351.0
2460054.71779 19.208 0.053 5.30 339.0
2460057.69947 19.427 0.099 7.02 396.0
2460059.77502 19.489 0.072 5.01 391.0
2460061.81989 19.601 0.066 4.14 380.0
2460063.83161 19.551 0.069 4.29 433.0
2460067.68770 19.693 0.120 5.75 577.0
2460069.66891 19.637 0.153 6.21 977.0
2460070.91641 19.705 0.149 4.99 1258.0
2460076.82328 19.498 0.070 4.41 426.0
2460086.69932 20.107 0.150 5.59 398.0
2460087.78082 20.265 0.132 4.29 409.0
2460088.68354 20.442 0.171 5.12 352.0
2460089.85526 20.299 0.195 5.65 445.0
2460091.92305 19.623 0.108 5.06 690.0
2460093.89774 20.279 0.234 6.37 573.0
2460095.91214 20.315 0.201 5.55 490.0
2460097.73843 20.347 0.196 4.89 596.0
2460098.80449 19.991 0.260 5.83 1366.0
2460105.57079 20.286 0.210 6.45 411.0
2460106.82414 20.641 0.269 6.21 378.0
2460108.69379 20.315 0.164 5.68 341.0
2460110.60885 20.544 0.221 5.57 380.0
2460111.82485 20.121 0.161 5.01 537.0
2460113.53489 20.402 0.237 5.91 539.0
2460116.67415 20.504 0.199 5.55 348.0
2460120.52985 20.417 0.203 5.59 455.0
2460123.73397 20.418 0.165 4.54 442.0
2460131.76364 20.331 0.233 4.91 947.0
2460134.50490 20.629 0.236 4.87 560.0
2460139.70793 20.323 0.142 4.77 335.0
2460141.64590 20.564 0.180 4.81 323.0
2460143.66856 20.337 0.128 4.28 329.0
2460149.56477 20.351 0.155 4.88 385.0
2460153.75279 20.305 0.219 5.17 828.0
2460158.71601 20.300 0.239 4.99 996.0
2460160.65796 20.351 0.190 4.96 479.0
2460165.67501 20.537 0.245 6.60 345.0
2460169.56224 20.368 0.170 5.50 310.0
2460171.55022 20.601 0.158 4.18 329.0
2460174.50675 20.104 0.176 6.18 400.0
2460178.67403 20.464 0.260 6.54 417.0
2460186.64723 19.857 0.164 5.72 832.0
2460193.60633 20.085 0.149 5.49 429.0
2460202.60021 20.425 0.216 5.93 413.0
2460204.64488 20.391 0.257 6.83 464.0
2460226.56824 20.497 0.243 5.79 503.0
2460243.53472 20.314 0.278 6.13 792.0
2460368.87168 20.038 0.154 5.21 544.0
2460376.87684 20.450 0.240 5.62 560.0
2460379.86151 20.428 0.159 4.33 420.0
