2456895.66842 13.549 0.003 4.67 61.0
2456909.54900 13.561 0.003 5.86 130.0
2456915.55513 13.546 0.003 5.07 67.0
2456919.56809 13.551 0.003 4.84 73.0
2456924.50576 13.550 0.003 6.03 95.0
2456926.55682 13.546 0.003 5.05 77.0
2456929.55564 13.552 0.003 6.12 90.0
2456937.55579 13.550 0.003 5.27 133.0
2457093.83267 13.556 0.003 4.45 424.0
2457174.73091 13.551 0.003 4.26 130.0
2457175.67070 13.541 0.003 4.16 226.0
2457181.92857 13.555 0.003 5.67 105.0
2457189.89923 13.549 0.003 5.96 123.0
2457199.86477 13.555 0.003 5.08 91.0
2457220.76186 13.546 0.003 3.85 66.0
2457222.63663 13.558 0.003 4.48 60.0
2457223.67710 13.547 0.003 5.13 65.0
2457224.73779 13.546 0.003 7.02 71.0
2457226.56648 13.546 0.003 5.25 76.0
2457227.54836 13.547 0.003 5.60 69.0
2457228.53726 13.565 0.003 6.54 90.0
2457229.56367 13.548 0.003 4.07 94.0
2457230.50326 13.551 0.003 5.77 560.0
2457253.51102 13.549 0.003 4.66 75.0
2457255.64299 13.552 0.003 4.99 62.0
2457257.68984 13.553 0.003 4.17 99.0
2457264.57332 13.549 0.003 4.21 131.0
2457265.69609 13.557 0.003 4.99 125.0
2457268.63039 13.552 0.003 3.74 64.0
2457270.51600 13.549 0.003 4.15 70.0
2457272.53763 13.545 0.003 5.40 87.0
2457275.64399 13.552 0.003 4.99 209.0
2457278.59133 13.544 0.003 4.51 72.0
2457295.54009 13.553 0.003 6.17 92.0
2457318.51950 13.552 0.003 4.42 152.0
2457647.54189 13.562 0.003 5.32 163.0
2457649.59110 13.554 0.003 4.53 132.0
2457652.59017 13.559 0.003 5.65 77.0
2457657.59980 13.560 0.003 4.50 86.0
2457664.49536 13.559 0.003 6.72 94.0
2457681.50998 13.557 0.003 7.24 82.0
2457911.60254 13.549 0.004 7.49 164.0
2457935.66978 13.554 0.003 4.55 60.0
2457936.61421 13.564 0.003 5.48 60.0
2457937.56807 13.556 0.003 6.62 96.0
2457938.53044 13.560 0.003 6.59 122.0
2457945.64692 13.554 0.003 4.19 97.0
2457946.56076 13.558 0.003 5.19 107.0
2457947.52782 13.564 0.003 7.46 66.0
2457948.82509 13.554 0.003 5.53 108.0
2457952.71352 13.561 0.003 7.38 54.0
2457953.65778 13.559 0.003 4.61 47.0
2457954.65480 13.562 0.003 4.05 44.0
2457956.66213 13.559 0.003 3.94 54.0
2457959.58496 13.554 0.003 5.06 61.0
2457960.60833 13.555 0.003 4.63 73.0
2457961.67398 13.549 0.003 4.57 63.0
2457964.60072 13.557 0.003 5.41 72.0
2457966.65673 13.559 0.003 5.41 59.0
2457974.52005 13.560 0.003 5.01 103.0
2457979.48025 13.558 0.003 5.06 87.0
2457980.63310 13.558 0.003 6.41 87.0
2457982.56631 13.557 0.003 4.95 64.0
2457983.68070 13.554 0.003 4.60 60.0
2457985.59736 13.554 0.003 5.93 67.0
2457987.60010 13.552 0.003 3.84 77.0
2457991.52203 13.559 0.003 6.15 74.0
2457993.48382 13.552 0.003 5.11 87.0
2457994.61230 13.553 0.003 4.98 80.0
2458003.49539 13.557 0.003 6.86 101.0
2458007.59882 13.549 0.003 5.60 76.0
2458012.53344 13.548 0.003 4.17 90.0
2458015.50088 13.556 0.003 6.86 75.0
2458018.51667 13.557 0.003 4.74 76.0
2458022.51538 13.559 0.003 5.98 70.0
2458213.82327 13.557 0.003 4.38 209.0
2458266.79807 13.542 0.003 4.40 141.0
2458301.72543 13.549 0.003 6.59 95.0
2458316.52302 13.555 0.003 5.83 87.0
2458320.52607 13.558 0.003 5.68 93.0
2458321.54359 13.562 0.003 5.01 114.0
2458328.52617 13.562 0.003 5.74 135.0
2458329.53244 13.561 0.003 5.74 113.0
2458330.53271 13.562 0.003 5.30 107.0
2458331.53351 13.556 0.003 4.73 60.0
2458332.53412 13.559 0.003 5.33 80.0
2458333.53117 13.561 0.003 4.87 84.0
2458334.55852 13.567 0.003 4.94 77.0
2458335.65632 13.565 0.003 4.83 58.0
2458336.53326 13.560 0.003 4.97 60.0
2458338.53025 13.573 0.003 6.49 81.0
2458339.53024 13.563 0.003 4.62 64.0
2458340.56853 13.558 0.003 4.25 69.0
2458341.55124 13.556 0.003 3.57 67.0
2458342.54945 13.560 0.003 5.15 62.0
2458344.53105 13.557 0.003 4.55 70.0
2458345.54681 13.551 0.003 4.25 83.0
2458346.55152 13.559 0.003 4.97 52.0
2458347.53211 13.563 0.003 4.71 51.0
2458348.55829 13.559 0.003 6.24 78.0
2458349.57322 13.555 0.003 6.57 73.0
2458356.50514 13.565 0.003 5.28 131.0
2458358.52323 13.552 0.003 4.40 116.0
2458359.69006 13.557 0.003 5.77 119.0
2458363.53830 13.565 0.003 5.05 74.0
2458366.52006 13.565 0.003 5.09 63.0
2458368.55631 13.555 0.003 3.87 59.0
2458370.61418 13.557 0.003 4.09 67.0
2458372.63887 13.550 0.003 5.12 84.0
2458376.49220 13.564 0.003 7.36 79.0
2458377.62073 13.563 0.003 5.96 122.0
2458394.59133 13.558 0.003 5.47 65.0
2458398.55462 13.564 0.003 5.55 71.0
2458410.55382 13.552 0.003 5.12 141.0
2458419.50385 13.553 0.003 4.62 117.0
2458581.91752 13.556 0.003 3.70 130.0
2458583.84118 13.565 0.003 5.56 74.0
2458585.80604 13.564 0.003 5.10 68.0
2456895.66842 13.549 0.003 4.67 61.0
2456909.54900 13.561 0.003 5.86 130.0
2456915.55513 13.546 0.003 5.07 67.0
2456919.56809 13.551 0.003 4.84 73.0
2456924.50576 13.550 0.003 6.03 95.0
2456926.55682 13.546 0.003 5.05 77.0
2456929.55564 13.552 0.003 6.12 90.0
2456937.55579 13.550 0.003 5.27 133.0
2457093.83267 13.556 0.003 4.45 424.0
2457174.73091 13.551 0.003 4.26 130.0
2457175.67070 13.541 0.003 4.16 226.0
2457181.92857 13.555 0.003 5.67 105.0
2457189.89923 13.549 0.003 5.96 123.0
2457199.86477 13.555 0.003 5.08 91.0
2457220.76186 13.546 0.003 3.85 66.0
2457222.63663 13.558 0.003 4.48 60.0
2457223.67710 13.547 0.003 5.13 65.0
2457224.73779 13.546 0.003 7.02 71.0
2457226.56648 13.546 0.003 5.25 76.0
2457227.54836 13.547 0.003 5.60 69.0
2457228.53726 13.565 0.003 6.54 90.0
2457229.56367 13.548 0.003 4.07 94.0
2457230.50326 13.551 0.003 5.77 560.0
2457253.51102 13.549 0.003 4.66 75.0
2457255.64299 13.552 0.003 4.99 62.0
2457257.68984 13.553 0.003 4.17 99.0
2457264.57332 13.549 0.003 4.21 131.0
2457265.69609 13.557 0.003 4.99 125.0
2457268.63039 13.552 0.003 3.74 64.0
2457270.51600 13.549 0.003 4.15 70.0
2457272.53763 13.545 0.003 5.40 87.0
2457275.64399 13.552 0.003 4.99 209.0
2457278.59133 13.544 0.003 4.51 72.0
2457295.54009 13.553 0.003 6.17 92.0
2457318.51950 13.552 0.003 4.42 152.0
2457647.54189 13.562 0.003 5.32 163.0
2457649.59110 13.554 0.003 4.53 132.0
2457652.59017 13.559 0.003 5.65 77.0
2457657.59980 13.560 0.003 4.50 86.0
2457664.49536 13.559 0.003 6.72 94.0
2457681.50998 13.557 0.003 7.24 82.0
2457911.60254 13.549 0.004 7.49 164.0
2457935.66978 13.554 0.003 4.55 60.0
2457936.61421 13.564 0.003 5.48 60.0
2457937.56807 13.556 0.003 6.62 96.0
2457938.53044 13.560 0.003 6.59 122.0
2457945.64692 13.554 0.003 4.19 97.0
2457946.56076 13.558 0.003 5.19 107.0
2457947.52782 13.564 0.003 7.46 66.0
2457948.82509 13.554 0.003 5.53 108.0
2457952.71352 13.561 0.003 7.38 54.0
2457953.65778 13.559 0.003 4.61 47.0
2457954.65480 13.562 0.003 4.05 44.0
2457956.66213 13.559 0.003 3.94 54.0
2457959.58496 13.554 0.003 5.06 61.0
2457960.60833 13.555 0.003 4.63 73.0
2457961.67398 13.549 0.003 4.57 63.0
2457964.60072 13.557 0.003 5.41 72.0
2457966.65673 13.559 0.003 5.41 59.0
2457974.52005 13.560 0.003 5.01 103.0
2457979.48025 13.558 0.003 5.06 87.0
2457980.63310 13.558 0.003 6.41 87.0
2457982.56631 13.557 0.003 4.95 64.0
2457983.68070 13.554 0.003 4.60 60.0
2457985.59736 13.554 0.003 5.93 67.0
2457987.60010 13.552 0.003 3.84 77.0
2457991.52203 13.559 0.003 6.15 74.0
2457993.48382 13.552 0.003 5.11 87.0
2457994.61230 13.553 0.003 4.98 80.0
2458003.49539 13.557 0.003 6.86 101.0
2458007.59882 13.549 0.003 5.60 76.0
2458012.53344 13.548 0.003 4.17 90.0
2458015.50088 13.556 0.003 6.86 75.0
2458018.51667 13.557 0.003 4.74 76.0
2458022.51538 13.559 0.003 5.98 70.0
2458213.82327 13.557 0.003 4.38 209.0
2458266.79807 13.542 0.003 4.40 141.0
2458301.72543 13.549 0.003 6.59 95.0
2458316.52302 13.555 0.003 5.83 87.0
2458320.52607 13.558 0.003 5.68 93.0
2458321.54359 13.562 0.003 5.01 114.0
2458328.52617 13.562 0.003 5.74 135.0
2458329.53244 13.561 0.003 5.74 113.0
2458330.53271 13.562 0.003 5.30 107.0
2458331.53351 13.556 0.003 4.73 60.0
2458332.53412 13.559 0.003 5.33 80.0
2458333.53117 13.561 0.003 4.87 84.0
2458334.55852 13.567 0.003 4.94 77.0
2458335.65632 13.565 0.003 4.83 58.0
2458336.53326 13.560 0.003 4.97 60.0
2458338.53025 13.573 0.003 6.49 81.0
2458339.53024 13.563 0.003 4.62 64.0
2458340.56853 13.558 0.003 4.25 69.0
2458341.55124 13.556 0.003 3.57 67.0
2458342.54945 13.560 0.003 5.15 62.0
2458344.53105 13.557 0.003 4.55 70.0
2458345.54681 13.551 0.003 4.25 83.0
2458346.55152 13.559 0.003 4.97 52.0
2458347.53211 13.563 0.003 4.71 51.0
2458348.55829 13.559 0.003 6.24 78.0
2458349.57322 13.555 0.003 6.57 73.0
2458356.50514 13.565 0.003 5.28 131.0
2458358.52323 13.552 0.003 4.40 116.0
2458359.69006 13.557 0.003 5.77 119.0
2458363.53830 13.565 0.003 5.05 74.0
2458366.52006 13.565 0.003 5.09 63.0
2458368.55631 13.555 0.003 3.87 59.0
2458370.61418 13.557 0.003 4.09 67.0
2458372.63887 13.550 0.003 5.12 84.0
2458376.49220 13.564 0.003 7.36 79.0
2458377.62073 13.563 0.003 5.96 122.0
2458394.59133 13.558 0.003 5.47 65.0
2458398.55462 13.564 0.003 5.55 71.0
2458410.55382 13.552 0.003 5.12 141.0
2458419.50385 13.553 0.003 4.62 117.0
2458581.91752 13.556 0.003 3.70 130.0
2458583.84118 13.565 0.003 5.56 74.0
2458585.80604 13.564 0.003 5.10 68.0
2459819.70075 13.347 0.003 4.35 100.0
2459995.88119 13.305 0.003 5.00 558.0
2460000.88354 13.305 0.003 5.01 521.0
2460004.86612 13.307 0.003 4.82 342.0
2460008.84920 13.303 0.003 5.37 531.0
2460013.83982 13.304 0.003 4.67 479.0
2460016.87217 13.306 0.003 4.39 498.0
2460022.88815 13.300 0.003 6.84 263.0
2460025.84822 13.300 0.003 4.47 326.0
2460028.83549 13.293 0.003 6.01 322.0
2460030.88975 13.296 0.003 5.72 288.0
2460033.79326 13.300 0.003 6.06 290.0
2460035.88476 13.293 0.003 5.89 290.0
2460038.86267 13.300 0.003 4.75 326.0
2460040.88709 13.298 0.003 4.53 503.0
2460043.76989 13.300 0.003 4.87 600.0
2460049.80061 13.290 0.003 6.06 262.0
2460053.79064 13.291 0.003 5.91 263.0
2460056.91430 13.294 0.003 4.81 308.0
2460059.73327 13.283 0.003 10.28 326.0
2460061.77745 13.291 0.003 5.82 331.0
2460063.78265 13.292 0.003 5.34 341.0
2460067.74140 13.297 0.003 5.39 453.0
2460069.70902 13.302 0.003 7.48 814.0
2460071.71897 13.296 0.003 6.53 1206.0
2460076.88877 13.296 0.003 4.71 441.0
2460086.75581 13.287 0.003 6.47 353.0
2460087.83665 13.300 0.003 4.51 344.0
2460088.73772 13.288 0.003 5.68 267.0
2460089.90060 13.295 0.003 5.85 384.0
2460092.67094 13.294 0.003 4.72 334.0
2460094.93241 13.297 0.003 4.83 548.0
2460096.87544 13.305 0.003 4.14 418.0
2460098.71889 13.295 0.003 5.51 832.0
2460104.92489 13.297 0.003 5.43 703.0
2460106.76849 13.296 0.003 5.82 261.0
2460108.62823 13.301 0.003 5.27 261.0
2460110.59180 13.293 0.003 6.64 347.0
2460111.81379 13.306 0.003 4.71 395.0
2460112.88187 13.301 0.003 4.98 373.0
2460114.85359 13.296 0.003 7.41 478.0
2460119.62192 13.289 0.003 5.92 341.0
2460120.79643 13.297 0.003 5.12 272.0
2460122.75814 13.290 0.003 6.30 274.0
2460124.57265 13.293 0.003 6.63 505.0
2460125.65664 13.293 0.003 6.54 465.0
2460126.58039 13.297 0.003 5.30 876.0
2460130.76575 13.292 0.003 6.13 695.0
2460132.75542 13.285 0.003 5.73 849.0
2460138.51645 13.291 0.003 5.65 467.0
2460140.63599 13.291 0.003 5.77 228.0
2460142.55212 13.286 0.003 6.55 299.0
2460145.72893 13.295 0.003 4.57 312.0
2460150.52530 13.289 0.003 6.72 471.0
2460153.59787 13.290 0.003 5.26 420.0
2460158.59588 13.300 0.003 4.56 810.0
2460160.55595 13.298 0.003 5.70 396.0
2460162.52087 13.289 0.003 7.10 311.0
2460168.74342 13.299 0.003 6.03 228.0
2460170.71918 13.291 0.003 5.80 270.0
2460173.60888 13.298 0.003 4.76 241.0
2460178.55986 13.296 0.003 6.79 267.0
2460180.62325 13.299 0.003 5.20 374.0
2460186.58726 13.295 0.003 5.24 716.0
2460192.52203 13.280 0.003 7.17 353.0
2460202.56902 13.298 0.003 5.95 309.0
2460204.65750 13.292 0.003 7.42 426.0
2460208.50083 13.296 0.003 6.38 417.0
2460214.54310 13.292 0.003 7.62 633.0
2460221.53363 13.298 0.003 7.58 487.0
2460227.57980 13.294 0.003 7.43 568.0
2460232.54782 13.288 0.003 6.23 563.0
2460248.52638 13.300 0.003 9.61 479.0
2460368.88815 13.328 0.002 4.64 512.0
2460377.84584 13.327 0.003 5.18 411.0
2460380.88204 13.328 0.003 5.27 423.0
