2458272.79113 18.344 0.054 4.93 109.0
2458273.79915 18.279 0.044 4.22 91.0
2458274.76419 18.181 0.057 6.28 97.0
2458275.79435 18.314 0.043 3.94 89.0
2458276.76650 18.299 0.042 4.15 80.0
2458277.78762 18.323 0.042 4.00 73.0
2458282.74057 18.221 0.036 4.39 63.0
2458283.73194 18.257 0.040 4.97 66.0
2458284.73238 18.261 0.041 4.74 67.0
2458286.73506 18.299 0.043 4.91 61.0
2458287.74288 18.247 0.038 4.56 59.0
2458288.73392 18.373 0.040 3.81 57.0
2458289.74155 18.416 0.044 4.23 68.0
2458290.75385 18.319 0.047 4.68 74.0
2458291.77508 18.247 0.047 4.50 94.0
2458292.73808 18.207 0.046 4.42 103.0
2458293.77816 18.319 0.064 5.63 133.0
2458294.84714 18.423 0.092 6.63 161.0
2458295.76517 18.161 0.063 4.49 270.0
2458304.74619 18.121 0.060 6.90 104.0
2458307.70562 18.281 0.038 4.16 63.0
2458308.70054 18.288 0.046 4.90 65.0
2458309.71083 18.292 0.036 3.94 58.0
2458310.82142 18.225 0.044 4.75 95.0
2458311.70426 18.246 0.040 4.32 65.0
2458312.71496 18.302 0.037 3.87 62.0
2458313.69516 18.248 0.037 3.91 69.0
2458314.70270 18.225 0.041 4.31 81.0
2458316.69275 18.261 0.062 6.96 71.0
2458320.70496 18.332 0.042 4.27 75.0
2458328.68677 18.310 0.081 6.44 177.0
2458329.69022 18.209 0.044 3.89 125.0
2458332.74988 18.352 0.066 5.97 115.0
2458355.55057 18.353 0.057 4.56 122.0
2458357.50579 18.328 0.072 6.10 120.0
2458359.50651 18.281 0.057 6.08 79.0
2458364.56264 18.342 0.042 4.40 81.0
2458367.57441 18.280 0.040 4.08 74.0
2458369.60067 18.326 0.045 4.52 73.0
2458371.59573 18.248 0.043 4.69 72.0
2458375.53116 18.346 0.064 6.18 87.0
2458377.49944 18.377 0.085 6.99 144.0
2458393.49479 18.306 0.066 6.51 85.0
2458404.54027 18.432 0.066 5.53 109.0
2458414.54863 18.272 0.084 6.71 167.0
2458425.51194 18.321 0.064 5.63 116.0
2458581.76218 18.446 0.054 5.65 85.0
2458582.89950 18.321 0.046 4.71 89.0
2458584.83955 18.290 0.045 5.89 71.0
2458586.74086 18.347 0.050 5.29 78.0
2458587.88318 18.351 0.049 4.96 86.0
2458588.92322 18.275 0.042 3.69 104.0
2458590.74846 18.297 0.055 6.41 138.0
2458591.77733 18.266 0.056 6.84 142.0
2458594.81753 18.353 0.059 5.53 137.0
2458600.89923 18.349 0.045 4.09 100.0
2458602.72263 18.296 0.043 5.05 76.0
2458603.73677 18.337 0.052 6.77 70.0
2458604.80085 18.276 0.045 5.15 73.0
2458605.80250 18.304 0.059 6.14 84.0
2458606.84868 18.303 0.038 4.16 77.0
2458607.84473 18.222 0.042 4.58 87.0
2458608.87162 18.366 0.045 4.33 92.0
2458612.92280 18.496 0.077 6.33 94.0
2458613.89644 18.161 0.043 4.88 108.0
2458614.87709 18.300 0.056 5.31 113.0
2458615.83423 18.309 0.043 4.72 75.0
2458616.75119 18.395 0.044 4.41 90.0
2458617.68242 18.265 0.047 4.94 109.0
2458617.89681 18.306 0.043 3.67 109.0
2458618.81889 18.181 0.050 5.04 119.0
2458619.72122 18.353 0.071 7.02 107.0
2458620.68306 18.221 0.070 7.38 119.0
2458620.83446 18.281 0.050 4.62 115.0
2458621.84029 18.160 0.052 4.46 166.0
2458635.71452 18.273 0.044 5.35 68.0
2458635.86552 18.335 0.061 6.00 94.0
2458636.66057 18.450 0.060 6.09 77.0
2458636.81898 18.313 0.039 3.94 69.0
2458636.94143 18.137 0.058 5.57 160.0
2458637.76496 18.392 0.045 4.47 79.0
2458637.90254 18.334 0.044 4.05 97.0
2458638.83251 18.318 0.040 3.95 76.0
2458639.75274 18.311 0.037 4.13 75.0
2458640.62566 18.319 0.054 6.29 77.0
2458641.67715 18.394 0.047 5.50 94.0
2458642.84506 18.297 0.051 4.81 98.0
2458643.68374 18.248 0.039 4.57 79.0
2458644.66426 18.313 0.044 5.19 74.0
2458646.69327 18.425 0.062 6.04 84.0
2458647.70225 18.321 0.051 5.03 100.0
2458648.70702 18.150 0.055 5.85 114.0
2458655.77425 18.305 0.090 5.28 331.0
2458656.73887 18.338 0.044 4.57 87.0
2458657.67322 18.318 0.049 5.29 75.0
2458660.58396 18.364 0.050 5.72 65.0
2458661.63018 18.306 0.045 5.56 64.0
2458662.65746 18.484 0.063 6.58 60.0
2458664.63470 18.204 0.035 4.89 53.0
2458666.58707 18.346 0.065 6.78 88.0
2458667.60056 18.298 0.064 6.74 84.0
2458668.59375 18.285 0.062 7.45 71.0
2458669.57941 18.270 0.062 7.04 87.0
2458670.57740 18.352 0.046 6.30 76.0
2458673.67592 18.331 0.044 4.77 72.0
2458677.75662 18.353 0.073 4.28 297.0
2458272.79113 18.344 0.054 4.93 109.0
2458273.79915 18.279 0.044 4.22 91.0
2458274.76419 18.181 0.057 6.28 97.0
2458275.79435 18.314 0.043 3.94 89.0
2458276.76650 18.299 0.042 4.15 80.0
2458277.78762 18.323 0.042 4.00 73.0
2458282.74057 18.221 0.036 4.39 63.0
2458283.73194 18.257 0.040 4.97 66.0
2458284.73238 18.261 0.041 4.74 67.0
2458286.73506 18.299 0.043 4.91 61.0
2458287.74288 18.247 0.038 4.56 59.0
2458288.73392 18.373 0.040 3.81 57.0
2458289.74155 18.416 0.044 4.23 68.0
2458290.75385 18.319 0.047 4.68 74.0
2458291.77508 18.247 0.047 4.50 94.0
2458292.73808 18.207 0.046 4.42 103.0
2458293.77816 18.319 0.064 5.63 133.0
2458294.84714 18.423 0.092 6.63 161.0
2458295.76517 18.161 0.063 4.49 270.0
2458304.74619 18.121 0.060 6.90 104.0
2458307.70562 18.281 0.038 4.16 63.0
2458308.70054 18.288 0.046 4.90 65.0
2458309.71083 18.292 0.036 3.94 58.0
2458310.82142 18.225 0.044 4.75 95.0
2458311.70426 18.246 0.040 4.32 65.0
2458312.71496 18.302 0.037 3.87 62.0
2458313.69516 18.248 0.037 3.91 69.0
2458314.70270 18.225 0.041 4.31 81.0
2458316.69275 18.261 0.062 6.96 71.0
2458320.70496 18.332 0.042 4.27 75.0
2458328.68677 18.310 0.081 6.44 177.0
2458329.69022 18.209 0.044 3.89 125.0
2458332.74988 18.352 0.066 5.97 115.0
2458355.55057 18.353 0.057 4.56 122.0
2458357.50579 18.328 0.072 6.10 120.0
2458359.50651 18.281 0.057 6.08 79.0
2458364.56264 18.342 0.042 4.40 81.0
2458367.57441 18.280 0.040 4.08 74.0
2458369.60067 18.326 0.045 4.52 73.0
2458371.59573 18.248 0.043 4.69 72.0
2458375.53116 18.346 0.064 6.18 87.0
2458377.49944 18.377 0.085 6.99 144.0
2458393.49479 18.306 0.066 6.51 85.0
2458404.54027 18.432 0.066 5.53 109.0
2458414.54863 18.272 0.084 6.71 167.0
2458425.51194 18.321 0.064 5.63 116.0
2458581.76218 18.446 0.054 5.65 85.0
2458582.89950 18.321 0.046 4.71 89.0
2458584.83955 18.290 0.045 5.89 71.0
2458586.74086 18.347 0.050 5.29 78.0
2458587.88318 18.351 0.049 4.96 86.0
2458588.92322 18.275 0.042 3.69 104.0
2458590.74846 18.297 0.055 6.41 138.0
2458591.77733 18.266 0.056 6.84 142.0
2458594.81753 18.353 0.059 5.53 137.0
2458600.89923 18.349 0.045 4.09 100.0
2458602.72263 18.296 0.043 5.05 76.0
2458603.73677 18.337 0.052 6.77 70.0
2458604.80085 18.276 0.045 5.15 73.0
2458605.80250 18.304 0.059 6.14 84.0
2458606.84868 18.303 0.038 4.16 77.0
2458607.84473 18.222 0.042 4.58 87.0
2458608.87162 18.366 0.045 4.33 92.0
2458612.92280 18.496 0.077 6.33 94.0
2458613.89644 18.161 0.043 4.88 108.0
2458614.87709 18.300 0.056 5.31 113.0
2458615.83423 18.309 0.043 4.72 75.0
2458616.75119 18.395 0.044 4.41 90.0
2458617.68242 18.265 0.047 4.94 109.0
2458617.89681 18.306 0.043 3.67 109.0
2458618.81889 18.181 0.050 5.04 119.0
2458619.72122 18.353 0.071 7.02 107.0
2458620.68306 18.221 0.070 7.38 119.0
2458620.83446 18.281 0.050 4.62 115.0
2458621.84029 18.160 0.052 4.46 166.0
2458635.71452 18.273 0.044 5.35 68.0
2458635.86552 18.335 0.061 6.00 94.0
2458636.66057 18.450 0.060 6.09 77.0
2458636.81898 18.313 0.039 3.94 69.0
2458636.94143 18.137 0.058 5.57 160.0
2458637.76496 18.392 0.045 4.47 79.0
2458637.90254 18.334 0.044 4.05 97.0
2458638.83251 18.318 0.040 3.95 76.0
2458639.75274 18.311 0.037 4.13 75.0
2458640.62566 18.319 0.054 6.29 77.0
2458641.67715 18.394 0.047 5.50 94.0
2458642.84506 18.297 0.051 4.81 98.0
2458643.68374 18.248 0.039 4.57 79.0
2458644.66426 18.313 0.044 5.19 74.0
2458646.69327 18.425 0.062 6.04 84.0
2458647.70225 18.321 0.051 5.03 100.0
2458648.70702 18.150 0.055 5.85 114.0
2458655.77425 18.305 0.090 5.28 331.0
2458656.73887 18.338 0.044 4.57 87.0
2458657.67322 18.318 0.049 5.29 75.0
2458660.58396 18.364 0.050 5.72 65.0
2458661.63018 18.306 0.045 5.56 64.0
2458662.65746 18.484 0.063 6.58 60.0
2458664.63470 18.204 0.035 4.89 53.0
2458666.58707 18.346 0.065 6.78 88.0
2458667.60056 18.298 0.064 6.74 84.0
2458668.59375 18.285 0.062 7.45 71.0
2458669.57941 18.270 0.062 7.04 87.0
2458670.57740 18.352 0.046 6.30 76.0
2458673.67592 18.331 0.044 4.77 72.0
2458677.75662 18.353 0.073 4.28 297.0
2459810.72934 18.250 0.039 4.88 68.0
2459996.88820 18.275 0.067 5.79 713.0
2460001.87495 18.228 0.048 5.34 449.0
2460005.86980 18.328 0.064 6.84 443.0
2460009.85050 18.287 0.068 5.97 646.0
2460013.89156 18.243 0.053 5.19 464.0
2460016.85886 18.251 0.052 4.99 545.0
2460022.86096 18.221 0.056 6.93 311.0
2460025.83462 18.284 0.042 4.78 352.0
2460028.82529 18.308 0.046 5.23 334.0
2460030.89304 18.266 0.048 5.46 322.0
2460033.80334 18.236 0.047 6.01 318.0
2460035.89291 18.272 0.056 6.48 325.0
2460038.87279 18.278 0.040 4.55 341.0
2460040.89812 18.242 0.042 4.47 505.0
2460043.79722 18.258 0.050 4.89 554.0
2460044.89778 18.230 0.045 4.11 633.0
2460050.77576 18.298 0.051 6.17 311.0
2460053.88633 18.326 0.045 5.06 325.0
2460057.79881 18.278 0.048 5.58 324.0
2460059.85253 18.341 0.060 6.56 359.0
2460061.87888 18.225 0.037 4.31 318.0
2460063.86743 18.244 0.042 4.37 401.0
2460067.79177 18.307 0.049 5.03 456.0
2460069.75721 18.272 0.077 6.26 728.0
2460071.70424 18.282 0.085 5.73 1290.0
2460076.86921 18.259 0.051 5.06 444.0
2460086.74022 18.219 0.058 6.65 353.0
2460087.82075 18.280 0.044 4.42 349.0
2460088.72170 18.294 0.048 5.40 290.0
2460089.90368 18.240 0.056 5.75 401.0
2460092.68492 18.256 0.054 6.10 337.0
2460095.82687 18.236 0.048 4.87 388.0
2460097.63352 18.256 0.063 5.56 595.0
2460098.75133 18.297 0.092 6.36 874.0
2460104.93457 18.288 0.072 5.33 776.0
2460106.78618 18.212 0.049 5.37 340.0
2460108.65107 18.251 0.055 6.34 274.0
2460110.59936 18.236 0.057 6.26 324.0
2460111.83406 18.277 0.053 4.61 454.0
2460113.55949 18.258 0.055 5.47 441.0
2460116.74362 18.203 0.044 5.15 320.0
2460119.67380 18.200 0.052 5.95 314.0
2460120.85742 18.203 0.052 6.04 353.0
2460122.82347 18.191 0.052 5.89 327.0
2460124.64577 18.164 0.051 5.75 430.0
2460125.77185 18.116 0.053 4.71 622.0
2460126.56982 18.115 0.066 5.38 903.0
2460130.74723 18.067 0.061 5.77 694.0
2460132.73354 18.002 0.056 5.54 791.0
2460134.79299 18.007 0.040 5.11 404.0
2460140.59105 17.761 0.034 5.71 259.0
2460142.51513 17.653 0.043 7.54 391.0
2460145.66717 17.444 0.023 5.46 368.0
2460149.80663 17.498 0.031 6.61 358.0
2460153.58958 17.691 0.033 5.27 439.0
2460158.60041 17.947 0.056 5.54 812.0
2460160.56201 17.971 0.047 5.89 424.0
2460162.52542 18.060 0.051 6.62 326.0
2460168.74645 18.166 0.043 5.48 254.0
2460171.49552 18.144 0.041 5.31 270.0
2460173.65861 18.204 0.050 5.90 284.0
2460178.63631 18.178 0.051 6.28 298.0
2460180.69049 18.204 0.057 5.95 429.0
2460186.64923 18.175 0.068 5.86 776.0
2460192.68185 18.414 0.101 7.65 592.0
2460202.57864 18.258 0.050 5.55 320.0
2460204.66251 18.240 0.078 7.64 448.0
2460208.50835 18.243 0.071 6.70 455.0
2460214.55210 18.326 0.100 7.68 655.0
2460219.57822 18.188 0.091 8.48 553.0
2460227.55011 18.227 0.063 6.57 480.0
2460231.58912 18.282 0.074 7.83 500.0
2460244.55413 18.304 0.106 7.42 906.0
2460367.89084 18.285 0.064 5.83 561.0
2460377.85493 18.300 0.055 5.45 408.0
2460380.88689 18.234 0.055 5.27 440.0
