2457181.92922 19.872 0.268 6.84 114.0
2457220.76248 20.558 0.262 4.58 69.0
2457223.67774 20.040 0.224 5.70 69.0
2457268.63101 20.312 0.226 4.64 74.0
2457272.53823 19.978 0.271 6.07 94.0
2457647.54258 19.713 0.215 5.16 167.0
2457652.60481 20.214 0.236 4.99 90.0
2457935.67041 20.328 0.271 5.69 65.0
2457954.65545 20.331 0.180 4.15 48.0
2457956.66277 20.173 0.175 3.72 58.0
2457959.58558 20.508 0.285 5.05 65.0
2457974.52067 20.127 0.273 5.12 111.0
2457985.59799 20.257 0.289 6.03 72.0
2458015.50148 20.019 0.280 6.68 79.0
2458018.53760 20.226 0.248 4.77 82.0
2458331.53416 20.183 0.195 4.67 64.0
2458332.53476 20.055 0.222 5.50 82.0
2458341.55185 20.434 0.230 3.89 72.0
2458359.69068 19.817 0.237 5.30 123.0
2458363.53893 20.084 0.220 5.06 78.0
2458366.52069 20.284 0.263 5.30 71.0
2458368.55693 20.138 0.200 4.64 65.0
2458410.55445 19.995 0.257 4.74 149.0
2458585.80666 20.389 0.234 4.80 73.0
2457181.92922 19.872 0.268 6.84 114.0
2457220.76248 20.558 0.262 4.58 69.0
2457223.67774 20.040 0.224 5.70 69.0
2457268.63101 20.312 0.226 4.64 74.0
2457272.53823 19.978 0.271 6.07 94.0
2457647.54258 19.713 0.215 5.16 167.0
2457652.60481 20.214 0.236 4.99 90.0
2457935.67041 20.328 0.271 5.69 65.0
2457954.65545 20.331 0.180 4.15 48.0
2457956.66277 20.173 0.175 3.72 58.0
2457959.58558 20.508 0.285 5.05 65.0
2457974.52067 20.127 0.273 5.12 111.0
2457985.59799 20.257 0.289 6.03 72.0
2458015.50148 20.019 0.280 6.68 79.0
2458018.53760 20.226 0.248 4.77 82.0
2458331.53416 20.183 0.195 4.67 64.0
2458332.53476 20.055 0.222 5.50 82.0
2458341.55185 20.434 0.230 3.89 72.0
2458359.69068 19.817 0.237 5.30 123.0
2458363.53893 20.084 0.220 5.06 78.0
2458366.52069 20.284 0.263 5.30 71.0
2458368.55693 20.138 0.200 4.64 65.0
2458410.55445 19.995 0.257 4.74 149.0
2458585.80666 20.389 0.234 4.80 73.0
2459819.70142 20.284 0.239 4.40 107.0
2460004.86773 20.461 0.279 4.85 357.0
2460016.85237 19.999 0.242 5.00 570.0
2460022.85447 20.168 0.261 6.06 301.0
2460033.79683 20.247 0.291 6.13 307.0
2460040.89198 20.254 0.217 3.76 503.0
2460061.78072 20.431 0.287 5.18 344.0
2460087.83815 20.416 0.294 5.51 359.0
2460106.76548 20.051 0.214 5.47 282.0
2460108.63127 20.103 0.195 5.08 256.0
2460116.75978 19.966 0.239 6.56 325.0
2460119.69059 19.965 0.204 5.91 272.0
2460120.87074 19.995 0.238 5.71 383.0
2460122.81894 20.099 0.247 5.64 322.0
2460124.64120 19.733 0.167 5.07 443.0
2460126.59748 19.806 0.259 5.00 843.0
2460130.78135 19.310 0.223 6.87 771.0
2460138.55994 19.014 0.092 5.68 345.0
2460140.66304 18.636 0.061 5.20 264.0
2460142.56976 18.216 0.049 6.22 289.0
2460145.72742 16.896 0.015 4.85 326.0
2460150.52680 18.004 0.058 6.84 495.0
2460153.59636 18.622 0.070 5.31 440.0
2460158.59438 19.345 0.189 5.65 876.0
2460160.55446 19.696 0.196 6.28 417.0
2460161.78163 19.574 0.179 5.11 507.0
2460168.70274 19.705 0.122 4.63 205.0
2460170.69600 20.009 0.220 6.33 274.0
2460173.59010 20.098 0.213 5.62 251.0
2460178.55835 20.021 0.257 6.55 280.0
2460180.62477 19.994 0.220 5.32 387.0
2460202.56751 20.214 0.276 5.65 321.0
