2457798.87896 19.413 0.078 4.86 491.0
2457803.85962 19.437 0.098 4.42 1046.0
2457809.90643 19.574 0.190 5.78 1798.0
2457813.81992 19.352 0.076 5.47 469.0
2457816.87825 19.625 0.070 4.51 315.0
2457819.81081 19.511 0.071 4.70 351.0
2457821.87806 19.576 0.087 4.98 386.0
2457824.82413 19.625 0.126 6.12 604.0
2457826.83544 19.428 0.084 5.05 574.0
2457828.85276 19.567 0.077 4.34 466.0
2457830.89962 19.689 0.126 4.67 1033.0
2457836.76605 19.509 0.105 6.79 342.0
2457838.75773 19.430 0.078 5.85 356.0
2457840.76453 19.556 0.082 5.78 298.0
2457842.73964 19.717 0.106 6.37 301.0
2457843.88977 19.560 0.074 5.84 242.0
2457845.83237 19.527 0.061 4.55 264.0
2457847.77355 19.630 0.078 4.95 284.0
2457848.92339 19.545 0.088 4.93 523.0
2457850.82830 19.429 0.061 4.70 292.0
2457852.84359 19.706 0.132 7.66 345.0
2457854.89051 19.471 0.081 4.82 467.0
2457856.80953 19.691 0.127 5.94 513.0
2457858.80084 19.482 0.071 4.25 497.0
2457863.76200 19.526 0.085 6.04 302.0
2457864.71907 19.651 0.066 4.50 283.0
2457865.86127 19.581 0.067 4.44 349.0
2457867.72328 19.576 0.066 4.71 292.0
2457868.92620 19.546 0.111 6.72 367.0
2457870.80005 19.467 0.055 4.44 259.0
2457872.67414 19.656 0.073 4.48 333.0
2457873.79991 19.521 0.050 3.82 267.0
2457874.89172 19.452 0.059 4.00 369.0
2457876.80125 19.607 0.065 4.39 322.0
2457877.88742 19.398 0.064 4.17 430.0
2457879.74608 19.467 0.112 6.67 449.0
2457880.92145 19.584 0.139 7.21 440.0
2457882.86316 19.602 0.109 5.41 565.0
2457893.63598 19.559 0.123 7.58 372.0
2457894.63108 19.453 0.089 7.04 403.0
2457895.64523 19.569 0.082 5.68 455.0
2457901.78307 19.517 0.072 5.16 386.0
2457902.90659 19.776 0.169 7.03 485.0
2457904.65736 19.584 0.090 6.35 289.0
2457905.62423 19.454 0.067 5.26 318.0
2457906.58787 19.375 0.084 5.94 432.0
2457907.60986 19.549 0.095 5.57 587.0
2457908.68279 19.420 0.065 4.53 396.0
2457909.61492 19.648 0.102 5.11 519.0
2457910.87990 19.474 0.073 4.48 567.0
2457911.76220 19.424 0.128 7.16 591.0
2457916.78251 19.661 0.083 3.79 627.0
2457917.77428 19.513 0.079 4.58 480.0
2457923.65753 19.433 0.085 6.32 325.0
2457924.61913 19.540 0.069 4.66 307.0
2457925.64313 19.682 0.069 4.64 273.0
2457926.71171 19.444 0.074 5.67 314.0
2457932.69922 19.470 0.097 6.69 316.0
2457933.68109 19.617 0.100 7.00 239.0
2457935.71561 19.615 0.075 4.96 258.0
2457936.71237 19.596 0.073 5.01 263.0
2457937.67659 19.639 0.093 5.84 328.0
2457944.50153 19.421 0.098 5.41 676.0
2457944.80514 19.546 0.140 6.44 730.0
2457945.72474 19.442 0.057 3.74 404.0
2457946.68552 19.735 0.086 4.54 347.0
2457947.74817 19.618 0.116 6.77 367.0
2457948.74662 19.599 0.074 4.62 381.0
2457952.67694 19.558 0.074 4.83 277.0
2457953.70050 19.505 0.062 5.01 226.0
2457954.73390 19.506 0.060 4.63 322.0
2457956.70453 19.439 0.066 5.01 279.0
2457958.64111 19.524 0.085 6.20 264.0
2457959.66719 19.594 0.056 4.18 241.0
2457960.70697 19.501 0.062 4.97 277.0
2457964.67713 19.477 0.077 5.08 388.0
2457966.61878 19.593 0.109 6.87 297.0
2457972.56972 19.822 0.171 6.55 565.0
2457973.71042 19.801 0.182 6.83 696.0
2457975.62992 19.605 0.139 7.05 503.0
2457980.61336 19.801 0.134 6.13 401.0
2457982.57545 19.559 0.075 4.61 300.0
2457984.52678 19.566 0.105 6.54 305.0
2457986.56631 19.567 0.056 4.06 273.0
2457990.53820 19.434 0.078 5.53 359.0
2457992.51566 19.572 0.075 4.93 335.0
2457994.49530 19.434 0.115 5.56 815.0
2457998.61992 19.465 0.090 5.01 609.0
2458001.60863 19.432 0.077 5.03 515.0
2458004.61167 19.438 0.097 6.10 467.0
2458011.54434 19.550 0.121 7.10 378.0
2458014.57271 19.398 0.070 5.04 378.0
2458018.50961 19.421 0.076 5.65 359.0
2458165.86905 19.592 0.082 5.24 412.0
2458170.84006 19.592 0.080 5.17 382.0
2458173.88199 19.414 0.060 4.48 402.0
2458181.82380 19.605 0.105 5.42 627.0
2458184.86379 19.580 0.101 4.92 550.0
2458190.82789 19.639 0.078 5.29 293.0
2458193.79044 19.601 0.079 5.68 301.0
2458195.85194 19.477 0.072 5.35 310.0
2458197.89020 19.544 0.060 4.00 306.0
2458200.77234 19.439 0.079 5.94 381.0
2458202.76602 19.494 0.075 5.30 391.0
2458204.74323 19.672 0.141 6.97 509.0
2458206.74305 19.557 0.095 5.37 559.0
2458207.87660 19.585 0.061 3.84 370.0
2458209.82424 19.549 0.074 4.39 497.0
2458211.74369 19.468 0.125 6.81 630.0
2458212.84335 19.412 0.084 3.72 1083.0
2458220.81101 19.493 0.057 4.89 250.0
2458222.75078 19.493 0.057 4.46 278.0
2458224.74524 19.697 0.094 5.43 344.0
2458227.70034 19.370 0.071 5.58 332.0
2458228.89470 19.590 0.053 3.64 263.0
2458230.76548 19.482 0.061 4.89 292.0
2458235.72598 19.601 0.099 5.63 486.0
2458238.85083 19.656 0.101 4.39 697.0
2458245.77425 19.514 0.105 6.12 455.0
2458246.87685 19.487 0.075 4.55 459.0
2458247.92200 19.558 0.118 6.37 465.0
2458249.88835 19.528 0.095 5.63 422.0
2458252.89766 19.516 0.095 5.97 404.0
2458254.69069 19.439 0.059 4.96 297.0
2458255.76638 19.476 0.060 5.12 298.0
2458256.81022 19.674 0.107 5.89 377.0
2458257.86188 19.561 0.079 5.13 350.0
2458259.70758 19.642 0.079 5.26 355.0
2458260.91895 19.613 0.087 5.00 539.0
2458262.72843 19.577 0.064 4.54 289.0
2458263.78321 19.547 0.059 3.95 356.0
2458264.91013 19.564 0.090 5.36 512.0
2458266.68329 19.523 0.117 5.90 625.0
2458271.82669 19.447 0.137 5.54 1223.0
2458272.92241 19.485 0.090 5.18 535.0
2458273.88816 19.506 0.072 4.49 400.0
2458274.88269 19.469 0.095 5.72 566.0
2458275.89429 19.791 0.117 5.31 524.0
2458276.87998 19.462 0.099 6.16 445.0
2458278.55246 19.404 0.075 5.77 407.0
2458282.69248 19.509 0.052 4.34 229.0
2458283.68416 19.602 0.084 6.39 280.0
2458284.64564 19.605 0.071 4.91 301.0
2458285.78846 19.528 0.068 4.53 294.0
2458286.89774 19.516 0.077 4.94 382.0
2458288.52998 19.632 0.095 5.66 367.0
2458289.54149 19.410 0.073 5.70 379.0
2458290.55439 19.372 0.070 5.29 416.0
2458291.59760 19.507 0.088 4.96 674.0
2458292.60480 19.521 0.086 5.55 367.0
2458293.61423 19.694 0.113 5.90 426.0
2458294.69959 19.564 0.152 7.49 662.0
2458294.82962 19.420 0.140 6.97 807.0
2458301.75686 19.643 0.146 7.09 527.0
2458304.67089 19.621 0.111 6.97 346.0
2458305.77371 19.456 0.120 7.57 331.0
2458307.47966 19.289 0.071 5.67 429.0
2458308.47074 19.553 0.100 5.84 448.0
2458308.81789 19.452 0.101 6.89 390.0
2458309.80074 19.390 0.067 5.41 340.0
2458310.69504 19.582 0.067 4.67 296.0
2458311.67423 19.457 0.059 4.56 257.0
2458312.68236 19.480 0.056 4.63 248.0
2458313.67567 19.648 0.062 4.05 270.0
2458314.67316 19.595 0.061 3.79 301.0
2458316.66704 19.526 0.086 6.03 289.0
2458320.71665 19.762 0.082 4.79 306.0
2458328.58494 19.483 0.080 4.86 482.0
2458329.64016 19.546 0.088 5.34 434.0
2458331.54515 19.665 0.069 4.65 279.0
2458332.66969 19.488 0.077 5.08 390.0
2458334.57085 19.445 0.066 5.05 349.0
2458336.57373 19.505 0.065 4.99 252.0
2458339.47561 19.442 0.072 5.34 393.0
2458340.73102 19.675 0.081 5.27 271.0
2458342.65428 19.643 0.092 5.35 309.0
2458345.54187 19.545 0.086 4.41 382.0
2458347.50893 19.483 0.057 5.62 271.0
2458355.56343 19.540 0.084 4.95 440.0
2458357.67523 19.540 0.091 4.84 544.0
2458359.68558 19.566 0.109 5.90 533.0
2458363.67190 19.646 0.079 5.84 251.0
2458367.52519 19.532 0.075 4.76 319.0
2458369.61274 19.430 0.064 4.76 317.0
2458372.52006 19.544 0.086 5.37 331.0
2458376.50233 19.843 0.144 7.06 359.0
2458381.50492 19.677 0.166 5.51 1100.0
2458383.53530 19.429 0.084 4.94 548.0
2458385.52559 19.566 0.061 3.15 520.0
2458392.49277 19.478 0.111 7.03 357.0
2458394.50797 19.353 0.090 5.99 376.0
2458397.54938 19.549 0.085 5.83 322.0
2458409.51356 19.582 0.167 7.60 621.0
2458412.52759 19.337 0.102 5.47 635.0
2458414.53187 19.462 0.148 6.75 740.0
2458418.50532 19.365 0.125 7.14 580.0
2458425.50882 19.363 0.104 5.99 594.0
2458516.88045 19.586 0.133 5.23 1092.0
2458518.87806 19.655 0.131 5.81 741.0
2458519.87237 19.850 0.124 5.46 524.0
2458521.86897 19.601 0.079 4.90 412.0
2458522.86843 19.669 0.088 5.20 381.0
2458523.86802 19.467 0.074 5.12 365.0
2458524.87409 19.395 0.099 6.69 422.0
2458524.88355 19.591 0.111 5.84 549.0
2458526.85733 19.309 0.091 7.22 360.0
2458526.88764 19.613 0.159 7.06 706.0
2458528.86080 19.576 0.108 6.20 447.0
2458529.85285 19.560 0.095 5.86 401.0
2458530.86287 19.470 0.069 4.89 335.0
2458530.88109 19.674 0.078 4.41 367.0
2458531.85398 19.486 0.089 5.88 385.0
2458531.88620 19.431 0.100 6.45 471.0
2458532.84872 19.459 0.100 5.75 633.0
2458533.85841 19.375 0.073 4.93 633.0
2458534.84463 19.584 0.092 4.60 640.0
2458534.85560 19.609 0.095 4.87 597.0
2458534.89487 19.597 0.137 5.54 1031.0
2458535.85737 19.646 0.128 6.35 537.0
2458536.86226 19.474 0.085 5.16 529.0
2458537.84914 19.833 0.134 6.25 452.0
2458538.87980 19.579 0.083 5.70 434.0
2458539.85963 19.583 0.080 4.72 465.0
2458539.89987 19.653 0.119 5.49 763.0
2458540.88088 19.285 0.103 4.93 1144.0
2458544.82891 19.548 0.061 4.53 306.0
2458544.83340 19.661 0.066 4.42 308.0
2458544.87034 19.631 0.068 5.14 290.0
2458546.83807 19.644 0.077 5.08 320.0
2458546.88581 19.608 0.077 5.37 306.0
2458547.83866 19.479 0.074 5.88 321.0
2458547.88536 19.589 0.069 4.62 305.0
2458548.84190 19.551 0.066 4.19 384.0
2458548.88772 19.468 0.058 4.09 394.0
2458549.82573 19.584 0.088 6.03 312.0
2458549.87423 19.608 0.081 6.20 315.0
2458550.83746 19.465 0.057 4.43 306.0
2458550.87698 19.621 0.071 5.19 307.0
2458551.83507 19.756 0.121 6.96 312.0
2458551.87440 19.522 0.087 6.27 298.0
2458552.85475 19.590 0.096 6.58 296.0
2458552.89412 19.899 0.130 6.85 286.0
2458553.81559 19.537 0.101 6.80 330.0
2458553.87007 19.749 0.116 6.94 324.0
2458554.79395 19.874 0.148 7.17 346.0
2458554.83595 19.413 0.066 5.15 333.0
2458554.87587 19.456 0.072 5.66 302.0
2458555.79532 19.434 0.067 4.91 374.0
2458555.83522 19.563 0.072 5.91 323.0
2458555.88284 19.508 0.058 4.62 299.0
2458556.79376 19.439 0.069 5.16 313.0
2458556.83381 19.712 0.077 4.87 303.0
2458556.88256 19.824 0.093 5.68 310.0
2458557.79242 19.617 0.090 5.64 318.0
2458557.83824 19.439 0.066 5.17 306.0
2458557.87817 19.568 0.069 5.05 302.0
2458558.79007 19.632 0.106 6.39 342.0
2458558.82965 19.488 0.078 5.63 321.0
2458558.86924 19.447 0.067 5.65 302.0
2458559.77242 19.437 0.082 5.87 411.0
2458559.81185 19.602 0.079 5.15 324.0
2458559.85205 19.480 0.056 4.31 292.0
2458559.90068 19.453 0.060 4.75 310.0
2458560.79782 19.511 0.065 4.09 440.0
2458560.83756 19.645 0.070 4.45 314.0
2458560.88496 19.515 0.061 4.47 331.0
2458561.76935 19.431 0.087 5.70 536.0
2458561.81693 19.556 0.070 4.23 444.0
2458561.86752 19.513 0.089 5.73 382.0
2458562.76535 19.893 0.148 5.86 608.0
2458562.80323 19.665 0.115 5.87 571.0
2458562.85885 19.428 0.084 5.23 523.0
2458562.89909 19.516 0.099 5.88 477.0
2458563.78026 19.775 0.132 5.57 709.0
2458563.83699 19.575 0.087 4.48 575.0
2458563.87681 19.683 0.091 4.39 540.0
2458563.91687 19.622 0.125 4.40 1251.0
2458564.80996 19.388 0.062 4.09 507.0
2458564.85177 19.546 0.069 4.06 487.0
2458564.89225 19.477 0.073 4.90 493.0
2458565.78127 19.620 0.090 4.60 603.0
2458565.83666 19.668 0.096 4.74 536.0
2458565.88921 19.491 0.067 3.98 477.0
2458566.77362 19.476 0.073 4.08 594.0
2458566.82214 19.540 0.075 4.25 531.0
2458566.87175 19.414 0.067 4.62 477.0
2458567.76425 19.521 0.075 4.02 643.0
2458567.79970 19.576 0.085 5.02 560.0
2458567.83197 19.600 0.079 4.23 536.0
2458567.87258 19.681 0.124 4.80 834.0
2458567.91823 19.546 0.115 4.41 1086.0
2458572.85232 19.609 0.085 5.85 415.0
2458572.85694 19.530 0.067 6.25 290.0
2458573.88242 19.628 0.098 6.09 334.0
2458573.92314 19.507 0.110 5.85 604.0
2458574.82518 19.608 0.130 7.95 294.0
2458574.87125 19.553 0.078 5.81 278.0
2458574.91365 19.409 0.069 5.95 303.0
2458575.75444 19.575 0.098 6.53 325.0
2458575.80165 19.687 0.108 6.66 304.0
2458575.84043 19.504 0.084 6.34 298.0
2458575.87957 19.662 0.090 5.99 305.0
2458576.80401 19.549 0.095 6.87 315.0
2458576.84277 19.422 0.076 6.59 301.0
2458576.88988 19.323 0.084 7.48 280.0
2458577.71641 19.449 0.115 7.55 399.0
2458577.79842 19.699 0.126 6.69 372.0
2458577.85088 19.826 0.139 7.02 362.0
2458577.91306 19.972 0.178 7.33 409.0
2458578.73696 19.509 0.079 5.44 354.0
2458578.78395 19.556 0.078 5.60 327.0
2458578.82401 19.410 0.069 5.36 350.0
2458578.88121 19.604 0.080 5.56 340.0
2458579.71101 19.664 0.118 6.48 443.0
2458579.75094 19.665 0.081 4.88 370.0
2458579.78882 19.825 0.140 6.76 396.0
2458579.83426 19.518 0.092 5.83 434.0
2458579.88781 19.430 0.079 5.41 411.0
2458580.71546 19.493 0.085 5.92 393.0
2458580.74959 19.486 0.070 5.29 332.0
2458580.80259 19.717 0.097 6.53 330.0
2458580.84204 19.645 0.097 6.62 344.0
2458580.89151 19.522 0.072 4.97 364.0
2458581.72334 19.432 0.064 5.14 358.0
2458581.76870 19.527 0.069 5.41 317.0
2458581.81557 19.659 0.079 5.49 307.0
2458581.89217 19.623 0.084 5.79 369.0
2458582.71515 19.570 0.082 6.04 306.0
2458582.75476 19.615 0.088 6.27 309.0
2458582.80579 19.541 0.081 6.15 323.0
2458582.87453 19.364 0.064 5.91 346.0
2458582.92662 19.484 0.121 3.85 1763.0
2458583.73804 19.584 0.078 5.82 326.0
2458583.78527 19.576 0.075 6.01 312.0
2458583.83516 19.528 0.072 5.90 336.0
2458583.91207 19.516 0.069 4.71 410.0
2458584.73315 19.462 0.076 5.84 335.0
2458584.78061 19.627 0.079 5.65 295.0
2458584.84639 19.531 0.060 5.14 276.0
2458585.69900 19.597 0.088 5.66 365.0
2458585.73634 19.516 0.080 6.09 325.0
2458585.79523 19.517 0.065 5.73 315.0
2458585.84455 19.533 0.055 4.51 300.0
2458585.90903 19.558 0.056 3.56 339.0
2458586.71630 19.522 0.073 6.14 319.0
2458586.76454 19.496 0.058 4.56 286.0
2458586.81033 19.650 0.069 4.66 275.0
2458586.89144 19.549 0.058 4.30 283.0
2458587.69461 19.467 0.110 7.11 448.0
2458587.72943 19.352 0.075 6.19 383.0
2458587.78797 19.589 0.084 5.88 313.0
2458587.83873 19.614 0.086 5.71 334.0
2458587.91787 19.632 0.076 4.43 385.0
2458588.72835 19.587 0.079 5.84 379.0
2458588.78313 19.558 0.055 4.18 302.0
2458588.83099 19.535 0.046 3.60 271.0
2458588.91389 19.572 0.059 4.01 337.0
2458589.70337 19.580 0.082 4.35 538.0
2458589.74665 19.517 0.073 4.53 472.0
2458589.80393 19.545 0.075 4.66 404.0
2458589.87238 19.549 0.066 4.00 315.0
2458589.92362 19.576 0.075 4.03 503.0
2458590.72505 19.428 0.078 6.01 524.0
2458590.77395 19.638 0.076 5.25 463.0
2458590.82077 19.562 0.061 3.98 436.0
2458590.90213 19.489 0.055 3.51 367.0
2458591.71163 19.610 0.101 6.24 633.0
2458591.75593 19.677 0.101 5.85 563.0
2458591.82298 19.497 0.065 4.54 507.0
2458591.88608 19.623 0.086 4.06 666.0
2458592.79365 19.555 0.116 6.10 653.0
2458592.84826 19.703 0.114 5.93 623.0
2458592.88791 19.608 0.103 3.79 1053.0
2458593.73012 19.842 0.182 5.95 1270.0
2458593.79642 19.432 0.111 6.22 931.0
2458593.87527 19.582 0.112 4.00 1359.0
2458594.67678 19.587 0.124 5.43 891.0
2458594.71396 19.584 0.114 5.33 763.0
2458594.76255 19.770 0.115 5.70 612.0
2458594.82818 19.431 0.080 4.58 700.0
2458594.87729 19.652 0.100 4.71 672.0
2458594.93003 19.649 0.109 4.20 921.0
2458599.68406 19.511 0.116 6.63 532.0
2458599.73350 19.410 0.082 5.98 402.0
2458599.79001 19.475 0.079 6.19 358.0
2458599.87229 19.566 0.063 3.96 356.0
2458599.92366 19.542 0.073 4.76 382.0
2458600.69109 19.520 0.075 5.32 333.0
2458600.84326 19.529 0.067 4.88 374.0
2458601.67120 19.474 0.064 4.91 332.0
2458601.76920 19.641 0.079 5.50 368.0
2458602.66910 19.491 0.063 5.01 323.0
2458602.75245 19.432 0.058 4.97 288.0
2458602.91963 19.450 0.057 3.93 361.0
2458603.70184 19.671 0.102 6.19 303.0
2458603.86091 19.497 0.059 4.18 306.0
2458604.70670 19.825 0.150 7.56 337.0
2458604.71550 19.419 0.093 7.21 331.0
2458604.73307 19.697 0.111 6.70 335.0
2458604.85371 19.744 0.091 5.00 314.0
2458605.67246 19.647 0.125 7.69 349.0
2458605.79559 19.660 0.097 5.39 325.0
2458606.67084 19.668 0.081 4.89 345.0
2458606.74306 19.664 0.069 4.22 286.0
2458606.89415 19.575 0.062 4.27 336.0
2458607.68749 19.462 0.072 5.77 339.0
2458607.82441 19.561 0.066 4.43 348.0
2458608.65394 19.346 0.081 5.39 587.0
2458608.78482 19.483 0.063 4.52 364.0
2458608.92979 19.602 0.071 3.97 456.0
2458612.75942 19.435 0.079 5.85 280.0
2458612.90163 19.807 0.131 6.52 381.0
2458613.66161 19.315 0.078 6.10 346.0
2458613.79858 19.481 0.054 4.01 313.0
2458613.93658 19.398 0.083 5.07 627.0
2458614.69624 19.659 0.122 6.75 383.0
2458614.85384 19.589 0.093 5.37 438.0
2458615.66691 19.619 0.113 6.99 372.0
2458615.78769 19.531 0.064 4.86 295.0
2458616.63775 19.500 0.081 5.57 429.0
2458616.71326 19.657 0.068 4.49 356.0
2458616.86140 19.614 0.060 3.40 368.0
2458617.65533 19.540 0.080 5.11 404.0
2458617.75643 19.619 0.058 3.89 347.0
2458618.62703 19.694 0.125 6.82 492.0
2458618.70730 19.453 0.124 7.87 457.0
2458618.85914 19.380 0.070 4.66 486.0
2458619.64537 19.716 0.127 6.61 481.0
2458619.74632 19.450 0.081 5.53 411.0
2458620.62762 19.164 0.100 7.40 581.0
2458620.86875 19.563 0.080 4.56 480.0
2458621.85140 19.387 0.090 4.68 752.0
2458626.61913 19.590 0.190 7.13 999.0
2458626.66860 19.376 0.124 7.82 522.0
2458626.71889 19.764 0.196 6.19 1112.0
2458626.77637 19.491 0.088 4.85 528.0
2458626.83420 19.364 0.085 5.42 540.0
2458626.88436 19.384 0.082 4.93 591.0
2458626.93409 19.613 0.115 5.16 721.0
2458627.66112 19.432 0.079 5.29 787.0
2458627.72367 19.467 0.059 4.21 371.0
2458635.64506 19.433 0.063 5.13 287.0
2458635.73657 19.624 0.068 4.59 274.0
2458635.87441 19.243 0.079 6.52 399.0
2458636.58406 19.362 0.068 5.48 328.0
2458636.68642 19.628 0.080 5.36 290.0
2458636.83169 19.614 0.063 4.12 286.0
2458637.57786 19.435 0.067 5.17 383.0
2458637.64560 19.604 0.069 5.52 247.0
2458637.79356 19.494 0.055 3.85 330.0
2458637.91525 19.530 0.078 5.07 438.0
2458638.69601 19.628 0.066 5.07 266.0
2458638.88911 19.418 0.073 5.06 436.0
2458639.69779 19.473 0.050 4.13 331.0
2458640.56745 19.498 0.093 6.56 368.0
2458640.64898 19.402 0.067 5.48 307.0
2458640.80357 19.487 0.069 4.73 321.0
2458641.58713 19.813 0.125 6.38 411.0
2458641.70001 19.621 0.064 4.71 313.0
2458642.83069 19.547 0.088 5.14 401.0
2458643.66956 19.528 0.055 4.15 313.0
2458644.55008 19.704 0.129 6.67 460.0
2458644.77524 19.582 0.073 4.69 347.0
2458646.61124 19.423 0.098 7.03 346.0
2458646.84699 19.622 0.113 6.78 381.0
2458647.74001 19.367 0.082 5.75 415.0
2458648.66022 19.519 0.088 5.34 484.0
2458649.58351 19.623 0.168 6.77 832.0
2458655.53274 19.317 0.067 6.56 438.0
2458656.86645 19.354 0.078 5.58 493.0
2458657.73535 19.527 0.061 4.27 275.0
2458660.52851 19.528 0.108 7.19 322.0
2458660.78108 19.402 0.055 4.27 321.0
2458661.61885 19.489 0.064 5.25 260.0
2458662.66210 19.636 0.084 6.09 244.0
2458664.62274 19.647 0.059 4.67 203.0
2458665.57415 19.688 0.124 7.37 368.0
2458666.60646 19.253 0.069 6.24 304.0
2458667.52642 19.796 0.135 6.34 461.0
2458667.73532 19.491 0.056 4.51 245.0
2458668.56640 19.657 0.110 7.08 284.0
2458668.82942 19.640 0.083 5.86 277.0
2458669.61493 19.517 0.066 4.96 330.0
2458670.48983 19.583 0.081 5.72 382.0
2458670.69968 19.600 0.048 3.67 212.0
2458673.58095 19.568 0.083 5.36 366.0
2458674.57257 19.503 0.080 5.80 298.0
2458674.79887 19.617 0.118 6.79 390.0
2458675.65490 19.477 0.067 4.39 387.0
2458676.51912 19.297 0.072 5.59 454.0
2458676.76822 19.482 0.082 4.86 491.0
2458681.52763 19.875 0.188 5.95 897.0
2458681.75667 19.795 0.180 6.05 891.0
2458682.49354 19.473 0.105 6.10 621.0
2458682.78148 19.574 0.117 5.67 656.0
2458683.52977 19.469 0.094 6.00 436.0
2458683.78972 19.299 0.088 5.96 487.0
2458684.53368 19.572 0.082 5.33 332.0
2458685.50845 19.516 0.091 5.95 334.0
2458688.55975 19.835 0.128 6.41 319.0
2458689.50559 19.676 0.123 6.72 361.0
2458689.70130 19.738 0.086 5.74 247.0
2458690.49257 19.509 0.084 5.53 368.0
2458690.58703 19.550 0.079 5.29 310.0
2458691.51946 19.633 0.060 4.47 265.0
2458691.78181 19.352 0.064 5.14 350.0
2458692.52445 19.464 0.083 6.06 367.0
2458692.77291 19.113 0.078 6.80 407.0
2458693.52369 19.528 0.101 7.03 282.0
2458694.49672 19.504 0.073 5.50 321.0
2458694.65374 19.656 0.058 3.76 244.0
2458695.49512 19.705 0.086 5.59 320.0
2458695.73087 19.498 0.054 4.11 282.0
2458697.76179 19.503 0.092 6.91 274.0
2458698.52868 19.472 0.072 5.58 273.0
2458699.67647 19.455 0.053 4.13 258.0
2458700.58644 19.419 0.056 4.44 282.0
2458701.65998 19.597 0.075 4.84 307.0
2458702.61556 19.539 0.066 4.83 276.0
2458702.74903 19.744 0.089 5.24 309.0
2458710.49810 19.532 0.086 4.79 577.0
2458711.68899 19.428 0.174 7.66 890.0
2458712.66057 19.293 0.099 7.13 438.0
2458713.69068 19.433 0.087 5.57 433.0
2458715.65935 19.550 0.072 5.10 310.0
2458716.68590 19.476 0.068 5.00 338.0
2458717.70364 19.408 0.096 7.05 334.0
2458718.71393 19.503 0.090 5.81 427.0
2458719.64559 19.614 0.082 5.64 311.0
2458722.50109 19.673 0.073 4.83 314.0
2458723.67744 19.466 0.077 5.47 354.0
2458724.67915 19.605 0.085 5.85 329.0
2458725.68051 19.720 0.091 5.89 269.0
2458726.67054 19.482 0.064 4.93 257.0
2458727.65738 19.580 0.128 7.27 359.0
2458728.67049 19.458 0.070 4.91 321.0
2458729.67543 19.485 0.091 6.63 317.0
2458730.65764 19.480 0.080 6.08 285.0
2458736.61682 19.551 0.109 5.67 573.0
2458738.63199 19.358 0.115 6.64 677.0
2458739.63240 19.655 0.130 6.06 588.0
2458740.59116 19.249 0.112 7.49 527.0
2458741.63838 19.431 0.107 6.44 540.0
2458742.63249 19.653 0.128 6.40 536.0
2458747.55301 19.635 0.112 7.02 281.0
2458750.59455 19.400 0.074 5.52 349.0
2458755.59475 19.496 0.074 4.70 355.0
2458886.86719 19.573 0.122 7.42 386.0
2458886.88112 19.697 0.116 6.03 502.0
2458887.87946 19.516 0.115 6.11 737.0
2458888.86439 19.205 0.113 7.13 839.0
2458888.88521 19.436 0.144 6.80 1051.0
2458889.86112 19.519 0.102 5.32 718.0
2458889.87508 19.685 0.130 5.86 714.0
2458890.85949 19.458 0.094 5.47 688.0
2458890.87823 19.727 0.122 5.44 717.0
2458891.87267 19.804 0.154 5.97 939.0
2458892.85174 19.822 0.133 5.49 724.0
2458893.85075 19.381 0.091 6.02 571.0
2458893.88039 19.552 0.083 5.02 541.0
2458899.85149 19.321 0.069 5.96 344.0
2458899.89518 19.490 0.115 5.15 997.0
2458900.86924 19.544 0.067 5.24 294.0
2458901.83895 19.625 0.091 6.07 313.0
2458901.86442 19.624 0.076 5.22 287.0
2458902.83451 19.517 0.082 6.11 313.0
2458902.87254 19.557 0.065 4.70 284.0
2458903.83585 19.290 0.086 6.71 381.0
2458903.86931 19.517 0.075 5.42 333.0
2458904.83719 19.574 0.077 6.04 266.0
2458904.86257 19.811 0.088 5.72 261.0
2458905.83139 19.550 0.067 5.12 299.0
2458905.86680 19.563 0.067 5.33 278.0
2458906.84883 19.555 0.079 5.91 316.0
2458906.89082 19.309 0.062 5.21 345.0
2458907.85527 19.606 0.076 5.23 357.0
2458907.89011 19.535 0.060 4.46 343.0
2458908.85767 19.464 0.084 6.35 328.0
2458908.89244 19.720 0.090 5.41 347.0
2458911.89198 19.664 0.110 6.64 339.0
2458914.84233 19.500 0.068 5.29 320.0
2458916.88238 19.582 0.079 4.69 361.0
2458918.90428 19.483 0.074 4.10 530.0
2458920.90297 19.346 0.070 5.14 474.0
2459795.59901 19.579 0.076 5.42 270.0
2459796.53817 19.530 0.081 6.09 312.0
2459797.58218 19.455 0.096 6.26 403.0
2459805.51269 19.220 0.074 6.26 345.0
2459806.56874 19.517 0.118 7.00 449.0
2459807.62987 19.504 0.068 4.93 320.0
2459808.69682 19.421 0.094 6.49 340.0
2459810.57070 19.523 0.057 4.98 265.0
2459812.51865 19.296 0.068 6.09 249.0
2459814.53055 19.515 0.078 5.67 301.0
2459815.70261 19.488 0.075 5.39 327.0
2459817.60384 19.637 0.079 5.24 312.0
2459819.59593 19.447 0.060 5.21 331.0
2459821.66292 19.380 0.069 5.76 324.0
2459824.51865 19.695 0.152 7.68 442.0
2459830.64867 19.233 0.128 7.70 813.0
2459832.57761 19.469 0.144 7.80 645.0
2459835.60244 19.557 0.119 6.52 479.0
2459838.61956 19.335 0.067 5.44 400.0
2459841.58586 19.430 0.087 6.42 423.0
2459844.62156 19.474 0.104 7.05 431.0
2459848.57055 19.430 0.095 6.31 453.0
2459852.53257 19.659 0.135 7.69 401.0
2459857.55774 19.700 0.182 7.47 726.0
2459861.54904 19.481 0.114 5.79 782.0
2459866.53876 19.478 0.089 5.09 599.0
2459988.86531 19.292 0.074 5.77 525.0
2459997.84493 19.516 0.092 5.68 436.0
2460001.84102 19.461 0.070 5.16 421.0
2460005.82204 19.179 0.077 6.98 438.0
2460009.79815 19.610 0.152 6.93 693.0
2460013.81074 19.381 0.061 4.24 506.0
2460020.89093 19.456 0.052 3.86 326.0
2460023.81545 19.349 0.056 5.21 259.0
2460026.82133 19.566 0.090 6.33 323.0
2460028.89441 19.457 0.069 5.57 312.0
2460031.77649 19.283 0.055 5.31 284.0
2460033.84338 19.477 0.065 5.18 314.0
2460036.78037 19.366 0.075 6.04 384.0
2460038.88885 19.416 0.048 4.52 300.0
2460040.91359 19.288 0.061 4.61 570.0
2460043.79140 19.422 0.077 4.98 640.0
2460049.74584 19.252 0.053 5.50 279.0
2460052.76098 19.362 0.071 5.90 323.0
2460054.89649 19.231 0.044 4.25 306.0
2460058.70646 19.217 0.059 5.57 358.0
2460060.68984 19.433 0.061 4.83 371.0
2460062.69848 19.348 0.058 5.30 343.0
2460065.84233 19.272 0.056 5.22 309.0
2460067.91139 19.287 0.050 4.38 362.0
2460069.84338 19.201 0.073 4.79 830.0
2460075.89380 19.196 0.059 4.48 575.0
2460085.63958 19.015 0.069 6.74 373.0
2460089.61723 19.080 0.056 5.08 453.0
2460091.62562 19.168 0.065 5.36 470.0
2460092.94010 19.079 0.085 6.18 665.0
2460095.88735 19.060 0.061 5.76 427.0
2460097.59759 19.091 0.069 5.07 721.0
2460104.66132 19.038 0.050 4.93 371.0
2460105.79415 18.954 0.045 5.05 344.0
2460107.77535 18.890 0.066 7.80 291.0
2460109.66986 18.938 0.070 8.03 326.0
2460111.55717 18.972 0.056 5.68 437.0
2460112.65374 19.118 0.047 4.65 346.0
2460113.79593 18.983 0.052 5.54 377.0
2460118.72962 19.059 0.077 7.17 334.0
2460120.60634 19.000 0.052 5.73 314.0
2460122.53755 19.150 0.070 5.94 395.0
2460123.76624 19.047 0.048 4.38 494.0
2460125.55569 18.985 0.070 5.59 701.0
2460130.55341 19.093 0.092 5.95 935.0
2460131.81775 18.877 0.093 7.23 936.0
2460134.56619 18.949 0.055 6.34 360.0
2460139.75840 19.057 0.058 5.84 344.0
2460141.68973 19.125 0.050 5.24 279.0
2460143.70294 19.110 0.044 4.52 286.0
2460149.60573 19.132 0.053 5.15 319.0
2460157.69465 19.252 0.068 4.01 913.0
2460159.63218 19.267 0.062 4.68 445.0
2460161.59776 19.169 0.062 5.58 342.0
2460167.68821 19.128 0.070 7.15 269.0
2460169.74061 19.232 0.076 6.81 310.0
2460172.51159 19.135 0.058 5.71 317.0
2460175.57330 19.243 0.091 6.91 403.0
2460179.70133 19.213 0.076 6.50 416.0
2460186.49512 18.987 0.090 6.71 708.0
2460191.56327 19.087 0.086 7.46 424.0
2460202.49295 16.800 0.009 5.46 363.0
2460204.56433 17.715 0.020 6.00 372.0
2460212.60095 18.103 0.036 6.52 639.0
2460218.59789 18.183 0.044 7.05 724.0
2460225.57695 18.095 0.037 7.27 503.0
2460231.54294 17.984 0.028 6.25 521.0
2460247.51349 17.469 0.031 8.64 758.0
2460355.88193 19.347 0.068 5.03 491.0
2460365.86386 19.186 0.077 5.54 625.0
2460370.86797 19.490 0.069 4.28 473.0
2460377.88819 19.333 0.054 4.72 322.0
2460381.81872 19.355 0.066 4.78 397.0
