2457796.86927 15.856 0.005 4.96 623.0
2457798.87567 15.854 0.005 4.78 513.0
2457800.86697 15.866 0.005 4.96 483.0
2457802.84687 15.858 0.006 6.79 547.0
2457803.88752 15.862 0.006 5.22 1010.0
2457807.86139 15.877 0.005 4.90 372.0
2457809.82435 15.870 0.006 6.35 512.0
2457810.82297 15.861 0.005 5.30 439.0
2457811.84257 15.862 0.005 5.16 397.0
2457812.87380 15.862 0.005 4.33 405.0
2457814.84278 15.866 0.005 4.90 380.0
2457815.87173 15.856 0.005 4.61 373.0
2457816.86155 15.864 0.005 4.80 369.0
2457817.85806 15.867 0.005 4.15 419.0
2457818.84428 15.872 0.005 4.52 399.0
2457819.82403 15.876 0.005 4.68 375.0
2457820.83269 15.861 0.005 4.67 420.0
2457821.83186 15.862 0.005 5.49 425.0
2457822.82729 15.863 0.006 5.47 618.0
2457823.81293 15.866 0.005 4.61 660.0
2457823.90188 15.858 0.005 4.52 480.0
2457824.89789 15.859 0.005 4.94 520.0
2457825.88941 15.864 0.005 4.45 514.0
2457826.84860 15.868 0.006 5.68 595.0
2457827.83577 15.867 0.005 4.89 508.0
2457828.80491 15.869 0.005 5.18 559.0
2457828.89424 15.857 0.005 4.90 464.0
2457830.80203 15.870 0.006 5.00 1360.0
2457830.88116 15.860 0.005 4.40 647.0
2457835.82183 15.858 0.006 7.78 352.0
2457836.90987 15.864 0.006 6.38 386.0
2457838.79581 15.862 0.005 5.38 372.0
2457839.86453 15.865 0.005 4.55 285.0
2457841.74146 15.858 0.006 7.45 340.0
2457842.79334 15.877 0.005 5.86 316.0
2457843.83430 15.859 0.005 5.58 286.0
2457844.87699 15.863 0.005 6.45 313.0
2457846.74001 15.873 0.006 7.47 336.0
2457847.76564 15.863 0.005 5.28 333.0
2457848.79460 15.859 0.005 5.41 300.0
2457849.82308 15.861 0.005 4.30 309.0
2457850.86183 15.862 0.005 4.93 319.0
2457851.89743 15.862 0.005 4.90 321.0
2457854.70207 15.862 0.005 5.03 721.0
2457855.74411 15.860 0.005 4.84 665.0
2457856.76821 15.851 0.007 7.82 567.0
2457858.89153 15.860 0.005 5.56 489.0
2457862.90076 15.869 0.005 5.88 391.0
2457865.70081 15.856 0.005 4.46 334.0
2457866.71202 15.854 0.005 4.62 351.0
2457867.73093 15.861 0.004 4.00 317.0
2457868.81234 15.860 0.006 6.45 357.0
2457869.82754 15.854 0.004 4.09 320.0
2457870.86593 15.853 0.005 3.99 317.0
2457871.89125 15.865 0.005 3.75 348.0
2457872.91393 15.862 0.005 4.02 383.0
2457873.89578 15.856 0.005 3.85 360.0
2457874.86778 15.858 0.005 4.23 417.0
2457876.65415 15.870 0.006 6.79 541.0
2457876.92811 15.859 0.005 4.36 465.0
2457877.89472 15.866 0.005 4.42 444.0
2457878.92924 15.859 0.005 3.93 531.0
2457880.69007 15.852 0.005 5.66 456.0
2457881.78172 15.860 0.006 6.02 679.0
2457882.78078 15.860 0.005 5.20 512.0
2457890.68443 15.850 0.007 7.28 506.0
2457893.68518 15.853 0.005 6.01 377.0
2457893.93595 15.862 0.006 5.71 593.0
2457894.82834 15.868 0.005 4.04 353.0
2457897.64090 15.859 0.006 7.32 427.0
2457901.69655 15.865 0.004 4.65 360.0
2457902.68408 15.857 0.005 4.38 333.0
2457903.77397 15.867 0.006 7.62 336.0
2457904.67792 15.866 0.005 4.68 309.0
2457904.93818 15.863 0.006 5.72 523.0
2457905.80798 15.862 0.005 3.68 367.0
2457906.69832 15.857 0.004 4.01 360.0
2457906.93586 15.855 0.005 5.19 736.0
2457908.56297 15.869 0.007 7.24 682.0
2457908.80525 15.854 0.005 4.37 393.0
2457909.67929 15.863 0.005 4.10 468.0
2457909.90593 15.867 0.005 4.75 624.0
2457910.71085 15.866 0.005 4.00 432.0
2457911.58987 15.866 0.007 6.71 736.0
2457916.56435 15.867 0.006 5.96 986.0
2457916.77626 15.861 0.005 3.70 883.0
2457917.62057 15.859 0.005 4.69 485.0
2457917.85805 15.864 0.006 5.69 658.0
2457923.58159 15.850 0.005 6.19 422.0
2457923.84264 15.857 0.005 4.93 438.0
2457924.65578 15.854 0.005 5.02 345.0
2457925.57438 15.855 0.006 6.90 379.0
2457925.84055 15.858 0.005 5.31 376.0
2457926.77192 15.852 0.006 6.43 371.0
2457928.56939 15.861 0.005 5.97 454.0
2457929.57749 15.873 0.005 6.59 742.0
2457932.60217 15.867 0.006 6.40 361.0
2457933.73069 15.858 0.005 6.20 285.0
2457934.67929 15.865 0.005 4.14 333.0
2457935.49784 15.866 0.005 5.40 452.0
2457935.75481 15.863 0.004 4.04 288.0
2457936.63225 15.864 0.005 5.34 318.0
2457937.47854 15.866 0.006 5.95 596.0
2457937.72697 15.866 0.005 5.45 339.0
2457938.64871 15.860 0.006 7.17 445.0
2457944.55268 15.870 0.006 5.50 687.0
2457944.66504 15.864 0.005 4.61 543.0
2457944.77595 15.864 0.005 4.81 641.0
2457945.58936 15.866 0.005 4.83 449.0
2457945.82649 15.856 0.006 5.39 641.0
2457946.69378 15.862 0.005 4.45 393.0
2457947.59592 15.859 0.005 5.64 377.0
2457948.50121 15.859 0.005 5.60 343.0
2457948.78522 15.864 0.005 5.06 454.0
2457949.71133 15.863 0.006 6.95 522.0
2457953.48395 15.866 0.006 6.34 434.0
2457953.76098 15.868 0.005 5.68 313.0
2457954.68097 15.862 0.004 4.21 274.0
2457956.50426 15.860 0.005 5.33 431.0
2457956.77967 15.862 0.005 5.95 368.0
2457958.62221 15.870 0.006 7.75 345.0
2457959.51059 15.866 0.005 5.03 351.0
2457959.76035 15.870 0.005 5.57 322.0
2457960.66489 15.867 0.005 5.20 273.0
2457961.64229 15.859 0.005 5.20 336.0
2457962.74502 15.858 0.004 4.80 408.0
2457964.66946 15.864 0.005 4.77 354.0
2457966.52029 15.866 0.007 7.82 452.0
2457966.73924 15.850 0.006 7.09 371.0
2457967.74881 15.854 0.006 7.28 472.0
2457971.57078 15.867 0.005 4.97 669.0
2457971.65944 15.867 0.005 4.26 644.0
2457972.50401 15.866 0.007 6.87 690.0
2457972.59478 15.862 0.006 5.54 603.0
2457972.71263 15.862 0.006 5.54 729.0
2457973.71911 15.863 0.007 7.64 777.0
2457974.69129 15.865 0.005 4.77 514.0
2457979.58946 15.861 0.005 4.06 393.0
2457980.65378 15.851 0.006 6.61 471.0
2457982.51068 15.868 0.005 5.21 375.0
2457983.57490 15.853 0.005 5.58 353.0
2457984.63275 15.863 0.005 5.25 346.0
2457986.55685 15.857 0.004 4.14 322.0
2457987.62630 15.861 0.005 4.05 376.0
2457991.48949 15.858 0.005 5.30 409.0
2457992.55501 15.862 0.005 4.51 366.0
2457993.61746 15.861 0.005 5.02 337.0
2457998.48576 15.870 0.005 4.55 596.0
2458000.51211 15.866 0.006 6.95 521.0
2458000.62313 15.867 0.006 6.39 655.0
2458002.50913 15.871 0.008 6.62 1413.0
2458004.54140 15.865 0.006 6.46 465.0
2458008.52975 15.852 0.005 5.40 375.0
2458012.51943 15.859 0.005 4.34 451.0
2458014.54843 15.869 0.005 4.87 397.0
2458017.47685 15.860 0.007 6.05 1403.0
2458019.55493 15.860 0.005 5.53 381.0
2458026.50298 15.864 0.005 4.57 1161.0
2458029.55683 15.856 0.005 4.90 652.0
2458039.54213 15.868 0.007 7.46 490.0
2458048.50078 15.858 0.005 5.08 465.0
2458054.50661 15.858 0.007 5.79 1138.0
2458156.88597 15.868 0.006 4.51 1113.0
2458161.88029 15.868 0.005 5.95 509.0
2458162.89118 15.876 0.006 4.59 1507.0
2458165.86573 15.864 0.005 5.78 451.0
2458167.84751 15.857 0.005 5.87 429.0
2458168.87943 15.867 0.005 4.60 360.0
2458170.83829 15.867 0.005 4.98 412.0
2458171.86011 15.869 0.005 4.43 406.0
2458172.88144 15.874 0.005 4.51 436.0
2458173.89443 15.869 0.005 4.47 489.0
2458175.83785 15.864 0.005 4.43 409.0
2458176.84383 15.862 0.005 4.77 436.0
2458181.84929 15.869 0.005 4.60 624.0
2458182.90612 15.870 0.005 4.69 760.0
2458184.87336 15.862 0.005 4.91 547.0
2458185.88298 15.874 0.005 5.54 548.0
2458190.80436 15.872 0.004 5.01 304.0
2458192.78085 15.876 0.005 5.77 402.0
2458193.89316 15.861 0.005 4.79 314.0
2458195.82744 15.868 0.005 5.40 351.0
2458196.91447 15.862 0.005 4.37 824.0
2458198.79889 15.865 0.005 4.71 367.0
2458199.86036 15.869 0.005 4.68 336.0
2458201.77518 15.865 0.006 6.94 391.0
2458202.81860 15.872 0.004 4.21 385.0
2458203.86801 15.859 0.004 4.12 326.0
2458205.73729 15.863 0.006 6.58 520.0
2458206.79592 15.868 0.005 4.72 462.0
2458207.83792 15.858 0.005 4.99 465.0
2458208.86433 15.871 0.005 3.71 548.0
2458209.89250 15.875 0.005 4.63 523.0
2458211.92175 15.852 0.006 4.65 1056.0
2458212.91360 15.861 0.005 3.44 626.0
2458220.77239 15.864 0.005 5.71 300.0
2458221.81268 15.868 0.005 4.95 301.0
2458222.85066 15.863 0.005 4.65 323.0
2458224.72150 15.863 0.005 5.56 398.0
2458226.79348 15.868 0.006 7.39 344.0
2458227.84832 15.863 0.004 4.08 309.0
2458228.91741 15.856 0.004 3.89 339.0
2458230.69396 15.864 0.005 5.53 387.0
2458232.82358 15.864 0.004 4.17 363.0
2458236.67708 15.853 0.005 4.94 660.0
2458238.80861 15.860 0.005 3.71 644.0
2458244.80059 15.856 0.006 4.46 1671.0
2458245.86233 15.867 0.006 6.59 543.0
2458246.85324 15.867 0.005 4.02 481.0
2458247.76627 15.855 0.004 4.30 368.0
2458249.64083 15.871 0.006 6.89 467.0
2458249.89599 15.862 0.005 4.25 462.0
2458250.84027 15.861 0.004 4.03 329.0
2458251.74331 15.864 0.005 6.43 348.0
2458252.92051 15.862 0.005 5.29 466.0
2458253.86362 15.862 0.004 4.21 375.0
2458254.90628 15.850 0.004 3.19 411.0
2458255.86897 15.853 0.005 4.25 410.0
2458256.78568 15.865 0.005 5.44 376.0
2458257.73841 15.861 0.004 4.73 303.0
2458258.73509 15.858 0.004 4.18 304.0
2458259.71562 15.858 0.004 4.63 398.0
2458260.64906 15.855 0.005 4.74 395.0
2458261.77558 15.855 0.005 4.35 327.0
2458262.76878 15.855 0.005 5.04 334.0
2458263.71293 15.859 0.004 3.94 378.0
2458264.74281 15.862 0.005 4.26 462.0
2458265.65480 15.857 0.005 5.20 569.0
2458266.67538 15.869 0.007 7.28 645.0
2458271.78415 15.856 0.005 5.28 595.0
2458272.73121 15.862 0.005 4.76 448.0
2458273.60073 15.872 0.005 5.15 412.0
2458273.85619 15.853 0.005 4.83 437.0
2458274.71233 15.868 0.006 7.35 381.0
2458275.60811 15.859 0.005 5.46 403.0
2458275.88647 15.859 0.005 5.42 512.0
2458276.75699 15.857 0.005 5.25 350.0
2458277.69153 15.857 0.004 4.31 297.0
2458277.93105 15.868 0.005 5.34 518.0
2458282.57696 15.862 0.005 4.90 375.0
2458282.85942 15.873 0.004 4.11 350.0
2458283.70197 15.866 0.005 4.86 289.0
2458284.54335 15.857 0.005 5.91 464.0
2458284.80382 15.868 0.004 3.86 305.0
2458286.55852 15.863 0.005 5.60 322.0
2458286.84884 15.860 0.004 3.98 320.0
2458287.71606 15.864 0.004 4.68 274.0
2458288.58318 15.859 0.005 5.06 332.0
2458288.87736 15.854 0.005 5.73 510.0
2458289.74748 15.867 0.004 3.99 314.0
2458290.62827 15.861 0.005 5.28 383.0
2458291.56827 15.862 0.005 5.23 716.0
2458291.86764 15.857 0.005 5.54 436.0
2458292.75322 15.866 0.005 4.49 402.0
2458293.67021 15.863 0.005 4.85 434.0
2458294.71051 15.874 0.007 7.32 723.0
2458299.67689 15.855 0.007 5.94 1265.0
2458301.80249 15.861 0.005 5.45 707.0
2458304.57712 15.872 0.006 7.40 395.0
2458305.54925 15.865 0.006 7.03 413.0
2458305.56518 15.868 0.006 6.78 377.0
2458306.58496 15.878 0.006 7.60 362.0
2458306.84010 15.863 0.006 6.81 485.0
2458307.70927 15.867 0.004 4.09 300.0
2458308.57350 15.866 0.005 5.08 274.0
2458308.83817 15.856 0.006 6.94 457.0
2458309.71458 15.869 0.004 3.88 282.0
2458310.56250 15.868 0.005 5.67 346.0
2458310.75624 15.871 0.005 5.46 323.0
2458311.63364 15.874 0.005 4.80 282.0
2458312.51151 15.871 0.005 5.59 381.0
2458312.79340 15.875 0.004 5.04 309.0
2458313.66715 15.870 0.004 3.58 304.0
2458314.54388 15.863 0.005 5.32 352.0
2458314.79851 15.861 0.005 5.33 344.0
2458316.67529 15.870 0.005 5.95 338.0
2458320.64503 15.865 0.005 4.88 356.0
2458321.56292 15.871 0.005 5.39 601.0
2458328.65753 15.860 0.006 5.62 728.0
2458329.58314 15.864 0.005 5.99 498.0
2458330.51914 15.870 0.005 4.83 460.0
2458331.62862 15.860 0.005 4.84 374.0
2458332.64636 15.863 0.005 5.24 429.0
2458333.65313 15.857 0.004 4.17 322.0
2458334.66965 15.856 0.005 4.39 370.0
2458336.54692 15.859 0.004 4.18 288.0
2458338.56841 15.880 0.005 5.38 336.0
2458339.62382 15.860 0.004 3.90 275.0
2458341.49260 15.859 0.005 5.29 392.0
2458342.56652 15.858 0.005 5.32 345.0
2458344.58173 15.861 0.005 4.93 347.0
2458345.62808 15.862 0.004 3.67 298.0
2458347.47035 15.861 0.007 6.37 1055.0
2458348.54342 15.868 0.005 5.94 435.0
2458355.55584 15.868 0.005 4.53 489.0
2458356.70224 15.853 0.005 4.21 669.0
2458358.62270 15.863 0.005 4.00 486.0
2458359.69431 15.860 0.006 6.04 578.0
2458363.48710 15.859 0.006 7.46 405.0
2458364.63862 15.861 0.004 4.29 337.0
2458367.62232 15.856 0.004 4.07 350.0
2458369.53740 15.853 0.005 4.44 360.0
2458371.49434 15.860 0.005 4.40 394.0
2458373.47602 15.863 0.007 6.22 1159.0
2458375.64038 15.863 0.006 6.94 412.0
2458377.57139 15.850 0.005 5.45 650.0
2458382.54564 15.857 0.005 3.46 555.0
2458383.51887 15.872 0.005 5.13 579.0
2458383.61263 15.857 0.006 5.94 710.0
2458384.56612 15.849 0.005 3.99 587.0
2458384.63229 15.855 0.005 4.85 687.0
2458385.58665 15.855 0.004 3.38 544.0
2458386.51918 15.864 0.005 4.11 619.0
2458390.55780 15.859 0.005 5.50 419.0
2458392.60147 15.850 0.006 7.64 407.0
2458393.55285 15.859 0.005 5.49 377.0
2458394.52000 15.866 0.005 5.91 409.0
2458397.56857 15.861 0.005 7.19 352.0
2458399.52131 15.872 0.006 6.08 392.0
2458401.58379 15.867 0.005 5.72 465.0
2458409.52703 15.870 0.006 7.15 654.0
2458410.56483 15.856 0.005 5.40 660.0
2458412.55956 15.850 0.006 5.70 683.0
2458414.54550 15.875 0.006 6.17 736.0
2458416.54175 15.853 0.007 7.24 838.0
2458419.52826 15.873 0.006 5.81 536.0
2458424.52672 15.863 0.006 5.99 596.0
2458529.85857 15.851 0.005 6.03 419.0
2458531.88756 15.864 0.006 7.16 581.0
2458534.84135 15.865 0.005 5.27 690.0
2458535.86826 15.864 0.006 6.22 555.0
2458537.85415 15.863 0.005 5.99 463.0
2458539.86706 15.867 0.005 5.40 463.0
2458544.87621 15.866 0.004 5.31 315.0
2458546.89471 15.855 0.004 4.91 349.0
2458548.82148 15.843 0.004 4.72 432.0
2458549.81851 15.868 0.005 6.10 363.0
2458550.84343 15.862 0.004 4.03 326.0
2458551.85506 15.857 0.005 5.99 329.0
2458552.88708 15.863 0.005 6.71 327.0
2458553.89263 15.869 0.005 7.19 363.0
2458554.86702 15.870 0.004 4.98 338.0
2458555.82975 15.861 0.004 5.44 340.0
2458556.81232 15.876 0.005 4.82 378.0
2458556.90858 15.857 0.005 5.21 649.0
2458557.88248 15.858 0.005 5.67 338.0
2458558.83702 15.861 0.004 4.87 347.0
2458559.79238 15.871 0.005 5.90 368.0
2458559.88391 15.858 0.004 4.47 321.0
2458560.85453 15.859 0.004 3.87 334.0
2458561.80995 15.860 0.005 4.66 482.0
2458562.76965 15.867 0.006 6.47 654.0
2458562.86772 15.878 0.005 5.58 550.0
2458563.83162 15.860 0.005 4.11 614.0
2458564.76649 15.856 0.005 4.88 614.0
2458564.88361 15.859 0.004 3.95 528.0
2458565.84247 15.872 0.005 4.94 549.0
2458566.81378 15.857 0.005 4.15 539.0
2458566.90591 15.860 0.005 4.15 490.0
2458567.84005 15.860 0.005 4.34 535.0
2458573.87722 15.873 0.005 6.45 368.0
2458574.84088 15.854 0.005 6.93 319.0
2458575.74548 15.875 0.005 5.78 343.0
2458575.83525 15.873 0.005 6.32 319.0
2458576.77541 15.862 0.005 6.48 335.0
2458576.86096 15.860 0.005 6.58 309.0
2458577.80268 15.857 0.006 7.32 406.0
2458577.92073 15.869 0.006 6.13 636.0
2458578.80423 15.858 0.004 4.89 375.0
2458578.91568 15.866 0.005 5.93 379.0
2458579.79316 15.863 0.005 6.40 422.0
2458579.89560 15.862 0.005 5.00 448.0
2458580.77876 15.866 0.005 5.58 372.0
2458580.87503 15.873 0.005 4.90 375.0
2458581.81065 15.863 0.004 4.80 334.0
2458582.76693 15.862 0.005 5.96 334.0
2458583.73286 15.871 0.005 6.05 366.0
2458584.71739 15.869 0.005 5.79 385.0
2458585.70486 15.865 0.005 6.20 374.0
2458585.90375 15.869 0.004 3.31 356.0
2458586.84693 15.862 0.004 3.91 298.0
2458587.78603 15.859 0.005 5.86 347.0
2458588.74182 15.870 0.005 5.50 391.0
2458589.71256 15.860 0.005 4.94 534.0
2458590.69524 15.865 0.005 5.78 629.0
2458590.90014 15.862 0.004 3.44 390.0
2458591.86520 15.858 0.004 4.20 463.0
2458592.88420 15.854 0.006 5.19 916.0
2458593.90813 15.867 0.005 4.41 611.0
2458594.82611 15.867 0.005 4.05 565.0
2458595.73751 15.852 0.006 6.34 712.0
2458599.74786 15.848 0.005 6.43 414.0
2458599.87773 15.867 0.004 3.65 382.0
2458600.69241 15.854 0.005 5.66 358.0
2458601.66323 15.864 0.004 4.82 369.0
2458601.91670 15.864 0.004 3.63 469.0
2458602.82432 15.860 0.004 4.02 353.0
2458603.75179 15.868 0.004 4.83 299.0
2458604.73801 15.853 0.005 6.25 330.0
2458605.66299 15.878 0.005 7.69 383.0
2458605.91432 15.872 0.005 4.47 377.0
2458606.83971 15.860 0.004 3.50 342.0
2458607.75571 15.874 0.004 4.40 325.0
2458608.66913 15.863 0.005 5.30 534.0
2458609.65822 15.864 0.005 6.11 418.0
2458612.87970 15.859 0.005 5.55 399.0
2458613.74728 15.864 0.005 4.85 355.0
2458614.66227 15.875 0.005 5.80 460.0
2458614.90926 15.856 0.005 4.67 494.0
2458615.82295 15.861 0.004 3.80 325.0
2458616.72244 15.859 0.004 4.08 374.0
2458617.65667 15.869 0.005 5.40 436.0
2458617.92100 15.868 0.004 3.61 492.0
2458618.79087 15.865 0.005 4.35 497.0
2458619.67807 15.864 0.005 5.79 463.0
2458620.63367 15.866 0.006 7.16 556.0
2458620.87771 15.870 0.005 4.64 496.0
2458621.84510 15.862 0.005 4.21 734.0
2458626.67147 15.866 0.007 7.76 570.0
2458626.76589 15.869 0.005 4.80 606.0
2458626.87426 15.860 0.005 4.36 642.0
2458627.77499 15.866 0.004 4.33 485.0
2458635.80750 15.864 0.005 4.94 369.0
2458636.61640 15.862 0.005 5.88 366.0
2458636.87097 15.856 0.004 3.68 367.0
2458637.67917 15.859 0.004 4.47 308.0
2458637.92254 15.869 0.005 4.49 464.0
2458638.86647 15.866 0.005 4.82 435.0
2458639.81623 15.859 0.004 3.77 388.0
2458640.69961 15.866 0.004 4.62 345.0
2458641.59419 15.855 0.005 5.85 443.0
2458642.65185 15.850 0.004 5.15 374.0
2458643.59076 15.872 0.004 5.50 388.0
2458643.85655 15.858 0.005 5.59 392.0
2458644.68116 15.868 0.004 4.12 303.0
2458646.57705 15.859 0.006 6.95 433.0
2458646.77146 15.865 0.005 5.04 357.0
2458647.65578 15.870 0.005 6.29 459.0
2458648.61276 15.869 0.005 5.77 581.0
2458648.84519 15.874 0.005 4.65 529.0
2458649.72530 15.867 0.007 7.53 643.0
2458655.83374 15.868 0.005 5.41 719.0
2458656.79171 15.860 0.004 4.36 401.0
2458657.64746 15.864 0.004 4.49 333.0
2458658.53502 15.867 0.005 6.53 321.0
2458660.55623 15.863 0.005 6.65 342.0
2458660.82928 15.871 0.005 4.62 438.0
2458661.68224 15.873 0.005 5.46 312.0
2458662.77925 15.880 0.006 7.09 401.0
2458664.67128 15.862 0.004 3.78 249.0
2458665.60535 15.864 0.004 5.09 390.0
2458666.65559 15.858 0.005 5.85 311.0
2458667.54210 15.865 0.006 6.49 498.0
2458667.78251 15.863 0.004 4.27 332.0
2458668.62470 15.868 0.005 5.86 279.0
2458669.48785 15.867 0.006 7.83 492.0
2458669.68473 15.870 0.005 4.70 349.0
2458670.50700 15.865 0.005 5.84 390.0
2458670.74792 15.862 0.004 3.41 274.0
2458673.60254 15.859 0.004 4.05 383.0
2458674.58927 15.864 0.005 5.62 335.0
2458674.81970 15.867 0.005 5.95 463.0
2458675.65957 15.861 0.004 4.44 398.0
2458676.52365 15.873 0.005 5.67 503.0
2458676.77277 15.854 0.005 4.34 517.0
2458676.84423 15.858 0.005 6.41 490.0
2458677.60342 15.867 0.005 4.99 619.0
2458681.53219 15.878 0.006 5.75 953.0
2458681.76127 15.874 0.006 5.79 909.0
2458682.49816 15.877 0.005 5.88 655.0
2458682.78642 15.874 0.005 5.36 679.0
2458683.53434 15.872 0.006 6.98 484.0
2458683.79656 15.861 0.005 4.77 501.0
2458684.53826 15.857 0.005 5.00 384.0
2458685.54946 15.862 0.005 5.76 394.0
2458688.58287 15.872 0.006 6.95 352.0
2458689.51020 15.868 0.006 8.01 400.0
2458689.70590 15.862 0.005 5.14 285.0
2458690.49719 15.868 0.005 6.29 413.0
2458690.73096 15.866 0.004 4.45 308.0
2458691.52406 15.865 0.004 4.03 300.0
2458691.78645 15.866 0.005 5.36 385.0
2458692.53047 15.870 0.004 5.22 494.0
2458692.77754 15.876 0.006 6.50 423.0
2458693.52836 15.860 0.005 6.99 327.0
2458694.50137 15.881 0.005 5.21 367.0
2458694.65838 15.869 0.004 4.03 279.0
2458695.49976 15.867 0.004 4.98 351.0
2458695.78560 15.871 0.004 4.99 358.0
2458697.76645 15.866 0.005 6.66 302.0
2458698.53336 15.860 0.004 4.87 310.0
2458699.68113 15.871 0.004 4.21 309.0
2458700.59155 15.854 0.004 4.28 327.0
2458701.73447 15.857 0.005 5.12 387.0
2458702.64836 15.869 0.005 5.25 321.0
2458704.55537 15.860 0.006 6.44 524.0
2458711.61069 15.864 0.005 4.88 558.0
2458711.73746 15.861 0.007 6.30 987.0
2458712.66527 15.876 0.006 6.22 484.0
2458713.69538 15.868 0.005 4.85 435.0
2458715.72609 15.860 0.005 5.60 480.0
2458716.69064 15.874 0.004 4.73 358.0
2458717.70838 15.865 0.006 7.18 409.0
2458718.72332 15.864 0.005 5.43 481.0
2458719.65036 15.862 0.005 6.04 343.0
2458722.70497 15.869 0.005 5.91 285.0
2458723.69116 15.869 0.004 4.55 340.0
2458724.68539 15.868 0.005 5.56 403.0
2458725.69003 15.870 0.005 5.81 321.0
2458726.67684 15.868 0.004 4.44 305.0
2458727.67387 15.861 0.005 5.87 391.0
2458728.67869 15.869 0.004 4.19 340.0
2458729.68521 15.873 0.005 5.78 350.0
2458730.66394 15.873 0.005 6.07 324.0
2458736.62162 15.876 0.005 5.53 611.0
2458737.65430 15.864 0.006 6.51 669.0
2458738.64121 15.880 0.006 6.08 719.0
2458739.63716 15.865 0.006 5.92 660.0
2458740.59746 15.880 0.006 7.10 559.0
2458741.64794 15.877 0.005 5.80 557.0
2458742.64361 15.851 0.005 5.84 551.0
2458747.59137 15.863 0.005 6.43 313.0
2458752.59353 15.873 0.005 5.70 385.0
2458755.59956 15.863 0.005 4.58 376.0
2458900.84071 15.865 0.005 5.93 372.0
2458901.83413 15.861 0.004 5.49 346.0
2458902.83090 15.859 0.005 6.14 353.0
2458903.83105 15.867 0.005 6.86 409.0
2458903.89978 15.858 0.005 4.60 1012.0
2458905.88237 15.869 0.004 5.20 315.0
2458906.89662 15.871 0.005 4.95 638.0
2458907.89292 15.855 0.004 4.67 409.0
2458908.89527 15.882 0.005 5.73 443.0
2458911.84633 15.867 0.004 5.42 341.0
2458913.79730 15.864 0.006 7.42 421.0
2458914.89506 15.866 0.005 5.09 376.0
2458916.86949 15.866 0.005 4.67 437.0
2458918.82480 15.865 0.005 5.28 660.0
2458919.87445 15.874 0.005 5.10 501.0
2458921.78704 15.872 0.005 5.54 631.0
2458923.80061 15.876 0.006 5.16 1374.0
2458923.87040 15.881 0.006 4.89 1559.0
2459795.70489 15.866 0.005 5.99 357.0
2459796.64628 15.874 0.004 5.11 347.0
2459797.69416 15.870 0.005 5.69 430.0
2459804.49879 15.855 0.005 5.15 550.0
2459804.66945 15.868 0.005 6.11 600.0
2459805.63569 15.854 0.005 4.93 463.0
2459806.64102 15.873 0.006 6.92 437.0
2459807.59619 15.843 0.004 5.26 320.0
2459808.58303 15.858 0.005 6.06 302.0
2459809.62884 15.869 0.005 6.46 307.0
2459810.71876 15.879 0.004 4.31 308.0
2459812.49452 15.865 0.006 7.09 337.0
2459813.67758 15.880 0.005 6.25 301.0
2459814.67259 15.876 0.006 7.51 364.0
2459815.69883 15.853 0.004 5.16 359.0
2459817.48840 15.863 0.005 5.58 373.0
2459818.54205 15.872 0.006 7.30 417.0
2459819.67512 15.843 0.004 4.68 445.0
2459821.53658 15.866 0.005 5.86 318.0
2459823.56254 15.867 0.005 7.04 416.0
2459824.67412 15.857 0.005 5.89 381.0
2459830.66718 15.872 0.007 7.18 934.0
2459832.52882 15.855 0.006 6.90 635.0
2459834.60943 15.870 0.005 5.76 609.0
2459836.49465 15.849 0.006 7.88 501.0
2459838.61813 15.860 0.004 5.86 441.0
2459841.52552 15.870 0.005 6.00 412.0
2459843.61372 15.853 0.005 6.44 425.0
2459845.54357 15.856 0.005 6.59 359.0
2459848.55745 15.854 0.005 6.23 462.0
2459851.56033 15.862 0.005 7.10 430.0
2459852.61897 15.851 0.005 5.73 465.0
2459859.58942 15.876 0.005 5.39 753.0
2459863.52561 15.867 0.005 5.89 610.0
2459867.50473 15.866 0.005 5.96 628.0
2459993.85682 15.865 0.005 6.16 443.0
2459997.83983 15.870 0.005 6.21 468.0
2460001.85085 15.872 0.004 4.59 452.0
2460005.85024 15.851 0.004 4.92 470.0
2460009.82948 15.868 0.005 5.07 646.0
2460013.88132 15.876 0.004 4.10 460.0
2460016.81335 15.866 0.005 5.33 693.0
2460022.79177 15.870 0.005 5.89 352.0
2460025.76609 15.857 0.004 5.65 349.0
2460027.87691 15.865 0.004 5.33 362.0
2460030.77408 15.867 0.004 4.97 329.0
2460032.83170 15.879 0.004 4.54 307.0
2460034.87690 15.867 0.004 4.83 321.0
2460037.83345 15.871 0.004 4.59 378.0
2460040.73885 15.872 0.005 5.24 767.0
2460042.74474 15.874 0.005 5.24 638.0
2460043.90678 15.871 0.004 4.33 649.0
2460049.88089 15.860 0.004 4.29 347.0
2460052.84182 15.853 0.004 4.93 370.0
2460056.73374 15.858 0.004 6.04 377.0
2460058.81207 15.873 0.004 5.24 368.0
2460060.80341 15.866 0.004 4.83 397.0
2460062.85433 15.853 0.004 4.49 365.0
2460066.71799 15.848 0.004 4.82 429.0
2460068.67289 15.853 0.005 6.07 683.0
2460069.91115 15.844 0.005 4.13 815.0
2460075.92190 15.815 0.004 4.70 786.0
2460085.67037 15.692 0.006 7.37 384.0
2460089.63577 15.598 0.005 6.62 497.0
2460091.64296 15.555 0.005 6.03 531.0
2460094.62172 15.564 0.004 5.68 594.0
2460096.59291 15.608 0.005 5.32 615.0
2460097.78134 15.625 0.005 5.16 681.0
2460098.82167 15.648 0.007 6.75 1470.0
2460105.56777 15.782 0.005 6.32 398.0
2460106.81958 15.794 0.005 5.83 371.0
2460108.68894 15.819 0.005 6.53 341.0
2460110.53467 15.820 0.006 6.61 558.0
2460111.75777 15.835 0.005 5.11 359.0
2460112.85749 15.844 0.005 5.12 452.0
2460114.78537 15.849 0.006 6.77 476.0
2460118.85849 15.850 0.005 5.67 466.0
2460120.73497 15.844 0.005 6.17 325.0
2460122.67390 15.862 0.005 5.28 361.0
2460124.51881 15.850 0.006 6.24 655.0
2460125.69951 15.862 0.005 4.83 602.0
2460130.63662 15.850 0.006 5.17 715.0
2460132.60662 15.860 0.005 5.84 594.0
2460134.68749 15.850 0.004 5.15 380.0
2460140.50901 15.861 0.006 6.58 377.0
2460141.79824 15.849 0.005 6.16 437.0
2460143.82887 15.873 0.005 5.83 415.0
2460149.69264 15.862 0.005 5.16 341.0
2460153.51731 15.857 0.006 6.03 582.0
2460153.78031 15.843 0.006 5.51 1141.0
2460157.77702 15.867 0.006 4.54 1312.0
2460159.73896 15.865 0.005 5.19 603.0
2460160.76273 15.870 0.006 6.13 661.0
2460168.49583 15.868 0.005 5.43 356.0
2460170.50372 15.873 0.005 4.98 328.0
2460172.55739 15.873 0.005 6.18 347.0
2460175.63081 15.866 0.005 5.60 438.0
2460180.50545 15.869 0.005 5.56 464.0
2460186.54788 15.872 0.005 4.83 683.0
2460191.65006 15.869 0.007 7.59 570.0
2460202.54179 15.861 0.005 5.18 368.0
2460204.62873 15.863 0.005 5.96 452.0
2460213.59634 15.858 0.006 6.94 671.0
2460218.60286 15.874 0.007 7.07 701.0
2460225.59103 15.859 0.006 7.36 541.0
2460229.56218 15.861 0.006 7.12 556.0
2460243.52857 15.873 0.007 6.44 751.0
2460255.50848 15.870 0.008 7.29 990.0
2460357.88586 15.866 0.005 5.26 601.0
2460368.86278 15.878 0.005 5.56 525.0
2460376.86943 15.870 0.006 6.61 532.0
2460379.85165 15.871 0.005 5.87 414.0
