2455306.72774 18.684 0.037 4.17 386.0
2455308.75675 18.620 0.038 4.43 370.0
2455310.83681 18.502 0.029 4.52 348.0
2455312.90549 18.582 0.045 5.50 426.0
2455314.87993 18.553 0.054 5.13 825.0
2455316.76419 18.588 0.075 6.23 848.0
2455320.73566 18.855 0.065 5.19 598.0
2455321.87685 18.564 0.044 4.83 519.0
2455323.78797 18.685 0.043 4.92 456.0
2455324.91921 18.643 0.046 4.52 531.0
2455326.76492 18.522 0.035 4.45 359.0
2455327.90602 18.542 0.038 4.02 479.0
2455334.70326 18.590 0.041 5.20 354.0
2455335.93494 18.523 0.054 5.36 647.0
2455338.87197 18.812 0.083 6.96 564.0
2455340.83002 18.554 0.050 4.92 710.0
2455342.59013 18.608 0.083 6.63 943.0
2455343.62085 18.346 0.064 6.27 1079.0
2455348.73354 18.744 0.052 4.96 499.0
2455350.67359 18.620 0.057 6.35 426.0
2455353.65554 18.690 0.040 4.24 361.0
2455355.81752 18.749 0.063 5.84 543.0
2455359.88971 18.589 0.062 6.29 567.0
2455365.65300 18.608 0.048 5.63 421.0
2455378.57053 18.559 0.036 4.53 309.0
2455380.60336 18.592 0.034 4.78 271.0
2455382.75113 18.586 0.055 6.78 374.0
2455385.60008 18.610 0.029 3.66 405.0
2455385.69063 18.548 0.033 4.65 408.0
2455385.78870 18.548 0.031 3.79 422.0
2455388.61161 18.680 0.038 4.77 222.0
2455391.73043 18.524 0.044 6.08 331.0
2455397.64357 18.644 0.064 6.57 400.0
2455404.78043 18.659 0.050 3.60 727.0
2455408.76493 18.572 0.053 5.60 587.0
2455412.76570 18.422 0.051 6.78 409.0
2455422.50876 18.590 0.055 6.78 360.0
2455431.65274 18.630 0.067 6.46 603.0
2455433.63576 18.539 0.059 6.27 577.0
2455439.52948 18.545 0.055 6.81 363.0
2455446.65890 18.526 0.032 3.79 340.0
2455457.50826 18.608 0.036 3.67 512.0
2455460.53411 18.654 0.056 4.61 645.0
2455463.59750 18.563 0.048 4.63 628.0
2455464.55728 18.761 0.062 5.62 493.0
2455472.53824 18.530 0.062 7.09 434.0
2455481.51072 18.515 0.064 5.69 831.0
2455489.54215 18.752 0.068 5.14 707.0
2455606.88139 18.643 0.047 5.41 408.0
2455612.88528 18.445 0.054 7.40 530.0
2455615.89411 18.564 0.044 5.05 541.0
2455621.86253 18.508 0.032 4.52 320.0
2455624.79011 18.631 0.050 6.14 393.0
2455626.88141 18.523 0.039 4.85 345.0
2455628.79507 18.654 0.055 6.48 393.0
2455629.87514 18.666 0.047 5.99 296.0
2455631.85057 18.579 0.044 5.90 362.0
2455633.80553 18.499 0.035 4.78 359.0
2455634.88195 18.537 0.039 5.28 299.0
2455637.79248 18.692 0.070 7.13 614.0
2455640.89356 18.676 0.052 5.93 505.0
2455643.74326 18.604 0.053 5.11 780.0
2455644.89372 18.780 0.099 6.00 1771.0
2455648.75167 18.674 0.053 6.60 346.0
2455649.88977 18.600 0.033 4.75 281.0
2455651.82612 18.569 0.038 5.08 295.0
2455654.78355 18.521 0.035 4.65 311.0
2455655.89493 18.562 0.040 6.99 296.0
2455657.92457 18.589 0.064 4.35 1423.0
2455659.80663 18.500 0.036 5.58 304.0
2455660.92196 18.512 0.057 6.04 567.0
2455664.79101 18.655 0.047 5.66 323.0
2455665.91569 18.442 0.033 4.69 335.0
2455669.76587 18.605 0.050 5.24 647.0
2455675.72471 18.518 0.040 4.69 511.0
2455676.91754 18.678 0.033 3.87 318.0
2455679.87371 18.547 0.036 4.37 354.0
2455681.74259 18.640 0.036 4.59 338.0
2455683.68763 18.569 0.037 4.76 380.0
2455684.92228 18.550 0.037 4.45 377.0
2455686.90588 18.690 0.048 5.18 378.0
2455689.81916 18.551 0.034 4.89 302.0
2455691.82861 18.489 0.042 5.94 376.0
2455693.63851 18.597 0.049 5.87 498.0
2455694.75475 18.626 0.045 5.11 477.0
2455695.89377 18.600 0.034 4.29 341.0
2455697.63105 18.657 0.061 5.46 731.0
2455698.72451 18.630 0.068 5.43 965.0
2455705.75718 18.619 0.049 6.04 439.0
2455707.68805 18.624 0.045 5.98 345.0
2455708.75712 18.511 0.051 7.29 307.0
2455712.76738 18.507 0.033 4.28 394.0
2455715.63582 18.606 0.039 5.32 319.0
2455716.81696 18.566 0.039 5.43 282.0
2455722.64818 18.520 0.037 5.13 352.0
2455723.80498 18.539 0.033 4.46 315.0
2455725.70148 18.558 0.036 4.16 511.0
2455734.83445 18.424 0.050 6.67 432.0
2455736.65279 18.561 0.030 4.30 268.0
2455737.74097 18.621 0.028 3.54 259.0
2455739.55813 18.449 0.036 5.12 368.0
2455740.63866 18.578 0.046 6.31 282.0
2455741.70774 18.644 0.041 5.46 272.0
2455742.72053 18.618 0.034 4.64 256.0
2455743.83355 18.764 0.053 4.82 447.0
2455745.50432 18.704 0.062 6.86 407.0
2455746.68108 18.492 0.040 6.05 280.0
2455748.63474 18.527 0.035 4.52 394.0
2455752.57430 18.729 0.072 6.87 515.0
2455760.74021 18.632 0.049 5.52 496.0
2455762.51614 18.844 0.058 5.31 367.0
2455763.65057 18.590 0.041 5.46 351.0
2455764.73757 18.569 0.036 4.48 367.0
2455766.56586 18.472 0.034 5.52 283.0
2455767.72846 18.540 0.043 5.37 361.0
2455769.50196 18.568 0.039 4.83 388.0
2455775.68507 18.519 0.047 7.00 282.0
2455778.49468 18.541 0.063 7.15 455.0
2455785.52391 18.783 0.075 5.93 619.0
2455787.48083 18.750 0.059 5.34 613.0
2455788.69446 18.373 0.060 7.33 558.0
2455793.51918 18.552 0.037 5.13 329.0
2455795.53166 18.591 0.052 6.63 318.0
2455801.53616 18.518 0.043 6.40 301.0
2455804.59916 18.506 0.039 5.52 307.0
2455807.61147 18.655 0.069 7.18 356.0
2455813.65495 18.571 0.045 4.82 677.0
2455817.55426 18.539 0.046 5.23 486.0
2455819.63385 18.692 0.050 4.45 619.0
2455822.58900 18.766 0.051 5.45 305.0
2455827.57994 18.766 0.059 5.35 481.0
2455829.54856 18.610 0.041 4.75 418.0
2455831.55882 18.669 0.043 5.27 396.0
2455833.56719 18.615 0.041 4.75 370.0
2455840.57425 18.621 0.052 4.76 605.0
2455842.54957 18.571 0.065 6.56 584.0
2455844.55677 18.514 0.071 7.04 657.0
2455852.53883 18.539 0.067 6.29 677.0
2455857.53364 18.766 0.103 9.63 526.0
2455977.88355 18.615 0.044 5.13 412.0
2455982.89523 18.487 0.037 5.16 425.0
2455986.80376 18.619 0.048 6.07 414.0
2455988.90092 18.694 0.052 4.47 666.0
2455991.84464 18.517 0.032 4.95 304.0
2455994.78858 18.860 0.073 5.32 812.0
2455996.81597 18.689 0.042 4.40 492.0
2455998.82430 18.660 0.041 4.36 477.0
2456003.87158 18.642 0.047 5.50 424.0
2456005.85706 18.653 0.031 3.68 313.0
2456007.83348 18.424 0.033 5.03 287.0
2456009.75680 18.699 0.044 5.12 377.0
2456010.88390 18.562 0.030 4.09 311.0
2456012.81658 18.567 0.033 5.18 251.0
2456014.74866 18.491 0.036 5.44 319.0
2456017.76004 18.535 0.028 4.13 311.0
2456018.85259 18.577 0.030 4.19 273.0
2456020.73380 18.561 0.036 4.73 358.0
2456021.79312 18.570 0.039 5.08 367.0
2456022.87425 18.514 0.032 4.44 382.0
2456025.70479 18.508 0.061 6.23 731.0
2456031.78364 18.690 0.042 5.21 355.0
2456033.72954 18.611 0.048 6.43 346.0
2456035.92542 18.693 0.049 4.96 455.0
2456038.72542 18.695 0.044 5.62 299.0
2456040.79474 18.636 0.037 4.68 344.0
2456047.72267 18.498 0.041 6.19 334.0
2456048.93182 18.599 0.049 4.59 738.0
2456050.84913 18.586 0.051 6.08 427.0
2456052.91175 18.510 0.042 4.91 610.0
2456061.76529 18.510 0.033 4.45 379.0
2456062.90279 18.465 0.041 4.90 578.0
2456064.91545 18.611 0.050 6.44 471.0
2456066.76732 18.470 0.029 4.18 361.0
2456067.84291 18.625 0.033 3.93 350.0
2456069.66815 18.593 0.039 5.22 317.0
2456070.73344 18.448 0.029 4.47 286.0
2456071.81116 18.654 0.042 5.37 320.0
2456075.87885 18.644 0.037 4.38 363.0
2456077.77838 18.663 0.047 6.94 297.0
2456078.86214 18.573 0.032 3.43 423.0
2456079.93473 18.482 0.037 4.72 501.0
2456081.58187 18.464 0.057 5.64 895.0
2456082.65228 18.558 0.068 6.00 821.0
2456085.77605 18.618 0.051 5.51 552.0
2456086.78422 18.573 0.038 4.64 403.0
2456088.64090 18.616 0.031 4.43 265.0
2456092.78444 18.602 0.034 4.48 330.0
2456094.58055 18.600 0.060 7.48 391.0
2456096.69330 18.706 0.049 6.63 284.0
2456097.89567 18.575 0.050 5.44 503.0
2456099.73965 18.603 0.070 8.00 422.0
2456101.51546 18.475 0.041 4.99 456.0
2456104.65626 18.471 0.032 4.70 307.0
2456105.71052 18.519 0.036 5.37 267.0
2456108.78397 18.545 0.040 4.58 567.0
2456109.66820 18.375 0.054 4.21 1464.0
2456113.73915 18.559 0.055 5.22 806.0
2456114.84094 18.393 0.056 6.23 749.0
2456116.56596 18.624 0.033 4.47 284.0
2456117.65754 18.622 0.042 5.52 350.0
2456118.70998 18.534 0.034 5.26 279.0
2456121.47960 18.477 0.034 5.13 345.0
2456123.60260 18.414 0.036 6.19 267.0
2456124.72594 18.663 0.038 5.16 298.0
2456125.81756 18.616 0.046 5.70 349.0
2456127.74140 18.682 0.049 6.66 235.0
2456132.54375 18.500 0.040 5.73 293.0
2456134.54014 18.640 0.061 7.06 370.0
2456136.48989 18.438 0.060 7.13 491.0
2456141.48377 18.523 0.056 5.71 697.0
2456149.60796 18.489 0.044 6.55 290.0
2456152.48750 18.611 0.047 6.60 285.0
2456157.66479 18.631 0.047 6.04 307.0
2456159.52641 18.554 0.043 5.71 359.0
2456161.55912 18.509 0.046 6.79 271.0
2456179.57415 18.450 0.056 7.55 388.0
2456182.48382 18.566 0.050 6.26 406.0
2456191.49098 18.581 0.069 7.10 491.0
2456196.53417 18.657 0.066 6.16 572.0
2456204.50841 18.527 0.043 5.49 416.0
2456213.55201 18.635 0.049 5.51 416.0
2456218.52707 18.594 0.050 5.23 490.0
2456219.55706 18.585 0.043 5.50 325.0
2456340.88921 18.588 0.037 4.54 397.0
2456347.83172 18.587 0.045 4.95 485.0
2456350.87390 18.695 0.047 4.92 449.0
2456354.78541 18.424 0.048 5.98 594.0
2456361.90515 18.655 0.045 6.07 338.0
2456367.87529 18.586 0.030 4.47 242.0
2456369.90372 18.508 0.032 4.94 288.0
2456371.88963 18.608 0.032 4.76 228.0
2456372.88160 18.594 0.035 5.02 278.0
2456374.85274 18.606 0.039 5.83 288.0
2456376.80059 18.618 0.036 4.25 417.0
2456378.74280 18.578 0.050 5.31 736.0
2456379.86837 18.801 0.055 4.51 538.0
2456381.83899 18.552 0.032 3.91 427.0
2456386.76448 18.690 0.041 5.21 326.0
2456387.86074 18.742 0.045 5.52 282.0
2456389.79392 18.556 0.033 4.80 300.0
2456390.86002 18.603 0.037 5.01 293.0
2456393.80896 18.705 0.045 5.58 323.0
2456395.82612 18.554 0.033 4.80 366.0
2456397.78978 18.562 0.030 4.29 289.0
2456399.71438 18.652 0.042 5.82 305.0
2456401.74716 18.627 0.031 4.15 277.0
2456404.86058 18.662 0.039 4.81 300.0
2456405.85167 18.580 0.031 4.00 514.0
2456407.79225 18.562 0.045 5.52 505.0
2456415.71438 18.522 0.054 7.34 331.0
2456416.90931 18.570 0.033 4.39 392.0
2456418.74042 18.724 0.039 4.70 329.0
2456419.90268 18.498 0.037 4.69 404.0
2456421.88233 18.649 0.053 6.26 364.0
2456423.88322 18.521 0.040 4.92 466.0
2456426.73717 18.644 0.033 4.74 293.0
2456428.88631 18.597 0.041 5.60 362.0
2456432.65457 18.612 0.044 5.81 371.0
2456433.74799 18.656 0.046 5.53 469.0
2456434.93725 18.715 0.072 6.72 604.0
2456435.58465 18.550 0.065 6.65 740.0
2456436.67853 18.561 0.040 4.38 616.0
2456437.89507 18.475 0.068 4.35 1955.0
2456442.73065 18.601 0.034 4.59 368.0
2456444.87175 18.777 0.049 4.99 444.0
2456446.90515 18.708 0.040 4.06 447.0
2456447.93171 18.549 0.035 4.00 452.0
2456449.56990 18.629 0.043 5.72 364.0
2456450.62005 18.634 0.037 4.88 343.0
2456451.67915 18.642 0.043 5.02 438.0
2456452.80922 18.573 0.027 3.90 282.0
2456454.85137 18.399 0.039 6.27 313.0
2456456.73697 18.608 0.028 4.19 270.0
2456458.58981 18.555 0.042 5.87 377.0
2456459.63981 18.639 0.032 4.10 325.0
2456460.89373 18.495 0.034 4.11 699.0
2456462.80736 18.608 0.043 5.26 421.0
2456463.85450 18.511 0.039 4.86 491.0
2456468.57672 18.537 0.041 4.38 655.0
2456469.74616 18.872 0.059 5.44 474.0
2456473.56768 18.535 0.034 4.95 293.0
2456474.64231 18.586 0.041 5.74 338.0
2456475.73668 18.547 0.035 4.53 367.0
2456476.78674 18.596 0.032 4.06 377.0
2456478.54806 18.440 0.045 6.67 372.0
2456480.60549 18.507 0.043 6.70 289.0
2456481.75950 18.410 0.040 6.53 346.0
2456485.57851 18.627 0.039 6.62 258.0
2456486.74156 18.614 0.037 5.10 305.0
2456487.82272 18.619 0.042 4.74 487.0
2456490.62526 18.599 0.035 4.34 365.0
2456491.77724 18.617 0.040 4.10 453.0
2456496.53075 18.534 0.052 5.11 776.0
2456498.56160 18.591 0.030 3.56 442.0
2456500.65317 18.708 0.071 8.06 363.0
2456505.47856 18.661 0.050 6.08 396.0
2456507.62928 18.591 0.050 6.91 321.0
2456509.58667 18.595 0.028 3.76 277.0
2456510.75200 18.446 0.045 6.19 425.0
2456514.73329 18.547 0.036 5.16 375.0
2456518.58197 18.668 0.035 4.06 355.0
2456523.55767 18.676 0.046 4.40 564.0
2456525.57475 18.476 0.052 5.94 620.0
2456531.54002 18.768 0.044 5.87 309.0
2456534.51177 18.500 0.037 4.93 390.0
2456539.48358 18.542 0.042 5.78 364.0
2456559.55533 18.564 0.035 4.21 399.0
2456563.55152 18.590 0.050 6.46 326.0
2456565.61093 18.606 0.039 4.96 383.0
2456569.56875 18.733 0.044 5.20 341.0
2456572.54633 18.686 0.045 4.79 387.0
2456581.52553 18.573 0.050 5.14 572.0
2456584.52686 18.316 0.049 5.22 853.0
2456701.86215 18.633 0.044 4.98 621.0
2456708.87002 18.531 0.040 5.24 533.0
2456711.89273 18.458 0.039 4.56 770.0
2456717.83335 18.668 0.050 6.28 408.0
2456719.89825 18.601 0.036 4.50 445.0
2456722.83204 18.521 0.048 6.84 459.0
2456724.85410 18.571 0.040 5.59 404.0
2456726.84305 18.549 0.037 5.17 425.0
2456728.84795 18.544 0.029 4.69 333.0
2456730.81813 18.457 0.045 6.38 483.0
2456732.87514 18.646 0.056 6.06 540.0
2456734.82831 18.579 0.037 4.51 535.0
2456735.91269 18.574 0.049 4.88 777.0
2456737.77822 18.530 0.038 4.88 626.0
2456741.86614 18.603 0.043 4.62 620.0
2456742.81483 18.473 0.027 4.28 355.0
2456744.91280 18.532 0.028 4.12 368.0
2456746.81565 18.589 0.032 4.68 317.0
2456748.85072 18.609 0.035 4.93 338.0
2456751.74253 18.490 0.053 8.28 339.0
2456754.76358 18.559 0.044 6.60 330.0
2456756.70531 18.653 0.042 5.82 434.0
2456758.85851 18.615 0.043 6.11 325.0
2456760.80868 18.604 0.030 3.36 427.0
2456762.75388 18.503 0.041 5.41 541.0
2456764.71970 18.637 0.046 4.54 800.0
2456765.87878 18.562 0.040 4.11 731.0
2456769.79998 18.751 0.038 4.38 428.0
2456770.90793 18.607 0.038 4.51 428.0
2456772.83038 18.646 0.030 4.29 351.0
2456774.71700 18.644 0.055 6.63 401.0
2456775.93150 18.555 0.041 4.76 554.0
2456777.91145 18.675 0.043 5.18 452.0
2456790.64052 18.486 0.055 5.71 715.0
2456791.69370 18.524 0.050 4.78 725.0
2456792.74415 18.580 0.042 3.53 841.0
2456796.79712 18.598 0.041 4.09 506.0
2456797.88709 18.557 0.064 5.89 797.0
2456803.74340 18.648 0.033 4.69 252.0
2456804.75469 18.701 0.043 5.20 313.0
2456805.81666 18.563 0.043 5.44 357.0
2456807.79961 18.516 0.046 6.04 325.0
2456808.82273 18.634 0.036 4.53 312.0
2456809.87563 18.628 0.043 4.87 397.0
2456810.90736 18.467 0.039 4.45 567.0
2456811.92013 18.527 0.057 6.08 591.0
2456814.71196 18.592 0.034 4.69 276.0
2456815.78815 18.560 0.036 4.48 336.0
2456816.86204 18.452 0.050 6.82 350.0
2456817.92708 18.474 0.051 5.75 560.0
2456819.77519 18.674 0.063 5.38 716.0
2456824.63268 18.523 0.053 5.19 674.0
2456825.65542 18.647 0.039 3.99 394.0
2456826.66559 18.623 0.039 4.51 381.0
2456827.75731 18.637 0.034 3.86 333.0
2456828.80345 18.562 0.035 4.51 313.0
2456829.77762 18.583 0.040 5.17 284.0
2456830.80223 18.588 0.033 4.12 403.0
2456832.55929 18.553 0.038 4.74 339.0
2456833.62529 18.543 0.049 6.61 343.0
2456834.63232 18.557 0.043 5.44 362.0
2456835.70646 18.587 0.041 5.30 300.0
2456836.73980 18.518 0.064 5.90 333.0
2456837.75093 18.631 0.044 4.57 472.0
2456838.75130 18.525 0.039 5.01 371.0
2456839.76714 18.584 0.044 5.27 410.0
2456840.81562 18.574 0.056 6.84 381.0
2456842.56698 18.505 0.051 6.45 453.0
2456844.59571 18.502 0.030 3.75 416.0
2456845.58413 18.629 0.039 4.25 439.0
2456847.57570 18.558 0.040 3.77 686.0
2456851.53966 18.614 0.052 4.80 787.0
2456852.60119 18.690 0.053 4.85 617.0
2456855.67800 18.644 0.034 4.23 276.0
2456856.70296 18.517 0.032 3.98 327.0
2456857.75364 18.558 0.034 4.18 336.0
2456859.57642 18.541 0.044 5.42 364.0
2456862.76401 18.595 0.041 4.65 442.0
2456864.52072 18.538 0.039 5.75 268.0
2456870.58474 18.613 0.037 4.66 288.0
2456872.73400 18.543 0.046 6.45 302.0
2456879.65024 18.704 0.066 5.42 711.0
2456881.60303 18.526 0.047 5.20 484.0
2456883.51244 18.584 0.041 5.61 312.0
2456885.71708 18.608 0.046 5.58 392.0
2456887.62679 18.567 0.033 4.52 271.0
2456889.56130 18.506 0.034 5.21 252.0
2456890.71089 18.433 0.036 5.82 277.0
2456895.67948 18.530 0.037 5.13 311.0
2456909.52942 18.463 0.062 6.44 560.0
2456919.56324 18.516 0.038 4.85 366.0
2456924.51656 18.711 0.072 7.22 436.0
2456927.51396 18.658 0.071 7.23 509.0
2456930.54222 18.523 0.072 6.73 713.0
2456932.55084 18.563 0.072 4.79 1569.0
2456938.56479 18.678 0.069 4.89 817.0
2456943.54489 18.474 0.055 6.47 516.0
2457066.86475 18.646 0.059 5.71 644.0
2457070.89930 18.373 0.065 5.52 1693.0
2457074.85976 18.318 0.044 7.07 423.0
2457075.83561 18.577 0.061 7.62 393.0
2457076.90152 18.720 0.079 4.06 2056.0
2457078.87609 18.510 0.033 4.61 354.0
2457080.89831 18.585 0.047 5.37 526.0
2457083.80943 18.629 0.050 5.75 498.0
2457084.80265 18.474 0.073 7.41 638.0
2457086.87919 18.540 0.038 3.94 511.0
2457089.79012 18.532 0.049 5.43 605.0
2457091.82125 18.774 0.057 5.15 555.0
2457098.89538 18.619 0.032 3.89 338.0
2457100.87813 18.590 0.034 4.10 356.0
2457108.82873 18.704 0.055 6.08 385.0
2457109.77673 18.474 0.040 6.34 327.0
2457110.90161 18.517 0.028 3.65 351.0
2457112.86584 18.523 0.038 4.83 391.0
2457113.86908 18.597 0.029 3.75 314.0
2457115.86737 18.550 0.032 3.88 406.0
2457116.88256 18.485 0.040 4.88 559.0
2457117.86925 18.640 0.036 3.60 525.0
2457119.91237 18.523 0.044 5.00 555.0
2457120.84509 18.563 0.044 4.14 776.0
2457125.75368 18.481 0.054 7.06 447.0
2457129.76771 18.619 0.036 4.64 312.0
2457130.92788 18.390 0.042 5.25 529.0
2457131.78181 18.620 0.033 3.99 357.0
2457132.84306 18.620 0.035 4.09 419.0
2457134.91344 18.642 0.037 4.42 389.0
2457136.77923 18.535 0.034 4.26 362.0
2457137.91634 18.677 0.063 6.90 381.0
2457139.76883 18.555 0.035 4.63 332.0
2457140.89561 18.601 0.037 4.31 423.0
2457142.73029 18.489 0.031 3.92 383.0
2457143.84084 18.704 0.041 4.43 397.0
2457145.79881 18.669 0.050 4.74 566.0
2457146.83275 18.635 0.053 4.99 821.0
2457147.85419 18.697 0.066 5.82 900.0
2457153.70296 18.632 0.032 3.86 373.0
2457154.79248 18.556 0.036 4.28 419.0
2457155.88621 18.651 0.044 4.60 449.0
2457157.81093 18.573 0.036 5.09 323.0
2457158.91169 18.630 0.051 5.66 471.0
2457160.63167 18.462 0.041 5.41 427.0
2457161.70573 18.547 0.028 3.49 361.0
2457162.76094 18.575 0.039 4.96 347.0
2457163.82657 18.541 0.037 4.77 375.0
2457168.79568 18.350 0.030 4.79 341.0
2457170.59326 18.237 0.030 5.30 410.0
2457172.63934 18.105 0.029 4.61 482.0
2457173.66030 17.640 0.020 4.84 580.0
2457174.66916 16.557 0.008 4.06 646.0
2457175.68295 16.374 0.007 3.91 933.0
2457178.64554 18.324 0.031 3.63 627.0
2457179.63780 18.257 0.041 5.41 524.0
2457180.63305 18.335 0.042 6.00 439.0
2457181.62869 18.498 0.030 4.30 284.0
2457182.64612 18.512 0.029 4.36 227.0
2457183.65818 18.358 0.034 5.52 264.0
2457184.69384 18.448 0.037 5.76 278.0
2457185.72381 18.357 0.039 6.33 336.0
2457186.87582 18.495 0.045 5.81 439.0
2457187.88885 18.565 0.046 5.70 466.0
2457189.58793 18.484 0.038 5.23 344.0
2457190.64503 18.528 0.040 5.41 396.0
2457191.82598 18.456 0.042 6.06 369.0
2457194.70239 18.624 0.033 4.12 345.0
2457197.78932 18.572 0.043 5.77 299.0
2457198.81560 18.500 0.060 5.25 1046.0
2457199.81576 18.643 0.034 3.98 361.0
2457200.80079 18.664 0.047 5.03 503.0
2457206.67935 18.674 0.060 4.85 826.0
2457207.69580 18.475 0.042 4.66 571.0
2457209.83068 18.572 0.069 5.70 1326.0
2457211.82084 18.722 0.063 6.29 567.0
2457217.57139 18.604 0.045 5.49 349.0
2457219.73600 18.534 0.038 5.04 356.0
2457221.48893 18.625 0.055 6.41 431.0
2457222.54439 18.521 0.039 5.27 399.0
2457223.68765 18.686 0.046 5.55 307.0
2457224.77757 18.552 0.046 6.03 373.0
2457226.68857 18.538 0.034 4.78 272.0
2457227.69950 18.532 0.035 4.83 286.0
2457228.75696 18.645 0.037 5.19 276.0
2457229.79623 18.709 0.046 4.63 476.0
2457235.68711 18.438 0.058 6.62 683.0
2457249.58882 18.576 0.042 6.14 277.0
2457252.65352 18.546 0.038 5.23 373.0
2457255.60911 18.553 0.042 5.64 334.0
2457263.51714 18.441 0.036 4.24 632.0
2457264.69639 18.615 0.054 4.83 787.0
2457267.68660 18.569 0.050 5.81 451.0
2457269.67971 18.596 0.042 5.18 380.0
2457272.53341 18.599 0.046 5.45 382.0
2457277.48337 18.777 0.054 5.75 379.0
2457281.51184 18.603 0.066 7.77 343.0
2457292.56683 18.410 0.075 7.41 779.0
2457295.53652 18.618 0.047 4.94 431.0
2457299.58260 18.592 0.054 6.47 471.0
2457317.51536 18.586 0.058 5.75 638.0
