2455264.84100 19.459 0.097 4.67 796.0
2455268.77925 19.274 0.084 7.05 399.0
2455271.77332 19.615 0.082 4.76 420.0
2455273.78260 19.355 0.053 4.23 355.0
2455277.77071 19.385 0.061 4.68 381.0
2455279.88915 19.410 0.057 4.64 334.0
2455283.74980 19.586 0.105 5.48 604.0
2455285.87578 19.283 0.074 5.14 644.0
2455288.74187 19.438 0.075 3.57 740.0
2455292.89942 19.446 0.079 3.99 785.0
2455294.73687 19.431 0.056 4.09 340.0
2455294.92284 19.278 0.062 3.55 834.0
2455296.78063 19.458 0.057 4.32 336.0
2455297.81459 19.367 0.046 3.95 329.0
2455298.85315 19.394 0.052 3.91 347.0
2455299.83755 19.419 0.043 3.74 303.0
2455301.76668 19.412 0.051 4.09 348.0
2455303.92799 19.378 0.063 4.61 423.0
2455306.69998 19.404 0.061 5.15 382.0
2455307.70208 19.385 0.066 5.64 393.0
2455308.69339 19.396 0.062 4.83 411.0
2455309.75618 19.309 0.054 4.85 341.0
2455310.77130 19.443 0.070 5.37 399.0
2455311.86612 19.324 0.053 4.49 389.0
2455312.86133 19.297 0.063 4.64 558.0
2455313.88971 19.334 0.073 4.77 620.0
2455314.82405 19.354 0.066 4.27 723.0
2455315.76352 19.482 0.124 6.00 823.0
2455316.71662 19.541 0.121 5.42 893.0
2455320.75730 19.572 0.114 4.50 1110.0
2455321.67390 19.401 0.103 6.61 570.0
2455321.89858 19.421 0.071 4.48 546.0
2455323.81242 19.420 0.063 4.65 487.0
2455324.74656 19.294 0.052 4.32 385.0
2455325.86317 19.409 0.064 4.17 424.0
2455326.78706 19.445 0.054 4.10 354.0
2455327.70281 19.521 0.063 4.60 330.0
2455327.92812 19.382 0.065 4.06 554.0
2455328.85940 19.414 0.064 4.27 422.0
2455334.76652 19.522 0.065 4.43 385.0
2455335.75077 19.488 0.054 3.88 387.0
2455336.79613 19.255 0.058 4.61 424.0
2455337.85018 19.318 0.073 5.19 495.0
2455338.84991 19.441 0.125 7.11 578.0
2455339.88213 19.339 0.123 7.64 662.0
2455340.82546 19.384 0.085 5.40 620.0
2455341.68719 19.373 0.075 4.98 548.0
2455342.58556 19.401 0.127 6.05 895.0
2455342.77949 19.422 0.084 5.01 656.0
2455343.60530 19.575 0.150 6.00 1065.0
2455343.79708 19.635 0.173 4.75 2241.0
2455350.63415 19.411 0.084 6.22 383.0
2455351.69402 19.320 0.061 5.14 369.0
2455352.70601 19.381 0.051 4.06 334.0
2455353.67931 19.383 0.050 4.03 355.0
2455354.61728 19.347 0.061 4.77 369.0
2455355.57505 19.489 0.074 4.82 489.0
2455355.88941 19.468 0.109 6.16 652.0
2455358.70044 19.338 0.068 5.90 336.0
2455359.61140 19.248 0.065 4.88 525.0
2455359.84764 19.495 0.101 6.12 525.0
2455362.73541 19.395 0.060 4.42 432.0
2455364.71074 19.418 0.070 5.57 379.0
2455364.86186 19.498 0.078 5.53 377.0
2455365.82077 19.397 0.073 5.37 417.0
2455369.77688 19.237 0.106 6.64 785.0
2455376.75177 19.381 0.085 5.25 604.0
2455377.65206 19.417 0.052 4.01 392.0
2455377.67310 19.337 0.061 4.86 411.0
2455378.49585 19.444 0.074 4.67 480.0
2455378.80404 19.406 0.071 4.91 461.0
2455379.69225 19.499 0.067 4.50 383.0
2455380.80248 19.459 0.090 6.04 431.0
2455381.67742 19.384 0.073 5.90 343.0
2455382.54143 19.324 0.087 6.91 430.0
2455382.74808 19.293 0.070 6.03 390.0
2455385.50017 19.487 0.064 3.70 516.0
2455385.60213 19.354 0.045 3.96 442.0
2455385.69274 19.377 0.049 3.97 456.0
2455385.79078 19.450 0.053 3.92 482.0
2455386.77196 19.417 0.055 4.20 324.0
2455387.75430 19.308 0.053 4.63 298.0
2455388.64321 19.503 0.056 4.56 256.0
2455389.53460 19.426 0.070 5.56 337.0
2455390.54242 19.408 0.090 7.31 356.0
2455390.79959 19.419 0.057 5.06 274.0
2455391.76165 19.445 0.080 5.62 387.0
2455392.63215 19.445 0.057 4.48 320.0
2455393.69379 19.468 0.074 5.99 282.0
2455403.62524 19.258 0.060 3.75 687.0
2455404.49682 19.407 0.073 4.40 525.0
2455404.69415 19.545 0.097 5.33 542.0
2455405.70983 19.494 0.091 5.08 492.0
2455407.56283 19.409 0.074 5.91 295.0
2455407.75667 19.473 0.095 6.05 489.0
2455408.68624 19.629 0.098 6.13 394.0
2455409.59658 19.431 0.053 4.48 293.0
2455410.59968 19.341 0.050 4.46 289.0
2455411.63585 19.402 0.050 4.35 303.0
2455412.61994 19.431 0.073 5.86 356.0
2455413.62771 19.379 0.050 4.45 270.0
2455414.67237 19.391 0.055 4.51 319.0
2455418.58369 19.413 0.050 4.38 274.0
2455421.61342 19.400 0.051 4.56 291.0
2455422.63221 19.341 0.048 4.31 288.0
2455425.52474 19.432 0.070 5.09 416.0
2455431.51957 19.421 0.075 4.68 578.0
2455434.69613 19.342 0.086 5.45 606.0
2455435.69934 19.350 0.075 5.06 524.0
2455437.67870 19.494 0.084 5.82 459.0
2455439.55922 19.446 0.090 5.95 388.0
2455444.59438 19.344 0.074 5.94 339.0
2455445.68335 19.406 0.072 5.47 385.0
2455447.49125 19.461 0.056 4.28 359.0
2455448.55030 19.404 0.078 5.39 383.0
2455448.56509 19.349 0.077 5.77 389.0
2455450.50929 19.469 0.082 5.82 373.0
2455457.51797 19.414 0.065 4.63 501.0
2455458.56190 19.437 0.094 5.95 548.0
2455459.59540 19.448 0.087 5.27 571.0
2455460.60809 19.590 0.193 6.08 1893.0
2455462.48613 19.404 0.079 4.70 560.0
2455463.59290 19.353 0.074 4.52 606.0
2455464.55264 19.535 0.089 5.31 491.0
2455465.48708 19.546 0.117 7.27 472.0
2455468.55699 19.471 0.092 6.32 425.0
2455471.53865 19.450 0.079 5.77 367.0
2455472.58855 19.411 0.086 6.16 460.0
2455476.55321 19.479 0.137 8.28 461.0
2455480.51119 19.505 0.093 5.68 449.0
2455483.49890 19.514 0.170 5.32 1679.0
2455487.49715 19.373 0.075 5.09 574.0
2455489.49603 19.508 0.149 6.95 718.0
2455492.52152 19.611 0.184 7.36 862.0
2455497.49982 19.266 0.108 6.40 731.0
2455596.86155 19.530 0.088 6.01 463.0
2455596.88493 19.310 0.128 5.30 1782.0
2455597.85644 19.497 0.081 6.52 359.0
2455606.88789 19.438 0.087 5.36 559.0
2455614.86818 19.511 0.087 5.66 510.0
2455620.85254 19.479 0.078 6.24 354.0
2455624.81369 19.412 0.076 5.85 387.0
2455625.77575 19.558 0.107 6.72 441.0
2455627.80052 19.321 0.077 6.44 358.0
2455629.77936 19.616 0.108 6.85 352.0
2455630.76935 19.429 0.078 5.98 397.0
2455632.76685 19.429 0.120 8.22 621.0
2455634.75408 19.452 0.081 6.05 398.0
2455635.82663 19.628 0.112 7.03 379.0
2455638.74490 19.710 0.162 6.94 709.0
2455639.75790 19.442 0.091 5.14 659.0
2455639.83356 19.471 0.079 4.80 512.0
2455639.90923 19.348 0.075 5.45 597.0
2455640.83066 19.309 0.075 4.81 564.0
2455641.75679 19.357 0.087 5.67 646.0
2455641.87691 19.461 0.069 5.03 483.0
2455642.79865 19.373 0.070 4.61 603.0
2455643.74478 19.386 0.086 5.01 717.0
2455643.82250 19.389 0.072 4.85 576.0
2455644.74551 19.442 0.124 4.51 1552.0
2455644.85916 19.595 0.133 5.08 1185.0
2455648.73163 19.654 0.106 6.64 365.0
2455648.84025 19.386 0.056 4.70 339.0
2455649.73597 19.576 0.091 6.79 317.0
2455649.84613 19.456 0.052 4.59 277.0
2455650.72843 19.303 0.069 6.33 338.0
2455650.83470 19.462 0.055 4.92 295.0
2455651.75434 19.410 0.063 5.28 327.0
2455651.86663 19.464 0.068 5.34 328.0
2455652.79486 19.398 0.053 4.71 289.0
2455653.76072 19.544 0.057 4.39 323.0
2455654.76381 19.527 0.070 4.92 341.0
2455654.85574 19.368 0.058 5.65 300.0
2455655.76864 19.327 0.062 4.81 374.0
2455655.84485 19.316 0.047 4.56 328.0
2455656.80190 19.476 0.063 4.74 358.0
2455657.76525 19.486 0.054 3.85 337.0
2455657.84494 19.392 0.050 4.56 342.0
2455658.75607 19.431 0.082 6.70 469.0
2455658.85706 19.455 0.057 4.92 299.0
2455659.71374 19.535 0.085 6.35 361.0
2455659.78992 19.314 0.057 5.51 336.0
2455659.87583 19.355 0.045 4.07 414.0
2455660.76355 19.457 0.063 5.84 304.0
2455660.86043 19.379 0.063 5.71 299.0
2455662.75486 19.418 0.089 7.09 354.0
2455662.85523 19.268 0.054 5.17 392.0
2455663.75310 19.374 0.071 6.29 368.0
2455664.80156 19.466 0.068 5.49 340.0
2455664.90533 19.489 0.070 5.16 346.0
2455665.78799 19.400 0.057 5.06 318.0
2455665.90002 19.445 0.060 5.05 326.0
2455667.82761 19.484 0.059 4.46 390.0
2455668.83262 19.429 0.083 5.36 606.0
2455669.81619 19.504 0.080 5.04 595.0
2455670.80419 19.459 0.086 5.24 642.0
2455671.77379 19.207 0.061 4.47 674.0
2455675.87305 19.457 0.064 4.42 420.0
2455676.77886 19.342 0.048 4.57 334.0
2455677.73551 19.466 0.058 4.68 341.0
2455677.92250 19.356 0.053 4.37 397.0
2455679.84426 19.326 0.054 4.71 363.0
2455680.72472 19.624 0.084 5.21 336.0
2455680.91041 19.321 0.053 4.63 341.0
2455681.80527 19.445 0.068 5.61 347.0
2455682.70487 19.368 0.076 5.78 459.0
2455682.92448 19.478 0.076 5.25 458.0
2455683.87913 19.285 0.058 4.51 450.0
2455684.78254 19.432 0.058 4.97 343.0
2455685.76895 19.431 0.048 4.01 330.0
2455686.65668 19.180 0.063 6.29 391.0
2455686.86507 19.326 0.065 5.17 396.0
2455687.75414 19.329 0.051 4.68 366.0
2455688.92886 19.606 0.118 5.81 778.0
2455690.65622 19.250 0.064 6.22 362.0
2455690.86988 19.146 0.066 6.46 478.0
2455691.79219 19.324 0.058 5.13 365.0
2455692.68490 19.361 0.064 5.37 427.0
2455692.86054 19.465 0.071 4.48 502.0
2455693.70883 19.424 0.063 5.11 404.0
2455693.88243 19.428 0.074 5.01 532.0
2455694.71415 19.355 0.063 4.91 478.0
2455694.89016 19.451 0.080 5.67 480.0
2455695.76643 19.379 0.057 4.82 408.0
2455695.92979 19.445 0.085 7.53 397.0
2455696.75752 19.435 0.063 4.66 446.0
2455696.94025 19.346 0.163 6.88 1349.0
2455697.76346 19.476 0.074 4.73 589.0
2455697.92984 19.235 0.080 6.80 612.0
2455698.76314 19.284 0.088 5.78 871.0
2455698.92853 19.306 0.127 6.69 1198.0
2455705.72643 19.249 0.064 6.07 378.0
2455705.92019 19.367 0.110 8.32 619.0
2455706.87444 19.357 0.098 7.15 554.0
2455707.73748 19.411 0.072 5.63 404.0
2455707.89854 19.421 0.091 6.29 532.0
2455708.73014 19.389 0.053 4.74 319.0
2455709.56167 19.396 0.079 6.38 387.0
2455712.59762 19.428 0.079 5.92 656.0
2455712.60027 19.480 0.081 5.87 467.0
2455712.80623 19.388 0.063 4.98 386.0
2455713.82092 19.577 0.078 5.43 366.0
2455715.55920 19.657 0.090 5.71 412.0
2455715.76494 19.330 0.047 4.39 305.0
2455716.59170 19.498 0.103 7.46 369.0
2455716.60434 19.448 0.066 5.23 342.0
2455716.61906 19.489 0.070 5.54 326.0
2455716.63168 19.532 0.072 5.64 320.0
2455716.82829 19.292 0.059 5.55 316.0
2455721.71282 19.306 0.064 5.62 393.0
2455721.91385 19.482 0.124 7.81 795.0
2455722.76675 19.272 0.052 4.09 405.0
2455723.63532 19.295 0.060 5.31 387.0
2455723.80345 19.365 0.059 4.94 343.0
2455724.66362 19.342 0.073 5.20 450.0
2455725.56590 19.339 0.069 4.90 531.0
2455725.77939 19.469 0.074 4.55 562.0
2455726.68752 19.387 0.070 4.39 680.0
2455734.66356 19.161 0.070 6.87 466.0
2455734.84580 19.227 0.084 6.86 462.0
2455735.79249 19.126 0.048 4.85 361.0
2455736.54166 19.090 0.051 4.81 451.0
2455736.70883 19.096 0.034 3.98 290.0
2455737.53746 19.089 0.051 5.00 446.0
2455737.72704 18.922 0.030 4.08 265.0
2455737.89458 19.011 0.059 6.31 485.0
2455738.75280 18.900 0.035 4.55 328.0
2455739.62272 18.846 0.036 5.08 297.0
2455739.81079 18.782 0.045 7.03 371.0
2455740.62447 18.775 0.044 7.10 296.0
2455740.81150 18.656 0.039 5.94 398.0
2455741.58199 18.437 0.026 4.38 333.0
2455741.76059 18.364 0.022 4.19 286.0
2455742.50886 18.182 0.028 4.91 551.0
2455742.69336 18.065 0.018 4.27 290.0
2455742.84882 17.958 0.019 5.01 380.0
2455743.74327 17.407 0.014 5.02 406.0
2455744.50111 16.680 0.010 6.90 541.0
2455744.67696 16.578 0.007 4.43 319.0
2455745.49023 17.150 0.013 6.91 439.0
2455745.66535 17.304 0.011 4.47 334.0
2455746.70509 18.001 0.020 5.61 305.0
2455747.58874 18.393 0.058 9.33 436.0
2455747.76554 18.444 0.039 7.45 352.0
2455749.54103 18.832 0.045 6.04 386.0
2455749.70761 18.833 0.045 6.61 306.0
2455752.58536 19.026 0.068 6.69 467.0
2455753.71315 19.154 0.081 5.49 920.0
2455759.83542 19.290 0.104 6.13 828.0
2455760.48089 19.435 0.121 7.21 571.0
2455760.67464 19.404 0.069 5.05 455.0
2455761.49560 19.233 0.045 4.58 349.0
2455762.54031 19.407 0.067 4.75 369.0
2455762.69636 19.373 0.066 4.91 370.0
2455763.57629 19.372 0.046 3.90 353.0
2455763.76204 19.452 0.076 4.91 532.0
2455764.57942 19.388 0.058 4.67 381.0
2455764.78591 19.318 0.066 6.05 410.0
2455765.65023 19.323 0.051 4.19 400.0
2455766.50995 19.505 0.070 5.47 343.0
2455766.69632 19.237 0.052 5.38 293.0
2455767.57450 19.379 0.062 4.89 382.0
2455767.78258 19.395 0.095 7.47 387.0
2455768.63669 19.398 0.055 4.52 377.0
2455769.47365 19.417 0.085 5.70 465.0
2455769.67797 19.364 0.057 5.16 295.0
2455770.75402 19.302 0.071 5.55 367.0
2455776.60894 19.802 0.126 7.21 325.0
2455777.52599 19.263 0.047 4.28 380.0
2455777.77335 19.537 0.084 5.81 405.0
2455779.60105 19.391 0.065 5.37 341.0
2455785.62816 19.341 0.092 5.77 585.0
2455786.57178 19.747 0.129 5.82 565.0
2455787.60792 19.353 0.068 4.66 522.0
2455788.50736 19.322 0.075 5.94 421.0
2455790.59073 19.318 0.072 6.11 382.0
2455791.47728 19.469 0.108 7.12 449.0
2455793.59747 19.647 0.094 6.30 341.0
2455794.47946 19.405 0.098 7.50 378.0
2455794.67808 19.397 0.068 5.29 376.0
2455795.72534 19.366 0.078 6.33 367.0
2455796.65236 19.466 0.074 5.83 331.0
2455801.57377 19.544 0.089 6.87 315.0
2455802.56496 19.441 0.085 6.60 350.0
2455804.55730 19.365 0.076 6.59 354.0
2455805.50722 19.413 0.053 4.45 335.0
2455806.50040 19.481 0.096 6.55 421.0
2455807.63713 19.388 0.081 6.12 374.0
2455812.61953 19.544 0.112 5.57 645.0
2455813.60311 19.494 0.066 3.75 582.0
2455815.57137 19.423 0.056 3.62 508.0
2455816.55176 19.386 0.080 5.15 564.0
2455817.55276 19.222 0.072 5.61 498.0
2455818.53419 19.422 0.090 5.71 495.0
2455819.54288 19.399 0.080 5.34 509.0
2455820.51155 19.626 0.120 6.34 479.0
2455822.51213 19.670 0.123 7.66 331.0
2455822.60070 19.284 0.070 5.83 352.0
2455823.53216 19.339 0.084 6.12 400.0
2455823.61926 19.866 0.167 7.57 447.0
2455824.55558 19.379 0.061 4.67 366.0
2455824.63322 19.189 0.072 6.66 417.0
2455825.57215 19.356 0.076 5.20 440.0
2455826.49529 19.447 0.089 5.83 392.0
2455826.58265 19.323 0.092 6.67 453.0
2455827.52135 19.572 0.121 6.42 514.0
2455827.60174 19.691 0.140 8.07 482.0
2455828.53486 19.340 0.063 5.12 358.0
2455828.61013 19.408 0.079 5.57 475.0
2455829.54554 19.451 0.071 5.25 419.0
2455829.62163 19.486 0.094 8.00 466.0
2455830.55855 19.368 0.077 6.74 402.0
2455831.53073 19.259 0.060 5.55 392.0
2455831.60399 19.355 0.093 8.25 451.0
2455832.55368 19.479 0.097 6.65 446.0
2455833.51179 19.235 0.059 5.01 402.0
2455833.58951 19.299 0.093 7.76 412.0
2455834.54893 19.408 0.069 6.19 362.0
2455835.53241 19.775 0.162 7.32 465.0
2455836.52949 19.358 0.113 5.41 908.0
2455836.59296 19.572 0.156 7.55 757.0
2455839.55347 19.464 0.170 5.75 1743.0
2455840.49928 19.709 0.128 6.03 538.0
2455840.60019 19.651 0.124 6.00 638.0
2455841.52691 19.472 0.108 6.02 606.0
2455841.60623 19.350 0.116 6.44 740.0
2455842.57690 19.362 0.111 6.68 643.0
2455843.52989 19.561 0.103 6.01 526.0
2455844.55374 19.268 0.093 6.11 644.0
2455845.51421 19.278 0.088 6.27 599.0
2455845.59496 19.350 0.101 5.73 843.0
2455846.55664 19.270 0.111 6.28 811.0
2455851.54331 19.290 0.071 5.80 429.0
2455852.49349 19.296 0.119 6.86 766.0
2455855.54647 19.258 0.095 6.65 611.0
2455856.55358 19.300 0.121 8.82 601.0
2455858.52585 19.640 0.175 9.00 501.0
2455860.49863 19.475 0.119 5.94 749.0
2455861.52180 19.505 0.131 8.14 544.0
