2457424.87895 18.552 0.031 4.60 598.0
2457425.87498 18.603 0.041 5.49 530.0
2457427.86318 18.611 0.048 7.00 431.0
2457428.85413 18.565 0.029 4.64 411.0
2457429.86021 18.594 0.038 5.36 464.0
2457431.88335 18.505 0.028 4.12 482.0
2457432.85301 18.485 0.031 4.86 421.0
2457433.85118 18.490 0.031 5.23 380.0
2457434.84331 18.573 0.044 5.70 575.0
2457435.88383 18.511 0.034 5.49 425.0
2457438.86886 18.608 0.036 5.62 379.0
2457441.83106 18.643 0.056 6.22 717.0
2457443.85674 18.559 0.046 5.94 559.0
2457444.83615 18.591 0.038 5.15 509.0
2457445.85548 18.526 0.032 4.67 468.0
2457447.87754 18.529 0.031 4.58 419.0
2457453.84769 18.546 0.023 3.86 342.0
2457456.80960 18.556 0.037 5.50 421.0
2457458.83330 18.561 0.032 5.10 372.0
2457461.83297 18.485 0.024 4.06 326.0
2457463.87861 18.509 0.025 4.05 329.0
2457466.87940 18.528 0.030 4.80 405.0
2457470.83846 18.565 0.035 4.73 506.0
2457472.75622 18.593 0.044 5.51 610.0
2457474.77730 18.567 0.037 5.00 562.0
2457475.82361 18.467 0.052 6.16 893.0
2457484.75769 18.453 0.036 7.06 322.0
2457485.88419 18.498 0.026 4.92 294.0
2457487.77777 18.515 0.029 4.74 364.0
2457488.90305 18.560 0.027 4.00 428.0
2457491.91162 18.563 0.024 3.84 290.0
2457492.91294 18.505 0.024 3.77 363.0
2457493.90004 18.591 0.026 4.40 272.0
2457494.88775 18.518 0.027 4.36 354.0
2457495.86568 18.574 0.034 5.45 339.0
2457498.75094 18.567 0.037 4.79 497.0
2457499.75307 18.577 0.036 5.14 514.0
2457500.69515 18.557 0.041 5.00 690.0
2457500.89644 18.606 0.045 5.69 562.0
2457508.71569 18.528 0.023 3.56 330.0
2457509.82072 18.513 0.031 5.43 348.0
2457511.89466 18.539 0.026 4.08 395.0
2457522.82412 18.528 0.046 6.93 423.0
2457526.71237 18.522 0.036 5.34 475.0
2457529.75694 18.527 0.047 5.99 654.0
2457534.72922 18.547 0.032 4.95 445.0
2457536.73960 18.424 0.030 5.41 361.0
2457545.88401 18.527 0.035 5.31 394.0
2457546.90605 18.481 0.045 6.52 557.0
2457547.85760 18.521 0.030 5.49 296.0
2457549.75156 18.499 0.023 4.42 237.0
2457550.74825 18.523 0.026 4.35 336.0
2457554.69117 18.629 0.034 6.00 336.0
2457555.79862 18.494 0.029 4.67 404.0
2457557.75153 18.515 0.037 5.08 667.0
2457561.58012 18.594 0.056 5.29 1094.0
2457562.56250 18.623 0.052 5.52 900.0
2457566.77082 18.535 0.034 5.77 380.0
2457567.71430 18.486 0.028 4.64 371.0
2457568.71009 18.532 0.031 5.84 263.0
2457569.72996 18.479 0.030 5.54 316.0
2457575.51299 18.460 0.039 7.23 312.0
2457575.52694 18.581 0.040 7.05 299.0
2457576.52245 18.528 0.032 5.95 314.0
2457576.53507 18.536 0.031 5.85 282.0
2457577.57894 18.563 0.031 5.49 355.0
2457583.77372 18.484 0.035 6.18 344.0
2457590.50172 18.575 0.041 5.61 582.0
2457591.56203 18.584 0.072 6.72 1281.0
2457595.56566 18.487 0.037 6.89 320.0
2457599.53176 18.613 0.039 6.05 322.0
2457599.61525 18.555 0.032 5.50 266.0
2457599.70870 18.568 0.035 5.97 289.0
2457599.75078 18.482 0.030 5.22 313.0
2457600.54056 18.569 0.038 6.09 306.0
2457600.63586 18.504 0.033 6.54 269.0
2457601.70729 18.565 0.029 5.36 250.0
2457602.53524 18.584 0.038 6.19 308.0
2457603.59695 18.513 0.029 5.37 261.0
2457604.60299 18.496 0.024 4.57 242.0
2457605.64542 18.538 0.031 5.54 280.0
2457607.60345 18.552 0.034 6.52 249.0
2457608.71369 18.517 0.027 4.46 308.0
2457610.55952 18.516 0.032 4.95 332.0
2457612.56685 18.586 0.036 5.41 388.0
2457616.62811 18.577 0.037 5.05 571.0
2457618.52532 18.589 0.044 5.58 552.0
2457621.59222 18.543 0.037 6.08 373.0
2457623.50946 18.547 0.031 5.01 337.0
2457624.67129 18.522 0.030 5.49 304.0
2457626.68144 18.572 0.034 5.54 338.0
2457632.48266 18.524 0.031 5.03 303.0
2457635.48907 18.530 0.040 6.64 344.0
2457637.58833 18.550 0.028 4.80 298.0
2457643.59401 18.542 0.065 7.32 762.0
2457648.51822 18.473 0.042 6.10 478.0
2457650.50705 18.529 0.028 5.05 306.0
2457651.52240 18.495 0.034 5.75 406.0
2457651.57767 18.552 0.034 4.88 515.0
2457652.50962 18.492 0.029 5.33 326.0
2457653.50900 18.585 0.030 5.02 339.0
2457654.51362 18.541 0.041 6.63 397.0
2457655.51704 18.582 0.035 5.89 342.0
2457656.51647 18.554 0.038 5.90 379.0
2457656.60253 18.519 0.036 5.91 416.0
2457657.56257 18.568 0.033 5.16 391.0
2457659.52403 18.518 0.038 6.03 409.0
2457660.48939 18.488 0.041 6.20 460.0
2457660.51071 18.510 0.049 7.20 429.0
2457662.51306 18.565 0.044 6.46 456.0
2457664.51114 18.422 0.044 7.23 464.0
2457665.49451 18.550 0.047 7.03 450.0
2457665.52311 18.559 0.042 6.09 536.0
2457666.51339 18.578 0.051 7.35 453.0
2457667.54267 18.533 0.041 6.13 531.0
2457671.49972 18.489 0.043 6.01 570.0
2457673.50754 18.534 0.047 5.36 873.0
2457675.50635 18.525 0.044 5.80 592.0
2457682.50338 18.446 0.040 6.00 578.0
2457683.50245 18.489 0.049 7.14 526.0
2457795.86707 18.471 0.056 7.00 801.0
2457796.86177 18.565 0.039 4.77 646.0
2457798.86978 18.491 0.033 4.70 515.0
2457800.87454 18.511 0.035 5.00 488.0
2457802.85445 18.508 0.052 7.17 561.0
2457807.88498 18.506 0.027 4.36 351.0
2457810.86137 18.547 0.030 4.58 377.0
2457813.82584 18.513 0.034 5.14 471.0
2457816.85414 18.539 0.033 5.36 366.0
2457818.89701 18.547 0.027 3.95 395.0
2457821.82451 18.550 0.037 5.25 442.0
2457823.83507 18.551 0.034 4.25 581.0
2457825.86736 18.561 0.037 5.14 516.0
2457827.84461 18.552 0.034 4.73 485.0
2457829.84040 18.528 0.039 4.93 629.0
2457835.75176 18.566 0.040 6.81 306.0
2457836.86230 18.522 0.031 5.57 287.0
2457838.75001 18.649 0.043 6.37 388.0
2457839.81570 18.535 0.025 4.24 271.0
2457840.87478 18.514 0.030 5.31 293.0
2457842.74729 18.505 0.034 6.26 311.0
2457843.77908 18.538 0.031 5.34 276.0
2457844.83094 18.473 0.037 7.29 285.0
2457845.87132 18.536 0.027 4.67 276.0
2457847.71997 18.530 0.037 6.35 335.0
2457848.74899 18.550 0.041 7.03 321.0
2457849.77760 18.523 0.026 4.24 327.0
2457850.80504 18.601 0.038 5.92 371.0
2457851.83822 18.508 0.029 4.58 362.0
2457853.90036 18.549 0.038 5.94 393.0
2457854.89815 18.561 0.032 3.86 493.0
2457856.72056 18.536 0.051 6.51 656.0
2457857.86045 18.601 0.057 7.01 557.0
2457858.78977 18.568 0.032 4.52 453.0
2457862.84036 18.550 0.033 5.15 360.0
2457864.91155 18.518 0.026 4.03 360.0
2457865.91754 18.542 0.033 4.60 425.0
2457866.92325 18.490 0.026 3.68 416.0
2457868.75566 18.550 0.037 6.05 336.0
2457869.77121 18.511 0.026 4.46 302.0
2457870.80806 18.460 0.023 4.15 275.0
2457871.83706 18.547 0.024 3.36 310.0
2457872.85371 18.516 0.026 4.27 334.0
2457873.83511 18.480 0.024 3.79 326.0
2457874.81859 18.545 0.031 4.95 313.0
2457875.90760 18.530 0.029 4.56 508.0
2457876.87117 18.484 0.029 4.61 367.0
2457877.84296 18.474 0.025 3.40 409.0
2457878.88335 18.552 0.025 3.54 359.0
2457879.87602 18.625 0.053 7.40 396.0
2457880.89752 18.587 0.051 7.28 443.0
2457882.72426 18.566 0.040 5.74 489.0
2457889.90110 18.529 0.074 5.97 1666.0
2457893.63775 18.562 0.043 7.09 378.0
2457893.89324 18.585 0.037 4.99 423.0
2457894.78138 18.566 0.030 4.67 329.0
2457895.77145 18.557 0.030 5.15 387.0
2457901.64595 18.569 0.033 5.74 307.0
2457902.63693 18.582 0.044 7.10 338.0
2457903.67061 18.503 0.042 7.48 302.0
2457904.63454 18.485 0.032 5.83 328.0
2457904.88758 18.478 0.031 4.89 381.0
2457905.76069 18.556 0.029 4.23 330.0
2457906.64158 18.537 0.027 3.98 353.0
2457906.89910 18.467 0.033 4.58 563.0
2457907.77777 18.455 0.027 4.16 427.0
2457908.75776 18.544 0.036 5.04 483.0
2457909.62237 18.496 0.033 4.23 529.0
2457909.86179 18.498 0.030 4.23 486.0
2457910.65376 18.626 0.042 5.64 462.0
2457911.55577 18.570 0.066 7.10 951.0
2457911.84035 18.544 0.063 7.42 700.0
2457916.73169 18.560 0.036 4.45 612.0
2457917.57089 18.550 0.044 5.98 565.0
2457917.81263 18.544 0.047 6.14 560.0
2457923.53632 18.566 0.042 6.30 447.0
2457923.79740 18.496 0.042 5.34 404.0
2457924.61142 18.533 0.030 4.88 323.0
2457924.86149 18.608 0.034 4.43 476.0
2457925.78839 18.515 0.029 4.91 292.0
2457926.72149 18.547 0.034 5.61 324.0
2457932.81235 18.569 0.038 5.98 359.0
2457933.67230 18.471 0.033 6.61 255.0
2457934.60444 18.547 0.027 4.39 305.0
2457934.84538 18.623 0.042 6.66 331.0
2457935.70761 18.558 0.029 4.22 316.0
2457936.58441 18.493 0.029 4.99 319.0
2457936.85506 18.520 0.041 6.99 333.0
2457937.66897 18.588 0.034 5.11 346.0
2457938.59740 18.503 0.042 6.58 412.0
2457944.53765 18.555 0.040 4.82 685.0
2457944.63139 18.513 0.038 4.75 590.0
2457944.76087 18.527 0.042 5.40 605.0
2457945.54173 18.545 0.038 5.34 496.0
2457945.77963 18.567 0.035 4.57 535.0
2457946.62802 18.578 0.034 5.25 399.0
2457947.54694 18.593 0.036 6.26 324.0
2457948.46318 18.520 0.071 7.16 1132.0
2457948.73891 18.544 0.033 5.00 401.0
2457949.66585 18.468 0.039 6.46 441.0
2457952.80764 18.565 0.039 6.29 325.0
2457953.70987 18.493 0.026 4.72 244.0
2457954.62534 18.531 0.024 3.96 265.0
2457955.79237 18.534 0.035 6.42 347.0
2457956.72912 18.541 0.030 4.91 314.0
2457958.57963 18.574 0.045 7.34 359.0
2457959.47419 18.520 0.032 5.18 426.0
2457959.70874 18.527 0.028 4.95 273.0
2457960.61301 18.576 0.026 4.60 298.0
2457961.60633 18.536 0.029 5.17 329.0
2457962.55477 18.531 0.025 3.96 326.0
2457964.62112 18.525 0.031 4.89 337.0
2457965.70182 18.525 0.032 4.78 492.0
2457966.69138 18.505 0.036 6.19 318.0
2457967.70947 18.521 0.040 6.12 438.0
2457971.54508 18.507 0.041 4.94 663.0
2457971.64464 18.499 0.035 4.41 610.0
2457971.73727 18.510 0.073 7.76 872.0
2457972.57994 18.487 0.046 5.94 580.0
2457972.68803 18.607 0.049 5.38 666.0
2457973.66045 18.527 0.041 5.19 641.0
2457974.64090 18.590 0.035 4.72 431.0
2457979.53679 18.537 0.026 4.17 328.0
2457980.60572 18.488 0.036 5.43 421.0
2457981.67354 18.567 0.036 4.85 404.0
2457983.52577 18.592 0.040 6.14 343.0
2457984.58474 18.539 0.032 4.87 319.0
2457986.48688 18.489 0.027 4.35 358.0
2457987.56942 18.526 0.030 4.36 378.0
2457990.63550 18.522 0.036 5.94 324.0
2457992.50673 18.527 0.029 4.55 352.0
2457993.57035 18.527 0.033 4.98 362.0
2457994.63155 18.582 0.041 6.02 418.0
2457998.56351 18.544 0.034 4.41 563.0
2458000.49738 18.623 0.045 5.95 479.0
2458001.60097 18.559 0.036 4.93 530.0
2458007.58377 18.542 0.046 7.33 376.0
2458011.58135 18.585 0.047 7.06 385.0
2458014.49213 18.458 0.030 4.69 371.0
2458016.52316 18.509 0.036 5.92 396.0
2458019.49681 18.518 0.033 5.42 376.0
2458029.48811 18.588 0.054 6.40 674.0
2458036.51835 18.593 0.053 7.93 454.0
2458039.49082 18.456 0.053 7.40 616.0
2458041.49677 18.525 0.041 5.84 506.0
2458164.89399 18.538 0.049 5.13 1115.0
2458166.88530 18.463 0.037 6.24 418.0
2458168.85564 18.492 0.031 5.17 391.0
2458169.89020 18.548 0.033 4.72 433.0
2458171.84642 18.535 0.031 4.64 415.0
2458172.85818 18.509 0.033 5.30 412.0
2458173.87883 18.560 0.030 4.48 437.0
2458174.89120 18.500 0.027 4.02 452.0
2458176.81881 18.549 0.038 5.05 570.0
2458181.82229 18.648 0.042 4.84 647.0
2458182.86005 18.556 0.034 4.40 521.0
2458184.84965 18.546 0.037 4.50 589.0
2458185.86896 18.522 0.037 4.89 601.0
2458189.90935 18.547 0.040 4.31 769.0
2458191.87896 18.519 0.031 5.08 338.0
2458193.84553 18.487 0.031 5.70 297.0
2458195.78210 18.608 0.037 5.80 361.0
2458196.86838 18.555 0.034 5.93 297.0
2458198.75242 18.563 0.030 5.30 348.0
2458199.80550 18.481 0.026 4.67 298.0
2458200.91217 18.509 0.030 4.15 535.0
2458202.77336 18.529 0.030 4.49 408.0
2458203.82209 18.500 0.025 4.36 313.0
2458204.88520 18.587 0.032 5.20 300.0
2458206.75051 18.548 0.036 5.06 552.0
2458207.79202 18.506 0.032 4.64 497.0
2458208.81890 18.535 0.030 3.76 587.0
2458209.84702 18.466 0.030 4.15 523.0
2458210.85998 18.534 0.030 4.10 505.0
2458211.87401 18.486 0.030 4.30 536.0
2458220.74026 18.531 0.030 5.51 292.0
2458221.70515 18.548 0.033 5.45 328.0
2458222.77611 18.555 0.025 4.50 269.0
2458223.91031 18.555 0.030 4.53 347.0
2458225.81095 18.541 0.034 5.77 306.0
2458227.78287 18.560 0.028 4.76 274.0
2458228.85887 18.496 0.024 4.13 290.0
2458229.88790 18.500 0.024 4.04 298.0
2458230.90877 18.511 0.024 3.90 289.0
2458235.73344 18.483 0.032 4.63 496.0
2458238.75433 18.516 0.034 4.39 678.0
2458244.74375 18.549 0.034 4.96 415.0
2458245.81326 18.527 0.045 6.43 465.0
2458246.80113 18.507 0.033 5.19 409.0
2458247.71996 18.474 0.028 4.91 327.0
2458248.73671 18.589 0.039 6.17 334.0
2458249.84053 18.484 0.027 4.50 371.0
2458250.78251 18.523 0.022 3.63 305.0
2458251.69707 18.560 0.039 6.58 314.0
2458252.87477 18.550 0.038 5.95 413.0
2458253.80430 18.482 0.028 4.79 348.0
2458254.84829 18.500 0.023 3.47 341.0
2458255.82276 18.510 0.027 4.18 344.0
2458256.72456 18.510 0.031 5.32 296.0
2458257.69103 18.546 0.032 5.38 313.0
2458258.66669 18.612 0.030 5.15 311.0
2458260.59468 18.571 0.037 4.97 555.0
2458261.72619 18.504 0.026 4.08 331.0
2458262.72082 18.570 0.025 3.89 301.0
2458263.66034 18.525 0.027 4.18 411.0
2458264.69335 18.513 0.029 4.20 513.0
2458265.60723 18.627 0.049 5.46 673.0
2458265.89298 18.486 0.038 5.45 542.0
2458271.66572 18.454 0.041 5.39 664.0
2458272.67365 18.526 0.029 4.26 420.0
2458272.92980 18.559 0.044 5.53 580.0
2458273.82108 18.546 0.028 4.12 386.0
2458274.66318 18.537 0.041 7.15 322.0
2458274.92147 18.595 0.064 7.06 830.0
2458275.83408 18.487 0.031 4.73 420.0
2458276.69609 18.517 0.025 4.36 287.0
2458277.62974 18.510 0.029 5.27 303.0
2458277.89716 18.559 0.031 4.33 451.0
2458282.53060 18.629 0.043 6.46 396.0
2458282.80918 18.556 0.028 4.56 301.0
2458283.63605 18.565 0.030 5.21 288.0
2458283.90193 18.512 0.041 6.29 454.0
2458284.75690 18.491 0.024 4.37 283.0
2458285.79094 18.483 0.027 4.46 319.0
2458286.78848 18.511 0.027 4.61 262.0
2458287.65695 18.512 0.022 4.00 247.0
2458288.53744 18.504 0.032 5.55 358.0
2458288.83048 18.537 0.032 4.88 332.0
2458289.68838 18.557 0.024 4.37 276.0
2458290.58005 18.547 0.031 4.87 372.0
2458290.86624 18.526 0.035 5.31 433.0
2458291.80696 18.576 0.033 4.85 379.0
2458292.68356 18.491 0.038 5.49 504.0
2458293.60657 18.468 0.035 5.26 458.0
2458294.64539 18.565 0.047 5.67 649.0
2458299.56682 18.510 0.069 5.73 1839.0
2458301.74924 18.568 0.040 6.05 427.0
2458304.52770 18.500 0.045 7.14 406.0
2458305.80692 18.568 0.049 7.59 375.0
2458306.78822 18.563 0.039 6.41 345.0
2458307.66096 18.538 0.025 4.68 255.0
2458308.52666 18.582 0.033 5.95 294.0
2458308.78355 18.526 0.040 6.19 400.0
2458309.66668 18.508 0.024 3.87 269.0
2458310.53085 18.549 0.032 5.79 271.0
2458310.70815 18.573 0.028 4.69 358.0
2458311.57615 18.464 0.027 5.36 269.0
2458312.46560 18.613 0.063 6.75 816.0
2458312.73412 18.523 0.025 4.10 292.0
2458313.61274 18.505 0.022 4.24 256.0
2458314.49529 18.530 0.030 5.08 346.0
2458314.75265 18.542 0.028 4.49 323.0
2458316.62570 18.498 0.033 5.66 321.0
2458321.51613 18.562 0.041 5.17 549.0
2458328.60993 18.537 0.038 5.50 480.0
2458329.53592 18.539 0.038 5.45 484.0
2458330.46571 18.619 0.038 4.71 602.0
2458331.57876 18.518 0.029 4.96 302.0
2458332.59852 18.558 0.040 6.89 353.0
2458333.59373 18.528 0.028 5.56 305.0
2458334.62204 18.490 0.027 4.38 367.0
2458336.48442 18.552 0.039 5.69 342.0
2458338.51793 18.594 0.039 6.38 359.0
2458339.56469 18.511 0.023 3.76 271.0
2458340.66561 18.574 0.026 3.87 299.0
2458342.48745 18.526 0.034 5.55 340.0
2458344.51680 18.531 0.028 4.80 323.0
2458345.56638 18.521 0.034 5.51 378.0
2458346.63869 18.544 0.027 4.40 232.0
2458348.47100 18.628 0.073 7.43 781.0
2458355.50341 18.493 0.044 6.46 514.0
2458356.65345 18.556 0.032 4.11 542.0
2458358.52878 18.521 0.039 5.43 482.0
2458359.64467 18.512 0.041 5.97 478.0
2458361.47636 18.528 0.050 7.13 593.0
2458364.56475 18.534 0.026 4.35 341.0
2458367.51745 18.529 0.031 4.90 340.0
2458369.47632 18.588 0.049 5.22 803.0
2458370.64848 18.541 0.032 4.77 404.0
2458372.61325 18.540 0.031 4.71 375.0
2458375.59592 18.584 0.040 6.30 334.0
2458382.49557 18.477 0.029 3.84 515.0
2458384.48274 18.585 0.052 5.71 705.0
2458385.59689 18.498 0.027 3.86 590.0
2458392.51352 18.564 0.043 6.17 394.0
2458394.56516 18.555 0.034 4.91 350.0
2458398.51246 18.566 0.037 5.64 368.0
2458414.53764 18.599 0.061 6.54 793.0
2458418.51081 18.504 0.052 6.47 617.0
2458425.50085 18.536 0.079 6.89 1205.0
2458518.87608 18.571 0.048 6.06 654.0
2458523.86458 18.538 0.034 5.23 379.0
2458524.88021 18.486 0.035 5.00 489.0
2458528.88063 18.481 0.037 5.79 478.0
2458530.88880 18.538 0.035 4.20 653.0
2458532.87694 18.532 0.036 5.59 473.0
2458534.84311 18.542 0.038 4.72 677.0
2458535.85269 18.454 0.038 5.83 558.0
2458536.88267 18.474 0.038 5.46 536.0
2458539.85309 18.523 0.032 4.70 485.0
2458540.89005 18.547 0.051 4.81 1139.0
2458544.82740 18.529 0.027 4.75 327.0
2458546.88077 18.546 0.029 4.89 316.0
2458547.89148 18.546 0.030 4.85 326.0
2458549.80307 18.592 0.038 6.05 359.0
2458549.90402 18.516 0.036 4.67 617.0
2458551.84121 18.556 0.037 6.39 320.0
2458552.86389 18.506 0.037 6.75 320.0
2458553.86515 18.428 0.031 6.01 337.0
2458554.84365 18.479 0.031 5.33 363.0
2458555.81570 18.527 0.029 5.11 348.0
2458556.79007 18.559 0.027 4.24 334.0
2458556.89021 18.534 0.030 5.58 326.0
2458557.85875 18.551 0.027 4.65 306.0
2458558.82297 18.494 0.029 5.03 329.0
2458558.91547 18.475 0.042 4.84 952.0
2458559.86975 18.503 0.023 3.78 303.0
2458560.83080 18.484 0.025 3.84 350.0
2458561.79613 18.524 0.036 5.37 490.0
2458561.88907 18.515 0.044 7.21 341.0
2458562.84702 18.561 0.039 5.56 559.0
2458563.79946 18.446 0.035 5.00 667.0
2458563.90811 18.542 0.034 4.30 607.0
2458564.85932 18.510 0.028 3.81 506.0
2458565.82801 18.516 0.035 4.65 575.0
2458566.78124 18.516 0.032 4.13 608.0
2458566.89199 18.534 0.031 4.38 492.0
2458573.86344 18.598 0.048 7.43 356.0
2458574.81630 18.480 0.041 7.86 294.0
2458574.92100 18.534 0.037 5.46 480.0
2458575.82166 18.503 0.035 6.65 309.0
2458575.91195 18.582 0.034 5.56 352.0
2458576.84741 18.538 0.035 6.39 321.0
2458577.73679 18.558 0.042 6.57 396.0
2458577.90747 18.543 0.045 7.16 410.0
2458578.78064 18.530 0.030 5.21 340.0
2458578.89950 18.598 0.032 5.17 333.0
2458579.77106 18.460 0.031 5.22 433.0
2458579.88050 18.588 0.035 5.57 433.0
2458580.75565 18.504 0.032 5.65 351.0
2458580.85915 18.471 0.034 6.25 375.0
2458581.76565 18.531 0.029 5.40 335.0
2458582.73467 18.463 0.030 5.85 318.0
2458584.91160 18.534 0.023 3.57 288.0
2458585.84151 18.509 0.023 4.00 313.0
2458586.79146 18.467 0.024 4.48 286.0
2458587.73989 18.535 0.030 5.44 353.0
2458588.71275 18.502 0.033 5.92 426.0
2458589.90223 18.517 0.025 3.73 333.0
2458590.83864 18.484 0.022 3.01 461.0
2458592.84677 18.484 0.037 5.60 655.0
2458593.85356 18.494 0.036 4.72 797.0
2458594.77411 18.471 0.035 5.24 601.0
2458599.72398 18.508 0.041 6.46 437.0
2458599.83425 18.543 0.031 5.84 374.0
2458600.67069 18.458 0.034 5.93 360.0
2458600.90154 18.451 0.026 4.09 411.0
2458601.83973 18.488 0.026 3.89 372.0
2458602.76174 18.526 0.026 4.83 315.0
2458603.69564 18.528 0.033 6.06 314.0
2458604.69492 18.509 0.035 6.56 342.0
2458604.93757 18.460 0.053 4.85 1397.0
2458605.86705 18.454 0.029 4.53 364.0
2458606.78246 18.535 0.021 3.32 305.0
2458607.69257 18.479 0.028 5.61 351.0
2458608.64783 18.577 0.039 5.03 626.0
2458608.90802 18.493 0.029 4.47 420.0
2458612.82419 18.485 0.038 6.61 340.0
2458613.70077 18.522 0.033 5.41 327.0
2458614.64164 18.592 0.047 6.62 474.0
2458614.86349 18.413 0.030 4.63 473.0
2458615.76574 18.515 0.028 4.83 318.0
2458616.67627 18.499 0.029 5.14 400.0
2458617.63533 18.425 0.029 4.62 482.0
2458617.84749 18.481 0.024 3.58 412.0
2458618.73199 18.457 0.030 4.80 464.0
2458619.65027 18.513 0.043 6.67 500.0
2458619.92590 18.464 0.032 5.66 336.0
2458620.80548 18.468 0.031 4.59 489.0
2458621.79637 18.590 0.049 5.48 734.0
2458626.64842 18.542 0.055 6.70 753.0
2458626.85114 18.528 0.039 4.86 585.0
2458627.60874 18.486 0.031 5.47 462.0
2458627.74895 18.569 0.029 3.93 622.0
2458635.74679 18.449 0.026 4.76 287.0
2458636.58892 18.426 0.029 5.23 347.0
2458636.82562 18.463 0.025 4.19 297.0
2458637.62428 18.405 0.026 5.76 257.0
2458637.88008 18.486 0.027 4.16 413.0
2458638.82031 18.447 0.022 3.61 306.0
2458639.71016 18.411 0.020 4.01 322.0
2458640.64292 18.468 0.030 5.53 324.0
2458640.90113 18.508 0.038 5.97 453.0
2458642.57470 18.417 0.030 5.23 433.0
2458643.56099 18.440 0.030 5.85 394.0
2458643.81060 18.404 0.023 4.09 315.0
2458644.62523 18.455 0.031 5.70 334.0
2458644.89945 18.390 0.039 6.42 444.0
2458645.65932 18.416 0.027 4.60 394.0
2458646.72963 18.385 0.032 5.78 365.0
2458647.62188 18.435 0.033 5.53 452.0
2458648.58864 18.480 0.049 7.21 553.0
2458648.79802 18.401 0.031 4.80 524.0
2458649.65795 18.365 0.045 6.42 654.0
2458655.73290 18.448 0.041 5.19 890.0
2458655.74646 18.404 0.036 6.37 553.0
2458656.72742 18.427 0.028 5.03 424.0
2458657.60116 18.343 0.024 5.01 288.0
2458657.86176 18.333 0.027 4.80 396.0
2458660.53773 18.412 0.032 6.13 323.0
2458660.79673 18.382 0.025 4.63 362.0
2458661.63390 18.350 0.024 5.26 255.0
2458662.67964 18.370 0.032 7.01 277.0
2458664.63849 18.367 0.021 4.64 214.0
2458665.58428 18.337 0.029 6.03 365.0
2458666.62222 18.362 0.028 5.90 293.0
2458667.52957 18.256 0.032 6.11 465.0
2458667.75095 18.372 0.022 4.40 274.0
2458668.58164 18.322 0.026 5.80 289.0
2458668.84336 18.362 0.031 6.25 359.0
2458669.64011 18.342 0.023 4.47 330.0
2458670.49461 18.272 0.026 6.09 406.0
2458670.71593 18.309 0.018 3.57 231.0
2458673.59008 18.283 0.024 4.41 377.0
2458674.57676 18.308 0.030 6.26 305.0
2458674.78974 18.264 0.032 6.57 397.0
2458675.65637 18.310 0.025 4.44 404.0
2458676.52060 18.328 0.029 5.03 471.0
2458676.76971 18.285 0.028 4.63 521.0
2458681.75817 18.284 0.049 6.59 945.0
2458682.49505 18.286 0.033 5.33 659.0
2458682.78295 18.233 0.037 6.09 672.0
2458683.53125 18.300 0.037 6.62 461.0
2458683.79346 18.268 0.031 5.18 504.0
2458684.53516 18.228 0.025 5.29 349.0
2458685.50994 18.274 0.026 5.26 345.0
2458688.56125 18.143 0.028 6.32 331.0
2458689.70278 18.247 0.023 5.41 258.0
2458690.49406 18.176 0.026 5.44 382.0
2458690.72783 18.253 0.021 4.76 289.0
2458691.52096 18.214 0.018 4.32 275.0
2458691.78332 18.266 0.028 5.60 384.0
2458692.52688 18.216 0.024 5.22 460.0
2458692.77439 18.167 0.032 6.78 432.0
2458693.52519 18.209 0.028 6.40 291.0
2458694.49822 18.072 0.021 5.21 338.0
2458694.65522 18.187 0.018 3.78 256.0
2458695.49661 18.131 0.022 5.29 332.0
2458695.77343 18.118 0.019 4.29 351.0
2458697.76328 18.192 0.027 6.99 267.0
2458698.53018 18.199 0.022 5.11 285.0
2458699.67797 18.161 0.018 3.88 279.0
2458700.58791 18.140 0.020 4.57 306.0
2458701.73131 18.101 0.022 5.02 363.0
2458702.61705 18.164 0.020 4.41 291.0
2458702.75053 18.133 0.023 5.46 320.0
2458711.49625 18.166 0.032 4.55 1056.0
2458711.69482 18.260 0.051 7.30 769.0
2458712.66206 18.132 0.032 6.70 467.0
2458713.69218 18.099 0.025 5.20 451.0
2458715.66086 18.158 0.021 5.03 317.0
2458716.68738 18.059 0.020 4.92 356.0
2458717.70512 18.145 0.030 7.02 343.0
2458718.71542 18.136 0.024 5.12 440.0
2458719.64709 18.165 0.024 5.75 321.0
2458722.70171 18.110 0.026 7.04 293.0
2458723.67894 18.135 0.022 5.13 370.0
2458724.68066 18.129 0.023 5.54 352.0
2458725.68232 18.086 0.021 5.84 290.0
2458726.67204 18.138 0.021 4.85 283.0
2458727.66615 18.177 0.029 6.48 377.0
2458728.67199 18.145 0.022 4.77 336.0
2458729.67693 18.133 0.026 6.40 325.0
2458730.65912 18.207 0.025 5.74 302.0
2458736.61832 18.102 0.029 5.55 602.0
2458738.63348 18.146 0.036 6.30 716.0
2458739.63388 18.223 0.037 6.00 631.0
2458740.59267 18.255 0.038 6.77 551.0
2458741.64013 18.297 0.039 6.51 566.0
2458742.63399 18.178 0.035 6.51 562.0
2458747.55454 18.270 0.030 6.62 297.0
2458750.59605 18.327 0.028 5.42 367.0
2458755.59623 18.338 0.026 4.42 369.0
