2457437.89772 17.578 0.019 4.83 725.0
2457440.86940 17.622 0.015 4.06 545.0
2457444.90143 17.608 0.019 4.68 782.0
2457447.82606 17.569 0.014 4.52 409.0
2457451.83242 17.558 0.014 4.68 480.0
2457452.91223 17.564 0.015 3.47 960.0
2457455.86821 17.571 0.014 4.90 281.0
2457457.89573 17.594 0.014 4.56 363.0
2457460.90496 17.607 0.013 3.52 395.0
2457462.91051 17.621 0.016 3.72 757.0
2457465.87265 17.589 0.014 4.49 361.0
2457470.77899 17.645 0.020 5.72 540.0
2457471.87621 17.643 0.018 5.21 474.0
2457475.76714 17.576 0.029 6.55 1169.0
2457480.92190 17.518 0.024 6.82 627.0
2457485.84053 17.612 0.013 4.31 274.0
2457487.74583 17.567 0.015 5.53 318.0
2457488.87175 17.612 0.012 3.68 381.0
2457491.88072 17.590 0.011 3.68 279.0
2457492.88510 17.594 0.012 3.56 331.0
2457493.87260 17.604 0.012 4.14 236.0
2457494.85888 17.594 0.012 3.87 298.0
2457495.83705 17.589 0.014 4.94 307.0
2457498.73393 17.563 0.019 5.96 516.0
2457499.72656 17.533 0.017 5.60 506.0
2457499.92771 17.609 0.017 4.60 606.0
2457500.86976 17.588 0.018 5.15 549.0
2457508.67230 17.562 0.014 5.14 291.0
2457509.78962 17.636 0.015 4.94 317.0
2457511.86450 17.613 0.013 3.97 353.0
2457522.77770 17.563 0.015 5.66 656.0
2457526.66868 17.583 0.017 5.19 563.0
2457528.90413 17.605 0.021 5.25 768.0
2457534.68787 17.595 0.015 4.96 428.0
2457536.68037 17.585 0.015 5.01 310.0
2457545.84167 17.537 0.014 5.26 311.0
2457546.86565 17.581 0.020 6.53 417.0
2457547.53043 17.585 0.021 7.46 358.0
2457547.81673 17.563 0.014 5.15 253.0
2457549.72087 17.596 0.013 4.68 227.0
2457550.67911 17.588 0.015 5.61 269.0
2457554.62914 17.600 0.016 5.34 402.0
2457555.76842 17.561 0.014 4.47 393.0
2457557.71402 17.569 0.018 5.00 634.0
2457560.77707 17.623 0.027 4.80 1823.0
2457561.86333 17.596 0.025 4.58 1746.0
2457562.50890 17.579 0.020 7.31 350.0
2457566.72997 17.568 0.014 5.39 286.0
2457567.67225 17.564 0.014 5.05 364.0
2457568.48213 17.612 0.022 7.56 411.0
2457568.64556 17.561 0.014 5.53 244.0
2457569.51047 17.630 0.023 7.67 402.0
2457569.68606 17.616 0.015 5.36 327.0
2457573.60744 17.554 0.015 5.74 250.0
2457575.53852 17.554 0.017 6.24 269.0
2457575.71717 17.576 0.013 4.57 246.0
2457576.48285 17.622 0.016 6.01 326.0
2457576.67549 17.592 0.012 4.32 236.0
2457576.81636 17.609 0.016 5.68 304.0
2457579.64824 17.600 0.013 5.28 274.0
2457581.79391 17.535 0.015 5.85 361.0
2457584.50370 17.574 0.019 6.34 462.0
2457584.64653 17.628 0.019 5.84 418.0
2457584.79879 17.584 0.017 5.25 507.0
2457589.60068 17.567 0.017 4.78 663.0
2457589.75990 17.568 0.027 7.14 783.0
2457590.55045 17.562 0.013 4.04 490.0
2457590.69825 17.619 0.015 4.51 441.0
2457593.47523 17.575 0.017 6.57 290.0
2457593.64081 17.596 0.014 5.10 251.0
2457593.77954 17.614 0.013 4.57 311.0
2457596.55838 17.591 0.011 4.17 238.0
2457599.49725 17.578 0.019 6.28 338.0
2457599.56476 17.564 0.019 7.29 281.0
2457599.63905 17.566 0.016 5.26 268.0
2457599.67362 17.614 0.016 4.83 277.0
2457600.49663 17.620 0.021 7.38 296.0
2457600.50626 17.597 0.021 7.01 290.0
2457600.60001 17.602 0.018 6.07 284.0
2457600.72677 17.626 0.014 5.52 493.0
2457601.68984 17.625 0.014 5.03 226.0
2457601.72737 17.552 0.013 5.11 245.0
2457602.54590 17.585 0.019 6.83 289.0
2457602.70505 17.570 0.016 5.86 289.0
2457603.51461 17.600 0.014 5.21 248.0
2457604.53781 17.598 0.014 4.89 293.0
2457605.56929 17.577 0.015 5.92 236.0
2457607.50696 17.581 0.016 6.17 282.0
2457608.63899 17.610 0.013 3.81 267.0
2457610.47777 17.567 0.018 6.08 330.0
2457612.50067 17.584 0.018 6.03 412.0
2457616.55121 17.565 0.016 4.45 551.0
2457617.69517 17.549 0.023 5.85 672.0
2457621.49299 17.586 0.016 6.26 273.0
2457622.68672 17.610 0.014 4.48 353.0
2457624.59100 17.555 0.016 5.79 282.0
2457626.59728 17.608 0.015 4.84 310.0
2457631.60280 17.580 0.013 4.75 276.0
2457634.51618 17.586 0.020 7.34 253.0
2457637.50991 17.571 0.016 6.21 279.0
2457639.60865 17.554 0.014 4.76 359.0
2457647.56766 17.564 0.017 4.89 556.0
2457650.49607 17.610 0.014 4.94 291.0
2457650.60641 17.586 0.018 5.94 482.0
2457651.51134 17.616 0.015 5.12 372.0
2457652.49855 17.582 0.012 4.46 278.0
2457653.49797 17.614 0.013 4.57 304.0
2457653.57536 17.550 0.014 4.87 326.0
2457654.50260 17.552 0.016 6.01 367.0
2457655.49932 17.548 0.015 5.91 315.0
2457656.50073 17.594 0.016 5.29 373.0
2457656.53446 17.611 0.017 5.58 341.0
2457657.54664 17.595 0.014 4.71 360.0
2457658.50327 17.569 0.015 4.71 355.0
2457659.50383 17.579 0.017 5.17 378.0
2457660.49973 17.551 0.019 6.67 398.0
2457661.50131 17.608 0.019 6.47 353.0
2457662.50139 17.622 0.019 5.98 416.0
2457662.54418 17.552 0.018 5.47 462.0
2457664.50010 17.611 0.021 6.63 432.0
2457664.52941 17.567 0.021 6.33 492.0
2457665.50402 17.636 0.021 6.26 415.0
2457666.50230 17.583 0.020 6.58 429.0
2457667.50739 17.608 0.018 5.26 540.0
2457671.48855 17.610 0.023 6.14 700.0
2457672.48993 17.624 0.018 5.45 497.0
2457673.49649 17.563 0.017 4.48 713.0
2457682.49237 17.626 0.023 6.02 730.0
2457683.49158 17.563 0.025 6.37 935.0
2457791.87874 17.569 0.016 4.95 437.0
2457792.88154 17.566 0.018 5.77 602.0
2457793.87301 17.564 0.015 4.60 438.0
2457794.87999 17.588 0.022 6.32 657.0
2457795.86121 17.570 0.024 6.70 719.0
2457797.87040 17.581 0.021 5.67 680.0
2457799.89115 17.587 0.021 5.19 833.0
2457801.87014 17.580 0.019 5.25 587.0
2457803.88196 17.604 0.020 4.41 1096.0
2457809.86675 17.601 0.018 6.19 332.0
2457812.83515 17.569 0.015 5.28 375.0
2457818.80692 17.554 0.014 4.87 343.0
2457820.84074 17.583 0.015 4.54 364.0
2457822.85008 17.601 0.018 5.48 438.0
2457824.87614 17.589 0.019 5.78 484.0
2457826.87127 17.588 0.017 4.87 504.0
2457828.85872 17.546 0.014 4.25 444.0
2457830.87554 17.544 0.022 4.75 1350.0
2457834.83061 17.586 0.015 5.38 312.0
2457836.75462 17.571 0.022 7.61 329.0
2457837.82700 17.556 0.014 5.36 248.0
2457838.89971 17.621 0.013 4.33 290.0
2457840.77242 17.621 0.018 6.52 272.0
2457841.84596 17.536 0.018 6.98 268.0
2457842.88790 17.583 0.014 4.92 279.0
2457844.72984 17.609 0.015 5.35 283.0
2457845.76925 17.589 0.014 4.98 270.0
2457846.83210 17.594 0.014 4.80 251.0
2457847.86849 17.577 0.015 5.38 263.0
2457848.89953 17.592 0.013 4.68 246.0
2457850.71300 17.581 0.018 5.74 424.0
2457851.74586 17.562 0.017 5.26 427.0
2457852.86764 17.574 0.018 6.53 323.0
2457854.80133 17.578 0.015 4.36 471.0
2457855.83920 17.553 0.016 4.52 526.0
2457856.86749 17.600 0.022 6.47 486.0
2457862.74531 17.585 0.016 5.42 325.0
2457863.83049 17.608 0.014 4.96 305.0
2457864.80933 17.606 0.012 3.88 268.0
2457865.80385 17.583 0.012 3.71 283.0
2457866.82449 17.605 0.011 3.29 269.0
2457867.84444 17.582 0.012 4.01 264.0
2457869.66904 17.579 0.015 6.07 284.0
2457870.69899 17.590 0.013 4.24 275.0
2457871.71947 17.588 0.012 3.85 297.0
2457872.73528 17.615 0.013 4.04 296.0
2457873.73017 17.607 0.013 4.00 287.0
2457874.70555 17.631 0.017 5.73 330.0
2457875.80129 17.581 0.011 3.56 590.0
2457876.75058 17.603 0.015 4.78 329.0
2457877.73615 17.583 0.013 3.78 312.0
2457878.77453 17.573 0.012 3.33 327.0
2457879.73855 17.576 0.019 5.87 466.0
2457880.78325 17.617 0.019 6.02 405.0
2457881.88053 17.572 0.023 6.63 515.0
2457882.88693 17.573 0.018 5.37 527.0
2457890.83339 17.598 0.016 4.45 512.0
2457893.79903 17.570 0.016 5.50 322.0
2457894.66964 17.594 0.014 4.57 324.0
2457894.92156 17.584 0.019 6.05 414.0
2457897.72712 17.578 0.016 5.77 333.0
2457901.83399 17.602 0.015 4.70 342.0
2457902.80027 17.557 0.015 4.97 346.0
2457903.87740 17.578 0.018 5.86 375.0
2457904.79365 17.610 0.014 4.52 257.0
2457905.64755 17.585 0.013 4.37 290.0
2457905.91942 17.587 0.016 4.71 464.0
2457906.80547 17.591 0.014 4.28 378.0
2457907.69282 17.565 0.014 4.42 446.0
2457908.64412 17.603 0.016 4.75 432.0
2457908.89836 17.574 0.017 5.00 499.0
2457909.77500 17.561 0.016 4.24 579.0
2457910.55285 17.570 0.020 5.69 669.0
2457910.81682 17.586 0.014 3.94 480.0
2457911.68351 17.578 0.017 5.04 513.0
2457916.64713 17.606 0.016 4.28 601.0
2457917.71674 17.589 0.016 5.02 417.0
2457918.59043 17.554 0.018 5.94 702.0
2457922.66820 17.591 0.015 4.82 323.0
2457923.70133 17.566 0.020 6.77 346.0
2457924.51949 17.573 0.017 6.93 342.0
2457924.76934 17.598 0.014 3.92 319.0
2457925.66659 17.605 0.013 4.39 238.0
2457926.59007 17.530 0.016 6.44 295.0
2457928.66880 17.571 0.016 5.54 332.0
2457932.70693 17.537 0.020 6.90 316.0
2457933.56755 17.558 0.022 7.99 295.0
2457934.51292 17.577 0.018 6.58 344.0
2457934.75863 17.615 0.015 4.92 316.0
2457935.60113 17.597 0.015 4.88 291.0
2457936.48405 17.582 0.019 6.30 428.0
2457936.76071 17.593 0.016 6.13 244.0
2457937.57343 17.604 0.017 5.25 375.0
2457937.83032 17.614 0.022 7.36 325.0
2457944.49830 17.561 0.019 5.41 618.0
2457944.59200 17.591 0.017 4.51 568.0
2457944.71395 17.589 0.017 4.67 506.0
2457945.46369 17.569 0.025 6.37 1013.0
2457945.68496 17.589 0.013 3.86 362.0
2457946.53239 17.587 0.014 4.41 351.0
2457946.79017 17.549 0.018 6.18 382.0
2457947.74034 17.597 0.018 5.89 350.0
2457948.61658 17.590 0.015 5.58 286.0
2457949.55980 17.614 0.018 5.63 511.0
2457952.70163 17.548 0.015 5.10 265.0
2457953.60353 17.599 0.013 4.65 260.0
2457953.61888 17.624 0.015 5.26 265.0
2457954.50091 17.576 0.014 4.71 418.0
2457954.79932 17.583 0.015 4.77 415.0
2457956.61786 17.607 0.014 4.79 255.0
2457957.68789 17.565 0.016 5.80 283.0
2457958.71251 17.581 0.018 6.46 300.0
2457959.60934 17.600 0.014 4.80 268.0
2457960.49662 17.579 0.015 5.16 302.0
2457960.77405 17.573 0.015 5.42 282.0
2457961.76998 17.593 0.017 6.03 461.0
2457964.53208 17.553 0.015 4.69 385.0
2457965.63573 17.621 0.015 4.62 338.0
2457966.59425 17.591 0.017 5.56 335.0
2457967.63829 17.576 0.024 6.94 504.0
2457971.50573 17.553 0.019 5.08 621.0
2457971.60598 17.542 0.020 5.98 516.0
2457971.69820 17.571 0.017 4.37 642.0
2457972.63641 17.623 0.020 4.91 545.0
2457973.55206 17.542 0.024 7.35 547.0
2457974.54055 17.586 0.015 4.73 391.0
2457975.62104 17.566 0.021 5.97 623.0
2457980.48741 17.531 0.019 6.19 406.0
2457981.57867 17.598 0.016 4.70 371.0
2457982.61590 17.587 0.017 5.06 336.0
2457984.48282 17.581 0.021 7.04 348.0
2457985.55280 17.560 0.021 7.19 360.0
2457986.65719 17.601 0.015 5.25 302.0
2457990.53023 17.589 0.017 5.23 372.0
2457991.60737 17.550 0.018 6.32 304.0
2457993.47354 17.620 0.021 5.10 770.0
2457994.53552 17.598 0.019 5.77 436.0
2457998.52581 17.606 0.023 4.89 1087.0
2457998.62915 17.522 0.023 4.87 1426.0
2458000.55353 17.604 0.020 5.95 471.0
2458001.50691 17.599 0.016 4.86 434.0
2458002.63910 17.537 0.030 6.47 1231.0
2458005.50781 17.554 0.023 7.22 384.0
2458010.53622 17.583 0.019 5.91 389.0
2458013.49808 17.591 0.015 4.43 373.0
2458015.52317 17.551 0.024 7.84 363.0
2458018.48360 17.580 0.021 5.92 497.0
2458021.47996 17.553 0.025 4.94 1162.0
2458026.54266 17.592 0.019 4.42 878.0
2458032.54300 17.623 0.024 6.28 643.0
2458035.52705 17.534 0.022 6.86 451.0
2458164.85687 17.601 0.015 5.48 372.0
2458166.84655 17.580 0.019 6.99 344.0
2458167.88639 17.564 0.015 5.01 346.0
2458169.85308 17.574 0.015 5.19 357.0
2458170.87655 17.578 0.013 4.16 327.0
2458171.89822 17.578 0.019 3.98 986.0
2458173.84182 17.557 0.015 4.83 436.0
2458174.85425 17.579 0.015 4.99 441.0
2458175.87639 17.606 0.014 4.62 309.0
2458176.88249 17.590 0.014 4.18 350.0
2458181.89015 17.559 0.015 4.19 482.0
2458183.88073 17.606 0.016 5.42 432.0
2458185.83070 17.572 0.019 6.17 571.0
2458189.81626 17.575 0.015 5.19 334.0
2458190.90800 17.593 0.014 4.26 410.0
2458192.88504 17.585 0.014 4.79 297.0
2458194.83972 17.601 0.014 4.95 256.0
2458196.76688 17.612 0.014 5.00 289.0
2458197.82772 17.572 0.013 4.68 286.0
2458198.90025 17.587 0.015 4.65 356.0
2458200.81035 17.574 0.013 4.53 313.0
2458201.87652 17.582 0.013 4.55 263.0
2458202.92081 17.616 0.016 3.50 901.0
2458204.78516 17.614 0.016 5.70 340.0
2458205.84418 17.567 0.016 6.10 283.0
2458206.89762 17.595 0.011 3.57 277.0
2458208.72778 17.628 0.019 4.99 769.0
2458209.75523 17.573 0.017 5.18 589.0
2458210.76824 17.558 0.017 5.15 558.0
2458211.78223 17.554 0.017 5.44 544.0
2458212.77763 17.616 0.018 4.32 904.0
2458217.83648 17.595 0.013 4.56 300.0
2458220.89181 17.567 0.014 5.33 283.0
2458221.92456 17.570 0.015 4.30 486.0
2458223.78953 17.561 0.014 5.09 278.0
2458224.84115 17.609 0.014 4.51 333.0
2458226.91500 17.525 0.013 4.61 280.0
2458228.74390 17.576 0.015 5.43 293.0
2458229.78794 17.615 0.012 3.97 242.0
2458230.78899 17.596 0.013 4.55 265.0
2458233.72287 17.572 0.014 4.37 375.0
2458236.80223 17.619 0.017 4.81 496.0
2458244.64936 17.552 0.021 7.42 417.0
2458245.70751 17.518 0.021 7.18 372.0
2458246.70366 17.590 0.018 6.24 340.0
2458247.62837 17.605 0.022 7.27 470.0
2458247.88168 17.601 0.018 5.32 451.0
2458249.73435 17.581 0.015 5.61 305.0
2458250.68009 17.606 0.013 5.21 250.0
2458250.93611 17.569 0.019 4.12 834.0
2458251.86472 17.563 0.013 4.39 345.0
2458253.69245 17.587 0.013 4.99 290.0
2458254.71392 17.615 0.012 3.95 285.0
2458255.68393 17.552 0.014 4.78 295.0
2458256.63082 17.589 0.018 6.05 339.0
2458256.89777 17.613 0.016 4.90 417.0
2458257.83680 17.583 0.013 3.92 307.0
2458258.84453 17.557 0.014 4.50 304.0
2458259.82906 17.567 0.014 4.68 378.0
2458260.92665 17.588 0.015 4.44 566.0
2458261.91363 17.569 0.014 3.87 394.0
2458262.62015 17.586 0.016 5.52 338.0
2458262.88893 17.576 0.013 4.13 315.0
2458263.82821 17.616 0.012 3.55 252.0
2458264.84653 17.575 0.015 3.96 487.0
2458265.75758 17.596 0.015 4.75 458.0
2458266.78902 17.579 0.018 4.93 636.0
2458271.83884 17.491 0.019 5.95 523.0
2458272.83235 17.575 0.015 4.34 420.0
2458273.71122 17.612 0.013 4.13 288.0
2458274.56383 17.579 0.019 6.61 376.0
2458274.82348 17.593 0.018 5.99 394.0
2458275.73205 17.605 0.013 4.43 320.0
2458276.59999 17.572 0.018 6.29 375.0
2458276.85532 17.583 0.016 5.10 397.0
2458277.79384 17.604 0.014 4.80 307.0
2458282.68454 17.591 0.012 4.12 227.0
2458283.54322 17.561 0.015 5.13 354.0
2458283.80321 17.560 0.014 4.46 332.0
2458284.63798 17.599 0.015 5.36 282.0
2458284.90036 17.497 0.021 6.65 431.0
2458286.66370 17.555 0.014 5.58 223.0
2458287.54515 17.614 0.015 5.42 307.0
2458287.84179 17.609 0.012 3.63 248.0
2458288.70673 17.552 0.014 5.43 230.0
2458289.56550 17.620 0.014 5.04 316.0
2458289.85345 17.586 0.016 5.63 339.0
2458290.77080 17.563 0.015 4.82 302.0
2458291.68900 17.556 0.016 5.39 354.0
2458292.58080 17.579 0.016 4.95 348.0
2458292.87803 17.583 0.016 4.88 456.0
2458293.78423 17.544 0.020 6.13 504.0
2458294.67063 17.560 0.021 6.36 514.0
2458294.83505 17.594 0.026 6.89 840.0
2458301.64526 17.557 0.022 7.31 446.0
2458302.61260 17.566 0.015 5.33 644.0
2458304.67886 17.587 0.022 7.67 369.0
2458305.69559 17.539 0.016 6.00 279.0
2458306.70774 17.555 0.019 6.75 359.0
2458307.54219 17.583 0.014 4.83 373.0
2458307.81240 17.502 0.019 6.75 376.0
2458308.68863 17.561 0.015 5.62 252.0
2458309.54915 17.606 0.013 5.06 259.0
2458309.80826 17.608 0.015 4.78 373.0
2458310.63316 17.618 0.013 4.82 292.0
2458311.47959 17.533 0.018 6.37 327.0
2458311.73944 17.597 0.015 4.83 312.0
2458312.61003 17.588 0.012 4.53 225.0
2458313.51207 17.578 0.014 5.09 335.0
2458313.76143 17.624 0.015 4.20 353.0
2458314.64932 17.619 0.015 4.97 294.0
2458316.52667 17.614 0.017 5.91 335.0
2458320.48261 17.523 0.016 6.17 406.0
2458320.73964 17.586 0.016 5.71 318.0
2458328.51398 17.566 0.020 6.06 516.0
2458328.75262 17.529 0.026 6.97 720.0
2458329.67875 17.574 0.015 4.47 465.0
2458331.46523 17.589 0.026 5.79 1121.0
2458332.48176 17.554 0.016 5.97 352.0
2458333.48709 17.615 0.017 5.44 401.0
2458334.50516 17.589 0.015 5.16 386.0
2458335.59155 17.557 0.019 6.54 451.0
2458336.65875 17.569 0.013 4.66 234.0
2458338.73495 17.608 0.018 6.25 355.0
2458340.50522 17.596 0.013 4.17 302.0
2458341.59610 17.584 0.013 4.38 262.0
2458343.50498 17.594 0.016 4.93 344.0
2458344.72615 17.586 0.014 4.92 303.0
2458346.51299 17.577 0.017 6.58 266.0
2458347.58088 17.602 0.014 4.56 245.0
2458353.59134 17.596 0.027 7.93 455.0
2458356.47219 17.563 0.024 5.37 1086.0
2458357.65117 17.588 0.016 4.12 490.0
2458359.49375 17.571 0.016 5.66 308.0
2458360.58810 17.600 0.021 6.55 416.0
2458363.64583 17.555 0.016 6.77 256.0
2458366.52633 17.573 0.015 5.07 290.0
2458368.51809 17.602 0.013 3.81 299.0
2458370.48434 17.598 0.020 5.82 418.0
2458371.64847 17.575 0.018 5.88 376.0
2458375.47808 17.524 0.023 6.53 673.0
2458376.57559 17.590 0.017 5.95 387.0
2458383.52581 17.620 0.018 4.86 521.0
2458385.47923 17.559 0.017 4.25 805.0
2458387.51571 17.528 0.020 4.87 877.0
2458393.55989 17.518 0.018 6.20 345.0
2458401.54608 17.600 0.015 4.70 512.0
2458519.86926 17.602 0.015 5.69 386.0
2458522.88722 17.604 0.016 4.83 614.0
2458523.89001 17.557 0.016 5.03 545.0
2458526.88488 17.551 0.021 7.39 442.0
2458528.86877 17.588 0.016 5.68 396.0
2458528.88327 17.591 0.020 6.86 434.0
2458536.84419 17.602 0.015 4.49 504.0
2458538.87076 17.614 0.018 6.60 392.0
2458540.85173 17.555 0.022 4.32 1285.0
2458544.81503 17.602 0.013 4.61 293.0
2458546.84302 17.614 0.014 4.79 291.0
2458547.84665 17.553 0.015 6.40 285.0
2458548.86902 17.583 0.013 4.54 317.0
2458549.85798 17.611 0.016 6.06 293.0
2458550.88203 17.584 0.013 5.43 282.0
2458551.89342 17.586 0.016 6.06 280.0
2458553.82054 17.572 0.019 6.99 303.0
2458554.80344 17.597 0.016 5.89 303.0
2458554.90627 17.571 0.017 6.31 374.0
2458555.87635 17.600 0.013 4.88 284.0
2458556.85201 17.614 0.015 5.98 281.0
2458557.82076 17.571 0.017 6.60 293.0
2458558.78036 17.579 0.013 4.62 299.0
2458558.87570 17.584 0.015 6.31 265.0
2458559.83134 17.579 0.013 4.50 272.0
2458560.77370 17.578 0.014 4.20 443.0
2458560.89295 17.627 0.013 4.33 301.0
2458561.85174 17.644 0.015 4.90 378.0
2458562.80801 17.561 0.021 6.63 529.0
2458562.90701 17.572 0.018 6.01 468.0
2458563.87046 17.577 0.014 4.17 515.0
2458564.81931 17.616 0.014 4.17 460.0
2458565.77470 17.607 0.017 5.86 565.0
2458565.88568 17.575 0.014 4.02 453.0
2458566.85286 17.585 0.014 4.21 480.0
2458573.91578 17.592 0.016 5.78 344.0
2458574.87914 17.571 0.015 5.78 258.0
2458575.78453 17.570 0.015 5.73 277.0
2458575.87342 17.630 0.017 6.28 279.0
2458576.81047 17.593 0.018 7.22 285.0
2458576.89951 17.629 0.022 8.13 258.0
2458577.84629 17.586 0.019 6.93 337.0
2458578.74337 17.574 0.014 5.12 312.0
2458578.85370 17.554 0.014 5.33 317.0
2458579.73310 17.571 0.016 5.63 355.0
2458579.82971 17.591 0.019 6.54 392.0
2458580.70973 17.535 0.015 6.06 354.0
2458580.82529 17.584 0.016 6.00 307.0
2458581.71887 17.643 0.016 6.09 329.0
2458581.92458 17.577 0.023 4.79 1247.0
2458582.87314 17.599 0.015 5.40 322.0
2458583.81333 17.608 0.013 5.57 283.0
2458584.77624 17.619 0.013 4.98 266.0
2458585.74767 17.589 0.015 6.25 295.0
2458586.71504 17.636 0.015 6.42 285.0
2458587.68719 17.603 0.018 6.66 406.0
2458587.91334 17.619 0.013 4.31 332.0
2458588.85145 17.616 0.011 3.79 259.0
2458589.78705 17.589 0.015 5.03 392.0
2458590.74080 17.626 0.014 4.61 476.0
2458591.72161 17.575 0.016 5.19 559.0
2458592.73472 17.622 0.026 5.59 1358.0
2458593.72874 17.595 0.026 6.39 1262.0
2458594.69872 17.610 0.021 5.57 736.0
2458594.92555 17.625 0.017 4.37 765.0
2458599.65813 17.546 0.022 7.34 434.0
2458599.79178 17.579 0.016 6.41 323.0
2458599.91445 17.572 0.014 4.87 352.0
2458600.78753 17.639 0.014 5.17 307.0
2458601.70754 17.629 0.014 5.09 307.0
2458602.68644 17.626 0.012 4.41 264.0
2458603.65655 17.592 0.016 6.47 301.0
2458603.87082 17.602 0.013 4.22 317.0
2458604.82097 17.618 0.013 4.40 274.0
2458605.72880 17.594 0.013 4.98 295.0
2458606.69058 17.617 0.012 4.21 271.0
2458607.65492 17.564 0.014 5.81 313.0
2458607.85187 17.558 0.014 5.03 336.0
2458608.79470 17.596 0.013 4.16 340.0
2458612.74861 17.572 0.016 6.23 258.0
2458613.64121 17.572 0.018 6.35 355.0
2458613.86899 17.583 0.015 4.75 401.0
2458614.73675 17.528 0.019 6.57 360.0
2458615.67015 17.587 0.017 6.59 324.0
2458616.63186 17.536 0.014 5.26 401.0
2458616.84021 17.583 0.012 3.38 315.0
2458617.71887 17.629 0.013 4.18 337.0
2458618.65335 17.596 0.015 5.54 412.0
2458618.89984 17.560 0.022 6.63 563.0
2458619.77171 17.575 0.018 5.61 501.0
2458620.69020 17.621 0.016 5.02 435.0
2458621.67747 17.530 0.023 6.35 670.0
2458621.93881 17.555 0.023 5.51 1247.0
2458626.70974 17.615 0.019 6.19 433.0
2458626.81392 17.579 0.016 4.71 492.0
2458626.91256 17.579 0.018 5.46 584.0
2458627.69000 17.574 0.013 4.74 290.0
2458635.66239 17.585 0.014 5.09 264.0
2458635.89889 17.543 0.022 7.72 422.0
2458636.72054 17.594 0.012 3.82 263.0
2458637.58096 17.601 0.014 5.51 311.0
2458637.78750 17.589 0.012 3.64 335.0
2458638.66645 17.596 0.011 4.73 250.0
2458639.65964 17.599 0.012 4.15 330.0
2458640.58164 17.572 0.016 6.47 326.0
2458640.81295 17.571 0.015 4.86 324.0
2458641.66307 17.590 0.012 4.32 331.0
2458642.86296 17.581 0.016 4.47 427.0
2458643.70115 17.584 0.012 3.77 301.0
2458644.56414 17.537 0.018 6.51 374.0
2458644.80689 17.583 0.016 5.51 359.0
2458646.63237 17.568 0.020 7.09 317.0
2458647.77717 17.608 0.018 5.77 403.0
2458648.69199 17.573 0.017 5.50 456.0
2458649.59658 17.570 0.029 6.38 1208.0
2458655.62197 17.605 0.013 4.30 502.0
2458656.63738 17.571 0.015 5.64 404.0
2458657.53787 17.598 0.014 5.35 310.0
2458657.76916 17.588 0.012 4.39 268.0
2458658.58718 17.551 0.012 5.41 260.0
2458660.67124 17.589 0.014 5.30 244.0
2458661.53499 17.624 0.018 6.86 318.0
2458662.57956 17.599 0.017 6.05 322.0
2458664.53764 17.586 0.015 6.13 253.0
2458664.77357 17.615 0.013 5.10 261.0
2458666.52586 17.593 0.022 7.20 409.0
2458666.78326 17.577 0.018 7.25 261.0
2458667.63584 17.611 0.014 4.41 309.0
2458668.47089 17.628 0.021 7.19 436.0
2458668.73419 17.582 0.012 4.43 218.0
2458669.51908 17.561 0.017 6.18 382.0
2458669.78215 17.573 0.012 3.91 301.0
2458670.58095 17.634 0.012 4.23 270.0
2458671.66334 17.536 0.018 7.07 243.0
2458673.71153 17.601 0.013 4.42 268.0
2458674.67645 17.612 0.013 4.65 249.0
2458675.62532 17.600 0.015 3.68 699.0
2458676.49145 17.544 0.017 5.30 546.0
2458676.56875 17.605 0.015 4.37 455.0
2458676.78170 17.595 0.017 5.27 510.0
2458681.49980 17.614 0.025 6.22 840.0
2458681.65662 17.598 0.019 4.73 684.0
2458682.52571 17.566 0.017 5.46 487.0
2458683.50178 17.576 0.018 6.12 391.0
2458683.75702 17.569 0.021 6.69 459.0
2458684.50372 17.550 0.019 6.92 324.0
2458684.73758 17.624 0.014 4.03 349.0
2458685.56737 17.594 0.015 5.51 343.0
2458688.60974 17.586 0.019 7.01 261.0
2458689.53762 17.559 0.016 6.13 306.0
2458689.77861 17.553 0.019 7.04 372.0
2458690.52441 17.544 0.019 6.85 328.0
2458691.49167 17.627 0.013 4.52 326.0
2458691.75399 17.592 0.018 6.54 323.0
2458692.49428 17.576 0.016 5.66 379.0
2458692.69358 17.574 0.013 4.08 278.0
2458693.49347 17.617 0.019 6.76 299.0
2458694.53088 17.615 0.013 4.48 298.0
2458694.73761 17.589 0.012 3.48 263.0
2458695.52773 17.605 0.014 5.58 270.0
2458697.57090 17.525 0.020 7.46 284.0
2458698.49900 17.597 0.015 5.57 262.0
2458698.75402 17.587 0.014 4.95 306.0
2458699.49889 17.556 0.014 4.99 324.0
2458700.49701 17.586 0.012 4.10 285.0
2458700.73423 17.594 0.014 4.82 331.0
2458701.74318 17.550 0.016 5.82 414.0
2458702.65705 17.573 0.013 4.47 284.0
2458704.71101 17.561 0.027 8.18 784.0
2458711.67968 17.518 0.028 6.83 1031.0
2458712.63045 17.528 0.017 5.76 392.0
2458713.49703 17.533 0.014 5.14 291.0
2458713.70402 17.501 0.017 6.13 425.0
2458717.49830 17.472 0.018 6.86 286.0
2458718.64979 17.485 0.012 3.99 296.0
2458719.58654 17.469 0.013 5.28 297.0
2458721.50627 17.431 0.013 5.74 261.0
2458723.64887 17.402 0.012 4.84 328.0
2458724.64889 17.358 0.010 4.48 259.0
2458725.59926 17.355 0.013 5.96 292.0
2458726.64066 17.301 0.011 4.66 231.0
2458727.62257 17.260 0.013 5.59 365.0
2458728.64386 17.239 0.011 4.69 308.0
2458729.64106 17.193 0.012 6.13 319.0
2458730.62800 17.126 0.011 5.34 287.0
2458731.60756 17.139 0.014 6.81 341.0
2458736.64530 17.094 0.014 6.46 624.0
2458737.62757 17.069 0.016 7.27 592.0
2458738.59655 17.138 0.013 5.47 589.0
2458739.51191 17.183 0.013 5.58 493.0
2458740.55451 17.204 0.017 6.97 472.0
2458741.60846 17.250 0.015 6.34 488.0
2458742.60737 17.287 0.014 5.38 491.0
2458746.59917 17.315 0.016 7.02 303.0
2458748.59419 17.412 0.016 6.28 375.0
2458753.60987 17.468 0.019 7.09 382.0
2458757.59026 17.516 0.017 6.51 324.0
2458783.52390 17.593 0.018 5.56 473.0
