2457415.86951 17.974 0.028 6.01 671.0
2457416.86794 17.930 0.032 6.44 866.0
2457424.85900 17.952 0.017 4.33 404.0
2457425.85411 18.014 0.024 5.40 514.0
2457427.84764 17.950 0.028 7.23 457.0
2457428.84336 17.971 0.018 4.51 404.0
2457428.88350 17.980 0.023 4.72 689.0
2457430.86880 18.040 0.018 4.55 618.0
2457432.84216 17.970 0.019 4.94 407.0
2457433.84032 17.911 0.020 5.74 375.0
2457434.88676 17.969 0.022 4.55 624.0
2457436.85390 17.980 0.025 6.50 369.0
2457437.88341 17.953 0.018 5.13 307.0
2457439.82686 18.010 0.030 5.86 654.0
2457440.83921 17.950 0.019 3.50 674.0
2457441.88109 17.935 0.021 4.87 547.0
2457443.81683 18.047 0.034 6.55 656.0
2457443.90345 17.922 0.029 5.04 989.0
2457444.81555 17.947 0.026 6.16 583.0
2457445.87858 17.936 0.018 4.64 416.0
2457446.89054 17.951 0.018 4.28 439.0
2457447.89854 17.941 0.022 4.72 622.0
2457451.83520 17.971 0.024 4.29 867.0
2457452.87649 17.965 0.016 4.26 315.0
2457453.88204 17.926 0.014 3.80 322.0
2457455.83361 17.959 0.018 5.31 304.0
2457456.83996 17.969 0.019 5.13 363.0
2457457.83581 17.958 0.021 5.02 470.0
2457458.83031 17.943 0.019 5.08 365.0
2457460.83090 17.952 0.017 4.36 375.0
2457461.82989 17.945 0.015 4.05 321.0
2457462.81677 17.975 0.017 4.07 374.0
2457463.84422 17.974 0.018 4.79 332.0
2457465.78589 17.971 0.019 4.83 374.0
2457465.91511 17.982 0.020 4.15 556.0
2457467.84922 17.905 0.017 5.22 302.0
2457470.80528 17.962 0.021 4.63 539.0
2457471.75847 17.882 0.024 5.07 694.0
2457471.88932 17.962 0.020 4.33 513.0
2457472.82738 17.988 0.024 5.41 495.0
2457473.85276 17.927 0.024 5.62 667.0
2457474.82600 18.008 0.024 5.56 513.0
2457475.75324 17.894 0.034 6.32 1000.0
2457475.86375 17.982 0.029 6.00 663.0
2457484.80673 17.961 0.020 5.61 322.0
2457485.91329 17.953 0.017 4.58 321.0
2457486.74066 18.014 0.026 6.72 356.0
2457487.84808 17.986 0.020 5.45 371.0
2457489.82212 17.983 0.018 4.77 482.0
2457492.71679 17.997 0.020 5.40 326.0
2457493.71022 17.977 0.021 5.35 384.0
2457493.92991 17.952 0.034 4.57 1604.0
2457494.91839 17.938 0.017 4.07 423.0
2457495.89704 17.961 0.020 5.30 348.0
2457498.81615 17.921 0.022 5.53 487.0
2457499.78342 17.990 0.019 4.59 493.0
2457500.72477 18.036 0.027 5.02 636.0
2457500.92634 17.982 0.028 5.69 683.0
2457508.78098 17.947 0.015 4.31 326.0
2457509.87755 17.904 0.018 4.84 390.0
2457512.82280 17.918 0.015 4.04 306.0
2457522.88409 17.967 0.029 6.72 498.0
2457526.77893 17.961 0.021 4.54 591.0
2457529.80451 18.003 0.035 6.50 746.0
2457534.78537 17.931 0.018 4.37 435.0
2457536.78452 17.939 0.021 5.54 380.0
2457545.92642 17.879 0.022 5.76 475.0
2457547.56048 17.975 0.026 7.11 344.0
2457547.90111 17.887 0.025 7.32 374.0
2457549.82615 17.958 0.018 5.57 288.0
2457550.80469 17.958 0.020 5.24 397.0
2457555.53437 18.017 0.032 5.23 1054.0
2457555.86568 17.950 0.019 5.29 380.0
2457557.84341 17.989 0.025 5.26 706.0
2457561.62806 17.908 0.020 4.20 635.0
2457562.61257 17.937 0.022 4.96 692.0
2457566.81511 17.987 0.027 6.07 499.0
2457567.75904 17.958 0.021 5.51 417.0
2457568.75789 17.939 0.023 6.86 337.0
2457569.77539 17.934 0.023 6.54 373.0
2457570.73974 17.914 0.021 6.97 312.0
2457573.66004 17.960 0.018 5.50 241.0
2457575.58782 17.961 0.023 6.91 269.0
2457575.75571 17.933 0.016 4.97 268.0
2457576.52091 17.965 0.018 5.08 323.0
2457576.53350 17.918 0.019 5.85 294.0
2457576.71419 17.989 0.018 5.30 257.0
2457577.53191 17.921 0.020 6.05 308.0
2457579.71365 17.924 0.019 6.11 302.0
2457582.66109 17.976 0.023 6.56 355.0
2457584.54208 17.934 0.021 4.93 478.0
2457584.68491 17.931 0.023 5.88 428.0
2457589.48799 17.994 0.037 6.57 840.0
2457589.64807 17.971 0.024 5.01 663.0
2457589.79833 17.927 0.040 6.93 1067.0
2457590.58908 17.968 0.019 4.00 522.0
2457590.73605 17.985 0.024 5.39 615.0
2457593.51314 17.982 0.017 4.71 269.0
2457593.67888 17.956 0.018 5.36 270.0
2457595.58000 17.903 0.026 7.97 320.0
2457599.47501 17.922 0.028 6.21 485.0
2457599.50347 17.986 0.024 5.92 349.0
2457599.57095 17.913 0.023 7.40 299.0
2457599.68025 17.919 0.020 6.14 275.0
2457599.72011 17.971 0.020 5.45 298.0
2457600.51243 17.934 0.024 6.75 313.0
2457600.56410 17.910 0.021 5.81 316.0
2457600.60618 17.950 0.023 6.45 309.0
2457600.73668 17.912 0.024 7.29 586.0
2457601.73355 17.934 0.019 5.93 264.0
2457601.75682 17.924 0.023 6.88 292.0
2457602.58539 17.925 0.020 5.97 283.0
2457602.74509 17.969 0.028 7.46 373.0
2457603.58266 17.908 0.016 4.95 251.0
2457603.72299 17.942 0.018 5.65 264.0
2457604.54887 17.938 0.018 5.08 307.0
2457604.69030 17.929 0.017 5.65 244.0
2457605.53262 17.949 0.017 4.89 262.0
2457605.69422 17.975 0.021 6.17 296.0
2457606.70755 17.942 0.026 7.75 286.0
2457607.61658 17.934 0.019 6.08 234.0
2457608.49170 17.914 0.019 5.59 281.0
2457608.69682 17.985 0.018 4.82 303.0
2457609.56342 17.969 0.020 5.30 331.0
2457610.60700 17.945 0.022 6.22 321.0
2457611.57121 17.920 0.024 6.62 356.0
2457612.53715 17.955 0.021 4.83 499.0
2457612.67850 17.954 0.023 5.80 454.0
2457617.49928 17.948 0.027 6.14 556.0
2457617.66462 18.005 0.029 5.52 628.0
2457618.55454 18.019 0.025 5.20 553.0
2457618.71054 17.924 0.031 6.01 840.0
2457621.55549 18.008 0.020 5.17 367.0
2457622.49116 17.962 0.018 4.94 291.0
2457622.68542 17.962 0.018 4.60 371.0
2457623.60165 17.960 0.017 5.28 277.0
2457624.52599 17.936 0.019 5.25 317.0
2457625.49553 17.982 0.018 4.85 333.0
2457626.48300 17.955 0.019 5.28 371.0
2457626.67983 17.912 0.021 5.99 339.0
2457630.65361 17.880 0.018 5.56 278.0
2457631.63059 17.976 0.016 4.61 292.0
2457632.61598 17.933 0.019 5.04 326.0
2457633.65609 17.910 0.023 6.57 345.0
2457635.58217 17.948 0.022 6.64 301.0
2457636.62634 18.003 0.022 6.12 339.0
2457637.61580 17.964 0.024 6.91 314.0
2457639.50446 18.000 0.027 6.61 388.0
2457643.59025 17.916 0.036 8.18 565.0
2457644.60683 17.985 0.038 5.62 1215.0
2457647.58084 17.972 0.026 5.71 605.0
2457648.61875 17.943 0.027 5.75 671.0
2457650.50226 17.944 0.016 4.82 316.0
2457650.54480 17.976 0.021 5.41 401.0
2457651.51756 17.959 0.022 5.71 418.0
2457651.57449 17.986 0.022 5.25 508.0
2457652.50475 17.953 0.017 5.27 320.0
2457652.59639 17.977 0.022 5.94 416.0
2457653.50419 17.987 0.019 5.35 331.0
2457654.50883 17.924 0.022 6.29 391.0
2457654.53912 17.943 0.025 7.07 405.0
2457655.50553 17.991 0.022 6.13 337.0
2457656.50735 17.943 0.023 6.39 397.0
2457656.55438 17.961 0.022 5.73 384.0
2457657.55779 17.929 0.021 5.99 396.0
2457658.51387 17.924 0.022 5.98 379.0
2457659.51589 17.997 0.026 6.74 415.0
2457660.50591 17.950 0.025 6.44 426.0
2457661.50751 17.972 0.025 6.82 381.0
2457662.50758 17.935 0.027 6.95 460.0
2457662.54134 17.947 0.027 6.69 496.0
2457664.50629 17.965 0.029 6.76 467.0
2457665.51314 17.973 0.033 7.86 550.0
2457666.50849 17.942 0.026 6.88 456.0
2457666.56833 17.920 0.024 6.57 445.0
2457667.51359 17.932 0.025 6.08 519.0
2457671.49495 17.946 0.027 6.26 570.0
2457672.49610 17.934 0.025 6.27 485.0
2457673.50264 17.917 0.026 5.56 777.0
2457682.49854 18.016 0.028 6.37 602.0
2457683.49772 17.984 0.032 6.87 603.0
2457791.88311 17.981 0.026 4.75 806.0
2457792.88588 17.972 0.027 4.99 958.0
2457793.87736 17.990 0.021 4.77 501.0
2457794.88435 17.957 0.031 6.06 767.0
2457795.88838 18.029 0.034 5.88 907.0
2457798.86837 17.938 0.021 4.64 502.0
2457800.86117 18.003 0.022 4.93 486.0
2457802.84105 17.900 0.026 6.03 576.0
2457807.86936 17.941 0.018 5.02 347.0
2457810.84622 17.948 0.017 4.14 388.0
2457813.81033 17.936 0.023 5.26 508.0
2457816.83900 17.932 0.019 5.18 372.0
2457818.88198 17.981 0.016 4.73 332.0
2457821.80973 17.989 0.027 5.60 529.0
2457823.82055 17.979 0.023 4.60 627.0
2457825.85269 17.959 0.022 5.07 533.0
2457827.83004 17.965 0.023 5.10 508.0
2457829.82584 17.987 0.028 5.88 614.0
2457834.82127 17.933 0.019 5.36 350.0
2457835.75798 17.959 0.024 6.73 303.0
2457835.89767 17.946 0.020 5.71 323.0
2457836.85275 17.937 0.019 5.67 282.0
2457837.78664 17.985 0.019 5.40 292.0
2457837.89585 17.957 0.017 4.78 300.0
2457838.84212 17.993 0.019 5.10 335.0
2457839.78169 17.948 0.015 4.30 261.0
2457839.90517 17.978 0.015 3.67 271.0
2457840.83543 17.937 0.019 5.50 291.0
2457841.77546 17.979 0.026 7.55 297.0
2457841.88515 17.942 0.022 6.48 315.0
2457842.79984 17.954 0.019 5.49 290.0
2457842.90768 17.918 0.018 5.15 314.0
2457843.84080 17.931 0.017 5.36 254.0
2457844.75138 17.940 0.018 5.50 292.0
2457844.86773 18.003 0.022 6.38 282.0
2457845.77513 17.965 0.019 5.65 294.0
2457845.89332 17.960 0.018 5.39 280.0
2457846.82285 17.977 0.018 5.05 273.0
2457847.72610 17.932 0.023 6.38 322.0
2457847.84346 17.969 0.019 5.25 285.0
2457848.73991 17.940 0.023 6.71 334.0
2457848.84730 17.951 0.017 5.20 272.0
2457849.75262 17.953 0.018 4.76 383.0
2457849.87120 17.966 0.015 3.76 282.0
2457850.76483 17.968 0.022 5.31 405.0
2457850.88460 17.958 0.016 4.47 283.0
2457851.78253 17.946 0.025 6.03 426.0
2457851.90437 17.933 0.017 4.88 296.0
2457852.89099 17.959 0.022 6.19 323.0
2457854.70087 17.942 0.023 4.56 708.0
2457854.82280 17.926 0.019 4.14 488.0
2457855.73547 17.951 0.020 3.93 678.0
2457855.84512 17.941 0.020 4.35 554.0
2457856.74419 17.964 0.031 6.59 604.0
2457856.85515 17.950 0.024 5.61 527.0
2457858.77831 17.891 0.019 4.93 421.0
2457862.70409 17.982 0.024 5.81 387.0
2457862.81400 17.979 0.021 5.38 365.0
2457863.76056 17.943 0.024 6.94 325.0
2457863.90814 17.953 0.020 5.02 367.0
2457864.71759 17.964 0.016 4.15 296.0
2457864.86887 17.963 0.016 4.00 329.0
2457865.72230 17.942 0.017 4.42 318.0
2457865.85952 17.958 0.018 4.49 361.0
2457866.71848 17.982 0.017 3.93 325.0
2457866.84774 17.947 0.015 3.82 319.0
2457867.72176 17.953 0.015 3.66 302.0
2457867.85158 17.936 0.016 4.16 293.0
2457868.77859 17.949 0.020 5.53 317.0
2457868.92473 17.947 0.027 6.94 385.0
2457869.77740 17.961 0.016 3.94 292.0
2457869.90946 17.972 0.018 4.13 383.0
2457870.79858 17.951 0.015 3.85 275.0
2457870.92013 17.953 0.019 4.45 332.0
2457871.82223 17.956 0.015 3.42 299.0
2457872.67267 17.946 0.016 3.89 346.0
2457872.82403 17.919 0.014 3.56 319.0
2457873.67495 17.960 0.017 4.26 341.0
2457873.78287 17.940 0.015 4.06 292.0
2457873.91821 17.909 0.018 4.81 358.0
2457874.75139 17.966 0.022 5.87 343.0
2457874.87483 17.973 0.019 4.66 401.0
2457875.83167 17.977 0.017 4.31 541.0
2457875.93843 17.935 0.040 5.16 2024.0
2457876.75653 18.002 0.019 4.35 349.0
2457876.89336 17.982 0.021 5.34 402.0
2457877.71672 17.993 0.017 3.88 372.0
2457877.84968 17.955 0.018 3.77 429.0
2457878.75536 17.968 0.017 3.83 398.0
2457878.88961 17.948 0.016 3.79 372.0
2457879.71388 17.977 0.026 6.37 411.0
2457879.86654 17.964 0.027 6.98 396.0
2457880.74251 17.965 0.024 5.82 424.0
2457880.87148 17.971 0.024 5.87 420.0
2457881.82194 17.974 0.023 5.25 479.0
2457882.69989 17.913 0.029 6.92 516.0
2457882.83005 17.939 0.024 5.35 568.0
2457883.80016 17.957 0.038 7.36 675.0
2457890.71288 17.899 0.022 5.51 450.0
2457890.87223 17.963 0.026 5.64 567.0
2457893.69156 17.929 0.024 6.68 350.0
2457893.82105 17.989 0.021 5.43 360.0
2457893.93000 17.945 0.026 5.99 512.0
2457894.67576 17.997 0.017 4.32 332.0
2457894.80347 17.954 0.019 4.92 338.0
2457894.91254 17.954 0.020 5.07 400.0
2457895.78033 17.964 0.019 5.18 400.0
2457897.71741 17.929 0.020 5.28 329.0
2457901.65208 17.994 0.021 5.76 304.0
2457901.80803 17.935 0.020 5.37 333.0
2457902.64304 18.020 0.027 6.84 355.0
2457902.77569 17.941 0.018 4.67 332.0
2457903.81213 17.951 0.019 5.12 321.0
2457904.66852 17.962 0.016 4.33 283.0
2457904.80014 17.953 0.016 4.28 274.0
2457904.90885 17.970 0.025 6.36 401.0
2457905.63796 17.960 0.018 4.76 326.0
2457905.76681 17.960 0.018 4.66 325.0
2457905.87795 17.943 0.019 4.29 465.0
2457906.58635 17.964 0.019 4.35 425.0
2457906.70458 17.944 0.016 3.95 343.0
2457906.82706 17.979 0.019 4.51 422.0
2457907.69938 17.988 0.021 4.40 553.0
2457907.83068 17.999 0.021 4.74 566.0
2457908.65022 17.944 0.021 4.55 482.0
2457908.77986 17.973 0.022 4.95 456.0
2457908.88905 17.922 0.028 6.82 494.0
2457909.58082 17.953 0.025 4.94 675.0
2457909.70107 17.947 0.018 4.17 435.0
2457909.81303 17.986 0.021 4.46 531.0
2457909.91304 17.940 0.027 6.04 662.0
2457910.59807 17.966 0.023 4.90 540.0
2457910.71716 17.942 0.018 4.08 422.0
2457910.85160 17.968 0.025 4.70 1011.0
2457911.57621 18.017 0.034 6.39 781.0
2457911.67390 17.976 0.025 5.29 558.0
2457911.87948 17.903 0.040 7.75 793.0
2457916.62282 17.964 0.020 3.85 672.0
2457916.72179 17.947 0.022 4.43 664.0
2457916.82345 17.981 0.024 4.72 667.0
2457917.54318 18.055 0.030 6.34 569.0
2457917.65769 17.974 0.021 4.93 434.0
2457917.77273 17.960 0.023 5.10 508.0
2457917.87978 17.928 0.030 6.13 780.0
2457918.65406 17.954 0.027 5.42 733.0
2457922.63436 17.938 0.019 4.91 382.0
2457923.52725 17.957 0.022 5.38 443.0
2457923.63393 17.969 0.020 5.22 357.0
2457923.77084 17.923 0.022 5.78 388.0
2457923.88059 17.898 0.024 5.95 481.0
2457924.55641 17.994 0.020 4.72 370.0
2457924.66198 17.937 0.018 4.98 320.0
2457924.79080 17.988 0.020 4.70 365.0
2457925.58056 17.953 0.023 6.10 358.0
2457925.70624 17.941 0.019 5.31 295.0
2457925.83146 17.953 0.025 6.66 368.0
2457926.59679 17.939 0.020 5.77 352.0
2457926.74433 17.950 0.021 5.85 333.0
2457928.59251 17.993 0.019 5.07 308.0
2457932.62365 17.928 0.019 5.15 328.0
2457932.75760 17.926 0.022 6.44 308.0
2457933.61456 17.946 0.021 6.09 293.0
2457933.73687 17.900 0.019 6.26 242.0
2457934.54966 17.947 0.016 4.31 326.0
2457934.68560 17.949 0.017 4.43 304.0
2457934.78027 17.943 0.020 5.35 347.0
2457935.51914 17.967 0.018 4.31 409.0
2457935.64854 17.952 0.018 4.51 303.0
2457935.76090 17.969 0.016 4.34 273.0
2457936.51188 17.961 0.021 5.08 392.0
2457936.62273 17.993 0.020 5.56 302.0
2457936.76726 17.967 0.020 5.76 269.0
2457937.56385 17.937 0.023 5.77 428.0
2457937.67501 17.972 0.020 5.39 356.0
2457937.80605 17.918 0.023 6.75 313.0
2457938.58773 17.957 0.028 6.98 415.0
2457944.48233 17.920 0.025 5.02 727.0
2457944.52310 17.948 0.025 4.92 691.0
2457944.57475 17.966 0.023 4.54 632.0
2457944.61492 18.009 0.022 4.20 590.0
2457944.67478 17.968 0.025 5.29 545.0
2457944.72511 17.928 0.022 4.67 572.0
2457944.78509 17.924 0.032 6.77 684.0
2457945.48988 17.936 0.027 5.97 560.0
2457945.59539 17.950 0.018 4.16 420.0
2457945.70757 17.959 0.018 4.39 410.0
2457945.81723 18.030 0.027 5.65 619.0
2457946.53862 17.989 0.020 4.47 405.0
2457946.66785 17.907 0.019 4.90 370.0
2457946.77993 18.021 0.026 6.06 405.0
2457947.52441 17.962 0.023 6.84 324.0
2457947.63507 17.940 0.021 5.93 319.0
2457948.52345 17.938 0.018 4.87 319.0
2457948.65868 17.961 0.023 5.71 438.0
2457948.79168 17.953 0.024 6.07 461.0
2457949.58515 17.940 0.022 5.58 483.0
2457949.70435 17.982 0.032 6.73 623.0
2457949.70775 17.875 0.028 6.90 517.0
2457952.72745 17.997 0.022 5.98 283.0
2457953.49090 18.046 0.025 5.89 384.0
2457953.63220 17.923 0.019 5.49 275.0
2457953.75121 17.923 0.018 5.55 274.0
2457954.50762 17.993 0.018 4.38 473.0
2457954.65011 17.976 0.016 4.40 256.0
2457954.78800 17.967 0.020 5.32 399.0
2457956.49080 17.941 0.020 4.73 418.0
2457956.62474 17.958 0.017 4.80 262.0
2457956.75206 17.977 0.021 6.02 324.0
2457957.67804 17.900 0.020 6.31 306.0
2457958.59600 17.973 0.022 5.82 339.0
2457958.68447 17.923 0.023 6.88 311.0
2457958.79366 17.997 0.030 7.94 380.0
2457959.54879 17.951 0.017 4.40 308.0
2457959.66556 17.958 0.016 4.53 265.0
2457959.78309 17.962 0.025 6.81 346.0
2457960.53528 17.994 0.019 5.00 285.0
2457960.67122 17.924 0.018 5.50 248.0
2457961.61368 17.960 0.017 5.27 320.0
2457961.72612 17.891 0.020 6.03 390.0
2457962.54486 17.954 0.017 4.55 325.0
2457963.72103 17.925 0.019 5.30 396.0
2457964.61108 17.965 0.019 4.54 332.0
2457964.75635 17.921 0.022 6.29 423.0
2457965.68761 17.943 0.020 5.53 380.0
2457966.56160 17.947 0.023 6.01 362.0
2457966.66491 17.950 0.024 6.61 326.0
2457967.60108 17.943 0.028 6.95 425.0
2457967.68711 17.976 0.028 6.89 441.0
2457971.47307 17.917 0.034 6.37 859.0
2457971.51584 17.965 0.024 4.73 656.0
2457971.56716 17.952 0.023 4.76 564.0
2457971.60463 17.968 0.027 5.53 579.0
2457971.65462 17.949 0.024 4.92 616.0
2457971.69537 17.917 0.027 5.46 701.0
2457972.47370 17.931 0.039 7.08 793.0
2457972.52758 17.997 0.036 7.21 610.0
2457972.57616 17.921 0.028 5.91 597.0
2457972.62084 17.981 0.030 6.00 594.0
2457972.67828 17.943 0.032 6.25 650.0
2457972.72382 17.915 0.034 6.88 775.0
2457973.55840 18.015 0.035 7.24 590.0
2457973.68216 17.880 0.031 7.00 664.0
2457974.54695 17.941 0.020 4.43 428.0
2457974.66306 17.943 0.024 5.62 482.0
2457975.49603 18.023 0.028 7.17 357.0
2457979.54359 17.944 0.017 4.47 336.0
2457979.67182 17.965 0.018 4.54 374.0
2457980.59647 17.943 0.024 6.00 438.0
2457981.49444 17.947 0.023 5.51 457.0
2457981.64806 17.990 0.022 5.29 398.0
2457982.55817 17.937 0.020 5.17 313.0
2457982.66845 17.975 0.021 5.87 363.0
2457983.59670 17.894 0.018 5.41 318.0
2457984.50713 17.984 0.025 6.86 360.0
2457984.62283 17.944 0.021 5.85 312.0
2457985.55915 17.950 0.027 7.41 361.0
2457986.51042 17.957 0.017 4.30 334.0
2457986.64825 18.005 0.019 5.30 297.0
2457987.57544 17.961 0.018 4.43 373.0
2457990.49456 17.955 0.020 5.06 371.0
2457990.62641 17.961 0.023 6.43 343.0
2457991.54645 17.967 0.024 6.50 350.0
2457992.47959 17.940 0.018 4.44 432.0
2457992.60102 17.959 0.022 5.98 347.0
2457993.52896 17.922 0.020 5.14 377.0
2457993.63916 17.961 0.023 6.08 357.0
2457994.57299 17.916 0.021 5.41 411.0
2457998.48219 17.995 0.038 4.32 2187.0
2457998.53391 17.952 0.026 5.21 701.0
2457998.57275 17.975 0.025 5.13 628.0
2457998.62629 17.937 0.031 5.82 855.0
2458000.50707 17.936 0.034 7.98 498.0
2458000.55070 17.994 0.025 5.58 503.0
2458000.60710 17.942 0.036 7.87 613.0
2458001.49720 17.980 0.024 5.31 475.0
2458001.60699 17.973 0.024 5.46 552.0
2458004.48058 17.947 0.029 6.35 546.0
2458004.61004 17.984 0.028 6.53 496.0
2458007.57465 17.938 0.026 7.03 381.0
2458008.59227 17.938 0.025 6.88 368.0
2458011.54268 17.891 0.030 8.07 400.0
2458012.55714 17.994 0.022 5.02 465.0
2458013.56098 17.914 0.021 5.30 425.0
2458014.57108 17.921 0.021 5.65 404.0
2458015.57237 17.959 0.024 6.43 385.0
2458017.48275 18.000 0.027 5.74 559.0
2458018.50798 17.958 0.020 5.02 382.0
2458019.54500 17.936 0.020 5.25 367.0
2458021.48635 18.002 0.031 6.03 605.0
2458026.52783 17.921 0.034 5.49 1284.0
2458030.53428 17.925 0.024 5.23 782.0
2458036.54181 17.938 0.030 7.69 466.0
2458040.51570 17.940 0.032 7.04 557.0
2458164.85314 17.932 0.018 4.38 416.0
2458165.85028 17.943 0.018 4.55 427.0
2458165.89020 17.942 0.019 4.59 503.0
2458166.88230 17.931 0.022 5.73 401.0
2458167.85750 17.969 0.018 4.41 395.0
2458168.83867 17.935 0.017 4.27 365.0
2458168.87819 17.944 0.018 4.47 335.0
2458169.86219 17.910 0.020 4.94 391.0
2458170.83554 18.006 0.018 4.15 388.0
2458170.88424 17.944 0.016 3.53 368.0
2458171.84497 17.938 0.017 3.98 403.0
2458171.89337 17.979 0.021 4.01 593.0
2458172.85525 17.977 0.019 4.47 401.0
2458173.82429 17.971 0.020 4.42 516.0
2458173.86494 17.945 0.018 4.02 447.0
2458174.83700 17.946 0.019 3.99 513.0
2458174.87586 17.973 0.018 3.79 438.0
2458175.83514 17.979 0.017 3.88 381.0
2458175.87462 17.955 0.017 4.41 335.0
2458176.82821 17.984 0.018 3.85 452.0
2458176.86756 17.939 0.017 4.02 390.0
2458181.81780 17.941 0.023 4.72 646.0
2458181.86142 17.969 0.021 4.15 595.0
2458182.80287 17.961 0.023 4.77 631.0
2458183.83860 17.941 0.021 4.95 546.0
2458184.84515 17.949 0.021 3.89 592.0
2458184.88582 17.988 0.024 5.00 558.0
2458185.85293 17.981 0.027 5.57 649.0
2458185.89292 18.007 0.021 4.67 488.0
2458189.85364 17.951 0.018 4.29 356.0
2458190.82644 17.966 0.015 4.02 281.0
2458191.81346 17.937 0.020 5.30 350.0
2458192.80277 17.965 0.022 5.79 383.0
2458193.78899 17.932 0.017 4.69 309.0
2458193.89971 17.945 0.016 4.09 296.0
2458194.86105 17.958 0.017 4.36 288.0
2458195.83394 17.960 0.019 5.15 319.0
2458196.80332 17.959 0.017 4.16 309.0
2458197.76331 17.893 0.022 6.17 376.0
2458197.86458 17.963 0.017 4.17 320.0
2458198.82052 17.944 0.016 4.16 322.0
2458199.76639 17.947 0.018 4.78 318.0
2458200.75105 17.918 0.020 5.56 399.0
2458200.86319 17.956 0.016 3.86 359.0
2458201.79721 17.977 0.024 6.27 343.0
2458201.91319 17.976 0.018 4.40 321.0
2458202.84028 17.954 0.017 4.29 361.0
2458203.78249 17.970 0.017 4.23 322.0
2458203.89876 17.979 0.017 4.25 307.0
2458204.82139 17.981 0.021 5.53 338.0
2458205.76159 17.962 0.024 6.14 436.0
2458205.88952 17.903 0.018 5.03 313.0
2458206.80238 17.938 0.017 4.05 421.0
2458206.92148 17.928 0.021 3.60 974.0
2458207.82842 17.961 0.019 4.30 446.0
2458208.74916 17.952 0.021 3.77 747.0
2458208.85552 17.943 0.020 4.05 559.0
2458209.77651 17.911 0.020 4.32 598.0
2458209.88375 17.960 0.018 3.77 506.0
2458210.78946 17.954 0.021 4.61 565.0
2458210.89673 17.956 0.018 4.03 521.0
2458211.80349 17.952 0.023 5.12 567.0
2458211.91256 17.900 0.020 4.35 575.0
2458212.79863 17.990 0.021 4.26 632.0
2458217.86182 17.941 0.016 4.25 316.0
2458220.76192 17.973 0.021 6.07 281.0
2458220.89772 17.936 0.017 4.67 312.0
2458221.78811 17.969 0.016 4.26 273.0
2458221.91433 17.925 0.017 4.07 328.0
2458222.79825 17.951 0.016 4.15 271.0
2458223.77999 17.969 0.018 4.27 305.0
2458223.91656 17.957 0.018 3.76 362.0
2458224.80333 18.008 0.019 5.11 345.0
2458225.79672 17.994 0.020 5.32 309.0
2458226.87172 17.917 0.019 5.52 309.0
2458227.74499 17.955 0.018 4.88 285.0
2458227.88723 17.955 0.017 4.04 306.0
2458228.79960 17.961 0.016 4.53 285.0
2458229.69826 17.957 0.017 4.71 330.0
2458229.82732 17.956 0.015 3.85 262.0
2458230.70040 18.068 0.021 5.15 351.0
2458230.82312 17.958 0.015 3.76 294.0
2458232.80321 17.989 0.018 4.21 345.0
2458233.72892 17.947 0.017 3.92 389.0
2458235.78901 17.957 0.017 3.74 532.0
2458236.78617 17.980 0.019 3.98 532.0
2458238.76052 17.965 0.020 3.75 670.0
2458238.88599 17.964 0.021 3.55 839.0
2458244.73413 17.991 0.019 4.58 399.0
2458244.85651 17.959 0.019 4.15 444.0
2458245.78827 17.899 0.026 5.98 474.0
2458245.90137 17.931 0.021 5.06 506.0
2458246.75634 17.923 0.024 6.16 407.0
2458246.87534 17.985 0.020 4.39 475.0
2458247.68024 17.919 0.019 4.97 409.0
2458247.79021 17.921 0.017 4.43 382.0
2458247.92050 17.908 0.031 7.19 492.0
2458249.64726 17.997 0.026 6.34 429.0
2458249.75597 17.954 0.017 4.74 295.0
2458249.88687 17.898 0.024 6.00 448.0
2458250.70151 17.943 0.014 3.58 263.0
2458250.83102 17.949 0.016 4.00 315.0
2458251.62630 17.963 0.023 7.25 266.0
2458251.73397 17.958 0.022 6.26 319.0
2458251.87072 17.949 0.019 4.97 368.0
2458252.89618 17.983 0.025 6.14 426.0
2458253.68300 17.967 0.017 4.68 333.0
2458253.81041 17.946 0.016 4.21 327.0
2458254.68920 17.952 0.015 3.90 311.0
2458254.83882 17.958 0.016 3.61 325.0
2458255.62771 17.937 0.018 4.79 321.0
2458255.76467 17.963 0.016 3.98 314.0
2458255.90630 17.988 0.023 5.58 422.0
2458256.68493 17.941 0.020 5.53 304.0
2458256.80871 17.981 0.022 5.20 389.0
2458256.93456 17.955 0.027 5.97 566.0
2458257.74521 17.927 0.018 5.46 285.0
2458257.86039 17.931 0.018 4.76 361.0
2458258.72569 17.948 0.016 4.51 278.0
2458258.85673 17.940 0.017 4.03 320.0
2458259.68718 17.962 0.016 4.35 365.0
2458259.81899 17.981 0.018 4.38 399.0
2458260.60207 17.979 0.020 4.38 548.0
2458260.90093 17.956 0.018 3.85 538.0
2458261.73234 17.921 0.015 3.66 324.0
2458261.88830 17.947 0.018 4.19 375.0
2458262.70977 17.942 0.015 3.94 302.0
2458262.84782 17.939 0.015 3.82 269.0
2458263.63035 17.943 0.016 3.45 431.0
2458263.75618 17.965 0.015 3.56 328.0
2458263.89245 17.963 0.016 4.41 290.0
2458264.76961 17.914 0.019 4.42 449.0
2458264.88739 17.967 0.021 4.80 480.0
2458265.66109 17.942 0.023 4.78 567.0
2458265.78273 17.972 0.018 3.57 513.0
2458266.64312 17.939 0.032 6.32 765.0
2458266.79566 17.917 0.027 5.63 675.0
2458271.65635 17.930 0.028 6.32 553.0
2458271.81710 17.949 0.026 5.71 564.0
2458272.64842 17.972 0.017 3.92 407.0
2458272.77115 17.968 0.021 4.95 423.0
2458272.88861 17.974 0.022 5.01 523.0
2458273.62275 17.953 0.019 4.79 392.0
2458273.75972 17.960 0.019 5.06 326.0
2458273.86249 17.958 0.025 6.20 428.0
2458274.60524 17.937 0.018 4.90 329.0
2458274.71974 17.972 0.023 6.23 351.0
2458274.84798 17.939 0.024 5.78 472.0
2458275.59846 17.948 0.019 4.92 388.0
2458275.73951 17.937 0.017 4.16 350.0
2458275.86077 17.894 0.019 4.74 450.0
2458276.60602 17.985 0.022 5.60 402.0
2458276.72871 17.958 0.015 3.69 313.0
2458276.84554 17.937 0.018 4.47 410.0
2458277.66324 17.951 0.015 4.20 278.0
2458277.78450 17.995 0.018 4.16 314.0
2458277.90329 17.933 0.019 4.36 484.0
2458278.59811 17.972 0.016 4.15 346.0
2458278.81485 17.956 0.016 3.92 454.0
2458282.61607 17.995 0.016 4.36 265.0
2458282.75387 17.934 0.014 4.31 262.0
2458282.88101 17.975 0.018 4.24 391.0
2458283.58028 17.942 0.017 4.85 283.0
2458283.70951 17.929 0.015 4.46 269.0
2458283.82512 17.968 0.019 4.83 359.0
2458284.54958 17.980 0.020 4.87 438.0
2458284.66895 17.942 0.016 4.65 300.0
2458284.79438 17.947 0.017 4.53 276.0
2458284.90372 17.954 0.021 4.78 453.0
2458285.79706 17.952 0.018 4.55 328.0
2458286.62768 17.952 0.016 4.77 240.0
2458286.77909 17.911 0.016 4.59 250.0
2458286.89619 17.954 0.020 5.06 393.0
2458287.62231 17.969 0.016 4.45 278.0
2458287.75530 17.967 0.015 3.99 234.0
2458287.89599 18.013 0.019 4.59 382.0
2458288.58939 17.944 0.018 5.25 301.0
2458288.73050 17.956 0.015 3.77 240.0
2458288.86763 17.972 0.024 5.60 442.0
2458289.58714 17.959 0.017 4.40 357.0
2458289.73818 17.927 0.018 5.04 290.0
2458289.85963 17.966 0.024 6.47 368.0
2458290.58614 17.946 0.018 4.50 365.0
2458290.73400 17.925 0.017 4.34 304.0
2458290.85656 17.972 0.024 6.11 439.0
2458291.62932 18.016 0.020 4.33 456.0
2458291.77156 17.923 0.018 4.29 386.0
2458291.89506 17.977 0.028 6.38 504.0
2458292.63500 17.978 0.022 5.67 365.0
2458292.77605 17.944 0.021 5.06 400.0
2458293.53271 17.962 0.030 6.46 611.0
2458293.65833 17.982 0.021 4.98 414.0
2458293.82722 17.999 0.036 7.51 668.0
2458294.66917 17.945 0.030 6.76 549.0
2458294.82794 17.918 0.033 6.62 834.0
2458299.57987 17.994 0.041 5.57 1595.0
2458301.63602 17.947 0.026 6.49 472.0
2458301.75530 17.960 0.025 5.96 454.0
2458302.60846 17.964 0.021 5.00 608.0
2458304.55616 18.022 0.030 7.65 355.0
2458304.66446 17.965 0.025 6.64 366.0
2458305.53969 18.014 0.027 6.46 415.0
2458305.68311 17.947 0.020 5.76 303.0
2458305.81337 17.966 0.028 7.41 374.0
2458306.65871 17.901 0.022 6.73 322.0
2458306.79426 17.976 0.026 6.55 383.0
2458307.51756 17.917 0.017 4.26 402.0
2458307.63977 17.939 0.015 4.52 265.0
2458307.76272 17.956 0.018 4.39 334.0
2458308.48607 17.979 0.022 5.79 374.0
2458308.59535 17.965 0.015 4.15 240.0
2458308.72709 17.924 0.020 5.75 303.0
2458308.83048 17.928 0.028 7.87 428.0
2458309.57121 17.944 0.015 4.08 276.0
2458309.70525 17.927 0.014 3.57 240.0
2458309.81448 17.981 0.022 6.01 395.0
2458310.53802 17.933 0.017 5.17 303.0
2458310.61685 17.935 0.013 3.76 290.0
2458310.70424 17.897 0.016 4.72 361.0
2458310.81586 17.940 0.023 6.77 375.0
2458311.55158 17.983 0.021 6.05 281.0
2458311.67264 17.930 0.016 4.28 272.0
2458311.79201 17.987 0.022 5.39 415.0
2458312.51756 17.888 0.017 4.30 343.0
2458312.63956 17.931 0.014 3.92 242.0
2458312.78418 17.962 0.017 4.84 288.0
2458313.51828 17.903 0.017 4.47 351.0
2458313.63433 17.945 0.014 3.83 243.0
2458313.75223 17.943 0.018 4.06 393.0
2458314.48617 17.961 0.019 4.63 374.0
2458314.59766 17.889 0.016 4.41 311.0
2458314.72770 17.931 0.017 4.47 325.0
2458316.48609 17.898 0.023 6.30 365.0
2458316.59817 17.954 0.018 4.98 327.0
2458316.73222 17.922 0.029 7.84 362.0
2458320.53588 17.900 0.019 5.41 384.0
2458320.66776 17.989 0.016 3.94 345.0
2458320.77689 17.980 0.018 4.51 327.0
2458321.60247 17.928 0.027 5.19 964.0
2458328.53576 17.973 0.023 5.15 527.0
2458328.64797 17.906 0.024 5.55 536.0
2458328.75892 17.911 0.032 6.51 784.0
2458329.55764 17.987 0.024 5.36 499.0
2458329.66957 17.959 0.019 4.05 474.0
2458330.47224 17.898 0.018 4.69 472.0
2458330.60214 17.952 0.026 5.44 862.0
2458331.58583 17.957 0.017 4.26 317.0
2458331.69695 17.963 0.018 4.34 394.0
2458332.58681 17.962 0.020 5.69 341.0
2458332.74454 17.959 0.029 6.65 522.0
2458333.56628 17.942 0.017 4.38 337.0
2458333.69101 17.961 0.018 4.67 325.0
2458334.61225 17.958 0.018 4.45 375.0
2458335.55539 17.910 0.020 4.84 447.0
2458336.49122 17.937 0.023 5.87 357.0
2458336.63340 17.933 0.016 4.38 238.0
2458338.50531 17.980 0.022 5.75 381.0
2458338.63342 17.936 0.018 4.92 307.0
2458339.52366 17.933 0.015 3.89 312.0
2458339.72705 17.931 0.018 5.15 274.0
2458340.61507 17.908 0.017 4.62 304.0
2458341.51391 17.958 0.018 4.20 352.0
2458341.64597 17.962 0.015 3.91 256.0
2458342.57239 17.951 0.019 4.86 319.0
2458343.52779 17.907 0.020 5.50 319.0
2458344.55930 17.931 0.017 4.63 285.0
2458344.73255 17.960 0.019 5.39 338.0
2458345.59965 17.914 0.018 4.95 294.0
2458346.50281 17.936 0.023 6.60 309.0
2458346.64708 17.969 0.017 4.89 233.0
2458347.54454 17.969 0.018 4.85 278.0
2458347.71322 17.922 0.019 6.17 309.0
2458348.61178 17.968 0.021 4.83 341.0
2458353.65687 17.942 0.032 6.61 636.0
2458355.62927 17.914 0.018 3.85 520.0
2458356.51890 17.955 0.023 5.14 520.0
2458357.48197 17.975 0.028 6.15 506.0
2458357.68928 17.970 0.026 5.80 627.0
2458358.62854 17.947 0.022 5.00 479.0
2458359.51920 17.917 0.018 4.96 329.0
2458359.68397 17.915 0.026 5.89 557.0
2458360.59440 17.892 0.024 5.91 454.0
2458361.60029 17.916 0.024 7.04 324.0
2458363.63654 17.900 0.017 5.54 266.0
2458364.55522 17.914 0.015 3.83 338.0
2458366.48281 17.946 0.019 5.12 334.0
2458367.48573 17.915 0.023 5.96 385.0
2458367.66022 17.946 0.018 5.23 321.0
2458368.61045 17.941 0.018 4.67 385.0
2458369.54323 17.910 0.017 4.11 333.0
2458370.51020 17.940 0.020 4.93 373.0
2458371.50021 17.886 0.016 3.80 357.0
2458372.48393 17.950 0.025 5.99 432.0
2458372.64633 17.936 0.022 5.33 442.0
2458375.48444 17.929 0.023 5.63 444.0
2458375.61783 17.959 0.023 6.36 346.0
2458376.56633 17.883 0.018 4.68 388.0
2458381.55075 17.870 0.027 3.74 1649.0
2458382.56803 17.865 0.019 4.16 570.0
2458383.60463 17.741 0.030 7.29 707.0
2458385.57869 17.715 0.015 3.91 568.0
2458392.49859 16.831 0.011 7.04 369.0
2458394.54951 16.149 0.006 6.44 357.0
2458398.49735 16.920 0.011 6.63 391.0
