2457445.90167 19.147 0.060 4.14 761.0
2457451.90185 19.103 0.066 4.49 847.0
2457456.81138 19.176 0.059 5.41 389.0
2457460.90791 19.193 0.050 3.73 523.0
2457465.82210 19.048 0.042 3.82 421.0
2457471.76325 19.215 0.078 5.11 659.0
2457474.84327 19.190 0.055 4.45 492.0
2457480.91058 19.151 0.066 5.89 375.0
2457486.75788 19.169 0.071 6.81 326.0
2457488.79600 19.092 0.042 4.73 300.0
2457492.75418 19.098 0.042 4.56 292.0
2457494.80749 19.082 0.037 4.15 258.0
2457498.73847 19.121 0.064 5.09 540.0
2457500.72803 19.210 0.069 4.71 619.0
2457508.71739 19.097 0.034 3.53 299.0
2457511.71815 19.079 0.039 4.10 294.0
2457522.80100 19.202 0.065 5.87 367.0
2457526.88581 18.969 0.059 5.90 492.0
2457534.71836 19.144 0.056 5.16 417.0
2457536.87089 19.166 0.057 4.46 519.0
2457546.86722 19.099 0.076 6.63 439.0
2457548.73548 19.230 0.035 3.78 233.0
2457550.71703 19.137 0.043 4.60 293.0
2457555.53795 19.136 0.070 5.39 638.0
2457557.65011 19.086 0.052 4.16 567.0
2457562.61421 19.108 0.098 5.23 1608.0
2457567.59621 19.186 0.056 4.88 430.0
2457568.75940 19.255 0.072 6.69 328.0
2457570.71429 19.093 0.042 5.32 215.0
2457575.77176 19.053 0.043 5.35 254.0
2457579.67683 18.935 0.038 5.50 278.0
2457584.76258 19.119 0.063 5.81 456.0
2457590.60596 19.128 0.049 4.23 457.0
2457593.78265 19.149 0.047 4.92 321.0
2457599.52256 19.029 0.061 6.47 312.0
2457599.60559 19.129 0.055 6.37 232.0
2457599.69949 18.974 0.049 5.79 277.0
2457600.53135 18.881 0.050 6.11 280.0
2457600.62662 19.061 0.055 6.60 249.0
2457600.68405 19.055 0.052 6.06 263.0
2457600.75442 19.043 0.065 6.92 577.0
2457601.69805 19.116 0.049 5.69 240.0
2457603.58560 19.118 0.044 5.37 222.0
2457605.49344 19.061 0.042 5.16 240.0
2457607.67770 19.101 0.048 5.72 214.0
2457610.47937 19.081 0.061 6.18 322.0
2457612.68149 19.084 0.097 5.38 1352.0
2457618.52659 19.068 0.065 5.23 528.0
2457622.61970 19.125 0.053 4.94 346.0
2457625.53793 19.212 0.052 5.06 317.0
2457631.60440 19.219 0.049 4.82 277.0
2457636.53984 19.295 0.083 7.16 319.0
2457643.59561 18.960 0.078 6.92 548.0
2457649.60339 19.020 0.048 4.37 585.0
2457653.59300 18.884 0.048 6.21 337.0
2457659.49106 19.230 0.069 5.65 393.0
2457796.88723 19.151 0.058 3.80 740.0
2457801.89423 19.214 0.084 4.46 989.0
2457809.82659 19.135 0.059 5.50 453.0
2457812.84431 19.096 0.044 4.09 387.0
2457815.90348 19.162 0.050 4.73 376.0
2457818.84631 19.138 0.044 4.30 351.0
2457820.89562 19.063 0.039 3.91 326.0
2457823.84458 19.071 0.052 4.20 524.0
2457825.89150 19.026 0.046 4.11 487.0
2457827.89890 19.212 0.056 4.48 448.0
2457830.83035 18.895 0.066 4.49 1281.0
2457835.75966 18.997 0.055 6.54 275.0
2457837.78833 19.113 0.047 5.25 252.0
2457839.78336 19.096 0.037 4.13 232.0
2457841.79216 18.936 0.053 6.80 259.0
2457843.74127 19.130 0.051 5.44 269.0
2457844.88541 19.174 0.068 7.26 257.0
2457846.83975 19.017 0.039 4.67 245.0
2457848.77199 19.087 0.049 5.68 254.0
2457849.90580 19.016 0.035 3.98 251.0
2457851.81548 19.085 0.049 4.88 350.0
2457854.73799 19.172 0.058 4.40 577.0
2457855.89075 19.163 0.049 3.70 532.0
2457858.80408 19.163 0.052 4.50 474.0
2457862.78459 19.008 0.052 5.76 327.0
2457865.69368 19.109 0.040 4.17 293.0
2457866.80703 19.097 0.036 3.70 275.0
2457867.93297 19.072 0.080 4.79 1042.0
2457869.87929 19.040 0.037 3.70 314.0
2457871.77374 19.078 0.036 3.56 297.0
2457872.92286 19.129 0.042 3.78 372.0
2457874.73767 18.936 0.057 6.67 311.0
2457875.92829 19.057 0.053 4.82 453.0
2457877.71836 19.182 0.043 3.79 338.0
2457878.89125 19.062 0.037 3.63 353.0
2457880.74419 18.958 0.050 5.25 392.0
2457882.70153 19.055 0.074 6.76 481.0
2457890.73167 19.171 0.056 4.71 450.0
2457893.83827 19.113 0.052 5.19 327.0
2457894.83647 19.040 0.040 4.13 323.0
2457897.82693 19.048 0.059 6.16 424.0
2457902.69200 19.140 0.041 4.37 266.0
2457903.86953 19.134 0.065 6.09 370.0
2457904.86489 19.091 0.043 4.38 335.0
2457905.83193 19.111 0.043 3.96 371.0
2457906.79781 19.090 0.043 3.99 373.0
2457907.88224 19.100 0.056 4.69 664.0
2457908.89064 18.953 0.061 6.09 491.0
2457909.81460 19.077 0.048 3.98 496.0
2457910.71917 19.217 0.050 3.91 435.0
2457911.59771 19.128 0.086 6.22 675.0
2457917.62834 19.151 0.062 5.25 418.0
2457918.65566 19.242 0.076 4.77 732.0
2457922.73423 19.058 0.056 5.74 347.0
2457923.85811 18.977 0.057 5.64 429.0
2457923.87650 19.089 0.076 6.76 481.0
2457924.82288 19.083 0.047 4.20 408.0
2457925.86377 18.972 0.059 6.53 393.0
2457928.62615 19.005 0.054 5.91 344.0
2457934.55117 19.009 0.040 4.61 296.0
2457935.55186 19.070 0.042 4.29 318.0
2457936.54440 19.050 0.049 5.11 329.0
2457937.53311 19.052 0.058 5.46 437.0
2457938.55653 19.204 0.063 5.13 426.0
2457944.66832 19.084 0.051 4.17 505.0
2457945.58158 19.183 0.055 4.65 409.0
2457946.51494 19.057 0.045 4.84 299.0
2457947.55509 19.036 0.055 6.35 301.0
2457948.56669 19.119 0.045 5.01 250.0
2457949.61411 19.116 0.060 5.22 443.0
2457953.52571 19.119 0.046 4.74 296.0
2457954.54297 19.099 0.041 4.13 335.0
2457956.53159 19.168 0.051 4.57 359.0
2457957.71262 19.125 0.055 5.83 291.0
2457959.51807 19.089 0.043 4.67 299.0
2457960.53676 19.126 0.042 4.53 253.0
2457961.61536 19.088 0.043 5.10 298.0
2457964.54110 19.237 0.058 4.82 381.0
2457965.71076 19.038 0.053 5.09 510.0
2457967.69349 19.008 0.065 6.11 474.0
2457971.71278 19.022 0.082 6.20 731.0
2457973.54318 18.899 0.070 6.71 558.0
2457974.64838 19.061 0.064 5.73 437.0
2457979.64771 19.085 0.041 4.05 332.0
2457981.63405 19.049 0.048 4.75 379.0
2457983.58220 19.096 0.046 4.49 314.0
2457985.54517 18.986 0.067 7.28 337.0
2457987.57690 19.049 0.039 3.98 362.0
2457991.54787 19.109 0.059 5.98 322.0
2457993.53038 19.055 0.050 5.11 357.0
2457998.50154 19.030 0.050 4.29 512.0
2458000.62575 19.086 0.096 7.17 664.0
2458003.59258 19.052 0.087 7.14 539.0
2458008.56249 18.997 0.058 6.43 314.0
2458013.53110 19.143 0.052 4.76 396.0
2458016.54651 19.081 0.062 6.35 352.0
2458020.54917 19.133 0.055 4.52 380.0
2458029.56400 19.073 0.072 5.03 703.0
2458168.85741 19.187 0.050 4.39 340.0
2458172.84746 19.142 0.052 4.70 373.0
2458175.87937 19.111 0.044 4.36 328.0
2458183.80921 19.027 0.067 5.50 642.0
2458189.82385 19.105 0.043 4.16 335.0
2458191.90291 19.057 0.042 4.24 319.0
2458194.84740 19.168 0.040 3.88 248.0
2458196.90690 19.140 0.044 4.13 299.0
2458199.74983 19.076 0.055 5.86 312.0
2458201.79891 18.984 0.057 6.47 315.0
2458203.78420 19.085 0.042 4.47 295.0
2458205.76329 19.202 0.072 6.03 410.0
2458207.73924 19.091 0.063 5.38 620.0
2458208.87255 19.032 0.045 3.75 507.0
2458210.80662 19.096 0.048 3.89 527.0
2458217.88054 19.170 0.053 5.22 292.0
2458221.82463 19.161 0.039 3.92 240.0
2458223.83059 19.237 0.056 5.14 270.0
2458225.87953 19.150 0.073 6.74 324.0
2458227.92106 19.038 0.042 4.03 340.0
2458229.86477 19.128 0.039 4.09 252.0
2458232.85809 19.097 0.038 3.65 283.0
2458238.69779 19.128 0.074 4.80 827.0
2458244.79281 19.106 0.047 4.33 382.0
2458246.72686 19.099 0.048 4.71 344.0
2458247.75869 19.083 0.039 3.99 312.0
2458249.72673 19.118 0.052 5.46 307.0
2458250.79061 19.067 0.034 3.72 282.0
2458253.76975 19.093 0.036 3.63 332.0
2458254.92959 19.066 0.041 3.43 448.0
2458256.65559 19.026 0.058 5.93 318.0
2458257.71494 19.130 0.050 5.18 272.0
2458258.81956 19.151 0.039 3.52 278.0
2458259.92671 19.036 0.060 5.43 462.0
2458261.87457 19.055 0.043 4.11 342.0
2458262.93444 19.061 0.051 4.30 486.0
2458264.75113 19.079 0.041 3.55 442.0
2458265.76819 19.050 0.043 3.70 501.0
2458271.64158 19.094 0.066 5.51 517.0
2458272.77274 19.083 0.058 5.34 395.0
2458273.76131 19.113 0.044 4.61 295.0
2458274.72162 19.066 0.057 6.12 316.0
2458275.74125 19.070 0.042 4.24 320.0
2458276.73078 19.072 0.037 3.91 268.0
2458277.78605 19.056 0.037 3.50 288.0
2458282.53829 19.135 0.065 6.16 371.0
2458283.53071 19.077 0.054 5.37 392.0
2458283.89249 19.039 0.064 6.03 443.0
2458284.86045 19.094 0.044 4.36 327.0
2458286.73338 19.029 0.038 4.43 227.0
2458287.74115 18.970 0.032 4.11 225.0
2458288.76123 19.038 0.038 4.11 248.0
2458289.77224 19.003 0.038 4.20 298.0
2458290.79423 18.967 0.050 5.52 361.0
2458291.83060 19.001 0.040 3.95 364.0
2458292.85394 19.017 0.050 5.02 396.0
2458301.61252 18.825 0.062 6.86 445.0
2458304.51829 18.845 0.065 7.15 431.0
2458305.59856 18.622 0.045 7.59 253.0
2458306.75314 18.570 0.045 7.20 333.0
2458307.70143 18.459 0.022 3.84 253.0
2458308.67110 18.393 0.023 4.70 225.0
2458309.65691 18.283 0.021 4.19 248.0
2458310.58093 18.172 0.021 4.56 304.0
2458311.51877 18.033 0.023 5.76 285.0
2458312.51906 18.030 0.020 4.52 315.0
2458313.51977 18.012 0.019 4.65 314.0
2458314.52006 18.107 0.020 4.77 277.0
2458316.51881 18.327 0.025 4.75 325.0
2458320.55297 18.657 0.035 5.16 346.0
2458329.48769 18.928 0.049 5.36 367.0
2458330.52792 19.030 0.038 4.22 330.0
2458332.50508 18.957 0.044 4.96 324.0
2458333.62853 19.152 0.041 4.37 259.0
2458335.60059 19.128 0.049 4.76 410.0
2458338.54182 18.951 0.053 6.40 300.0
2458340.47515 19.013 0.056 5.58 376.0
2458341.73279 19.020 0.038 4.54 238.0
2458344.60571 19.011 0.045 4.64 315.0
2458346.54489 19.114 0.046 5.50 243.0
2458348.55355 19.084 0.063 5.68 380.0
2458353.59933 19.281 0.102 6.87 524.0
2458356.66103 19.022 0.046 3.98 549.0
2458359.48525 19.050 0.047 4.89 319.0
2458361.60169 19.185 0.071 6.75 301.0
2458366.50119 19.023 0.041 4.68 257.0
2458368.62163 19.083 0.040 3.88 365.0
2458371.50160 19.037 0.037 3.73 326.0
2458375.48587 19.087 0.071 6.78 403.0
2458382.60146 19.161 0.058 3.69 723.0
2458384.56720 19.044 0.055 4.19 576.0
2458387.48761 19.366 0.079 4.73 551.0
2458393.55399 19.015 0.055 5.52 349.0
2458401.55678 19.034 0.065 6.02 592.0
