2457429.88167 20.250 0.247 6.76 704.0
2457431.86714 20.382 0.167 5.09 543.0
2457433.89042 20.438 0.267 5.58 968.0
2457436.86927 19.991 0.186 7.31 452.0
2457437.86486 20.161 0.151 6.19 377.0
2457438.87640 20.370 0.256 7.42 445.0
2457440.85279 20.446 0.190 4.13 736.0
2457441.85330 20.159 0.162 4.82 707.0
2457442.87307 20.362 0.191 4.77 636.0
2457443.88094 20.338 0.194 5.45 552.0
2457444.85865 20.300 0.193 5.91 525.0
2457445.84994 20.139 0.149 5.50 519.0
2457446.86266 20.435 0.161 4.82 485.0
2457447.86116 20.536 0.182 4.75 442.0
2457448.86897 20.244 0.172 5.48 644.0
2457452.83192 20.163 0.108 4.19 432.0
2457453.82896 19.921 0.080 3.97 394.0
2457454.90596 20.042 0.173 5.89 664.0
2457456.81359 20.346 0.200 6.25 473.0
2457457.80285 20.162 0.159 5.36 517.0
2457458.79968 19.910 0.169 7.49 438.0
2457460.79941 20.415 0.184 5.74 433.0
2457461.78617 20.288 0.138 4.70 430.0
2457462.78922 20.309 0.154 4.79 479.0
2457462.90791 20.296 0.156 4.40 589.0
2457464.84400 20.178 0.134 5.41 455.0
2457465.87006 20.094 0.149 6.26 447.0
2457467.80424 20.097 0.151 5.90 521.0
2457470.75920 20.416 0.289 6.53 715.0
2457470.89017 20.238 0.156 5.49 503.0
2457471.84657 20.151 0.182 5.85 574.0
2457472.79526 20.026 0.243 7.90 590.0
2457473.75688 20.135 0.211 5.82 910.0
2457474.79852 20.635 0.253 5.78 567.0
2457474.90106 20.540 0.204 5.30 504.0
2457475.83020 19.907 0.175 7.02 582.0
2457476.80903 20.393 0.197 5.39 585.0
2457484.74156 20.157 0.170 6.90 378.0
2457484.84494 20.231 0.155 6.17 364.0
2457485.75993 20.391 0.212 6.98 340.0
2457485.86486 20.645 0.203 5.56 342.0
2457486.76634 20.346 0.186 5.97 395.0
2457486.87522 20.100 0.139 5.76 383.0
2457487.76004 20.272 0.163 6.07 404.0
2457487.87430 20.518 0.230 6.70 414.0
2457488.76052 20.101 0.118 5.64 342.0
2457488.88400 20.279 0.121 4.14 443.0
2457489.90753 20.617 0.184 4.76 408.0
2457491.77281 20.175 0.169 6.73 379.0
2457491.89318 20.401 0.116 4.11 323.0
2457492.76118 20.582 0.175 5.01 361.0
2457492.88078 20.389 0.121 4.15 382.0
2457493.74893 20.444 0.180 5.81 347.0
2457493.86777 20.528 0.120 4.41 288.0
2457494.73015 20.600 0.190 5.32 364.0
2457494.85337 20.400 0.136 4.74 350.0
2457495.70144 20.240 0.201 6.47 488.0
2457495.80969 19.965 0.133 6.38 366.0
2457495.92202 20.285 0.147 5.15 404.0
2457498.70316 20.117 0.188 6.32 594.0
2457498.83987 20.322 0.199 5.71 515.0
2457499.69394 20.040 0.179 6.10 695.0
2457499.79399 20.774 0.249 5.39 512.0
2457499.89522 20.627 0.222 5.13 501.0
2457500.73522 20.530 0.271 5.66 634.0
2457500.83436 20.272 0.177 5.22 564.0
2457507.74466 20.123 0.126 4.83 468.0
2457507.84393 20.255 0.143 3.98 745.0
2457508.66996 20.114 0.116 5.11 365.0
2457508.79303 20.689 0.167 4.52 370.0
2457508.89448 20.091 0.118 4.73 427.0
2457509.78726 20.109 0.135 5.52 387.0
2457509.88983 20.266 0.146 5.25 418.0
2457511.74091 20.432 0.127 4.30 358.0
2457511.86223 20.254 0.117 4.20 400.0
2457512.82014 20.232 0.109 4.48 345.0
2457516.63888 19.968 0.150 6.77 452.0
2457516.65358 20.322 0.176 6.22 408.0
2457518.82838 20.404 0.206 5.78 562.0
2457522.86758 20.376 0.268 7.29 504.0
2457523.86615 20.336 0.150 5.32 393.0
2457526.63479 20.150 0.181 5.85 618.0
2457526.88066 20.375 0.219 6.33 492.0
2457528.87145 20.210 0.178 5.31 662.0
2457529.77007 19.840 0.153 6.14 635.0
2457530.71880 20.429 0.226 5.07 791.0
2457530.86151 20.146 0.162 4.84 720.0
2457534.71339 20.444 0.219 6.04 521.0
2457534.82442 20.158 0.135 4.92 543.0
2457536.59754 19.999 0.158 6.85 415.0
2457536.71404 20.228 0.147 5.48 390.0
2457536.82347 20.597 0.218 5.66 415.0
2457545.67053 20.765 0.223 5.57 351.0
2457545.86669 20.405 0.174 5.67 383.0
2457546.64501 20.121 0.162 7.27 347.0
2457546.79139 20.431 0.159 5.14 337.0
2457547.56340 20.033 0.200 8.15 411.0
2457547.64341 20.371 0.183 6.84 305.0
2457547.78526 20.327 0.149 5.93 296.0
2457547.88388 19.953 0.163 7.67 376.0
2457548.77724 20.381 0.123 4.73 411.0
2457549.64049 20.191 0.118 5.61 291.0
2457549.79648 20.263 0.137 5.93 310.0
2457549.89443 20.051 0.146 6.98 369.0
2457550.64887 20.741 0.211 5.40 330.0
2457550.78909 20.313 0.140 5.13 411.0
2457550.88735 20.202 0.201 6.72 541.0
2457554.68936 20.253 0.135 5.70 361.0
2457555.58408 20.223 0.162 5.39 550.0
2457555.79547 20.413 0.160 4.91 419.0
2457555.91534 20.189 0.183 6.36 496.0
2457557.62771 20.494 0.221 4.94 612.0
2457557.74767 20.082 0.158 5.71 649.0
2457557.88919 20.088 0.180 5.85 733.0
2457561.75865 20.717 0.241 4.62 660.0
2457566.60065 20.089 0.195 7.69 418.0
2457566.71145 20.268 0.154 5.88 323.0
2457566.81205 20.390 0.203 6.19 485.0
2457567.52047 20.078 0.206 7.19 581.0
2457567.63056 20.219 0.147 4.97 491.0
2457567.74210 20.316 0.135 4.72 411.0
2457568.61449 20.287 0.139 5.46 330.0
2457569.64229 20.386 0.150 5.21 356.0
2457569.75697 20.496 0.177 5.71 344.0
2457570.77135 20.363 0.154 5.88 361.0
2457573.60934 20.423 0.170 5.95 305.0
2457575.75746 20.252 0.108 4.61 306.0
2457576.76693 20.099 0.100 4.85 298.0
2457581.78054 20.370 0.167 6.01 401.0
2457584.68678 20.118 0.161 6.13 428.0
2457589.68997 19.990 0.148 5.20 738.0
2457590.70035 20.215 0.154 5.15 516.0
2457593.68084 20.378 0.129 4.96 305.0
2457599.54444 20.432 0.212 5.72 369.0
2457600.78414 19.931 0.176 7.96 392.0
2457602.74714 20.016 0.151 6.69 384.0
2457603.78741 20.482 0.212 7.03 349.0
2457605.49246 20.336 0.152 5.63 315.0
2457606.70962 20.543 0.283 8.15 325.0
2457608.52732 20.350 0.150 5.43 312.0
2457609.66516 20.442 0.161 5.63 327.0
2457611.63860 19.911 0.131 6.51 367.0
2457612.75189 20.480 0.241 6.53 453.0
2457617.62301 20.111 0.185 5.98 612.0
2457618.73644 20.134 0.287 7.21 952.0
2457622.59479 20.312 0.144 4.93 368.0
2457624.49569 20.299 0.180 6.42 368.0
2457626.50049 20.386 0.181 5.93 383.0
2457631.52905 20.053 0.099 4.60 335.0
2457633.60099 20.369 0.204 6.79 342.0
2457636.61391 20.381 0.195 6.52 361.0
2457647.49310 20.117 0.240 6.84 658.0
2457649.60266 20.712 0.222 4.94 531.0
2457651.48308 20.487 0.203 5.33 546.0
2457652.54842 19.979 0.109 5.59 360.0
2457653.58768 20.190 0.135 5.74 357.0
2457655.58985 19.923 0.148 7.39 387.0
2457657.57719 20.684 0.229 5.92 404.0
2457660.52690 20.089 0.171 6.54 442.0
2457661.57309 20.238 0.210 7.73 422.0
2457666.48872 20.027 0.206 7.40 588.0
2457671.53438 20.224 0.213 6.81 600.0
2457679.51361 20.043 0.224 8.04 498.0
2457799.88645 20.109 0.207 5.99 786.0
2457807.84689 20.112 0.163 6.40 423.0
2457810.86992 20.319 0.154 5.34 400.0
2457814.85928 20.005 0.110 5.22 391.0
2457817.84406 20.496 0.185 5.20 479.0
2457819.87703 20.119 0.113 4.87 355.0
2457822.84344 20.255 0.188 5.72 564.0
2457824.88435 20.296 0.179 5.15 544.0
2457826.89445 20.253 0.169 5.35 548.0
2457828.91179 20.434 0.220 5.46 658.0
2457834.79857 20.292 0.282 6.11 1041.0
2457835.89084 20.571 0.234 6.42 367.0
2457837.79580 20.107 0.136 6.32 325.0
2457838.86640 20.156 0.120 5.01 361.0
2457840.74865 20.583 0.252 6.78 379.0
2457842.85477 19.947 0.125 6.43 354.0
2457843.89714 20.203 0.123 5.54 291.0
2457845.73785 20.111 0.188 7.55 383.0
2457846.80098 20.122 0.124 5.74 309.0
2457847.83659 20.019 0.116 5.76 323.0
2457848.86613 20.285 0.109 4.55 288.0
2457849.89643 20.327 0.096 3.83 296.0
2457851.72769 20.353 0.256 6.68 597.0
2457852.83478 20.178 0.170 7.03 406.0
2457854.76050 20.499 0.207 5.12 590.0
2457855.80623 20.177 0.140 4.33 574.0
2457856.83249 19.813 0.160 6.90 547.0
2457862.71325 20.306 0.168 5.40 449.0
2457863.78508 20.738 0.241 5.89 374.0
2457864.74345 20.480 0.136 4.81 316.0
2457865.76151 20.377 0.129 4.28 333.0
2457866.77371 20.647 0.186 5.45 338.0
2457867.80224 20.315 0.101 3.93 301.0
2457868.89563 20.613 0.287 6.96 403.0
2457869.90263 20.507 0.130 3.76 380.0
2457870.92937 20.233 0.162 4.45 622.0
2457872.68113 20.394 0.136 4.58 377.0
2457873.69883 20.243 0.123 4.89 379.0
2457874.67437 20.152 0.166 6.60 414.0
2457874.92999 20.317 0.190 5.46 542.0
2457876.71696 20.502 0.192 5.23 453.0
2457877.69429 20.232 0.133 4.81 420.0
2457878.73223 20.299 0.118 4.04 430.0
2457879.70724 20.447 0.212 5.98 457.0
2457880.75112 20.172 0.169 6.10 454.0
2457881.84749 20.372 0.188 5.22 495.0
2457882.85503 20.299 0.167 4.67 588.0
2457893.75633 20.421 0.205 6.18 413.0
2457894.63837 20.139 0.160 6.30 451.0
2457894.89083 20.485 0.168 4.78 399.0
2457897.69448 20.534 0.225 6.23 374.0
2457901.80159 20.043 0.129 5.69 369.0
2457902.76908 20.119 0.111 4.77 347.0
2457903.84615 20.471 0.221 6.28 409.0
2457904.76186 20.362 0.120 4.56 296.0
2457905.61561 20.596 0.206 5.76 383.0
2457905.87159 20.237 0.128 4.38 423.0
2457906.77335 20.522 0.154 4.38 387.0
2457907.66225 20.884 0.269 4.53 585.0
2457908.61289 19.976 0.144 5.56 571.0
2457908.86692 20.553 0.182 5.00 413.0
2457909.74329 20.178 0.117 4.03 478.0
2457909.94594 20.311 0.254 6.15 880.0
2457910.78596 20.344 0.135 3.94 487.0
2457911.65170 20.551 0.242 5.65 572.0
2457917.68375 20.193 0.137 4.61 479.0
2457922.62819 20.185 0.170 6.43 415.0
2457923.64300 20.859 0.280 5.90 387.0
2457923.89907 20.495 0.289 6.82 520.0
2457924.73834 20.309 0.134 3.91 368.0
2457925.63546 20.226 0.133 5.33 337.0
2457926.84558 20.256 0.198 6.87 408.0
2457928.63544 20.351 0.175 5.76 408.0
2457932.67507 20.254 0.214 7.47 372.0
2457933.79979 20.295 0.193 7.03 336.0
2457934.72754 20.413 0.144 4.87 333.0
2457935.56019 20.828 0.226 4.93 380.0
2457935.81724 20.671 0.157 4.56 305.0
2457936.72032 20.330 0.163 6.04 319.0
2457937.54197 20.702 0.254 5.36 491.0
2457937.80007 20.271 0.182 6.80 334.0
2457944.48567 20.298 0.229 5.50 832.0
2457944.57958 20.095 0.151 4.66 667.0
2457944.70184 20.270 0.186 5.06 631.0
2457944.80380 20.213 0.222 5.89 800.0
2457945.65322 20.417 0.153 4.48 453.0
2457946.49133 20.122 0.149 5.97 377.0
2457946.75733 20.536 0.196 5.31 404.0
2457948.58481 20.055 0.105 5.06 317.0
2457948.84578 20.008 0.157 6.77 516.0
2457952.66873 20.560 0.171 4.73 330.0
2457953.56221 20.559 0.166 5.02 333.0
2457954.46505 20.296 0.232 5.20 904.0
2457954.76299 20.437 0.162 5.33 382.0
2457956.58002 20.457 0.134 4.49 320.0
2457957.65480 20.478 0.170 5.38 326.0
2457958.67593 20.251 0.191 7.10 340.0
2457959.57544 20.338 0.128 4.86 326.0
2457959.80529 20.321 0.195 6.93 366.0
2457960.73467 20.283 0.141 5.79 333.0
2457961.71947 20.128 0.137 5.91 422.0
2457963.62488 20.538 0.168 4.63 411.0
2457966.56581 20.271 0.179 6.44 375.0
2457967.61855 20.304 0.191 6.19 417.0
2457972.62445 20.553 0.297 5.99 624.0
2457972.73929 20.134 0.266 7.10 839.0
2457974.50982 20.149 0.152 5.46 471.0
2457975.47093 20.007 0.232 7.23 741.0
2457979.66629 20.332 0.127 4.33 371.0
2457981.51396 20.693 0.231 5.58 395.0
2457982.58365 20.391 0.171 5.59 347.0
2457983.63655 20.147 0.109 4.92 322.0
2457985.51585 20.223 0.240 7.86 432.0
2457986.62574 20.487 0.150 4.93 320.0
2457991.56591 20.029 0.148 6.58 369.0
2457992.62591 20.558 0.180 5.15 367.0
2457994.50359 20.404 0.179 5.37 427.0
2458000.54050 20.293 0.215 6.22 526.0
2458001.47500 20.278 0.263 5.43 1162.0
2458002.57199 20.124 0.244 5.93 907.0
2458004.60461 20.166 0.186 6.44 477.0
2458010.49499 19.918 0.201 8.24 474.0
2458012.58264 20.349 0.160 5.04 473.0
2458017.54880 20.301 0.158 5.67 395.0
2458020.54232 20.385 0.184 5.13 402.0
2458030.52884 20.393 0.215 5.08 819.0
2458040.54291 19.996 0.173 6.49 561.0
2458163.87991 20.198 0.148 4.98 522.0
2458165.89115 20.196 0.172 5.20 687.0
2458167.87277 20.246 0.155 5.56 420.0
2458169.84282 20.290 0.187 6.05 454.0
2458170.86319 19.977 0.103 4.75 419.0
2458171.88476 20.020 0.110 4.40 448.0
2458173.82987 20.073 0.138 4.99 565.0
2458174.84091 19.690 0.101 5.12 581.0
2458175.86281 19.923 0.092 4.63 403.0
2458176.86847 19.602 0.075 4.62 444.0
2458181.87650 19.218 0.065 5.18 585.0
2458183.84816 18.761 0.051 5.96 550.0
2458184.89934 18.770 0.048 5.08 609.0
2458189.78904 19.097 0.053 4.91 465.0
2458190.87628 19.243 0.040 3.83 324.0
2458192.85176 19.512 0.068 4.75 380.0
2458194.80777 19.704 0.082 5.21 342.0
2458195.90021 19.827 0.076 4.21 341.0
2458197.79600 19.945 0.106 5.34 369.0
2458198.86815 19.901 0.102 5.10 414.0
2458200.77919 20.005 0.127 5.62 439.0
2458201.83607 19.961 0.108 5.48 347.0
2458202.88901 20.129 0.100 4.30 370.0
2458204.75348 20.322 0.249 7.02 571.0
2458205.79897 19.974 0.188 7.75 449.0
2458206.85617 20.274 0.112 4.23 392.0
2458207.90825 20.331 0.114 4.16 360.0
2458209.73438 19.871 0.138 5.03 788.0
2458210.73353 20.000 0.162 5.54 756.0
2458211.75073 20.143 0.224 6.81 643.0
2458212.75785 19.856 0.117 4.74 697.0
2458217.79916 20.249 0.174 6.12 402.0
2458220.84711 20.535 0.140 4.84 293.0
2458221.89097 20.438 0.137 4.42 339.0
2458222.91615 20.148 0.132 4.94 396.0
2458224.79661 20.460 0.155 4.88 376.0
2458226.88107 20.477 0.174 5.50 337.0
2458227.91249 20.511 0.172 4.93 359.0
2458229.74715 20.549 0.147 4.74 322.0
2458230.75727 20.216 0.146 5.97 347.0
2458233.69098 20.659 0.233 5.23 502.0
2458236.74251 20.310 0.168 4.24 716.0
2458238.87926 20.172 0.132 3.85 650.0
2458244.86539 20.101 0.157 4.45 787.0
2458247.85033 20.253 0.144 4.71 476.0
2458249.70255 20.246 0.170 6.49 374.0
2458250.64220 20.203 0.114 4.98 353.0
2458250.90473 20.374 0.148 4.92 389.0
2458251.82606 19.474 0.089 6.38 363.0
2458253.65991 20.213 0.133 5.35 365.0
2458254.68263 20.593 0.158 4.61 347.0
2458255.63762 20.765 0.216 5.06 358.0
2458255.93021 20.416 0.188 5.34 462.0
2458256.85761 20.611 0.208 5.04 431.0
2458257.80414 20.009 0.122 5.69 341.0
2458258.81015 20.412 0.125 3.89 323.0
2458259.79414 20.256 0.123 4.24 412.0
2458260.89398 20.160 0.117 4.07 508.0
2458261.88182 20.126 0.111 4.29 376.0
2458262.85676 20.680 0.149 4.11 301.0
2458263.79267 20.455 0.116 3.87 337.0
2458264.81355 20.193 0.119 3.85 492.0
2458265.72434 20.164 0.150 5.04 517.0
2458266.74651 20.462 0.244 5.88 579.0
2458272.79750 20.536 0.168 4.11 481.0
2458273.66382 20.191 0.123 4.79 395.0
2458273.91087 20.194 0.148 4.90 482.0
2458274.79031 20.198 0.171 6.24 419.0
2458275.68095 20.572 0.168 5.14 343.0
2458276.82272 20.373 0.140 4.54 402.0
2458277.76236 20.220 0.107 4.19 314.0
2458278.59181 20.152 0.109 4.82 372.0
2458282.64195 20.218 0.111 5.05 303.0
2458282.91871 20.579 0.175 4.44 447.0
2458283.77191 20.298 0.118 4.19 353.0
2458284.60689 20.208 0.141 6.20 313.0
2458284.86935 20.149 0.103 4.08 359.0
2458286.62150 20.361 0.125 5.06 270.0
2458286.90949 20.552 0.196 5.71 397.0
2458287.79564 20.312 0.123 4.99 270.0
2458288.66368 20.371 0.116 4.23 280.0
2458289.53371 20.333 0.177 5.40 484.0
2458289.82204 20.596 0.202 5.69 349.0
2458290.72794 20.667 0.194 4.77 363.0
2458291.63844 20.596 0.199 5.01 439.0
2458292.54999 20.545 0.226 5.21 518.0
2458292.84163 20.488 0.159 4.64 372.0
2458293.74789 20.399 0.223 6.02 476.0
2458294.80230 20.358 0.274 6.79 741.0
2458301.61462 20.158 0.232 7.37 532.0
2458302.58014 20.356 0.152 5.24 464.0
2458304.63832 20.142 0.180 6.97 396.0
2458305.67495 20.356 0.137 4.85 337.0
2458306.68158 20.041 0.160 6.96 367.0
2458307.51167 20.551 0.198 5.20 434.0
2458307.78157 20.379 0.143 4.99 352.0
2458308.64732 20.542 0.138 4.57 281.0
2458309.51762 20.344 0.137 5.05 345.0
2458309.77771 20.386 0.141 5.11 361.0
2458310.61035 20.515 0.135 4.54 298.0
2458310.82540 20.493 0.242 6.97 409.0
2458311.70865 20.146 0.090 3.79 295.0
2458312.57824 20.105 0.106 4.50 320.0
2458313.48242 20.503 0.163 4.36 456.0
2458313.73034 20.231 0.107 3.65 349.0
2458314.60778 20.600 0.157 4.52 327.0
2458316.49559 20.106 0.180 6.94 402.0
2458316.75580 19.871 0.172 7.75 412.0
2458320.70923 20.216 0.095 3.68 335.0
2458328.48085 20.426 0.279 6.43 648.0
2458328.72173 20.356 0.228 5.37 659.0
2458329.64835 20.198 0.144 4.70 492.0
2458330.59493 19.883 0.144 5.25 963.0
2458331.69122 20.646 0.226 5.38 411.0
2458332.75426 20.182 0.193 6.30 524.0
2458333.74868 20.532 0.156 4.39 458.0
2458335.54976 20.465 0.166 4.45 484.0
2458336.62778 20.589 0.151 4.95 276.0
2458338.64366 20.379 0.137 4.81 334.0
2458341.56453 20.359 0.111 3.98 308.0
2458342.64707 20.116 0.127 5.07 357.0
2458344.69432 20.411 0.151 4.47 349.0
2458346.47488 20.193 0.216 6.34 557.0
2458347.53800 20.322 0.128 5.12 299.0
2458348.62171 20.445 0.185 5.03 360.0
2458355.67044 20.098 0.139 4.68 575.0
2458358.69164 20.419 0.259 6.81 564.0
2458360.55783 19.988 0.142 5.80 426.0
2458363.57809 20.434 0.148 4.68 336.0
2458366.49353 20.143 0.174 7.08 328.0
2458368.47236 19.829 0.205 4.77 1977.0
2458369.63750 20.441 0.160 5.48 357.0
2458371.58284 20.176 0.122 4.86 333.0
2458373.55335 20.116 0.157 5.90 355.0
2458376.52733 20.229 0.183 6.45 384.0
2458377.62731 20.465 0.259 6.13 629.0
2458382.60698 20.535 0.236 3.78 994.0
2458383.59882 19.739 0.153 6.47 654.0
2458385.58856 20.303 0.123 3.82 531.0
2458392.57927 20.251 0.159 5.49 403.0
2458394.58995 20.282 0.151 5.27 340.0
2458398.55325 20.464 0.220 6.49 379.0
2458409.50494 19.943 0.217 7.86 617.0
