2457435.85892 19.299 0.079 5.87 576.0
2457435.89171 19.262 0.102 5.94 726.0
2457436.85664 19.973 0.166 6.15 434.0
2457436.88683 19.648 0.111 5.20 529.0
2457437.83749 19.210 0.056 4.87 378.0
2457437.89257 19.020 0.062 5.39 516.0
2457438.84959 20.009 0.147 5.37 523.0
2457439.85178 19.909 0.179 6.34 622.0
2457439.89040 19.525 0.102 5.19 628.0
2457440.84193 19.601 0.097 4.03 733.0
2457440.88833 19.056 0.051 3.93 669.0
2457441.85211 19.580 0.098 4.72 682.0
2457441.89018 19.161 0.065 4.67 636.0
2457442.84610 19.530 0.100 4.95 678.0
2457442.88883 19.611 0.119 5.26 657.0
2457444.89293 19.249 0.065 4.57 530.0
2457445.83883 19.095 0.062 5.17 536.0
2457445.87521 19.100 0.053 4.62 475.0
2457446.82007 19.011 0.052 4.84 532.0
2457446.85706 19.165 0.053 4.48 491.0
2457446.89866 19.029 0.053 4.00 765.0
2457447.83030 19.412 0.087 5.49 504.0
2457447.86802 19.414 0.069 4.33 442.0
2457448.80148 18.894 0.083 5.49 1429.0
2457448.85005 18.963 0.050 5.28 443.0
2457448.89255 18.888 0.042 4.60 433.0
2457449.85146 19.356 0.117 5.06 1242.0
2457451.84211 19.161 0.077 5.09 849.0
2457451.88705 19.511 0.095 4.01 925.0
2457452.82620 18.973 0.041 4.12 432.0
2457452.87154 19.004 0.040 4.00 377.0
2457453.79333 19.171 0.057 5.90 434.0
2457453.83788 19.259 0.049 4.02 408.0
2457453.89179 19.082 0.049 4.47 395.0
2457454.87345 19.198 0.060 4.71 393.0
2457455.79199 20.123 0.228 7.44 418.0
2457455.84690 19.471 0.085 5.49 367.0
2457455.90064 19.163 0.067 5.53 415.0
2457456.82111 19.674 0.113 5.75 459.0
2457456.87632 19.741 0.119 5.54 421.0
2457457.78664 19.655 0.123 5.97 564.0
2457457.88742 19.416 0.093 5.91 464.0
2457458.79397 19.521 0.111 6.55 446.0
2457458.84151 19.277 0.064 4.90 401.0
2457458.89652 19.101 0.050 4.72 373.0
2457460.81027 19.302 0.071 5.30 437.0
2457460.86658 19.244 0.059 4.51 414.0
2457460.91137 18.987 0.063 4.33 1050.0
2457461.81319 19.540 0.073 4.42 402.0
2457461.86748 19.013 0.044 4.09 392.0
2457462.81487 19.347 0.063 4.34 434.0
2457462.87380 18.975 0.044 4.66 386.0
2457463.80382 20.023 0.124 4.99 408.0
2457463.87362 19.031 0.047 4.39 385.0
2457464.82228 19.871 0.120 5.28 496.0
2457465.76911 19.351 0.071 4.96 485.0
2457465.81383 19.577 0.088 4.59 501.0
2457465.86737 19.007 0.058 5.97 450.0
2457465.91321 18.767 0.043 4.73 554.0
2457466.88947 19.185 0.058 4.65 442.0
2457467.81391 19.628 0.100 5.27 453.0
2457467.85934 19.222 0.058 5.16 354.0
2457467.90427 19.335 0.067 5.18 375.0
2457470.78561 19.216 0.081 5.36 634.0
2457470.83056 19.074 0.071 5.67 569.0
2457470.88365 19.013 0.061 5.28 537.0
2457471.79606 19.912 0.158 5.64 641.0
2457471.84154 19.246 0.075 4.75 591.0
2457471.89802 18.748 0.050 5.45 554.0
2457472.76161 19.504 0.110 5.85 629.0
2457472.80625 20.067 0.163 5.17 565.0
2457472.85184 19.102 0.070 5.54 526.0
2457472.90854 19.489 0.093 5.05 521.0
2457473.82466 19.013 0.063 4.76 970.0
2457474.75517 19.184 0.087 5.97 679.0
2457474.79432 19.085 0.071 5.87 586.0
2457474.83201 18.987 0.056 5.10 550.0
2457474.87077 18.917 0.047 4.56 547.0
2457474.91016 18.980 0.058 5.02 583.0
2457475.77400 19.192 0.096 6.28 685.0
2457475.81266 19.060 0.089 6.77 622.0
2457475.85264 18.805 0.078 6.45 988.0
2457475.89107 18.844 0.049 5.05 567.0
2457476.76367 18.984 0.064 4.81 917.0
2457476.84209 19.596 0.095 4.92 571.0
2457479.83019 19.594 0.154 6.10 877.0
2457480.90464 18.946 0.070 6.62 470.0
2457484.80325 19.085 0.064 5.98 383.0
2457484.91384 19.091 0.055 4.88 411.0
2457485.81622 19.156 0.064 6.24 353.0
2457485.90970 19.146 0.052 4.55 372.0
2457486.71857 19.854 0.171 6.96 442.0
2457486.82298 19.502 0.104 6.50 397.0
2457487.71548 19.321 0.097 6.83 455.0
2457487.82045 19.036 0.057 5.66 438.0
2457488.71812 19.135 0.056 5.30 394.0
2457488.84007 18.997 0.044 4.30 452.0
2457489.79739 19.416 0.078 5.16 479.0
2457491.73068 18.953 0.055 5.77 403.0
2457491.83942 19.019 0.042 4.60 356.0
2457492.71336 19.372 0.076 5.51 398.0
2457492.82774 19.072 0.044 4.12 384.0
2457493.70676 19.496 0.094 5.48 456.0
2457493.81569 19.263 0.057 4.70 328.0
2457493.92648 19.525 0.103 4.50 816.0
2457494.80083 18.991 0.045 4.86 350.0
2457494.91334 19.136 0.048 4.01 436.0
2457495.75841 19.438 0.087 5.18 430.0
2457495.87841 19.494 0.095 5.71 400.0
2457497.90454 19.110 0.068 5.69 440.0
2457498.76026 19.698 0.109 4.62 628.0
2457498.90933 19.069 0.069 6.07 464.0
2457499.75128 18.992 0.058 5.32 563.0
2457499.85124 18.918 0.050 4.88 528.0
2457500.69336 19.546 0.110 5.06 729.0
2457500.79203 19.619 0.126 5.94 611.0
2457500.89460 19.532 0.113 5.62 596.0
2457507.80126 19.189 0.057 4.32 494.0
2457508.75131 19.072 0.043 4.18 384.0
2457508.85153 19.168 0.052 4.07 422.0
2457509.84760 19.048 0.061 5.49 428.0
2457511.69909 19.014 0.050 5.40 399.0
2457511.80768 18.956 0.040 4.14 402.0
2457511.91945 19.164 0.052 4.45 457.0
2457512.88744 19.103 0.045 4.07 418.0
2457516.71153 18.934 0.052 5.84 444.0
2457522.92647 19.927 0.190 6.74 579.0
2457523.92285 18.814 0.047 5.36 474.0
2457526.69640 19.530 0.115 5.84 555.0
2457526.83698 19.171 0.067 4.77 603.0
2457526.93729 19.191 0.098 5.68 937.0
2457528.92904 19.416 0.115 6.12 686.0
2457530.80369 19.009 0.074 5.11 895.0
2457534.67053 19.272 0.088 5.28 839.0
2457534.78210 18.765 0.062 4.37 1493.0
2457534.88772 19.105 0.060 4.13 758.0
2457536.66290 20.002 0.135 5.25 402.0
2457536.78125 19.513 0.098 5.45 440.0
2457536.88186 19.401 0.077 4.75 697.0
2457545.82447 19.252 0.061 4.75 386.0
2457545.92786 18.882 0.059 5.98 505.0
2457546.74923 19.100 0.056 4.79 365.0
2457546.84832 19.232 0.077 5.68 436.0
2457547.60094 19.416 0.121 7.60 374.0
2457547.72489 19.052 0.050 5.12 324.0
2457547.84186 19.051 0.053 5.25 361.0
2457548.65771 19.293 0.057 4.91 442.0
2457549.57621 19.126 0.073 6.58 443.0
2457549.73404 19.128 0.049 4.60 304.0
2457549.85256 18.941 0.049 5.65 358.0
2457550.59859 19.339 0.081 6.15 381.0
2457550.74508 19.181 0.057 5.04 399.0
2457550.84511 19.092 0.063 5.60 499.0
2457552.87897 19.392 0.101 7.06 611.0
2457554.62553 19.069 0.064 5.90 511.0
2457555.64440 19.104 0.065 5.80 502.0
2457555.75259 19.257 0.060 4.45 456.0
2457555.86406 18.952 0.050 5.32 415.0
2457557.58361 19.777 0.148 5.89 705.0
2457557.69149 18.778 0.044 4.50 636.0
2457557.76281 19.144 0.071 5.08 686.0
2457557.84147 19.219 0.073 5.22 676.0
2457561.59548 19.495 0.102 4.91 787.0
2457561.70924 19.265 0.072 4.20 728.0
2457561.81215 19.154 0.075 4.97 784.0
2457562.57548 19.065 0.092 5.74 1162.0
2457566.54882 19.851 0.150 6.51 442.0
2457566.66766 19.086 0.056 5.30 365.0
2457566.76925 18.997 0.063 6.13 407.0
2457566.86846 18.981 0.089 7.31 604.0
2457567.57735 19.399 0.083 5.47 517.0
2457567.69820 19.417 0.076 5.06 438.0
2457567.79833 19.130 0.062 5.00 465.0
2457568.57143 19.519 0.118 6.91 393.0
2457568.68318 19.205 0.063 5.36 331.0
2457568.79706 19.231 0.073 5.58 434.0
2457569.58871 19.742 0.113 5.70 407.0
2457569.71422 19.206 0.060 4.80 384.0
2457569.81542 19.010 0.061 5.72 603.0
2457570.68144 19.671 0.098 5.44 319.0
2457570.72254 19.307 0.064 5.00 311.0
2457570.76600 19.224 0.079 6.63 412.0
2457570.83221 19.253 0.075 5.99 414.0
2457573.59187 19.429 0.107 7.15 356.0
2457573.64015 20.186 0.214 7.00 336.0
2457573.69349 19.388 0.102 6.94 341.0
2457573.73628 19.293 0.110 7.86 353.0
2457575.57344 19.864 0.144 6.45 340.0
2457575.62620 19.731 0.138 7.06 352.0
2457575.67594 19.151 0.053 4.69 328.0
2457575.71577 18.973 0.049 5.26 343.0
2457575.75424 19.050 0.044 4.49 349.0
2457575.79267 19.127 0.053 4.75 382.0
2457575.83094 18.814 0.045 5.15 422.0
2457576.49252 19.021 0.061 6.32 427.0
2457576.54423 19.299 0.079 6.29 338.0
2457576.60854 19.336 0.059 4.75 322.0
2457576.65921 19.253 0.054 4.52 314.0
2457576.69854 19.250 0.059 4.98 313.0
2457576.73710 19.266 0.068 6.03 324.0
2457576.77468 19.159 0.058 5.18 327.0
2457576.81343 19.252 0.069 5.34 374.0
2457577.52892 19.614 0.125 6.88 383.0
2457577.57374 19.411 0.087 6.26 441.0
2457579.60274 19.518 0.098 6.23 386.0
2457579.64608 19.406 0.074 5.42 370.0
2457579.71211 19.284 0.064 5.41 376.0
2457579.75249 19.508 0.084 5.33 365.0
2457581.72596 19.289 0.061 4.98 425.0
2457581.79231 19.058 0.061 5.71 451.0
2457581.83258 19.062 0.068 6.13 459.0
2457582.69414 19.238 0.074 5.83 422.0
2457582.70734 19.355 0.075 5.24 387.0
2457583.72858 20.198 0.225 6.04 638.0
2457583.78305 19.305 0.080 5.72 439.0
2457584.52650 20.162 0.204 5.95 536.0
2457584.56510 19.885 0.162 6.10 528.0
2457584.60329 19.817 0.119 5.04 469.0
2457584.64371 19.527 0.109 5.80 475.0
2457584.68197 19.424 0.087 5.34 464.0
2457584.72016 19.244 0.075 5.26 489.0
2457584.77036 19.131 0.070 5.70 510.0
2457584.81416 19.373 0.105 6.38 546.0
2457589.52676 19.264 0.108 5.96 853.0
2457589.56997 19.571 0.122 5.34 803.0
2457589.61120 19.377 0.095 5.00 825.0
2457589.66041 19.174 0.086 5.57 751.0
2457589.69803 19.183 0.074 4.74 747.0
2457589.74451 19.168 0.092 5.63 851.0
2457589.78273 19.219 0.091 5.08 990.0
2457589.81426 19.116 0.098 5.84 1100.0
2457590.49729 19.681 0.145 6.28 645.0
2457590.53504 19.521 0.095 4.89 669.0
2457590.57311 19.167 0.056 4.11 621.0
2457590.61317 19.271 0.059 3.96 568.0
2457590.65753 19.108 0.058 4.72 537.0
2457590.69548 18.959 0.053 5.03 535.0
2457590.73315 19.059 0.062 5.02 664.0
2457593.51026 19.809 0.116 5.82 350.0
2457593.56710 19.418 0.074 5.27 326.0
2457593.61072 19.504 0.082 5.36 337.0
2457593.65081 19.179 0.052 4.61 331.0
2457593.68834 19.279 0.056 4.61 331.0
2457593.72609 18.880 0.039 4.74 342.0
2457593.76438 18.938 0.045 5.19 360.0
2457593.79721 19.003 0.049 5.20 408.0
2457595.64546 19.399 0.116 7.43 396.0
2457596.48650 19.272 0.063 5.35 375.0
2457596.54035 19.199 0.045 4.20 329.0
2457596.59121 19.249 0.045 3.93 327.0
2457599.62333 19.654 0.106 5.61 338.0
2457599.68839 20.030 0.144 5.04 348.0
2457599.74635 19.632 0.090 4.39 365.0
2457599.78383 19.864 0.139 5.72 396.0
2457600.56123 20.287 0.221 6.29 383.0
2457600.65628 19.715 0.125 6.45 340.0
2457600.70302 20.399 0.217 6.00 362.0
2457601.71517 19.151 0.053 5.02 310.0
2457601.76641 19.196 0.074 6.36 356.0
2457602.61730 19.364 0.076 5.47 345.0
2457602.66467 19.265 0.068 5.49 355.0
2457602.70233 19.242 0.067 5.38 363.0
2457602.74222 20.056 0.197 7.05 416.0
2457602.77819 19.305 0.105 7.29 456.0
2457603.49785 19.539 0.081 5.03 337.0
2457603.54432 19.775 0.088 4.42 323.0
2457603.59225 19.131 0.054 5.18 323.0
2457603.63040 19.475 0.075 5.22 321.0
2457603.66791 19.198 0.050 4.59 315.0
2457603.70509 19.231 0.057 5.00 328.0
2457603.74536 19.260 0.071 5.84 346.0
2457603.78263 19.128 0.067 6.12 383.0
2457604.54604 19.248 0.058 4.71 372.0
2457604.58533 19.320 0.057 4.37 328.0
2457604.62387 19.204 0.056 5.10 303.0
2457604.66253 19.356 0.062 5.03 292.0
2457604.69992 19.129 0.049 4.57 315.0
2457604.73842 19.516 0.096 6.01 347.0
2457605.51726 19.543 0.084 5.28 334.0
2457605.56449 19.502 0.069 4.56 315.0
2457605.61597 19.557 0.090 5.56 334.0
2457605.65376 19.501 0.083 5.15 350.0
2457605.69144 19.855 0.130 6.00 356.0
2457605.72860 19.544 0.088 5.25 380.0
2457605.76574 19.825 0.144 6.15 446.0
2457606.67483 19.737 0.118 6.13 330.0
2457607.55118 20.353 0.201 5.85 360.0
2457607.59907 19.884 0.155 6.61 327.0
2457607.64293 20.147 0.148 5.34 308.0
2457607.68645 19.265 0.063 5.17 321.0
2457607.73003 19.371 0.070 4.96 339.0
2457608.60156 19.173 0.048 4.27 323.0
2457608.64960 19.269 0.054 4.28 328.0
2457608.69402 19.262 0.054 4.05 350.0
2457608.73914 19.224 0.062 5.05 381.0
2457609.58562 19.853 0.114 5.08 368.0
2457609.63029 19.655 0.091 4.82 354.0
2457609.67754 20.059 0.133 4.90 353.0
2457609.72284 19.730 0.097 4.99 362.0
2457609.75129 19.427 0.093 5.90 459.0
2457610.53435 19.300 0.099 7.09 390.0
2457610.60419 19.847 0.139 6.05 392.0
2457610.64816 19.599 0.087 4.56 410.0
2457610.69236 19.293 0.063 4.46 425.0
2457611.66380 19.308 0.077 5.38 416.0
2457612.50927 19.778 0.130 5.97 457.0
2457612.54689 19.155 0.055 4.72 412.0
2457612.58764 19.330 0.064 4.39 431.0
2457612.62543 19.011 0.054 5.10 450.0
2457612.66303 19.389 0.079 5.20 456.0
2457612.70071 19.357 0.075 5.18 470.0
2457612.73860 19.659 0.106 5.42 493.0
2457616.56229 19.582 0.104 5.03 645.0
2457616.60900 19.328 0.077 4.64 638.0
2457616.71611 19.308 0.071 4.56 744.0
2457617.63427 19.814 0.150 5.64 641.0
2457617.67818 19.340 0.094 5.11 702.0
2457618.55186 19.322 0.085 5.06 610.0
2457618.59521 19.835 0.142 4.84 632.0
2457618.63904 19.595 0.130 5.92 654.0
2457618.68272 19.652 0.153 6.05 749.0
2457618.72042 19.434 0.123 5.90 899.0
2457619.53975 19.371 0.108 6.10 543.0
2457621.47396 19.227 0.086 5.79 662.0
2457621.53759 19.305 0.086 6.48 346.0
2457621.58554 19.374 0.089 5.70 581.0
2457621.63765 18.893 0.058 6.12 403.0
2457621.68428 19.058 0.084 7.16 446.0
2457622.54148 19.418 0.070 4.51 337.0
2457622.58996 19.224 0.061 4.70 380.0
2457622.65278 19.010 0.049 4.47 404.0
2457622.69522 19.071 0.056 4.66 423.0
2457623.52002 19.198 0.055 4.51 375.0
2457623.57465 19.461 0.072 5.04 351.0
2457623.62831 19.151 0.057 5.38 336.0
2457623.67245 19.257 0.073 5.65 394.0
2457623.71398 18.910 0.060 6.28 447.0
2457624.50571 19.683 0.108 5.43 393.0
2457624.57171 19.435 0.090 6.24 363.0
2457624.62017 18.997 0.050 5.40 344.0
2457624.66696 19.319 0.070 5.67 349.0
2457625.49279 19.523 0.087 5.20 412.0
2457625.55629 19.022 0.055 5.30 410.0
2457625.60996 19.143 0.063 5.57 375.0
2457625.65414 19.093 0.072 6.60 357.0
2457626.49562 19.758 0.109 5.34 414.0
2457626.54295 19.658 0.110 5.58 406.0
2457626.61754 19.704 0.107 5.29 382.0
2457626.66202 20.113 0.146 5.28 369.0
2457630.50630 19.477 0.088 5.89 383.0
2457630.56180 19.519 0.080 5.00 348.0
2457630.60621 19.632 0.095 5.56 353.0
2457630.65093 19.919 0.133 5.71 342.0
2457631.49893 19.804 0.104 4.74 396.0
2457631.55414 19.273 0.062 5.05 352.0
2457631.59880 19.408 0.067 4.67 349.0
2457631.64248 19.121 0.046 4.69 345.0
2457632.49832 20.008 0.133 5.24 339.0
2457632.55337 19.322 0.071 4.76 368.0
2457632.59863 19.545 0.085 5.27 353.0
2457632.64224 19.585 0.092 5.16 388.0
2457633.65336 19.572 0.109 6.15 382.0
2457634.59550 19.698 0.123 6.42 398.0
2457635.51864 19.760 0.143 6.65 409.0
2457635.57945 19.574 0.125 7.13 364.0
2457636.53571 19.844 0.153 6.51 416.0
2457636.58094 19.410 0.083 5.58 390.0
2457636.62516 19.442 0.087 5.81 410.0
2457637.48172 19.500 0.083 5.16 424.0
2457637.54156 19.274 0.060 5.11 355.0
2457637.58549 19.275 0.061 4.98 363.0
2457637.62969 19.062 0.056 5.40 389.0
2457638.64167 19.411 0.076 5.27 477.0
2457639.57592 19.411 0.072 4.75 410.0
2457639.62059 19.099 0.053 4.96 419.0
2457643.62110 20.080 0.231 6.07 805.0
2457644.62108 19.351 0.140 5.81 1388.0
2457647.55021 19.999 0.165 5.30 604.0
2457647.59404 19.646 0.127 5.76 638.0
2457648.60319 20.080 0.175 5.12 631.0
2457649.50967 19.233 0.059 4.08 548.0
2457649.55429 19.119 0.057 4.41 520.0
2457649.59918 19.104 0.056 4.79 565.0
2457650.54207 19.178 0.058 4.76 427.0
2457650.58612 19.148 0.067 5.39 511.0
2457651.53369 19.060 0.057 5.12 468.0
2457651.58630 19.025 0.057 4.94 564.0
2457652.52077 19.192 0.058 5.01 367.0
2457652.57655 19.078 0.055 5.32 411.0
2457653.52279 19.087 0.047 4.62 380.0
2457653.58427 19.294 0.059 4.68 386.0
2457654.53638 19.503 0.106 6.52 448.0
2457655.55315 19.235 0.066 5.87 381.0
2457656.56621 20.072 0.183 6.38 424.0
2457657.52079 19.941 0.137 5.36 416.0
2457658.48408 19.691 0.153 6.62 636.0
2457659.58369 19.755 0.127 5.80 456.0
2457660.53650 19.528 0.112 6.26 470.0
2457666.52287 19.301 0.103 6.95 490.0
2457667.48780 19.422 0.097 5.54 665.0
2457681.51075 20.111 0.205 6.98 468.0
2457689.50937 19.289 0.088 5.95 540.0
2457691.50654 19.392 0.079 4.63 606.0
2457790.87381 19.180 0.072 5.57 546.0
2457791.86890 19.105 0.064 5.50 461.0
2457792.86517 19.293 0.101 6.78 626.0
2457793.86258 19.121 0.072 5.47 658.0
2457795.87550 19.541 0.141 6.36 809.0
2457797.85829 19.501 0.116 5.57 828.0
2457798.85647 19.982 0.152 5.36 572.0
2457800.88038 19.317 0.070 4.47 512.0
2457803.85170 19.913 0.162 5.12 969.0
2457803.90031 19.415 0.133 4.19 2143.0
2457807.85835 19.419 0.081 5.33 400.0
2457809.81929 19.640 0.133 6.95 465.0
2457809.86927 19.316 0.085 5.87 419.0
2457810.81839 19.737 0.121 5.78 473.0
2457810.86420 19.498 0.078 4.88 414.0
2457811.82415 19.946 0.182 6.76 433.0
2457811.86964 19.432 0.084 5.40 379.0
2457812.83920 19.502 0.074 4.49 453.0
2457812.88563 19.456 0.060 3.56 428.0
2457813.83015 19.467 0.084 5.13 506.0
2457814.83976 19.501 0.071 4.53 413.0
2457814.88750 19.280 0.052 3.95 389.0
2457815.85146 19.794 0.094 4.33 428.0
2457815.89839 19.490 0.071 4.36 419.0
2457816.84320 19.415 0.075 5.12 418.0
2457816.88852 19.214 0.061 5.09 374.0
2457817.83984 19.114 0.058 4.95 478.0
2457817.88511 19.106 0.044 3.70 440.0
2457818.82605 19.667 0.093 5.04 443.0
2457818.87119 19.552 0.072 4.14 404.0
2457819.80589 19.961 0.122 5.23 406.0
2457819.85098 19.687 0.082 4.15 377.0
2457819.90330 19.229 0.060 4.03 530.0
2457820.86042 19.638 0.081 4.41 441.0
2457820.90534 19.205 0.061 4.11 560.0
2457822.83622 20.005 0.177 5.96 601.0
2457822.88095 19.447 0.078 4.80 440.0
2457823.82171 19.412 0.102 5.48 680.0
2457823.86605 19.183 0.066 4.91 556.0
2457824.86208 19.749 0.135 5.50 595.0
2457825.80925 19.409 0.080 4.65 681.0
2457825.85387 19.435 0.082 4.83 565.0
2457825.89843 19.237 0.065 4.37 574.0
2457826.81228 19.442 0.101 5.21 660.0
2457826.85732 19.431 0.090 4.96 606.0
2457826.90228 19.270 0.067 4.05 602.0
2457827.83120 19.469 0.095 5.36 552.0
2457827.87550 19.199 0.063 4.69 488.0
2457828.80034 19.214 0.077 5.33 590.0
2457828.84490 19.263 0.071 4.72 529.0
2457828.88967 19.442 0.091 5.24 504.0
2457829.82699 19.993 0.208 6.56 636.0
2457830.79011 19.292 0.081 4.82 824.0
2457830.82522 19.189 0.074 5.04 634.0
2457830.86765 19.249 0.071 4.68 630.0
2457830.90689 19.155 0.058 4.24 609.0
2457834.81784 19.326 0.075 5.49 411.0
2457834.86498 19.515 0.118 6.96 410.0
2457834.91204 19.124 0.069 5.68 503.0
2457835.78508 19.780 0.152 7.02 372.0
2457835.86352 19.501 0.109 6.53 369.0
2457835.91037 19.093 0.067 5.69 468.0
2457836.80040 20.039 0.228 7.94 376.0
2457836.84930 19.254 0.063 5.31 337.0
2457836.89635 19.727 0.131 6.62 354.0
2457837.76794 19.501 0.090 6.09 350.0
2457837.81429 19.251 0.069 5.70 330.0
2457837.86082 19.396 0.076 5.33 349.0
2457837.90876 19.304 0.071 5.29 402.0
2457838.78313 19.378 0.079 5.57 403.0
2457838.83867 19.014 0.048 4.75 393.0
2457838.88600 19.009 0.055 5.31 390.0
2457839.74530 19.380 0.058 4.46 341.0
2457839.80454 19.182 0.048 4.21 319.0
2457839.85144 19.117 0.042 3.65 310.0
2457839.90327 19.078 0.040 3.54 319.0
2457840.77336 19.703 0.128 6.66 362.0
2457840.83049 19.095 0.064 5.90 356.0
2457840.87608 18.999 0.047 4.75 345.0
2457841.89574 19.559 0.106 6.15 363.0
2457842.74854 19.602 0.108 6.31 363.0
2457842.79486 19.410 0.079 5.66 347.0
2457842.84135 19.394 0.083 5.85 359.0
2457842.88889 19.149 0.058 5.23 359.0
2457843.75305 19.457 0.088 5.91 343.0
2457843.79914 19.545 0.095 5.83 326.0
2457843.85466 19.530 0.099 6.13 332.0
2457843.90209 19.111 0.054 5.13 317.0
2457844.74948 19.060 0.058 5.78 352.0
2457844.80478 19.504 0.080 5.37 327.0
2457844.85072 19.654 0.127 6.87 353.0
2457844.89872 19.364 0.076 5.77 342.0
2457845.74276 19.640 0.115 6.39 378.0
2457845.79809 19.155 0.053 4.71 352.0
2457845.84424 19.210 0.052 4.45 344.0
2457845.89141 19.053 0.052 5.16 338.0
2457846.74457 19.932 0.174 7.13 357.0
2457846.83616 19.242 0.061 5.07 335.0
2457846.88266 19.183 0.054 4.60 344.0
2457847.72422 20.022 0.152 5.87 377.0
2457847.77021 19.821 0.112 5.17 357.0
2457847.81659 19.334 0.067 4.79 353.0
2457847.87255 18.985 0.060 5.99 347.0
2457847.92177 19.196 0.083 5.20 730.0
2457848.75328 19.444 0.092 6.06 362.0
2457848.79914 19.268 0.064 5.17 329.0
2457848.84540 19.103 0.057 5.38 332.0
2457848.90394 19.156 0.050 4.73 321.0
2457849.73547 19.207 0.076 5.98 472.0
2457849.78189 19.031 0.043 4.29 361.0
2457849.82763 19.141 0.050 4.38 346.0
2457849.88513 19.015 0.038 3.68 328.0
2457850.80933 18.998 0.054 5.06 413.0
2457850.86643 19.098 0.047 4.52 349.0
2457850.91482 19.234 0.075 5.75 404.0
2457851.74997 19.578 0.106 5.42 525.0
2457851.79599 19.289 0.083 5.82 468.0
2457851.84253 19.011 0.049 4.58 416.0
2457851.90200 19.038 0.049 4.77 357.0
2457852.82314 19.548 0.137 7.36 442.0
2457852.87171 19.155 0.079 6.67 397.0
2457853.85874 19.695 0.163 7.47 467.0
2457853.90461 19.223 0.077 5.95 438.0
2457854.70665 19.298 0.080 4.82 735.0
2457854.75001 19.506 0.106 5.35 622.0
2457854.80535 19.310 0.065 4.14 541.0
2457854.85357 19.205 0.065 4.46 524.0
2457854.90245 19.033 0.050 3.95 525.0
2457855.74870 19.183 0.069 4.59 682.0
2457855.79558 19.385 0.092 5.11 618.0
2457855.84323 19.264 0.071 4.60 582.0
2457855.90262 19.201 0.058 4.20 552.0
2457856.77277 19.428 0.108 5.89 588.0
2457856.82198 19.689 0.138 6.07 567.0
2457857.87486 19.585 0.188 6.46 1234.0
2457857.90299 19.502 0.097 5.13 588.0
2457858.79751 19.562 0.089 4.74 528.0
2457858.83286 19.149 0.071 5.21 596.0
2457858.87411 18.996 0.056 4.89 526.0
2457858.92122 19.458 0.083 4.78 535.0
2457862.71660 19.692 0.119 6.10 441.0
2457862.81060 19.271 0.079 5.67 428.0
2457862.85906 19.207 0.072 5.32 425.0
2457862.91912 19.159 0.062 4.77 423.0
2457863.78841 19.272 0.068 5.22 380.0
2457863.86000 19.087 0.053 4.78 391.0
2457863.92031 18.948 0.045 4.29 434.0
2457864.74681 19.170 0.046 4.39 339.0
2457864.83036 19.029 0.041 4.26 355.0
2457864.88179 18.946 0.040 3.62 379.0
2457865.67322 19.234 0.057 4.58 387.0
2457865.71891 19.516 0.080 4.91 375.0
2457865.76485 19.317 0.061 4.46 356.0
2457865.82311 19.064 0.040 3.60 368.0
2457865.88819 19.078 0.045 3.57 426.0
2457866.68406 19.189 0.060 5.06 395.0
2457866.73065 19.115 0.060 5.25 370.0
2457866.77705 19.163 0.053 4.50 354.0
2457866.84435 18.955 0.039 3.95 362.0
2457866.89463 18.937 0.036 3.43 390.0
2457867.70287 19.383 0.068 4.76 376.0
2457867.74969 19.079 0.042 4.13 339.0
2457867.80559 19.061 0.039 3.57 325.0
2457867.86502 19.348 0.061 4.43 352.0
2457867.91228 19.271 0.058 4.35 362.0
2457868.83523 19.976 0.177 6.29 406.0
2457868.89896 19.498 0.140 7.29 434.0
2457869.69471 19.313 0.073 5.84 364.0
2457869.74328 19.122 0.049 4.39 362.0
2457869.78950 19.093 0.045 4.19 353.0
2457869.85753 19.091 0.045 3.88 366.0
2457869.90599 19.035 0.043 3.57 421.0
2457870.72281 19.066 0.044 4.42 332.0
2457870.77017 19.126 0.044 3.78 334.0
2457870.83683 19.275 0.056 4.37 341.0
2457870.88562 19.342 0.058 3.69 358.0
2457870.93270 19.488 0.109 4.07 1115.0
2457871.73947 19.268 0.053 4.26 394.0
2457871.78584 19.090 0.044 3.89 380.0
2457871.85801 19.211 0.050 3.88 359.0
2457871.91172 19.317 0.058 3.94 392.0
2457872.68627 18.981 0.049 5.07 399.0
2457872.75475 19.097 0.042 3.63 381.0
2457872.82222 19.101 0.036 3.15 364.0
2457872.88604 19.031 0.041 3.40 383.0
2457872.93464 19.427 0.105 4.07 1415.0
2457873.70366 19.227 0.059 4.96 390.0
2457873.74966 19.031 0.042 3.77 370.0
2457873.79655 19.069 0.040 3.89 332.0
2457873.86569 19.080 0.050 4.21 403.0
2457873.91635 19.132 0.054 4.30 403.0
2457874.67917 19.193 0.074 6.24 429.0
2457874.73412 19.560 0.138 7.41 406.0
2457874.79065 19.177 0.077 5.92 401.0
2457874.83979 19.292 0.087 6.24 410.0
2457874.88838 19.028 0.049 4.31 444.0
2457874.93482 18.857 0.074 5.54 1019.0
2457875.82860 19.169 0.058 4.75 632.0
2457875.88665 18.964 0.048 4.38 458.0
2457875.92423 19.120 0.055 4.39 548.0
2457876.67494 19.146 0.075 6.10 519.0
2457876.72176 19.287 0.077 5.50 449.0
2457876.77976 19.046 0.048 4.18 415.0
2457876.84408 19.117 0.049 4.03 417.0
2457876.89155 18.978 0.046 4.21 434.0
2457877.65303 19.152 0.065 5.32 510.0
2457877.69907 19.290 0.066 4.76 434.0
2457877.75571 19.068 0.042 3.58 390.0
2457877.81396 18.963 0.036 3.47 397.0
2457877.86369 19.083 0.053 3.93 475.0
2457878.65915 19.162 0.076 6.10 586.0
2457878.75200 18.999 0.043 3.91 446.0
2457878.81024 19.140 0.041 3.39 400.0
2457878.87079 19.012 0.044 4.01 407.0
2457878.91683 18.884 0.039 3.83 461.0
2457879.67960 19.267 0.071 5.30 476.0
2457879.77201 19.767 0.135 5.59 511.0
2457879.86320 19.966 0.194 6.88 454.0
2457880.67784 19.444 0.129 7.47 505.0
2457880.72386 19.112 0.064 5.46 473.0
2457880.77020 19.898 0.166 6.18 492.0
2457880.78595 19.363 0.110 6.70 495.0
2457880.81162 19.514 0.109 5.94 497.0
2457880.83028 19.454 0.113 6.28 501.0
2457880.88483 19.615 0.149 6.99 480.0
2457881.81829 19.529 0.107 5.49 536.0
2457881.86789 19.343 0.100 5.66 601.0
2457881.92261 19.241 0.111 6.94 555.0
2457881.93651 19.398 0.162 7.09 968.0
2457882.71329 19.210 0.100 7.10 552.0
2457882.75915 19.101 0.065 5.22 517.0
2457882.82816 19.135 0.061 4.48 556.0
2457882.87517 19.233 0.082 5.32 607.0
2457882.93081 18.996 0.059 5.09 515.0
2457890.72778 18.984 0.060 5.22 531.0
2457890.87045 19.486 0.108 5.42 603.0
2457893.63070 19.876 0.202 8.14 429.0
2457893.67459 19.244 0.077 6.09 394.0
2457893.72092 19.380 0.093 6.10 415.0
2457893.77689 19.193 0.079 6.10 440.0
2457893.83488 19.058 0.056 4.83 407.0
2457893.88224 19.050 0.058 4.95 446.0
2457893.92826 19.029 0.055 4.56 512.0
2457894.61770 19.388 0.102 7.54 484.0
2457894.65839 19.169 0.062 5.58 426.0
2457894.71385 19.168 0.057 4.72 374.0
2457894.76977 19.214 0.066 5.78 368.0
2457894.81725 19.086 0.050 4.48 380.0
2457894.86407 19.316 0.073 4.88 429.0
2457894.91080 19.199 0.063 4.80 435.0
2457895.60512 19.650 0.135 6.87 540.0
2457895.68058 19.398 0.085 5.81 517.0
2457895.80032 19.122 0.053 4.56 459.0
2457897.66879 19.574 0.109 6.04 396.0
2457897.71571 19.547 0.108 6.16 388.0
2457897.77299 19.190 0.056 4.88 475.0
2457900.91392 19.327 0.105 6.90 458.0
2457901.59988 19.165 0.095 7.71 446.0
2457901.64735 19.221 0.079 6.30 372.0
2457901.69821 19.452 0.077 5.43 406.0
2457901.78721 19.111 0.057 4.98 418.0
2457901.83532 19.264 0.070 4.86 421.0
2457902.59841 19.747 0.142 7.01 410.0
2457902.64134 19.713 0.145 6.92 415.0
2457902.68869 19.109 0.052 4.68 356.0
2457902.74871 19.150 0.053 4.58 374.0
2457902.80468 19.333 0.079 4.91 422.0
2457902.90300 19.777 0.159 6.38 585.0
2457902.94449 19.690 0.163 6.43 868.0
2457903.76276 19.775 0.173 7.68 354.0
2457903.81038 19.039 0.055 5.18 369.0
2457903.86619 19.007 0.058 5.12 434.0
2457903.91234 19.179 0.081 6.11 469.0
2457904.62079 19.314 0.096 6.94 408.0
2457904.66379 19.116 0.056 5.20 348.0
2457904.72011 19.261 0.049 4.08 318.0
2457904.77954 19.024 0.040 3.75 318.0
2457904.82760 18.999 0.043 4.07 354.0
2457904.87377 18.931 0.044 4.48 406.0
2457904.92955 18.996 0.058 5.39 464.0
2457905.58605 19.708 0.124 6.41 442.0
2457905.63322 19.425 0.081 5.38 384.0
2457905.68892 19.156 0.047 4.12 333.0
2457905.74459 19.008 0.037 3.55 355.0
2457905.79422 19.211 0.058 4.35 396.0
2457905.84167 19.030 0.053 4.66 442.0
2457905.88894 19.161 0.054 4.06 469.0
2457905.93684 19.298 0.087 5.32 596.0
2457906.59693 19.774 0.108 5.00 456.0
2457906.64302 19.294 0.059 4.24 402.0
2457906.69986 19.222 0.052 3.98 391.0
2457906.75905 19.144 0.046 3.71 403.0
2457906.80688 19.279 0.059 3.88 438.0
2457906.85335 19.422 0.071 4.04 488.0
2457906.90054 19.434 0.081 4.37 587.0
2457906.93742 19.439 0.103 5.23 786.0
2457907.65373 19.676 0.109 4.98 553.0
2457907.69433 19.286 0.070 4.58 552.0
2457907.73796 19.040 0.044 3.64 548.0
2457907.78906 19.113 0.052 4.05 518.0
2457907.87571 19.312 0.067 4.12 695.0
2457908.56818 19.616 0.155 6.99 695.0
2457908.60225 19.437 0.104 6.07 583.0
2457908.64857 19.250 0.076 5.16 537.0
2457908.70396 19.032 0.049 4.27 471.0
2457908.76221 19.157 0.060 4.32 530.0
2457908.80987 19.048 0.056 4.88 430.0
2457908.85634 19.138 0.060 4.81 439.0
2457908.90310 19.081 0.060 4.71 559.0
2457908.93473 19.086 0.088 6.31 686.0
2457909.59141 19.818 0.146 5.46 659.0
2457909.63963 19.536 0.095 4.81 512.0
2457909.69635 19.370 0.067 4.09 485.0
2457909.74489 19.075 0.051 4.21 492.0
2457909.79188 19.374 0.067 3.82 530.0
2457909.83681 19.164 0.053 3.72 527.0
2457909.88047 19.417 0.081 4.58 597.0
2457909.92021 19.306 0.087 5.23 730.0
2457910.55906 19.895 0.187 6.37 757.0
2457910.59338 19.804 0.141 5.64 587.0
2457910.63949 19.202 0.069 4.84 544.0
2457910.69600 19.357 0.068 4.19 494.0
2457910.75621 19.155 0.060 4.27 509.0
2457910.80293 19.032 0.048 3.76 532.0
2457910.85710 19.218 0.062 4.06 773.0
2457910.90531 19.178 0.064 4.82 519.0
2457911.60653 19.978 0.212 6.54 693.0
2457911.65336 19.491 0.101 5.09 608.0
2457911.69939 19.493 0.094 4.92 555.0
2457911.80373 19.587 0.140 5.80 770.0
2457916.62124 19.404 0.104 4.58 1240.0
2457916.66385 19.113 0.070 3.91 1228.0
2457916.70360 19.114 0.077 5.02 909.0
2457916.74855 18.936 0.051 4.22 650.0
2457916.79164 19.098 0.055 3.66 717.0
2457916.83307 19.169 0.070 4.07 859.0
2457917.63916 19.433 0.084 4.85 503.0
2457917.68681 18.960 0.052 4.65 497.0
2457917.73749 19.080 0.051 4.00 497.0
2457917.78479 19.229 0.075 5.13 551.0
2457917.83085 19.060 0.073 5.35 656.0
2457917.87661 19.052 0.087 5.79 777.0
2457917.92013 18.793 0.097 7.43 971.0
2457918.69489 19.194 0.099 5.86 978.0
2457922.60044 19.306 0.090 6.43 436.0
2457922.64666 19.173 0.065 5.26 396.0
2457922.71324 19.235 0.074 5.38 411.0
2457923.52416 19.940 0.179 6.92 534.0
2457923.56939 19.243 0.079 5.76 479.0
2457923.61523 19.108 0.062 5.55 425.0
2457923.67839 19.327 0.079 5.67 392.0
2457923.73703 19.315 0.103 6.71 422.0
2457923.78512 19.059 0.067 5.44 440.0
2457923.83030 18.927 0.062 5.59 450.0
2457923.88515 19.053 0.082 6.28 524.0
2457924.53658 19.545 0.091 5.55 434.0
2457924.58255 19.555 0.093 5.31 409.0
2457924.62828 19.703 0.110 5.54 394.0
2457924.68194 19.206 0.061 4.72 386.0
2457924.73991 18.853 0.042 3.77 397.0
2457924.78617 19.043 0.054 4.52 395.0
2457924.83203 19.110 0.058 4.39 461.0
2457924.88118 18.863 0.052 5.54 539.0
2457925.60629 19.274 0.075 5.82 380.0
2457925.65254 19.282 0.052 4.09 336.0
2457925.71721 19.419 0.076 5.32 359.0
2457925.77322 19.318 0.065 4.69 345.0
2457925.82681 19.540 0.108 6.24 401.0
2457925.87647 18.921 0.062 6.30 463.0
2457926.59166 19.196 0.074 6.18 390.0
2457926.64722 19.256 0.080 6.17 346.0
2457926.72299 19.198 0.071 5.78 381.0
2457926.77346 19.647 0.125 6.35 397.0
2457926.82994 19.061 0.071 6.38 423.0
2457928.58795 19.352 0.079 5.79 363.0
2457928.63692 19.206 0.071 5.68 425.0
2457929.57997 19.967 0.135 5.52 793.0
2457932.63613 19.161 0.068 5.65 383.0
2457932.69460 20.207 0.221 6.61 393.0
2457932.75455 19.240 0.073 5.70 359.0
2457932.80022 19.061 0.071 6.42 377.0
2457933.62538 19.522 0.101 6.20 344.0
2457933.67450 19.530 0.115 6.92 317.0
2457933.73225 19.210 0.073 6.15 309.0
2457933.78903 19.070 0.076 6.74 352.0
2457933.81771 19.178 0.095 7.23 363.0
2457933.82580 19.281 0.101 7.22 375.0
2457933.83464 19.112 0.098 7.66 388.0
2457933.84860 18.989 0.089 7.68 431.0
2457934.52999 19.426 0.082 5.77 432.0
2457934.57554 19.221 0.063 5.20 399.0
2457934.62132 19.364 0.077 5.52 355.0
2457934.69685 19.151 0.049 4.24 353.0
2457934.72898 19.066 0.051 4.75 360.0
2457934.77575 18.945 0.051 5.07 393.0
2457934.82153 19.126 0.074 6.03 349.0
2457934.85514 18.960 0.082 7.18 386.0
2457935.56164 19.565 0.086 4.90 402.0
2457935.62801 19.293 0.065 4.76 354.0
2457935.67712 19.500 0.082 4.83 377.0
2457935.72505 19.238 0.055 4.14 335.0
2457935.77166 18.801 0.034 3.91 321.0
2457935.81868 18.939 0.037 3.83 334.0
2457935.87014 18.973 0.046 4.69 382.0
2457935.88168 18.821 0.045 5.21 395.0
2457936.57025 19.377 0.077 5.33 379.0
2457936.61818 19.306 0.073 5.46 352.0
2457936.68082 19.292 0.064 4.95 337.0
2457936.73771 19.335 0.067 4.89 340.0
2457936.79510 19.276 0.062 5.06 316.0
2457936.84130 19.703 0.129 6.72 336.0
2457936.87158 19.633 0.153 7.77 395.0
2457937.51163 19.674 0.106 5.11 537.0
2457937.55933 19.397 0.092 5.52 482.0
2457937.60676 19.427 0.084 5.42 402.0
2457937.65413 18.920 0.046 4.79 383.0
2457937.71234 18.893 0.050 5.14 377.0
2457937.77014 19.037 0.065 6.08 375.0
2457937.81687 19.346 0.113 7.33 384.0
2457938.53495 19.939 0.160 5.42 544.0
2457938.58323 19.240 0.100 6.77 465.0
2457938.63466 19.500 0.138 7.46 484.0
2457944.47670 20.059 0.223 6.31 840.0
2457944.51711 19.870 0.164 5.67 754.0
2457944.55698 19.468 0.107 5.40 705.0
2457944.59596 19.420 0.092 4.82 660.0
2457944.63549 19.445 0.101 4.89 821.0
2457944.69365 19.336 0.089 4.87 628.0
2457944.74072 19.240 0.083 5.16 629.0
2457944.78062 19.138 0.069 4.79 706.0
2457945.49576 19.402 0.107 5.97 636.0
2457945.54333 19.263 0.080 5.34 553.0
2457945.59092 19.200 0.068 5.09 480.0
2457945.63779 19.118 0.048 3.89 468.0
2457945.68674 19.065 0.046 3.79 446.0
2457945.73447 19.027 0.046 3.94 490.0
2457945.78122 19.257 0.080 5.09 573.0
2457945.82803 19.023 0.065 4.99 672.0
2457946.53418 19.458 0.086 5.21 450.0
2457946.58210 19.503 0.083 4.88 461.0
2457946.62981 19.170 0.059 4.61 448.0
2457946.69532 19.272 0.064 4.54 424.0
2457946.74343 19.376 0.079 5.00 427.0
2457946.79193 19.558 0.114 6.03 448.0
2457946.83543 19.455 0.116 6.44 560.0
2457947.53268 19.723 0.144 7.24 357.0
2457947.58129 19.322 0.080 5.57 388.0
2457947.62991 19.273 0.074 5.71 380.0
2457947.72685 19.509 0.109 6.13 419.0
2457947.77423 19.374 0.102 6.31 460.0
2457947.81103 19.228 0.101 7.37 495.0
2457948.48743 19.693 0.130 6.61 395.0
2457948.54473 19.138 0.053 4.74 369.0
2457948.60222 19.199 0.059 5.01 346.0
2457948.65422 18.986 0.071 6.33 503.0
2457948.70086 19.179 0.066 4.70 583.0
2457948.77094 19.066 0.057 5.09 443.0
2457948.81761 19.504 0.136 7.19 540.0
2457949.56172 19.679 0.144 6.25 610.0
2457949.60737 19.596 0.122 6.12 594.0
2457949.66758 19.628 0.141 6.68 532.0
2457952.67007 18.835 0.045 4.32 357.0
2457952.72302 19.121 0.065 5.27 335.0
2457952.77851 18.736 0.059 6.63 353.0
2457952.82529 18.733 0.060 6.72 399.0
2457953.50347 19.692 0.104 5.10 413.0
2457953.56355 19.374 0.066 4.83 353.0
2457953.62578 19.466 0.076 5.16 328.0
2457953.67804 19.352 0.066 5.09 309.0
2457953.72801 19.011 0.044 4.48 304.0
2457953.77894 19.059 0.055 5.31 369.0
2457954.46642 19.750 0.137 5.35 762.0
2457954.51994 19.297 0.066 4.66 495.0
2457954.56985 19.217 0.050 4.11 341.0
2457954.64554 19.190 0.047 3.83 317.0
2457954.69855 19.156 0.049 4.31 335.0
2457954.76445 19.138 0.053 4.36 405.0
2457955.71728 19.725 0.082 3.84 404.0
2457955.77170 19.464 0.083 5.77 344.0
2457955.81422 18.955 0.062 6.65 412.0
2457956.52684 19.318 0.073 4.97 443.0
2457956.58288 19.077 0.048 4.46 359.0
2457956.65004 19.321 0.057 4.05 316.0
2457956.70003 19.236 0.060 4.94 348.0
2457956.74914 19.211 0.068 5.55 366.0
2457956.80013 19.394 0.104 7.42 405.0
2457957.65776 19.181 0.066 5.58 359.0
2457957.70825 18.932 0.059 6.48 367.0
2457957.78765 19.470 0.119 7.46 372.0
2457958.60283 19.932 0.152 6.20 381.0
2457958.63659 19.168 0.082 6.86 353.0
2457958.67875 19.404 0.113 7.12 371.0
2457958.73223 19.183 0.071 5.89 359.0
2457958.78123 19.252 0.087 6.71 381.0
2457958.80023 19.100 0.070 6.48 400.0
2457959.47931 19.303 0.065 5.16 418.0
2457959.51521 19.354 0.070 5.23 382.0
2457959.56413 19.329 0.065 4.85 360.0
2457959.61424 19.156 0.054 4.65 338.0
2457959.66420 18.860 0.037 4.36 311.0
2457959.71381 18.877 0.044 4.95 332.0
2457959.76493 18.959 0.054 6.05 342.0
2457959.80168 18.658 0.050 7.06 389.0
2457960.51531 19.297 0.072 5.49 361.0
2457960.56311 19.394 0.062 4.70 316.0
2457960.63482 19.099 0.055 5.38 295.0
2457960.68289 19.008 0.047 4.87 317.0
2457960.73611 19.040 0.053 5.20 359.0
2457960.78639 19.110 0.060 5.83 354.0
2457960.80735 19.018 0.075 7.55 359.0
2457961.57827 19.483 0.077 5.25 418.0
2457961.62064 19.475 0.078 5.19 401.0
2457961.66118 19.120 0.051 4.63 346.0
2457961.72100 19.645 0.104 5.84 459.0
2457962.48327 19.466 0.078 5.23 425.0
2457962.52372 19.301 0.065 5.02 367.0
2457962.57351 19.058 0.043 4.13 401.0
2457962.78081 19.087 0.061 5.60 425.0
2457964.47125 19.640 0.163 6.03 1167.0
2457964.55616 19.398 0.078 5.05 424.0
2457964.60668 19.036 0.050 4.55 374.0
2457964.65539 19.252 0.068 5.23 390.0
2457964.71673 19.159 0.056 4.92 436.0
2457965.62601 19.346 0.064 4.29 413.0
2457965.66322 19.474 0.082 4.96 396.0
2457965.69295 19.043 0.050 4.50 408.0
2457966.49624 19.810 0.185 7.42 482.0
2457966.55036 19.595 0.121 6.23 433.0
2457966.58108 19.526 0.096 5.82 382.0
2457966.63219 19.734 0.126 5.94 363.0
2457966.68044 19.582 0.099 5.41 359.0
2457966.72710 19.860 0.165 7.01 385.0
2457967.62178 19.116 0.075 5.98 438.0
2457967.69625 19.260 0.080 5.70 452.0
2457971.50994 19.485 0.137 5.29 1094.0
2457971.58747 19.799 0.143 5.26 646.0
2457971.62425 19.448 0.095 4.64 683.0
2457971.66140 19.413 0.089 4.63 678.0
2457971.70237 19.490 0.102 4.78 764.0
2457972.59832 20.162 0.203 5.09 637.0
2457972.64118 19.884 0.174 5.54 643.0
2457972.69238 20.089 0.189 4.96 710.0
2457973.57240 19.557 0.131 5.94 620.0
2457973.63043 19.464 0.104 5.40 626.0
2457973.67783 19.205 0.103 6.48 683.0
2457973.75198 19.027 0.116 7.41 912.0
2457974.56265 19.793 0.125 5.37 482.0
2457974.61401 19.593 0.105 5.18 485.0
2457974.66179 19.717 0.113 4.86 512.0
2457974.71182 19.780 0.136 5.16 592.0
2457975.64256 20.023 0.196 6.60 435.0
2457979.50050 19.681 0.087 4.67 389.0
2457979.55933 19.069 0.043 3.88 373.0
2457979.61003 18.946 0.043 4.20 411.0
2457979.67053 18.971 0.041 3.90 412.0
2457980.57939 19.777 0.142 5.67 487.0
2457980.62588 20.206 0.201 5.70 449.0
2457981.51824 19.300 0.081 5.52 471.0
2457981.59969 19.165 0.057 4.19 402.0
2457981.64679 19.516 0.081 4.75 404.0
2457982.54038 20.193 0.171 5.45 367.0
2457982.58793 19.602 0.096 5.02 375.0
2457982.63629 19.941 0.138 5.40 395.0
2457983.54822 19.855 0.135 5.97 382.0
2457983.59543 19.377 0.068 4.52 369.0
2457983.64077 19.323 0.066 4.88 357.0
2457984.48827 20.197 0.224 7.17 422.0
2457984.59019 19.419 0.079 4.57 376.0
2457984.63732 19.709 0.108 5.46 364.0
2457985.50231 19.889 0.186 7.22 436.0
2457985.60450 19.107 0.069 5.98 378.0
2457986.49167 19.392 0.062 4.38 399.0
2457986.56303 19.132 0.044 3.89 342.0
2457986.61413 19.034 0.048 4.57 355.0
2457986.66383 19.077 0.052 4.93 349.0
2457987.51698 19.240 0.050 3.83 375.0
2457987.57423 19.230 0.055 4.29 415.0
2457987.63089 19.062 0.050 4.56 400.0
2457990.47774 19.983 0.169 5.71 524.0
2457990.53537 19.459 0.103 5.84 432.0
2457990.59479 19.506 0.089 5.22 410.0
2457990.64030 19.439 0.088 5.62 387.0
2457991.49473 19.539 0.079 4.62 417.0
2457991.54520 19.766 0.135 6.18 403.0
2457991.61248 19.304 0.090 6.42 371.0
2457991.65883 18.997 0.060 5.72 391.0
2457992.51214 19.291 0.064 4.64 401.0
2457992.55963 19.245 0.059 4.62 381.0
2457992.61504 19.079 0.056 5.03 384.0
2457993.52774 19.543 0.088 4.82 421.0
2457993.57523 18.912 0.051 5.11 400.0
2457993.62203 19.139 0.056 4.90 360.0
2457994.49179 19.617 0.102 5.21 459.0
2457994.54066 19.605 0.116 5.93 459.0
2457994.58756 19.053 0.066 6.14 446.0
2457994.63638 19.238 0.081 6.06 457.0
2457998.49324 19.305 0.110 4.27 1807.0
2457998.53274 19.577 0.127 4.86 991.0
2457998.57005 19.265 0.098 4.55 1237.0
2457998.61149 19.432 0.100 5.27 718.0
2458000.51846 19.322 0.116 7.11 540.0
2458000.56078 19.413 0.096 5.61 546.0
2458000.60377 19.387 0.112 6.11 641.0
2458001.47922 19.318 0.086 5.04 726.0
2458001.52813 19.344 0.069 4.45 511.0
2458001.57477 19.133 0.068 5.09 564.0
2458001.62099 19.071 0.063 5.13 576.0
2458004.52075 19.821 0.136 5.68 485.0
2458004.57754 19.750 0.162 6.79 497.0
2458007.57348 19.125 0.084 6.69 428.0
2458008.51880 19.666 0.115 5.74 416.0
2458008.57574 19.722 0.134 6.30 401.0
2458010.58137 19.410 0.098 6.20 466.0
2458012.49927 19.450 0.081 4.78 473.0
2458012.55591 19.099 0.056 4.70 482.0
2458013.54403 19.355 0.067 4.30 467.0
2458014.48175 20.055 0.161 4.72 604.0
2458014.53778 19.586 0.084 4.77 417.0
2458014.58511 19.335 0.078 5.38 455.0
2458015.57119 19.164 0.070 5.79 415.0
2458016.51251 19.232 0.085 6.23 473.0
2458016.55993 19.415 0.094 6.32 385.0
2458017.52226 19.808 0.117 5.44 419.0
2458017.56821 19.475 0.091 5.57 448.0
2458018.53276 20.186 0.178 5.60 423.0
2458019.48394 19.601 0.098 4.66 541.0
2458019.54379 19.414 0.072 4.81 400.0
2458020.56209 20.114 0.160 4.55 424.0
2458021.52213 19.887 0.159 5.90 541.0
2458026.52512 19.637 0.135 4.64 1110.0
2458030.48542 19.616 0.109 4.18 846.0
2458030.53308 19.409 0.099 4.86 950.0
2458040.54712 20.099 0.208 5.96 605.0
2458041.50373 19.496 0.095 5.29 483.0
2458048.49925 19.833 0.119 5.01 503.0
2458152.87845 19.250 0.110 6.66 1095.0
2458153.87589 19.814 0.129 5.00 718.0
2458155.87353 19.193 0.086 5.92 719.0
2458156.88443 19.649 0.135 5.02 990.0
2458161.87725 19.584 0.108 5.65 545.0
2458162.86342 19.396 0.071 5.12 439.0
2458163.85557 19.180 0.074 5.81 640.0
2458164.84899 18.696 0.048 6.14 458.0
2458164.88758 18.705 0.046 5.47 578.0
2458165.87368 18.166 0.027 5.42 448.0
2458166.85547 18.096 0.029 5.96 461.0
2458166.89293 18.209 0.031 5.37 553.0
2458167.86701 18.864 0.047 5.35 440.0
2458168.83682 19.251 0.073 5.62 446.0
2458168.87479 19.492 0.075 4.75 383.0
2458169.88209 19.574 0.091 5.01 437.0
2458170.84152 19.149 0.057 5.02 442.0
2458170.87929 19.353 0.064 4.51 420.0
2458171.83848 19.516 0.090 5.24 479.0
2458171.87582 19.619 0.083 4.42 430.0
2458172.83629 19.643 0.105 5.64 454.0
2458172.87384 19.472 0.079 4.61 469.0
2458173.83359 19.392 0.084 5.62 550.0
2458173.87097 19.363 0.071 4.97 506.0
2458174.82097 19.491 0.099 5.42 597.0
2458174.85846 19.459 0.083 4.83 544.0
2458174.89581 19.092 0.050 3.89 557.0
2458175.84445 19.631 0.092 5.09 431.0
2458175.88220 19.549 0.079 4.56 419.0
2458176.82480 19.675 0.118 5.59 553.0
2458176.86262 19.250 0.064 4.93 451.0
2458181.80187 19.789 0.135 5.03 758.0
2458181.84319 19.632 0.104 4.86 666.0
2458181.88334 19.728 0.109 4.60 581.0
2458182.84742 19.795 0.111 4.55 576.0
2458182.89361 19.431 0.075 4.11 542.0
2458183.81953 19.327 0.080 5.41 635.0
2458183.86804 19.397 0.084 5.33 520.0
2458184.85586 19.572 0.092 4.49 602.0
2458184.89514 19.399 0.085 4.88 572.0
2458185.83826 19.560 0.118 5.83 676.0
2458185.87689 19.548 0.118 5.80 632.0
2458189.78486 19.567 0.099 5.54 437.0
2458189.83608 19.957 0.122 4.64 421.0
2458189.88258 19.623 0.087 4.44 414.0
2458190.83692 19.251 0.051 4.60 335.0
2458190.89349 19.297 0.051 3.87 358.0
2458191.80853 19.710 0.127 6.43 406.0
2458191.86502 19.451 0.080 5.25 378.0
2458192.81478 19.657 0.114 6.05 437.0
2458192.87138 19.210 0.062 5.06 398.0
2458193.78557 19.559 0.087 5.51 373.0
2458193.83289 19.915 0.157 6.66 363.0
2458193.88046 19.440 0.073 5.14 346.0
2458194.77872 19.522 0.079 5.18 368.0
2458194.82696 19.114 0.063 5.85 353.0
2458194.88212 19.236 0.057 4.54 348.0
2458195.76971 20.275 0.212 6.58 420.0
2458195.81535 19.792 0.122 5.68 393.0
2458195.87302 19.064 0.049 4.57 369.0
2458196.76934 19.740 0.102 5.29 383.0
2458196.81521 19.412 0.070 4.72 365.0
2458196.87117 19.087 0.062 6.32 350.0
2458196.91749 19.349 0.136 5.69 1531.0
2458197.78585 19.438 0.078 5.24 391.0
2458197.83172 19.419 0.067 4.65 374.0
2458197.88682 19.012 0.047 4.77 379.0
2458198.75417 19.428 0.072 5.40 395.0
2458198.80341 19.257 0.059 4.71 401.0
2458198.84896 19.300 0.056 3.87 403.0
2458198.90422 19.490 0.081 4.72 459.0
2458199.77799 19.159 0.068 5.84 375.0
2458199.82347 19.131 0.057 5.27 360.0
2458199.87860 19.030 0.045 4.39 376.0
2458200.78409 19.407 0.080 5.68 440.0
2458200.83035 19.242 0.063 5.14 419.0
2458200.88572 19.148 0.053 4.42 423.0
2458201.84101 19.554 0.087 5.10 366.0
2458201.89579 19.343 0.073 5.60 330.0
2458202.76260 19.323 0.075 5.47 481.0
2458202.80810 19.178 0.055 4.63 415.0
2458202.86282 19.316 0.059 4.53 396.0
2458202.90938 19.073 0.048 4.09 421.0
2458203.77907 19.561 0.085 5.28 385.0
2458203.82489 19.332 0.059 4.51 365.0
2458203.87107 19.571 0.070 3.86 359.0
2458204.74140 19.222 0.110 7.29 596.0
2458204.78766 19.128 0.065 5.87 423.0
2458204.83300 19.064 0.057 5.46 381.0
2458204.88802 19.504 0.082 5.21 354.0
2458205.74033 19.539 0.142 7.20 556.0
2458205.78861 19.390 0.103 6.66 464.0
2458205.84664 19.947 0.131 5.48 363.0
2458205.90145 19.408 0.070 4.64 372.0
2458206.75327 19.355 0.084 5.62 592.0
2458206.79895 19.147 0.056 4.63 484.0
2458206.84446 19.058 0.043 4.06 446.0
2458206.90007 19.065 0.037 3.53 355.0
2458207.74933 19.213 0.078 5.58 651.0
2458207.79481 19.267 0.066 4.70 540.0
2458207.84095 19.293 0.068 4.79 488.0
2458207.88698 19.093 0.045 3.78 431.0
2458208.74571 19.336 0.082 4.56 805.0
2458208.79116 19.562 0.091 4.43 683.0
2458208.83699 19.334 0.068 3.81 613.0
2458208.89252 19.258 0.074 5.17 563.0
2458209.74392 19.410 0.102 5.56 733.0
2458209.78856 19.286 0.074 4.76 616.0
2458209.83459 19.388 0.078 4.82 563.0
2458209.88029 19.461 0.071 3.89 551.0
2458210.72032 19.326 0.107 6.03 819.0
2458210.76919 19.167 0.072 5.30 624.0
2458210.81557 19.118 0.058 4.55 565.0
2458210.86125 19.033 0.051 4.38 539.0
2458210.90700 19.202 0.057 3.89 559.0
2458211.73885 19.746 0.173 7.04 681.0
2458211.78474 19.079 0.073 5.76 612.0
2458211.83056 19.116 0.062 4.76 570.0
2458211.87684 19.150 0.051 3.91 558.0
2458212.71497 19.132 0.077 5.24 842.0
2458212.75975 19.528 0.098 4.99 737.0
2458212.79370 19.195 0.061 4.26 650.0
2458212.83694 18.955 0.048 4.00 648.0
2458212.88290 19.108 0.051 3.77 618.0
2458217.76103 19.288 0.069 5.25 397.0
2458217.82104 19.302 0.062 4.45 438.0
2458217.87346 19.311 0.058 4.36 374.0
2458220.72623 19.530 0.110 6.97 359.0
2458220.75698 19.263 0.066 5.55 341.0
2458220.80462 19.287 0.062 5.21 331.0
2458220.87576 19.219 0.051 4.32 343.0
2458220.92432 18.989 0.054 4.10 703.0
2458221.75871 19.623 0.090 5.30 344.0
2458221.79868 19.655 0.078 4.27 334.0
2458221.85363 18.964 0.044 4.79 341.0
2458221.90941 19.184 0.052 4.09 383.0
2458222.71534 19.275 0.063 5.07 388.0
2458222.76212 19.210 0.057 4.83 344.0
2458222.82443 19.227 0.064 5.15 341.0
2458222.88649 19.179 0.052 4.14 375.0
2458223.77659 19.251 0.064 4.73 364.0
2458223.84411 19.403 0.088 5.92 366.0
2458223.89711 19.136 0.055 4.53 385.0
2458224.70927 19.727 0.135 6.43 441.0
2458224.75571 19.718 0.122 5.86 414.0
2458224.82821 19.346 0.066 4.52 417.0
2458224.87715 18.996 0.040 3.56 385.0
2458225.79333 19.409 0.092 6.07 374.0
2458225.89010 19.585 0.111 5.88 411.0
2458226.85184 19.411 0.102 6.68 366.0
2458226.90045 19.583 0.115 6.16 372.0
2458227.71073 19.559 0.085 5.18 379.0
2458227.75698 19.267 0.070 5.58 339.0
2458227.83553 18.978 0.040 4.08 332.0
2458227.88375 19.245 0.055 4.22 355.0
2458228.73105 19.687 0.148 7.12 415.0
2458228.78059 19.330 0.066 5.08 350.0
2458228.82895 19.207 0.044 3.78 342.0
2458228.90529 19.027 0.047 4.48 356.0
2458229.71000 19.414 0.072 5.38 378.0
2458229.77508 19.204 0.047 4.20 328.0
2458229.82394 19.100 0.042 4.04 320.0
2458229.87530 19.346 0.054 3.93 348.0
2458229.92197 19.111 0.045 3.97 394.0
2458230.72758 19.380 0.072 5.50 377.0
2458230.77590 19.616 0.087 5.06 369.0
2458230.84478 19.321 0.053 4.06 357.0
2458230.89638 19.175 0.047 4.09 346.0
2458232.79978 19.116 0.051 4.30 400.0
2458232.86940 19.156 0.056 4.44 375.0
2458233.70978 19.264 0.062 4.39 472.0
2458233.76116 19.066 0.048 4.36 411.0
2458235.82960 19.061 0.040 3.40 469.0
2458236.71275 19.481 0.084 4.57 602.0
2458236.78280 19.403 0.075 4.22 570.0
2458238.68753 19.190 0.092 5.35 1022.0
2458238.74148 19.522 0.106 5.12 723.0
2458238.78802 19.271 0.064 3.88 676.0
2458238.84575 19.272 0.066 3.89 690.0
2458238.89814 19.016 0.063 4.66 703.0
2458240.83476 20.098 0.222 5.83 758.0
2458244.68478 19.520 0.090 5.09 496.0
2458244.73232 19.361 0.080 5.43 468.0
2458244.78918 19.125 0.066 5.25 485.0
2458244.83922 19.337 0.074 4.73 504.0
2458244.90405 19.337 0.081 4.46 731.0
2458245.85109 20.076 0.200 5.98 579.0
2458245.89950 19.155 0.072 5.40 572.0
2458246.69250 19.713 0.143 6.66 466.0
2458246.73900 19.928 0.156 6.14 449.0
2458246.78932 19.368 0.084 5.46 471.0
2458246.84228 19.224 0.059 4.21 504.0
2458246.89651 19.770 0.144 5.64 585.0
2458247.62953 19.555 0.139 6.95 583.0
2458247.67692 19.429 0.086 5.64 461.0
2458247.72280 19.496 0.079 5.17 373.0
2458247.76936 19.395 0.067 4.66 411.0
2458247.82916 19.237 0.060 4.29 482.0
2458247.88437 19.589 0.099 4.91 533.0
2458248.73957 20.024 0.186 6.79 407.0
2458249.64391 19.242 0.096 7.05 477.0
2458249.69039 19.506 0.117 6.98 418.0
2458249.73708 19.404 0.072 5.26 369.0
2458249.78376 19.306 0.066 5.16 370.0
2458249.84347 18.945 0.042 4.37 421.0
2458249.89907 18.947 0.050 4.48 508.0
2458250.64546 19.200 0.055 5.27 375.0
2458250.69821 19.189 0.046 4.45 323.0
2458250.74433 19.108 0.041 4.07 352.0
2458250.81166 19.289 0.053 4.12 362.0
2458250.85899 19.327 0.054 3.78 377.0
2458250.90800 19.383 0.069 4.24 436.0
2458251.62452 19.711 0.119 7.21 256.0
2458251.67029 19.332 0.088 6.37 389.0
2458251.71686 19.667 0.116 6.17 373.0
2458251.77808 20.068 0.177 6.42 777.0
2458251.83084 19.607 0.093 5.49 398.0
2458251.88420 19.463 0.079 4.95 430.0
2458251.94003 19.422 0.119 5.34 978.0
2458252.89440 19.389 0.109 6.46 476.0
2458252.94027 19.462 0.105 5.07 801.0
2458253.66466 19.236 0.064 5.59 379.0
2458253.71229 19.238 0.059 4.96 371.0
2458253.75893 19.373 0.062 4.48 398.0
2458253.83732 19.079 0.050 4.35 406.0
2458254.62943 19.797 0.108 4.87 465.0
2458254.68740 19.248 0.060 4.91 374.0
2458254.74469 19.124 0.043 3.61 387.0
2458254.82157 19.042 0.039 3.40 382.0
2458254.86794 19.015 0.038 3.13 423.0
2458254.92609 18.997 0.043 3.68 494.0
2458255.64235 19.307 0.072 5.31 380.0
2458255.70383 19.765 0.104 4.78 356.0
2458255.76292 19.094 0.051 4.82 371.0
2458255.84253 19.189 0.055 4.00 429.0
2458255.88908 19.280 0.066 4.12 494.0
2458255.93497 19.820 0.155 5.54 647.0
2458256.65222 19.644 0.115 5.99 418.0
2458256.69834 20.015 0.165 6.27 366.0
2458256.75698 19.926 0.133 5.43 381.0
2458256.80698 19.183 0.079 5.93 445.0
2458256.86233 19.285 0.080 5.40 470.0
2458256.91720 19.084 0.057 4.69 490.0
2458257.66326 19.453 0.083 5.25 435.0
2458257.71155 19.957 0.137 5.47 366.0
2458257.76018 19.295 0.070 5.20 346.0
2458257.80911 19.161 0.068 5.63 367.0
2458257.85862 18.707 0.042 5.04 414.0
2458257.93034 18.879 0.044 4.19 484.0
2458258.70812 19.530 0.080 5.11 357.0
2458258.75685 19.153 0.054 4.79 350.0
2458258.81611 19.132 0.049 3.90 369.0
2458258.87551 19.107 0.045 3.69 382.0
2458258.92924 19.231 0.050 3.72 467.0
2458259.68523 19.142 0.055 4.69 449.0
2458259.74036 19.215 0.063 4.82 497.0
2458259.79953 19.186 0.052 3.90 441.0
2458259.85095 19.664 0.099 4.54 490.0
2458259.90387 19.263 0.072 4.90 534.0
2458260.61634 19.867 0.129 5.11 541.0
2458260.75045 19.002 0.041 4.11 426.0
2458260.89916 18.956 0.046 4.33 566.0
2458261.63665 20.069 0.152 5.19 468.0
2458261.68946 19.247 0.068 4.95 408.0
2458261.74776 18.905 0.043 4.42 369.0
2458261.83016 19.097 0.052 4.45 372.0
2458261.88653 19.216 0.058 4.10 418.0
2458261.93404 19.421 0.079 4.33 538.0
2458262.64161 19.284 0.065 5.00 398.0
2458262.69154 19.213 0.051 4.39 367.0
2458262.74119 19.095 0.044 4.17 357.0
2458262.79419 19.084 0.045 4.21 320.0
2458262.86145 19.239 0.059 4.67 347.0
2458262.90887 18.946 0.052 4.80 436.0
2458263.62799 19.323 0.060 4.27 490.0
2458263.68195 19.080 0.046 4.13 447.0
2458263.73383 19.115 0.044 3.98 390.0
2458263.79802 19.174 0.047 3.76 445.0
2458263.85132 19.108 0.040 3.50 321.0
2458263.91312 18.881 0.040 4.78 345.0
2458264.71463 19.115 0.050 3.91 508.0
2458264.76390 19.229 0.056 4.14 483.0
2458264.81875 18.998 0.045 3.63 537.0
2458264.86602 19.025 0.056 4.66 507.0
2458264.92405 19.257 0.079 5.52 571.0
2458265.62728 20.142 0.180 4.84 625.0
2458265.67668 19.384 0.094 5.46 577.0
2458265.72905 18.976 0.048 4.32 539.0
2458265.78101 19.067 0.053 3.86 548.0
2458265.85075 18.913 0.055 5.08 580.0
2458266.69868 19.289 0.101 6.06 654.0
2458266.75122 19.740 0.137 5.56 641.0
2458271.62119 19.814 0.166 6.01 702.0
2458271.66715 19.573 0.123 5.57 747.0
2458271.78614 19.155 0.080 5.66 641.0
2458271.81239 18.978 0.076 6.09 617.0
2458271.84023 18.898 0.060 5.02 665.0
2458271.88665 18.940 0.073 5.49 848.0
2458272.67510 19.190 0.062 4.81 478.0
2458272.73279 19.860 0.128 5.14 489.0
2458272.78280 19.257 0.065 4.81 486.0
2458272.83374 19.273 0.068 4.44 514.0
2458272.88389 19.158 0.064 4.64 561.0
2458272.93125 19.366 0.092 5.37 605.0
2458273.60227 19.523 0.092 5.45 438.0
2458273.65036 19.068 0.053 4.83 430.0
2458273.71682 19.193 0.051 4.16 379.0
2458273.77088 18.902 0.042 4.66 385.0
2458273.82251 19.062 0.055 4.72 442.0
2458273.85773 19.041 0.057 4.87 477.0
2458273.89716 18.833 0.043 4.33 485.0
2458274.56918 19.319 0.102 6.80 484.0
2458274.61937 19.366 0.080 5.78 373.0
2458274.66812 19.369 0.098 6.92 380.0
2458274.71808 19.582 0.140 7.27 415.0
2458274.77929 19.156 0.076 5.90 434.0
2458274.83014 18.960 0.056 5.25 489.0
2458274.87877 18.818 0.055 5.49 591.0
2458275.61271 20.041 0.149 5.58 411.0
2458275.66983 19.749 0.103 5.16 368.0
2458275.73717 19.100 0.047 4.20 414.0
2458275.78960 18.949 0.044 4.16 418.0
2458275.83853 19.341 0.073 4.77 470.0
2458275.89104 19.339 0.090 5.58 560.0
2458276.57152 19.488 0.100 5.93 495.0
2458276.61976 19.399 0.094 5.97 425.0
2458276.66653 19.392 0.066 4.89 352.0
2458276.72708 19.205 0.049 4.00 387.0
2458276.77794 18.994 0.046 4.21 392.0
2458276.82735 19.128 0.056 4.56 449.0
2458276.87633 19.014 0.061 5.04 512.0
2458277.61686 19.170 0.053 4.71 380.0
2458277.67747 19.196 0.048 4.32 331.0
2458277.73247 19.094 0.046 4.53 327.0
2458277.78286 19.164 0.056 4.49 363.0
2458277.83085 19.261 0.069 4.74 421.0
2458277.88390 19.004 0.051 4.51 478.0
2458277.92711 19.055 0.060 5.07 536.0
2458278.57823 19.346 0.068 5.45 406.0
2458278.62504 19.315 0.065 5.12 399.0
2458278.69681 19.189 0.050 4.38 389.0
2458278.84071 19.353 0.071 4.70 552.0
2458282.56316 19.516 0.094 5.65 423.0
2458282.61140 19.426 0.062 4.45 329.0
2458282.67037 19.145 0.042 4.14 304.0
2458282.73245 19.029 0.048 4.99 311.0
2458282.79362 19.048 0.047 4.70 358.0
2458282.84377 19.123 0.042 3.49 379.0
2458282.89217 19.254 0.061 4.58 443.0
2458283.52908 19.603 0.110 5.77 475.0
2458283.57567 19.203 0.068 5.78 357.0
2458283.62207 19.320 0.073 5.74 343.0
2458283.67783 19.163 0.051 4.59 340.0
2458283.74015 19.232 0.070 6.12 367.0
2458283.78906 19.236 0.055 4.12 396.0
2458283.83794 19.167 0.060 4.67 425.0
2458283.88619 19.229 0.077 5.54 468.0
2458284.52974 19.613 0.102 5.31 514.0
2458284.57612 19.328 0.069 5.23 392.0
2458284.62383 19.068 0.051 4.97 347.0
2458284.67982 19.388 0.072 5.19 349.0
2458284.74251 19.128 0.050 4.74 326.0
2458284.78969 19.113 0.040 3.51 330.0
2458284.83870 19.042 0.054 5.00 354.0
2458284.88600 19.170 0.070 5.39 435.0
2458285.72501 19.828 0.102 5.02 353.0
2458285.77270 19.513 0.074 4.38 352.0
2458286.52850 19.650 0.095 5.36 371.0
2458286.57522 19.399 0.071 5.47 322.0
2458286.62305 19.514 0.075 5.28 298.0
2458286.68078 19.692 0.084 4.54 297.0
2458286.74404 19.131 0.047 4.10 302.0
2458286.81904 19.036 0.046 4.28 334.0
2458286.86608 19.220 0.070 5.33 380.0
2458286.91102 19.183 0.068 5.37 444.0
2458287.56294 19.332 0.065 4.75 373.0
2458287.61772 19.157 0.051 4.66 335.0
2458287.67369 19.032 0.038 4.31 292.0
2458287.73479 18.916 0.041 4.45 315.0
2458287.79718 18.842 0.039 4.59 297.0
2458287.85921 18.896 0.035 3.63 329.0
2458287.89929 18.905 0.044 4.54 415.0
2458288.53894 19.953 0.122 5.33 394.0
2458288.58475 19.588 0.095 5.92 366.0
2458288.64044 19.161 0.048 4.37 308.0
2458288.70828 19.581 0.073 4.49 302.0
2458288.77065 19.332 0.058 4.05 321.0
2458288.83196 19.380 0.077 4.97 394.0
2458288.87890 19.469 0.102 5.44 550.0
2458289.52309 19.994 0.159 5.92 515.0
2458289.57010 19.496 0.083 5.33 398.0
2458289.61842 19.269 0.060 4.76 392.0
2458289.69307 19.084 0.042 4.18 332.0
2458289.75331 19.108 0.050 4.56 345.0
2458289.81021 19.147 0.058 4.96 377.0
2458289.85806 19.131 0.063 5.33 402.0
2458289.90232 19.317 0.089 6.06 519.0
2458290.56734 20.103 0.144 5.02 432.0
2458290.61758 19.593 0.093 4.98 399.0
2458290.68959 18.972 0.045 4.38 394.0
2458290.74881 19.325 0.065 4.48 356.0
2458290.80670 19.330 0.073 4.85 420.0
2458290.85500 19.137 0.064 5.38 474.0
2458291.55364 19.237 0.073 4.76 883.0
2458291.61104 19.541 0.094 4.78 670.0
2458291.67676 18.989 0.054 4.66 476.0
2458291.73820 19.387 0.066 3.65 430.0
2458291.79577 19.339 0.065 4.06 416.0
2458291.85647 19.392 0.085 5.03 466.0
2458291.89347 19.221 0.082 5.77 520.0
2458292.66664 19.851 0.167 6.10 659.0
2458292.73325 18.876 0.046 4.32 432.0
2458292.80293 19.336 0.076 4.91 441.0
2458292.86694 19.447 0.083 4.69 494.0
2458293.53107 19.865 0.186 6.61 668.0
2458293.57265 19.488 0.119 6.35 537.0
2458293.62747 19.559 0.146 6.94 515.0
2458293.69159 19.283 0.069 4.71 493.0
2458293.75243 19.601 0.143 6.68 539.0
2458294.61880 20.005 0.192 6.14 625.0
2458294.66762 19.549 0.126 6.32 563.0
2458294.73197 19.379 0.133 7.33 691.0
2458294.80751 19.029 0.096 6.80 824.0
2458299.65122 19.272 0.114 4.86 1644.0
2458301.61909 20.136 0.222 6.49 535.0
2458301.66731 19.722 0.133 5.94 498.0
2458301.72094 19.499 0.129 6.89 481.0
2458301.77041 19.161 0.082 5.99 506.0
2458301.83367 18.937 0.086 6.78 728.0
2458302.60674 19.418 0.081 5.45 600.0
2458303.61589 19.611 0.133 7.25 381.0
2458304.57866 19.384 0.117 7.42 426.0
2458304.62409 19.525 0.114 6.51 416.0
2458304.68057 19.114 0.088 7.01 459.0
2458304.73628 19.430 0.123 6.94 485.0
2458304.79749 19.671 0.162 7.35 511.0
2458305.57170 19.794 0.156 7.06 392.0
2458305.64018 19.753 0.134 6.80 340.0
2458305.67860 19.196 0.072 6.17 368.0
2458305.73813 19.325 0.081 5.84 375.0
2458305.79183 19.188 0.096 7.18 416.0
2458305.84266 19.127 0.094 7.26 491.0
2458306.66575 19.133 0.080 6.66 382.0
2458306.69360 19.447 0.094 6.07 420.0
2458306.74473 19.335 0.108 7.17 401.0
2458306.78025 19.283 0.107 7.27 404.0
2458306.82008 18.933 0.066 6.16 445.0
2458307.46838 20.328 0.233 5.99 639.0
2458307.51609 19.560 0.087 5.14 459.0
2458307.57302 19.166 0.054 4.79 425.0
2458307.62238 19.178 0.051 4.79 343.0
2458307.68210 19.374 0.064 4.35 330.0
2458307.72931 19.260 0.055 4.21 337.0
2458307.78630 19.212 0.064 4.88 411.0
2458307.83414 19.367 0.108 7.07 462.0
2458308.54488 19.453 0.076 5.29 330.0
2458308.59082 19.395 0.066 4.98 306.0
2458308.64873 19.092 0.046 4.60 302.0
2458308.70589 19.872 0.130 5.54 340.0
2458308.80044 19.111 0.079 6.24 461.0
2458309.51932 20.493 0.198 6.00 364.0
2458309.56638 19.281 0.056 4.73 339.0
2458309.62503 19.258 0.054 4.59 325.0
2458309.68389 19.242 0.050 3.93 317.0
2458309.73218 18.991 0.038 3.58 358.0
2458309.77911 19.025 0.047 4.49 403.0
2458309.82529 18.954 0.059 5.66 445.0
2458310.53319 20.603 0.262 6.16 365.0
2458310.56417 19.776 0.109 5.64 379.0
2458310.60137 19.327 0.061 4.83 335.0
2458310.63566 19.297 0.058 4.66 376.0
2458310.67534 19.515 0.069 4.38 401.0
2458310.70998 19.268 0.057 4.34 426.0
2458310.75777 19.648 0.101 5.49 357.0
2458310.81096 19.306 0.086 6.07 422.0
2458311.52782 19.571 0.114 6.39 379.0
2458311.57776 19.297 0.066 5.37 332.0
2458311.63519 19.433 0.063 4.81 311.0
2458311.69326 19.187 0.052 4.16 330.0
2458311.74123 19.278 0.065 4.58 371.0
2458311.78753 19.391 0.078 4.75 444.0
2458311.83070 18.829 0.049 5.04 501.0
2458312.49775 20.555 0.233 5.32 441.0
2458312.54540 19.806 0.105 4.92 383.0
2458312.59565 19.269 0.064 5.25 334.0
2458312.65413 19.339 0.057 4.03 315.0
2458312.72049 18.955 0.037 4.00 313.0
2458312.77698 18.870 0.039 4.65 345.0
2458312.82648 19.016 0.050 5.46 406.0
2458313.49873 19.455 0.076 5.23 440.0
2458313.54661 19.385 0.058 4.43 338.0
2458313.59985 19.078 0.039 4.01 306.0
2458313.64530 19.122 0.044 3.75 324.0
2458313.70079 19.317 0.056 3.80 363.0
2458313.74721 19.220 0.056 3.59 417.0
2458313.79427 19.320 0.065 4.20 460.0
2458314.51412 19.891 0.114 5.11 389.0
2458314.56162 19.655 0.098 5.51 397.0
2458314.60918 19.053 0.051 4.91 366.0
2458314.66670 19.380 0.061 4.11 372.0
2458314.72322 19.394 0.073 4.73 378.0
2458314.76966 19.107 0.050 4.50 362.0
2458314.81534 19.152 0.065 6.06 406.0
2458316.49696 20.273 0.218 6.24 413.0
2458316.54451 19.491 0.097 5.84 425.0
2458316.59373 19.718 0.102 5.22 391.0
2458316.64442 20.173 0.177 5.91 381.0
2458316.70663 19.490 0.102 6.07 363.0
2458316.75751 19.375 0.132 7.69 442.0
2458320.49999 19.486 0.082 5.03 456.0
2458320.54710 19.251 0.072 5.57 440.0
2458320.60367 19.058 0.055 5.15 426.0
2458320.66324 18.928 0.040 4.20 382.0
2458320.71057 19.178 0.051 4.27 368.0
2458320.75689 18.954 0.040 4.07 368.0
2458321.48733 19.992 0.161 5.22 648.0
2458321.53310 19.867 0.150 5.83 569.0
2458328.53140 19.764 0.145 6.02 594.0
2458328.57854 19.281 0.080 5.33 577.0
2458328.62759 19.312 0.087 5.45 560.0
2458328.72303 19.249 0.085 5.04 700.0
2458328.76991 19.475 0.147 6.54 846.0
2458329.50650 19.846 0.147 5.81 511.0
2458329.55329 19.723 0.124 5.78 562.0
2458329.60111 19.323 0.090 5.73 531.0
2458329.64964 19.172 0.068 4.77 530.0
2458329.69600 19.250 0.059 3.68 565.0
2458329.74198 19.086 0.056 4.18 568.0
2458330.46752 20.324 0.195 5.26 624.0
2458330.52160 19.588 0.083 4.97 463.0
2458330.57800 19.465 0.119 5.60 1123.0
2458331.52475 19.153 0.052 4.75 341.0
2458331.58239 19.257 0.063 4.87 377.0
2458331.63170 19.422 0.089 5.59 409.0
2458331.67875 19.123 0.060 5.03 425.0
2458332.48524 20.158 0.177 5.54 442.0
2458332.54136 19.235 0.064 5.13 421.0
2458332.60173 19.538 0.112 6.81 414.0
2458332.64941 19.163 0.058 4.47 464.0
2458332.69595 19.368 0.080 5.08 478.0
2458333.49057 19.735 0.116 5.48 474.0
2458333.53806 19.402 0.065 4.80 407.0
2458333.59693 19.172 0.056 5.90 359.0
2458333.65620 19.109 0.048 4.22 352.0
2458334.49202 20.421 0.216 5.57 624.0
2458334.54952 19.316 0.056 4.37 434.0
2458334.60941 19.513 0.081 4.91 438.0
2458334.65688 19.228 0.056 4.49 368.0
2458334.75729 19.229 0.075 5.50 486.0
2458335.56937 19.342 0.082 5.40 512.0
2458335.68484 19.250 0.074 5.50 386.0
2458336.52439 19.618 0.086 5.00 351.0
2458336.58575 19.781 0.106 5.58 327.0
2458336.64658 19.194 0.057 4.87 305.0
2458336.74192 19.221 0.068 5.09 377.0
2458338.50250 19.493 0.107 6.42 431.0
2458338.55383 19.423 0.101 6.57 395.0
2458338.61433 19.080 0.059 5.65 365.0
2458338.72830 19.081 0.068 5.97 408.0
2458339.48717 19.673 0.090 4.82 423.0
2458339.55192 19.118 0.039 3.45 340.0
2458339.61091 19.188 0.046 3.89 302.0
2458339.72420 19.168 0.052 4.42 314.0
2458340.57839 19.826 0.100 4.56 375.0
2458340.64389 19.054 0.044 3.90 339.0
2458340.74402 19.317 0.080 6.01 344.0
2458341.52653 19.388 0.062 4.03 394.0
2458341.58410 19.292 0.055 4.04 334.0
2458341.64318 19.128 0.043 3.70 302.0
2458342.52705 19.665 0.099 5.32 355.0
2458342.60175 19.623 0.100 5.34 384.0
2458343.55278 19.749 0.100 4.92 333.0
2458344.50419 19.725 0.113 5.26 440.0
2458344.55528 19.331 0.075 5.27 355.0
2458344.61894 19.782 0.107 4.71 394.0
2458344.71301 19.359 0.080 5.21 400.0
2458345.55352 19.648 0.096 4.33 451.0
2458345.61556 19.573 0.077 4.38 335.0
2458345.70332 19.214 0.053 4.49 321.0
2458346.55915 19.357 0.057 4.01 318.0
2458346.61673 19.789 0.099 4.60 305.0
2458346.74070 19.284 0.058 4.54 320.0
2458347.50454 19.374 0.069 4.91 346.0
2458347.56874 19.475 0.082 5.24 321.0
2458347.62553 19.661 0.083 4.12 322.0
2458347.71656 19.257 0.059 5.13 331.0
2458348.58892 20.201 0.170 4.69 395.0
2458348.70513 19.938 0.121 4.40 420.0
2458349.72241 20.038 0.209 6.55 831.0
2458353.57789 19.632 0.132 5.72 610.0
2458355.54149 20.134 0.180 5.37 526.0
2458355.64208 19.360 0.070 4.16 573.0
2458355.68887 19.277 0.091 5.53 672.0
2458356.51535 19.996 0.154 5.10 584.0
2458356.64092 19.087 0.048 3.64 567.0
2458356.68856 19.212 0.065 4.30 652.0
2458357.56343 19.368 0.063 3.66 509.0
2458357.68651 19.560 0.101 4.94 612.0
2458358.51602 20.404 0.252 5.69 550.0
2458358.58388 19.752 0.112 4.76 513.0
2458358.65967 19.432 0.085 5.02 527.0
2458359.47934 19.954 0.139 5.15 495.0
2458359.53154 19.844 0.108 4.56 407.0
2458359.59859 19.641 0.095 4.35 500.0
2458359.67959 19.456 0.114 6.17 565.0
2458360.57445 20.430 0.251 5.68 475.0
2458360.69097 19.710 0.170 6.53 633.0
2458361.61211 19.201 0.092 7.02 396.0
2458363.52570 19.832 0.115 5.08 417.0
2458363.63226 19.343 0.065 5.17 315.0
2458363.68207 19.532 0.085 5.56 338.0
2458364.52551 19.159 0.055 4.74 422.0
2458364.58190 19.297 0.059 4.38 412.0
2458364.65616 19.056 0.041 4.27 329.0
2458366.49535 20.114 0.168 6.09 347.0
2458366.55610 19.611 0.085 4.65 364.0
2458366.67700 19.304 0.072 5.52 424.0
2458367.51930 19.561 0.087 4.67 393.0
2458367.62385 18.993 0.041 3.92 371.0
2458367.67159 19.050 0.046 4.95 372.0
2458368.52030 19.306 0.057 3.87 369.0
2458368.60621 19.150 0.047 3.59 421.0
2458368.66898 19.283 0.065 5.30 437.0
2458369.51352 19.942 0.120 4.40 401.0
2458369.60687 19.571 0.078 4.05 377.0
2458369.65424 19.438 0.082 5.38 422.0
2458370.53101 19.481 0.076 4.14 416.0
2458370.63275 19.242 0.067 4.95 414.0
2458371.47939 19.263 0.064 4.14 620.0
2458371.55285 19.403 0.057 3.67 356.0
2458371.59989 19.659 0.095 4.81 372.0
2458372.55505 19.749 0.097 4.44 382.0
2458372.65243 19.103 0.069 5.69 466.0
2458375.58117 20.307 0.210 5.90 385.0
2458375.62962 20.188 0.223 6.86 405.0
2458376.56213 18.993 0.058 5.35 435.0
2458376.61063 19.716 0.161 6.93 470.0
2458377.52890 19.443 0.126 6.33 799.0
2458377.57292 19.633 0.132 5.44 874.0
2458377.61280 19.079 0.078 5.46 749.0
2458381.56625 20.103 0.206 4.66 1404.0
2458382.51318 19.103 0.051 3.51 551.0
2458382.56379 19.160 0.055 3.75 581.0
2458382.60818 19.275 0.084 4.35 1026.0
2458383.48287 20.049 0.187 4.89 827.0
2458383.52799 19.969 0.144 4.62 597.0
2458383.57551 19.873 0.152 5.32 618.0
2458383.62043 19.524 0.134 6.18 725.0
2458384.52624 19.804 0.113 3.98 583.0
2458384.57554 19.658 0.106 4.21 642.0
2458384.61494 19.356 0.081 4.31 693.0
2458385.48138 19.370 0.081 4.39 720.0
2458385.54873 19.297 0.052 3.18 555.0
2458385.59871 19.106 0.046 3.65 608.0
2458386.48162 19.466 0.094 4.52 752.0
2458386.58511 19.389 0.104 4.87 1068.0
2458387.53795 19.611 0.136 4.47 1233.0
2458392.59841 19.768 0.161 7.21 431.0
2458394.58198 19.686 0.101 4.89 384.0
2458397.56398 20.290 0.202 6.26 374.0
2458401.56526 20.184 0.191 5.56 505.0
2458410.55873 19.684 0.144 5.69 705.0
2458411.55961 19.811 0.176 5.85 759.0
