2457424.87690 13.921 0.003 5.80 697.0
2457425.87292 13.919 0.003 6.34 642.0
2457427.88184 13.913 0.003 7.23 781.0
2457428.87376 13.915 0.003 5.86 566.0
2457429.85823 13.924 0.003 6.04 576.0
2457431.85796 13.916 0.003 5.44 594.0
2457432.87000 13.921 0.003 6.12 489.0
2457434.85704 13.923 0.003 7.06 598.0
2457436.86637 13.922 0.003 6.49 483.0
2457439.84681 13.912 0.003 7.26 746.0
2457441.88366 13.928 0.003 4.82 683.0
2457443.85452 13.923 0.003 6.11 673.0
2457444.83354 13.921 0.003 6.05 636.0
2457445.89552 13.922 0.003 4.17 574.0
2457448.81080 13.913 0.003 5.66 1573.0
2457453.90089 13.926 0.003 3.86 574.0
2457454.85625 13.922 0.003 4.99 423.0
2457456.85885 13.925 0.003 5.71 461.0
2457458.88750 13.924 0.003 4.93 368.0
2457461.89626 13.929 0.003 3.35 398.0
2457464.82799 13.926 0.003 5.46 523.0
2457467.80612 13.924 0.003 5.58 558.0
2457470.89194 13.927 0.003 4.48 559.0
2457472.80006 13.923 0.003 5.49 623.0
2457474.81614 13.921 0.003 5.61 618.0
2457475.85708 13.928 0.003 5.83 634.0
2457476.79372 13.930 0.003 4.62 680.0
2457484.91870 13.921 0.003 4.90 506.0
2457487.74829 13.926 0.003 6.70 446.0
2457491.72120 13.924 0.003 6.97 437.0
2457493.75530 13.917 0.003 5.61 380.0
2457495.77866 13.923 0.003 4.42 438.0
2457499.74329 13.918 0.003 5.96 624.0
2457500.92906 13.915 0.003 5.61 930.0
2457508.92878 13.931 0.003 5.14 691.0
2457512.80138 13.930 0.003 3.68 382.0
2457523.92744 13.923 0.003 5.86 475.0
2457529.79106 13.926 0.003 7.04 795.0
2457536.60224 13.932 0.003 6.75 455.0
2457545.91512 13.915 0.003 5.29 500.0
2457547.67512 13.919 0.003 4.96 332.0
2457549.76734 13.924 0.003 5.95 314.0
2457555.75734 13.916 0.003 4.72 484.0
2457557.90808 13.924 0.003 6.06 819.0
2457566.71617 13.930 0.003 6.42 359.0
2457567.81692 13.925 0.003 5.72 521.0
2457569.66166 13.929 0.003 5.77 407.0
2457573.72827 13.924 0.003 7.12 355.0
2457576.73000 13.922 0.003 5.49 326.0
2457584.50715 13.924 0.003 7.02 596.0
2457589.70415 13.918 0.003 5.96 876.0
2457593.51649 13.929 0.003 5.89 350.0
2457599.62969 13.921 0.003 6.67 356.0
2457602.57597 13.930 0.003 6.45 370.0
2457604.50264 13.918 0.003 5.59 405.0
2457605.74735 13.912 0.003 6.05 431.0
2457608.70022 13.916 0.003 5.17 373.0
2457611.57462 13.925 0.003 6.70 395.0
2457616.69943 13.922 0.003 4.86 1210.0
2457621.48021 13.923 0.003 7.63 454.0
2457623.64936 13.920 0.003 4.84 378.0
2457626.65342 13.905 0.003 5.13 375.0
2457633.57202 13.924 0.003 7.75 399.0
2457637.63439 13.917 0.003 6.16 404.0
2457647.53954 13.924 0.003 5.53 662.0
2457650.51195 13.922 0.003 5.50 377.0
2457651.52732 13.930 0.003 7.44 499.0
2457652.48608 13.921 0.003 5.17 423.0
2457652.51453 13.920 0.003 6.27 380.0
2457653.51390 13.924 0.003 5.27 402.0
2457654.51888 13.926 0.003 8.10 463.0
2457655.52194 13.921 0.003 6.13 408.0
2457656.52133 13.939 0.003 6.81 441.0
2457657.56750 13.927 0.003 6.14 462.0
2457657.59595 13.924 0.003 5.79 489.0
2457659.54728 13.926 0.003 6.59 515.0
2457660.51565 13.934 0.003 5.94 533.0
2457660.55880 13.924 0.003 6.41 537.0
2457661.51723 13.933 0.003 7.47 474.0
2457662.51794 13.925 0.003 7.10 535.0
2457664.51603 13.930 0.003 6.55 534.0
2457665.53822 13.933 0.003 6.57 658.0
2457666.51828 13.924 0.003 7.38 532.0
2457667.54756 13.920 0.003 6.57 469.0
2457671.50457 13.924 0.003 7.01 657.0
2457672.50610 13.921 0.003 6.58 586.0
2457673.52637 13.929 0.003 5.67 1054.0
2457673.54769 13.924 0.003 4.77 1578.0
2457675.51301 13.916 0.003 7.59 700.0
2457681.50561 13.923 0.003 8.31 496.0
2457682.50824 13.921 0.003 6.42 630.0
2457683.50728 13.928 0.003 7.20 565.0
2457795.86829 13.933 0.003 8.32 986.0
2457796.87399 13.929 0.003 4.96 759.0
2457797.85662 13.933 0.003 7.11 951.0
2457799.87582 13.927 0.003 5.59 669.0
2457801.85474 13.923 0.003 6.55 808.0
2457803.85003 13.924 0.003 5.36 1201.0
2457809.83360 13.931 0.003 6.74 544.0
2457815.83178 13.930 0.003 5.29 502.0
2457817.88045 13.934 0.003 3.98 469.0
2457819.89863 13.940 0.003 4.40 432.0
2457822.81955 13.924 0.003 6.00 719.0
2457824.84564 13.926 0.003 5.47 670.0
2457826.84087 13.929 0.003 5.14 686.0
2457828.82848 13.923 0.003 4.92 602.0
2457830.84845 13.927 0.003 4.84 859.0
2457834.79131 13.918 0.003 6.21 691.0
2457836.82059 13.922 0.003 6.46 379.0
2457838.80341 13.932 0.003 5.06 419.0
2457840.81615 13.927 0.003 5.21 352.0
2457842.78567 13.919 0.003 5.74 360.0
2457844.73683 13.921 0.003 5.77 388.0
2457845.87866 13.926 0.003 5.21 344.0
2457847.81964 13.928 0.003 5.29 365.0
2457849.75372 13.932 0.003 4.62 465.0
2457850.88569 13.933 0.003 4.57 354.0
2457852.89252 13.926 0.003 6.93 388.0
2457855.73656 13.923 0.003 4.82 769.0
2457856.85627 13.931 0.003 5.70 570.0
2457863.81703 13.933 0.003 5.88 392.0
2457864.79087 13.933 0.003 3.64 348.0
2457865.90940 13.922 0.003 4.85 457.0
2457867.76975 13.924 0.003 3.98 344.0
2457869.71719 13.932 0.003 5.37 379.0
2457870.85784 13.935 0.003 4.60 357.0
2457872.74241 13.935 0.003 4.61 404.0
2457873.86865 13.940 0.003 4.22 415.0
2457874.93781 13.937 0.003 5.53 2119.0
2457876.86299 13.939 0.003 4.91 431.0
2457878.71649 13.933 0.003 4.21 492.0
2457879.79182 13.936 0.003 7.94 475.0
2457881.79235 13.929 0.003 6.70 526.0
2457882.91859 13.935 0.003 4.87 618.0
2457893.67771 13.931 0.003 6.06 418.0
2457894.67708 13.926 0.003 5.13 405.0
2457895.79294 13.911 0.003 5.15 459.0
2457901.82614 13.925 0.003 5.03 425.0
2457902.94266 13.923 0.003 6.62 812.0
2457904.71077 13.932 0.003 4.70 321.0
2457905.67069 13.936 0.003 4.67 365.0
2457906.63366 13.941 0.003 4.60 425.0
2457907.67131 13.935 0.003 5.06 681.0
2457908.73834 13.938 0.003 4.10 513.0
2457909.66249 13.932 0.003 4.68 519.0
2457910.56907 13.928 0.003 6.43 713.0
2457911.88126 13.927 0.003 7.42 820.0
2457917.82022 13.924 0.003 7.79 676.0
2457923.72628 13.935 0.003 6.71 438.0
2457924.66353 13.929 0.003 4.58 392.0
2457925.70791 13.925 0.003 5.18 352.0
2457926.76271 13.921 0.003 7.06 416.0
2457932.75922 13.925 0.003 6.22 372.0
2457933.73851 13.923 0.003 6.36 314.0
2457934.75105 13.925 0.003 4.85 392.0
2457935.76254 13.922 0.003 4.70 340.0
2457936.76890 13.924 0.003 5.69 323.0
2457937.73474 13.925 0.003 5.74 387.0
2457944.54090 13.930 0.003 4.97 811.0
2457944.83351 13.923 0.003 7.09 1160.0
2457945.77195 13.928 0.003 4.78 579.0
2457946.73341 13.929 0.003 6.09 462.0
2457948.79344 13.931 0.003 5.43 521.0
2457952.72925 13.927 0.003 6.12 348.0
2457953.75297 13.926 0.003 5.12 329.0
2457954.78991 13.920 0.003 5.14 509.0
2457956.75388 13.921 0.003 5.53 379.0
2457958.68664 13.927 0.003 6.58 360.0
2457959.71736 13.925 0.003 5.62 332.0
2457960.76143 13.927 0.003 5.89 344.0
2457962.51249 13.929 0.003 5.07 388.0
2457964.77587 13.924 0.003 6.46 593.0
2457966.66827 13.929 0.003 7.37 385.0
2457971.59685 13.928 0.003 5.42 701.0
2457972.60938 13.925 0.003 5.89 700.0
2457974.50164 13.936 0.003 5.67 542.0
2457979.47875 13.926 0.003 5.36 478.0
2457980.66155 13.923 0.003 5.97 474.0
2457982.62415 13.929 0.003 5.01 395.0
2457984.57714 13.921 0.003 5.77 387.0
2457986.61732 13.924 0.003 4.96 355.0
2457990.59800 13.925 0.003 5.60 400.0
2457992.56281 13.925 0.003 5.08 387.0
2457994.54385 13.935 0.003 6.40 472.0
2458000.50131 13.923 0.003 6.05 575.0
2458002.51740 13.918 0.003 6.97 1984.0
2458005.59684 13.918 0.003 7.91 540.0
2458012.48682 13.917 0.003 4.65 538.0
2458015.49790 13.926 0.003 6.65 436.0
2458018.56639 13.918 0.003 6.74 439.0
2458026.51870 13.928 0.003 4.79 1330.0
2458036.52635 13.921 0.003 7.07 505.0
2458037.56846 13.917 0.003 7.07 587.0
2458041.51508 13.928 0.003 6.27 516.0
2458055.51675 13.919 0.003 5.00 757.0
2458057.51588 13.924 0.003 7.27 788.0
2458161.86933 13.916 0.003 6.22 643.0
2458161.88325 13.915 0.003 5.64 817.0
2458162.88130 13.913 0.003 4.73 551.0
2458166.84901 13.911 0.003 7.19 497.0
2458170.87749 13.927 0.003 4.10 445.0
2458174.84266 13.925 0.003 5.16 626.0
2458181.86553 13.925 0.003 4.54 679.0
2458184.90280 13.928 0.003 5.74 820.0
2458190.88416 13.919 0.003 4.01 361.0
2458193.83733 13.912 0.003 7.07 375.0
2458195.90811 13.920 0.003 3.96 460.0
2458198.77569 13.907 0.003 5.44 423.0
2458200.81785 13.912 0.003 4.63 408.0
2458202.81103 13.920 0.003 3.91 436.0
2458204.79211 13.904 0.003 5.61 435.0
2458206.78826 13.905 0.003 4.69 535.0
2458208.73475 13.892 0.003 5.09 964.0
2458209.86957 13.907 0.003 4.26 570.0
2458211.78928 13.898 0.003 6.05 655.0
2458212.88897 13.910 0.003 3.54 677.0
2458220.88284 13.915 0.003 4.47 344.0
2458222.79936 13.899 0.003 4.07 337.0
2458224.80443 13.904 0.003 4.74 414.0
2458227.74612 13.883 0.003 5.89 353.0
2458229.69939 13.884 0.003 5.58 405.0
2458230.82426 13.879 0.003 4.33 356.0
2458235.83414 13.903 0.003 3.48 467.0
2458238.90267 13.904 0.003 4.69 708.0
2458245.82248 13.896 0.003 7.18 568.0
2458246.93038 13.897 0.003 6.47 717.0
2458248.72895 13.899 0.003 6.19 404.0
2458249.93478 13.901 0.003 5.19 778.0
2458251.67326 13.887 0.003 6.20 402.0
2458252.94328 13.897 0.003 4.94 1185.0
2458254.74772 13.909 0.003 3.40 394.0
2458255.84554 13.898 0.003 4.68 434.0
2458256.86535 13.902 0.003 5.45 476.0
2458257.93337 13.901 0.003 4.79 527.0
2458259.76508 13.907 0.003 4.61 454.0
2458261.67627 13.903 0.003 4.61 438.0
2458262.77968 13.898 0.003 3.87 340.0
2458263.83638 13.897 0.003 3.92 313.0
2458265.61521 13.897 0.003 6.16 704.0
2458266.73582 13.883 0.003 5.30 651.0
2458271.86113 13.873 0.003 5.80 941.0
2458273.59237 13.898 0.003 5.42 453.0
2458274.57223 13.897 0.003 6.96 483.0
2458274.92898 13.891 0.003 7.03 889.0
2458276.57458 13.889 0.003 6.73 541.0
2458277.62204 13.882 0.003 5.32 388.0
2458278.59957 13.893 0.003 4.71 425.0
2458282.75538 13.872 0.003 5.07 333.0
2458283.74653 13.866 0.003 5.39 365.0
2458284.71385 13.878 0.003 4.27 346.0
2458286.56619 13.868 0.003 6.54 353.0
2458287.56905 13.878 0.003 5.02 372.0
2458288.57565 13.868 0.003 5.02 375.0
2458289.58869 13.866 0.003 4.69 413.0
2458290.60293 13.883 0.003 5.01 432.0
2458291.64612 13.887 0.003 4.74 479.0
2458292.65275 13.871 0.003 5.56 599.0
2458293.67808 13.882 0.003 4.18 498.0
2458299.51415 13.855 0.003 6.83 1092.0
2458301.82564 13.867 0.003 7.27 727.0
2458304.72699 13.868 0.003 7.93 517.0
2458305.83362 13.860 0.003 6.99 485.0
2458307.53479 13.853 0.003 5.23 485.0
2458308.51864 13.855 0.003 6.14 380.0
2458309.48867 13.847 0.003 6.03 424.0
2458309.84369 13.830 0.003 6.47 480.0
2458310.72786 13.838 0.003 6.01 386.0
2458311.73208 13.843 0.003 4.55 364.0
2458312.75149 13.861 0.003 3.93 347.0
2458313.72266 13.856 0.003 4.93 383.0
2458314.72946 13.843 0.003 4.48 373.0
2458316.73428 13.834 0.003 8.09 440.0
2458320.76314 13.822 0.003 4.46 383.0
2458328.63398 13.808 0.003 5.62 603.0
2458329.68689 13.803 0.003 4.62 579.0
2458331.60422 13.803 0.003 5.26 407.0
2458332.76218 13.789 0.003 6.31 584.0
2458334.63011 13.790 0.003 4.62 423.0
2458336.63529 13.802 0.003 4.88 306.0
2458339.52559 13.814 0.003 3.98 379.0
2458341.51583 13.809 0.003 4.64 415.0
2458343.52980 13.804 0.003 5.05 390.0
2458345.60157 13.814 0.003 5.32 354.0
2458347.57344 13.813 0.003 5.51 325.0
2458349.61446 13.812 0.003 5.39 430.0
2458355.66221 13.819 0.003 4.93 635.0
2458358.50485 13.825 0.003 5.77 566.0
2458360.54963 13.817 0.003 5.96 434.0
2458364.50312 13.833 0.003 4.33 437.0
2458367.63092 13.827 0.003 5.27 399.0
2458369.66045 13.821 0.003 5.13 450.0
2458372.62125 13.822 0.003 4.53 411.0
2458376.56837 13.819 0.003 6.16 451.0
2458383.49638 13.821 0.003 4.95 661.0
2458384.60120 13.828 0.003 4.06 710.0
2458387.47897 13.824 0.003 4.58 927.0
2458393.53012 13.830 0.003 6.87 407.0
2458401.51275 13.820 0.003 6.08 462.0
2458411.55817 13.828 0.003 6.35 792.0
2458415.49196 13.820 0.003 6.58 1493.0
