2457437.88532 16.457 0.006 5.09 262.0
2457440.83613 16.435 0.006 3.65 581.0
2457444.88866 16.458 0.006 4.78 386.0
2457447.80215 16.447 0.007 5.10 482.0
2457451.82645 16.456 0.006 4.08 377.0
2457452.89780 16.449 0.005 4.40 280.0
2457455.85378 16.458 0.006 5.43 258.0
2457457.88120 16.455 0.006 5.16 347.0
2457460.89022 16.444 0.006 4.67 295.0
2457462.89466 16.434 0.006 4.52 261.0
2457465.85806 16.444 0.006 4.72 337.0
2457470.76194 16.456 0.008 5.75 541.0
2457471.85083 16.461 0.007 5.19 489.0
2457473.75618 16.430 0.008 5.17 884.0
2457480.90917 16.460 0.008 6.71 345.0
2457485.82058 16.451 0.006 5.59 245.0
2457487.73193 16.465 0.007 5.27 306.0
2457488.85679 16.447 0.006 4.48 354.0
2457491.86590 16.464 0.006 4.33 256.0
2457492.87163 16.439 0.006 4.00 302.0
2457493.85891 16.468 0.005 4.46 227.0
2457494.85595 16.450 0.006 4.60 282.0
2457495.81535 16.467 0.007 5.73 274.0
2457498.72136 16.446 0.007 4.53 458.0
2457499.71386 16.444 0.007 5.17 512.0
2457499.91526 16.440 0.006 4.63 456.0
2457500.85638 16.475 0.008 5.58 527.0
2457508.65823 16.448 0.006 4.25 292.0
2457509.77521 16.445 0.007 6.51 290.0
2457511.85022 16.449 0.006 4.09 338.0
2457519.81680 16.466 0.007 5.57 394.0
2457526.65422 16.441 0.007 4.79 514.0
2457528.88983 16.465 0.008 5.14 735.0
2457534.67396 16.455 0.006 4.55 428.0
2457536.66629 16.452 0.006 4.93 285.0
2457545.82776 16.434 0.006 5.10 299.0
2457546.85160 16.442 0.007 5.87 365.0
2457547.80261 16.453 0.006 5.11 225.0
2457549.70584 16.438 0.005 3.77 199.0
2457550.66507 16.449 0.007 6.60 235.0
2457554.61301 16.441 0.007 5.68 420.0
2457555.51611 16.437 0.008 5.81 890.0
2457555.75422 16.451 0.006 4.35 371.0
2457557.69907 16.442 0.007 4.70 704.0
2457560.77401 16.450 0.009 5.25 1136.0
2457561.84669 16.464 0.008 5.31 754.0
2457562.50585 16.447 0.007 6.76 317.0
2457566.71443 16.452 0.007 6.13 241.0
2457567.65665 16.453 0.006 4.29 357.0
2457568.48059 16.460 0.008 7.41 376.0
2457568.63135 16.452 0.006 5.43 241.0
2457569.50741 16.443 0.008 7.64 388.0
2457569.65935 16.449 0.006 4.30 279.0
2457570.83700 16.453 0.007 6.47 387.0
2457573.68550 16.456 0.006 5.25 210.0
2457575.48719 16.468 0.008 7.10 290.0
2457575.80844 16.440 0.006 5.08 282.0
2457576.46286 16.454 0.009 6.70 666.0
2457576.81781 16.453 0.008 7.25 294.0
2457577.46385 16.449 0.009 7.95 504.0
2457582.67636 16.448 0.007 5.91 302.0
2457584.73732 16.450 0.007 5.30 441.0
2457589.74878 16.442 0.009 6.08 719.0
2457590.79557 16.436 0.009 6.73 703.0
2457593.73036 16.458 0.006 4.71 254.0
2457599.49213 16.454 0.007 6.06 317.0
2457599.56015 16.455 0.008 7.46 265.0
2457599.62751 16.445 0.007 6.55 243.0
2457599.66442 16.457 0.007 4.98 252.0
2457600.50165 16.452 0.008 7.29 273.0
2457600.59539 16.477 0.007 5.97 265.0
2457600.71945 16.472 0.006 6.46 475.0
2457601.72274 16.446 0.006 5.42 233.0
2457601.75807 16.446 0.007 6.06 266.0
2457603.48958 16.452 0.006 5.36 233.0
2457604.51277 16.476 0.007 5.92 282.0
2457605.53387 16.458 0.006 4.58 227.0
2457607.47661 16.450 0.007 6.47 297.0
2457608.60572 16.446 0.005 4.06 231.0
2457609.71409 16.440 0.006 5.65 271.0
2457611.68361 16.458 0.008 7.18 344.0
2457616.51763 16.444 0.007 4.45 530.0
2457617.66581 16.441 0.008 5.66 580.0
2457619.56071 16.457 0.008 6.34 401.0
2457622.65669 16.455 0.006 4.07 326.0
2457624.55158 16.455 0.006 4.86 273.0
2457626.54690 16.462 0.007 5.44 307.0
2457631.57287 16.446 0.005 4.17 253.0
2457633.64489 16.447 0.007 6.52 304.0
2457636.64343 16.450 0.007 6.19 321.0
2457647.53715 16.461 0.007 5.29 522.0
2457650.49446 16.461 0.006 4.84 278.0
2457650.59166 16.451 0.007 5.97 454.0
2457651.50975 16.444 0.007 5.43 362.0
2457652.49647 16.452 0.006 4.79 268.0
2457653.49637 16.452 0.006 5.16 291.0
2457653.56069 16.435 0.006 4.73 302.0
2457654.50099 16.460 0.007 6.11 352.0
2457655.49771 16.443 0.007 6.94 305.0
2457656.48845 16.464 0.007 6.25 406.0
2457656.49912 16.454 0.007 5.40 364.0
2457657.54503 16.446 0.006 5.34 348.0
2457658.50167 16.459 0.007 5.11 342.0
2457659.50222 16.471 0.007 5.56 364.0
2457660.49812 16.441 0.008 7.20 386.0
2457661.49969 16.449 0.008 7.65 343.0
2457662.49979 16.449 0.007 5.84 406.0
2457662.52950 16.471 0.008 6.18 425.0
2457664.48996 16.458 0.008 5.88 457.0
2457664.49849 16.453 0.008 6.45 418.0
2457665.50242 16.474 0.009 7.50 400.0
2457666.50069 16.461 0.008 6.93 426.0
2457667.50579 16.459 0.008 5.86 572.0
2457671.48697 16.463 0.010 6.61 813.0
2457672.48833 16.473 0.008 6.16 580.0
2457673.49490 16.444 0.008 5.29 765.0
2457675.49137 16.461 0.010 7.32 578.0
2457682.49079 16.454 0.010 6.54 861.0
2457683.49000 16.435 0.011 6.24 1197.0
2457795.85981 16.447 0.009 5.91 676.0
2457796.85689 16.468 0.008 5.68 543.0
2457797.88215 16.454 0.007 4.37 621.0
2457799.89278 16.460 0.010 5.81 970.0
2457801.88372 16.463 0.008 4.56 553.0
2457803.89729 16.442 0.010 4.90 1719.0
2457809.88223 16.455 0.007 5.18 298.0
2457812.85165 16.457 0.006 4.23 334.0
2457815.87959 16.458 0.006 4.32 295.0
2457818.82211 16.461 0.006 4.86 321.0
2457820.85645 16.446 0.006 4.46 336.0
2457822.86506 16.458 0.007 5.53 348.0
2457824.89098 16.465 0.007 4.73 423.0
2457826.88634 16.440 0.007 4.81 477.0
2457828.87387 16.442 0.007 4.32 419.0
2457830.89086 16.453 0.008 4.63 1072.0
2457834.86259 16.456 0.007 5.70 282.0
2457836.79799 16.458 0.008 6.94 259.0
2457837.85838 16.465 0.007 5.16 245.0
2457839.74141 16.452 0.006 4.31 243.0
2457840.80929 16.457 0.008 6.90 235.0
2457841.87936 16.453 0.008 7.10 262.0
2457842.92104 16.442 0.008 5.32 679.0
2457844.76078 16.450 0.006 4.88 229.0
2457845.80938 16.462 0.006 4.81 247.0
2457846.86342 16.452 0.006 4.52 239.0
2457847.90143 16.454 0.006 4.99 239.0
2457849.71652 16.440 0.007 5.72 410.0
2457850.74373 16.453 0.007 5.17 359.0
2457851.77677 16.433 0.008 6.31 370.0
2457852.90126 16.454 0.008 6.89 240.0
2457854.83239 16.448 0.007 5.02 446.0
2457855.88322 16.448 0.007 3.96 512.0
2457856.90921 16.435 0.010 7.19 503.0
2457862.77686 16.455 0.007 5.37 296.0
2457863.87374 16.450 0.007 4.80 325.0
2457864.84440 16.455 0.006 4.96 261.0
2457865.84848 16.439 0.006 3.83 310.0
2457866.85905 16.443 0.006 3.67 284.0
2457867.87840 16.455 0.006 4.53 258.0
2457869.70950 16.452 0.006 5.42 250.0
2457870.73636 16.462 0.006 3.69 233.0
2457871.75062 16.445 0.006 3.81 284.0
2457872.76612 16.454 0.006 3.22 274.0
2457873.76123 16.444 0.006 3.56 261.0
2457874.74540 16.453 0.008 6.37 293.0
2457875.83748 16.442 0.006 4.61 480.0
2457876.79320 16.462 0.006 4.01 298.0
2457877.77664 16.459 0.006 3.35 276.0
2457878.80767 16.442 0.006 3.43 299.0
2457879.76935 16.445 0.007 4.99 408.0
2457880.82768 16.468 0.008 6.02 402.0
2457881.91998 16.472 0.009 7.09 442.0
2457882.92665 16.463 0.008 5.47 433.0
2457890.86529 16.453 0.010 7.05 493.0
2457893.83060 16.463 0.007 5.10 317.0
2457894.70957 16.446 0.006 3.90 270.0
2457895.59601 16.451 0.007 6.41 421.0
2457897.76731 16.444 0.005 4.76 344.0
2457902.57471 16.457 0.008 7.28 350.0
2457902.83117 16.445 0.008 6.21 343.0
2457903.90797 16.445 0.009 6.91 386.0
2457904.82624 16.453 0.006 4.47 262.0
2457905.68756 16.452 0.006 3.84 242.0
2457906.58029 16.460 0.007 5.46 371.0
2457906.83671 16.448 0.007 4.40 397.0
2457907.72282 16.449 0.006 3.93 419.0
2457908.67518 16.435 0.007 4.33 401.0
2457909.55851 16.462 0.009 6.20 660.0
2457909.80648 16.444 0.007 4.18 469.0
2457910.59194 16.450 0.008 5.47 488.0
2457910.85553 16.459 0.007 4.70 806.0
2457911.71273 16.448 0.009 6.57 513.0
2457916.67319 16.437 0.006 3.84 547.0
2457916.89549 16.461 0.010 6.54 789.0
2457917.75046 16.446 0.007 4.08 403.0
2457918.62910 16.463 0.009 6.78 575.0
2457922.71015 16.455 0.007 5.50 289.0
2457923.73392 16.456 0.008 6.57 320.0
2457924.55025 16.446 0.007 4.96 298.0
2457924.79990 16.451 0.007 4.84 335.0
2457925.71556 16.454 0.006 4.63 255.0
2457926.62641 16.446 0.007 5.09 251.0
2457932.75133 16.438 0.007 6.06 252.0
2457933.60832 16.452 0.007 5.68 253.0
2457934.54345 16.446 0.007 5.46 291.0
2457934.78915 16.461 0.008 6.65 304.0
2457935.64231 16.443 0.006 4.38 257.0
2457936.52113 16.450 0.007 5.00 328.0
2457936.79336 16.439 0.007 6.04 229.0
2457937.60499 16.456 0.007 5.12 301.0
2457938.53319 16.450 0.008 5.75 442.0
2457944.51125 16.473 0.010 6.78 603.0
2457944.60485 16.459 0.007 4.61 530.0
2457944.72646 16.447 0.007 4.15 493.0
2457945.48360 16.456 0.007 5.29 437.0
2457945.71689 16.453 0.006 3.98 365.0
2457946.56423 16.452 0.007 4.68 391.0
2457946.82119 16.449 0.009 6.80 448.0
2457947.77232 16.455 0.009 7.27 380.0
2457948.65229 16.449 0.007 5.14 384.0
2457949.58883 16.443 0.008 5.86 432.0
2457952.73648 16.443 0.007 6.26 237.0
2457953.64210 16.463 0.007 5.22 229.0
2457954.53457 16.451 0.006 4.33 359.0
2457955.73450 16.454 0.006 5.32 288.0
2457956.66417 16.450 0.006 4.23 238.0
2457957.71986 16.455 0.008 6.86 289.0
2457958.74656 16.454 0.007 6.18 281.0
2457959.64317 16.453 0.006 4.18 236.0
2457960.52867 16.465 0.007 5.40 242.0
2457961.51622 16.446 0.006 5.24 340.0
2457962.49399 16.453 0.006 4.87 278.0
2457964.55407 16.466 0.006 4.20 314.0
2457965.66116 16.445 0.007 5.58 322.0
2457966.62668 16.452 0.007 5.78 291.0
2457967.66856 16.460 0.011 7.71 621.0
2457971.51862 16.450 0.007 4.86 551.0
2457971.61867 16.442 0.007 5.01 499.0
2457971.71105 16.444 0.009 6.39 662.0
2457972.55142 16.458 0.009 6.60 555.0
2457972.65681 16.454 0.009 6.18 542.0
2457973.58696 16.465 0.008 5.88 507.0
2457974.57476 16.453 0.007 4.97 377.0
2457975.65283 16.449 0.009 7.55 344.0
2457980.53872 16.447 0.008 6.30 363.0
2457981.61036 16.455 0.007 4.85 320.0
2457982.64656 16.452 0.007 6.02 316.0
2457984.51731 16.460 0.009 7.44 279.0
2457985.58367 16.467 0.008 6.34 308.0
2457987.48736 16.444 0.006 3.91 311.0
2457990.57114 16.456 0.007 4.66 316.0
2457991.63821 16.453 0.008 6.70 300.0
2457993.50655 16.457 0.007 5.30 345.0
2457994.56601 16.459 0.008 5.22 616.0
2457998.53812 16.465 0.008 4.95 674.0
2457998.64211 16.471 0.011 5.67 1547.0
2458000.56627 16.456 0.009 6.41 477.0
2458001.53848 16.443 0.007 5.02 439.0
2458003.49575 16.454 0.010 7.83 407.0
2458007.50968 16.460 0.009 7.18 347.0
2458010.57603 16.465 0.007 5.68 372.0
2458013.53872 16.458 0.007 4.96 390.0
2458015.56589 16.451 0.008 6.17 339.0
2458018.52745 16.466 0.007 5.49 349.0
2458021.51682 16.438 0.008 6.05 471.0
2458026.55665 16.447 0.008 5.33 805.0
2458035.55812 16.443 0.010 7.47 477.0
2458164.86944 16.442 0.006 5.36 332.0
2458166.86079 16.447 0.007 5.74 319.0
2458167.89889 16.448 0.008 5.04 820.0
2458169.86560 16.461 0.007 4.83 329.0
2458170.88916 16.442 0.006 3.79 337.0
2458172.83366 16.441 0.007 5.06 332.0
2458173.85448 16.458 0.006 4.80 393.0
2458174.86687 16.440 0.006 3.92 402.0
2458175.88904 16.460 0.006 4.16 318.0
2458176.89512 16.459 0.006 4.27 346.0
2458181.90275 16.440 0.008 4.92 660.0
2458184.80283 16.445 0.008 5.03 701.0
2458185.84356 16.459 0.007 6.00 429.0
2458189.84773 16.452 0.006 4.79 303.0
2458191.80764 16.447 0.007 6.17 300.0
2458193.78320 16.448 0.007 5.61 263.0
2458194.87974 16.452 0.006 4.02 245.0
2458196.79756 16.453 0.006 4.65 261.0
2458197.85877 16.443 0.006 4.38 269.0
2458199.74544 16.451 0.007 5.23 290.0
2458200.84179 16.466 0.006 4.35 313.0
2458201.90732 16.451 0.006 5.16 232.0
2458203.76148 16.457 0.006 4.73 271.0
2458204.81559 16.455 0.007 5.48 287.0
2458205.88377 16.448 0.006 5.02 269.0
2458207.73174 16.449 0.008 6.08 564.0
2458208.75850 16.467 0.007 4.15 642.0
2458209.78613 16.455 0.007 5.16 513.0
2458210.79914 16.446 0.007 4.70 504.0
2458211.81296 16.449 0.007 5.34 512.0
2458217.87233 16.441 0.006 4.23 272.0
2458220.92332 16.455 0.007 4.09 484.0
2458222.71289 16.454 0.007 5.36 285.0
2458223.84164 16.456 0.006 4.44 261.0
2458224.87471 16.458 0.006 4.22 295.0
2458227.70826 16.453 0.006 4.59 275.0
2458228.77756 16.449 0.006 4.85 248.0
2458229.82141 16.442 0.006 4.14 228.0
2458230.84231 16.467 0.006 4.52 266.0
2458233.75862 16.447 0.006 4.15 311.0
2458238.68498 16.460 0.008 4.64 799.0
2458244.68063 16.453 0.007 5.56 356.0
2458245.75128 16.446 0.008 5.63 399.0
2458246.73483 16.455 0.007 5.63 329.0
2458247.65738 16.442 0.007 5.67 363.0
2458247.91457 16.450 0.009 6.68 436.0
2458249.76570 16.456 0.008 6.50 272.0
2458250.71093 16.455 0.006 4.08 226.0
2458251.63561 16.459 0.007 5.79 306.0
2458251.89547 16.457 0.006 5.26 352.0
2458253.72364 16.465 0.006 4.71 265.0
2458254.75587 16.452 0.006 3.56 296.0
2458255.71481 16.465 0.006 4.87 245.0
2458256.66362 16.456 0.007 5.76 282.0
2458256.92853 16.450 0.007 5.27 442.0
2458257.87009 16.468 0.007 5.32 348.0
2458258.89076 16.464 0.006 3.60 301.0
2458259.86297 16.459 0.006 4.23 389.0
2458261.64868 16.455 0.007 4.72 330.0
2458262.65434 16.433 0.006 4.59 273.0
2458262.91099 16.443 0.007 5.24 363.0
2458263.86333 16.464 0.006 3.60 231.0
2458264.88131 16.447 0.007 4.88 426.0
2458265.79501 16.447 0.006 3.88 480.0
2458271.60525 16.453 0.009 6.07 868.0
2458272.86515 16.454 0.007 4.94 443.0
2458273.75186 16.452 0.006 4.92 275.0
2458274.59922 16.437 0.007 6.33 292.0
2458274.85817 16.450 0.008 5.71 455.0
2458275.76539 16.450 0.006 4.10 327.0
2458276.63069 16.460 0.007 5.65 300.0
2458276.88741 16.454 0.007 5.50 518.0
2458277.82636 16.465 0.006 4.55 336.0
2458278.67837 16.459 0.005 4.44 289.0
2458282.73094 16.448 0.006 5.76 212.0
2458283.57415 16.469 0.007 5.49 244.0
2458283.83642 16.456 0.007 4.98 329.0
2458284.67824 16.461 0.007 5.42 257.0
2458285.73891 16.452 0.006 4.35 251.0
2458286.70757 16.445 0.006 4.38 208.0
2458287.57674 16.453 0.006 4.47 243.0
2458287.87301 16.452 0.006 4.20 277.0
2458288.75277 16.456 0.006 4.48 233.0
2458289.59712 16.443 0.006 4.39 272.0
2458289.88397 16.454 0.007 6.07 424.0
2458290.80206 16.444 0.007 5.21 332.0
2458291.73353 16.453 0.006 3.77 356.0
2458292.61262 16.460 0.009 6.55 616.0
2458293.53613 16.463 0.008 6.07 482.0
2458294.57208 16.464 0.013 7.30 1121.0
2458299.50560 16.448 0.008 5.54 856.0
2458301.67994 16.436 0.010 7.83 493.0
2458302.70660 16.456 0.009 6.94 472.0
2458304.71067 16.445 0.009 7.49 379.0
2458305.73631 16.458 0.007 6.11 283.0
2458306.74077 16.456 0.007 6.23 296.0
2458307.58390 16.460 0.006 5.05 320.0
2458308.46287 16.446 0.009 5.81 844.0
2458308.71985 16.448 0.007 5.07 260.0
2458309.58989 16.456 0.006 4.56 223.0
2458310.46262 16.430 0.011 7.11 929.0
2458310.66199 16.461 0.006 4.26 271.0
2458311.51092 16.449 0.007 6.21 274.0
2458311.77026 16.453 0.007 4.72 344.0
2458312.65222 16.449 0.006 4.63 218.0
2458313.54472 16.467 0.006 4.63 246.0
2458313.79239 16.464 0.007 5.24 397.0
2458314.69041 16.447 0.006 4.11 296.0
2458316.55831 16.447 0.007 5.86 306.0
2458320.51391 16.450 0.007 5.59 352.0
2458320.77057 16.455 0.006 4.55 285.0
2458328.54504 16.436 0.007 4.86 453.0
2458329.46461 16.451 0.010 6.49 734.0
2458329.70933 16.455 0.006 3.62 503.0
2458331.49607 16.443 0.006 4.89 272.0
2458332.52171 16.459 0.006 4.81 299.0
2458333.51886 16.448 0.006 4.57 336.0
2458334.54592 16.459 0.006 4.50 325.0
2458335.68124 16.449 0.007 5.58 255.0
2458336.73829 16.429 0.006 5.15 277.0
2458339.48350 16.442 0.006 4.60 327.0
2458340.57205 16.450 0.006 4.57 284.0
2458341.63950 16.449 0.006 4.09 211.0
2458343.54855 16.444 0.007 5.70 244.0
2458345.50021 16.447 0.007 5.84 325.0
2458346.55510 16.448 0.006 4.07 233.0
2458347.62183 16.448 0.006 4.51 245.0
2458356.51099 16.421 0.007 5.64 459.0
2458357.68276 16.440 0.008 5.43 573.0
2458359.52929 16.432 0.007 4.97 320.0
2458360.61978 16.432 0.009 6.72 484.0
2458364.47616 16.428 0.008 5.30 670.0
2458366.58027 16.415 0.006 5.16 307.0
2458368.58584 16.374 0.006 3.44 319.0
2458370.52872 16.354 0.006 4.40 338.0
2458372.49498 16.279 0.007 6.04 310.0
2458375.52093 16.121 0.006 6.27 341.0
2458376.60833 15.997 0.006 7.02 400.0
2458381.52792 14.459 0.003 4.90 742.0
2458383.54102 14.499 0.003 4.55 519.0
2458385.51594 15.456 0.003 3.20 497.0
2458390.48259 16.188 0.007 6.17 572.0
2458393.57534 16.319 0.007 6.72 344.0
2458401.56301 16.426 0.007 6.32 461.0
