2457416.87761 19.994 0.264 6.78 1348.0
2457424.86801 20.356 0.166 5.35 479.0
2457425.86352 20.024 0.161 5.53 589.0
2457426.88843 19.960 0.257 6.79 989.0
2457427.85677 19.988 0.166 6.37 510.0
2457428.85249 20.288 0.149 4.70 486.0
2457429.84937 19.890 0.123 4.91 559.0
2457431.84908 20.262 0.144 4.26 565.0
2457432.85138 20.065 0.127 4.66 497.0
2457433.84953 20.200 0.143 5.08 452.0
2457434.84167 20.230 0.195 5.19 640.0
2457435.84744 20.069 0.182 6.47 644.0
2457435.87610 20.114 0.175 6.11 525.0
2457436.84132 20.065 0.168 6.12 459.0
2457436.87147 20.197 0.186 5.96 459.0
2457437.83570 20.142 0.115 4.30 422.0
2457437.87714 20.296 0.133 4.45 368.0
2457438.84122 20.237 0.177 5.01 624.0
2457438.87228 20.772 0.299 5.88 460.0
2457439.83765 20.085 0.198 5.76 717.0
2457439.87495 20.039 0.140 4.92 556.0
2457440.83313 20.330 0.173 3.84 833.0
2457440.87236 20.034 0.121 3.88 693.0
2457441.83251 20.318 0.221 5.22 776.0
2457441.87437 20.467 0.183 4.10 633.0
2457442.86860 20.196 0.151 4.21 671.0
2457443.84718 20.357 0.278 6.71 651.0
2457443.90019 20.564 0.282 5.19 840.0
2457444.82473 20.118 0.177 5.49 618.0
2457445.81598 20.405 0.218 5.35 620.0
2457445.84841 20.382 0.172 4.58 550.0
2457445.88810 20.198 0.141 4.52 505.0
2457446.83276 20.342 0.153 4.40 537.0
2457446.87270 20.187 0.108 3.65 486.0
2457447.81121 20.400 0.170 4.41 553.0
2457447.84453 20.021 0.112 4.15 502.0
2457447.88231 20.468 0.181 4.45 489.0
2457448.81686 20.296 0.277 4.65 1728.0
2457448.86487 19.958 0.118 4.04 806.0
2457449.82163 20.495 0.277 4.45 1228.0
2457449.85342 19.783 0.155 5.02 1084.0
2457451.81425 20.156 0.174 4.07 1136.0
2457451.89016 20.515 0.245 4.05 1080.0
2457452.79759 20.403 0.138 3.77 490.0
2457452.84276 20.359 0.116 3.44 427.0
2457452.88956 20.315 0.113 3.91 380.0
2457453.81013 20.256 0.114 3.85 434.0
2457453.86420 20.569 0.141 3.52 396.0
2457454.84494 20.549 0.178 4.34 447.0
2457454.90034 20.426 0.175 4.77 429.0
2457455.82882 20.270 0.160 5.57 383.0
2457455.87390 20.168 0.138 5.32 386.0
2457456.79162 19.874 0.145 6.07 529.0
2457456.83820 20.379 0.173 5.01 451.0
2457456.89278 20.158 0.125 4.32 426.0
2457457.79990 20.257 0.155 4.40 538.0
2457457.84928 20.051 0.137 4.93 524.0
2457457.90400 20.072 0.149 4.81 620.0
2457458.86821 20.651 0.209 5.43 371.0
2457460.78177 20.281 0.196 6.07 464.0
2457460.82761 19.930 0.097 4.35 453.0
2457460.88338 20.815 0.190 4.00 407.0
2457461.79519 20.420 0.133 3.60 445.0
2457461.83992 20.137 0.100 3.74 391.0
2457461.90355 20.257 0.118 3.67 460.0
2457462.79729 20.600 0.205 4.65 482.0
2457462.84303 20.593 0.174 4.28 428.0
2457462.90233 20.129 0.108 3.98 405.0
2457463.83941 20.434 0.184 5.00 419.0
2457463.90198 20.338 0.135 4.22 421.0
2457464.85434 20.060 0.102 4.09 486.0
2457465.79596 20.113 0.145 4.72 500.0
2457465.84968 20.781 0.233 4.50 499.0
2457465.89467 20.184 0.139 4.44 486.0
2457466.87103 20.113 0.133 4.93 509.0
2457466.91733 19.686 0.121 4.39 1073.0
2457467.83040 20.220 0.160 5.43 449.0
2457467.87595 20.410 0.146 4.51 371.0
2457470.75510 19.924 0.205 6.84 747.0
2457470.80199 20.346 0.173 4.41 637.0
2457470.84662 20.129 0.188 5.92 581.0
2457470.90085 20.706 0.191 3.86 551.0
2457471.81224 20.350 0.203 4.85 676.0
2457471.86965 19.974 0.154 5.62 602.0
2457471.91312 20.304 0.184 4.67 684.0
2457472.77789 20.425 0.212 4.92 633.0
2457472.82259 20.372 0.177 4.59 580.0
2457472.87772 20.330 0.174 4.71 546.0
2457473.75066 20.136 0.201 5.53 861.0
2457473.86042 20.203 0.173 5.38 706.0
2457474.80875 20.207 0.167 4.96 627.0
2457474.84671 20.767 0.294 5.20 590.0
2457474.88502 20.224 0.123 3.79 559.0
2457475.82758 20.300 0.294 6.26 1011.0
2457475.90419 20.521 0.197 4.48 586.0
2457476.76008 20.072 0.135 4.49 671.0
2457476.83918 20.384 0.204 5.01 679.0
2457479.80969 20.574 0.284 5.19 794.0
2457479.82424 20.304 0.207 5.53 531.0
2457479.83815 20.284 0.276 5.56 988.0
2457480.77457 20.164 0.217 7.43 431.0
2457480.80428 20.198 0.197 6.45 459.0
2457480.84892 19.862 0.173 7.49 473.0
2457480.86701 19.894 0.189 7.79 487.0
2457480.88494 20.421 0.226 6.16 488.0
2457480.90022 20.110 0.139 4.96 487.0
2457480.91506 20.132 0.171 5.64 523.0
2457484.72178 20.364 0.232 6.68 413.0
2457484.73747 19.997 0.146 6.30 400.0
2457484.75141 20.165 0.158 5.88 404.0
2457484.77928 20.228 0.175 6.35 400.0
2457484.79883 20.457 0.250 6.81 403.0
2457484.81283 20.061 0.138 5.60 399.0
2457484.82682 20.521 0.229 6.11 403.0
2457484.84084 20.398 0.182 5.43 397.0
2457484.85492 20.482 0.198 5.47 403.0
2457484.87902 20.343 0.151 4.89 403.0
2457484.89329 20.302 0.157 5.09 413.0
2457484.90942 20.371 0.149 4.54 423.0
2457484.92359 20.254 0.191 4.69 803.0
2457485.74337 20.014 0.172 6.91 389.0
2457485.75734 20.200 0.159 5.73 372.0
2457485.77138 20.256 0.171 5.99 365.0
2457485.78540 20.485 0.201 5.69 370.0
2457485.79931 20.271 0.202 6.73 383.0
2457485.81330 20.306 0.152 5.35 373.0
2457485.83392 20.457 0.163 4.71 372.0
2457485.84803 20.051 0.128 5.24 374.0
2457485.86229 20.327 0.137 4.52 378.0
2457485.87697 20.380 0.154 4.85 369.0
2457485.89210 20.040 0.097 4.12 370.0
2457485.90639 20.258 0.119 4.13 382.0
2457485.92087 20.165 0.141 4.46 561.0
2457486.71567 20.590 0.275 6.35 456.0
2457486.74978 20.187 0.168 5.63 427.0
2457486.76374 20.407 0.192 5.41 436.0
2457486.77783 20.203 0.155 5.28 429.0
2457486.79173 20.256 0.190 6.23 423.0
2457486.80569 20.327 0.259 7.80 428.0
2457486.82007 20.554 0.259 6.56 426.0
2457486.83408 20.713 0.284 6.34 431.0
2457486.84833 20.076 0.139 5.58 431.0
2457486.87261 20.540 0.228 5.74 445.0
2457486.88692 20.711 0.252 5.41 457.0
2457486.90323 20.065 0.164 6.14 475.0
2457486.91784 20.421 0.225 5.83 524.0
2457487.71257 20.505 0.236 5.99 479.0
2457487.72674 20.430 0.179 5.26 443.0
2457487.74080 20.220 0.137 4.75 430.0
2457487.75747 20.468 0.186 5.07 439.0
2457487.77151 20.296 0.172 5.43 450.0
2457487.78767 20.624 0.198 4.88 460.0
2457487.80295 20.071 0.116 4.79 456.0
2457487.81698 19.961 0.126 5.51 471.0
2457487.84327 20.056 0.124 5.00 463.0
2457487.85752 19.968 0.126 5.47 481.0
2457487.87171 20.523 0.210 5.54 472.0
2457487.88616 20.075 0.127 5.10 477.0
2457487.90173 19.976 0.133 5.43 500.0
2457487.91576 20.551 0.182 4.32 520.0
2457488.71216 20.037 0.131 5.34 428.0
2457488.72618 20.260 0.165 5.67 409.0
2457488.74081 20.121 0.137 5.08 423.0
2457488.75490 20.071 0.119 4.91 398.0
2457488.76931 20.312 0.136 4.73 379.0
2457488.78389 20.223 0.138 5.08 400.0
2457488.81055 20.165 0.113 4.43 416.0
2457488.83411 20.457 0.143 3.94 464.0
2457488.84849 20.253 0.114 3.81 475.0
2457488.86362 20.581 0.151 3.70 466.0
2457488.87840 20.242 0.102 3.20 483.0
2457488.89376 20.195 0.100 3.31 478.0
2457488.90831 20.366 0.118 3.33 465.0
2457488.92238 20.366 0.153 4.08 528.0
2457489.76164 20.704 0.252 5.62 707.0
2457489.79052 20.355 0.173 5.07 511.0
2457489.81137 20.393 0.162 4.88 614.0
2457489.83061 20.385 0.152 4.74 440.0
2457489.86002 20.333 0.126 4.16 496.0
2457489.90307 20.716 0.220 4.80 460.0
2457489.91648 20.115 0.132 4.90 426.0
2457489.93075 20.007 0.171 5.30 742.0
2457491.69683 20.120 0.184 6.53 460.0
2457491.71077 20.397 0.183 5.51 433.0
2457491.72475 20.254 0.157 5.50 422.0
2457491.73864 20.131 0.144 5.59 422.0
2457491.75290 20.268 0.212 6.73 444.0
2457491.76716 20.344 0.149 4.88 419.0
2457491.78129 20.341 0.146 4.96 404.0
2457491.79558 20.304 0.148 5.08 413.0
2457491.81934 19.902 0.092 4.78 394.0
2457491.83348 20.214 0.146 5.52 402.0
2457491.85772 20.209 0.117 4.28 394.0
2457491.87201 20.486 0.140 3.98 392.0
2457491.88708 20.050 0.082 3.51 379.0
2457491.90224 20.322 0.104 3.58 379.0
2457491.91641 20.132 0.095 3.80 395.0
2457492.70743 20.572 0.270 6.33 433.0
2457492.72391 20.226 0.143 5.05 412.0
2457492.74432 20.192 0.126 4.74 394.0
2457492.76009 20.212 0.123 4.44 409.0
2457492.78400 20.047 0.105 4.24 412.0
2457492.79990 20.475 0.141 3.89 416.0
2457492.82483 20.415 0.122 3.57 412.0
2457492.84985 20.455 0.125 3.54 431.0
2457492.87507 20.349 0.119 3.67 433.0
2457492.89183 20.365 0.120 3.46 444.0
2457492.90807 20.240 0.112 3.71 450.0
2457492.92386 20.672 0.219 4.16 680.0
2457493.71492 20.401 0.208 5.84 449.0
2457493.73067 20.391 0.165 4.99 391.0
2457493.74632 20.198 0.135 4.89 377.0
2457493.76192 20.391 0.148 4.74 368.0
2457493.79569 20.237 0.110 4.15 331.0
2457493.81126 20.447 0.148 4.57 338.0
2457493.83637 20.219 0.097 3.85 327.0
2457493.85221 20.273 0.110 4.35 321.0
2457493.87745 20.191 0.097 3.91 330.0
2457493.89379 20.198 0.098 3.76 340.0
2457493.90949 20.383 0.128 4.13 345.0
2457493.92510 20.543 0.214 4.33 667.0
2457494.71040 20.263 0.133 4.49 419.0
2457494.72602 20.255 0.127 4.27 401.0
2457494.74200 20.163 0.125 4.66 388.0
2457494.76114 20.206 0.110 4.09 365.0
2457494.79488 20.241 0.124 4.59 372.0
2457494.81061 20.320 0.126 4.30 381.0
2457494.83582 20.085 0.096 4.08 377.0
2457494.85227 20.121 0.109 4.32 388.0
2457494.87795 20.099 0.106 4.00 415.0
2457494.89451 20.255 0.117 3.81 423.0
2457494.91046 20.129 0.104 3.82 443.0
2457494.92613 20.257 0.169 3.85 951.0
2457495.69582 20.487 0.209 4.99 506.0
2457495.71159 20.384 0.202 5.34 491.0
2457495.72733 20.742 0.243 4.51 482.0
2457495.74300 20.508 0.200 4.55 469.0
2457495.76672 20.604 0.227 4.99 449.0
2457495.79147 19.957 0.121 5.17 432.0
2457495.80707 20.589 0.199 5.15 410.0
2457495.83205 20.134 0.139 5.27 425.0
2457495.85742 19.969 0.124 5.11 410.0
2457495.87398 20.552 0.234 5.61 424.0
2457495.89063 20.060 0.149 5.40 425.0
2457495.90680 20.158 0.149 5.15 423.0
2457495.93041 20.694 0.294 4.66 936.0
2457497.85489 20.590 0.231 5.09 492.0
2457497.87335 20.195 0.154 5.09 457.0
2457497.89860 20.230 0.159 5.17 448.0
2457497.91439 20.077 0.157 5.71 467.0
2457497.92999 20.239 0.250 6.60 663.0
2457498.70204 20.336 0.212 5.47 635.0
2457498.72588 20.255 0.179 4.93 601.0
2457498.74167 20.170 0.173 5.14 616.0
2457498.75735 20.160 0.159 4.45 660.0
2457498.83422 20.617 0.246 5.03 571.0
2457498.85039 20.378 0.193 4.84 573.0
2457498.86727 20.337 0.195 5.14 576.0
2457498.88381 20.369 0.196 4.70 685.0
2457499.67572 20.460 0.263 5.38 795.0
2457499.69128 20.539 0.278 5.48 738.0
2457499.70700 20.239 0.176 4.74 690.0
2457499.73130 20.037 0.151 5.19 630.0
2457499.74686 20.505 0.222 5.04 607.0
2457499.76240 20.919 0.295 4.79 597.0
2457499.77803 20.184 0.139 4.52 582.0
2457499.80250 20.381 0.160 4.28 575.0
2457499.83377 20.665 0.235 4.98 567.0
2457499.84983 20.260 0.152 4.63 576.0
2457499.87503 20.267 0.196 5.57 588.0
2457499.89105 20.361 0.161 4.22 587.0
2457500.69195 20.554 0.256 4.81 778.0
2457500.74663 20.502 0.259 5.26 677.0
2457500.76240 20.066 0.176 5.56 667.0
2457500.78605 20.336 0.216 5.29 659.0
2457500.80182 20.166 0.179 5.32 655.0
2457500.81758 20.480 0.230 4.96 652.0
2457500.83323 20.340 0.191 4.79 655.0
2457500.85969 19.940 0.135 4.70 668.0
2457500.87610 20.643 0.250 4.73 651.0
2457500.90747 20.529 0.248 5.25 657.0
2457500.93094 19.708 0.159 5.09 1201.0
2457507.74199 20.382 0.158 4.17 544.0
2457507.75595 20.419 0.168 4.49 474.0
2457507.76993 20.162 0.113 3.73 509.0
2457507.78438 20.693 0.230 4.74 511.0
2457507.79834 20.245 0.138 4.24 517.0
2457507.81234 20.465 0.152 3.94 503.0
2457507.82663 20.295 0.122 3.66 496.0
2457507.84126 20.222 0.154 3.42 1078.0
2457507.86151 20.214 0.112 3.41 523.0
2457507.87559 20.676 0.190 3.67 566.0
2457507.88960 20.229 0.141 4.07 599.0
2457507.90387 20.269 0.142 4.09 581.0
2457507.92249 20.396 0.156 3.80 585.0
2457507.93684 20.269 0.237 3.86 1796.0
2457508.65465 20.174 0.118 4.27 428.0
2457508.66879 20.277 0.128 4.37 395.0
2457508.68292 20.059 0.090 3.64 395.0
2457508.69704 20.257 0.107 3.63 407.0
2457508.71099 20.517 0.136 3.77 411.0
2457508.72504 20.350 0.111 3.55 401.0
2457508.73587 20.582 0.140 3.77 397.0
2457508.74990 20.416 0.121 3.77 407.0
2457508.76378 20.282 0.098 3.48 403.0
2457508.77774 20.461 0.118 3.65 410.0
2457508.79186 20.452 0.129 3.87 425.0
2457508.80591 20.188 0.092 3.29 427.0
2457508.82010 20.268 0.122 4.17 435.0
2457508.83489 20.451 0.121 3.42 434.0
2457508.85012 20.148 0.119 4.06 464.0
2457508.86463 20.291 0.127 3.79 472.0
2457508.87915 20.397 0.141 4.00 473.0
2457508.89330 21.051 0.290 4.50 498.0
2457508.90868 20.291 0.135 4.28 469.0
2457508.92286 20.394 0.152 4.15 501.0
2457509.72908 20.094 0.137 5.21 406.0
2457509.74323 20.245 0.143 4.70 421.0
2457509.75735 20.215 0.167 5.67 433.0
2457509.77166 20.133 0.147 5.58 432.0
2457509.78572 20.086 0.132 5.19 434.0
2457509.80062 20.470 0.180 4.98 446.0
2457509.81552 20.334 0.211 7.25 434.0
2457509.83025 20.141 0.132 4.81 434.0
2457509.84619 20.373 0.162 4.73 440.0
2457509.86016 20.115 0.133 4.82 454.0
2457509.87426 20.176 0.126 4.56 458.0
2457509.88867 20.533 0.191 4.79 464.0
2457509.90282 19.867 0.141 6.40 482.0
2457509.91701 20.013 0.125 4.92 490.0
2457511.63777 20.691 0.221 4.83 561.0
2457511.68359 20.235 0.131 4.67 409.0
2457511.69767 20.235 0.130 4.64 414.0
2457511.71168 20.612 0.161 4.14 396.0
2457511.72565 20.176 0.108 4.00 394.0
2457511.73974 20.281 0.102 3.32 397.0
2457511.75378 20.405 0.116 3.43 389.0
2457511.76793 20.438 0.128 3.80 394.0
2457511.79207 20.074 0.085 3.46 399.0
2457511.80627 20.172 0.101 3.72 406.0
2457511.83137 20.309 0.116 3.78 427.0
2457511.84627 20.549 0.139 3.46 441.0
2457511.86105 20.344 0.129 3.98 439.0
2457511.87530 20.189 0.128 4.49 460.0
2457511.88994 20.451 0.163 4.52 469.0
2457511.90397 20.346 0.137 4.40 434.0
2457511.91805 20.255 0.131 4.38 468.0
2457511.93197 20.444 0.173 4.12 663.0
2457512.69916 20.307 0.120 4.08 653.0
2457512.71480 20.794 0.193 4.19 669.0
2457512.72742 20.154 0.099 3.88 568.0
2457512.73857 19.865 0.087 4.35 588.0
2457512.74981 20.295 0.109 3.70 461.0
2457512.76069 20.190 0.110 4.06 509.0
2457512.77072 20.198 0.104 3.78 422.0
2457512.77980 19.991 0.082 3.65 454.0
2457512.79080 20.822 0.225 4.69 380.0
2457512.81445 20.233 0.103 3.61 382.0
2457512.82936 20.312 0.128 4.20 376.0
2457512.85310 20.481 0.138 3.95 382.0
2457512.86748 20.349 0.134 4.27 395.0
2457512.88145 20.353 0.133 4.35 412.0
2457512.89559 19.973 0.095 4.23 441.0
2457512.90956 20.518 0.155 4.24 446.0
2457512.92621 20.374 0.135 3.74 538.0
2457516.62862 20.242 0.210 6.59 481.0
2457516.64632 19.895 0.132 6.19 439.0
2457516.66060 20.484 0.219 5.93 428.0
2457516.68264 20.246 0.177 6.02 412.0
2457516.70464 20.117 0.133 5.45 469.0
2457516.72103 20.420 0.155 4.86 444.0
2457516.76583 20.302 0.146 4.79 690.0
2457516.78038 20.343 0.168 5.43 669.0
2457517.76849 19.773 0.116 5.96 729.0
2457518.73889 19.812 0.124 6.15 421.0
2457518.82691 20.059 0.159 5.77 625.0
2457519.80675 20.132 0.166 5.76 538.0
2457519.86261 20.274 0.155 4.87 574.0
2457522.70342 20.435 0.216 5.86 863.0
2457522.79055 20.070 0.138 4.96 468.0
2457522.81635 19.888 0.157 6.32 497.0
2457522.86330 20.283 0.239 6.47 555.0
2457522.87784 20.230 0.223 6.31 567.0
2457522.89210 19.937 0.183 6.73 582.0
2457522.93599 20.297 0.290 6.56 816.0
2457523.84768 20.531 0.200 5.14 455.0
2457523.86187 20.356 0.151 4.67 439.0
2457523.87611 20.376 0.173 5.06 444.0
2457523.89023 20.394 0.172 4.93 451.0
2457523.90432 20.244 0.170 5.47 471.0
2457523.91837 20.159 0.160 5.55 481.0
2457523.93243 20.188 0.177 5.80 505.0
2457526.60776 20.377 0.277 6.71 700.0
2457526.62740 19.987 0.188 6.30 709.0
2457526.64260 20.034 0.194 6.08 708.0
2457526.65786 20.224 0.172 4.85 670.0
2457526.67198 20.159 0.170 5.01 663.0
2457526.68736 20.408 0.202 4.69 685.0
2457526.70317 20.373 0.247 6.07 615.0
2457526.71760 20.140 0.184 5.65 608.0
2457526.73211 20.710 0.228 4.26 590.0
2457526.74880 20.148 0.147 4.04 795.0
2457526.78301 20.459 0.167 3.86 621.0
2457526.79865 20.404 0.210 4.93 620.0
2457526.81836 20.115 0.170 5.06 679.0
2457526.84416 20.235 0.167 5.19 534.0
2457526.85826 20.050 0.142 5.44 497.0
2457526.87331 20.709 0.274 5.49 531.0
2457526.88739 19.823 0.147 6.21 583.0
2457526.90151 20.106 0.167 5.42 613.0
2457526.91570 20.086 0.173 5.71 635.0
2457526.92974 20.235 0.214 5.80 707.0
2457527.91735 19.685 0.095 5.04 794.0
2457527.92834 20.891 0.286 4.81 816.0
2457528.76459 20.598 0.280 4.98 729.0
2457528.84230 20.442 0.231 4.75 771.0
2457528.85638 19.817 0.160 5.14 1007.0
2457528.88040 20.096 0.184 5.02 801.0
2457528.89461 20.008 0.181 5.47 825.0
2457528.90897 20.388 0.253 5.43 810.0
2457528.92302 19.932 0.170 5.57 784.0
2457529.76421 20.080 0.188 5.44 726.0
2457529.79488 20.124 0.253 6.67 787.0
2457529.80927 20.153 0.271 6.88 808.0
2457530.63094 20.235 0.279 5.94 1142.0
2457530.64455 20.251 0.243 5.31 1029.0
2457530.66057 20.248 0.222 5.06 979.0
2457530.68952 20.328 0.221 5.00 948.0
2457530.71087 20.373 0.224 4.56 954.0
2457530.73613 20.301 0.183 4.24 856.0
2457530.75907 20.343 0.207 4.54 871.0
2457530.77527 20.507 0.235 4.53 849.0
2457530.79617 20.233 0.207 4.68 981.0
2457530.81410 19.976 0.161 4.91 901.0
2457530.85457 20.252 0.206 5.02 887.0
2457530.87699 20.180 0.207 5.00 1032.0
2457530.89911 20.205 0.196 4.63 951.0
2457534.65560 20.514 0.231 5.22 618.0
2457534.66908 20.091 0.159 4.94 710.0
2457534.68303 20.329 0.235 5.04 1041.0
2457534.69812 20.217 0.192 4.89 894.0
2457534.72605 20.121 0.152 5.33 565.0
2457534.74086 20.380 0.247 4.79 1115.0
2457534.75992 20.454 0.171 4.21 551.0
2457534.79467 20.358 0.279 4.11 2078.0
2457534.80878 20.462 0.168 4.50 556.0
2457534.82309 20.454 0.169 4.45 566.0
2457534.83987 20.219 0.152 4.69 609.0
2457534.85396 20.146 0.142 4.37 703.0
2457534.86843 20.470 0.191 4.28 705.0
2457534.88564 19.881 0.108 4.22 675.0
2457534.90035 20.224 0.221 4.02 1799.0
2457534.91502 20.372 0.203 4.29 961.0
2457534.93757 20.110 0.174 4.69 901.0
2457534.94723 19.929 0.185 4.75 1494.0
2457536.56925 19.947 0.160 6.43 497.0
2457536.59466 20.277 0.191 5.89 453.0
2457536.60909 20.077 0.159 5.81 486.0
2457536.62463 19.924 0.173 7.37 520.0
2457536.64467 19.980 0.142 5.99 497.0
2457536.65996 20.498 0.206 5.44 426.0
2457536.67407 20.528 0.217 5.58 435.0
2457536.69723 20.523 0.213 5.55 435.0
2457536.71117 20.260 0.156 5.31 448.0
2457536.73470 20.371 0.152 4.44 453.0
2457536.74936 20.375 0.157 4.14 455.0
2457536.76393 20.167 0.139 4.61 459.0
2457536.77828 20.481 0.177 4.38 445.0
2457536.79238 20.551 0.198 4.68 442.0
2457536.80654 20.724 0.230 4.77 435.0
2457536.82059 20.292 0.156 4.74 441.0
2457536.83485 20.601 0.206 4.79 454.0
2457536.84891 20.367 0.159 4.36 464.0
2457536.86300 20.198 0.156 4.74 516.0
2457536.87821 20.018 0.131 4.64 768.0
2457536.89506 19.812 0.121 4.63 890.0
2457536.91027 20.282 0.177 4.50 928.0
2457545.58854 20.103 0.177 6.54 428.0
2457545.62851 20.234 0.188 6.46 499.0
2457545.63839 20.361 0.185 5.84 396.0
2457545.65047 20.356 0.159 5.00 390.0
2457545.66250 20.715 0.235 5.35 395.0
2457545.67429 20.336 0.165 5.42 396.0
2457545.69935 20.161 0.158 6.32 532.0
2457545.73216 20.186 0.151 5.52 443.0
2457545.74242 19.976 0.116 4.92 416.0
2457545.75676 20.584 0.232 5.66 415.0
2457545.75883 20.596 0.224 5.60 413.0
2457545.76987 20.304 0.160 4.95 410.0
2457545.79395 20.474 0.199 5.54 397.0
2457545.81696 20.809 0.235 4.77 400.0
2457545.83090 20.273 0.157 4.95 405.0
2457545.84498 20.418 0.178 5.01 411.0
2457545.85920 19.981 0.116 4.99 421.0
2457545.87313 20.221 0.164 5.46 459.0
2457545.88873 19.810 0.127 5.94 468.0
2457545.90259 20.582 0.209 4.75 491.0
2457545.91684 20.049 0.149 5.50 501.0
2457545.93119 20.070 0.170 6.01 531.0
2457546.60783 20.392 0.252 7.51 437.0
2457546.62230 20.414 0.245 6.98 420.0
2457546.63807 20.039 0.160 6.96 407.0
2457546.65205 20.242 0.194 7.06 388.0
2457546.66365 20.286 0.210 7.31 346.0
2457546.67790 20.150 0.131 5.69 328.0
2457546.69503 20.286 0.158 5.96 335.0
2457546.70944 20.371 0.145 5.04 338.0
2457546.72417 20.269 0.126 4.70 325.0
2457546.74175 20.361 0.192 5.61 389.0
2457546.75589 20.019 0.124 5.23 377.0
2457546.76988 20.161 0.145 5.24 382.0
2457546.78394 20.158 0.130 4.75 388.0
2457546.79794 20.368 0.175 5.22 388.0
2457546.81262 20.331 0.188 5.57 410.0
2457546.82664 20.240 0.167 5.55 411.0
2457546.84076 20.288 0.165 5.31 434.0
2457546.85488 20.381 0.197 5.60 463.0
2457546.86886 20.555 0.279 6.48 508.0
2457546.88284 20.515 0.243 5.60 538.0
2457546.89685 20.340 0.219 5.57 585.0
2457546.92496 20.052 0.214 6.87 636.0
2457546.93586 20.534 0.281 5.86 618.0
2457547.55090 20.413 0.279 7.37 447.0
2457547.56528 20.318 0.215 6.45 434.0
2457547.57929 20.084 0.184 6.98 425.0
2457547.59317 20.187 0.192 6.67 409.0
2457547.60730 20.064 0.133 5.50 375.0
2457547.62166 20.235 0.172 6.20 369.0
2457547.63552 20.344 0.160 5.42 341.0
2457547.65019 20.233 0.155 5.90 326.0
2457547.66758 19.940 0.091 4.49 328.0
2457547.68593 20.329 0.153 5.14 336.0
2457547.70330 20.505 0.280 7.52 356.0
2457547.71733 20.109 0.132 5.43 343.0
2457547.73178 20.464 0.159 4.91 327.0
2457547.74948 20.298 0.133 4.67 324.0
2457547.76376 20.333 0.137 4.76 325.0
2457547.77778 20.116 0.133 5.74 328.0
2457547.79186 20.185 0.131 5.34 331.0
2457547.80598 20.553 0.168 4.89 330.0
2457547.82014 20.315 0.152 5.56 343.0
2457547.83436 20.204 0.163 6.07 366.0
2457547.84842 20.420 0.162 5.26 365.0
2457547.86245 19.972 0.119 5.54 364.0
2457547.87641 20.551 0.222 5.94 382.0
2457547.89041 20.009 0.175 7.18 421.0
2457547.90433 20.269 0.191 6.08 445.0
2457547.92271 19.884 0.120 5.28 455.0
2457547.93200 20.114 0.193 6.52 493.0
2457548.53937 19.610 0.113 6.37 811.0
2457548.58256 19.872 0.108 5.36 667.0
2457548.59752 19.930 0.101 4.94 622.0
2457548.61285 19.862 0.097 5.38 593.0
2457548.63005 20.093 0.118 5.21 612.0
2457548.64662 20.747 0.178 4.44 569.0
2457548.66055 20.161 0.107 4.61 478.0
2457548.67431 20.708 0.162 4.25 418.0
2457548.69113 20.113 0.095 4.27 428.0
2457548.70835 20.543 0.130 3.93 540.0
2457548.72495 20.256 0.098 3.76 403.0
2457548.73909 20.290 0.094 3.49 334.0
2457548.75458 20.647 0.138 3.82 438.0
2457548.76743 20.388 0.118 4.12 449.0
2457548.78346 20.182 0.110 4.56 404.0
2457548.79713 20.035 0.112 5.32 401.0
2457548.81644 19.879 0.083 4.77 603.0
2457548.83184 20.527 0.166 5.19 507.0
2457548.84557 20.064 0.106 4.88 518.0
2457548.86094 20.752 0.196 4.81 452.0
2457548.87456 20.186 0.122 5.27 495.0
2457548.88778 19.987 0.108 5.13 633.0
2457548.90288 20.655 0.234 6.05 620.0
2457548.91823 19.901 0.114 5.95 605.0
2457549.56307 19.977 0.129 5.74 743.0
2457549.58042 20.197 0.137 5.17 407.0
2457549.59257 20.394 0.180 5.67 377.0
2457549.60643 20.503 0.205 5.70 530.0
2457549.61906 20.220 0.123 4.91 350.0
2457549.63302 20.140 0.103 4.41 335.0
2457549.64704 20.252 0.124 4.87 335.0
2457549.66501 20.425 0.130 4.39 334.0
2457549.67954 20.382 0.137 4.66 348.0
2457549.69666 20.276 0.106 4.03 333.0
2457549.71100 20.566 0.138 3.98 328.0
2457549.72585 20.331 0.150 5.30 339.0
2457549.74087 20.402 0.141 4.93 328.0
2457549.75524 20.307 0.123 4.60 336.0
2457549.76918 20.248 0.129 4.98 351.0
2457549.78897 20.571 0.199 5.52 351.0
2457549.80294 20.158 0.137 5.52 355.0
2457549.81696 20.418 0.165 5.36 360.0
2457549.83099 20.247 0.140 5.28 360.0
2457549.84498 20.248 0.138 5.43 353.0
2457549.85900 20.698 0.217 5.32 365.0
2457549.87299 20.116 0.155 6.26 392.0
2457549.90101 20.480 0.196 5.46 431.0
2457549.91498 20.163 0.179 6.30 466.0
2457549.92748 20.416 0.250 6.72 488.0
2457550.55659 20.636 0.287 6.60 459.0
2457550.57548 20.170 0.204 7.24 469.0
2457550.58886 20.280 0.187 6.32 406.0
2457550.60206 20.195 0.141 5.22 406.0
2457550.61307 20.169 0.137 5.26 390.0
2457550.62720 20.376 0.195 6.10 385.0
2457550.64137 19.869 0.135 6.56 400.0
2457550.65553 20.308 0.180 6.08 375.0
2457550.66991 20.059 0.147 6.28 381.0
2457550.68408 20.289 0.142 4.99 379.0
2457550.70282 20.314 0.131 4.56 357.0
2457550.71917 20.243 0.106 3.74 382.0
2457550.73719 20.376 0.160 4.93 421.0
2457550.75146 20.172 0.135 5.07 412.0
2457550.76703 20.156 0.144 5.31 422.0
2457550.78157 20.240 0.131 4.68 446.0
2457550.79547 20.191 0.137 4.95 460.0
2457550.80951 20.090 0.121 4.75 467.0
2457550.82350 20.300 0.168 5.27 489.0
2457550.83754 20.222 0.157 5.17 541.0
2457550.85188 20.766 0.263 5.11 546.0
2457550.86585 20.178 0.161 5.29 551.0
2457550.87984 20.400 0.239 6.15 579.0
2457550.89444 19.940 0.168 6.17 621.0
2457550.90848 20.029 0.202 6.76 629.0
2457550.92238 20.145 0.248 7.29 642.0
2457551.59115 20.241 0.162 5.24 922.0
2457551.61106 20.237 0.145 4.55 946.0
2457552.74086 20.061 0.104 4.51 559.0
2457553.85406 19.766 0.129 6.62 621.0
2457554.53857 19.764 0.203 6.38 1686.0
2457554.60081 20.594 0.257 5.80 491.0
2457554.61684 20.332 0.210 5.81 635.0
2457554.63691 19.934 0.184 5.94 1262.0
2457554.65672 20.390 0.164 4.86 419.0
2457554.68173 20.124 0.148 6.08 410.0
2457554.70652 20.488 0.216 4.36 1069.0
2457554.74602 20.618 0.243 5.37 569.0
2457554.78206 20.323 0.184 5.10 1042.0
2457554.81109 20.029 0.133 5.97 468.0
2457554.90715 19.964 0.165 6.81 747.0
2457555.53082 20.600 0.295 5.29 836.0
2457555.54736 20.111 0.180 5.45 730.0
2457555.56468 20.340 0.241 5.82 959.0
2457555.58233 20.238 0.159 4.75 606.0
2457555.59800 20.082 0.157 5.55 541.0
2457555.61246 20.734 0.260 4.91 476.0
2457555.62760 20.561 0.244 5.69 534.0
2457555.64277 20.388 0.165 4.60 531.0
2457555.65804 20.260 0.149 4.76 531.0
2457555.67323 20.772 0.216 4.35 525.0
2457555.68857 20.343 0.164 4.95 541.0
2457555.70469 20.103 0.118 4.37 511.0
2457555.72095 20.393 0.189 5.25 487.0
2457555.73603 20.241 0.161 5.01 491.0
2457555.75110 19.992 0.114 4.56 480.0
2457555.76532 20.331 0.139 4.11 480.0
2457555.77938 19.997 0.113 4.53 477.0
2457555.79396 20.391 0.162 4.48 483.0
2457555.80808 20.314 0.144 4.54 451.0
2457555.82261 20.079 0.120 4.52 469.0
2457555.83673 20.698 0.211 4.53 458.0
2457555.86259 20.131 0.124 4.80 429.0
2457555.88562 20.006 0.126 4.90 497.0
2457555.89976 20.068 0.134 4.95 504.0
2457555.91382 20.587 0.223 5.09 548.0
2457557.55090 20.003 0.181 5.34 894.0
2457557.56707 20.651 0.289 4.94 854.0
2457557.58175 20.244 0.199 4.97 759.0
2457557.59772 20.365 0.204 4.79 723.0
2457557.61118 20.369 0.226 5.24 713.0
2457557.62581 20.530 0.245 4.91 690.0
2457557.64199 20.191 0.150 4.08 665.0
2457557.66101 20.243 0.169 4.60 663.0
2457557.67783 20.427 0.156 3.65 646.0
2457557.68923 20.805 0.244 4.11 663.0
2457557.70999 20.189 0.180 4.82 795.0
2457557.72845 20.361 0.232 5.40 739.0
2457557.74587 20.580 0.251 5.23 747.0
2457557.76962 20.381 0.205 5.43 728.0
2457557.79543 20.492 0.246 5.94 735.0
2457557.82177 20.810 0.294 5.27 690.0
2457557.83833 20.364 0.194 5.16 720.0
2457557.85546 20.517 0.264 5.20 779.0
2457557.87206 20.229 0.222 5.54 845.0
2457557.88755 20.140 0.193 5.17 869.0
2457557.90305 20.107 0.206 5.69 875.0
2457561.52659 20.133 0.249 6.18 978.0
2457561.54172 20.241 0.263 5.70 985.0
2457561.56983 19.866 0.165 5.78 767.0
2457561.61859 20.175 0.155 4.34 696.0
2457561.63366 20.301 0.165 4.18 728.0
2457561.66629 20.345 0.166 3.82 801.0
2457561.68432 20.070 0.156 3.46 1310.0
2457561.69889 20.330 0.192 3.71 1028.0
2457561.71870 20.342 0.267 3.94 1909.0
2457561.73602 19.782 0.115 4.43 774.0
2457561.75071 20.210 0.164 4.59 743.0
2457561.77956 20.108 0.155 4.89 726.0
2457561.79145 20.273 0.176 4.85 718.0
2457561.80411 20.120 0.168 4.96 817.0
2457561.81970 20.188 0.181 5.22 814.0
2457561.83401 20.271 0.192 4.94 848.0
2457561.85074 20.133 0.205 5.35 947.0
2457562.51517 20.061 0.199 6.95 527.0
2457562.52523 20.420 0.243 5.92 577.0
2457562.53947 19.897 0.215 6.34 1098.0
2457562.55338 20.260 0.244 5.84 865.0
2457562.56793 19.895 0.171 5.49 926.0
2457562.58348 20.674 0.285 4.76 866.0
2457562.61672 20.017 0.179 5.00 1370.0
2457562.63934 20.228 0.217 4.76 1508.0
2457562.65832 20.705 0.274 4.17 1211.0
2457566.52562 20.377 0.193 5.27 495.0
2457566.54025 20.142 0.172 5.89 467.0
2457566.55529 20.452 0.270 6.85 456.0
2457566.56931 19.676 0.121 6.50 461.0
2457566.59276 19.967 0.162 6.51 448.0
2457566.60693 20.294 0.191 5.93 450.0
2457566.63161 20.492 0.194 5.28 419.0
2457566.64581 20.402 0.167 5.06 372.0
2457566.66009 20.065 0.112 4.67 368.0
2457566.67441 20.471 0.171 4.78 380.0
2457566.68920 20.611 0.207 5.29 357.0
2457566.70383 20.172 0.148 5.58 351.0
2457566.71930 20.162 0.148 5.88 350.0
2457566.73349 20.414 0.176 5.33 393.0
2457566.74756 19.858 0.109 5.51 404.0
2457566.76168 20.186 0.171 6.15 428.0
2457566.77620 20.235 0.177 5.91 429.0
2457566.79032 20.378 0.193 5.55 447.0
2457566.80440 19.959 0.142 5.88 495.0
2457566.81855 20.127 0.155 5.39 534.0
2457566.83264 20.151 0.176 5.81 560.0
2457566.86085 20.056 0.227 7.36 625.0
2457566.87358 20.182 0.285 7.85 671.0
2457567.49531 19.606 0.134 6.92 634.0
2457567.51280 20.410 0.243 5.90 627.0
2457567.54099 20.632 0.273 5.69 586.0
2457567.55581 20.606 0.268 5.78 557.0
2457567.56976 20.322 0.195 5.43 537.0
2457567.58405 20.341 0.196 5.53 549.0
2457567.60736 20.249 0.185 5.58 525.0
2457567.62234 20.569 0.216 5.14 515.0
2457567.64609 20.189 0.119 4.02 498.0
2457567.66089 20.483 0.167 4.43 474.0
2457567.67579 20.239 0.126 4.21 461.0
2457567.69060 20.265 0.155 4.96 491.0
2457567.70518 20.034 0.111 4.52 450.0
2457567.71929 20.689 0.213 4.67 471.0
2457567.74843 20.369 0.204 5.66 494.0
2457567.76243 20.207 0.171 5.49 511.0
2457567.77654 19.808 0.133 6.04 534.0
2457567.79074 20.265 0.171 5.47 510.0
2457567.80468 19.749 0.130 5.93 517.0
2457567.81865 20.226 0.169 5.22 511.0
2457567.83271 20.202 0.163 4.86 519.0
2457567.84674 19.869 0.157 6.16 576.0
2457567.86087 20.532 0.280 6.13 629.0
2457567.87658 20.368 0.276 6.20 705.0
2457568.56387 20.209 0.184 6.52 403.0
2457568.57767 20.205 0.163 5.77 401.0
2457568.59160 20.195 0.148 5.37 388.0
2457568.60690 20.222 0.153 5.66 372.0
2457568.62085 19.925 0.117 5.58 362.0
2457568.63500 20.910 0.253 4.98 341.0
2457568.66049 20.255 0.143 5.08 344.0
2457568.67560 20.169 0.131 5.20 337.0
2457568.70055 20.120 0.131 5.35 347.0
2457568.71499 20.181 0.187 6.78 350.0
2457568.72943 20.067 0.154 6.27 364.0
2457568.74721 20.168 0.178 6.34 389.0
2457568.77547 19.956 0.144 6.07 436.0
2457568.78948 20.324 0.194 5.90 452.0
2457568.80486 20.122 0.146 5.36 463.0
2457568.84058 20.342 0.292 7.62 529.0
2457568.85478 19.958 0.209 7.52 582.0
2457569.53838 20.161 0.170 6.10 406.0
2457569.55239 19.974 0.133 5.81 409.0
2457569.56627 20.081 0.126 5.10 399.0
2457569.58040 20.673 0.258 5.45 428.0
2457569.59511 20.586 0.237 5.82 430.0
2457569.60937 20.230 0.135 4.64 405.0
2457569.63464 20.264 0.120 4.07 396.0
2457569.64883 20.270 0.129 4.45 391.0
2457569.67378 20.086 0.118 4.75 407.0
2457569.68983 20.470 0.200 5.46 423.0
2457569.70478 20.372 0.171 5.13 390.0
2457569.72077 20.218 0.133 4.99 386.0
2457569.73511 19.995 0.125 5.52 384.0
2457569.74928 19.988 0.105 4.98 363.0
2457569.76473 20.342 0.171 5.52 410.0
2457569.77892 20.686 0.241 5.37 420.0
2457569.79295 20.113 0.134 5.16 437.0
2457569.80700 19.757 0.120 5.97 488.0
2457569.82218 20.125 0.159 5.66 508.0
2457570.64655 20.372 0.126 4.35 474.0
2457570.69553 20.047 0.120 5.19 333.0
2457570.73804 20.270 0.175 6.32 405.0
2457570.78587 20.424 0.220 6.53 466.0
2457573.60605 20.131 0.151 5.97 352.0
2457573.65783 20.249 0.133 4.85 322.0
2457573.71093 20.134 0.136 5.86 320.0
2457575.54876 20.747 0.234 4.96 363.0
2457575.61198 20.160 0.216 7.97 377.0
2457575.66059 20.281 0.163 5.88 353.0
2457575.70167 20.109 0.102 4.34 330.0
2457575.77826 20.661 0.206 5.12 380.0
2457575.81681 20.308 0.141 4.87 396.0
2457575.85049 20.282 0.176 5.56 473.0
2457576.50679 20.461 0.166 4.85 418.0
2457576.57485 20.282 0.146 5.51 344.0
2457576.63217 20.359 0.106 3.87 331.0
2457576.67415 20.465 0.148 4.70 326.0
2457576.71275 20.233 0.135 5.13 325.0
2457576.75116 20.186 0.128 4.97 329.0
2457576.78922 20.220 0.143 5.31 345.0
2457576.82769 19.933 0.135 5.96 401.0
2457577.54576 20.119 0.214 7.73 390.0
2457577.59008 20.033 0.128 5.46 446.0
2457579.62899 20.085 0.142 5.81 389.0
2457579.69573 20.046 0.121 5.49 380.0
2457579.73780 20.408 0.164 5.14 390.0
2457581.70861 20.166 0.123 4.52 462.0
2457581.77513 20.102 0.129 5.20 437.0
2457581.81878 20.290 0.191 6.18 454.0
2457582.73153 20.315 0.204 6.14 478.0
2457583.75810 20.809 0.269 5.21 426.0
2457584.50242 20.619 0.285 5.65 588.0
2457584.54068 20.222 0.183 5.33 570.0
2457584.57935 20.361 0.233 6.01 553.0
2457584.61775 20.024 0.178 6.42 532.0
2457584.65816 20.217 0.152 4.73 489.0
2457584.69609 20.027 0.160 5.95 502.0
2457584.73447 20.253 0.174 5.32 519.0
2457584.78477 19.955 0.141 5.48 561.0
2457584.82257 19.971 0.152 5.91 530.0
2457589.50042 20.052 0.208 5.74 913.0
2457589.54584 19.637 0.134 5.65 869.0
2457589.58470 20.356 0.221 4.92 863.0
2457589.62919 20.294 0.217 5.29 799.0
2457589.79695 19.974 0.192 5.30 1089.0
2457590.51143 20.242 0.173 4.79 672.0
2457590.54920 20.349 0.156 3.98 641.0
2457590.58771 20.165 0.125 3.86 626.0
2457590.63085 20.442 0.176 4.41 538.0
2457590.67182 19.907 0.122 5.10 558.0
2457590.70952 20.397 0.230 4.81 897.0
2457590.76176 19.836 0.133 5.04 769.0
2457591.50734 20.434 0.233 6.04 853.0
2457593.48669 20.470 0.204 5.91 359.0
2457593.53442 20.046 0.104 4.47 331.0
2457593.58096 20.268 0.119 4.44 318.0
2457593.62710 20.208 0.145 5.56 337.0
2457593.66509 20.433 0.142 4.72 331.0
2457593.70227 20.549 0.162 4.78 343.0
2457593.74097 20.483 0.157 4.85 349.0
2457593.77832 20.138 0.122 5.09 383.0
2457593.80510 20.027 0.121 5.13 445.0
2457596.47248 20.234 0.152 4.79 514.0
2457596.51727 20.400 0.116 3.93 336.0
2457596.57704 20.232 0.110 4.19 337.0
2457597.59429 20.332 0.160 5.57 629.0
2457599.51295 20.219 0.192 5.85 430.0
2457599.59561 20.369 0.218 6.85 349.0
2457599.63785 20.484 0.195 5.08 365.0
2457599.71876 20.403 0.174 5.02 372.0
2457599.76040 20.426 0.181 5.04 381.0
2457599.79653 20.079 0.145 5.47 429.0
2457600.52191 20.128 0.191 6.47 407.0
2457600.58771 20.048 0.159 6.45 390.0
2457600.67962 20.528 0.226 6.11 357.0
2457600.78013 19.932 0.187 7.75 522.0
2457601.74309 20.132 0.142 5.69 340.0
2457601.77882 19.738 0.131 7.01 390.0
2457602.49917 20.212 0.211 6.65 438.0
2457602.54474 20.690 0.299 6.54 387.0
2457602.58405 20.368 0.184 5.74 363.0
2457602.64133 20.175 0.152 5.70 362.0
2457602.67906 20.448 0.177 5.28 367.0
2457602.71638 20.236 0.182 6.28 394.0
2457602.75614 20.150 0.181 6.38 450.0
2457603.47423 19.814 0.114 5.26 453.0
2457603.51179 20.008 0.132 5.90 350.0
2457603.55866 20.300 0.126 4.46 329.0
2457603.60647 20.311 0.140 4.98 332.0
2457603.64434 20.405 0.133 4.68 308.0
2457603.68189 20.365 0.134 4.97 317.0
2457603.72166 19.969 0.107 5.23 338.0
2457603.75932 19.894 0.117 6.05 353.0
2457604.48183 20.433 0.283 7.32 423.0
2457604.52266 20.323 0.203 6.08 422.0
2457604.56001 20.271 0.158 5.18 392.0
2457604.60001 20.245 0.117 4.56 316.0
2457604.63810 20.169 0.119 5.34 306.0
2457604.67655 20.192 0.131 5.45 308.0
2457604.71402 20.111 0.115 4.94 336.0
2457604.75224 20.647 0.205 5.09 354.0
2457605.48904 20.349 0.181 5.98 352.0
2457605.53129 20.165 0.133 5.38 341.0
2457605.58304 20.348 0.163 5.33 330.0
2457605.63001 20.531 0.215 5.93 353.0
2457605.66774 20.214 0.158 5.59 371.0
2457605.70531 20.205 0.164 5.82 389.0
2457605.74257 19.951 0.125 5.30 421.0
2457605.77844 20.107 0.158 5.77 465.0
2457606.69123 20.024 0.150 6.58 349.0
2457606.74183 20.019 0.181 7.47 392.0
2457607.50416 20.476 0.223 6.04 391.0
2457607.56957 20.146 0.142 5.82 342.0
2457607.61527 20.087 0.136 6.05 311.0
2457607.65894 20.144 0.118 4.94 299.0
2457607.70253 20.119 0.123 5.28 314.0
2457607.74437 19.892 0.121 6.23 342.0
2457608.49039 19.908 0.141 6.56 366.0
2457608.54857 20.223 0.124 4.45 332.0
2457608.62154 20.314 0.128 4.29 349.0
2457608.66585 20.576 0.171 4.62 343.0
2457608.71078 20.271 0.153 5.18 374.0
2457608.75307 20.492 0.280 7.16 424.0
2457609.49136 20.406 0.215 5.94 390.0
2457609.53561 20.063 0.148 5.21 442.0
2457609.60223 20.504 0.179 5.16 349.0
2457609.64631 20.328 0.144 4.70 357.0
2457609.69572 20.260 0.159 5.06 399.0
2457609.73532 20.165 0.159 5.96 397.0
2457609.76064 20.261 0.188 5.93 458.0
2457610.50534 19.932 0.132 5.46 415.0
2457610.55645 20.122 0.151 5.37 419.0
2457610.62038 20.246 0.145 4.93 386.0
2457610.66434 20.366 0.143 4.20 422.0
2457610.70836 20.117 0.120 4.43 431.0
2457611.68096 20.264 0.188 5.98 450.0
2457612.67718 19.912 0.185 5.46 1159.0
2457612.71482 20.620 0.237 4.97 566.0
2457616.48495 20.106 0.196 5.33 745.0
2457616.53177 20.115 0.173 5.06 737.0
2457616.57876 20.229 0.170 4.90 635.0
2457616.62517 20.437 0.202 4.85 649.0
2457616.67792 20.091 0.164 5.22 693.0
2457617.52710 20.299 0.218 5.37 659.0
2457617.57419 20.123 0.200 6.41 629.0
2457617.61807 20.491 0.294 6.05 656.0
2457617.66184 19.912 0.148 5.10 697.0
2457617.70568 20.354 0.271 5.35 798.0
2457618.52208 20.501 0.254 5.14 683.0
2457618.56761 19.903 0.131 4.71 626.0
2457618.61122 20.584 0.266 5.19 633.0
2457618.65494 20.456 0.245 5.15 703.0
2457618.69679 20.221 0.218 5.21 833.0
2457619.55820 20.125 0.180 5.99 544.0
2457621.49042 20.074 0.137 5.88 373.0
2457621.55420 20.119 0.155 5.65 467.0
2457621.65374 20.493 0.229 5.86 450.0
2457621.70043 20.322 0.232 6.39 522.0
2457622.51179 20.213 0.130 4.74 346.0
2457622.56102 20.369 0.149 4.57 351.0
2457622.61538 20.020 0.132 4.95 431.0
2457622.66902 20.325 0.142 4.12 414.0
2457622.71099 20.608 0.194 4.34 462.0
2457623.49024 20.254 0.184 5.73 442.0
2457623.53702 19.999 0.126 4.97 401.0
2457623.60037 20.536 0.173 4.94 345.0
2457623.64458 20.128 0.128 5.13 372.0
2457623.68859 20.247 0.156 5.25 414.0
2457624.47720 20.092 0.160 5.13 547.0
2457624.52471 20.016 0.113 4.65 389.0
2457624.58841 20.455 0.199 5.82 363.0
2457624.63658 20.304 0.148 5.09 366.0
2457624.68326 20.165 0.148 5.54 401.0
2457625.51093 20.459 0.170 4.63 406.0
2457625.58208 20.136 0.131 5.08 410.0
2457625.62592 20.269 0.161 5.48 382.0
2457625.68009 20.240 0.178 6.29 361.0
2457626.56721 20.541 0.238 5.93 405.0
2457626.63385 20.213 0.145 5.22 377.0
2457626.67856 20.895 0.278 5.15 396.0
2457630.53359 20.110 0.133 5.32 365.0
2457630.57840 20.409 0.176 5.18 363.0
2457630.62297 20.111 0.132 4.94 363.0
2457630.66677 20.141 0.148 5.49 353.0
2457631.52558 20.156 0.111 4.05 383.0
2457631.57029 20.495 0.151 4.45 355.0
2457631.61492 20.450 0.132 3.77 362.0
2457631.65848 20.103 0.112 4.75 364.0
2457632.52483 20.506 0.165 4.52 344.0
2457632.56978 20.064 0.120 4.75 364.0
2457632.61473 20.218 0.137 4.77 380.0
2457632.65748 20.226 0.150 4.92 398.0
2457633.58217 20.419 0.249 6.78 396.0
2457633.62765 20.217 0.171 5.77 393.0
2457634.51351 20.464 0.267 7.33 351.0
2457634.55884 19.947 0.160 7.25 344.0
2457635.48497 20.041 0.201 7.40 447.0
2457635.54415 20.484 0.258 6.70 410.0
2457635.59613 20.059 0.174 6.65 386.0
2457636.51180 20.248 0.218 6.98 427.0
2457636.56374 20.807 0.297 5.91 404.0
2457636.60884 20.034 0.200 7.45 424.0
2457636.65033 20.033 0.168 6.63 415.0
2457637.52195 20.328 0.160 5.36 365.0
2457637.56944 20.406 0.149 4.91 351.0
2457637.61298 20.091 0.157 6.20 379.0
2457638.48731 20.101 0.193 6.28 622.0
2457638.60040 20.154 0.151 5.24 577.0
2457639.50171 20.163 0.190 5.74 464.0
2457639.55906 19.956 0.135 5.54 439.0
2457639.60454 20.310 0.145 4.50 427.0
2457644.50418 19.737 0.205 6.60 944.0
2457645.49603 20.055 0.207 6.00 810.0
2457647.48332 20.056 0.274 6.89 992.0
2457647.53318 20.523 0.273 5.40 729.0
2457647.57808 20.339 0.209 5.32 667.0
2457648.49907 20.400 0.274 6.55 552.0
2457648.54329 20.368 0.234 5.53 584.0
2457648.58717 20.211 0.191 5.34 643.0
2457649.48339 20.071 0.127 4.40 575.0
2457649.53812 20.299 0.148 4.26 577.0
2457649.58307 20.454 0.178 4.31 599.0
2457650.47881 20.203 0.198 5.06 902.0
2457650.55664 20.258 0.167 5.23 487.0
2457650.60072 19.925 0.154 6.19 567.0
2457651.55727 20.083 0.129 4.78 526.0
2457651.60067 20.187 0.171 5.16 669.0
2457652.54488 20.585 0.193 5.00 403.0
2457652.59303 20.357 0.164 5.30 456.0
2457653.55511 20.587 0.176 4.76 389.0
2457653.59901 20.139 0.130 5.08 412.0
2457655.57171 20.255 0.172 5.98 419.0
2457656.52731 20.468 0.218 5.86 443.0
2457656.58057 20.171 0.192 6.45 459.0
2457657.57366 20.249 0.166 5.75 467.0
2457659.48143 20.242 0.248 5.66 929.0
2457660.48183 19.796 0.198 6.32 1041.0
2457660.55094 20.572 0.265 6.20 485.0
2457661.56807 20.108 0.180 6.63 493.0
2457662.52396 20.358 0.228 6.25 530.0
2457662.56771 20.120 0.186 6.24 533.0
2457665.48613 19.767 0.170 6.44 629.0
2457666.54904 20.171 0.185 6.17 522.0
2457667.55232 20.387 0.189 5.96 474.0
2457671.52783 20.141 0.177 5.41 657.0
2457672.53776 20.114 0.168 5.17 704.0
2457675.53195 20.086 0.209 6.15 733.0
2457679.52460 20.207 0.250 7.17 636.0
2457682.51286 20.001 0.156 5.67 647.0
2457689.50320 20.463 0.252 5.81 633.0
2457690.49934 19.772 0.144 5.56 754.0
2457690.50384 20.028 0.152 4.91 619.0
2457790.87236 20.518 0.227 5.47 553.0
2457790.88789 19.847 0.208 4.20 2708.0
2457791.86746 20.054 0.125 4.71 473.0
2457792.86373 20.502 0.262 5.86 667.0
2457793.86114 20.186 0.162 4.59 699.0
2457795.87407 20.256 0.233 5.65 847.0
2457796.86780 20.349 0.199 4.77 691.0
2457797.87303 20.013 0.171 5.16 841.0
2457798.87272 20.252 0.149 4.08 566.0
2457799.86796 20.500 0.273 5.61 631.0
2457800.86247 20.128 0.146 4.91 548.0
2457801.88776 20.410 0.245 5.03 763.0
2457802.88587 20.194 0.241 6.96 697.0
2457803.86919 19.975 0.148 4.50 895.0
2457807.83975 20.238 0.149 4.88 419.0
2457807.88640 20.267 0.125 4.24 406.0
2457808.88407 20.300 0.126 4.02 407.0
2457809.83882 20.394 0.205 5.63 502.0
2457809.88638 20.233 0.149 5.08 412.0
2457810.83550 20.318 0.155 4.68 467.0
2457810.88296 20.087 0.126 4.79 402.0
2457811.85165 20.447 0.159 4.34 406.0
2457811.89691 20.326 0.158 4.66 429.0
2457812.86781 20.521 0.165 4.18 446.0
2457813.81160 20.323 0.194 5.21 579.0
2457814.82165 20.415 0.182 5.04 464.0
2457814.86748 20.414 0.151 4.38 416.0
2457815.83353 20.090 0.127 4.81 473.0
2457815.88059 20.497 0.167 4.44 408.0
2457816.82518 20.172 0.142 4.87 449.0
2457816.87050 20.099 0.126 5.00 410.0
2457817.82173 20.308 0.155 4.51 512.0
2457817.86706 20.217 0.110 3.79 458.0
2457818.80797 20.043 0.118 4.62 441.0
2457818.85327 19.999 0.103 4.21 442.0
2457818.89839 20.313 0.135 4.16 469.0
2457819.83310 20.410 0.168 4.98 405.0
2457819.88479 20.258 0.122 4.23 381.0
2457820.88752 20.144 0.117 4.26 419.0
2457821.82588 20.365 0.203 5.36 493.0
2457821.87030 19.993 0.133 5.14 480.0
2457822.80804 20.191 0.208 5.57 721.0
2457822.85268 20.628 0.237 4.84 547.0
2457822.89740 20.133 0.149 5.11 450.0
2457823.83799 20.108 0.139 4.35 641.0
2457823.88258 20.096 0.132 4.58 556.0
2457824.83394 20.270 0.197 5.07 662.0
2457824.87871 20.440 0.228 5.56 595.0
2457825.82567 20.354 0.190 4.83 664.0
2457825.87027 20.332 0.192 5.12 580.0
2457826.78409 20.006 0.172 5.50 772.0
2457826.82919 20.192 0.196 5.41 676.0
2457826.87387 20.424 0.228 5.46 622.0
2457827.80319 20.455 0.200 4.52 606.0
2457827.84758 19.917 0.112 4.61 538.0
2457827.89229 20.311 0.148 4.23 524.0
2457828.81689 20.402 0.196 4.93 599.0
2457828.86131 20.116 0.125 4.34 537.0
2457828.90619 20.725 0.206 4.18 539.0
2457829.84331 20.431 0.219 4.83 670.0
2457830.85024 20.218 0.169 4.64 698.0
2457830.89185 20.142 0.184 4.83 851.0
2457834.78845 20.479 0.249 6.36 454.0
2457834.83489 20.381 0.174 5.15 414.0
2457834.88206 20.251 0.145 5.01 385.0
2457835.75620 20.225 0.210 7.20 367.0
2457835.83366 19.928 0.174 7.28 391.0
2457835.88043 20.211 0.160 5.61 373.0
2457836.76282 19.974 0.189 7.21 431.0
2457836.81774 20.194 0.173 6.35 360.0
2457836.86679 20.371 0.182 5.78 347.0
2457836.91474 20.354 0.225 5.52 644.0
2457837.78488 19.952 0.113 5.44 347.0
2457837.83118 19.925 0.104 5.21 335.0
2457837.87803 20.162 0.112 4.40 347.0
2457838.75448 20.478 0.212 5.54 435.0
2457838.80056 20.504 0.202 5.48 397.0
2457838.85611 20.265 0.123 4.37 388.0
2457838.90393 20.221 0.112 4.18 376.0
2457839.77657 20.331 0.112 4.11 321.0
2457839.83242 20.269 0.113 4.31 322.0
2457839.88296 20.310 0.111 4.08 313.0
2457840.74302 20.442 0.211 5.82 403.0
2457840.79065 20.101 0.119 4.94 332.0
2457840.84726 20.341 0.144 4.88 351.0
2457840.89478 20.370 0.122 4.09 334.0
2457841.77215 19.850 0.143 7.12 362.0
2457841.81823 20.437 0.208 6.11 343.0
2457841.86571 20.331 0.228 6.98 372.0
2457841.91236 19.971 0.144 6.00 422.0
2457842.76544 20.359 0.193 6.15 357.0
2457842.81185 20.339 0.145 5.03 346.0
2457842.85838 20.216 0.154 5.49 374.0
2457842.90438 20.390 0.165 5.13 367.0
2457843.73479 20.234 0.151 5.43 367.0
2457843.78046 20.047 0.133 5.63 338.0
2457843.83598 20.089 0.119 5.26 316.0
2457843.88328 20.373 0.152 5.14 309.0
2457844.73092 20.343 0.171 5.59 377.0
2457844.77699 20.381 0.136 4.55 335.0
2457844.83234 19.728 0.138 7.61 352.0
2457844.87865 19.904 0.140 6.68 362.0
2457845.77034 20.161 0.131 5.07 360.0
2457845.82552 20.685 0.192 4.92 337.0
2457845.87270 20.002 0.098 4.71 329.0
2457845.91918 20.474 0.187 4.81 477.0
2457846.77215 20.360 0.147 5.01 333.0
2457846.81808 20.559 0.161 4.54 327.0
2457846.86439 20.462 0.152 4.67 338.0
2457846.91201 20.187 0.132 5.08 357.0
2457847.75160 20.578 0.217 5.46 376.0
2457847.79792 20.377 0.145 4.46 359.0
2457847.85406 20.267 0.144 4.92 346.0
2457847.90312 20.549 0.170 4.56 338.0
2457848.73511 20.303 0.196 6.14 418.0
2457848.78101 20.204 0.133 5.10 340.0
2457848.82658 20.502 0.151 4.79 320.0
2457848.88462 20.465 0.138 4.33 316.0
2457849.71753 20.085 0.172 5.74 560.0
2457849.76304 20.256 0.141 4.87 434.0
2457849.80939 20.355 0.121 4.12 347.0
2457849.86606 20.294 0.098 3.63 333.0
2457849.91456 20.366 0.114 3.55 369.0
2457850.74473 20.039 0.151 5.34 499.0
2457850.79129 20.441 0.197 5.06 423.0
2457850.83846 20.135 0.108 4.37 355.0
2457850.89540 20.311 0.133 4.70 345.0
2457851.77777 20.286 0.194 5.69 513.0
2457851.82412 20.292 0.160 5.09 454.0
2457851.88261 20.074 0.106 4.55 374.0
2457852.74317 20.257 0.268 7.40 538.0
2457852.85291 20.630 0.273 6.48 414.0
2457852.90228 20.284 0.196 6.55 336.0
2457853.86611 20.316 0.268 7.60 484.0
2457853.89088 20.071 0.158 5.96 461.0
2457853.92137 20.292 0.256 7.28 512.0
2457854.73154 20.249 0.161 4.44 681.0
2457854.77778 20.382 0.159 4.15 594.0
2457854.83339 20.366 0.180 4.80 541.0
2457854.88298 20.236 0.166 4.78 542.0
2457855.73069 20.128 0.149 4.32 751.0
2457855.77726 20.147 0.137 4.13 649.0
2457855.82386 20.333 0.184 4.59 623.0
2457855.88424 20.482 0.161 3.98 588.0
2457856.70659 20.260 0.296 6.99 752.0
2457856.80328 20.219 0.178 5.15 595.0
2457856.85038 20.098 0.181 5.92 596.0
2457856.91028 20.202 0.226 6.41 580.0
2457857.85514 20.010 0.238 6.55 1001.0
2457857.89704 20.411 0.275 5.66 764.0
2457858.77505 20.699 0.202 4.13 547.0
2457858.81185 20.293 0.157 4.51 567.0
2457858.84584 20.471 0.250 5.83 636.0
2457858.88861 20.200 0.169 5.45 535.0
2457862.68670 20.257 0.183 5.74 465.0
2457862.73403 20.234 0.170 5.71 441.0
2457862.78108 20.306 0.169 5.18 422.0
2457862.82814 20.002 0.130 5.19 435.0
2457862.87661 20.470 0.226 5.86 441.0
2457863.75880 20.607 0.287 7.02 387.0
2457863.81417 20.297 0.181 5.96 408.0
2457863.89076 20.072 0.113 4.43 425.0
2457864.71586 20.203 0.107 4.24 353.0
2457864.78801 20.494 0.120 3.52 341.0
2457864.84904 20.460 0.133 4.06 368.0
2457864.90073 20.094 0.097 3.97 406.0
2457865.69019 20.393 0.135 4.32 379.0
2457865.73587 20.109 0.112 4.56 382.0
2457865.78215 20.235 0.103 3.73 360.0
2457865.85710 20.299 0.101 3.26 412.0
2457865.90654 20.436 0.141 3.71 461.0
2457866.70122 20.196 0.122 4.30 392.0
2457866.74777 20.245 0.112 3.95 377.0
2457866.80356 20.361 0.117 3.81 363.0
2457866.86452 20.414 0.118 3.48 382.0
2457866.91208 20.423 0.116 3.16 408.0
2457867.72004 20.203 0.108 3.97 359.0
2457867.76689 20.378 0.105 3.44 339.0
2457867.83278 20.550 0.122 3.48 337.0
2457867.88265 20.326 0.136 4.43 359.0
2457867.92947 20.162 0.172 5.03 631.0
2457868.79267 20.142 0.153 5.39 375.0
2457868.86152 20.321 0.269 7.59 430.0
2457868.92302 20.171 0.204 6.85 431.0
2457869.71433 20.110 0.122 4.95 366.0
2457869.76029 20.219 0.112 4.04 352.0
2457869.81609 20.119 0.092 3.94 336.0
2457869.87577 20.211 0.104 3.64 386.0
2457869.92316 20.226 0.105 3.36 457.0
2457870.74066 20.221 0.082 3.20 318.0
2457870.79686 20.079 0.083 3.55 315.0
2457870.85499 20.413 0.144 4.55 338.0
2457870.90290 20.270 0.120 3.95 369.0
2457871.72127 20.467 0.139 4.07 386.0
2457871.76726 20.154 0.096 3.60 375.0
2457871.83846 20.205 0.095 3.31 358.0
2457871.89293 20.440 0.140 3.78 386.0
2457872.66661 20.343 0.139 4.27 419.0
2457872.73653 20.242 0.110 3.84 377.0
2457872.79349 20.473 0.115 3.40 365.0
2457872.85968 20.286 0.129 4.56 383.0
2457872.91634 20.491 0.147 3.83 424.0
2457873.68552 20.481 0.153 4.34 392.0
2457873.73140 20.357 0.117 3.67 370.0
2457873.77815 20.257 0.091 3.26 337.0
2457873.83651 20.081 0.098 3.99 374.0
2457873.89744 20.225 0.112 3.81 390.0
2457874.66009 20.191 0.178 6.08 453.0
2457874.70674 20.034 0.138 5.57 411.0
2457874.76201 20.188 0.163 5.70 400.0
2457874.82024 20.083 0.132 5.20 373.0
2457874.86949 20.355 0.165 4.67 455.0
2457874.91644 20.367 0.174 5.31 428.0
2457875.80341 20.376 0.131 4.00 765.0
2457875.87167 20.152 0.126 4.40 815.0
2457875.90923 20.043 0.122 4.80 577.0
2457876.65621 19.872 0.142 5.93 578.0
2457876.70333 20.011 0.122 4.94 451.0
2457876.75183 20.276 0.133 4.34 415.0
2457876.81081 20.250 0.104 3.58 391.0
2457876.87259 20.295 0.145 4.59 417.0
2457876.92977 20.207 0.133 4.15 530.0
2457877.68088 20.328 0.159 4.83 457.0
2457877.73737 20.209 0.106 3.60 400.0
2457877.79411 20.314 0.106 3.44 399.0
2457877.84491 20.171 0.111 3.49 474.0
2457877.89641 20.350 0.160 4.35 484.0
2457878.71358 20.262 0.106 3.41 459.0
2457878.77890 20.505 0.140 3.81 405.0
2457878.82940 20.315 0.107 3.30 394.0
2457878.88791 20.108 0.095 3.64 411.0
2457878.93399 20.205 0.155 3.86 895.0
2457879.69672 19.789 0.118 5.50 488.0
2457879.74289 19.859 0.146 6.05 509.0
2457879.78888 20.202 0.233 7.39 459.0
2457879.88059 20.064 0.212 7.37 460.0
2457880.69482 20.521 0.283 6.50 500.0
2457880.74083 20.503 0.228 5.61 484.0
2457880.78914 20.475 0.239 5.78 500.0
2457880.84736 20.374 0.273 6.82 497.0
2457881.78652 20.131 0.181 5.47 592.0
2457881.83656 19.843 0.141 5.76 567.0
2457881.88495 20.097 0.250 7.14 617.0
2457882.69515 20.567 0.295 6.26 568.0
2457882.74100 20.283 0.172 5.02 535.0
2457882.79825 20.569 0.287 5.89 568.0
2457882.85689 20.264 0.175 4.58 648.0
2457883.86082 20.064 0.242 6.83 761.0
2457889.92531 19.875 0.210 5.98 1165.0
2457890.70821 20.293 0.218 6.06 514.0
2457890.77569 19.957 0.179 6.27 585.0
2457890.85087 20.461 0.209 4.91 580.0
2457890.89829 20.172 0.247 6.65 664.0
2457893.65639 20.110 0.180 6.31 458.0
2457893.70220 20.359 0.196 5.74 417.0
2457893.75812 19.917 0.136 5.92 435.0
2457893.81636 20.425 0.164 4.66 410.0
2457893.86360 20.216 0.140 4.76 436.0
2457893.91010 20.032 0.131 4.82 494.0
2457894.59923 20.184 0.237 7.45 535.0
2457894.64017 20.421 0.199 5.58 461.0
2457894.68617 20.070 0.106 4.36 385.0
2457894.75077 20.233 0.105 3.84 361.0
2457894.79878 20.105 0.118 4.63 384.0
2457894.84550 20.118 0.110 4.20 402.0
2457894.89261 19.981 0.139 5.51 456.0
2457894.93808 20.226 0.199 5.44 691.0
2457895.63985 20.399 0.175 4.89 577.0
2457895.78627 20.345 0.153 4.72 398.0
2457897.65023 20.029 0.146 6.05 413.0
2457897.69627 19.953 0.143 5.81 402.0
2457897.74667 20.323 0.165 5.24 482.0
2457900.90913 20.320 0.234 6.78 456.0
2457901.61726 20.354 0.211 6.31 430.0
2457901.66459 20.344 0.182 5.72 366.0
2457901.73100 20.162 0.132 5.01 461.0
2457901.80492 20.161 0.132 4.83 385.0
2457902.57609 20.374 0.260 7.03 502.0
2457902.62308 20.156 0.209 7.17 416.0
2457902.67031 19.990 0.117 5.00 373.0
2457902.72625 20.683 0.185 4.42 375.0
2457902.78647 20.139 0.126 4.64 393.0
2457902.83256 19.997 0.163 6.11 446.0
2457903.72713 20.177 0.222 7.82 354.0
2457903.79188 20.232 0.208 7.04 363.0
2457903.89412 20.219 0.174 5.50 474.0
2457904.59026 20.152 0.195 6.70 448.0
2457904.63754 20.344 0.172 5.56 380.0
2457904.68152 20.196 0.107 4.21 334.0
2457904.73781 20.049 0.086 3.74 331.0
2457904.79702 20.513 0.134 4.03 314.0
2457904.84450 20.361 0.167 5.15 385.0
2457904.89057 20.112 0.146 5.31 437.0
2457904.93983 20.230 0.216 6.04 621.0
2457905.60347 20.302 0.169 5.46 429.0
2457905.65050 20.531 0.158 4.33 377.0
2457905.70586 20.292 0.101 3.55 333.0
2457905.76368 20.563 0.175 4.60 382.0
2457905.81114 20.477 0.139 3.81 391.0
2457905.85950 20.494 0.182 4.32 480.0
2457905.92268 20.543 0.202 4.68 518.0
2457906.56768 20.555 0.234 5.16 572.0
2457906.61399 20.468 0.163 4.24 429.0
2457906.66186 20.198 0.107 3.89 388.0
2457906.71673 20.342 0.110 3.57 405.0
2457906.77664 20.146 0.105 3.70 432.0
2457906.82395 20.161 0.121 4.18 459.0
2457906.87110 20.483 0.181 4.47 511.0
2457906.91744 20.237 0.185 5.06 679.0
2457907.66643 20.387 0.193 4.60 676.0
2457907.71074 20.285 0.140 4.26 500.0
2457907.75048 20.425 0.162 3.97 546.0
2457907.82711 20.127 0.140 4.58 630.0
2457908.58413 20.392 0.265 6.08 671.0
2457908.62985 20.273 0.186 5.04 570.0
2457908.67661 20.379 0.165 4.43 505.0
2457908.73228 20.392 0.133 3.61 493.0
2457908.79080 20.188 0.144 4.54 520.0
2457908.83726 20.431 0.157 4.43 413.0
2457908.88444 19.990 0.138 5.27 505.0
2457908.92370 20.178 0.184 5.48 643.0
2457909.60828 20.203 0.169 4.64 623.0
2457909.65762 20.202 0.132 3.90 535.0
2457909.71336 20.331 0.136 3.74 523.0
2457909.76238 20.208 0.148 3.60 754.0
2457909.80944 20.131 0.129 3.96 569.0
2457909.84807 20.271 0.121 3.59 475.0
2457909.89906 20.054 0.143 4.54 594.0
2457909.93087 20.002 0.161 5.46 779.0
2457910.55608 20.067 0.197 5.66 807.0
2457910.61038 20.650 0.257 4.91 603.0
2457910.65721 20.538 0.207 4.76 518.0
2457910.71407 20.197 0.122 3.99 480.0
2457910.77377 20.293 0.148 4.15 549.0
2457910.81981 20.519 0.194 4.40 547.0
2457910.87489 20.234 0.148 4.09 716.0
2457910.92758 20.528 0.242 5.58 704.0
2457911.62356 20.453 0.246 5.44 659.0
2457911.67079 20.654 0.276 5.13 626.0
2457911.71572 19.961 0.176 6.04 625.0
2457911.82449 20.013 0.188 5.87 726.0
2457916.55202 20.291 0.274 6.10 961.0
2457916.59887 20.097 0.145 4.31 778.0
2457916.63510 20.385 0.171 3.92 769.0
2457916.67630 20.139 0.153 4.07 880.0
2457916.71872 20.133 0.146 4.02 762.0
2457916.76382 20.380 0.152 3.59 679.0
2457916.80616 20.008 0.127 3.71 856.0
2457916.84986 20.091 0.176 4.54 959.0
2457917.55978 19.950 0.172 5.71 690.0
2457917.60595 20.456 0.238 5.31 594.0
2457917.65612 20.014 0.125 4.69 500.0
2457917.70520 20.505 0.193 4.52 516.0
2457917.75592 20.449 0.156 3.88 524.0
2457917.80190 20.095 0.138 4.60 585.0
2457917.84759 20.504 0.264 5.36 715.0
2457917.89400 20.007 0.173 5.25 825.0
2457918.57404 20.254 0.194 6.26 656.0
2457918.65251 20.451 0.276 5.57 780.0
2457922.61741 20.284 0.166 5.38 421.0
2457922.67288 20.300 0.137 4.48 389.0
2457922.73094 20.540 0.205 5.21 396.0
2457923.54094 20.086 0.169 5.87 513.0
2457923.58624 20.163 0.177 5.77 514.0
2457923.63241 20.288 0.148 4.94 416.0
2457923.70728 20.654 0.258 5.68 413.0
2457923.75396 20.592 0.263 6.12 428.0
2457923.80201 20.469 0.226 5.54 471.0
2457923.84733 19.867 0.164 6.87 486.0
2457924.51066 20.347 0.214 5.82 548.0
2457924.55337 20.226 0.159 4.96 457.0
2457924.59922 20.315 0.146 4.57 392.0
2457924.64360 20.367 0.155 4.62 387.0
2457924.70993 20.198 0.123 4.03 395.0
2457924.75701 20.329 0.140 4.27 378.0
2457924.80303 20.088 0.106 3.81 422.0
2457924.84890 20.285 0.149 4.38 502.0
2457925.57751 20.305 0.218 6.58 423.0
2457925.62301 20.429 0.205 5.97 380.0
2457925.66986 20.278 0.113 4.06 328.0
2457925.74340 20.255 0.165 5.67 375.0
2457925.79146 20.378 0.184 5.63 353.0
2457925.84369 20.248 0.173 5.65 436.0
2457926.55944 20.476 0.251 6.54 461.0
2457926.61170 20.184 0.143 5.48 421.0
2457926.67770 20.068 0.131 5.49 358.0
2457926.74129 20.205 0.166 5.74 393.0
2457926.79406 20.008 0.208 7.61 427.0
2457926.84870 20.295 0.234 7.24 456.0
2457928.60623 20.584 0.210 5.08 433.0
2457928.65385 20.187 0.139 5.08 387.0
2457929.80551 19.848 0.155 7.10 572.0
2457932.60679 20.495 0.195 5.24 388.0
2457932.66339 20.327 0.208 6.35 403.0
2457932.71205 20.051 0.171 6.83 377.0
2457932.77144 20.267 0.184 6.25 365.0
2457932.81700 20.189 0.137 5.00 395.0
2457933.59587 20.399 0.205 6.11 372.0
2457933.64261 20.262 0.148 5.33 323.0
2457933.69237 20.182 0.144 5.62 315.0
2457933.75899 20.067 0.150 6.39 323.0
2457933.80286 20.294 0.214 6.92 376.0
2457933.82817 20.139 0.179 6.87 376.0
2457933.84099 19.768 0.131 6.95 407.0
2457934.50074 20.109 0.163 5.68 513.0
2457934.54666 20.430 0.163 4.74 414.0
2457934.59232 20.234 0.129 4.74 367.0
2457934.64764 20.626 0.181 4.75 370.0
2457934.74642 19.989 0.102 4.42 375.0
2457934.79239 20.277 0.161 5.40 383.0
2457934.83839 19.825 0.122 6.13 368.0
2457934.86137 20.028 0.138 6.09 368.0
2457935.53215 20.568 0.191 4.59 451.0
2457935.58856 20.491 0.166 4.22 400.0
2457935.64554 20.205 0.117 4.20 360.0
2457935.69484 20.160 0.115 3.97 364.0
2457935.74188 20.251 0.117 4.40 318.0
2457935.78888 20.186 0.104 4.18 329.0
2457935.85776 20.409 0.145 4.56 382.0
2457936.48723 20.535 0.247 5.64 532.0
2457936.53986 20.572 0.243 5.68 430.0
2457936.58748 19.968 0.109 4.84 367.0
2457936.63541 20.189 0.136 5.10 348.0
2457936.70774 20.263 0.141 4.96 339.0
2457936.76427 20.253 0.167 6.04 325.0
2457936.81201 19.997 0.119 5.49 327.0
2457937.48164 20.264 0.222 5.91 656.0
2457937.52858 20.096 0.164 5.53 539.0
2457937.57661 20.301 0.179 5.21 466.0
2457937.62380 20.289 0.127 4.17 383.0
2457937.67201 20.293 0.147 4.64 409.0
2457937.73010 20.366 0.180 5.57 372.0
2457937.78706 20.418 0.230 6.67 361.0
2457937.83395 19.979 0.156 6.63 409.0
2457938.55203 20.483 0.241 5.37 525.0
2457938.60048 20.076 0.166 5.94 474.0
2457938.65290 20.229 0.225 6.78 495.0
2457944.49240 20.517 0.264 5.13 790.0
2457944.53157 20.410 0.218 4.75 763.0
2457944.57181 20.393 0.196 4.37 698.0
2457944.61044 20.347 0.192 4.61 662.0
2457944.65864 20.517 0.210 4.40 624.0
2457944.70806 20.042 0.170 5.30 618.0
2457944.75480 20.670 0.271 4.96 641.0
2457944.79563 20.384 0.231 4.86 778.0
2457944.82651 19.942 0.266 7.76 900.0
2457945.47751 20.474 0.260 5.89 599.0
2457945.51368 20.350 0.219 5.35 711.0
2457945.56009 20.237 0.177 5.16 546.0
2457945.60778 20.363 0.146 4.17 498.0
2457945.65632 20.449 0.166 4.38 454.0
2457945.70408 20.096 0.120 4.63 463.0
2457945.75143 20.236 0.129 4.01 519.0
2457945.79848 20.349 0.188 4.87 609.0
2457945.84370 20.145 0.190 5.35 789.0
2457946.49435 20.269 0.161 5.24 386.0
2457946.55158 20.191 0.156 4.89 502.0
2457946.59960 20.249 0.132 4.08 475.0
2457946.66491 20.230 0.142 4.73 420.0
2457946.71244 20.186 0.160 5.36 435.0
2457946.76031 19.960 0.146 5.96 448.0
2457946.80921 20.674 0.261 5.46 492.0
2457947.51146 20.533 0.210 5.60 364.0
2457947.55029 20.216 0.175 6.18 398.0
2457947.59903 20.558 0.194 5.09 393.0
2457947.64961 20.223 0.170 5.77 383.0
2457947.74363 20.107 0.180 6.42 445.0
2457948.46628 20.265 0.291 6.71 785.0
2457948.50431 20.577 0.213 5.44 385.0
2457948.56221 20.226 0.143 5.10 350.0
2457948.61986 20.010 0.125 5.40 389.0
2457948.67145 19.974 0.152 5.60 541.0
2457948.74203 20.330 0.194 5.58 476.0
2457948.78834 20.028 0.128 4.96 512.0
2457948.83303 20.063 0.182 6.49 583.0
2457949.57561 20.264 0.190 5.02 623.0
2457952.68816 20.552 0.202 5.33 354.0
2457952.73987 20.565 0.231 5.99 332.0
2457952.79523 20.125 0.219 7.79 382.0
2457953.47514 20.527 0.257 6.01 509.0
2457953.52128 20.287 0.136 4.51 394.0
2457953.59076 20.302 0.124 4.59 334.0
2457953.64550 20.269 0.136 5.12 316.0
2457953.69592 20.135 0.122 5.27 297.0
2457953.74830 20.240 0.134 5.00 323.0
2457953.79716 20.485 0.195 5.50 395.0
2457954.48648 20.199 0.153 4.80 635.0
2457954.53823 20.309 0.138 4.35 450.0
2457954.60000 20.286 0.107 3.90 313.0
2457954.66796 20.202 0.101 3.95 302.0
2457954.72862 20.293 0.133 4.53 403.0
2457954.78446 20.080 0.124 4.82 456.0
2457955.74044 20.195 0.120 4.93 361.0
2457955.78397 20.127 0.146 6.26 366.0
2457956.48940 20.713 0.247 4.80 487.0
2457956.54620 20.454 0.159 4.31 407.0
2457956.60298 20.176 0.090 3.48 324.0
2457956.66999 20.045 0.099 4.26 325.0
2457956.71706 20.148 0.113 4.54 359.0
2457956.76767 20.107 0.141 5.73 391.0
2457957.54205 20.129 0.175 6.35 412.0
2457957.67664 20.285 0.185 6.21 368.0
2457957.72546 20.026 0.134 5.89 380.0
2457958.61641 20.759 0.292 6.26 371.0
2457958.64859 20.240 0.224 7.58 363.0
2457958.69971 20.030 0.137 5.91 359.0
2457958.79227 20.413 0.225 6.69 408.0
2457959.49650 20.540 0.177 4.93 384.0
2457959.54435 20.173 0.112 4.30 367.0
2457959.59410 20.385 0.133 4.44 344.0
2457959.64509 20.223 0.105 4.17 318.0
2457959.69415 20.292 0.128 4.69 324.0
2457959.74545 20.322 0.147 5.24 341.0
2457959.78826 20.501 0.278 7.43 413.0
2457960.48446 20.062 0.151 5.86 419.0
2457960.53240 20.162 0.124 4.87 340.0
2457960.59648 20.336 0.125 4.33 346.0
2457960.65247 20.224 0.116 4.67 283.0
2457960.70162 20.138 0.134 5.39 329.0
2457960.75595 19.969 0.124 5.87 341.0
2457960.79143 19.969 0.127 5.99 366.0
2457961.53459 20.414 0.173 5.21 437.0
2457961.59762 20.522 0.196 5.41 409.0
2457961.63387 20.067 0.119 5.08 371.0
2457961.67821 20.465 0.170 5.07 366.0
2457961.74659 20.312 0.215 6.81 479.0
2457962.49747 20.309 0.134 4.44 385.0
2457962.54196 20.327 0.125 4.25 368.0
2457962.65669 19.903 0.094 4.53 445.0
2457963.58953 20.299 0.151 4.66 463.0
2457964.53569 20.244 0.165 5.14 500.0
2457964.57350 20.470 0.172 4.53 432.0
2457964.62472 20.298 0.158 5.11 403.0
2457964.67256 20.112 0.127 4.87 389.0
2457964.75324 20.126 0.165 6.07 471.0
2457965.63914 20.096 0.122 4.36 444.0
2457965.67450 20.157 0.131 4.91 400.0
2457965.70519 20.299 0.167 4.79 593.0
2457966.53649 20.107 0.195 6.64 487.0
2457966.56704 20.184 0.165 5.66 402.0
2457966.61268 20.368 0.197 6.11 367.0
2457966.66050 20.462 0.213 6.11 367.0
2457967.65147 20.433 0.268 7.04 455.0
2457967.71865 20.184 0.188 6.04 511.0
2457971.48326 20.047 0.205 5.82 799.0
2457971.52446 20.448 0.250 5.25 741.0
2457971.56360 20.154 0.218 5.29 988.0
2457971.60025 20.193 0.204 5.72 637.0
2457971.63854 20.559 0.234 4.71 650.0
2457971.67625 20.107 0.165 4.84 725.0
2457971.71672 20.014 0.210 6.10 852.0
2457972.61644 20.201 0.189 4.97 648.0
2457972.74143 20.206 0.269 6.17 931.0
2457973.53857 20.063 0.211 6.54 648.0
2457973.59051 20.092 0.190 5.91 643.0
2457973.64737 20.486 0.236 5.14 650.0
2457974.49538 20.744 0.286 5.40 525.0
2457974.54257 20.217 0.154 5.05 501.0
2457974.59306 20.228 0.161 4.91 495.0
2457974.64254 20.185 0.144 4.52 493.0
2457974.69276 20.239 0.184 5.23 572.0
2457975.62393 20.275 0.194 5.99 451.0
2457979.47244 20.375 0.209 4.67 800.0
2457979.53844 20.304 0.133 4.43 385.0
2457979.59096 20.153 0.110 3.91 425.0
2457979.64187 20.147 0.109 4.22 376.0
2457980.48936 20.560 0.289 6.42 491.0
2457980.55968 20.425 0.201 5.23 454.0
2457980.60736 20.579 0.249 5.73 487.0
2457981.49007 20.547 0.251 5.46 527.0
2457981.58062 20.252 0.154 4.87 455.0
2457981.62825 20.147 0.116 4.10 423.0
2457981.67518 20.326 0.193 5.31 480.0
2457982.51214 20.242 0.152 4.95 404.0
2457982.56946 20.060 0.120 4.62 372.0
2457982.61785 20.246 0.166 5.55 412.0
2457982.66407 20.080 0.128 5.23 403.0
2457983.52775 20.410 0.220 6.12 409.0
2457983.57639 20.167 0.125 4.43 385.0
2457983.62253 20.390 0.152 4.59 375.0
2457983.67158 20.178 0.118 4.96 355.0
2457984.52042 20.363 0.200 5.83 396.0
2457984.57082 20.302 0.176 5.59 378.0
2457984.61842 20.036 0.126 5.55 366.0
2457984.66549 20.102 0.140 5.48 369.0
2457985.53305 20.294 0.220 6.51 458.0
2457985.58574 20.299 0.225 6.94 407.0
2457986.53220 20.104 0.101 4.08 376.0
2457986.59396 20.602 0.170 4.59 360.0
2457986.64394 20.446 0.156 5.00 342.0
2457987.48948 20.409 0.136 4.01 404.0
2457987.55490 20.292 0.115 3.64 389.0
2457987.60907 20.209 0.125 4.27 431.0
2457987.65893 20.389 0.155 4.82 407.0
2457990.50614 20.255 0.140 4.67 413.0
2457990.57391 20.406 0.193 5.56 416.0
2457990.62209 20.141 0.145 5.38 395.0
2457991.47548 20.450 0.248 5.31 697.0
2457991.52644 20.214 0.154 5.29 413.0
2457991.58460 20.424 0.216 6.34 385.0
2457991.64033 20.192 0.158 5.80 384.0
2457992.49111 20.118 0.135 5.13 434.0
2457992.54093 20.205 0.113 4.18 389.0
2457992.59668 20.282 0.147 5.02 392.0
2457992.64226 20.405 0.173 5.18 415.0
2457993.50866 20.168 0.141 4.87 448.0
2457993.55668 19.952 0.118 5.07 437.0
2457993.60364 19.946 0.119 5.55 372.0
2457993.65022 20.028 0.131 5.56 387.0
2457994.52209 20.183 0.174 5.64 503.0
2457994.56812 20.183 0.156 5.07 513.0
2457994.61755 20.124 0.171 6.34 466.0
2457998.51696 20.184 0.260 4.22 1991.0
2457998.55546 20.184 0.181 4.59 871.0
2457998.63441 20.131 0.220 5.85 814.0
2458000.50277 20.438 0.254 6.31 551.0
2458000.54484 20.213 0.201 6.10 566.0
2458001.50894 20.331 0.177 4.88 532.0
2458001.55614 20.318 0.152 4.28 555.0
2458001.60264 20.586 0.226 5.05 596.0
2458002.51064 19.841 0.287 6.99 1506.0
2458002.55773 19.969 0.253 5.91 1349.0
2458003.58682 20.106 0.209 6.51 586.0
2458004.49271 20.072 0.178 6.40 471.0
2458004.55855 20.076 0.172 6.07 495.0
2458004.60567 20.042 0.156 5.56 534.0
2458007.55465 20.148 0.199 7.04 428.0
2458007.60409 19.787 0.118 6.12 426.0
2458008.55639 20.037 0.136 5.66 382.0
2458010.49811 19.765 0.154 6.87 509.0
2458010.56162 20.057 0.138 5.20 453.0
2458011.53214 20.428 0.286 7.41 459.0
2458012.47903 20.368 0.247 4.63 1148.0
2458012.53717 20.007 0.125 4.99 488.0
2458012.58372 20.723 0.217 4.68 518.0
2458013.52539 20.107 0.124 4.58 465.0
2458013.57290 20.173 0.130 4.72 463.0
2458014.51922 20.203 0.147 5.00 429.0
2458014.56508 20.614 0.212 5.13 443.0
2458015.49157 20.125 0.196 6.71 437.0
2458015.54825 19.916 0.151 6.57 426.0
2458016.49371 20.215 0.185 5.81 492.0
2458016.54071 20.287 0.193 6.33 431.0
2458017.49372 20.134 0.164 5.61 470.0
2458017.54985 20.162 0.150 5.45 443.0
2458018.50224 20.109 0.126 4.36 449.0
2458018.56011 20.287 0.158 5.34 423.0
2458019.52499 20.418 0.144 4.17 405.0
2458020.54341 20.252 0.161 4.37 446.0
2458021.50107 20.052 0.178 5.88 560.0
2458026.50781 20.240 0.230 4.49 1364.0
2458026.54952 20.576 0.267 4.80 844.0
2458029.48978 20.498 0.289 5.73 706.0
2458029.55823 20.273 0.206 4.85 723.0
2458030.51456 20.407 0.198 4.35 720.0
2458032.54498 20.135 0.227 6.27 713.0
2458035.52904 20.461 0.278 6.29 529.0
2458040.52765 20.216 0.236 6.36 616.0
2458046.52077 19.969 0.221 7.12 743.0
2458048.51024 20.052 0.124 4.53 478.0
2458151.87923 18.545 0.073 6.40 1525.0
2458152.87699 18.759 0.056 5.17 1009.0
2458153.87445 19.037 0.061 4.86 720.0
2458155.87208 19.193 0.077 5.31 766.0
2458156.86838 19.524 0.099 4.98 689.0
2458161.84887 19.773 0.144 6.47 535.0
2458162.84814 19.786 0.097 4.87 467.0
2458162.88671 19.919 0.115 4.01 759.0
2458163.88361 19.908 0.120 4.80 566.0
2458164.87227 19.932 0.117 5.10 464.0
2458165.85790 19.878 0.113 4.99 499.0
2458166.83849 19.843 0.165 7.16 470.0
2458166.87752 20.067 0.149 5.62 460.0
2458167.85087 20.113 0.150 5.39 466.0
2458167.88916 20.302 0.165 4.79 483.0
2458168.85889 19.974 0.113 4.51 452.0
2458168.89695 20.234 0.200 4.73 823.0
2458169.85891 19.936 0.117 4.75 449.0
2458169.89642 19.979 0.140 4.33 754.0
2458170.85601 20.380 0.141 3.94 430.0
2458170.89342 19.871 0.099 3.80 610.0
2458171.85261 20.177 0.124 3.90 457.0
2458171.89010 20.032 0.108 3.42 530.0
2458172.85048 20.179 0.142 4.73 471.0
2458172.88776 20.337 0.147 3.79 483.0
2458173.84769 20.105 0.123 4.17 543.0
2458173.88691 19.955 0.098 3.83 481.0
2458174.83527 20.095 0.147 4.85 597.0
2458174.87261 19.924 0.099 3.98 513.0
2458175.82082 20.298 0.165 5.22 458.0
2458175.85867 20.197 0.135 4.51 437.0
2458175.89635 20.173 0.137 4.00 578.0
2458176.83938 20.055 0.132 4.94 486.0
2458176.87746 20.121 0.118 4.13 464.0
2458181.81602 20.342 0.207 4.89 736.0
2458181.85814 20.094 0.137 4.11 658.0
2458181.89754 20.380 0.176 4.04 655.0
2458182.86454 20.452 0.174 4.09 562.0
2458182.91131 19.949 0.182 3.88 1637.0
2458183.83684 20.080 0.143 4.66 616.0
2458183.88494 20.326 0.169 4.83 524.0
2458184.84036 20.129 0.148 4.15 652.0
2458184.87901 20.393 0.194 4.55 622.0
2458185.82201 20.328 0.260 5.86 800.0
2458185.86122 20.364 0.217 5.03 689.0
2458185.90171 19.994 0.191 4.95 1073.0
2458189.81732 20.200 0.129 4.22 446.0
2458189.86434 20.337 0.138 3.97 417.0
2458189.91072 20.111 0.181 4.02 1080.0
2458190.80758 20.376 0.140 4.57 349.0
2458190.86454 20.002 0.073 3.21 354.0
2458190.91059 20.578 0.214 3.87 782.0
2458191.82597 20.362 0.167 5.03 417.0
2458191.88188 19.994 0.118 5.06 383.0
2458192.78559 20.553 0.223 5.56 421.0
2458192.83181 20.308 0.159 4.88 447.0
2458192.88923 20.034 0.097 4.14 376.0
2458193.80274 19.950 0.116 5.29 363.0
2458193.85004 20.112 0.127 4.92 363.0
2458193.89795 20.206 0.118 4.36 358.0
2458194.79658 20.217 0.149 5.26 371.0
2458194.84391 20.465 0.148 4.43 342.0
2458194.89950 20.308 0.126 4.05 374.0
2458195.78657 20.261 0.179 5.83 424.0
2458195.83217 20.218 0.143 4.96 383.0
2458195.89010 19.997 0.090 3.92 358.0
2458196.78627 20.387 0.148 4.39 386.0
2458196.83198 20.155 0.117 4.38 360.0
2458196.88803 20.205 0.110 3.93 345.0
2458197.76781 19.995 0.142 5.87 437.0
2458197.81340 20.254 0.138 4.65 392.0
2458197.85977 20.157 0.109 3.98 392.0
2458197.91451 20.399 0.155 3.13 925.0
2458198.78525 20.075 0.101 4.14 397.0
2458198.83086 20.295 0.109 3.75 376.0
2458198.88578 20.265 0.141 4.33 455.0
2458199.75096 20.362 0.180 5.38 405.0
2458199.79475 20.051 0.128 5.25 376.0
2458199.84076 20.390 0.181 5.41 385.0
2458200.76609 20.089 0.162 5.86 460.0
2458200.81141 20.148 0.110 4.18 409.0
2458200.85841 20.413 0.132 3.76 430.0
2458200.91355 20.364 0.162 3.78 736.0
2458201.77684 20.269 0.190 6.13 425.0
2458201.82300 20.601 0.262 6.40 383.0
2458201.87760 20.195 0.118 4.33 355.0
2458202.74453 20.249 0.220 6.62 516.0
2458202.79006 20.365 0.134 3.97 425.0
2458202.83548 20.268 0.122 3.97 436.0
2458202.89104 20.300 0.114 3.87 409.0
2458203.75031 20.132 0.126 4.80 394.0
2458203.79599 20.047 0.096 3.87 367.0
2458203.84176 20.284 0.113 3.74 382.0
2458203.89698 20.276 0.127 4.34 377.0
2458204.75861 19.988 0.169 6.23 564.0
2458204.80448 20.736 0.271 5.80 408.0
2458204.84990 20.323 0.147 4.78 388.0
2458204.90558 20.067 0.106 4.52 360.0
2458205.75982 20.185 0.209 6.44 523.0
2458205.80410 20.272 0.226 6.74 457.0
2458205.86345 20.155 0.138 4.88 392.0
2458205.92149 20.200 0.192 3.69 1310.0
2458206.77016 20.154 0.131 4.24 559.0
2458206.81590 20.218 0.108 3.43 472.0
2458206.86132 20.277 0.106 3.52 415.0
2458206.91905 20.469 0.158 3.25 769.0
2458207.76616 20.805 0.264 4.66 620.0
2458207.81156 20.157 0.126 4.18 533.0
2458207.85808 20.185 0.105 3.43 468.0
2458207.91331 20.541 0.135 3.50 405.0
2458208.76263 20.298 0.156 3.63 780.0
2458208.80801 20.119 0.119 3.37 676.0
2458208.85376 20.362 0.149 3.32 623.0
2458208.91144 20.151 0.123 3.46 589.0
2458209.75942 20.438 0.213 4.70 701.0
2458209.80580 20.376 0.184 4.42 612.0
2458209.85149 20.598 0.194 3.98 584.0
2458209.89744 20.645 0.173 3.37 570.0
2458210.73868 20.000 0.159 5.07 782.0
2458210.78617 20.280 0.168 4.46 634.0
2458210.83240 20.089 0.127 4.23 597.0
2458210.87813 20.497 0.171 3.94 578.0
2458210.92488 20.623 0.288 3.73 1528.0
2458211.75585 20.587 0.238 4.84 664.0
2458211.80173 20.030 0.158 5.22 633.0
2458211.84743 20.551 0.196 4.25 591.0
2458211.89442 20.377 0.144 3.76 589.0
2458212.80813 20.264 0.137 3.46 701.0
2458212.85444 20.605 0.210 3.26 1022.0
2458212.90090 20.483 0.140 3.03 670.0
2458217.78683 20.067 0.151 5.67 440.0
2458217.83910 20.373 0.136 4.19 386.0
2458217.89157 20.340 0.131 4.14 380.0
2458220.74317 20.286 0.178 6.09 355.0
2458220.77558 20.027 0.121 5.36 330.0
2458220.82187 20.343 0.122 4.38 317.0
2458220.89445 20.165 0.112 4.43 374.0
2458221.70805 20.145 0.144 5.35 389.0
2458221.72560 20.760 0.244 5.54 350.0
2458221.81961 20.081 0.101 4.17 335.0
2458221.87422 20.588 0.141 3.55 371.0
2458221.92720 20.376 0.190 3.73 907.0
2458222.73234 19.932 0.099 4.69 375.0
2458222.78061 20.193 0.101 3.94 329.0
2458222.85546 19.897 0.106 4.94 379.0
2458222.90512 20.275 0.130 4.10 408.0
2458223.80619 20.121 0.137 4.89 376.0
2458223.86239 20.219 0.134 4.45 376.0
2458223.91482 20.210 0.137 4.34 412.0
2458224.72625 20.159 0.146 5.16 436.0
2458224.77267 20.174 0.117 4.06 412.0
2458224.84539 20.617 0.178 4.17 437.0
2458224.89571 20.310 0.128 4.20 397.0
2458225.81543 20.643 0.250 5.87 386.0
2458226.81240 20.306 0.206 6.49 377.0
2458226.86999 20.567 0.219 5.67 386.0
2458226.91930 20.459 0.193 5.26 384.0
2458227.72790 20.180 0.142 5.27 365.0
2458227.78736 20.312 0.144 4.93 332.0
2458227.85313 20.199 0.096 3.43 343.0
2458227.90190 20.044 0.095 3.70 369.0
2458228.74818 20.504 0.162 4.49 383.0
2458228.79786 20.141 0.110 4.33 349.0
2458228.86444 20.181 0.134 5.06 365.0
2458228.92222 20.215 0.115 3.94 400.0
2458229.72684 20.031 0.100 4.41 360.0
2458229.79223 20.074 0.089 3.97 326.0
2458229.84386 20.267 0.109 4.08 346.0
2458229.89245 20.282 0.112 3.83 366.0
2458230.69868 20.240 0.175 5.73 435.0
2458230.74698 20.193 0.127 4.85 359.0
2458230.79660 20.368 0.114 3.75 354.0
2458230.86539 20.355 0.127 4.18 374.0
2458230.91335 20.668 0.171 4.37 351.0
2458232.82841 20.134 0.091 3.31 388.0
2458232.90059 20.359 0.139 4.12 370.0
2458233.72720 20.208 0.118 3.93 460.0
2458233.82111 20.069 0.096 4.16 381.0
2458235.73794 20.211 0.153 4.60 563.0
2458236.68182 20.094 0.152 4.44 702.0
2458236.73166 20.190 0.128 3.57 678.0
2458236.80650 20.017 0.128 4.39 600.0
2458238.71040 20.036 0.153 4.44 807.0
2458238.75881 20.872 0.263 3.72 727.0
2458238.81337 20.253 0.153 3.94 721.0
2458238.86661 20.587 0.243 4.31 748.0
2458244.66640 20.099 0.155 5.30 521.0
2458244.71418 19.994 0.145 5.45 478.0
2458244.76078 20.291 0.142 4.28 477.0
2458244.81901 20.626 0.198 4.20 518.0
2458244.86728 20.037 0.130 4.15 662.0
2458245.73694 20.396 0.233 6.14 511.0
2458245.78347 20.319 0.257 6.59 556.0
2458245.83251 20.175 0.199 5.82 568.0
2458245.87960 20.198 0.221 6.21 591.0
2458246.67431 20.539 0.276 6.47 472.0
2458246.72047 20.170 0.165 5.62 435.0
2458246.77081 20.292 0.157 4.84 473.0
2458246.82148 20.032 0.142 5.09 509.0
2458246.87058 19.892 0.119 4.68 545.0
2458246.92442 19.787 0.168 6.53 661.0
2458247.64628 20.591 0.270 5.81 545.0
2458247.69374 20.418 0.175 4.97 453.0
2458247.73987 20.201 0.121 4.31 391.0
2458247.78852 20.295 0.134 4.26 458.0
2458247.85532 20.444 0.172 4.30 517.0
2458248.76253 20.098 0.158 5.62 445.0
2458249.66117 20.333 0.245 6.92 463.0
2458249.75431 20.027 0.107 4.86 369.0
2458249.80329 20.480 0.151 4.42 396.0
2458249.86974 19.974 0.096 3.98 449.0
2458249.91662 20.558 0.200 4.46 544.0
2458250.66238 20.072 0.093 4.16 346.0
2458250.71531 20.276 0.102 3.75 338.0
2458250.76217 20.430 0.110 3.54 351.0
2458250.82935 20.327 0.116 3.86 381.0
2458250.87882 20.245 0.112 3.87 410.0
2458250.92508 20.228 0.141 4.37 471.0
2458251.65212 20.374 0.191 5.40 417.0
2458251.69850 20.284 0.193 6.33 383.0
2458251.74496 19.876 0.139 6.39 392.0
2458251.86599 19.573 0.078 4.47 437.0
2458251.91190 19.590 0.075 4.33 455.0
2458252.87618 20.218 0.192 5.81 479.0
2458252.92215 20.033 0.153 5.44 513.0
2458253.64598 20.731 0.250 5.59 402.0
2458253.69374 20.526 0.162 4.41 394.0
2458253.74045 20.280 0.117 4.18 369.0
2458253.80572 20.326 0.146 4.72 411.0
2458253.86527 20.394 0.159 4.71 420.0
2458254.66903 19.902 0.093 4.33 379.0
2458254.71524 20.176 0.100 3.68 376.0
2458254.78289 20.350 0.110 3.52 392.0
2458254.84973 20.213 0.097 3.35 395.0
2458254.90792 20.395 0.127 3.51 465.0
2458255.62300 20.453 0.177 4.91 401.0
2458255.68529 20.246 0.139 4.41 379.0
2458255.74411 20.113 0.124 4.55 374.0
2458255.82427 20.284 0.140 4.29 412.0
2458255.87063 20.050 0.122 4.27 450.0
2458255.91689 20.165 0.126 3.84 465.0
2458256.63219 20.167 0.180 6.01 442.0
2458256.68024 20.356 0.169 5.08 373.0
2458256.72599 20.081 0.130 5.10 370.0
2458256.78733 20.322 0.182 5.61 425.0
2458256.83495 20.411 0.162 4.27 436.0
2458256.89908 20.347 0.180 5.00 499.0
2458257.61387 20.257 0.235 6.68 517.0
2458257.69246 20.202 0.143 5.08 376.0
2458257.74005 20.271 0.123 4.37 343.0
2458257.79031 20.325 0.144 4.57 365.0
2458257.83868 20.221 0.109 3.64 388.0
2458257.89314 20.258 0.152 4.47 467.0
2458258.66813 20.217 0.132 4.90 374.0
2458258.73673 20.305 0.116 3.96 336.0
2458258.79482 20.426 0.138 3.98 353.0
2458258.84591 20.162 0.117 4.13 374.0
2458258.91092 20.515 0.134 3.27 412.0
2458259.71752 20.208 0.122 4.39 449.0
2458259.77774 20.168 0.112 3.71 449.0
2458259.83050 20.170 0.122 4.13 468.0
2458259.88319 20.309 0.151 4.28 522.0
2458260.59739 20.062 0.158 5.22 592.0
2458260.66168 20.637 0.189 4.25 518.0
2458260.83117 20.021 0.086 3.26 508.0
2458260.92854 20.330 0.186 4.93 677.0
2458261.66976 20.479 0.180 4.53 444.0
2458261.72769 20.208 0.109 3.64 406.0
2458261.77795 20.417 0.144 4.17 358.0
2458261.86736 20.280 0.130 3.79 409.0
2458261.91498 20.007 0.110 3.86 477.0
2458262.62151 20.165 0.141 4.93 434.0
2458262.67237 20.349 0.124 3.83 371.0
2458262.72226 20.336 0.126 4.05 368.0
2458262.77041 20.087 0.128 5.14 377.0
2458262.84313 20.463 0.130 3.82 323.0
2458262.89028 20.054 0.094 3.66 389.0
2458262.92816 20.256 0.147 4.38 494.0
2458263.66180 20.362 0.134 3.90 469.0
2458263.71458 20.663 0.150 3.47 410.0
2458263.77642 20.399 0.118 3.42 439.0
2458263.82959 20.397 0.103 3.26 320.0
2458263.88740 20.320 0.127 4.44 345.0
2458264.69535 20.436 0.155 3.85 569.0
2458264.74452 20.766 0.185 3.65 500.0
2458264.79811 20.159 0.117 3.68 550.0
2458264.84791 20.449 0.186 4.45 582.0
2458264.89949 19.774 0.132 5.93 573.0
2458265.65643 20.227 0.212 5.62 641.0
2458265.70960 20.485 0.173 3.93 557.0
2458265.76053 20.111 0.097 3.26 530.0
2458265.81294 20.136 0.125 3.91 552.0
2458265.89444 20.413 0.219 5.55 573.0
2458266.67709 19.849 0.195 6.76 722.0
2458266.79101 20.483 0.255 5.11 723.0
2458271.59436 20.433 0.254 5.34 778.0
2458271.63685 20.039 0.174 5.61 661.0
2458271.68506 19.880 0.143 5.21 666.0
2458271.79665 20.059 0.165 5.25 642.0
2458271.82204 20.548 0.242 4.98 641.0
2458271.85814 20.010 0.164 5.18 672.0
2458272.64530 20.186 0.107 3.60 473.0
2458272.70245 20.168 0.134 4.53 473.0
2458272.75172 20.083 0.133 4.54 470.0
2458272.80086 20.245 0.139 4.06 495.0
2458272.85086 20.122 0.133 4.25 523.0
2458273.61967 20.231 0.170 5.26 476.0
2458273.66943 20.242 0.123 4.17 420.0
2458273.73720 20.185 0.102 3.79 378.0
2458273.79259 20.276 0.133 4.37 401.0
2458273.84034 20.101 0.164 5.74 457.0
2458273.87566 20.135 0.144 5.02 459.0
2458273.91417 20.333 0.180 5.24 433.0
2458274.60067 19.949 0.129 5.68 402.0
2458274.64794 20.225 0.144 5.31 355.0
2458274.69603 20.387 0.166 5.07 399.0
2458274.75621 20.492 0.260 6.72 447.0
2458274.85965 20.287 0.199 5.66 544.0
2458274.90771 19.929 0.180 5.92 813.0
2458275.59384 19.976 0.122 4.85 469.0
2458275.65166 20.286 0.156 5.18 372.0
2458275.71712 20.150 0.101 3.74 427.0
2458275.76685 20.176 0.114 4.01 420.0
2458275.82021 20.520 0.204 4.91 472.0
2458275.91886 19.999 0.147 4.91 688.0
2458276.64743 20.172 0.120 4.48 373.0
2458276.69759 20.275 0.114 4.05 354.0
2458276.75872 20.282 0.138 4.62 378.0
2458276.80840 20.388 0.154 4.44 400.0
2458276.85683 20.386 0.173 4.69 480.0
2458277.59551 20.112 0.131 4.96 421.0
2458277.65865 20.369 0.115 3.90 352.0
2458277.71079 20.386 0.138 4.64 342.0
2458277.76401 20.329 0.130 4.07 350.0
2458277.81172 20.232 0.111 3.78 378.0
2458277.86138 20.471 0.197 4.95 475.0
2458277.91383 20.235 0.160 4.79 544.0
2458278.54777 20.021 0.145 5.55 506.0
2458278.59501 20.000 0.097 4.03 426.0
2458278.64297 20.103 0.118 4.57 408.0
2458278.74633 20.261 0.131 4.29 476.0
2458282.53363 20.615 0.281 6.40 464.0
2458282.58010 20.413 0.168 4.87 406.0
2458282.62856 20.097 0.103 4.48 338.0
2458282.68757 20.408 0.114 3.96 307.0
2458282.75080 20.421 0.154 5.19 320.0
2458282.81222 20.384 0.161 4.88 371.0
2458282.86259 20.384 0.140 4.12 400.0
2458282.90778 20.088 0.126 4.40 493.0
2458283.54628 20.093 0.138 5.21 448.0
2458283.59280 20.116 0.120 4.97 346.0
2458283.63913 20.218 0.125 4.77 346.0
2458283.70643 20.118 0.119 5.08 332.0
2458283.75975 20.009 0.109 4.84 365.0
2458283.80624 20.166 0.102 3.74 396.0
2458283.85498 20.054 0.140 5.15 453.0
2458284.54651 20.485 0.210 5.19 518.0
2458284.59487 20.249 0.137 4.76 371.0
2458284.64102 20.173 0.156 5.56 383.0
2458284.70840 20.335 0.147 4.85 361.0
2458284.75994 20.146 0.110 4.27 350.0
2458284.80734 20.511 0.132 3.85 338.0
2458284.85574 20.236 0.134 4.51 386.0
2458284.90522 20.003 0.139 4.96 493.0
2458285.74199 20.431 0.163 4.78 346.0
2458285.78384 20.189 0.126 4.56 354.0
2458286.54524 20.213 0.139 5.02 367.0
2458286.59210 20.244 0.144 5.36 320.0
2458286.64003 20.436 0.128 4.31 292.0
2458286.71067 20.173 0.112 4.26 308.0
2458286.77604 20.200 0.116 4.44 304.0
2458286.83623 20.312 0.169 5.35 361.0
2458286.88406 20.153 0.123 4.28 421.0
2458287.52691 20.546 0.216 5.23 454.0
2458287.57984 20.446 0.149 4.46 350.0
2458287.63459 20.115 0.099 4.27 320.0
2458287.70287 20.393 0.142 5.06 295.0
2458287.75225 20.298 0.109 4.19 287.0
2458287.81438 20.100 0.095 4.16 301.0
2458287.87613 20.397 0.131 3.97 362.0
2458287.90605 20.392 0.140 4.04 430.0
2458288.55589 20.602 0.180 4.48 367.0
2458288.61038 20.376 0.138 4.43 329.0
2458288.66682 20.429 0.126 4.01 308.0
2458288.72748 20.467 0.128 4.00 292.0
2458288.78772 20.247 0.109 3.85 327.0
2458288.84927 20.125 0.156 5.58 427.0
2458288.89630 20.041 0.190 6.26 597.0
2458289.55097 20.389 0.167 4.80 443.0
2458289.59874 20.218 0.115 4.26 383.0
2458289.66214 20.378 0.131 4.23 358.0
2458289.73359 20.779 0.212 4.71 357.0
2458289.79140 20.165 0.119 4.52 366.0
2458289.83957 19.915 0.102 4.67 403.0
2458289.88558 20.263 0.167 5.27 514.0
2458290.54826 20.024 0.151 5.22 585.0
2458290.59685 20.532 0.199 4.83 435.0
2458290.66332 20.278 0.131 4.24 400.0
2458290.72947 20.161 0.127 4.36 386.0
2458290.78807 20.279 0.165 5.19 417.0
2458290.83619 19.949 0.120 4.84 480.0
2458290.88322 20.243 0.196 5.81 539.0
2458291.59056 20.258 0.162 3.93 838.0
2458291.64001 20.115 0.124 4.21 465.0
2458291.71969 20.233 0.153 4.49 485.0
2458291.76700 20.261 0.143 4.30 454.0
2458291.82445 20.078 0.119 4.28 417.0
2458291.88105 20.104 0.165 5.56 515.0
2458292.55152 20.124 0.152 4.66 535.0
2458292.59866 20.455 0.192 4.94 438.0
2458292.71354 19.811 0.108 4.53 496.0
2458292.77148 20.038 0.127 4.64 437.0
2458292.84313 20.445 0.153 4.15 404.0
2458292.88939 20.505 0.239 5.16 561.0
2458293.54927 20.059 0.197 6.15 601.0
2458293.60810 20.403 0.208 5.33 510.0
2458293.67179 20.017 0.122 4.55 478.0
2458293.73254 20.249 0.189 5.48 508.0
2458293.78584 20.203 0.264 7.18 585.0
2458294.59875 19.616 0.182 7.66 802.0
2458294.64690 19.929 0.167 5.82 686.0
2458294.71229 19.798 0.181 6.98 722.0
2458294.78627 20.366 0.283 6.34 845.0
2458301.60627 19.658 0.163 7.80 550.0
2458301.64690 19.954 0.178 6.62 546.0
2458301.70523 19.971 0.195 6.80 576.0
2458301.80417 20.293 0.258 5.43 1053.0
2458302.58229 20.588 0.189 4.74 521.0
2458302.69253 20.086 0.226 6.72 765.0
2458304.59224 20.161 0.229 7.70 425.0
2458304.64139 19.852 0.175 7.71 431.0
2458304.69953 20.470 0.255 6.18 510.0
2458305.52029 20.216 0.241 7.31 512.0
2458305.55277 20.393 0.226 6.11 454.0
2458305.56830 20.338 0.242 7.24 416.0
2458305.65897 19.974 0.138 6.12 372.0
2458305.69920 20.022 0.123 5.16 359.0
2458305.76030 19.846 0.166 7.47 418.0
2458305.81040 20.440 0.271 6.94 440.0
2458306.58668 20.187 0.194 6.94 393.0
2458306.66231 20.483 0.223 6.19 379.0
2458306.71097 20.396 0.218 6.17 423.0
2458306.75820 20.407 0.211 5.86 415.0
2458306.83552 20.183 0.200 6.02 533.0
2458307.49667 20.144 0.154 5.41 487.0
2458307.54392 20.221 0.146 4.77 478.0
2458307.60160 20.119 0.119 4.80 390.0
2458307.66251 20.157 0.111 4.68 319.0
2458307.71080 20.626 0.157 3.94 338.0
2458307.75742 20.125 0.120 4.45 383.0
2458307.81412 20.150 0.179 5.97 442.0
2458308.51398 20.547 0.203 5.36 370.0
2458308.56101 20.263 0.130 4.75 321.0
2458308.60818 20.596 0.154 4.05 312.0
2458308.66619 20.358 0.134 4.30 307.0
2458308.72313 20.101 0.139 5.40 357.0
2458308.77131 20.224 0.164 4.98 439.0
2458308.81945 20.062 0.192 7.08 478.0
2458309.48362 20.007 0.120 4.76 421.0
2458309.53580 20.103 0.108 4.23 365.0
2458309.59365 20.493 0.157 4.74 331.0
2458309.65364 20.260 0.125 4.34 338.0
2458309.70198 20.187 0.088 3.52 302.0
2458309.74944 20.341 0.129 4.19 401.0
2458309.79620 20.526 0.159 4.26 410.0
2458309.83901 19.899 0.130 5.87 469.0
2458310.50065 20.199 0.140 4.85 371.0
2458310.54521 19.832 0.098 5.11 370.0
2458310.57607 20.692 0.202 4.68 406.0
2458310.61368 20.506 0.133 3.88 362.0
2458310.65462 20.780 0.185 4.27 379.0
2458310.68950 20.237 0.116 4.26 394.0
2458310.72282 20.374 0.154 4.95 386.0
2458310.77623 20.261 0.145 4.89 378.0
2458310.82678 20.200 0.183 6.33 434.0
2458311.49897 19.957 0.152 6.70 397.0
2458311.54816 20.151 0.166 6.35 353.0
2458311.59518 20.214 0.104 4.10 309.0
2458311.65325 20.383 0.152 4.93 333.0
2458311.71162 20.213 0.117 4.23 353.0
2458311.75805 20.465 0.146 3.87 394.0
2458311.80433 20.231 0.157 4.78 478.0
2458312.51461 19.823 0.107 5.12 419.0
2458312.56296 20.134 0.132 5.01 358.0
2458312.61367 20.261 0.104 4.08 307.0
2458312.67656 20.285 0.115 4.08 327.0
2458312.74580 20.296 0.104 3.60 421.0
2458312.79657 20.304 0.124 4.63 344.0
2458313.47558 20.378 0.169 4.53 527.0
2458313.51536 20.340 0.152 4.64 424.0
2458313.56504 20.262 0.098 3.76 318.0
2458313.61640 20.500 0.113 3.40 307.0
2458313.67070 20.290 0.105 3.41 335.0
2458313.71797 20.172 0.113 3.81 383.0
2458313.76471 20.133 0.120 3.87 419.0
2458313.81110 19.986 0.109 4.15 510.0
2458314.48263 20.297 0.156 4.62 462.0
2458314.53107 20.400 0.142 4.29 372.0
2458314.57888 20.533 0.211 5.38 396.0
2458314.63662 20.494 0.172 4.69 387.0
2458314.69375 20.490 0.148 3.80 390.0
2458314.74038 20.001 0.105 4.18 376.0
2458314.78652 20.423 0.162 4.87 368.0
2458316.51433 20.320 0.189 5.65 431.0
2458316.56171 20.503 0.223 5.66 422.0
2458316.61147 20.197 0.141 4.88 389.0
2458316.66250 20.535 0.233 5.78 371.0
2458320.51731 20.592 0.210 5.00 465.0
2458320.56405 20.138 0.146 5.49 430.0
2458320.63167 20.230 0.132 4.76 406.0
2458320.68137 20.379 0.131 4.16 357.0
2458320.72741 20.272 0.141 4.67 383.0
2458320.77398 20.427 0.140 4.19 373.0
2458321.50401 20.375 0.221 5.13 620.0
2458321.55036 20.110 0.156 5.17 547.0
2458328.54852 20.649 0.259 4.94 591.0
2458328.59654 19.781 0.121 5.27 556.0
2458328.64510 20.479 0.251 5.54 586.0
2458328.74014 20.222 0.214 5.26 758.0
2458329.46807 20.330 0.240 5.52 686.0
2458329.52352 19.934 0.147 5.40 584.0
2458329.57045 20.350 0.194 5.05 573.0
2458329.61979 20.199 0.171 5.18 547.0
2458329.66666 20.527 0.183 4.05 529.0
2458329.71282 20.463 0.157 3.51 586.0
2458329.75879 20.438 0.192 4.24 644.0
2458330.49174 20.088 0.116 4.35 560.0
2458330.53964 20.353 0.133 4.24 427.0
2458330.59883 20.353 0.252 5.56 1072.0
2458331.48562 20.382 0.172 5.12 399.0
2458331.54213 20.448 0.138 4.15 354.0
2458331.60099 19.978 0.107 4.59 396.0
2458331.64959 20.232 0.143 4.93 412.0
2458331.69557 20.375 0.165 4.59 444.0
2458332.50225 20.246 0.166 5.34 428.0
2458332.55872 20.630 0.207 4.92 411.0
2458332.61946 20.039 0.122 4.84 421.0
2458332.66663 20.265 0.201 6.00 480.0
2458332.75895 20.231 0.198 5.63 581.0
2458333.50804 20.276 0.158 4.98 462.0
2458333.56492 20.190 0.123 4.42 404.0
2458333.62563 20.437 0.139 4.29 344.0
2458333.67359 20.189 0.104 3.94 360.0
2458334.51019 20.431 0.156 4.09 490.0
2458334.56746 20.673 0.196 4.59 431.0
2458334.62679 20.316 0.126 3.88 429.0
2458334.67429 20.169 0.119 4.44 380.0
2458335.53817 20.088 0.154 5.24 518.0
2458335.59729 20.119 0.138 4.98 525.0
2458335.70580 20.129 0.192 6.62 446.0
2458336.48914 20.463 0.258 6.27 431.0
2458336.55196 20.235 0.107 3.88 311.0
2458336.61456 20.221 0.121 4.61 305.0
2458336.66375 20.143 0.098 3.88 304.0
2458338.47214 20.468 0.241 5.67 559.0
2458338.52265 20.415 0.242 6.60 437.0
2458338.57341 19.912 0.122 5.79 384.0
2458338.63208 20.160 0.143 5.44 366.0
2458338.74153 20.104 0.150 5.53 414.0
2458339.50433 20.340 0.119 3.58 402.0
2458339.56936 20.202 0.098 3.72 321.0
2458339.62842 20.344 0.113 3.88 308.0
2458339.74428 20.312 0.138 4.67 347.0
2458340.51029 20.285 0.132 4.20 389.0
2458340.61374 20.271 0.124 4.10 368.0
2458340.67038 20.422 0.136 4.08 348.0
2458341.49717 20.133 0.124 4.23 418.0
2458341.54380 20.424 0.133 3.85 367.0
2458341.60354 20.516 0.138 3.72 326.0
2458341.72130 20.305 0.112 3.84 304.0
2458342.49219 20.256 0.145 4.49 399.0
2458342.57106 20.116 0.137 5.23 382.0
2458342.62064 19.992 0.129 5.16 401.0
2458343.51005 20.480 0.199 4.91 426.0
2458344.47408 19.812 0.140 5.43 641.0
2458344.52189 20.240 0.151 4.69 449.0
2458344.58631 20.012 0.114 4.52 377.0
2458344.63661 20.260 0.160 5.07 412.0
2458344.73121 20.136 0.125 4.67 384.0
2458345.52181 20.206 0.163 5.04 454.0
2458345.57116 20.374 0.165 4.41 436.0
2458345.63519 20.726 0.201 4.42 327.0
2458345.72026 20.235 0.118 4.51 333.0
2458346.51813 20.203 0.120 4.29 339.0
2458346.58623 20.158 0.134 4.81 337.0
2458346.64576 20.223 0.120 4.29 289.0
2458347.47524 20.148 0.164 5.00 513.0
2458347.52377 20.240 0.117 4.17 330.0
2458347.58627 20.315 0.144 4.80 324.0
2458347.68853 20.469 0.142 4.20 335.0
2458348.47574 20.000 0.222 6.66 612.0
2458348.55073 20.635 0.286 5.45 469.0
2458348.61047 20.403 0.172 4.48 395.0
2458349.50017 20.325 0.283 7.03 494.0
2458353.54671 20.149 0.160 4.61 597.0
2458353.59651 20.101 0.178 5.40 592.0
2458353.65558 20.009 0.178 5.64 643.0
2458355.50885 20.192 0.175 5.34 563.0
2458355.56048 20.585 0.201 4.32 524.0
2458355.65892 20.010 0.130 4.30 620.0
2458356.53815 20.114 0.159 4.96 603.0
2458356.65821 20.432 0.169 4.10 607.0
2458356.70583 20.527 0.205 4.21 764.0
2458357.52181 19.944 0.147 5.02 544.0
2458357.65631 20.647 0.233 4.21 576.0
2458358.48542 20.308 0.191 5.04 495.0
2458358.53356 20.410 0.206 5.06 535.0
2458358.62727 20.360 0.175 4.38 527.0
2458358.68146 20.246 0.247 6.58 600.0
2458359.49885 20.372 0.182 5.26 400.0
2458359.54931 20.340 0.167 4.65 465.0
2458359.64786 20.015 0.151 5.21 537.0
2458359.69577 20.327 0.236 5.86 635.0
2458360.54484 20.276 0.219 6.42 449.0
2458360.59159 19.967 0.180 6.50 500.0
2458360.64330 20.099 0.179 5.24 592.0
2458361.47955 20.219 0.223 6.96 572.0
2458363.49124 20.059 0.185 6.72 431.0
2458363.55259 20.205 0.145 4.91 416.0
2458363.64934 20.418 0.185 5.88 330.0
2458364.48212 20.090 0.146 4.99 519.0
2458364.55244 20.256 0.119 4.03 397.0
2458364.59880 20.322 0.122 3.96 396.0
2458364.67392 20.364 0.136 4.51 343.0
2458366.51282 20.441 0.223 5.94 370.0
2458366.58394 20.508 0.208 5.22 394.0
2458367.48292 19.983 0.190 6.76 501.0
2458367.53674 20.203 0.143 4.76 384.0
2458367.64150 20.078 0.111 4.57 398.0
2458368.47637 20.619 0.264 4.21 861.0
2458368.54715 20.286 0.117 3.68 360.0
2458368.63837 20.538 0.159 4.45 424.0
2458369.47952 20.355 0.217 5.00 597.0
2458369.54045 20.131 0.117 4.10 389.0
2458369.62464 20.164 0.115 3.92 396.0
2458370.48845 20.496 0.188 4.31 485.0
2458370.60337 20.345 0.144 4.07 407.0
2458370.65166 20.373 0.159 4.59 450.0
2458371.49742 20.475 0.146 3.88 420.0
2458371.56995 20.727 0.181 3.98 361.0
2458371.65352 19.814 0.111 5.22 455.0
2458372.51558 19.835 0.119 5.39 404.0
2458372.61644 20.291 0.144 4.31 417.0
2458375.55028 20.163 0.175 5.95 431.0
2458375.59911 20.036 0.143 5.83 376.0
2458376.57912 20.492 0.223 5.56 457.0
2458376.62492 20.311 0.267 7.62 457.0
2458377.50247 20.001 0.283 6.47 1571.0
2458381.53158 20.270 0.254 5.56 939.0
2458382.48308 20.326 0.150 3.35 739.0
2458382.53208 20.153 0.127 3.58 655.0
2458382.58118 20.468 0.164 3.39 648.0
2458383.49921 20.187 0.179 5.06 647.0
2458383.54468 20.092 0.134 4.03 618.0
2458383.59222 20.126 0.176 4.97 705.0
2458384.48599 20.040 0.178 5.13 663.0
2458384.54623 19.999 0.136 4.04 631.0
2458384.59244 19.705 0.110 4.59 701.0
2458384.62199 20.340 0.199 4.59 746.0
2458385.51960 20.210 0.108 3.13 596.0
2458385.56643 20.399 0.131 3.32 580.0
2458385.61382 20.264 0.137 3.89 671.0
2458386.49886 20.583 0.210 4.01 616.0
2458390.51024 20.657 0.282 5.49 490.0
2458392.57117 20.472 0.207 5.23 471.0
2458393.53302 20.569 0.283 6.57 401.0
2458393.57899 20.071 0.165 5.82 426.0
2458394.48565 19.896 0.201 7.34 559.0
2458394.55281 20.798 0.292 5.62 403.0
2458394.59844 20.178 0.142 4.83 391.0
2458394.60742 20.329 0.165 5.10 402.0
2458398.50066 20.420 0.232 5.85 444.0
2458399.51813 20.433 0.247 6.17 429.0
2458401.53317 20.093 0.155 5.32 484.0
2458401.57996 20.240 0.185 6.00 524.0
2458404.56518 20.231 0.259 6.97 639.0
2458409.54014 20.136 0.263 6.96 756.0
2458410.53050 20.566 0.274 5.25 673.0
2458413.52770 20.334 0.234 4.58 813.0
2458414.52587 20.070 0.227 5.95 779.0
2458415.53934 19.583 0.201 7.69 1018.0
