2457415.87102 16.865 0.012 6.30 726.0
2457416.86973 16.875 0.013 6.38 886.0
2457424.86051 16.869 0.008 4.74 378.0
2457425.85562 16.859 0.010 5.79 504.0
2457426.85703 16.848 0.012 6.77 497.0
2457427.84913 16.873 0.011 6.73 450.0
2457428.84486 16.860 0.008 4.73 391.0
2457428.88542 16.874 0.010 4.41 929.0
2457432.84367 16.842 0.009 5.13 406.0
2457433.84181 16.859 0.009 5.54 371.0
2457434.88524 16.844 0.009 4.36 544.0
2457436.85541 16.853 0.010 5.95 355.0
2457437.88190 16.858 0.008 4.69 275.0
2457439.82837 16.863 0.013 6.23 650.0
2457440.84071 16.845 0.009 3.88 669.0
2457441.87957 16.845 0.008 3.92 526.0
2457443.81835 16.874 0.013 6.63 640.0
2457443.90193 16.846 0.011 4.80 821.0
2457444.81706 16.820 0.010 5.75 563.0
2457445.87707 16.844 0.008 4.21 397.0
2457446.88902 16.847 0.008 3.84 415.0
2457447.88708 16.838 0.009 4.74 393.0
2457448.90096 16.864 0.008 4.02 436.0
2457451.83672 16.842 0.010 4.29 976.0
2457452.86267 16.846 0.007 3.59 297.0
2457453.86899 16.839 0.006 3.63 316.0
2457455.81995 16.851 0.008 5.26 296.0
2457456.82609 16.847 0.009 4.86 372.0
2457457.82164 16.846 0.009 4.57 460.0
2457458.81685 16.861 0.008 4.28 352.0
2457460.81745 16.842 0.008 4.82 355.0
2457461.81664 16.825 0.008 4.02 314.0
2457462.80362 16.825 0.008 4.65 372.0
2457463.83057 16.861 0.008 4.21 319.0
2457465.90101 16.852 0.008 4.34 426.0
2457467.83522 16.858 0.009 5.11 315.0
2457470.79211 16.856 0.010 4.75 566.0
2457471.75697 16.866 0.011 5.72 691.0
2457471.88781 16.859 0.009 4.54 492.0
2457472.82587 16.842 0.010 5.46 483.0
2457473.84474 16.850 0.009 4.45 800.0
2457474.82449 16.864 0.009 5.06 498.0
2457475.75174 16.860 0.013 6.77 672.0
2457475.86224 16.860 0.013 5.92 836.0
2457484.78560 16.849 0.009 5.99 299.0
2457485.92568 16.870 0.011 4.23 970.0
2457487.80928 16.876 0.009 5.36 357.0
2457488.93174 16.828 0.011 4.29 1385.0
2457492.70270 16.859 0.009 6.09 338.0
2457492.92864 16.836 0.010 3.80 1296.0
2457493.91583 16.859 0.008 4.02 254.0
2457494.90386 16.846 0.008 4.09 354.0
2457495.88226 16.830 0.009 5.45 321.0
2457498.78739 16.835 0.009 4.33 488.0
2457499.76869 16.856 0.009 4.92 486.0
2457500.71077 16.832 0.010 4.62 636.0
2457500.91226 16.842 0.011 5.41 549.0
2457508.75466 16.847 0.007 3.76 304.0
2457509.85095 16.839 0.009 5.56 354.0
2457511.92280 16.855 0.008 4.18 400.0
2457522.85709 16.835 0.010 5.67 445.0
2457526.74301 16.859 0.009 4.70 446.0
2457529.78822 16.838 0.014 7.10 693.0
2457534.76611 16.862 0.008 3.91 421.0
2457536.76892 16.837 0.008 4.39 359.0
2457545.91216 16.877 0.010 5.48 426.0
2457547.54737 16.870 0.012 7.17 356.0
2457547.88563 16.851 0.012 7.85 321.0
2457549.79967 16.870 0.008 5.04 262.0
2457550.77777 16.852 0.008 4.73 346.0
2457554.75842 16.840 0.009 5.61 754.0
2457555.82720 16.861 0.009 4.90 397.0
2457557.80712 16.877 0.010 5.36 617.0
2457561.61315 16.849 0.010 4.66 659.0
2457562.59483 16.863 0.010 4.98 690.0
2457566.79945 16.877 0.009 5.41 379.0
2457567.74359 16.844 0.009 4.78 415.0
2457568.73862 16.848 0.009 6.27 284.0
2457569.75873 16.848 0.009 5.65 299.0
2457570.75527 16.839 0.008 5.95 270.0
2457573.74085 16.858 0.010 7.17 264.0
2457576.49704 16.866 0.009 5.29 361.0
2457577.54970 16.851 0.009 6.15 336.0
2457583.73340 16.854 0.013 6.92 726.0
2457584.80045 16.841 0.010 5.55 510.0
2457590.47650 16.865 0.012 6.09 614.0
2457591.52952 16.813 0.011 6.31 642.0
2457593.78123 16.846 0.008 4.99 316.0
2457599.72161 16.861 0.009 5.09 277.0
2457602.50212 16.827 0.010 6.29 322.0
2457603.56001 16.838 0.008 4.40 231.0
2457603.70794 16.854 0.009 6.47 223.0
2457604.53647 16.838 0.008 5.03 296.0
2457604.67789 16.854 0.008 5.55 212.0
2457605.52008 16.849 0.008 5.05 246.0
2457605.68176 16.861 0.009 6.27 270.0
2457606.69255 16.860 0.010 6.68 262.0
2457607.60187 16.856 0.009 6.15 211.0
2457608.47719 16.851 0.010 5.93 320.0
2457608.68206 16.850 0.008 4.40 268.0
2457609.53692 16.824 0.009 5.38 331.0
2457609.72562 16.860 0.009 5.41 285.0
2457610.58275 16.834 0.008 4.98 291.0
2457611.52701 16.860 0.009 4.99 523.0
2457612.52472 16.863 0.010 4.77 744.0
2457612.66585 16.854 0.010 5.66 475.0
2457616.71882 16.854 0.013 4.97 1692.0
2457617.65008 16.858 0.010 4.80 565.0
2457618.53993 16.862 0.010 4.78 504.0
2457618.69809 16.866 0.011 5.10 758.0
2457621.54029 16.894 0.010 7.04 320.0
2457622.47591 16.857 0.009 4.84 448.0
2457622.67031 16.859 0.008 3.88 335.0
2457623.57736 16.860 0.008 4.53 266.0
2457624.50840 16.865 0.009 5.05 318.0
2457625.48019 16.843 0.009 5.38 369.0
2457625.68357 16.841 0.011 7.16 282.0
2457626.66472 16.857 0.009 4.76 302.0
2457630.63899 16.874 0.009 4.81 272.0
2457631.61620 16.848 0.008 4.11 285.0
2457632.60136 16.859 0.009 4.94 275.0
2457633.64374 16.866 0.010 5.85 312.0
2457635.56021 16.840 0.010 6.87 298.0
2457636.61165 16.883 0.012 7.52 317.0
2457637.60113 16.853 0.008 5.26 282.0
2457639.48313 16.831 0.012 6.60 450.0
2457643.55854 16.879 0.014 7.63 507.0
2457644.59440 16.839 0.012 5.69 837.0
2457647.56641 16.855 0.010 5.13 572.0
2457648.60436 16.847 0.010 5.11 613.0
2457650.52233 16.858 0.008 5.24 314.0
2457651.56163 16.831 0.009 4.87 526.0
2457652.58220 16.801 0.009 5.49 541.0
2457654.48965 16.867 0.011 7.01 405.0
2457656.53166 16.813 0.010 5.85 359.0
2457658.48831 16.841 0.011 6.59 424.0
2457660.56829 16.867 0.011 6.53 411.0
2457662.52829 16.869 0.011 6.37 450.0
2457664.57344 16.832 0.011 6.34 561.0
2457666.55492 16.848 0.010 5.87 436.0
2457672.51648 16.858 0.013 6.66 711.0
2457679.53283 16.876 0.014 7.61 615.0
2457796.86338 16.843 0.010 4.50 613.0
2457798.88320 16.858 0.009 4.17 522.0
2457800.87614 16.857 0.009 4.57 460.0
2457802.86138 16.838 0.013 7.39 506.0
2457807.90017 16.869 0.013 4.90 1164.0
2457810.87857 16.857 0.009 4.47 340.0
2457813.84079 16.843 0.011 6.19 453.0
2457816.86921 16.861 0.010 5.78 326.0
2457819.80172 16.865 0.009 4.64 346.0
2457821.83927 16.864 0.010 5.24 380.0
2457823.84998 16.850 0.009 4.14 532.0
2457825.88214 16.857 0.009 4.38 492.0
2457827.85952 16.857 0.010 5.06 443.0
2457829.85544 16.847 0.012 5.75 790.0
2457834.89373 16.849 0.009 5.15 318.0
2457836.82875 16.869 0.009 5.53 275.0
2457837.88978 16.843 0.008 4.24 276.0
2457839.77529 16.856 0.008 4.22 252.0
2457840.84446 16.839 0.008 4.71 263.0
2457841.91067 16.847 0.010 5.30 315.0
2457843.74882 16.870 0.009 4.93 273.0
2457844.80062 16.853 0.008 4.70 248.0
2457845.84002 16.862 0.008 4.46 248.0
2457846.89937 16.859 0.009 4.85 279.0
2457848.71870 16.851 0.010 5.56 403.0
2457849.74649 16.848 0.010 5.79 379.0
2457850.77455 16.842 0.010 5.19 376.0
2457851.80757 16.855 0.009 5.20 366.0
2457853.87830 16.886 0.011 6.47 376.0
2457854.86552 16.849 0.009 4.60 466.0
2457855.91369 16.829 0.009 4.08 541.0
2457857.79836 16.859 0.016 6.49 1167.0
2457862.80785 16.844 0.010 5.73 336.0
2457863.91756 16.858 0.009 4.51 367.0
2457864.87906 16.849 0.008 3.78 313.0
2457866.89191 16.848 0.008 3.11 322.0
2457867.90955 16.842 0.008 4.20 280.0
2457869.74053 16.845 0.008 4.10 285.0
2457870.76743 16.844 0.008 3.63 253.0
2457871.78158 16.830 0.008 3.46 307.0
2457872.81786 16.847 0.007 3.14 301.0
2457873.79226 16.850 0.007 3.32 264.0
2457874.78637 16.858 0.009 5.12 323.0
2457875.88240 16.831 0.009 4.59 393.0
2457876.83977 16.843 0.008 4.06 349.0
2457877.80943 16.861 0.008 3.50 326.0
2457878.85161 16.846 0.007 3.49 323.0
2457879.83943 16.820 0.012 7.44 350.0
2457880.86535 16.879 0.011 6.37 384.0
2457882.62935 16.817 0.013 7.07 685.0
2457883.83317 16.847 0.015 7.45 677.0
2457890.89693 16.876 0.014 7.04 593.0
2457893.86219 16.857 0.009 5.11 365.0
2457894.74931 16.854 0.009 5.11 295.0
2457895.64700 16.848 0.008 4.86 443.0
2457901.61359 16.861 0.011 7.11 349.0
2457902.91188 16.858 0.014 7.28 506.0
2457904.60378 16.842 0.010 6.26 347.0
2457904.85714 16.848 0.009 4.87 334.0
2457905.71847 16.854 0.008 4.03 278.0
2457906.61060 16.868 0.010 5.29 363.0
2457906.86778 16.840 0.009 4.17 444.0
2457907.74728 16.840 0.008 3.85 525.0
2457908.71506 16.850 0.008 3.67 412.0
2457909.58999 16.821 0.011 5.25 622.0
2457909.83539 16.832 0.008 3.65 472.0
2457910.62257 16.857 0.010 5.52 491.0
2457910.88820 16.851 0.009 4.73 423.0
2457911.76719 16.828 0.013 6.66 616.0
2457916.70215 16.854 0.010 4.37 678.0
2457917.53707 16.840 0.014 7.17 589.0
2457917.78180 16.866 0.009 4.43 488.0
2457918.69139 16.844 0.010 4.78 733.0
2457922.74290 16.833 0.010 5.27 357.0
2457923.76475 16.853 0.010 5.45 350.0
2457924.58105 16.842 0.009 5.07 335.0
2457924.83047 16.851 0.009 3.98 412.0
2457925.75622 16.853 0.009 5.52 290.0
2457926.67445 16.865 0.009 5.56 285.0
2457932.78198 16.886 0.010 6.10 306.0
2457933.63952 16.863 0.009 5.51 244.0
2457934.57396 16.848 0.009 4.86 337.0
2457934.81989 16.856 0.009 5.50 293.0
2457935.67553 16.837 0.009 4.82 318.0
2457936.55218 16.857 0.009 5.08 335.0
2457936.82451 16.856 0.010 6.07 259.0
2457937.63654 16.853 0.008 4.10 312.0
2457938.56458 16.842 0.010 5.63 425.0
2457944.52463 16.850 0.011 5.08 683.0
2457944.61798 16.837 0.010 4.74 570.0
2457944.74825 16.873 0.014 7.06 572.0
2457945.74830 16.853 0.009 4.16 449.0
2457946.59644 16.849 0.009 4.37 404.0
2457947.51785 16.863 0.010 6.16 308.0
2457947.79384 16.848 0.012 7.22 423.0
2457948.68364 16.859 0.009 4.50 542.0
2457949.62411 16.864 0.011 6.95 392.0
2457952.77681 16.860 0.010 6.17 283.0
2457953.67635 16.847 0.009 5.21 242.0
2457954.56813 16.861 0.008 3.91 289.0
2457955.76847 16.873 0.009 5.58 274.0
2457956.69684 16.853 0.008 4.51 289.0
2457957.77914 16.868 0.012 7.77 303.0
2457958.77563 16.843 0.010 6.07 323.0
2457959.67577 16.881 0.008 4.42 249.0
2457960.56136 16.862 0.008 4.37 236.0
2457961.57629 16.849 0.008 5.14 312.0
2457962.52196 16.856 0.008 4.28 307.0
2457964.58869 16.859 0.009 5.02 334.0
2457965.68151 16.862 0.009 4.56 355.0
2457966.65883 16.848 0.010 6.09 298.0
2457967.69165 16.859 0.012 6.75 449.0
2457971.53195 16.856 0.011 5.45 651.0
2457971.63169 16.842 0.010 4.55 582.0
2457971.72493 16.840 0.012 5.61 783.0
2457972.56650 16.859 0.013 6.57 572.0
2457972.67005 16.857 0.013 6.18 612.0
2457973.62866 16.868 0.012 6.28 578.0
2457974.60923 16.864 0.010 4.83 414.0
2457979.49565 16.846 0.008 4.44 325.0
2457980.57449 16.847 0.011 6.09 422.0
2457981.64191 16.869 0.010 5.07 378.0
2457983.49440 16.846 0.011 6.28 332.0
2457984.55270 16.858 0.011 6.72 300.0
2457985.61483 16.894 0.011 6.55 323.0
2457987.53748 16.856 0.008 4.23 313.0
2457990.60508 16.876 0.010 5.67 322.0
2457992.47349 16.865 0.010 4.29 760.0
2457993.53868 16.845 0.009 4.45 373.0
2457994.60000 16.865 0.010 5.51 401.0
2457998.55196 16.842 0.010 4.56 528.0
2458000.48326 16.858 0.012 5.94 501.0
2458000.57944 16.830 0.013 7.05 547.0
2458001.56986 16.851 0.009 4.69 514.0
2458003.58506 16.851 0.013 6.91 520.0
2458007.54951 16.858 0.014 8.45 370.0
2458011.52864 16.864 0.013 7.26 383.0
2458013.57115 16.854 0.009 4.78 406.0
2458016.49195 16.878 0.011 5.61 419.0
2458018.55833 16.872 0.009 5.33 359.0
2458028.49088 16.856 0.014 7.24 556.0
2458036.55101 16.866 0.012 6.67 459.0
2458041.51310 16.849 0.011 5.60 461.0
2458164.88161 16.792 0.009 5.14 396.0
2458166.87300 16.769 0.009 5.52 361.0
2458168.84326 16.778 0.008 4.62 350.0
2458169.87768 16.763 0.008 4.46 365.0
2458171.83101 16.791 0.009 4.87 421.0
2458172.84579 16.781 0.008 4.22 371.0
2458173.86645 16.794 0.008 4.03 434.0
2458174.87891 16.787 0.008 3.68 422.0
2458175.90116 16.790 0.010 4.08 845.0
2458181.80984 16.802 0.010 4.86 662.0
2458182.79678 16.795 0.010 5.30 673.0
2458184.83712 16.787 0.009 4.22 581.0
2458185.85600 16.778 0.009 4.97 613.0
2458189.87842 16.785 0.008 4.38 337.0
2458191.83888 16.803 0.009 5.41 316.0
2458193.81439 16.779 0.008 5.15 277.0
2458194.91259 16.795 0.009 3.93 619.0
2458196.82763 16.809 0.008 4.22 288.0
2458197.89783 16.806 0.007 3.09 292.0
2458199.77533 16.782 0.008 4.75 297.0
2458200.88154 16.796 0.008 3.95 360.0
2458202.74325 16.792 0.009 5.72 419.0
2458203.79162 16.796 0.008 4.06 296.0
2458204.84550 16.782 0.009 5.13 307.0
2458205.91532 16.788 0.008 3.70 387.0
2458207.76176 16.794 0.008 4.43 550.0
2458208.78846 16.784 0.009 3.63 643.0
2458209.81667 16.787 0.008 4.05 513.0
2458211.84304 16.774 0.009 4.51 526.0
2458212.83577 16.780 0.010 3.15 1596.0
2458217.90536 16.789 0.008 4.51 310.0
2458221.74061 16.808 0.008 4.79 254.0
2458222.74323 16.801 0.008 4.55 279.0
2458223.87676 16.798 0.008 4.25 297.0
2458224.90689 16.799 0.008 4.72 309.0
2458227.73888 16.798 0.008 4.59 273.0
2458228.80925 16.789 0.007 3.65 261.0
2458229.85522 16.789 0.007 3.93 259.0
2458230.87723 16.804 0.008 4.10 290.0
2458233.84288 16.816 0.008 3.96 271.0
2458238.72321 16.781 0.010 4.73 712.0
2458244.71284 16.804 0.009 5.14 380.0
2458245.78211 16.796 0.011 6.12 459.0
2458246.76944 16.798 0.009 5.25 386.0
2458247.68930 16.795 0.009 5.34 385.0
2458248.70637 16.804 0.009 5.40 301.0
2458249.79710 16.787 0.008 4.63 302.0
2458250.74154 16.803 0.007 3.87 284.0
2458251.66596 16.780 0.009 5.92 327.0
2458251.93568 16.819 0.010 4.70 591.0
2458253.75456 16.797 0.008 4.38 314.0
2458254.81721 16.782 0.007 3.07 320.0
2458255.75852 16.791 0.007 3.63 302.0
2458256.69400 16.799 0.010 6.03 284.0
2458257.65845 16.786 0.008 4.55 361.0
2458257.92598 16.802 0.008 4.24 424.0
2458258.92488 16.791 0.006 3.61 378.0
2458259.89918 16.816 0.009 5.28 449.0
2458261.68508 16.795 0.008 4.53 334.0
2458262.68661 16.803 0.008 4.25 295.0
2458263.62200 16.779 0.008 3.70 438.0
2458263.90765 16.793 0.007 4.36 275.0
2458264.91970 16.772 0.009 4.54 532.0
2458265.84599 16.801 0.009 4.58 546.0
2458271.63389 16.790 0.011 6.45 546.0
2458272.64181 16.776 0.008 3.78 399.0
2458272.89805 16.792 0.009 4.59 508.0
2458273.78911 16.760 0.008 4.45 320.0
2458274.63015 16.803 0.009 5.59 282.0
2458274.89023 16.798 0.012 6.75 611.0
2458275.80053 16.793 0.008 3.81 371.0
2458276.66208 16.804 0.008 4.40 275.0
2458277.59404 16.790 0.008 4.77 336.0
2458277.85992 16.817 0.009 4.88 413.0
2458278.71130 16.792 0.007 4.47 371.0
2458282.77094 16.810 0.008 4.24 251.0
2458283.60522 16.795 0.008 5.13 263.0
2458283.86738 16.793 0.010 5.44 397.0
2458284.72298 16.781 0.008 4.50 268.0
2458285.77123 16.781 0.008 4.67 282.0
2458286.74254 16.792 0.007 4.01 229.0
2458287.61622 16.787 0.008 4.35 261.0
2458287.89779 16.796 0.008 3.96 370.0
2458288.78469 16.796 0.007 3.79 250.0
2458289.64449 16.814 0.007 3.96 283.0
2458290.53799 16.788 0.009 5.14 526.0
2458290.83465 16.787 0.009 5.16 402.0
2458291.76548 16.791 0.008 3.90 373.0
2458292.64447 16.807 0.010 6.11 341.0
2458293.56809 16.768 0.011 6.51 480.0
2458294.61424 16.777 0.012 6.70 595.0
2458299.53889 16.795 0.015 5.89 1558.0
2458301.71634 16.788 0.012 7.28 402.0
2458303.63055 16.823 0.010 6.85 291.0
2458304.75002 16.776 0.012 7.64 411.0
2458305.77188 16.774 0.011 7.48 330.0
2458306.76467 16.806 0.011 7.22 314.0
2458307.61771 16.796 0.008 4.89 276.0
2458308.49529 16.788 0.010 6.55 335.0
2458308.75240 16.790 0.010 6.27 328.0
2458309.62327 16.775 0.007 4.29 249.0
2458310.49753 16.795 0.008 5.05 286.0
2458310.68552 16.792 0.007 4.58 282.0
2458311.54503 16.770 0.010 7.02 277.0
2458311.80122 16.793 0.009 4.64 413.0
2458312.70290 16.795 0.007 3.79 253.0
2458313.57666 16.794 0.007 3.52 239.0
2458314.46360 16.777 0.012 4.85 1105.0
2458314.72155 16.802 0.008 4.44 309.0
2458316.59199 16.786 0.008 4.66 318.0
2458320.54538 16.798 0.009 5.46 368.0
2458321.48562 16.782 0.009 4.67 539.0
2458328.57668 16.788 0.009 4.38 523.0
2458329.50476 16.786 0.009 5.16 422.0
2458329.74024 16.798 0.009 4.15 525.0
2458331.53703 16.790 0.008 4.30 274.0
2458332.55382 16.788 0.009 5.55 326.0
2458333.56015 16.801 0.008 4.12 335.0
2458334.57914 16.784 0.008 5.09 355.0
2458335.72345 16.807 0.010 6.40 452.0
2458338.48322 16.799 0.010 5.89 401.0
2458339.51584 16.785 0.007 3.78 300.0
2458340.62462 16.786 0.008 4.13 290.0
2458341.73444 16.803 0.008 4.34 249.0
2458344.48479 16.789 0.009 4.81 374.0
2458345.53338 16.797 0.009 4.65 378.0
2458346.59756 16.792 0.008 4.15 254.0
2458347.69911 16.786 0.008 5.04 267.0
2458355.47072 16.788 0.014 5.52 1503.0
2458356.54915 16.784 0.008 3.83 507.0
2458358.49627 16.795 0.010 5.55 447.0
2458359.57153 16.788 0.009 4.51 389.0
2458360.67474 16.804 0.012 6.30 602.0
2458364.52363 16.797 0.008 4.38 367.0
2458367.47964 16.779 0.011 5.88 517.0
2458368.63460 16.806 0.008 4.06 348.0
2458370.61519 16.782 0.008 4.31 337.0
2458372.52816 16.802 0.008 4.10 329.0
2458375.56261 16.797 0.009 5.26 343.0
2458381.56436 16.798 0.010 4.07 1367.0
2458384.50836 16.774 0.010 5.28 537.0
2458385.61051 16.767 0.008 4.25 627.0
2458392.55423 16.809 0.010 5.82 376.0
2458394.58007 16.792 0.009 4.67 340.0
2458398.54341 16.798 0.010 6.51 360.0
