2457445.83596 20.682 0.258 10.25 387.0
2457447.86332 20.492 0.165 4.15 300.0
2457451.87387 20.672 0.234 4.48 418.0
2457456.79483 20.431 0.222 10.08 334.0
2457458.80501 20.664 0.232 9.99 281.0
2457474.76298 20.195 0.178 6.52 485.0
2457486.76849 20.372 0.170 10.16 262.0
2457487.87660 20.670 0.216 5.31 273.0
2457489.90979 20.804 0.229 5.05 281.0
2457493.72568 20.799 0.268 13.95 243.0
2457495.91301 20.943 0.291 6.35 258.0
2457507.76062 20.553 0.174 4.69 297.0
2457508.80913 21.238 0.267 3.80 247.0
2457509.90601 20.761 0.262 6.56 317.0
2457512.86083 21.189 0.289 4.26 250.0
2457522.91233 20.086 0.194 6.35 412.0
2457534.81339 20.701 0.198 4.03 362.0
2457546.62928 20.119 0.156 19.81 200.0
2457547.58984 20.180 0.190 21.55 232.0
2457548.68579 20.825 0.174 4.38 264.0
2457550.83256 20.906 0.280 4.73 374.0
2457555.56883 20.570 0.262 11.27 542.0
2457557.87559 20.295 0.245 6.59 663.0
2457562.65285 20.560 0.235 4.54 697.0
2457567.78707 20.385 0.196 12.46 349.0
2457568.78603 20.615 0.259 19.05 277.0
2457570.65068 20.575 0.165 5.47 266.0
2457576.66406 20.857 0.201 14.82 180.0
2457579.70057 20.802 0.226 13.17 214.0
2457596.52172 21.248 0.243 4.35 191.0
2457610.68203 20.518 0.168 4.30 264.0
2457612.65476 20.164 0.262 5.73 838.0
2457617.50085 20.139 0.201 16.81 446.0
2457630.59595 20.444 0.166 12.79 209.0
2457644.55766 20.152 0.282 15.95 627.0
2457651.54125 20.315 0.166 9.86 337.0
2457653.60659 20.820 0.261 17.15 261.0
2457659.58999 20.424 0.196 10.86 323.0
2457662.57521 20.559 0.254 13.04 361.0
2457796.87790 20.695 0.245 4.54 486.0
2457808.82892 20.633 0.258 12.63 294.0
2457808.84501 20.716 0.248 7.05 287.0
2457811.81986 20.540 0.224 6.25 288.0
2457814.83542 20.654 0.197 5.08 291.0
2457817.80529 20.976 0.298 5.10 359.0
2457819.83167 20.508 0.158 4.66 246.0
2457823.87961 20.620 0.213 4.58 382.0
2457826.78114 20.303 0.223 7.21 579.0
2457827.88934 20.813 0.249 5.57 350.0
2457837.86562 20.544 0.152 5.04 204.0
2457843.82692 20.615 0.181 10.08 175.0
2457846.91834 20.800 0.239 7.31 273.0
2457848.84871 20.503 0.147 5.34 188.0
2457851.90598 20.775 0.205 5.37 208.0
2457854.82419 20.701 0.222 4.50 388.0
2457865.76964 20.729 0.169 3.81 222.0
2457866.89951 20.511 0.143 3.72 266.0
2457870.72816 20.585 0.131 4.01 190.0
2457871.88318 20.466 0.132 3.47 234.0
2457873.73759 20.974 0.210 4.12 229.0
2457876.72505 20.907 0.263 5.03 297.0
2457877.81740 20.787 0.191 3.88 298.0
2457879.68436 20.658 0.241 9.78 326.0
2457882.78882 20.413 0.213 7.32 402.0
2457894.91397 21.049 0.298 4.87 307.0
2457902.79258 20.738 0.209 4.92 262.0
2457905.92720 20.132 0.178 11.17 382.0
2457910.80904 20.795 0.233 4.03 400.0
2457911.67535 20.525 0.220 4.99 424.0
2457917.70839 20.866 0.286 5.21 365.0
2457924.55789 20.582 0.199 9.80 274.0
2457926.61655 20.653 0.236 16.95 248.0
2457932.62514 20.723 0.236 11.18 243.0
2457933.61606 20.641 0.198 11.13 202.0
2457935.65017 20.551 0.168 4.87 213.0
2457936.62424 20.630 0.183 8.26 213.0
2457937.61276 20.386 0.182 10.12 259.0
2457938.64178 20.441 0.248 14.29 306.0
2457945.66093 20.718 0.228 5.06 302.0
2457947.63660 20.806 0.264 9.61 221.0
2457949.70589 20.307 0.248 16.92 412.0
2457949.70929 20.294 0.256 15.79 373.0
2457953.63375 20.774 0.202 7.16 185.0
2457954.65174 20.551 0.124 3.93 169.0
2457959.60067 20.713 0.175 4.75 206.0
2457960.64091 20.668 0.172 5.40 152.0
2457966.56319 20.628 0.245 15.44 251.0
2457971.50751 20.433 0.253 7.23 560.0
2457982.49372 20.754 0.265 11.16 275.0
2457983.66388 20.545 0.160 5.15 220.0
2457987.66493 21.215 0.299 4.71 255.0
2457991.64629 20.097 0.170 7.16 224.0
2458001.54670 20.699 0.220 4.34 386.0
2458004.54895 20.205 0.185 5.96 326.0
2458010.55188 20.684 0.216 4.54 301.0
2458014.49992 20.820 0.279 7.07 273.0
2458021.55940 20.751 0.284 9.75 328.0
2458048.50361 20.960 0.292 4.68 346.0
2458164.85814 20.690 0.240 10.49 316.0
2458173.82882 20.777 0.277 6.90 400.0
2458176.85959 21.094 0.285 4.35 308.0
2458189.90151 20.484 0.163 4.23 308.0
2458192.86082 21.072 0.276 7.20 250.0
2458195.78984 20.327 0.167 9.59 257.0
2458197.81967 21.049 0.256 5.07 235.0
2458199.82832 20.832 0.209 9.75 214.0
2458205.85145 20.653 0.247 17.79 227.0
2458207.81472 20.547 0.192 4.40 373.0
2458220.71732 20.855 0.282 11.18 217.0
2458221.91575 20.499 0.144 3.78 247.0
2458223.91806 20.663 0.204 4.25 287.0
2458226.87311 20.509 0.210 8.07 220.0
2458228.80099 20.643 0.161 4.85 210.0
2458244.87340 20.565 0.283 5.31 597.0
2458246.80987 20.108 0.154 10.89 341.0
2458247.85850 20.471 0.183 4.53 362.0
2458249.80679 20.242 0.112 4.33 238.0
2458250.88194 19.907 0.085 3.74 275.0
2458251.91801 19.928 0.109 4.44 321.0
2458253.87139 19.946 0.105 9.80 309.0
2458255.69141 19.895 0.102 7.04 234.0
2458256.73207 18.738 0.042 19.47 223.0
2458257.79659 18.904 0.042 10.43 210.0
2458258.91704 18.797 0.033 3.95 298.0
2458260.75515 18.271 0.020 4.16 280.0
2458262.66285 17.390 0.012 5.18 230.0
2458263.70485 17.222 0.010 4.16 280.0
2458264.83837 18.642 0.038 4.54 410.0
2458265.88274 19.123 0.061 4.61 450.0
2458271.79127 20.306 0.210 11.09 447.0
2458272.85613 20.167 0.136 4.21 368.0
2458273.84493 20.311 0.187 5.87 312.0
2458274.81511 20.433 0.211 16.73 324.0
2458275.82627 20.167 0.149 6.87 329.0
2458276.81509 20.561 0.182 4.69 286.0
2458277.86747 20.328 0.145 4.22 325.0
2458282.61753 20.281 0.111 4.51 192.0
2458283.61280 20.321 0.144 11.08 193.0
2458284.58219 20.361 0.134 4.86 241.0
2458285.73107 20.249 0.125 5.22 212.0
2458286.84077 20.872 0.214 4.94 217.0
2458287.84940 20.550 0.128 3.86 192.0
2458288.85381 20.181 0.146 6.80 292.0
2458289.86110 20.386 0.159 6.74 266.0
2458290.87389 20.730 0.259 6.81 351.0
2458301.69008 20.568 0.277 21.10 342.0
2458304.59882 20.590 0.252 16.02 255.0
2458305.70366 20.584 0.182 16.03 210.0
2458308.76029 20.570 0.217 13.65 266.0
2458311.60017 20.738 0.175 9.68 179.0
2458312.60194 20.896 0.213 10.14 183.0
2458313.60580 20.837 0.153 3.99 176.0
2458314.59918 21.163 0.297 5.23 237.0
2458320.65274 21.034 0.224 4.34 242.0
2458328.52178 20.476 0.243 11.01 449.0
2458331.47308 20.799 0.299 10.05 339.0
2458332.60614 20.489 0.221 11.09 265.0
2458334.49709 20.743 0.237 5.34 419.0
2458336.49282 20.537 0.231 14.41 256.0
2458338.63502 20.973 0.265 5.47 223.0
2458340.61665 20.736 0.179 4.57 213.0
2458342.57400 20.659 0.190 4.95 229.0
2458344.73415 21.182 0.298 5.09 242.0
2458346.64867 20.944 0.188 4.39 151.0
2458348.70950 20.875 0.256 9.78 266.0
2458366.66882 20.449 0.199 10.47 275.0
2458369.50322 21.064 0.298 6.79 271.0
2458375.58704 20.540 0.241 10.87 237.0
2458384.54304 20.630 0.259 4.44 462.0
2458386.47984 20.668 0.292 4.23 696.0
2458392.59361 20.552 0.257 19.82 297.0
