2456351.87370 16.909 0.008 4.71 372.0
2456358.84685 16.901 0.008 5.17 376.0
2456360.81367 16.921 0.007 4.43 302.0
2456362.84692 16.889 0.008 5.38 298.0
2456368.83840 16.907 0.007 4.08 262.0
2456370.84827 16.895 0.008 5.60 282.0
2456373.80887 16.908 0.008 5.19 309.0
2456375.76134 16.912 0.008 4.65 359.0
2456376.89130 16.915 0.007 4.16 271.0
2456378.84311 16.922 0.007 3.46 417.0
2456380.78156 16.897 0.008 4.57 416.0
2456381.91808 16.904 0.008 4.38 597.0
2456386.86331 16.903 0.008 5.40 289.0
2456388.74952 16.901 0.009 5.84 278.0
2456389.86864 16.904 0.008 5.06 284.0
2456391.73340 16.905 0.009 6.39 302.0
2456394.77627 16.931 0.009 5.65 320.0
2456396.75961 16.910 0.007 4.30 277.0
2456398.70727 16.942 0.008 4.47 311.0
2456399.87562 16.918 0.008 5.46 273.0
2456400.68835 16.888 0.009 6.53 274.0
2456401.91566 16.915 0.007 3.93 301.0
2456403.83612 16.931 0.007 4.46 264.0
2456406.76311 16.922 0.009 3.91 920.0
2456408.74631 16.886 0.011 5.92 594.0
2456415.90691 16.880 0.008 5.70 294.0
2456417.80275 16.904 0.007 4.44 309.0
2456418.91403 16.925 0.007 4.02 317.0
2456420.74398 16.916 0.007 4.27 240.0
2456422.85554 16.904 0.012 7.45 365.0
2456424.73448 16.921 0.007 4.86 337.0
2456431.72270 16.880 0.009 6.25 323.0
2456432.83900 16.918 0.009 5.98 313.0
2456434.65883 16.912 0.011 7.45 412.0
2456435.79278 16.917 0.008 4.01 428.0
2456436.86619 16.900 0.008 3.98 601.0
2456442.90478 16.905 0.008 4.69 408.0
2456445.68884 16.907 0.008 5.82 315.0
2456446.60678 16.937 0.008 5.15 302.0
2456447.66305 16.924 0.008 5.75 291.0
2456448.69459 16.916 0.008 5.70 291.0
2456449.74864 16.913 0.008 5.13 321.0
2456450.80432 16.902 0.007 3.73 321.0
2456451.86492 16.909 0.008 4.76 319.0
2456454.58504 16.919 0.009 5.95 272.0
2456455.69033 16.898 0.007 5.54 327.0
2456457.68884 16.909 0.007 4.73 277.0
2456461.70636 16.923 0.009 6.05 401.0
2456463.58134 16.917 0.010 6.03 443.0
2456464.67139 16.887 0.009 5.54 454.0
2456472.62470 16.899 0.009 6.65 305.0
2456476.51717 16.914 0.009 5.72 407.0
2456477.59210 16.924 0.008 5.80 270.0
2456479.61066 16.937 0.009 6.09 257.0
2456483.65337 16.944 0.007 5.76 350.0
2456485.81162 16.918 0.008 5.20 361.0
2456487.53184 16.896 0.008 5.73 333.0
2456489.69529 16.925 0.008 5.21 281.0
2456491.47332 16.906 0.010 5.66 540.0
2456492.60220 16.899 0.009 5.02 391.0
2456497.61598 16.921 0.011 7.39 432.0
2456501.64164 16.941 0.008 5.20 251.0
2456508.55819 16.916 0.008 4.84 274.0
2456511.70811 16.905 0.008 4.76 268.0
2456515.72205 16.899 0.007 4.00 258.0
2456519.51529 16.912 0.007 3.76 304.0
2456526.69960 16.918 0.009 5.45 448.0
2456532.53890 16.916 0.007 4.59 282.0
2456541.51747 16.918 0.008 5.27 316.0
2456555.58948 16.886 0.009 4.93 429.0
2456564.49612 16.890 0.010 6.91 343.0
2456570.54712 16.908 0.008 5.18 317.0
2456573.50840 16.929 0.009 5.24 368.0
2456582.54378 16.964 0.009 4.17 498.0
2456585.53220 16.909 0.011 5.65 496.0
2456704.87124 16.898 0.009 5.08 585.0
2456705.85317 16.920 0.011 6.01 635.0
2456709.89530 16.936 0.009 5.31 679.0
2456715.86917 16.899 0.007 5.22 322.0
2456718.85064 16.893 0.011 7.33 390.0
2456720.88879 16.910 0.008 5.41 310.0
2456723.80417 16.915 0.009 5.47 450.0
2456725.82804 16.933 0.008 5.77 359.0
2456727.81332 16.938 0.007 4.98 314.0
2456729.79989 16.931 0.008 4.93 501.0
2456731.86632 16.954 0.012 7.77 428.0
2456733.82742 16.922 0.008 4.83 495.0
2456734.91754 16.905 0.009 4.35 953.0
2456736.85629 16.909 0.010 6.99 438.0
2456742.90210 16.918 0.007 5.28 319.0
2456745.81977 16.897 0.008 5.40 307.0
2456747.83638 16.918 0.008 5.58 323.0
2456749.83225 16.918 0.008 5.31 344.0
2456751.92488 16.906 0.010 3.70 1828.0
2456754.77398 16.902 0.009 6.45 320.0
2456755.77890 16.916 0.011 7.82 354.0
2456756.82313 16.916 0.007 4.22 300.0
2456757.75762 16.921 0.008 5.47 372.0
2456759.77668 16.931 0.007 4.16 383.0
2456761.72767 16.914 0.009 6.25 494.0
2456763.70963 16.920 0.009 5.95 572.0
2456764.87991 16.915 0.007 3.35 466.0
2456768.82753 16.929 0.010 4.32 1042.0
2456770.67892 16.896 0.008 6.45 377.0
2456771.85805 16.912 0.007 4.20 394.0
2456773.73473 16.910 0.009 6.09 358.0
2456775.66741 16.932 0.008 5.21 347.0
2456776.83128 16.896 0.008 5.56 342.0
2456784.79750 16.927 0.009 4.50 334.0
2456785.77450 16.918 0.008 4.39 312.0
2456786.78369 16.924 0.008 4.09 333.0
2456789.71175 16.926 0.009 4.95 427.0
2456790.78911 16.923 0.009 4.45 439.0
2456791.85013 16.918 0.009 4.23 584.0
2456792.87558 16.927 0.010 4.40 678.0
2456797.64608 16.925 0.009 5.28 587.0
2456798.86627 16.932 0.013 7.36 400.0
2456803.89591 16.921 0.009 5.05 306.0
2456804.91174 16.933 0.010 5.68 369.0
2456806.85398 16.929 0.010 5.69 303.0
2456808.58506 16.905 0.012 6.88 402.0
2456809.59220 16.919 0.009 5.12 351.0
2456810.65186 16.924 0.010 5.23 348.0
2456811.66205 16.913 0.010 5.83 340.0
2456813.78593 16.918 0.010 6.37 268.0
2456814.87595 16.909 0.009 5.69 299.0
2456815.94169 16.936 0.011 5.71 530.0
2456817.68780 16.933 0.010 5.71 347.0
2456819.57091 16.927 0.012 6.08 687.0
2456823.77190 16.933 0.008 4.25 420.0
2456824.81501 16.919 0.010 5.23 482.0
2456825.82733 16.914 0.010 4.96 506.0
2456826.86041 16.918 0.009 4.86 409.0
2456827.89880 16.915 0.010 5.62 421.0
2456829.53357 16.910 0.011 6.85 382.0
2456830.55361 16.928 0.011 6.42 378.0
2456831.69068 16.917 0.007 3.53 285.0
2456832.73500 16.912 0.009 5.12 298.0
2456833.79719 16.921 0.009 4.85 419.0
2456835.85376 16.939 0.012 7.07 366.0
2456837.51158 16.916 0.010 5.13 530.0
2456838.50727 16.919 0.012 6.74 394.0
2456839.51976 16.916 0.011 6.93 430.0
2456840.56634 16.900 0.012 7.53 406.0
2456841.69103 16.911 0.009 5.08 323.0
2456844.77016 16.921 0.011 6.40 330.0
2456845.75020 16.906 0.008 4.32 341.0
2456847.70603 16.932 0.009 4.00 465.0
2456851.69671 16.893 0.010 5.01 566.0
2456853.59655 16.900 0.012 6.60 477.0
2456855.82362 16.926 0.009 5.71 351.0
2456857.50283 16.920 0.009 4.82 347.0
2456858.56238 16.900 0.008 4.55 274.0
2456859.75540 16.919 0.011 6.30 385.0
2456863.62006 16.920 0.008 3.82 262.0
2456864.69256 16.944 0.009 5.53 262.0
2456871.55746 16.910 0.008 4.31 346.0
2456874.62915 16.919 0.008 4.89 335.0
2456880.58253 16.926 0.014 6.90 544.0
2456882.53553 16.922 0.011 6.74 298.0
2456884.72331 16.930 0.009 5.74 324.0
2456886.62527 16.927 0.008 4.32 309.0
2456888.54575 16.925 0.008 3.90 240.0
2456889.71446 16.917 0.009 5.77 289.0
2456891.64722 16.918 0.010 6.12 296.0
2456896.62871 16.921 0.009 5.57 303.0
2456907.59033 16.919 0.009 5.04 433.0
2456912.53735 16.905 0.009 5.72 310.0
2456915.59553 16.889 0.010 6.30 324.0
2456922.52936 16.912 0.010 6.04 349.0
2456925.54233 16.900 0.010 6.25 322.0
2456928.53315 16.879 0.012 7.69 335.0
2456936.55572 16.902 0.011 6.29 525.0
2456940.52739 16.909 0.011 5.77 454.0
2456947.52090 16.912 0.010 6.30 357.0
2456951.55491 16.904 0.010 6.32 437.0
2456955.51562 16.897 0.011 6.14 413.0
2457085.82200 16.898 0.009 5.01 587.0
2457087.85901 16.908 0.010 5.53 510.0
2457089.88573 16.924 0.009 5.01 421.0
2457092.80138 16.911 0.010 5.38 508.0
2457097.83367 16.934 0.007 3.58 306.0
2457099.83641 16.924 0.008 5.17 302.0
2457101.84838 16.918 0.011 6.44 397.0
2457109.87964 16.942 0.008 4.73 295.0
2457111.81026 16.917 0.009 6.13 289.0
2457114.85011 16.932 0.008 4.00 366.0
2457116.83218 16.919 0.009 4.73 451.0
2457118.85037 16.911 0.008 4.04 467.0
2457120.82884 16.920 0.008 4.08 406.0
2457126.74923 16.931 0.009 5.51 376.0
2457130.69010 16.928 0.010 6.39 298.0
2457131.83518 16.900 0.007 4.51 292.0
2457134.67602 16.924 0.011 7.17 401.0
2457135.80241 16.931 0.007 4.21 284.0
2457137.67104 16.923 0.009 5.71 303.0
2457138.77513 16.919 0.008 5.30 295.0
2457140.66369 16.914 0.010 6.16 429.0
2457141.76340 16.914 0.007 3.69 325.0
2457142.90021 16.908 0.008 4.49 321.0
2457144.70306 16.902 0.012 6.85 514.0
2457146.64237 16.910 0.014 6.89 886.0
2457147.66148 16.919 0.014 7.11 692.0
2457152.80547 16.913 0.009 5.12 431.0
2457153.85223 16.906 0.008 3.80 401.0
2457155.63695 16.931 0.009 5.77 374.0
2457156.71023 16.927 0.008 5.37 317.0
2457158.66894 16.915 0.008 5.09 330.0
2457159.71334 16.920 0.009 5.52 330.0
2457160.80388 16.912 0.008 4.25 311.0
2457161.87394 16.930 0.007 3.55 333.0
2457162.92351 16.935 0.009 4.66 312.0
2457164.71476 16.923 0.010 6.73 318.0
2457166.78803 16.918 0.008 4.50 316.0
2457169.74810 16.920 0.008 5.10 274.0
2457170.79494 16.934 0.008 4.63 276.0
2457172.84063 16.929 0.009 5.02 401.0
2457173.87050 16.911 0.009 4.35 496.0
2457174.85520 16.905 0.009 4.56 540.0
2457175.91815 16.932 0.011 4.54 860.0
2457178.82479 16.913 0.010 3.90 768.0
2457179.82204 16.942 0.011 5.82 445.0
2457180.82260 16.909 0.009 4.70 359.0
2457181.83457 16.917 0.009 4.91 338.0
2457182.85651 16.916 0.009 4.95 311.0
2457183.86011 16.934 0.010 6.04 299.0
2457184.89588 16.929 0.009 5.48 335.0
2457185.91635 16.889 0.013 7.49 400.0
2457187.69063 16.927 0.008 5.04 263.0
2457188.68447 16.931 0.009 5.68 320.0
2457189.78962 16.918 0.008 3.92 354.0
2457190.85656 16.905 0.009 4.75 501.0
2457193.82502 16.921 0.007 4.30 326.0
2457197.57354 16.913 0.009 6.02 342.0
2457198.59883 16.904 0.009 6.08 301.0
2457199.60471 16.891 0.008 5.09 322.0
2457200.60148 16.919 0.008 4.44 366.0
2457202.83910 16.896 0.012 5.62 651.0
2457207.49889 16.937 0.012 7.34 474.0
2457208.53493 16.887 0.009 5.99 382.0
2457211.60785 16.916 0.009 5.95 284.0
2457214.58524 16.925 0.009 6.36 397.0
2457220.65646 16.910 0.007 4.06 260.0
2457221.68620 16.933 0.008 4.59 278.0
2457222.77983 16.917 0.010 5.70 495.0
2457224.54715 16.915 0.009 5.83 309.0
2457226.47459 16.920 0.013 7.59 407.0
2457227.48719 16.911 0.012 6.47 703.0
2457228.53315 16.939 0.009 5.35 363.0
2457229.60439 16.915 0.007 3.92 324.0
2457236.56186 16.932 0.013 5.61 844.0
2457250.56197 16.911 0.008 5.41 412.0
2457253.60717 16.930 0.008 4.39 280.0
2457256.62692 16.906 0.010 5.75 361.0
2457261.53787 16.899 0.014 6.94 751.0
2457263.69601 16.940 0.011 4.26 1297.0
2457265.67994 16.917 0.009 4.96 414.0
2457268.67040 16.909 0.008 4.79 329.0
2457270.65961 16.917 0.008 4.85 286.0
2457277.68463 16.919 0.011 6.59 315.0
2457284.57519 16.933 0.008 4.94 526.0
2457293.52494 16.931 0.009 4.88 517.0
2457307.55980 16.895 0.009 5.92 351.0
2457319.50843 16.947 0.014 6.90 517.0
2457325.51741 16.894 0.011 6.62 432.0
2457332.50881 16.921 0.011 5.50 547.0
2457429.88469 16.934 0.015 6.16 1046.0
2457430.88526 16.911 0.009 5.21 906.0
2457432.87285 16.933 0.010 6.09 367.0
2457433.88742 16.908 0.009 5.27 515.0
2457437.86185 16.931 0.008 5.30 295.0
2457442.86624 16.939 0.011 5.95 522.0
2457443.87792 16.904 0.009 5.34 449.0
2457444.85564 16.914 0.010 5.71 421.0
2457448.87383 16.937 0.008 4.61 361.0
2457449.83499 16.936 0.012 5.66 731.0
2457449.89893 16.907 0.011 4.64 785.0
2457454.89588 16.917 0.009 5.26 301.0
2457458.89032 16.912 0.008 4.97 276.0
2457463.88105 16.923 0.008 5.26 307.0
2457470.78118 16.910 0.010 5.54 516.0
2457472.90293 16.929 0.010 6.16 395.0
2457475.91488 16.910 0.010 5.62 572.0
2457476.80298 16.918 0.010 5.23 496.0
2457480.87649 16.913 0.012 7.62 367.0
2457485.78953 16.915 0.009 6.67 274.0
2457486.90941 16.906 0.010 6.60 330.0
2457488.79354 16.897 0.008 5.11 294.0
2457491.80424 16.910 0.008 5.29 292.0
2457492.85247 16.930 0.007 4.36 299.0
2457493.84049 16.890 0.007 4.92 246.0
2457494.81776 16.911 0.008 5.13 285.0
2457495.79713 16.925 0.009 6.05 305.0
2457497.93409 16.953 0.015 6.62 864.0
2457499.69544 16.912 0.011 6.27 545.0
2457499.89672 16.946 0.009 4.66 392.0
2457500.83586 16.911 0.010 5.71 451.0
2457507.89554 16.934 0.008 4.34 432.0
2457509.73327 16.926 0.008 5.00 294.0
2457511.79629 16.925 0.007 3.92 293.0
2457516.71480 16.914 0.009 6.29 350.0
2457526.61657 16.955 0.014 8.08 519.0
2457528.84964 16.910 0.010 5.38 516.0
2457530.86345 16.929 0.011 5.36 614.0
2457536.62971 16.914 0.011 6.94 364.0
2457545.77888 16.931 0.008 5.06 266.0
2457546.82162 16.926 0.010 6.34 316.0
2457547.77272 16.909 0.009 6.01 250.0
2457549.62955 16.908 0.008 5.48 250.0
2457550.62360 16.924 0.009 6.21 279.0
2457554.56718 16.883 0.014 6.99 1581.0
2457555.71099 16.909 0.008 4.91 361.0
2457557.64557 16.921 0.009 4.97 477.0
2457561.81394 16.904 0.009 4.71 631.0
2457566.68383 16.937 0.008 5.43 268.0
2457567.61651 16.925 0.009 5.43 399.0
2457568.60077 16.916 0.009 5.62 285.0
2457569.61854 16.933 0.008 5.14 297.0
2457575.52862 16.919 0.012 8.34 296.0
2457576.76843 16.913 0.008 4.78 248.0
2457584.54549 16.931 0.011 6.41 410.0
2457589.75100 16.933 0.014 5.99 667.0
2457593.57342 16.938 0.009 5.74 249.0
2457599.69477 16.903 0.009 5.20 268.0
2457602.62366 16.910 0.009 5.43 264.0
2457604.54011 16.940 0.009 5.27 289.0
2457611.65519 16.916 0.009 4.99 300.0
2457623.69355 16.927 0.009 5.32 302.0
2457630.48782 16.906 0.010 6.34 314.0
2457633.61778 16.917 0.009 5.68 279.0
2457638.51264 16.945 0.010 5.60 436.0
2457647.58469 16.931 0.010 5.10 473.0
2457652.53088 16.923 0.009 5.83 285.0
2457657.53624 16.909 0.009 6.01 322.0
2457664.49268 16.920 0.011 6.87 397.0
2457679.53811 16.884 0.013 7.46 489.0
2459994.88478 16.937 0.009 4.77 660.0
2459999.88107 16.918 0.009 5.66 364.0
2460003.88368 16.943 0.008 4.74 385.0
2460007.87429 16.936 0.008 4.93 339.0
2460012.86924 16.939 0.008 4.32 410.0
2460015.86724 16.917 0.007 4.04 409.0
2460022.80445 16.924 0.008 5.68 289.0
2460025.79517 16.950 0.008 5.65 291.0
2460027.91101 16.940 0.008 5.45 348.0
2460030.80363 16.961 0.008 5.12 279.0
2460032.89375 16.946 0.007 4.77 252.0
2460035.83332 16.964 0.010 6.70 304.0
2460038.82189 16.949 0.007 4.65 330.0
2460040.84225 16.949 0.008 4.45 448.0
2460042.90243 16.941 0.008 4.76 455.0
2460048.84495 16.947 0.008 4.83 316.0
2460051.86466 16.943 0.008 5.35 285.0
2460054.85368 16.956 0.007 4.66 280.0
2460058.73836 16.934 0.009 5.68 329.0
2460060.71995 16.935 0.007 4.84 329.0
2460062.74788 16.948 0.007 4.84 307.0
2460065.91283 16.947 0.008 4.96 317.0
2460068.70577 16.945 0.010 6.24 492.0
2460076.72763 16.941 0.008 4.95 340.0
2460086.66779 16.929 0.010 5.99 335.0
2460087.70875 16.934 0.009 5.15 294.0
2460088.65111 16.933 0.011 6.92 321.0
2460089.83316 16.922 0.010 5.93 308.0
2460091.88204 16.938 0.010 5.10 403.0
2460094.84508 16.945 0.008 4.34 277.0
2460096.77458 16.952 0.010 4.40 418.0
2460098.70185 16.951 0.012 5.68 672.0
2460104.88593 16.931 0.010 4.82 461.0
2460106.73442 16.937 0.010 6.39 274.0
2460108.60944 16.965 0.010 5.87 281.0
2460110.57113 16.963 0.012 6.49 381.0
2460111.79481 16.929 0.009 5.04 330.0
2460112.87861 16.939 0.009 5.12 357.0
2460114.80670 16.940 0.013 7.23 378.0
2460119.60485 16.926 0.010 6.04 332.0
2460120.77778 16.933 0.009 5.84 276.0
2460122.69379 16.927 0.010 5.90 304.0
2460124.53262 16.931 0.013 6.54 546.0
2460125.75395 16.916 0.011 5.48 483.0
2460130.68243 16.938 0.012 5.96 541.0
2460132.64900 16.921 0.013 6.25 774.0
2460134.74894 16.938 0.009 5.75 357.0
2460140.54743 16.954 0.010 5.82 267.0
2460141.83714 16.941 0.013 7.31 397.0
2460144.59758 16.927 0.007 5.49 277.0
2460149.76041 16.943 0.010 6.55 291.0
2460153.56601 16.937 0.009 4.77 399.0
2460158.56071 16.946 0.011 5.28 631.0
2460160.52165 16.944 0.010 5.75 338.0
2460161.76315 16.932 0.012 7.03 402.0
2460168.68387 16.930 0.008 5.09 239.0
2460170.64130 16.933 0.009 4.87 251.0
2460171.75176 16.910 0.011 7.34 333.0
2460175.54230 16.918 0.012 7.22 356.0
2460179.67501 16.944 0.010 6.03 318.0
2460185.64535 16.922 0.013 6.34 638.0
2460188.68711 16.912 0.012 6.13 559.0
2460201.65990 16.955 0.011 6.12 346.0
2460204.54869 16.934 0.012 7.25 328.0
2460213.56764 16.917 0.014 7.67 508.0
2460218.62468 16.928 0.015 7.41 601.0
2460365.88341 16.908 0.012 6.48 533.0
2460371.87418 16.893 0.010 6.01 408.0
2460378.89995 16.877 0.008 5.50 332.0
2460382.84818 16.867 0.008 4.99 342.0
2460385.83260 16.880 0.009 5.30 314.0
2460388.83606 16.861 0.009 6.01 331.0
2460391.90290 16.868 0.008 4.55 318.0
2460394.80185 16.832 0.012 7.41 489.0
2460396.82931 16.851 0.009 5.01 524.0
2460398.88575 16.835 0.008 4.24 442.0
2460405.83536 16.800 0.009 5.94 317.0
2460407.90324 16.810 0.007 4.14 299.0
2460411.86306 16.803 0.007 4.66 298.0
2460418.83586 16.785 0.008 5.51 304.0
2460423.89831 16.768 0.008 4.95 501.0
2460432.73938 16.734 0.009 6.24 384.0
2460434.80007 16.737 0.008 5.27 360.0
2460437.71627 16.708 0.011 8.34 317.0
2460443.93574 16.702 0.010 6.15 490.0
2460449.77559 16.679 0.010 6.90 395.0
2460458.67393 16.635 0.007 5.29 395.0
2460460.80409 16.637 0.007 4.88 356.0
2460463.64917 16.610 0.007 5.75 257.0
2460467.76180 16.567 0.006 4.79 411.0
2460473.66702 16.531 0.007 6.16 312.0
2460477.65492 16.529 0.007 5.26 417.0
2460479.68461 16.495 0.008 6.27 406.0
2460486.62382 16.462 0.008 6.31 416.0
2460488.77430 16.452 0.006 5.04 327.0
2460491.72530 16.446 0.006 5.30 261.0
2460493.55903 16.422 0.006 5.96 303.0
2460495.56861 16.394 0.008 8.14 296.0
2460496.82589 16.391 0.008 6.39 434.0
2460498.74190 16.409 0.006 4.90 254.0
2460500.75054 16.386 0.007 5.85 292.0
2460502.66087 16.368 0.007 6.35 291.0
2460504.63597 16.360 0.006 5.36 251.0
2460506.59633 16.350 0.006 5.62 300.0
2460508.53029 16.347 0.007 6.09 454.0
2460515.65870 16.318 0.007 6.93 356.0
2460517.63106 16.351 0.007 6.35 269.0
2460519.69165 16.323 0.006 6.54 265.0
2460521.78892 16.329 0.006 5.96 355.0
2460531.67988 16.361 0.008 7.73 405.0
2460534.72804 16.390 0.006 5.07 279.0
2460544.60478 16.463 0.008 6.57 351.0
2460549.54990 16.492 0.007 6.32 323.0
2460555.67333 16.541 0.007 5.64 294.0
2460558.68930 16.566 0.007 6.30 301.0
2460560.67246 16.572 0.008 7.38 326.0
2460563.48748 16.616 0.007 4.87 398.0
2460568.64481 16.646 0.010 6.02 675.0
2460571.57191 16.657 0.011 6.60 607.0
2460575.60087 16.686 0.011 7.53 353.0
2460581.51272 16.733 0.008 5.55 327.0
2460585.59865 16.766 0.009 5.98 370.0
2460586.60139 16.738 0.009 6.24 379.0
2460605.51933 16.809 0.012 7.72 420.0
2460611.54371 16.852 0.009 5.14 471.0
2460623.51113 16.862 0.013 7.52 713.0
2460723.87202 16.961 0.012 7.48 398.0
2460733.86690 16.915 0.010 6.26 343.0
2460736.86645 16.922 0.009 5.88 308.0
2460739.85993 16.932 0.009 5.31 351.0
2460742.84393 16.942 0.008 5.08 309.0
2460744.89068 16.940 0.011 6.77 321.0
2460747.88229 16.933 0.008 4.20 383.0
2460750.82168 16.953 0.010 5.47 458.0
2460752.83579 16.929 0.010 5.40 444.0
2460759.82856 16.949 0.011 7.14 347.0
2460762.81127 16.920 0.010 6.11 328.0
2460764.80198 16.941 0.010 5.99 388.0
2460766.80335 16.935 0.010 5.79 395.0
2460768.80971 16.933 0.009 5.50 302.0
2460770.80948 16.926 0.009 5.74 310.0
2460772.83015 16.941 0.010 6.10 343.0
2460774.83278 16.942 0.009 6.00 298.0
