2457799.86128 19.591 0.126 6.38 550.0
2457803.89071 19.773 0.132 4.95 868.0
2457810.84008 19.760 0.087 4.79 362.0
2457814.82931 19.549 0.075 5.17 345.0
2457817.81449 19.644 0.076 4.58 403.0
2457819.84071 19.689 0.073 4.63 293.0
2457822.81417 19.756 0.129 5.87 572.0
2457824.85505 19.533 0.098 5.61 500.0
2457826.86508 19.623 0.095 5.27 497.0
2457828.88254 19.598 0.078 4.66 408.0
2457836.78989 19.757 0.133 8.10 272.0
2457838.77278 19.634 0.093 6.46 305.0
2457840.77957 19.519 0.068 5.58 247.0
2457842.75484 19.558 0.090 7.15 259.0
2457843.90557 19.741 0.076 5.71 210.0
2457845.84745 19.811 0.071 4.78 234.0
2457847.78878 19.684 0.075 5.11 243.0
2457849.72366 19.677 0.105 5.97 428.0
2457850.84461 19.589 0.066 5.11 250.0
2457852.85915 19.569 0.098 7.48 296.0
2457854.90570 19.632 0.070 3.81 437.0
2457856.82522 19.621 0.110 5.90 473.0
2457863.77714 19.694 0.100 6.40 320.0
2457864.73569 19.687 0.063 4.74 239.0
2457865.87719 19.632 0.065 4.14 333.0
2457867.73879 19.615 0.055 3.83 251.0
2457869.67785 19.648 0.080 6.07 261.0
2457870.81570 19.623 0.059 4.48 234.0
2457872.69090 19.615 0.060 3.94 296.0
2457873.81590 19.657 0.053 3.61 265.0
2457874.90729 19.728 0.083 5.01 340.0
2457876.81717 19.661 0.063 4.00 315.0
2457877.92719 19.644 0.075 4.21 401.0
2457879.76113 19.756 0.108 5.54 421.0
2457881.74892 19.427 0.133 6.78 846.0
2457882.87836 19.805 0.134 5.88 534.0
2457893.64731 19.581 0.099 6.88 333.0
2457894.64630 19.616 0.077 5.25 340.0
2457895.76382 19.676 0.067 4.54 330.0
2457901.79385 19.591 0.070 5.02 281.0
2457902.93025 19.612 0.133 7.38 535.0
2457904.66999 19.626 0.058 4.46 235.0
2457905.63944 19.732 0.075 4.77 278.0
2457906.60316 19.761 0.098 5.53 352.0
2457907.64969 19.653 0.091 4.67 566.0
2457908.70714 19.804 0.084 4.35 368.0
2457909.63047 19.636 0.080 4.23 439.0
2457909.92731 19.637 0.119 6.19 630.0
2457910.89578 19.710 0.088 5.50 383.0
2457911.81367 19.705 0.143 6.62 602.0
2457916.79634 19.674 0.090 4.05 671.0
2457917.78946 19.726 0.090 4.63 452.0
2457923.68339 19.685 0.096 6.22 301.0
2457924.63443 19.721 0.074 4.57 283.0
2457925.65865 19.793 0.066 4.19 229.0
2457926.72911 19.635 0.085 5.92 287.0
2457932.71520 19.621 0.108 7.99 255.0
2457933.69697 19.678 0.074 5.65 206.0
2457934.71903 19.616 0.065 4.82 252.0
2457935.73120 19.713 0.071 4.91 221.0
2457936.72795 19.550 0.070 5.77 237.0
2457937.70258 19.714 0.078 4.88 282.0
2457944.51500 19.478 0.099 5.27 656.0
2457944.81811 19.574 0.166 7.87 733.0
2457945.74058 19.646 0.085 5.17 402.0
2457946.70149 19.564 0.080 5.47 328.0
2457947.76362 19.729 0.111 6.75 325.0
2457948.76190 19.702 0.090 5.60 353.0
2457952.69386 19.768 0.089 5.53 236.0
2457953.71860 19.700 0.061 4.88 191.0
2457954.75372 19.797 0.079 4.96 277.0
2457956.72066 19.711 0.075 5.41 253.0
2457958.65827 19.703 0.089 6.30 244.0
2457959.68435 19.664 0.063 4.81 214.0
2457960.72292 19.670 0.075 5.83 226.0
2457962.48932 19.623 0.069 4.94 278.0
2457964.69875 19.693 0.078 5.47 256.0
2457966.63520 19.516 0.077 6.28 252.0
2457971.57446 19.590 0.121 5.47 772.0
2457972.58351 19.749 0.145 6.48 530.0
2457973.74279 19.739 0.189 7.46 819.0
2457975.64554 19.731 0.122 7.47 313.0
2457980.62887 19.568 0.099 6.44 359.0
2457982.59093 19.702 0.084 5.52 273.0
2457984.54335 19.610 0.102 7.22 264.0
2457986.58462 19.680 0.062 4.44 253.0
2457990.56369 19.813 0.089 4.99 302.0
2457992.53151 19.740 0.080 4.90 299.0
2457994.51277 19.759 0.108 5.58 421.0
2457998.63269 19.672 0.143 5.88 858.0
2458001.62398 19.691 0.102 5.62 489.0
2458005.48237 19.675 0.151 7.89 437.0
2458011.57394 19.914 0.149 7.32 330.0
2458014.58804 19.677 0.095 6.03 370.0
2458018.53571 19.721 0.098 6.55 324.0
2458165.88203 19.756 0.077 4.13 362.0
2458170.85264 19.694 0.065 3.63 334.0
2458173.89610 19.579 0.067 3.80 463.0
2458181.83965 19.699 0.101 4.70 587.0
2458184.87704 19.694 0.096 4.58 509.0
2458190.84322 19.757 0.064 4.23 251.0
2458193.80623 19.718 0.072 4.91 259.0
2458195.87779 19.740 0.067 4.32 261.0
2458197.90541 19.598 0.052 3.52 292.0
2458200.78735 19.732 0.077 4.65 338.0
2458202.78094 19.702 0.070 4.19 334.0
2458204.76172 19.894 0.132 6.23 439.0
2458206.75801 19.612 0.082 4.68 488.0
2458207.89181 19.598 0.057 3.88 325.0
2458209.83937 19.504 0.070 4.14 463.0
2458211.75899 19.762 0.113 5.34 555.0
2458212.85907 19.735 0.079 3.66 527.0
2458220.82653 19.637 0.070 5.62 217.0
2458222.76685 19.596 0.057 4.37 236.0
2458224.76044 19.619 0.082 5.66 307.0
2458227.71543 19.626 0.075 5.34 269.0
2458228.91003 19.565 0.057 4.20 255.0
2458230.78062 19.698 0.070 4.98 258.0
2458235.74104 19.536 0.073 4.24 449.0
2458238.86972 19.621 0.085 3.99 618.0
2458245.78979 19.554 0.115 6.74 424.0
2458246.89972 19.474 0.093 5.88 470.0
2458247.93866 19.711 0.179 7.36 695.0
2458249.90383 19.775 0.107 5.37 414.0
2458251.64310 19.730 0.086 5.60 256.0
2458252.91309 19.632 0.091 5.41 393.0
2458254.70620 19.813 0.065 3.99 257.0
2458255.79415 19.606 0.058 4.12 280.0
2458256.82592 19.533 0.076 5.28 331.0
2458257.87817 19.654 0.075 4.89 326.0
2458259.72457 19.612 0.061 4.13 327.0
2458261.64016 19.678 0.079 4.35 365.0
2458262.74455 19.689 0.056 3.90 248.0
2458263.80142 19.539 0.054 3.87 302.0
2458264.92752 19.535 0.091 5.63 491.0
2458266.70255 19.579 0.119 6.26 554.0
2458271.83639 19.764 0.156 5.22 1013.0
2458272.93744 19.676 0.115 5.54 575.0
2458273.90341 19.975 0.109 4.96 364.0
2458274.89798 19.809 0.142 6.10 609.0
2458275.90956 19.579 0.094 5.18 532.0
2458277.58342 19.638 0.070 4.50 326.0
2458278.56756 19.739 0.075 4.55 325.0
2458282.71015 19.575 0.048 3.88 202.0
2458283.71139 19.721 0.071 5.18 226.0
2458284.67052 19.700 0.066 4.72 250.0
2458286.53468 19.690 0.073 5.00 266.0
2458287.53151 19.641 0.078 4.84 328.0
2458288.54509 19.730 0.074 4.51 286.0
2458289.55711 19.766 0.082 4.96 310.0
2458290.57051 19.629 0.071 4.33 338.0
2458291.61446 19.714 0.087 4.48 490.0
2458292.62111 19.640 0.100 5.13 472.0
2458293.63060 19.543 0.083 5.45 387.0
2458294.84336 19.851 0.185 6.77 781.0
2458301.77349 19.711 0.105 5.82 398.0
2458304.68888 19.577 0.107 6.68 386.0
2458305.79813 19.689 0.102 6.57 303.0
2458307.50322 19.691 0.084 5.15 349.0
2458308.48769 19.714 0.106 6.17 340.0
2458308.83211 19.749 0.126 7.42 359.0
2458309.81610 19.666 0.090 6.20 338.0
2458310.70609 19.687 0.072 4.99 308.0
2458311.70018 19.649 0.058 3.96 223.0
2458312.71098 19.678 0.057 3.95 237.0
2458313.69103 19.715 0.065 4.21 253.0
2458314.69869 19.643 0.067 4.27 293.0
2458316.68702 19.695 0.113 7.71 241.0
2458320.73205 19.719 0.075 4.87 271.0
2458328.60127 19.671 0.091 4.79 450.0
2458329.65577 19.542 0.074 4.64 412.0
2458331.56112 19.786 0.070 4.80 229.0
2458332.68514 19.707 0.096 5.58 358.0
2458334.58698 19.588 0.076 5.31 324.0
2458336.59029 19.628 0.067 5.38 215.0
2458339.49166 19.771 0.072 4.29 306.0
2458340.73932 19.771 0.089 6.10 240.0
2458343.49334 19.664 0.098 6.08 395.0
2458345.55808 19.601 0.077 4.53 345.0
2458347.52713 19.534 0.053 4.15 219.0
2458349.58217 19.551 0.091 6.45 306.0
2458355.63101 19.619 0.073 3.90 462.0
2458357.69101 19.469 0.091 5.59 551.0
2458360.50640 19.710 0.104 6.48 286.0
2458363.68040 19.751 0.076 5.23 231.0
2458367.54131 19.673 0.074 4.79 266.0
2458369.62921 19.758 0.081 4.92 295.0
2458372.53599 19.643 0.077 4.74 292.0
2458376.51846 19.801 0.113 6.33 307.0
2458381.52075 19.805 0.178 5.08 1125.0
2458383.56734 19.855 0.149 6.65 533.0
2458385.55622 19.663 0.069 3.74 478.0
2458392.52284 19.691 0.108 6.25 360.0
2458394.55958 19.530 0.075 5.20 293.0
2458409.54619 19.602 0.136 6.46 626.0
2458415.50102 19.711 0.186 7.07 781.0
2458529.88052 19.600 0.092 5.77 380.0
2458532.86207 19.586 0.092 5.18 541.0
2458534.84759 19.681 0.096 4.33 611.0
2458535.88254 19.589 0.093 5.36 493.0
2458544.86672 19.624 0.058 4.27 261.0
2458548.89678 19.420 0.059 4.20 405.0
2458551.89450 19.580 0.072 5.75 264.0
2458554.87029 19.630 0.066 4.94 272.0
2458556.89325 19.785 0.078 5.09 279.0
2458558.88947 19.689 0.070 5.13 257.0
2458560.87045 19.753 0.064 3.88 287.0
2458562.85024 19.705 0.095 5.06 499.0
2458564.83544 19.659 0.075 3.95 463.0
2458573.87896 19.694 0.104 6.79 297.0
2458575.81221 19.684 0.089 6.30 265.0
2458576.90148 19.456 0.075 6.76 236.0
2458578.85635 19.602 0.068 4.90 317.0
2458579.92383 19.434 0.093 4.44 937.0
2458581.77316 19.689 0.064 4.30 276.0
2458582.88092 19.580 0.065 4.56 310.0
2458584.75222 19.737 0.073 5.01 262.0
2458585.87426 19.756 0.061 3.63 284.0
2458587.71014 19.645 0.091 5.63 384.0
2458588.80281 19.680 0.054 3.66 247.0
2458589.91004 19.523 0.052 3.52 288.0
2458591.74301 19.679 0.092 4.78 548.0
2458593.72646 19.710 0.121 4.98 797.0
2458594.83440 19.715 0.081 3.80 581.0
2458599.69821 19.550 0.105 6.69 507.0
2458600.71872 19.692 0.085 5.57 314.0
2458601.86665 19.610 0.056 3.40 334.0
2458603.69375 19.656 0.072 5.15 265.0
2458604.81255 19.636 0.071 4.89 260.0
2458605.90528 19.547 0.065 4.24 318.0
2458607.69043 19.583 0.062 4.50 304.0
2458608.71457 19.779 0.091 5.20 370.0
2458608.77058 19.755 0.071 3.97 339.0
2458612.88750 19.672 0.093 5.76 320.0
2458613.90755 19.704 0.074 3.81 419.0
2458615.65361 19.464 0.079 6.43 289.0
2458616.71469 19.604 0.060 4.12 330.0
2458617.74192 19.694 0.065 3.90 354.0
2458618.81638 19.614 0.085 4.68 484.0
2458619.88256 19.507 0.065 5.25 281.0
2458620.94272 19.564 0.175 5.43 1688.0
2458626.68704 19.763 0.149 7.13 525.0
2458627.61200 19.819 0.091 4.92 458.0
2458635.81535 19.771 0.079 4.58 304.0
2458636.76996 19.667 0.060 4.25 225.0
2458637.74370 19.640 0.061 4.33 266.0
2458638.85902 19.675 0.072 4.67 345.0
2458640.65080 19.802 0.076 4.75 270.0
2458641.67125 19.570 0.058 4.39 303.0
2458643.62152 19.793 0.063 3.73 271.0
2458644.57807 19.521 0.088 6.01 376.0
2458646.60028 19.582 0.095 6.57 335.0
2458647.59849 19.902 0.136 6.25 431.0
2458648.62804 19.878 0.125 5.88 505.0
2458649.60727 19.996 0.211 7.05 662.0
2458656.63458 19.691 0.077 5.02 393.0
2458657.62409 19.661 0.068 4.90 238.0
2458658.55836 19.583 0.063 5.28 220.0
2458660.78902 19.619 0.060 3.91 300.0
2458662.62031 19.732 0.089 6.27 270.0
2458664.73053 19.655 0.052 4.05 191.0
2458666.66374 19.593 0.057 4.53 215.0
2458667.69378 19.632 0.070 5.04 261.0
2458668.67537 19.585 0.056 4.81 182.0
2458669.62268 19.764 0.081 5.01 307.0
2458670.58875 19.658 0.055 4.24 229.0
2458673.60415 19.592 0.063 4.36 307.0
2458674.73731 19.475 0.060 5.11 251.0
2458676.50227 19.956 0.143 5.61 566.0
2458681.66606 19.719 0.122 4.82 770.0
2458683.50355 19.729 0.110 6.16 376.0
2458684.50854 19.441 0.095 7.08 332.0
2458685.59701 19.642 0.062 3.88 390.0
2458689.55299 19.727 0.085 5.42 272.0
2458690.73854 19.751 0.066 4.51 235.0
2458692.76997 19.965 0.130 6.16 346.0
2458694.54216 19.759 0.066 4.14 274.0
2458695.54177 19.588 0.064 5.05 243.0
2458698.72624 19.686 0.064 4.21 234.0
2458700.60586 19.657 0.064 4.41 257.0
2458702.62182 19.684 0.070 5.00 244.0
2458713.71198 19.877 0.126 5.92 409.0
2458717.50034 19.622 0.107 7.74 259.0
2458719.62642 19.798 0.102 6.32 272.0
2458724.51244 19.604 0.057 4.09 255.0
2458726.65015 19.656 0.060 4.53 201.0
2458728.65186 19.782 0.083 5.01 276.0
2458730.63754 19.735 0.099 6.58 255.0
2458736.65476 19.862 0.180 7.05 629.0
2458739.64459 19.773 0.176 7.28 584.0
2458742.63740 19.497 0.100 6.06 497.0
2458752.60399 19.644 0.087 5.80 310.0
2458899.86984 19.558 0.072 5.55 304.0
2458900.86731 19.648 0.069 5.18 273.0
2458901.85315 19.692 0.074 5.32 263.0
2458902.83773 19.544 0.072 5.44 290.0
2458903.83726 19.460 0.084 6.17 350.0
2458903.89113 19.835 0.094 5.30 342.0
2458904.88074 19.631 0.066 5.38 233.0
2458905.87445 19.638 0.067 5.41 252.0
2458906.87697 19.660 0.070 5.46 262.0
2458907.86282 19.527 0.064 5.02 322.0
2458908.85582 19.638 0.097 6.78 308.0
2458911.90279 19.716 0.210 6.04 1746.0
2458914.85309 19.611 0.080 6.00 291.0
2458916.89496 19.726 0.104 5.34 505.0
2458919.79448 19.874 0.139 5.63 654.0
2458920.91388 19.727 0.147 6.14 850.0
2459795.61031 19.732 0.067 4.83 231.0
2459796.54937 20.037 0.127 6.40 281.0
2459797.59369 19.676 0.111 6.18 352.0
2459804.48931 19.725 0.099 5.19 473.0
2459805.52445 19.640 0.103 5.86 368.0
2459806.58884 19.364 0.095 7.26 394.0
2459807.64075 19.676 0.076 5.53 273.0
2459808.70958 19.613 0.086 5.41 365.0
2459810.67414 19.750 0.068 5.08 232.0
2459812.53225 19.658 0.093 7.43 208.0
2459814.55130 19.915 0.100 5.84 254.0
2459816.48180 19.833 0.112 5.84 330.0
2459817.61584 19.564 0.084 6.90 283.0
2459819.66417 19.547 0.063 4.72 363.0
2459821.67510 19.627 0.077 5.56 292.0
2459824.53055 20.117 0.198 8.16 389.0
2459830.66055 19.618 0.156 7.00 831.0
2459832.60287 20.028 0.240 8.52 613.0
2459835.61443 19.457 0.101 7.09 439.0
2459838.63147 19.355 0.082 7.51 356.0
2459841.59774 19.586 0.099 6.94 378.0
2459845.49702 19.600 0.109 8.00 321.0
2459848.58230 19.643 0.103 6.75 397.0
2459852.54786 20.037 0.153 7.12 363.0
2459857.57903 19.845 0.218 8.37 756.0
2459866.55533 19.582 0.105 6.21 595.0
2459876.51249 20.081 0.234 9.03 476.0
2459988.86683 19.674 0.095 5.58 502.0
2459997.84982 19.957 0.117 5.45 397.0
2460001.87398 19.739 0.080 5.17 369.0
2460005.86555 19.821 0.100 5.72 375.0
2460009.84460 19.558 0.102 5.74 551.0
2460013.87810 19.688 0.077 4.79 388.0
2460021.80848 19.739 0.082 5.28 279.0
2460024.80067 19.747 0.070 4.44 283.0
2460027.77399 19.691 0.089 6.57 289.0
2460029.80007 19.718 0.081 6.14 247.0
2460031.87628 19.770 0.120 7.38 323.0
2460034.77584 19.505 0.077 6.74 265.0
2460036.90744 19.608 0.059 4.59 297.0
2460039.79215 19.575 0.086 5.85 411.0
2460043.83147 19.675 0.085 4.54 553.0
2460049.75057 19.546 0.067 5.95 250.0
2460052.79549 20.062 0.095 5.18 270.0
2460054.92358 19.866 0.128 4.87 738.0
2460058.75721 19.774 0.104 6.59 316.0
2460060.73987 19.473 0.059 4.97 311.0
2460062.78563 19.677 0.061 4.65 267.0
2460066.70568 19.814 0.101 5.79 349.0
2460068.66001 19.998 0.172 6.37 629.0
2460069.89248 20.101 0.162 4.58 784.0
2460075.83947 19.731 0.082 4.66 434.0
2460083.75505 19.708 0.085 5.23 362.0
2460086.89817 19.666 0.085 5.15 373.0
2460088.86314 19.793 0.091 4.93 356.0
2460090.78863 19.681 0.093 5.99 317.0
2460092.63588 19.719 0.093 5.67 352.0
2460094.89849 19.755 0.091 4.94 408.0
2460096.83830 19.661 0.087 4.28 499.0
2460104.58007 19.670 0.079 4.42 397.0
2460105.73915 19.735 0.087 5.32 318.0
2460107.73885 19.657 0.098 7.04 254.0
2460109.61753 19.492 0.108 7.82 329.0
2460111.54116 19.564 0.090 5.99 374.0
2460112.65074 19.763 0.080 4.84 298.0
2460113.79895 19.772 0.091 5.43 331.0
2460118.73265 19.660 0.106 7.18 290.0
2460120.60936 19.703 0.081 5.62 277.0
2460122.55471 19.577 0.088 6.16 317.0
2460123.78496 19.697 0.077 4.52 395.0
2460125.57510 19.409 0.109 6.40 621.0
2460130.57816 19.660 0.143 6.30 754.0
2460132.49883 19.384 0.087 6.50 464.0
2460134.61480 19.430 0.062 5.53 316.0
2460139.79339 19.754 0.097 6.00 316.0
2460141.72583 19.718 0.078 5.47 250.0
2460143.73765 19.629 0.073 5.28 278.0
2460149.64977 19.655 0.074 5.62 247.0
2460157.71470 19.748 0.112 4.01 975.0
2460159.65426 19.590 0.086 5.20 438.0
2460161.63768 19.680 0.089 5.70 313.0
2460168.54896 19.698 0.078 5.19 280.0
2460170.58061 19.666 0.067 5.14 216.0
2460172.64475 19.829 0.092 5.68 321.0
2460177.66569 19.476 0.071 6.26 276.0
2460180.53153 19.620 0.086 5.08 432.0
2460186.53801 19.779 0.146 6.26 613.0
2460191.63643 19.520 0.128 7.65 521.0
2460202.52760 19.493 0.081 6.24 300.0
2460204.61158 19.797 0.118 6.43 380.0
2460212.61640 19.376 0.137 6.23 1204.0
2460218.55573 19.876 0.172 7.35 482.0
2460226.53054 19.690 0.097 5.63 420.0
2460231.55222 19.704 0.122 6.32 478.0
2460247.52132 19.380 0.143 7.90 755.0
2460355.88959 19.698 0.148 5.66 1144.0
2460367.85729 19.815 0.117 5.84 482.0
2460371.85152 19.590 0.081 4.46 472.0
2460378.84602 19.711 0.074 4.46 327.0
2460381.86815 19.635 0.076 4.61 331.0
2460384.86464 19.475 0.074 5.67 356.0
2460387.81820 19.701 0.078 4.88 346.0
2460390.87987 19.739 0.073 4.36 357.0
2460393.80831 19.869 0.105 4.87 470.0
2460395.84364 19.572 0.083 4.92 507.0
2460397.89485 19.653 0.107 5.23 674.0
2460403.89823 19.539 0.066 4.66 301.0
2460406.86202 19.646 0.089 5.57 331.0
2460410.83754 19.819 0.078 4.55 308.0
2460417.74312 19.640 0.072 4.77 333.0
2460420.75120 19.615 0.073 4.67 349.0
2460424.89134 19.810 0.119 5.05 635.0
2460432.81335 19.619 0.091 5.69 407.0
2460434.85201 19.523 0.081 5.55 391.0
2460436.85536 19.466 0.081 6.07 344.0
2460442.69307 19.589 0.101 7.13 315.0
2460448.88425 19.356 0.072 5.89 358.0
2460450.76212 19.430 0.063 5.02 362.0
2460458.92056 19.275 0.089 5.69 676.0
2460461.72796 19.192 0.042 4.21 396.0
2460463.77117 19.196 0.052 5.38 273.0
2460468.60645 19.133 0.049 5.38 298.0
2460473.77083 18.967 0.051 6.85 259.0
2460478.58968 18.700 0.059 7.03 571.0
2460480.59064 18.681 0.067 7.57 613.0
2460485.88267 18.656 0.064 6.39 970.0
2460488.63872 18.565 0.034 6.31 270.0
2460491.52417 18.497 0.027 4.94 274.0
2460492.81428 18.489 0.028 4.94 312.0
2460494.74819 18.465 0.025 5.07 233.0
2460497.67235 18.454 0.024 5.25 216.0
2460499.49749 18.412 0.033 6.19 331.0
2460501.51868 18.544 0.042 6.78 303.0
2460503.53483 18.623 0.043 7.02 337.0
2460505.56780 18.695 0.038 5.83 347.0
2460507.57145 18.770 0.040 5.43 350.0
2460513.78332 18.926 0.099 7.50 925.0
2460517.49917 19.030 0.052 6.03 279.0
2460519.50619 19.234 0.058 5.89 296.0
2460521.75947 19.186 0.054 5.51 316.0
2460531.61351 19.283 0.088 7.70 334.0
2460534.54854 19.332 0.056 4.98 284.0
2460542.65900 19.492 0.122 6.70 663.0
2460549.49934 19.455 0.078 6.13 353.0
2460555.62528 19.508 0.059 4.68 256.0
2460558.64175 19.611 0.081 5.59 331.0
2460561.54457 19.541 0.075 5.64 324.0
2460568.61063 19.462 0.135 7.25 739.0
2460571.54677 19.941 0.195 6.74 715.0
2460575.54676 19.530 0.097 6.81 330.0
2460580.60199 19.774 0.113 6.37 340.0
2460585.55938 19.609 0.099 6.40 362.0
2460603.53129 19.679 0.116 6.42 461.0
2460612.53448 19.871 0.147 6.01 634.0
2460720.87326 19.483 0.091 5.33 578.0
2460726.86501 19.711 0.098 5.20 450.0
2460735.83547 19.715 0.103 6.48 358.0
2460738.83036 19.577 0.090 6.25 339.0
2460743.82039 19.648 0.079 5.16 338.0
2460745.84203 19.633 0.070 5.03 283.0
2460748.83160 19.683 0.074 4.62 368.0
2460750.83457 19.688 0.097 5.55 468.0
2460752.82819 19.638 0.101 5.52 500.0
2460759.81613 19.677 0.093 6.00 346.0
2460762.80084 19.636 0.081 5.71 310.0
2460764.79179 19.766 0.093 4.61 394.0
2460766.78124 19.640 0.088 5.21 399.0
2460768.78606 19.765 0.082 5.39 287.0
2460770.79896 19.803 0.081 4.94 294.0
2460772.79605 19.716 0.089 6.03 310.0
2460774.80242 19.576 0.079 5.60 330.0
