2457796.88519 18.973 0.053 4.42 737.0
2457798.89199 18.819 0.073 4.91 1426.0
2457800.88333 18.871 0.048 5.30 502.0
2457802.87538 18.914 0.072 7.26 602.0
2457807.89072 18.912 0.042 4.75 409.0
2457809.85591 18.932 0.059 6.84 396.0
2457810.85186 18.886 0.041 4.84 399.0
2457811.87107 18.916 0.043 5.05 360.0
2457812.90197 18.949 0.046 4.10 563.0
2457814.87180 18.957 0.037 4.06 361.0
2457815.89979 18.885 0.038 4.07 385.0
2457816.88995 18.894 0.041 5.21 338.0
2457817.88652 18.896 0.036 4.04 406.0
2457818.87260 18.861 0.037 4.54 371.0
2457819.85238 19.025 0.041 4.46 341.0
2457820.86182 18.834 0.035 4.06 400.0
2457821.85980 18.958 0.049 4.94 423.0
2457822.85547 18.950 0.052 5.09 481.0
2457823.84081 18.850 0.047 4.66 582.0
2457824.83680 18.993 0.060 5.42 607.0
2457825.82848 18.959 0.049 4.62 589.0
2457826.78691 19.022 0.070 5.87 697.0
2457826.87665 19.015 0.066 5.97 558.0
2457827.85187 18.847 0.050 5.58 481.0
2457828.82121 18.851 0.045 5.00 533.0
2457828.91050 18.828 0.041 4.16 562.0
2457830.81507 18.985 0.073 4.70 1313.0
2457830.89765 18.898 0.046 4.62 511.0
2457834.82234 18.875 0.043 5.17 377.0
2457836.85382 18.885 0.046 6.04 305.0
2457838.84320 18.891 0.043 5.26 356.0
2457840.85158 18.884 0.040 5.26 311.0
2457842.81617 18.907 0.044 5.68 310.0
2457844.76775 18.916 0.039 5.18 294.0
2457845.90619 18.948 0.038 4.90 290.0
2457847.85988 18.896 0.045 5.98 309.0
2457849.78481 18.893 0.033 4.02 318.0
2457850.91778 18.893 0.045 5.03 428.0
2457853.88650 18.953 0.062 6.90 404.0
2457855.76702 18.875 0.044 4.27 602.0
2457858.92562 18.864 0.045 4.78 501.0
2457863.86442 18.908 0.039 4.69 363.0
2457864.83482 18.922 0.036 4.50 319.0
2457866.68847 18.855 0.038 5.06 360.0
2457867.81003 18.911 0.029 3.48 290.0
2457869.74771 18.957 0.039 4.85 330.0
2457870.89007 18.901 0.033 3.58 322.0
2457872.77331 18.908 0.029 3.23 334.0
2457873.90394 18.861 0.035 4.15 356.0
2457875.81706 18.896 0.035 4.11 668.0
2457876.89452 18.946 0.042 4.59 400.0
2457878.75652 18.913 0.038 4.24 412.0
2457879.86776 18.916 0.066 7.43 408.0
2457881.82359 18.933 0.053 5.45 481.0
2457883.80842 18.929 0.074 6.58 598.0
2457893.70813 18.981 0.055 6.19 371.0
2457894.71682 18.912 0.037 4.59 336.0
2457897.65663 18.920 0.047 6.04 342.0
2457902.58633 18.963 0.061 7.29 422.0
2457903.75745 18.770 0.047 6.92 314.0
2457904.74228 18.894 0.032 4.04 286.0
2457905.71035 18.958 0.033 3.91 298.0
2457906.66632 18.902 0.038 4.59 349.0
2457907.70086 18.941 0.045 4.56 518.0
2457908.78130 19.013 0.050 5.03 418.0
2457909.70244 18.992 0.043 4.08 450.0
2457910.59944 18.989 0.059 5.49 547.0
2457910.94353 18.950 0.058 5.60 708.0
2457916.55652 18.921 0.079 6.14 1078.0
2457916.85585 18.958 0.087 4.45 1823.0
2457917.85061 19.015 0.064 5.23 657.0
2457922.60501 18.929 0.050 5.93 396.0
2457923.75698 18.940 0.056 6.31 377.0
2457924.71465 18.970 0.040 4.02 349.0
2457925.74791 18.938 0.049 5.77 340.0
2457926.79858 19.029 0.059 6.35 370.0
2457932.78959 18.941 0.047 5.75 333.0
2457933.77943 18.883 0.052 6.91 307.0
2457934.78183 18.918 0.040 4.74 345.0
2457935.79345 18.928 0.033 4.02 300.0
2457936.80120 18.909 0.038 5.13 285.0
2457937.77621 18.896 0.050 6.24 343.0
2457944.56777 19.006 0.058 4.81 675.0
2457945.48212 18.955 0.074 7.01 580.0
2457945.80313 18.880 0.048 4.87 559.0
2457946.76495 18.920 0.047 5.26 401.0
2457948.82374 18.921 0.058 6.22 496.0
2457952.76922 18.935 0.051 6.24 310.0
2457953.78586 18.926 0.046 5.77 345.0
2457955.74382 19.007 0.041 5.12 316.0
2457956.78861 18.880 0.050 6.50 370.0
2457958.72099 18.979 0.054 6.47 311.0
2457959.75203 18.934 0.039 5.22 302.0
2457962.54666 18.861 0.038 4.94 361.0
2457965.63363 18.946 0.043 4.79 379.0
2457966.69924 18.828 0.045 5.96 330.0
2457971.62239 18.930 0.051 4.32 635.0
2457972.63852 18.854 0.061 5.67 597.0
2457974.53300 18.919 0.044 4.75 438.0
2457979.52885 18.877 0.035 4.44 341.0
2457981.48077 18.983 0.072 6.63 540.0
2457982.65501 18.898 0.043 5.46 342.0
2457984.60931 18.866 0.042 5.41 324.0
2457986.65020 18.856 0.036 4.84 296.0
2457990.62842 18.934 0.051 6.14 342.0
2457992.60300 18.898 0.045 5.46 353.0
2457994.57498 18.906 0.047 5.51 399.0
2458000.52713 18.918 0.065 6.64 496.0
2458002.54849 18.831 0.104 5.85 1759.0
2458007.53355 18.827 0.044 5.54 380.0
2458012.52734 18.926 0.039 4.16 428.0
2458015.53925 18.816 0.051 6.52 388.0
2458019.50489 18.872 0.038 4.61 375.0
2458026.54648 19.038 0.072 5.12 890.0
2458039.51930 18.998 0.065 6.35 468.0
2458041.49405 18.986 0.066 6.08 538.0
2458048.51837 19.004 0.050 4.97 423.0
2458055.51523 18.961 0.061 5.00 649.0
2458159.86841 18.947 0.074 5.69 969.0
2458161.86630 19.008 0.062 6.27 487.0
2458162.85402 19.010 0.048 5.69 417.0
2458163.87360 18.945 0.058 6.50 454.0
2458166.87567 18.992 0.053 5.87 406.0
2458171.83365 18.941 0.048 5.52 451.0
2458174.86766 18.910 0.042 4.55 484.0
2458181.89253 18.873 0.048 4.81 550.0
2458185.84580 18.998 0.070 6.17 647.0
2458190.91498 18.830 0.071 4.15 1915.0
2458193.86958 18.961 0.045 5.73 312.0
2458196.78910 18.939 0.041 4.81 350.0
2458198.80641 19.008 0.042 4.86 361.0
2458200.84897 18.935 0.040 4.80 375.0
2458202.84133 18.915 0.035 3.76 378.0
2458204.82245 18.896 0.047 6.05 358.0
2458206.81869 18.916 0.037 4.24 425.0
2458208.76541 18.998 0.054 4.55 717.0
2458209.90025 18.917 0.037 3.65 507.0
2458211.81980 18.980 0.050 4.95 523.0
2458212.92110 18.847 0.049 3.58 1042.0
2458220.91441 18.991 0.040 4.30 355.0
2458222.85827 18.853 0.038 4.61 326.0
2458224.84822 18.884 0.038 4.48 377.0
2458227.79016 18.899 0.040 5.52 295.0
2458229.72965 18.874 0.033 4.69 302.0
2458230.86848 18.902 0.032 3.85 318.0
2458236.70031 18.905 0.047 4.71 590.0
2458244.67227 18.866 0.053 6.15 483.0
2458245.85411 18.976 0.061 5.68 537.0
2458247.64919 18.925 0.057 6.25 479.0
2458248.76543 18.870 0.047 5.53 416.0
2458250.66532 18.922 0.035 5.09 303.0
2458251.70440 18.979 0.048 5.79 332.0
2458253.65190 18.883 0.046 6.07 364.0
2458254.78893 18.991 0.033 3.78 340.0
2458255.87655 18.900 0.041 4.09 434.0
2458256.90500 18.894 0.048 5.32 453.0
2458258.67405 18.932 0.039 5.35 329.0
2458259.80279 18.940 0.037 3.86 409.0
2458261.71425 18.885 0.039 5.14 362.0
2458262.83371 18.886 0.030 3.69 278.0
2458263.87123 18.949 0.032 3.96 289.0
2458265.64676 18.776 0.056 5.74 601.0
2458266.77207 18.903 0.059 5.41 667.0
2458272.65015 18.891 0.039 4.34 447.0
2458273.62412 18.903 0.046 5.24 424.0
2458274.60662 18.912 0.053 6.40 364.0
2458275.59983 18.906 0.047 5.49 418.0
2458276.60742 19.029 0.063 6.63 414.0
2458277.66462 18.949 0.038 4.88 303.0
2458278.63107 18.963 0.043 5.40 361.0
2458282.80102 18.879 0.035 4.51 316.0
2458283.77957 18.880 0.035 4.22 349.0
2458284.74861 18.852 0.033 4.81 286.0
2458286.59663 18.909 0.043 6.00 282.0
2458287.60054 18.907 0.034 4.70 287.0
2458288.61491 18.888 0.037 5.06 296.0
2458289.62141 18.906 0.038 4.84 354.0
2458290.63597 18.937 0.047 5.95 365.0
2458291.69883 18.923 0.041 4.54 398.0
2458292.69335 19.008 0.054 5.49 452.0
2458293.72305 18.893 0.050 5.63 461.0
2458299.54748 18.927 0.101 6.10 1532.0
2458302.56531 18.968 0.047 5.53 466.0
2458304.76774 18.992 0.062 6.47 432.0
2458306.64009 18.886 0.057 7.56 334.0
2458307.57607 18.978 0.039 4.63 384.0
2458308.55103 18.987 0.042 5.29 296.0
2458309.52543 18.917 0.040 5.15 336.0
2458310.49002 18.962 0.055 6.00 385.0
2458310.76443 18.957 0.043 5.24 346.0
2458311.76269 18.917 0.037 3.92 374.0
2458312.78586 18.894 0.033 4.37 303.0
2458313.75393 18.965 0.040 3.82 392.0
2458314.76039 18.835 0.035 4.50 332.0
2458316.76763 18.830 0.057 6.84 399.0
2458320.79406 18.898 0.038 4.82 343.0
2458328.66630 18.906 0.085 7.11 839.0
2458329.71748 18.886 0.038 3.61 527.0
2458331.63642 18.883 0.043 5.34 369.0
2458333.49522 18.988 0.050 5.29 433.0
2458334.66151 18.968 0.038 4.18 357.0
2458336.66696 18.835 0.032 4.49 273.0
2458339.57289 18.936 0.031 3.72 273.0
2458341.54701 18.926 0.035 3.93 328.0
2458344.47731 19.009 0.067 6.37 497.0
2458345.63843 19.007 0.038 3.85 298.0
2458347.60551 18.957 0.035 4.11 280.0
2458349.72776 18.916 0.073 6.05 952.0
2458355.69355 19.060 0.065 5.41 646.0
2458358.53696 18.905 0.054 5.44 481.0
2458360.58071 18.977 0.060 5.99 443.0
2458364.55723 18.884 0.033 4.12 336.0
2458367.66224 18.934 0.036 4.60 326.0
2458370.51222 18.902 0.048 5.57 384.0
2458372.65712 18.940 0.049 5.33 411.0
2458376.59963 18.956 0.052 5.68 402.0
2458382.48804 18.952 0.039 3.43 553.0
2458383.54797 18.898 0.049 4.61 560.0
2458384.48935 18.825 0.051 5.07 565.0
2458384.59573 18.939 0.053 4.81 622.0
2458385.52291 18.878 0.033 3.02 521.0
2458385.61711 18.937 0.041 3.97 600.0
2458387.50064 18.952 0.051 5.02 458.0
2458392.50518 18.935 0.063 7.05 381.0
2458393.48886 18.899 0.066 7.18 430.0
2458393.58229 18.920 0.060 6.75 374.0
2458394.55830 18.901 0.048 5.53 351.0
2458398.50545 18.871 0.052 6.25 388.0
2458399.56421 18.833 0.058 6.91 475.0
2458404.53061 19.046 0.074 6.76 486.0
2458409.55821 18.829 0.070 7.23 659.0
2458411.55094 18.860 0.075 6.65 699.0
2458413.54833 18.810 0.059 4.95 786.0
2458415.49821 18.904 0.089 6.80 841.0
2458418.51728 18.975 0.077 6.81 541.0
2458419.54007 18.998 0.063 5.78 525.0
2458425.50757 18.926 0.058 5.56 553.0
2458529.87378 18.845 0.054 6.61 420.0
2458532.86030 18.856 0.058 5.92 623.0
2458534.85984 18.947 0.055 5.16 627.0
2458536.87122 18.972 0.057 5.53 547.0
2458546.84540 18.941 0.044 5.45 346.0
2458549.84603 18.831 0.039 5.67 334.0
2458552.87751 18.943 0.049 6.31 321.0
2458555.80567 19.026 0.045 5.11 389.0
2458557.82160 18.937 0.055 6.63 347.0
2458559.79527 18.901 0.045 5.66 360.0
2458561.78638 18.955 0.045 4.46 530.0
2458562.90796 19.027 0.059 5.30 541.0
2458564.88660 18.968 0.043 4.11 510.0
2458566.88203 18.888 0.039 4.32 473.0
2458574.73467 19.066 0.067 7.56 345.0
2458575.86169 18.839 0.041 5.47 325.0
2458577.79328 19.069 0.077 7.72 389.0
2458578.91706 18.892 0.047 5.61 379.0
2458580.75679 18.964 0.051 6.26 362.0
2458581.83965 18.822 0.033 4.48 329.0
2458583.72193 18.868 0.041 5.74 372.0
2458584.82076 18.948 0.035 4.78 313.0
2458586.69563 18.924 0.047 5.95 383.0
2458587.76278 18.953 0.046 5.98 347.0
2458588.88571 18.901 0.030 3.59 321.0
2458590.72139 18.919 0.048 5.57 558.0
2458591.80971 18.914 0.037 3.76 544.0
2458593.80103 18.996 0.075 5.77 1087.0
2458594.90141 18.904 0.048 4.49 668.0
2458599.75076 18.924 0.059 6.76 420.0
2458600.79622 18.904 0.042 5.66 359.0
2458602.68417 18.867 0.034 4.81 324.0
2458603.75931 18.867 0.033 4.58 296.0
2458604.89859 18.944 0.051 5.73 370.0
2458606.68809 19.009 0.040 4.44 334.0
2458607.76333 18.967 0.038 4.58 330.0
2458608.85167 18.933 0.035 3.98 383.0
2458613.63889 18.773 0.054 6.83 423.0
2458614.67289 18.964 0.084 8.39 452.0
2458615.74255 18.929 0.046 5.79 325.0
2458616.78711 18.894 0.029 3.32 350.0
2458617.82186 18.932 0.031 3.21 366.0
2458618.89131 18.869 0.051 5.15 569.0
2458620.64424 18.994 0.070 7.10 535.0
2458621.76831 18.940 0.082 5.95 902.0
2458626.73725 18.968 0.063 5.91 540.0
2458627.69122 18.904 0.039 4.70 390.0
2458635.87577 18.883 0.049 5.66 419.0
2458636.83306 18.896 0.033 3.98 315.0
2458637.81035 18.856 0.032 3.53 385.0
2458638.92084 18.884 0.047 5.18 508.0
2458640.72405 18.934 0.036 4.22 340.0
2458642.58566 18.972 0.051 5.78 436.0
2458643.69284 18.935 0.032 3.65 338.0
2458644.63270 18.942 0.044 5.48 352.0
2458646.65541 18.889 0.047 5.89 359.0
2458647.64794 18.998 0.075 7.38 474.0
2458648.68362 18.994 0.050 4.95 476.0
2458649.67499 18.929 0.081 7.34 635.0
2458656.69806 19.024 0.058 6.38 371.0
2458657.68677 18.958 0.039 4.64 325.0
2458660.51442 18.887 0.051 6.44 353.0
2458660.85296 18.967 0.044 4.63 503.0
2458662.68915 18.785 0.050 7.31 317.0
2458664.80375 18.888 0.032 4.13 384.0
2458666.73267 18.986 0.044 5.40 295.0
2458667.75928 18.942 0.034 4.03 303.0
2458668.74196 18.918 0.030 3.78 250.0
2458669.70971 18.855 0.034 4.36 328.0
2458670.67350 18.951 0.029 3.43 262.0
2458673.68735 18.953 0.036 4.42 308.0
2458674.79739 18.871 0.050 6.12 393.0
2458676.53843 18.944 0.054 5.85 470.0
2458676.84756 18.988 0.062 6.40 469.0
2458677.57599 19.105 0.067 5.18 675.0
2458681.77772 18.833 0.070 5.40 1046.0
2458683.54331 19.015 0.072 7.14 469.0
2458684.54584 18.929 0.046 5.21 397.0
2458688.56753 18.837 0.047 6.16 342.0
2458689.71202 18.917 0.041 5.67 285.0
2458690.80507 18.918 0.048 6.12 379.0
2458691.79905 18.907 0.044 5.25 391.0
2458692.79124 19.014 0.058 5.84 452.0
2458694.57702 18.917 0.031 3.72 319.0
2458695.79022 18.873 0.038 5.00 345.0
2458699.50536 18.933 0.047 5.53 378.0
2458700.77159 18.880 0.042 4.99 429.0
2458702.66656 18.905 0.036 4.72 314.0
2458711.74656 18.806 0.077 6.27 1053.0
2458713.74217 18.892 0.055 5.95 497.0
2458717.71617 18.939 0.069 7.85 386.0
2458719.66265 18.995 0.051 5.81 333.0
2458724.69017 18.923 0.050 6.06 373.0
2458726.68331 18.970 0.043 5.12 301.0
2458728.68562 18.929 0.038 4.63 327.0
2458730.67015 18.858 0.044 5.75 315.0
2458737.66046 18.807 0.073 7.09 685.0
2458740.56125 19.082 0.082 7.10 518.0
2458742.64976 18.918 0.059 5.84 546.0
2458754.59983 19.043 0.058 5.94 407.0
2458782.55798 18.981 0.056 5.47 518.0
2458895.86956 18.889 0.062 6.31 613.0
2458900.85302 18.925 0.041 5.29 354.0
2458901.85449 18.917 0.042 5.66 323.0
2458902.85307 18.853 0.040 5.69 324.0
2458903.85118 18.902 0.050 6.18 383.0
2458904.84346 18.892 0.042 6.15 293.0
2458905.83570 18.809 0.034 5.03 330.0
2458906.85005 18.881 0.044 5.86 358.0
2458907.84680 18.956 0.043 5.29 393.0
2458908.84129 18.970 0.053 6.41 369.0
2458909.85787 18.898 0.035 5.01 297.0
2458912.84188 19.009 0.048 5.85 345.0
2458914.89646 18.935 0.046 5.37 381.0
2458917.82793 18.960 0.058 5.42 674.0
2458919.84226 18.893 0.049 5.24 553.0
2458921.82199 18.891 0.048 5.08 544.0
2458923.83960 18.973 0.076 5.21 1256.0
2459795.66009 18.872 0.047 6.40 325.0
2459797.63878 18.703 0.054 6.99 412.0
2459804.53357 18.985 0.067 6.20 562.0
2459805.57049 18.940 0.049 4.83 479.0
2459806.64263 18.945 0.064 7.09 420.0
2459807.70836 18.969 0.058 6.28 403.0
2459809.57363 18.725 0.043 6.24 302.0
2459811.48922 19.097 0.059 5.99 321.0
2459812.69406 18.940 0.041 4.90 284.0
2459814.59596 18.930 0.045 6.11 309.0
2459816.52820 18.763 0.045 6.09 330.0
2459817.70259 18.841 0.036 4.59 384.0
2459820.51458 18.983 0.053 5.92 356.0
2459822.51510 19.019 0.055 6.51 351.0
2459824.58634 18.887 0.061 6.79 485.0
2459831.53259 18.969 0.058 5.50 611.0
2459834.53901 18.942 0.054 5.68 524.0
2459835.66157 18.680 0.041 7.01 270.0
2459840.52724 18.786 0.050 7.39 347.0
2459843.55453 18.927 0.057 6.36 396.0
2459845.54530 19.008 0.052 6.51 343.0
2459848.62825 18.867 0.046 5.61 437.0
2459852.60334 18.863 0.045 4.99 455.0
2459859.52500 19.104 0.062 5.47 604.0
2459863.51566 18.907 0.061 6.50 561.0
2459868.50775 18.775 0.051 5.10 554.0
2459993.87200 18.914 0.041 4.72 456.0
2459998.84441 18.908 0.044 5.39 447.0
2460002.83504 19.035 0.058 6.28 457.0
2460006.82342 18.874 0.045 5.94 401.0
2460010.81320 19.038 0.076 6.07 764.0
2460011.81134 19.119 0.093 6.98 698.0
2460014.81336 18.988 0.054 5.39 585.0
2460016.83139 18.884 0.051 5.21 627.0
2460022.82828 18.837 0.040 5.60 329.0
2460025.77413 18.913 0.041 5.37 341.0
2460027.89449 19.053 0.042 4.75 354.0
2460030.78737 18.981 0.036 4.51 320.0
2460032.87161 18.903 0.030 4.18 289.0
2460034.91883 18.871 0.069 4.31 1771.0
2460037.89226 19.025 0.041 5.03 321.0
2460040.76192 18.891 0.045 4.46 680.0
2460042.79760 18.854 0.046 5.07 569.0
2460048.75302 18.912 0.044 5.54 387.0
2460051.75315 18.893 0.046 6.32 323.0
2460054.71938 18.887 0.039 5.52 321.0
2460057.70108 18.732 0.046 6.79 375.0
2460059.77665 18.943 0.046 5.90 368.0
2460061.82150 18.912 0.034 4.29 353.0
2460063.83323 18.844 0.036 4.62 412.0
2460067.74862 18.872 0.046 5.24 489.0
2460069.71775 18.885 0.071 6.24 822.0
2460075.89681 18.980 0.053 4.47 750.0
2460085.64690 18.870 0.067 7.86 401.0
2460089.62460 18.984 0.058 5.91 488.0
2460091.64598 18.884 0.055 5.97 549.0
2460093.90944 18.889 0.063 6.67 571.0
2460095.91362 18.933 0.054 5.78 472.0
2460097.73992 18.964 0.056 5.25 565.0
2460098.80600 18.978 0.114 6.54 1394.0
2460105.57228 18.956 0.061 6.75 388.0
2460106.82564 18.925 0.049 5.79 361.0
2460108.69528 18.916 0.042 5.66 324.0
2460110.61033 19.040 0.055 5.97 363.0
2460111.82635 18.926 0.054 5.33 507.0
2460113.53335 18.955 0.060 5.98 507.0
2460116.67562 18.959 0.048 5.78 341.0
2460120.52832 19.002 0.053 5.73 428.0
2460121.71857 18.980 0.048 5.24 408.0
2460123.64425 18.921 0.040 4.85 400.0
2460123.67029 18.881 0.036 4.61 374.0
2460124.86180 18.904 0.062 5.83 664.0
2460130.50067 19.091 0.132 7.80 1150.0
2460131.76513 18.827 0.064 5.66 936.0
2460134.50744 18.940 0.055 5.79 539.0
2460139.70941 18.876 0.038 5.05 326.0
2460141.64762 18.926 0.041 5.24 315.0
2460143.67004 18.938 0.037 4.55 325.0
2460149.56625 18.951 0.045 5.70 369.0
2460153.49221 18.836 0.067 6.65 598.0
2460153.75440 19.010 0.062 5.28 773.0
2460158.71749 18.977 0.063 4.85 931.0
2460160.65945 18.962 0.053 5.43 455.0
2460165.67650 18.869 0.047 6.45 331.0
2460169.56372 18.898 0.044 5.87 300.0
2460171.55173 18.907 0.035 4.33 313.0
2460174.50825 19.003 0.069 7.51 389.0
2460178.67551 18.967 0.061 6.77 403.0
2460185.50329 19.018 0.104 7.55 796.0
2460187.69356 19.002 0.071 5.17 952.0
2460201.53746 18.927 0.046 5.86 348.0
2460203.62711 18.877 0.045 5.61 423.0
2460206.61521 18.930 0.058 6.24 491.0
2460214.53761 18.889 0.084 7.69 668.0
2460221.53003 18.889 0.061 6.44 544.0
2460227.57621 18.884 0.068 6.87 580.0
2460232.53964 18.917 0.067 6.93 594.0
2460244.53175 18.897 0.099 7.62 905.0
2460356.88252 18.929 0.045 4.48 503.0
2460367.86946 18.910 0.049 5.24 519.0
2460371.86829 18.990 0.058 5.58 500.0
2460378.88624 18.895 0.044 5.35 375.0
2460382.82346 18.948 0.047 5.10 416.0
2460385.80799 18.892 0.044 5.28 378.0
2460388.81031 18.994 0.058 6.21 404.0
2460391.85529 18.904 0.041 4.79 382.0
2460394.78294 19.068 0.059 4.90 608.0
2460396.77323 18.950 0.064 5.82 675.0
2460398.85524 19.117 0.052 4.50 568.0
2460404.81358 18.859 0.040 5.07 369.0
2460407.78917 18.928 0.036 4.31 342.0
2460411.74505 18.870 0.050 6.01 396.0
2460418.72811 18.944 0.052 5.80 436.0
2460423.72238 18.926 0.066 6.52 616.0
2460425.82172 18.890 0.052 5.21 632.0
2460433.73860 18.835 0.058 7.31 405.0
2460435.68973 18.906 0.058 7.03 403.0
2460440.84293 18.941 0.067 6.97 490.0
2460443.89188 18.875 0.053 6.00 467.0
2460449.71818 18.785 0.043 5.92 381.0
2460458.66031 18.867 0.047 5.33 497.0
2460460.79046 18.864 0.042 4.93 434.0
2460463.62771 18.983 0.045 5.70 308.0
2460467.64126 18.877 0.042 5.04 459.0
2460467.67779 18.954 0.047 5.26 485.0
2460469.87000 18.947 0.054 5.84 426.0
2460476.85284 18.984 0.060 5.84 512.0
2460478.82759 18.938 0.056 6.21 437.0
2460486.57510 18.890 0.070 7.29 563.0
2460488.67052 18.833 0.041 5.31 397.0
2460491.56115 18.952 0.045 5.92 326.0
2460492.84982 18.895 0.045 4.95 434.0
2460494.77158 18.959 0.044 5.17 338.0
2460496.67621 18.816 0.057 6.74 509.0
2460498.49890 18.925 0.047 5.79 421.0
2460499.84197 18.939 0.048 5.76 347.0
2460501.82274 18.881 0.054 6.09 430.0
2460504.52760 18.849 0.056 7.01 370.0
2460505.80663 18.920 0.046 5.66 335.0
2460507.68820 18.904 0.041 4.65 417.0
2460508.63957 18.842 0.045 5.10 491.0
2460515.72024 18.519 0.040 6.31 456.0
2460517.65877 18.270 0.028 5.92 331.0
2460519.71123 18.050 0.025 6.75 327.0
2460521.77946 17.395 0.014 5.60 431.0
2460531.62891 18.485 0.043 7.19 416.0
2460534.69729 18.629 0.032 5.08 344.0
2460544.58148 19.019 0.062 6.43 433.0
2460549.53722 18.904 0.049 5.90 398.0
2460555.66098 18.882 0.038 4.79 340.0
2460558.66889 18.932 0.043 5.27 357.0
2460560.65534 18.870 0.052 6.62 390.0
2460569.50017 19.041 0.078 6.84 577.0
2460571.63200 18.866 0.065 5.69 759.0
2460576.57212 18.868 0.058 6.82 406.0
2460581.56858 18.850 0.050 6.20 392.0
2460586.49481 18.987 0.076 7.20 448.0
2460596.55738 18.951 0.075 5.85 926.0
2460597.56869 19.044 0.068 5.58 770.0
2460598.53972 19.031 0.075 6.12 727.0
2460599.55466 18.942 0.054 4.86 703.0
2460600.54178 19.004 0.065 5.02 911.0
2460601.55445 18.975 0.062 5.11 856.0
2460609.54931 18.934 0.055 5.42 606.0
2460617.53152 18.970 0.071 6.57 607.0
2460621.52038 19.149 0.125 6.94 1282.0
2460722.87942 18.839 0.045 5.06 509.0
2460733.84381 18.917 0.050 5.94 423.0
2460736.83846 18.922 0.046 5.61 381.0
2460739.83725 19.007 0.046 4.77 446.0
2460742.82083 18.933 0.047 5.65 382.0
2460744.82182 18.977 0.050 5.52 408.0
2460747.81240 18.924 0.051 5.17 566.0
2460749.83705 18.980 0.053 4.82 602.0
2460751.86620 18.981 0.047 4.70 478.0
2460753.83155 18.945 0.049 4.44 603.0
2460761.81624 18.906 0.063 7.28 408.0
2460763.80777 18.925 0.055 6.49 392.0
2460765.80916 18.905 0.042 5.16 345.0
2460767.81342 18.868 0.039 4.89 364.0
2460769.81039 18.943 0.045 5.00 431.0
2460771.84438 18.830 0.052 7.00 355.0
2460773.78776 18.952 0.047 5.38 401.0
