2458272.77943 15.349 0.008 4.20 196.0
2458273.78752 15.333 0.007 4.19 85.0
2458274.75114 15.351 0.008 6.42 92.0
2458275.78255 15.352 0.007 3.99 88.0
2458276.75513 15.338 0.007 3.76 79.0
2458277.77670 15.326 0.007 4.02 70.0
2458282.71720 15.327 0.006 4.21 59.0
2458283.71845 15.337 0.007 4.70 63.0
2458284.72112 15.338 0.006 3.81 70.0
2458286.72397 15.344 0.006 3.93 66.0
2458287.73138 15.335 0.006 3.46 63.0
2458288.72276 15.334 0.007 4.25 61.0
2458289.71944 15.340 0.006 3.55 76.0
2458290.74285 15.346 0.007 4.76 76.0
2458291.76406 15.336 0.007 4.18 112.0
2458292.72663 15.348 0.007 3.94 105.0
2458293.77679 15.332 0.008 5.76 157.0
2458294.84592 15.360 0.009 5.82 190.0
2458295.76391 15.322 0.009 5.07 330.0
2458304.74495 15.354 0.009 7.29 117.0
2458307.70438 15.351 0.007 4.10 73.0
2458308.69928 15.339 0.007 5.09 73.0
2458309.70961 15.332 0.006 3.79 62.0
2458310.82017 15.361 0.007 5.07 89.0
2458311.70301 15.341 0.007 4.04 66.0
2458312.71374 15.338 0.007 4.34 66.0
2458313.69390 15.329 0.006 3.52 70.0
2458314.70147 15.345 0.007 3.75 79.0
2458316.69138 15.345 0.008 5.90 72.0
2458320.70371 15.337 0.006 3.69 71.0
2458328.68539 15.359 0.008 6.02 181.0
2458329.68900 15.337 0.007 4.46 127.0
2458332.74864 15.353 0.008 6.00 112.0
2458355.54934 15.341 0.007 4.54 121.0
2458357.50451 15.325 0.008 5.46 122.0
2458359.49242 15.363 0.007 5.03 82.0
2458360.65066 15.358 0.008 5.12 112.0
2458364.56141 15.336 0.006 3.96 82.0
2458367.55067 15.339 0.007 4.80 72.0
2458369.59943 15.356 0.007 4.06 73.0
2458371.59449 15.344 0.007 4.86 73.0
2458375.51095 15.363 0.009 6.90 86.0
2458377.49820 15.333 0.008 5.80 153.0
2458393.49356 15.344 0.008 6.04 86.0
2458404.53810 15.344 0.007 5.05 111.0
2458414.53638 15.343 0.008 5.25 160.0
2458425.51065 15.348 0.008 5.46 121.0
2458581.76094 15.348 0.006 4.29 85.0
2458582.88623 15.333 0.007 5.50 89.0
2458584.83830 15.357 0.007 5.54 72.0
2458586.73964 15.344 0.007 4.72 81.0
2458587.88194 15.345 0.006 4.15 83.0
2458588.92199 15.335 0.006 3.67 96.0
2458590.73626 15.340 0.007 4.83 147.0
2458591.77609 15.323 0.006 4.41 142.0
2458594.81633 15.328 0.007 4.26 132.0
2458600.89801 15.334 0.006 4.36 95.0
2458602.71199 15.341 0.006 4.09 74.0
2458603.73557 15.344 0.006 4.88 69.0
2458604.79961 15.346 0.007 4.84 74.0
2458605.80129 15.344 0.007 5.78 86.0
2458606.83597 15.316 0.006 3.59 78.0
2458607.84350 15.333 0.006 4.21 87.0
2458608.87039 15.345 0.006 4.00 92.0
2458612.92158 15.338 0.007 5.18 92.0
2458613.89522 15.336 0.007 4.55 107.0
2458614.87587 15.337 0.007 4.91 112.0
2458615.83299 15.333 0.006 3.84 70.0
2458616.74997 15.349 0.006 3.65 88.0
2458617.68118 15.338 0.006 4.11 108.0
2458617.89558 15.333 0.006 3.78 105.0
2458618.80586 15.357 0.006 4.15 113.0
2458619.72000 15.345 0.008 6.69 109.0
2458620.67213 15.336 0.007 5.74 125.0
2458620.83324 15.352 0.007 4.36 113.0
2458621.83904 15.324 0.007 4.04 167.0
2458635.70375 15.355 0.007 5.45 69.0
2458635.86432 15.340 0.008 6.22 97.0
2458636.65935 15.354 0.007 5.15 75.0
2458636.80833 15.345 0.006 3.88 64.0
2458636.94023 15.342 0.007 5.10 149.0
2458637.76372 15.344 0.006 4.03 77.0
2458637.89329 15.339 0.006 3.57 92.0
2458638.83129 15.346 0.006 3.85 75.0
2458639.75141 15.337 0.006 4.11 77.0
2458640.62445 15.341 0.007 5.54 81.0
2458641.67583 15.335 0.005 4.62 97.0
2458642.84386 15.340 0.007 4.68 97.0
2458643.68252 15.338 0.006 3.88 77.0
2458644.66304 15.342 0.006 4.92 84.0
2458646.69206 15.339 0.008 6.28 81.0
2458647.70103 15.334 0.007 5.07 99.0
2458648.70581 15.336 0.008 6.25 116.0
2458649.71199 15.331 0.008 6.01 148.0
2458655.77295 15.321 0.007 4.83 279.0
2458656.73758 15.335 0.007 4.73 88.0
2458657.67201 15.327 0.006 4.28 79.0
2458660.58276 15.339 0.007 5.50 67.0
2458661.62897 15.339 0.007 5.91 65.0
2458662.65626 15.340 0.007 6.00 61.0
2458664.63348 15.330 0.006 4.27 50.0
2458666.58587 15.347 0.007 5.77 86.0
2458667.59936 15.362 0.008 6.38 86.0
2458668.59253 15.315 0.007 6.67 74.0
2458669.57818 15.351 0.007 6.46 89.0
2458670.57620 15.341 0.005 4.27 76.0
2458673.67470 15.335 0.006 4.42 70.0
2458677.75790 15.332 0.007 4.18 186.0
2458272.77943 15.349 0.008 4.20 196.0
2458273.78752 15.333 0.007 4.19 85.0
2458274.75114 15.351 0.008 6.42 92.0
2458275.78255 15.352 0.007 3.99 88.0
2458276.75513 15.338 0.007 3.76 79.0
2458277.77670 15.326 0.007 4.02 70.0
2458282.71720 15.327 0.006 4.21 59.0
2458283.71845 15.337 0.007 4.70 63.0
2458284.72112 15.338 0.006 3.81 70.0
2458286.72397 15.344 0.006 3.93 66.0
2458287.73138 15.335 0.006 3.46 63.0
2458288.72276 15.334 0.007 4.25 61.0
2458289.71944 15.340 0.006 3.55 76.0
2458290.74285 15.346 0.007 4.76 76.0
2458291.76406 15.336 0.007 4.18 112.0
2458292.72663 15.348 0.007 3.94 105.0
2458293.77679 15.332 0.008 5.76 157.0
2458294.84592 15.360 0.009 5.82 190.0
2458295.76391 15.322 0.009 5.07 330.0
2458304.74495 15.354 0.009 7.29 117.0
2458307.70438 15.351 0.007 4.10 73.0
2458308.69928 15.339 0.007 5.09 73.0
2458309.70961 15.332 0.006 3.79 62.0
2458310.82017 15.361 0.007 5.07 89.0
2458311.70301 15.341 0.007 4.04 66.0
2458312.71374 15.338 0.007 4.34 66.0
2458313.69390 15.329 0.006 3.52 70.0
2458314.70147 15.345 0.007 3.75 79.0
2458316.69138 15.345 0.008 5.90 72.0
2458320.70371 15.337 0.006 3.69 71.0
2458328.68539 15.359 0.008 6.02 181.0
2458329.68900 15.337 0.007 4.46 127.0
2458332.74864 15.353 0.008 6.00 112.0
2458355.54934 15.341 0.007 4.54 121.0
2458357.50451 15.325 0.008 5.46 122.0
2458359.49242 15.363 0.007 5.03 82.0
2458360.65066 15.358 0.008 5.12 112.0
2458364.56141 15.336 0.006 3.96 82.0
2458367.55067 15.339 0.007 4.80 72.0
2458369.59943 15.356 0.007 4.06 73.0
2458371.59449 15.344 0.007 4.86 73.0
2458375.51095 15.363 0.009 6.90 86.0
2458377.49820 15.333 0.008 5.80 153.0
2458393.49356 15.344 0.008 6.04 86.0
2458404.53810 15.344 0.007 5.05 111.0
2458414.53638 15.343 0.008 5.25 160.0
2458425.51065 15.348 0.008 5.46 121.0
2458581.76094 15.348 0.006 4.29 85.0
2458582.88623 15.333 0.007 5.50 89.0
2458584.83830 15.357 0.007 5.54 72.0
2458586.73964 15.344 0.007 4.72 81.0
2458587.88194 15.345 0.006 4.15 83.0
2458588.92199 15.335 0.006 3.67 96.0
2458590.73626 15.340 0.007 4.83 147.0
2458591.77609 15.323 0.006 4.41 142.0
2458594.81633 15.328 0.007 4.26 132.0
2458600.89801 15.334 0.006 4.36 95.0
2458602.71199 15.341 0.006 4.09 74.0
2458603.73557 15.344 0.006 4.88 69.0
2458604.79961 15.346 0.007 4.84 74.0
2458605.80129 15.344 0.007 5.78 86.0
2458606.83597 15.316 0.006 3.59 78.0
2458607.84350 15.333 0.006 4.21 87.0
2458608.87039 15.345 0.006 4.00 92.0
2458612.92158 15.338 0.007 5.18 92.0
2458613.89522 15.336 0.007 4.55 107.0
2458614.87587 15.337 0.007 4.91 112.0
2458615.83299 15.333 0.006 3.84 70.0
2458616.74997 15.349 0.006 3.65 88.0
2458617.68118 15.338 0.006 4.11 108.0
2458617.89558 15.333 0.006 3.78 105.0
2458618.80586 15.357 0.006 4.15 113.0
2458619.72000 15.345 0.008 6.69 109.0
2458620.67213 15.336 0.007 5.74 125.0
2458620.83324 15.352 0.007 4.36 113.0
2458621.83904 15.324 0.007 4.04 167.0
2458635.70375 15.355 0.007 5.45 69.0
2458635.86432 15.340 0.008 6.22 97.0
2458636.65935 15.354 0.007 5.15 75.0
2458636.80833 15.345 0.006 3.88 64.0
2458636.94023 15.342 0.007 5.10 149.0
2458637.76372 15.344 0.006 4.03 77.0
2458637.89329 15.339 0.006 3.57 92.0
2458638.83129 15.346 0.006 3.85 75.0
2458639.75141 15.337 0.006 4.11 77.0
2458640.62445 15.341 0.007 5.54 81.0
2458641.67583 15.335 0.005 4.62 97.0
2458642.84386 15.340 0.007 4.68 97.0
2458643.68252 15.338 0.006 3.88 77.0
2458644.66304 15.342 0.006 4.92 84.0
2458646.69206 15.339 0.008 6.28 81.0
2458647.70103 15.334 0.007 5.07 99.0
2458648.70581 15.336 0.008 6.25 116.0
2458649.71199 15.331 0.008 6.01 148.0
2458655.77295 15.321 0.007 4.83 279.0
2458656.73758 15.335 0.007 4.73 88.0
2458657.67201 15.327 0.006 4.28 79.0
2458660.58276 15.339 0.007 5.50 67.0
2458661.62897 15.339 0.007 5.91 65.0
2458662.65626 15.340 0.007 6.00 61.0
2458664.63348 15.330 0.006 4.27 50.0
2458666.58587 15.347 0.007 5.77 86.0
2458667.59936 15.362 0.008 6.38 86.0
2458668.59253 15.315 0.007 6.67 74.0
2458669.57818 15.351 0.007 6.46 89.0
2458670.57620 15.341 0.005 4.27 76.0
2458673.67470 15.335 0.006 4.42 70.0
2458677.75790 15.332 0.007 4.18 186.0
2459810.72812 15.367 0.006 4.52 69.0
2459995.88607 15.343 0.007 4.46 980.0
2460000.89002 15.333 0.006 4.50 667.0
2460004.86939 15.333 0.006 4.02 371.0
2460008.85426 15.340 0.006 4.87 530.0
2460013.84148 15.330 0.006 4.11 500.0
2460016.85562 15.331 0.006 4.39 565.0
2460025.83138 15.327 0.006 4.02 356.0
2460028.82204 15.345 0.006 5.20 344.0
2460030.88056 15.335 0.006 5.00 329.0
2460033.80007 15.343 0.006 5.62 321.0
2460035.88966 15.350 0.006 5.46 327.0
2460038.86953 15.327 0.006 4.12 347.0
2460040.89366 15.328 0.006 3.85 518.0
2460043.79397 15.339 0.006 4.46 563.0
2460049.80550 15.348 0.006 5.55 300.0
2460053.79754 15.335 0.006 4.61 296.0
2460056.91597 15.337 0.006 4.88 346.0
2460059.74972 15.353 0.007 6.84 355.0
2460061.79612 15.329 0.006 4.97 358.0
2460063.80111 15.331 0.006 4.70 377.0
2460067.75155 15.328 0.006 5.12 485.0
2460069.72076 15.341 0.008 6.22 805.0
2460071.70102 15.333 0.008 5.76 1324.0
2460076.86600 15.328 0.006 4.21 438.0
2460086.73722 15.339 0.008 6.57 367.0
2460087.81775 15.339 0.007 4.47 360.0
2460088.71869 15.331 0.007 5.06 297.0
2460089.88622 15.343 0.008 5.58 406.0
2460092.67251 15.326 0.007 5.10 361.0
2460094.93544 15.335 0.007 4.53 607.0
2460096.87699 15.331 0.007 4.25 434.0
2460098.74325 15.337 0.009 5.22 1181.0
2460104.93157 15.340 0.009 5.64 775.0
2460106.77005 15.342 0.008 5.83 308.0
2460108.63437 15.341 0.007 5.04 274.0
2460110.59635 15.340 0.008 5.10 350.0
2460111.83100 15.329 0.008 4.82 464.0
2460113.55648 15.328 0.008 5.27 484.0
2460116.74062 15.336 0.007 4.85 314.0
2460119.67078 15.339 0.008 6.16 338.0
2460120.85442 15.344 0.008 6.76 369.0
2460122.82048 15.335 0.008 5.79 351.0
2460124.64274 15.330 0.007 4.86 453.0
2460125.76883 15.336 0.008 4.78 620.0
2460126.56681 15.332 0.008 4.32 963.0
2460130.74424 15.335 0.009 6.24 726.0
2460132.73052 15.343 0.009 6.46 1005.0
2460134.78998 15.339 0.007 4.65 407.0
2460140.58805 15.337 0.007 5.27 261.0
2460142.51211 15.349 0.009 6.73 416.0
2460145.66418 15.337 0.006 4.60 351.0
2460149.80363 15.348 0.007 6.05 351.0
2460153.58656 15.332 0.008 5.50 459.0
2460158.59741 15.328 0.008 4.82 859.0
2460160.55900 15.332 0.008 5.50 456.0
2460161.78315 15.332 0.008 5.33 518.0
2460170.69753 15.348 0.007 5.15 292.0
2460173.59312 15.334 0.007 4.79 276.0
2460178.56288 15.344 0.008 6.53 305.0
2460180.62776 15.335 0.007 4.80 389.0
2460186.61783 15.345 0.009 5.60 791.0
2460192.52504 15.340 0.009 7.21 391.0
2460202.57563 15.341 0.008 5.45 337.0
2460204.65901 15.352 0.008 6.47 465.0
2460208.50533 15.341 0.009 6.36 439.0
2460214.54911 15.351 0.010 7.54 686.0
2460219.57521 15.354 0.011 8.16 576.0
2460227.54664 15.341 0.008 5.96 498.0
2460232.54931 15.331 0.008 5.73 586.0
2460369.86268 15.271 0.007 4.61 574.0
2460377.85191 15.169 0.006 4.89 428.0
2460380.88359 15.089 0.006 4.52 457.0
2460383.86898 14.942 0.006 4.65 329.0
2460386.88907 14.827 0.005 5.08 322.0
2460389.90864 14.673 0.006 6.54 531.0
2460392.80729 14.587 0.005 4.61 529.0
2460394.91175 14.612 0.005 4.85 795.0
2460397.80898 14.719 0.005 5.35 598.0
2460399.81187 14.847 0.005 4.52 656.0
2460405.87335 15.097 0.007 5.63 340.0
2460408.87880 15.176 0.007 5.21 346.0
2460416.82670 15.269 0.008 6.43 316.0
2460418.77676 15.309 0.007 5.31 86.0
2460423.76860 15.300 0.008 6.09 567.0
2460425.87808 15.307 0.007 4.56 593.0
2460433.82464 15.321 0.007 5.49 445.0
2460435.81013 15.322 0.007 5.63 330.0
2460439.70565 15.334 0.007 5.59 378.0
2460442.80394 15.333 0.009 7.79 387.0
2460449.68675 15.335 0.008 6.14 374.0
2460458.81322 15.333 0.007 4.32 412.0
2460460.86669 15.332 0.007 5.32 524.0
2460463.86018 15.337 0.007 4.80 341.0
2460466.78552 15.331 0.006 4.35 346.0
2460468.70589 15.335 0.007 4.69 279.0
2460473.84812 15.344 0.008 6.00 336.0
2460476.77442 15.345 0.008 5.63 88.0
2460478.74582 15.335 0.008 5.42 458.0
2460480.78464 15.329 0.008 5.16 644.0
2460481.64796 15.340 0.008 4.75 759.0
2460486.69584 15.344 0.007 4.92 628.0
2460488.82545 15.333 0.007 5.15 419.0
2460490.67319 15.353 0.007 4.62 79.0
2460492.55961 15.337 0.007 4.73 387.0
2460494.51611 15.331 0.009 6.55 553.0
2460497.51719 15.334 0.009 6.80 442.0
2460498.79760 15.334 0.007 4.70 320.0
2460500.78154 15.341 0.007 5.45 312.0
2460501.68523 15.333 0.008 5.98 62.0
2460502.82161 15.336 0.008 5.66 386.0
2460504.76667 15.350 0.009 7.44 294.0
2460506.72433 15.330 0.007 4.83 305.0
2460508.53497 15.343 0.008 5.49 543.0
2460513.80518 15.350 0.011 7.28 1189.0
2460516.78636 15.343 0.009 7.29 429.0
2460518.79093 15.336 0.008 6.13 400.0
2460520.78454 15.341 0.007 5.15 373.0
2460528.76077 15.346 0.008 6.58 463.0
2460533.53064 15.343 0.007 5.48 366.0
2460535.63324 15.332 0.007 4.72 365.0
2460544.69691 15.340 0.008 5.82 464.0
2460547.69441 15.336 0.008 6.72 101.0
2460554.68502 15.343 0.008 6.15 383.0
2460556.68569 15.350 0.008 6.45 371.0
2460559.68416 15.333 0.007 5.56 587.0
2460561.68159 15.335 0.007 5.83 411.0
2460563.54146 15.336 0.008 5.80 428.0
2460569.56854 15.347 0.008 6.12 663.0
2460573.53688 15.338 0.007 4.31 431.0
2460576.60654 15.343 0.008 6.04 355.0
2460581.60808 15.318 0.008 5.64 389.0
2460586.52806 15.349 0.009 6.93 389.0
2460604.52120 15.344 0.009 6.95 572.0
2460610.55171 15.343 0.008 5.96 589.0
2460725.89177 15.329 0.009 5.48 1598.0
2460735.86914 15.339 0.008 6.45 405.0
2460738.86879 15.334 0.007 5.37 383.0
2460741.87157 15.334 0.008 6.95 345.0
2460744.83622 15.338 0.007 5.59 435.0
2460747.83245 15.338 0.007 4.67 581.0
2460749.88001 15.331 0.007 4.62 759.0
2460751.89499 15.329 0.007 4.17 455.0
2460753.88289 15.333 0.007 4.86 534.0
2460753.90217 15.334 0.007 4.70 572.0
2460754.77362 15.334 0.007 5.14 717.0
2460761.86677 15.340 0.007 5.36 406.0
2460763.84506 15.327 0.007 5.33 366.0
2460765.85973 15.341 0.007 5.60 292.0
2460767.86196 15.326 0.006 4.21 350.0
2460769.88852 15.331 0.006 4.34 354.0
2460772.76422 15.334 0.007 5.60 393.0
2460774.77534 15.355 0.008 6.23 450.0
