2457791.88450 18.833 0.055 4.55 990.0
2457792.88729 18.847 0.071 5.52 1138.0
2457793.87873 18.798 0.040 5.04 487.0
2457794.88572 18.873 0.060 5.47 754.0
2457795.88976 18.766 0.060 5.57 970.0
2457798.86115 18.916 0.046 4.98 490.0
2457800.85199 18.854 0.054 6.28 475.0
2457801.89086 18.835 0.055 4.75 743.0
2457803.87230 18.824 0.057 4.81 971.0
2457807.84581 18.753 0.037 5.35 354.0
2457808.89657 18.879 0.060 6.03 625.0
2457809.90477 18.816 0.071 5.48 1218.0
2457812.85886 18.813 0.036 4.76 378.0
2457814.82775 18.833 0.040 5.34 383.0
2457815.85463 18.824 0.038 4.98 373.0
2457816.84640 18.978 0.050 6.01 362.0
2457817.84301 18.941 0.045 5.43 416.0
2457818.82922 18.979 0.040 4.46 386.0
2457819.80908 18.868 0.045 6.33 354.0
2457819.90647 18.754 0.043 4.58 681.0
2457821.81720 18.815 0.046 5.03 474.0
2457822.81261 18.883 0.053 5.55 604.0
2457822.90196 18.858 0.038 4.81 399.0
2457823.88715 18.856 0.041 4.88 467.0
2457824.88326 18.821 0.045 5.15 510.0
2457825.87486 18.817 0.044 5.32 499.0
2457826.83374 18.863 0.057 5.96 591.0
2457827.82102 18.794 0.047 5.34 509.0
2457827.91026 18.864 0.046 4.62 609.0
2457828.87943 18.827 0.038 4.38 450.0
2457830.78207 18.746 0.051 5.13 859.0
2457830.86931 18.942 0.047 5.25 480.0
2457835.78214 18.901 0.066 8.21 327.0
2457836.89340 18.835 0.043 6.24 297.0
2457838.78020 18.825 0.044 6.23 341.0
2457839.84646 18.807 0.030 5.11 272.0
2457840.90781 18.856 0.033 4.71 298.0
2457842.77821 18.976 0.048 6.44 299.0
2457843.81909 18.826 0.036 5.61 279.0
2457844.86135 18.922 0.048 6.33 296.0
2457845.90794 18.881 0.038 5.40 289.0
2457847.75006 18.909 0.046 5.92 317.0
2457848.77947 18.845 0.038 5.58 291.0
2457849.80783 18.845 0.033 4.84 299.0
2457850.83687 18.791 0.032 4.78 308.0
2457851.88107 18.895 0.035 4.81 308.0
2457853.91974 18.739 0.057 7.52 425.0
2457855.72914 18.853 0.046 4.45 660.0
2457856.75315 18.908 0.069 6.85 558.0
2457858.83599 18.790 0.044 5.23 545.0
2457862.87167 18.911 0.045 5.45 373.0
2457865.68555 18.896 0.035 4.57 330.0
2457866.69654 18.857 0.035 4.50 331.0
2457867.71540 18.858 0.033 4.37 309.0
2457868.78802 18.918 0.047 5.44 319.0
2457869.81137 18.923 0.032 4.31 293.0
2457870.85002 18.880 0.035 4.55 285.0
2457871.87232 18.846 0.034 4.33 313.0
2457872.89863 18.844 0.031 3.82 344.0
2457873.87906 18.807 0.032 3.96 351.0
2457874.85200 18.861 0.043 5.28 373.0
2457875.92990 18.758 0.041 4.72 511.0
2457876.90237 18.893 0.037 4.50 374.0
2457877.87447 18.851 0.038 4.12 425.0
2457878.91381 18.906 0.035 3.82 407.0
2457880.67486 18.938 0.055 6.11 438.0
2457881.75085 18.968 0.070 7.05 469.0
2457882.75460 18.874 0.052 5.88 476.0
2457889.93403 18.813 0.077 6.53 912.0
2457893.67003 18.889 0.054 6.92 350.0
2457893.92371 18.807 0.040 4.67 446.0
2457894.81263 18.929 0.041 4.99 337.0
2457895.79522 18.856 0.040 5.02 389.0
2457901.67960 18.938 0.046 5.94 346.0
2457902.66872 18.972 0.053 6.26 324.0
2457903.76123 18.802 0.051 7.14 298.0
2457904.66225 18.847 0.035 5.01 295.0
2457904.92802 18.804 0.051 6.41 418.0
2457905.79268 18.857 0.038 4.90 357.0
2457906.68312 18.850 0.032 4.06 346.0
2457906.92947 18.798 0.056 6.08 649.0
2457907.89514 18.942 0.053 5.53 666.0
2457908.78918 18.878 0.039 4.48 396.0
2457909.65414 18.788 0.039 4.50 469.0
2457909.89591 18.914 0.048 4.84 500.0
2457910.69446 18.842 0.038 4.26 438.0
2457911.57978 18.868 0.063 5.80 717.0
2457916.54889 18.845 0.065 6.02 830.0
2457916.76063 18.866 0.040 4.05 579.0
2457917.60123 18.826 0.048 5.23 512.0
2457917.84286 18.865 0.070 6.70 634.0
2457922.56705 18.731 0.060 7.58 464.0
2457923.52106 18.960 0.058 6.22 447.0
2457923.86547 18.759 0.057 7.33 382.0
2457924.50448 18.903 0.055 6.05 474.0
2457924.89453 18.964 0.057 5.32 274.0
2457925.50563 18.755 0.051 6.30 368.0
2457925.57161 18.853 0.059 7.44 286.0
2457925.68063 18.972 0.034 4.37 84.0
2457925.78665 18.820 0.038 5.46 89.0
2457925.86606 18.803 0.046 6.10 320.0
2457925.89097 18.905 0.067 7.53 357.0
2457926.75497 18.849 0.043 5.67 333.0
2457926.87283 18.976 0.074 8.09 364.0
2457928.54385 18.823 0.059 7.52 310.0
2457928.56713 18.868 0.051 6.20 333.0
2457928.60124 18.693 0.036 5.19 228.0
2457928.63364 18.904 0.052 6.17 184.0
2457928.66710 18.876 0.043 5.40 175.0
2457928.88184 18.968 0.089 8.21 442.0
2457929.80013 18.750 0.055 7.64 354.0
2457932.60063 18.841 0.051 6.75 333.0
2457932.71933 18.854 0.043 6.08 300.0
2457932.84267 18.885 0.060 7.17 416.0
2457933.51194 18.849 0.057 7.25 358.0
2457933.71450 18.850 0.041 6.04 265.0
2457934.64437 18.929 0.041 5.05 334.0
2457934.85979 18.939 0.054 6.85 331.0
2457935.73872 18.833 0.034 4.84 273.0
2457936.61656 18.807 0.033 4.54 298.0
2457936.86999 18.870 0.056 7.58 339.0
2457937.71075 18.848 0.036 4.75 325.0
2457938.63293 18.950 0.062 6.92 420.0
2457944.55111 18.806 0.045 4.44 642.0
2457944.65340 18.830 0.049 5.30 562.0
2457944.77438 18.836 0.051 5.45 592.0
2457945.57401 18.898 0.045 5.09 442.0
2457945.81120 18.814 0.044 5.19 557.0
2457946.67782 18.940 0.042 4.73 373.0
2457947.57969 18.916 0.045 5.72 337.0
2457948.48581 18.935 0.048 5.99 341.0
2457948.76932 18.834 0.045 5.87 397.0
2457949.69830 18.804 0.051 5.88 476.0
2457953.47201 18.927 0.059 6.12 487.0
2457953.74469 18.809 0.033 5.38 269.0
2457954.66390 18.873 0.033 4.42 258.0
2457956.48394 18.873 0.042 4.79 405.0
2457956.76238 18.809 0.040 6.29 324.0
2457958.61093 18.919 0.056 6.79 334.0
2457959.49489 18.807 0.034 4.87 327.0
2457959.74384 18.822 0.036 5.34 292.0
2457960.64898 18.891 0.040 5.83 254.0
2457961.63043 18.966 0.042 5.40 315.0
2457962.63563 18.795 0.035 5.03 319.0
2457964.65375 18.814 0.042 5.76 341.0
2457966.47720 18.822 0.073 7.95 486.0
2457966.72193 18.837 0.054 7.01 338.0
2457967.72883 18.991 0.070 7.28 444.0
2457971.65782 18.828 0.047 4.81 618.0
2457972.59317 18.836 0.057 5.58 574.0
2457972.70143 18.856 0.063 6.35 659.0
2457973.70202 18.929 0.091 7.81 685.0
2457974.67402 18.963 0.056 5.72 469.0
2457979.57096 18.867 0.035 4.59 343.0
2457980.63670 18.997 0.066 6.60 450.0
2457982.48603 18.860 0.044 4.89 390.0
2457983.55923 18.867 0.042 5.20 331.0
2457984.61684 18.834 0.042 5.66 328.0
2457986.53062 18.868 0.035 4.67 333.0
2457987.60750 18.845 0.036 4.39 385.0
2457991.47388 18.867 0.067 6.04 748.0
2457992.53929 18.830 0.035 4.47 336.0
2457993.60207 18.856 0.038 5.04 320.0
2457998.48414 18.804 0.044 4.79 559.0
2457998.57603 18.867 0.048 5.31 505.0
2458000.51049 19.021 0.070 6.27 492.0
2458000.61191 18.836 0.068 6.87 598.0
2458002.49213 18.782 0.080 7.10 855.0
2458004.51603 18.855 0.054 6.19 446.0
2458008.51408 18.938 0.055 6.28 373.0
2458012.49453 18.924 0.042 4.57 425.0
2458014.53307 18.891 0.044 5.20 387.0
2458016.55525 18.875 0.051 6.58 354.0
2458019.53910 18.863 0.036 4.74 357.0
2458029.53659 18.933 0.070 6.19 623.0
2458037.54015 18.780 0.069 7.61 473.0
2458039.52681 18.745 0.060 7.35 462.0
2458048.50525 18.901 0.045 5.41 430.0
2458054.51107 18.871 0.077 5.96 995.0
2458056.50618 18.828 0.083 8.07 660.0
2458156.87666 18.776 0.045 4.74 581.0
2458161.85692 18.864 0.050 6.25 402.0
2458162.86844 18.829 0.036 5.14 375.0
2458163.86272 18.939 0.050 5.53 529.0
2458165.85470 18.839 0.041 5.05 424.0
2458167.84611 18.745 0.036 5.02 392.0
2458168.86863 18.956 0.041 5.00 345.0
2458170.83688 18.862 0.036 4.44 380.0
2458171.85870 18.866 0.037 4.20 376.0
2458172.87068 18.839 0.038 4.37 402.0
2458173.89303 18.837 0.035 4.14 427.0
2458175.82707 18.917 0.036 4.24 377.0
2458176.83303 18.859 0.039 4.59 400.0
2458181.83806 18.718 0.041 4.57 599.0
2458182.89068 18.869 0.042 4.56 478.0
2458184.86208 18.949 0.049 4.39 530.0
2458185.88160 18.752 0.044 5.20 509.0
2458190.78913 18.883 0.031 4.88 230.0
2458191.91083 18.668 0.066 6.96 721.0
2458193.87752 18.959 0.044 5.69 301.0
2458195.81243 18.839 0.042 5.63 338.0
2458196.89875 18.848 0.033 4.46 299.0
2458198.78371 18.939 0.034 4.12 332.0
2458199.83613 18.898 0.039 5.45 312.0
2458201.75242 18.889 0.058 6.87 412.0
2458202.80363 18.881 0.037 4.56 369.0
2458203.85292 18.824 0.035 4.83 329.0
2458204.92015 18.843 0.047 4.43 644.0
2458206.78082 18.799 0.037 4.78 461.0
2458207.82204 18.782 0.037 5.05 452.0
2458208.84912 18.801 0.042 5.03 552.0
2458209.87730 18.880 0.041 4.49 505.0
2458210.89022 18.868 0.048 5.43 519.0
2458211.90598 18.812 0.038 4.28 522.0
2458212.89716 18.931 0.056 3.73 1211.0
2458220.75554 18.797 0.036 5.54 294.0
2458221.79724 18.831 0.034 5.04 289.0
2458222.82149 18.813 0.032 4.48 290.0
2458224.70628 18.802 0.049 6.12 394.0
2458225.88714 18.817 0.058 7.37 360.0
2458227.83250 18.921 0.036 4.71 284.0
2458228.90225 18.835 0.031 4.37 291.0
2458229.91898 18.841 0.031 4.38 320.0
2458232.79681 18.837 0.035 4.48 356.0
2458235.82654 18.814 0.035 4.16 442.0
2458238.78505 18.813 0.041 4.25 621.0
2458244.78464 18.880 0.059 4.46 1120.0
2458245.84650 18.862 0.055 5.96 490.0
2458246.83760 18.838 0.041 4.72 448.0
2458247.75069 18.778 0.034 4.94 356.0
2458248.77695 18.883 0.063 7.40 391.0
2458249.88049 19.028 0.050 5.09 420.0
2458250.82456 18.856 0.031 3.98 320.0
2458251.72764 18.727 0.039 5.92 330.0
2458252.90519 18.755 0.046 5.90 431.0
2458253.84831 18.902 0.035 4.20 347.0
2458254.89098 18.820 0.030 3.48 381.0
2458255.85336 18.939 0.039 4.34 364.0
2458256.76784 18.911 0.046 5.65 342.0
2458257.72236 18.876 0.039 5.38 305.0
2458258.71891 18.898 0.035 4.70 299.0
2458259.69804 18.818 0.035 4.77 374.0
2458260.62828 18.819 0.034 4.23 395.0
2458261.75900 18.871 0.037 4.84 314.0
2458262.75218 18.778 0.034 4.84 323.0
2458263.69611 18.833 0.032 4.45 361.0
2458264.72602 18.867 0.043 4.89 508.0
2458265.63824 19.041 0.070 5.50 628.0
2458266.63633 18.859 0.069 6.45 741.0
2458271.70010 18.718 0.069 6.09 1057.0
2458272.71543 18.775 0.042 5.47 433.0
2458273.58386 18.767 0.036 5.05 371.0
2458273.85305 18.817 0.041 5.12 399.0
2458274.69438 19.001 0.051 6.18 332.0
2458275.59165 18.899 0.043 4.85 401.0
2458275.87006 18.850 0.051 5.83 453.0
2458276.73876 18.855 0.036 4.76 320.0
2458277.67224 18.861 0.031 4.45 292.0
2458277.92249 18.817 0.043 5.00 478.0
2458282.56159 18.838 0.043 5.61 366.0
2458282.84220 18.833 0.031 3.96 331.0
2458283.67618 18.889 0.035 5.11 288.0
2458284.52818 18.957 0.050 5.79 447.0
2458284.78813 18.825 0.028 3.73 271.0
2458286.54211 18.804 0.038 5.54 308.0
2458286.83305 18.862 0.042 5.80 300.0
2458287.69862 18.887 0.028 4.11 234.0
2458288.56787 18.893 0.038 4.59 320.0
2458288.86144 18.812 0.048 5.96 413.0
2458289.73191 18.876 0.037 4.99 290.0
2458290.61295 18.887 0.040 5.07 349.0
2458291.54832 18.799 0.043 4.45 767.0
2458291.85187 18.896 0.044 4.87 398.0
2458292.72858 18.826 0.036 4.34 370.0
2458293.65209 18.817 0.042 5.40 407.0
2458294.69718 18.870 0.065 6.94 506.0
2458301.79014 18.803 0.049 5.66 467.0
2458304.56565 18.917 0.067 7.83 374.0
2458305.57010 18.876 0.056 7.35 342.0
2458305.84105 19.058 0.064 6.28 433.0
2458306.81847 18.804 0.047 5.91 403.0
2458307.69362 18.865 0.031 4.20 274.0
2458308.55788 18.804 0.032 4.77 272.0
2458308.82243 18.784 0.049 6.58 391.0
2458309.69841 18.858 0.028 3.62 256.0
2458310.55223 18.901 0.039 5.21 304.0
2458310.73886 18.943 0.047 6.07 330.0
2458311.60840 18.904 0.040 5.61 277.0
2458312.49612 18.908 0.042 4.72 385.0
2458312.77537 18.902 0.032 4.79 289.0
2458313.64367 18.854 0.029 3.83 271.0
2458314.52795 18.834 0.036 4.89 323.0
2458314.78334 18.830 0.038 5.59 312.0
2458316.65931 18.877 0.049 6.18 317.0
2458320.62826 18.931 0.035 4.25 339.0
2458321.54721 18.742 0.042 5.32 461.0
2458328.64193 18.880 0.057 5.86 520.0
2458329.56714 18.794 0.046 5.56 467.0
2458330.49965 18.840 0.040 5.09 476.0
2458331.61245 18.858 0.040 5.19 341.0
2458332.63067 18.866 0.051 5.99 396.0
2458333.63720 18.888 0.030 3.62 288.0
2458334.65372 18.857 0.032 4.10 303.0
2458336.52123 18.879 0.040 5.39 314.0
2458338.55055 18.850 0.050 6.71 339.0
2458339.60715 18.882 0.030 4.21 246.0
2458340.74085 18.904 0.045 6.34 293.0
2458342.52384 18.904 0.041 5.17 309.0
2458344.55210 18.902 0.037 4.82 283.0
2458345.61238 18.804 0.036 4.88 290.0
2458346.73754 18.871 0.036 5.20 268.0
2458348.52655 18.816 0.053 6.39 391.0
2458349.71876 19.016 0.083 6.45 837.0
2458355.53831 18.938 0.051 5.47 476.0
2458356.68537 18.929 0.048 4.95 584.0
2458358.58067 18.831 0.043 5.03 460.0
2458359.67794 18.746 0.057 6.72 514.0
2458361.61045 18.865 0.054 6.95 336.0
2458364.59564 18.883 0.032 4.09 339.0
2458367.56497 18.884 0.035 4.49 319.0
2458369.51186 18.769 0.037 4.55 355.0
2458371.47774 18.821 0.044 4.36 702.0
2458372.65076 18.875 0.050 5.98 413.0
2458375.62796 18.950 0.061 7.02 354.0
2458377.55331 18.963 0.060 5.33 615.0
2458382.52836 18.854 0.038 3.68 533.0
2458383.50375 18.819 0.050 5.55 551.0
2458383.59678 18.928 0.073 6.74 646.0
2458384.55083 18.864 0.046 4.18 549.0
2458384.62652 18.781 0.051 5.27 652.0
2458385.57097 18.865 0.036 3.92 518.0
2458386.50349 18.815 0.043 4.41 536.0
2458390.51630 18.756 0.051 6.23 432.0
2458392.57724 18.917 0.050 6.06 401.0
2458393.53757 18.934 0.058 6.77 341.0
2458394.50504 18.859 0.055 5.94 392.0
2458397.54646 18.843 0.042 6.31 337.0
2458399.50617 19.055 0.069 6.85 370.0
2458401.56974 18.937 0.057 6.50 445.0
2458409.51215 18.906 0.075 7.34 600.0
2458410.54986 18.756 0.054 5.94 616.0
2458412.54117 18.749 0.062 6.01 598.0
2458414.53048 18.892 0.078 6.64 688.0
2458416.52688 18.856 0.090 7.82 782.0
2458419.51330 18.703 0.047 5.70 527.0
2458424.51911 18.741 0.064 7.12 550.0
2458528.88899 18.832 0.059 5.67 712.0
2458531.87263 18.906 0.044 5.30 364.0
2458533.88453 18.812 0.040 4.71 573.0
2458535.86686 18.859 0.054 6.00 521.0
2458536.89628 18.855 0.073 5.93 901.0
2458539.86566 18.858 0.040 4.82 440.0
2458544.86516 18.900 0.034 4.98 298.0
2458546.89331 18.927 0.037 5.02 321.0
2458547.90380 18.841 0.043 4.65 537.0
2458549.81711 18.921 0.047 5.96 343.0
2458550.83235 18.873 0.033 4.62 298.0
2458551.85366 18.972 0.059 7.50 307.0
2458552.87624 18.847 0.046 6.64 307.0
2458553.89122 18.866 0.056 7.65 341.0
2458554.85609 18.837 0.035 5.06 336.0
2458555.82835 18.844 0.032 4.88 318.0
2458556.80132 18.840 0.039 5.34 329.0
2458556.90631 18.770 0.041 4.94 455.0
2458557.87138 18.819 0.035 5.28 306.0
2458558.83563 18.875 0.036 5.09 324.0
2458559.78135 18.868 0.042 5.40 364.0
2458559.88252 18.884 0.033 4.61 301.0
2458560.84351 18.801 0.030 4.15 320.0
2458561.80858 18.781 0.035 4.18 457.0
2458561.90217 18.720 0.055 7.40 365.0
2458562.86635 18.745 0.041 4.92 525.0
2458563.81207 18.779 0.046 5.02 606.0
2458564.76510 18.787 0.045 4.90 594.0
2458564.87202 18.776 0.036 4.23 513.0
2458565.84108 18.932 0.046 4.58 526.0
2458566.80271 18.814 0.036 3.80 528.0
2458566.90452 18.881 0.038 4.00 459.0
2458567.82924 18.841 0.037 3.84 528.0
2458573.87583 19.010 0.057 6.36 348.0
2458574.83948 18.751 0.043 6.68 299.0
2458575.73513 18.819 0.036 5.23 302.0
2458575.83386 18.811 0.038 6.00 293.0
2458575.92505 18.878 0.067 4.64 1160.0
2458576.85953 18.855 0.045 6.50 297.0
2458577.79201 18.992 0.062 7.00 370.0
2458577.91936 18.819 0.061 6.56 551.0
2458578.79288 18.923 0.038 4.83 338.0
2458578.91430 18.843 0.045 5.79 357.0
2458579.78379 18.964 0.052 5.84 408.0
2458579.89421 18.810 0.039 4.89 422.0
2458580.76793 18.813 0.037 5.01 342.0
2458580.87206 18.831 0.034 4.79 351.0
2458581.79567 18.835 0.034 4.65 317.0
2458582.75154 18.877 0.044 6.11 318.0
2458583.72384 18.900 0.039 5.09 347.0
2458584.69390 18.894 0.046 5.71 383.0
2458585.69577 18.949 0.042 5.20 354.0
2458585.88731 18.870 0.031 3.68 333.0
2458586.82089 18.865 0.033 4.55 279.0
2458587.77073 18.845 0.040 5.49 326.0
2458588.72659 18.824 0.038 5.27 381.0
2458589.70933 18.882 0.044 4.56 523.0
2458590.68615 18.928 0.047 4.66 601.0
2458590.88370 18.842 0.031 3.74 375.0
2458591.83782 18.808 0.035 4.01 498.0
2458592.87484 18.992 0.065 5.17 694.0
2458593.89229 18.910 0.059 4.29 1025.0
2458594.80652 18.870 0.043 5.04 549.0
2458595.72455 18.984 0.092 7.36 719.0
2458599.73644 18.940 0.054 6.40 391.0
2458599.87387 18.865 0.033 3.97 358.0
2458600.68329 18.812 0.039 5.38 331.0
2458600.92904 18.870 0.039 3.96 504.0
2458601.90050 18.872 0.033 3.71 425.0
2458602.79984 18.832 0.031 4.35 320.0
2458603.72668 18.798 0.032 4.54 289.0
2458604.73462 18.859 0.045 6.08 339.0
2458605.65987 18.989 0.051 6.40 356.0
2458605.89758 18.894 0.037 4.48 348.0
2458606.81976 18.860 0.030 3.96 324.0
2458607.72508 18.770 0.033 4.82 305.0
2458608.66011 18.860 0.044 4.61 548.0
2458608.93900 18.895 0.085 5.47 1387.0
2458612.86423 18.807 0.045 5.78 365.0
2458613.73199 18.902 0.044 5.78 332.0
2458614.65904 18.832 0.046 5.49 429.0
2458614.89426 18.900 0.049 4.89 495.0
2458615.80663 18.946 0.036 4.54 303.0
2458616.70698 18.822 0.032 4.57 393.0
2458617.64758 18.783 0.036 4.58 415.0
2458617.90000 18.938 0.039 4.26 450.0
2458618.77514 18.836 0.036 4.09 454.0
2458619.66253 18.801 0.052 6.35 466.0
2458620.63052 18.754 0.056 6.74 537.0
2458620.86244 18.780 0.040 4.75 470.0
2458621.82943 18.815 0.058 4.96 864.0
2458626.66067 18.670 0.054 6.74 524.0
2458626.76443 18.758 0.048 4.93 670.0
2458626.86332 18.864 0.050 5.09 569.0
2458627.76306 18.919 0.041 4.59 510.0
2458635.78094 18.943 0.046 5.64 330.0
2458636.60140 18.882 0.041 5.27 348.0
2458636.85574 18.872 0.038 4.89 331.0
2458637.65468 18.931 0.032 4.54 259.0
2458637.90899 18.780 0.035 4.38 438.0
2458638.85066 18.913 0.045 5.49 395.0
2458639.78202 18.842 0.034 4.55 343.0
2458640.68384 18.827 0.033 4.50 304.0
2458641.57772 19.005 0.062 6.56 458.0
2458642.60111 18.893 0.042 5.32 393.0
2458643.57608 18.881 0.037 4.90 368.0
2458643.84141 18.854 0.032 3.71 341.0
2458644.66565 18.847 0.035 4.78 306.0
2458645.67263 18.892 0.049 5.66 534.0
2458646.75884 18.895 0.040 5.00 355.0
2458647.64037 18.732 0.048 6.23 445.0
2458648.60301 18.895 0.060 6.42 566.0
2458648.82988 18.878 0.048 4.98 513.0
2458649.69837 18.918 0.081 7.40 579.0
2458655.78936 19.034 0.073 5.48 948.0
2458656.76572 18.935 0.040 5.22 406.0
2458657.63210 18.965 0.039 4.97 294.0
2458657.88717 18.875 0.039 4.35 418.0
2458658.59468 18.791 0.032 5.27 301.0
2458660.54721 18.938 0.045 5.91 309.0
2458660.69675 18.933 0.039 5.25 282.0
2458660.83533 18.882 0.038 4.15 439.0
2458661.55354 18.852 0.047 6.24 336.0
2458661.70795 18.782 0.032 5.35 287.0
2458662.61853 18.812 0.044 6.44 336.0
2458662.82634 18.887 0.054 5.92 451.0
2458664.59421 18.866 0.031 5.03 239.0
2458664.72887 18.861 0.029 4.37 250.0
2458665.57059 18.870 0.052 6.98 402.0
2458666.52283 18.948 0.061 6.42 494.0
2458666.62825 18.890 0.039 5.30 314.0
2458666.79011 18.967 0.057 7.08 292.0
2458667.53715 18.936 0.070 7.20 492.0
2458667.65794 18.886 0.044 5.69 352.0
2458667.78853 18.829 0.033 4.38 320.0
2458668.52751 18.753 0.046 6.87 339.0
2458668.64717 18.902 0.043 6.27 243.0
2458668.78714 18.841 0.032 4.40 261.0
2458669.50181 18.860 0.061 7.37 427.0
2458669.60483 18.889 0.041 5.34 339.0
2458669.75648 18.879 0.034 4.56 305.0
2458670.48362 18.805 0.037 4.89 410.0
2458670.55631 18.804 0.029 4.21 335.0
2458670.70575 18.963 0.029 4.04 231.0
2458671.66017 18.952 0.054 7.23 279.0
2458673.58699 18.896 0.045 5.30 402.0
2458673.69680 18.937 0.037 4.94 296.0
2458673.84392 18.912 0.056 6.46 429.0
2458674.63138 18.883 0.048 6.58 303.0
2458674.76599 18.830 0.037 4.97 339.0
2458675.61632 18.792 0.041 4.37 594.0
2458675.81993 18.869 0.045 5.48 374.0
2458676.48397 18.887 0.065 6.16 653.0
2458676.56133 18.813 0.039 4.53 482.0
2458676.73449 18.853 0.038 4.31 446.0
2458676.81075 18.773 0.049 5.46 530.0
2458677.61274 18.782 0.043 4.65 582.0
2458677.78681 18.940 0.068 4.50 1222.0
2458681.48941 18.835 0.071 5.67 934.0
2458681.56603 18.959 0.077 6.15 848.0
2458681.64747 18.774 0.056 5.29 769.0
2458682.48379 18.965 0.067 5.82 757.0
2458682.56061 18.818 0.046 5.21 561.0
2458682.77393 18.881 0.054 5.18 606.0
2458683.48464 18.814 0.049 6.33 401.0
2458683.56963 18.862 0.052 5.96 460.0
2458683.74518 18.855 0.047 5.20 460.0
2458684.49143 18.930 0.053 6.06 385.0
2458684.57121 18.805 0.047 5.17 580.0
2458684.72658 18.819 0.036 4.38 376.0
2458685.49597 18.871 0.047 6.01 372.0
2458685.64054 18.847 0.036 4.77 387.0
2458685.72319 18.776 0.041 5.13 491.0
2458688.54924 18.778 0.054 7.31 334.0
2458688.64563 18.883 0.039 5.65 258.0
2458689.49651 18.752 0.051 6.73 372.0
2458689.58220 18.768 0.041 6.21 302.0
2458689.69376 18.829 0.038 5.97 261.0
2458690.48505 18.871 0.049 5.74 395.0
2458690.57912 18.828 0.041 5.80 329.0
2458690.72035 18.909 0.033 4.50 279.0
2458691.48290 18.896 0.037 4.87 389.0
2458691.55902 18.865 0.030 4.56 260.0
2458691.74666 18.871 0.045 5.84 345.0
2458692.48506 18.978 0.051 5.38 425.0
2458692.57097 18.939 0.043 5.30 391.0
2458692.68533 18.852 0.034 4.43 327.0
2458693.48432 18.891 0.058 6.98 351.0
2458693.61902 18.801 0.043 6.42 282.0
2458693.76691 18.799 0.044 5.97 358.0
2458694.48771 18.860 0.035 4.50 344.0
2458694.56673 18.845 0.030 4.07 317.0
2458694.64625 18.909 0.033 4.53 266.0
2458695.48758 18.833 0.034 4.76 352.0
2458695.72337 18.882 0.030 4.23 284.0
2458695.77649 18.835 0.032 4.40 334.0
2458697.55606 18.781 0.052 7.57 315.0
2458698.48719 18.927 0.041 5.57 294.0
2458698.71720 18.840 0.031 3.94 281.0
2458698.76330 18.868 0.032 3.98 311.0
2458699.49013 18.920 0.039 4.64 360.0
2458699.71631 18.878 0.034 4.37 312.0
2458699.76265 18.897 0.035 4.25 312.0
2458700.48971 18.898 0.033 4.23 342.0
2458700.72698 18.945 0.041 4.81 336.0
2458700.76388 18.910 0.040 4.72 376.0
2458701.48983 18.855 0.039 5.05 345.0
2458701.64645 18.794 0.036 4.77 337.0
2458702.48986 18.804 0.043 5.83 342.0
2458702.60348 18.865 0.039 5.61 293.0
2458702.75695 18.952 0.041 5.03 324.0
2458703.49024 18.848 0.054 6.33 420.0
2458704.54709 18.886 0.062 6.62 540.0
2458704.67893 18.917 0.092 5.84 1166.0
2458708.59689 18.847 0.037 3.71 542.0
2458709.54998 18.965 0.066 3.80 1836.0
2458710.49061 18.942 0.056 5.33 584.0
2458711.48872 18.833 0.069 5.36 1099.0
2458711.60152 18.795 0.060 4.97 1013.0
2458711.72833 18.808 0.084 6.86 928.0
2458712.50541 18.879 0.069 7.08 541.0
2458712.62323 18.820 0.053 6.52 413.0
2458713.48989 18.823 0.049 6.80 338.0
2458713.61591 18.891 0.048 5.46 387.0
2458713.73145 18.854 0.055 6.18 456.0
2458714.49212 18.783 0.052 7.09 346.0
2458714.63120 18.933 0.051 4.85 941.0
2458715.50782 19.022 0.048 5.79 314.0
2458715.64735 18.918 0.035 4.63 310.0
2458716.50559 18.862 0.032 4.47 291.0
2458716.72505 18.902 0.040 4.43 425.0
2458717.49098 18.891 0.052 6.58 320.0
2458717.62786 18.802 0.046 6.83 311.0
2458718.50641 18.883 0.034 4.48 318.0
2458718.64257 18.854 0.033 4.61 304.0
2458719.48818 18.797 0.054 7.20 345.0
2458719.57931 18.842 0.036 4.91 323.0
2458719.68795 18.793 0.042 6.64 344.0
2458721.49821 18.873 0.038 5.65 295.0
2458721.68535 18.815 0.036 4.52 316.0
2458722.49299 18.853 0.035 4.68 334.0
2458722.69422 18.873 0.042 5.95 290.0
2458723.59850 18.901 0.041 5.17 375.0
2458723.63867 18.978 0.043 5.11 359.0
2458724.50240 18.787 0.036 5.32 319.0
2458724.63913 18.853 0.030 4.34 302.0
2458725.50661 18.907 0.043 5.22 383.0
2458725.59212 18.843 0.038 5.48 293.0
2458726.58050 18.933 0.045 6.13 284.0
2458726.63353 18.801 0.033 4.97 254.0
2458727.53066 18.828 0.047 6.22 339.0
2458727.61476 18.975 0.058 6.07 380.0
2458728.59557 18.848 0.036 5.00 330.0
2458728.63489 18.845 0.039 4.68 322.0
2458729.49632 18.861 0.044 5.81 308.0
2458729.63366 18.904 0.041 4.93 333.0
2458730.58070 18.917 0.047 6.20 310.0
2458730.62050 18.991 0.049 6.10 307.0
2458731.52995 19.012 0.066 7.57 333.0
2458731.59848 18.995 0.064 7.06 354.0
2458736.60746 18.809 0.064 6.74 556.0
2458737.61896 18.953 0.076 6.98 570.0
2458738.58797 18.905 0.062 5.76 582.0
2458739.50261 18.803 0.057 6.80 473.0
2458740.54591 18.925 0.060 6.31 492.0
2458741.59985 19.027 0.058 5.76 472.0
2458742.59839 18.915 0.055 5.52 490.0
2458746.58552 18.849 0.057 7.65 328.0
2458747.54266 18.799 0.046 6.86 291.0
2458748.58559 18.929 0.069 7.50 392.0
2458750.58417 18.773 0.043 5.95 355.0
2458752.58590 18.882 0.049 6.45 356.0
2458753.60128 18.797 0.052 6.53 374.0
2458754.58456 18.792 0.047 6.05 403.0
2458755.58738 18.900 0.040 4.31 356.0
2458757.57502 18.913 0.055 6.83 337.0
2458759.59936 18.782 0.059 6.96 422.0
2458763.56024 18.782 0.053 5.60 581.0
2458768.57420 18.866 0.065 5.86 643.0
2458782.54879 18.941 0.057 5.46 514.0
2458783.51675 18.940 0.053 5.59 436.0
2458783.55192 18.918 0.060 6.52 434.0
2458899.88882 18.952 0.053 6.26 434.0
2458900.89583 18.856 0.062 5.03 1072.0
2458901.89128 18.865 0.048 5.72 464.0
2458902.89126 18.757 0.036 4.88 397.0
2458903.88806 18.846 0.041 5.58 355.0
2458904.87769 18.887 0.038 5.35 276.0
2458905.87134 18.870 0.037 5.86 287.0
2458906.88519 18.768 0.034 5.43 308.0
2458907.88202 18.723 0.031 5.25 337.0
2458908.88434 18.852 0.041 6.07 332.0
2458911.83560 18.850 0.037 5.56 320.0
2458912.89628 18.877 0.043 6.30 374.0
2458914.88441 18.849 0.040 5.35 335.0
2458916.85760 18.935 0.048 5.29 440.0
2458918.81390 18.815 0.049 5.40 664.0
2458919.86285 19.007 0.055 6.06 496.0
2458920.91226 18.931 0.059 5.65 711.0
2458923.79316 18.889 0.082 5.58 1646.0
2459795.69143 18.700 0.040 6.28 315.0
2459796.63483 18.894 0.042 5.58 317.0
2459797.68289 18.776 0.043 5.96 392.0
2459804.48771 18.923 0.053 5.46 548.0
2459804.65812 18.806 0.060 6.58 564.0
2459805.62454 18.849 0.042 5.28 433.0
2459806.62975 18.794 0.054 7.04 421.0
2459807.58503 18.893 0.039 5.50 298.0
2459808.57191 18.877 0.042 5.83 286.0
2459809.61713 18.779 0.044 7.37 279.0
2459810.70704 18.793 0.035 5.42 294.0
2459812.48337 18.639 0.053 7.40 400.0
2459813.66640 18.763 0.044 6.90 286.0
2459814.60515 18.822 0.040 6.22 296.0
2459815.68769 18.891 0.042 5.46 335.0
2459816.69331 18.975 0.044 5.59 302.0
2459818.52178 18.967 0.073 8.23 381.0
2459819.66249 18.851 0.036 5.21 417.0
2459821.52467 18.834 0.041 5.97 314.0
2459822.59632 18.859 0.053 7.26 334.0
2459824.59647 18.849 0.053 6.32 484.0
2459830.65533 18.869 0.094 8.34 818.0
2459832.51686 18.975 0.069 6.57 605.0
2459834.59635 18.897 0.061 6.67 562.0
2459838.60600 18.892 0.049 6.21 387.0
2459841.51276 18.735 0.040 5.86 390.0
2459843.60168 18.944 0.060 6.99 387.0
2459845.53172 18.769 0.044 6.79 337.0
2459850.61846 18.770 0.049 7.17 408.0
2459852.61297 18.821 0.046 5.90 438.0
2459859.57580 18.863 0.052 5.52 682.0
2459863.51380 18.850 0.060 6.44 547.0
2459866.56029 18.803 0.046 5.12 603.0
2459988.88336 18.879 0.048 5.44 664.0
2459997.83346 18.780 0.043 5.31 438.0
2460001.84612 18.867 0.040 5.43 421.0
2460005.84386 18.897 0.045 5.86 437.0
2460009.82311 18.892 0.053 5.22 616.0
2460013.86149 18.731 0.040 6.09 443.0
2460021.78472 18.884 0.039 5.60 338.0
2460024.77676 18.910 0.034 4.21 368.0
2460026.85471 18.938 0.040 5.50 322.0
2460029.76304 18.957 0.043 6.06 313.0
2460031.83044 18.916 0.038 5.02 341.0
2460033.90541 18.811 0.034 4.92 332.0
2460036.80007 18.935 0.039 4.95 365.0
2460038.91140 18.787 0.030 4.64 303.0
2460041.76593 18.922 0.059 5.58 580.0
2460043.74503 18.926 0.047 4.64 702.0
2460048.90636 18.800 0.030 4.24 351.0
2460052.77891 18.775 0.035 5.49 325.0
2460054.90980 18.859 0.035 4.98 339.0
2460058.76212 18.796 0.039 5.70 358.0
2460060.75674 18.862 0.034 4.79 335.0
2460062.80348 18.892 0.031 4.55 310.0
2460066.71093 18.896 0.045 5.32 397.0
2460068.66484 18.741 0.053 6.05 637.0
2460069.89735 18.881 0.052 4.60 770.0
2460075.91381 18.798 0.047 4.76 784.0
2460085.64399 18.722 0.057 7.77 389.0
2460089.62166 18.807 0.048 5.71 467.0
2460091.63005 18.886 0.053 5.73 480.0
2460092.94452 18.911 0.084 6.28 1090.0
2460095.89177 18.927 0.048 4.90 441.0
2460097.60201 18.870 0.056 4.81 675.0
2460098.65402 18.878 0.074 5.84 943.0
2460098.79428 18.931 0.084 5.71 1140.0
2460098.84356 18.647 0.073 5.77 1433.0
2460105.56324 18.905 0.048 5.74 366.0
2460106.81144 18.758 0.041 5.81 371.0
2460108.68082 18.751 0.037 5.93 331.0
2460110.52862 18.839 0.054 6.03 569.0
2460111.75325 18.826 0.035 4.62 323.0
2460112.85597 18.816 0.041 4.92 440.0
2460114.78071 18.792 0.061 7.40 435.0
2460118.85327 18.840 0.043 5.27 424.0
2460120.73192 18.839 0.037 5.49 293.0
2460122.66836 18.872 0.047 5.92 344.0
2460124.51268 18.785 0.064 6.18 630.0
2460125.69476 18.874 0.060 6.00 599.0
2460130.63204 18.776 0.056 5.98 684.0
2460132.60003 18.918 0.061 6.40 576.0
2460134.68283 18.947 0.047 5.85 358.0
2460140.50126 18.896 0.055 6.59 368.0
2460141.77638 18.834 0.043 5.88 366.0
2460143.81545 18.865 0.045 6.14 356.0
2460149.67392 18.814 0.037 5.20 308.0
2460157.73018 18.909 0.055 4.28 1034.0
2460159.67402 18.933 0.057 5.81 531.0
2460161.65492 18.805 0.045 5.79 389.0
2460168.58485 18.965 0.045 5.45 342.0
2460170.58230 18.769 0.033 5.11 278.0
2460172.64687 18.826 0.043 6.03 360.0
2460177.66724 18.957 0.050 6.12 343.0
2460180.53487 18.768 0.045 5.85 455.0
2460186.54121 18.905 0.061 5.62 656.0
2460191.64362 18.775 0.068 7.51 550.0
2460202.53548 18.814 0.039 5.19 344.0
2460204.61919 18.835 0.049 6.03 422.0
2460212.62407 18.938 0.072 6.35 734.0
2460218.56033 18.838 0.067 7.24 529.0
2460225.58637 18.868 0.060 6.67 504.0
2460229.55755 18.882 0.068 7.11 504.0
2460243.52246 18.847 0.063 5.70 705.0
2460353.88985 18.857 0.074 6.72 776.0
2460365.87146 18.783 0.061 6.57 617.0
2460371.85307 18.756 0.041 4.79 507.0
2460378.84756 18.854 0.039 4.94 374.0
2460381.86969 18.865 0.042 4.99 377.0
2460384.86619 18.813 0.040 5.27 410.0
2460387.83095 18.762 0.038 5.16 407.0
2460390.89045 18.778 0.035 4.78 394.0
2460393.81775 18.696 0.041 5.44 500.0
2460395.88692 18.684 0.037 4.51 543.0
2460398.81134 18.592 0.035 4.83 592.0
2460404.75122 18.654 0.040 6.28 369.0
2460406.87908 18.447 0.036 6.34 408.0
2460410.86963 18.149 0.022 5.43 436.0
2460417.81328 17.396 0.013 5.31 390.0
2460420.82829 17.144 0.011 5.83 363.0
2460424.92683 17.576 0.020 5.32 735.0
2460432.64074 18.294 0.035 6.41 553.0
2460432.86809 18.335 0.029 5.31 472.0
2460434.90007 18.451 0.035 5.55 473.0
2460436.90009 18.486 0.032 5.29 445.0
2460440.84155 18.581 0.051 7.40 470.0
2460443.89050 18.765 0.047 5.92 442.0
2460449.71050 18.734 0.039 5.90 370.0
2460458.65244 18.825 0.041 5.02 492.0
2460460.64943 18.870 0.038 4.65 361.0
2460462.89969 18.874 0.046 5.48 434.0
2460464.66385 18.872 0.035 4.80 427.0
2460466.89233 18.882 0.049 5.65 490.0
2460468.86860 18.680 0.043 5.92 435.0
2460476.65821 18.789 0.042 5.77 380.0
2460478.68415 18.825 0.055 6.65 452.0
2460480.61790 18.928 0.052 4.93 630.0
2460486.56563 18.886 0.060 6.05 534.0
2460488.66073 18.867 0.050 6.43 386.0
2460491.52865 18.842 0.039 5.35 331.0
2460492.81880 18.876 0.039 4.84 363.0
2460494.70174 18.822 0.060 8.14 330.0
2460497.49526 18.758 0.055 6.75 466.0
2460498.78663 18.862 0.039 4.99 352.0
2460500.76269 18.801 0.042 5.86 349.0
2460502.65759 18.870 0.047 6.41 345.0
2460504.63245 18.959 0.043 5.67 300.0
2460506.56942 18.848 0.036 5.08 368.0
2460513.68081 18.776 0.076 7.29 736.0
2460516.72078 18.866 0.046 5.91 384.0
2460518.74021 18.815 0.045 5.90 386.0
2460521.71464 18.894 0.040 5.30 316.0
2460530.68958 18.852 0.049 6.52 351.0
2460534.50695 18.834 0.041 5.51 357.0
2460542.66357 18.864 0.071 6.68 707.0
2460545.67389 18.929 0.058 6.60 423.0
2460550.64043 18.857 0.058 7.56 358.0
2460556.57786 18.891 0.051 6.17 379.0
2460559.62657 18.913 0.046 4.97 508.0
2460562.49309 18.850 0.056 6.31 539.0
2460569.52305 18.852 0.064 6.81 587.0
2460573.47742 18.964 0.106 6.27 1484.0
2460576.55967 18.927 0.063 7.09 401.0
2460581.55619 18.838 0.046 5.60 392.0
2460586.48247 18.610 0.084 7.15 1163.0
2460595.49961 18.821 0.070 7.07 709.0
2460596.51706 18.966 0.090 6.20 1102.0
2460597.52951 18.823 0.057 5.88 715.0
2460598.50153 18.933 0.065 5.95 678.0
2460599.50459 18.886 0.046 4.63 656.0
2460600.50358 18.863 0.055 5.33 781.0
2460601.51706 18.875 0.065 6.27 781.0
2460610.52796 18.986 0.061 5.74 576.0
2460717.88579 18.932 0.072 6.85 619.0
2460724.88803 19.046 0.085 7.44 568.0
2460726.83618 18.805 0.050 5.68 542.0
2460735.83702 18.836 0.046 6.20 387.0
2460738.83191 18.735 0.042 6.02 377.0
2460741.82503 18.763 0.043 6.03 369.0
2460743.86611 18.831 0.039 5.11 356.0
2460745.90418 18.887 0.040 4.43 534.0
2460748.89821 18.913 0.054 5.24 624.0
2460751.81418 18.759 0.045 5.54 531.0
2460753.78605 18.787 0.054 5.82 645.0
2460759.90056 18.825 0.044 6.03 392.0
2460762.91728 18.866 0.047 4.56 683.0
2460764.91993 18.939 0.085 4.95 1605.0
2460767.76872 18.898 0.043 5.73 361.0
2460769.76305 18.820 0.043 5.54 412.0
2460771.79734 18.788 0.048 6.68 348.0
2460773.74640 18.782 0.044 5.94 435.0
