2457798.87896 18.394 0.032 4.55 563.0
2457803.85962 18.358 0.040 4.39 1276.0
2457813.81992 18.318 0.031 5.03 538.0
2457816.87825 18.339 0.025 4.58 381.0
2457819.81081 18.464 0.031 5.06 410.0
2457821.87806 18.338 0.032 5.31 461.0
2457824.82413 18.292 0.041 6.41 688.0
2457826.83544 18.336 0.033 4.83 652.0
2457828.85276 18.344 0.028 4.35 537.0
2457830.89962 18.361 0.042 4.64 1271.0
2457836.76605 18.410 0.041 7.07 405.0
2457838.75773 18.325 0.030 5.55 417.0
2457840.76453 18.331 0.029 5.52 357.0
2457842.73964 18.381 0.033 6.23 360.0
2457843.88977 18.375 0.028 5.77 297.0
2457845.83237 18.353 0.024 4.65 320.0
2457847.77355 18.340 0.027 5.03 343.0
2457848.92339 18.349 0.031 4.81 594.0
2457850.82830 18.363 0.026 4.83 355.0
2457852.84359 18.328 0.039 7.23 411.0
2457854.89051 18.351 0.031 4.84 535.0
2457856.80953 18.292 0.038 6.06 596.0
2457858.80084 18.325 0.029 4.51 577.0
2457864.71907 18.342 0.022 4.30 336.0
2457867.72328 18.328 0.023 4.28 349.0
2457868.92620 18.386 0.041 6.53 436.0
2457870.80005 18.313 0.021 4.18 314.0
2457872.67414 18.419 0.026 4.19 390.0
2457873.79991 18.344 0.020 3.64 316.0
2457874.89172 18.404 0.025 3.97 428.0
2457876.80125 18.335 0.023 3.97 382.0
2457877.88742 18.383 0.028 4.17 499.0
2457879.74608 18.313 0.040 6.50 521.0
2457880.92145 18.336 0.046 7.06 512.0
2457882.86316 18.448 0.041 5.37 652.0
2457893.63598 18.378 0.043 7.32 447.0
2457894.63108 18.399 0.035 6.01 474.0
2457895.64523 18.426 0.029 5.03 527.0
2457901.78307 18.282 0.025 4.87 452.0
2457902.90659 18.388 0.048 7.04 558.0
2457904.65736 18.365 0.032 5.99 348.0
2457905.62423 18.329 0.026 4.84 377.0
2457906.58787 18.373 0.034 5.65 507.0
2457907.60986 18.324 0.031 4.83 667.0
2457908.68279 18.336 0.026 4.34 456.0
2457909.61492 18.335 0.031 4.59 589.0
2457910.87990 18.300 0.027 4.32 631.0
2457911.76220 18.290 0.046 6.78 671.0
2457916.78251 18.312 0.027 3.68 699.0
2457917.77428 18.361 0.031 4.67 549.0
2457923.65753 18.380 0.034 6.00 390.0
2457924.61913 18.343 0.025 4.30 364.0
2457925.64313 18.375 0.023 4.53 324.0
2457926.71171 18.303 0.028 5.56 370.0
2457932.69922 18.312 0.037 6.77 379.0
2457933.68109 18.326 0.033 6.86 295.0
2457935.71561 18.356 0.026 4.58 313.0
2457936.71237 18.331 0.026 5.05 321.0
2457937.67659 18.321 0.031 5.70 393.0
2457944.50153 18.432 0.041 5.15 770.0
2457944.80514 18.357 0.050 6.53 819.0
2457945.72474 18.333 0.024 3.90 467.0
2457946.68552 18.400 0.028 4.43 406.0
2457947.74817 18.277 0.037 6.93 435.0
2457948.74662 18.318 0.026 4.58 451.0
2457952.67694 18.363 0.027 4.57 335.0
2457953.70050 18.384 0.025 4.94 279.0
2457954.73390 18.346 0.023 4.50 385.0
2457956.70453 18.351 0.027 4.92 337.0
2457958.64111 18.312 0.030 6.03 325.0
2457959.66719 18.355 0.021 4.06 288.0
2457960.70697 18.354 0.024 4.91 333.0
2457961.78173 18.282 0.041 7.78 568.0
2457964.67713 18.301 0.029 5.05 450.0
2457966.61878 18.383 0.038 6.61 362.0
2457972.56972 18.342 0.046 6.63 647.0
2457973.71042 18.317 0.050 6.99 788.0
2457975.62992 18.416 0.049 6.97 583.0
2457980.61336 18.317 0.037 6.07 479.0
2457982.57545 18.342 0.027 4.52 361.0
2457984.52678 18.372 0.037 6.35 368.0
2457986.56631 18.382 0.022 3.96 325.0
2457990.53820 18.400 0.033 5.29 425.0
2457992.51566 18.378 0.028 4.82 398.0
2457994.49530 18.305 0.045 5.45 1019.0
2457998.61992 18.373 0.036 4.92 677.0
2458001.60863 18.335 0.031 4.92 592.0
2458004.61167 18.349 0.038 6.00 537.0
2458011.54434 18.307 0.042 7.09 454.0
2458014.57271 18.319 0.029 5.03 441.0
2458018.50961 18.353 0.031 5.59 424.0
2458165.86905 18.400 0.028 4.45 473.0
2458170.84006 18.363 0.027 4.46 441.0
2458173.88199 18.359 0.024 3.70 459.0
2458181.82380 18.359 0.032 4.50 700.0
2458184.86379 18.362 0.033 4.62 618.0
2458190.82789 18.342 0.025 4.74 354.0
2458193.79044 18.341 0.027 5.28 359.0
2458195.85194 18.337 0.026 4.71 365.0
2458197.89020 18.372 0.022 3.53 365.0
2458200.77234 18.351 0.031 5.61 446.0
2458202.76602 18.364 0.027 4.52 453.0
2458204.74323 18.370 0.043 6.80 588.0
2458206.74305 18.414 0.035 5.15 636.0
2458207.87660 18.316 0.022 3.63 425.0
2458209.82424 18.345 0.026 3.83 560.0
2458211.74369 18.366 0.046 6.36 707.0
2458212.84335 18.357 0.033 3.36 1234.0
2458220.81101 18.382 0.024 4.78 302.0
2458222.75078 18.298 0.021 4.25 331.0
2458224.74524 18.299 0.027 4.81 404.0
2458227.70034 18.341 0.029 5.32 389.0
2458228.89470 18.324 0.019 3.40 314.0
2458230.76548 18.362 0.025 4.77 350.0
2458235.72598 18.297 0.032 5.19 555.0
2458238.85083 18.392 0.034 4.22 783.0
2458245.77425 18.361 0.038 5.77 526.0
2458246.87685 18.434 0.031 4.55 528.0
2458247.92200 18.336 0.041 6.38 539.0
2458249.88835 18.345 0.033 5.52 494.0
2458251.62778 18.399 0.033 6.98 261.0
2458252.89766 18.396 0.036 5.62 469.0
2458254.69069 18.335 0.022 4.23 352.0
2458255.76638 18.335 0.023 4.37 351.0
2458256.81022 18.402 0.035 5.67 448.0
2458257.86188 18.390 0.029 4.91 411.0
2458259.70758 18.317 0.025 4.59 425.0
2458260.91895 18.319 0.029 4.62 611.0
2458262.72843 18.393 0.024 4.32 345.0
2458263.78321 18.358 0.023 3.76 419.0
2458264.91013 18.407 0.033 5.01 595.0
2458266.68329 18.352 0.041 5.70 705.0
2458271.82669 18.297 0.048 5.41 1289.0
2458272.92241 18.346 0.033 4.83 606.0
2458273.88816 18.365 0.028 4.47 465.0
2458274.88269 18.398 0.038 5.68 648.0
2458275.89429 18.308 0.031 4.80 588.0
2458276.87998 18.337 0.037 6.03 517.0
2458278.55246 18.379 0.031 5.39 479.0
2458282.69248 18.328 0.020 3.91 281.0
2458283.68416 18.407 0.031 6.07 340.0
2458284.64564 18.333 0.024 4.51 352.0
2458285.78846 18.385 0.027 4.57 349.0
2458286.89774 18.338 0.029 4.90 440.0
2458288.52998 18.315 0.030 5.47 428.0
2458289.54149 18.407 0.029 4.87 440.0
2458290.55439 18.271 0.027 4.58 482.0
2458291.59760 18.403 0.033 4.46 761.0
2458292.60480 18.389 0.031 4.94 430.0
2458293.61423 18.359 0.035 5.52 498.0
2458294.69959 18.343 0.051 7.19 769.0
2458294.82962 18.286 0.050 6.88 901.0
2458301.75686 18.414 0.049 7.00 612.0
2458304.67089 18.371 0.037 6.53 419.0
2458305.77371 18.338 0.045 7.72 402.0
2458307.47966 18.352 0.031 5.13 501.0
2458308.47074 18.358 0.037 6.14 529.0
2458308.81789 18.385 0.040 6.75 457.0
2458309.80074 18.398 0.030 5.38 400.0
2458310.69504 18.394 0.025 4.63 351.0
2458311.67423 18.347 0.023 4.40 308.0
2458312.68236 18.393 0.023 4.17 302.0
2458313.67567 18.335 0.021 3.80 321.0
2458314.67316 18.338 0.022 3.76 356.0
2458316.66704 18.318 0.031 5.87 351.0
2458320.71665 18.346 0.025 4.51 361.0
2458328.58494 18.359 0.030 4.60 553.0
2458329.64016 18.371 0.032 5.08 505.0
2458331.54515 18.335 0.023 4.30 332.0
2458332.66969 18.334 0.029 4.86 455.0
2458334.57085 18.389 0.027 4.86 407.0
2458336.57373 18.351 0.024 4.58 300.0
2458339.47561 18.380 0.028 4.80 454.0
2458340.73102 18.331 0.026 5.11 326.0
2458342.65428 18.307 0.030 5.49 371.0
2458345.54187 18.366 0.031 4.21 442.0
2458347.50893 18.326 0.021 4.37 319.0
2458355.56343 18.412 0.031 4.62 505.0
2458357.67523 18.317 0.031 4.33 612.0
2458359.68558 18.317 0.036 5.60 604.0
2458363.67190 18.350 0.026 5.32 308.0
2458367.52519 18.433 0.030 4.62 378.0
2458369.61274 18.366 0.026 4.62 372.0
2458372.52006 18.351 0.031 5.25 389.0
2458376.50233 18.416 0.040 6.58 423.0
2458381.50492 18.342 0.050 5.25 1226.0
2458383.53530 18.394 0.035 4.84 618.0
2458385.52559 18.328 0.022 3.05 583.0
2458392.49277 18.365 0.042 6.98 419.0
2458394.50797 18.444 0.041 5.98 440.0
2458397.54938 18.312 0.030 6.07 380.0
2458409.51356 18.322 0.051 7.15 705.0
2458412.52759 18.404 0.045 5.46 713.0
2458414.53187 18.318 0.051 6.38 820.0
2458418.50532 18.438 0.054 6.79 654.0
2458425.50882 18.291 0.040 5.88 663.0
2458516.88045 18.463 0.049 5.13 1215.0
2458518.87806 18.396 0.042 5.52 840.0
2458519.87237 18.316 0.032 5.25 600.0
2458521.86897 18.363 0.028 4.80 476.0
2458522.86843 18.344 0.028 5.31 448.0
2458523.86802 18.367 0.030 5.28 426.0
2458524.87409 18.375 0.038 6.54 493.0
2458524.88355 18.462 0.042 5.58 627.0
2458526.85733 18.384 0.039 6.82 422.0
2458526.88764 18.311 0.047 6.64 807.0
2458528.86080 18.357 0.037 6.04 520.0
2458529.85285 18.347 0.032 5.65 469.0
2458530.86287 18.388 0.027 4.81 398.0
2458530.88109 18.306 0.024 4.20 429.0
2458531.85398 18.413 0.036 5.87 454.0
2458531.88620 18.301 0.036 5.86 546.0
2458532.84872 18.325 0.037 5.34 718.0
2458533.85841 18.437 0.031 4.23 715.0
2458534.84463 18.462 0.034 4.19 720.0
2458534.85560 18.357 0.031 4.34 676.0
2458534.89487 18.384 0.045 4.99 1151.0
2458535.85737 18.271 0.038 6.13 618.0
2458536.86226 18.390 0.032 4.80 604.0
2458537.84914 18.445 0.039 5.73 525.0
2458538.87980 18.386 0.029 4.86 503.0
2458539.85963 18.435 0.030 4.51 537.0
2458539.89987 18.417 0.039 4.91 862.0
2458540.88088 18.390 0.047 4.52 1395.0
2458544.82891 18.344 0.021 4.04 361.0
2458544.83340 18.423 0.023 4.12 362.0
2458544.87034 18.340 0.022 4.38 346.0
2458546.83807 18.315 0.025 4.72 379.0
2458546.88581 18.388 0.026 4.89 365.0
2458547.83866 18.382 0.028 5.27 383.0
2458547.88536 18.374 0.025 4.34 359.0
2458548.84190 18.294 0.022 3.83 443.0
2458548.88772 18.320 0.022 3.67 457.0
2458549.82573 18.360 0.030 5.50 371.0
2458549.87423 18.310 0.025 5.16 377.0
2458550.83746 18.373 0.022 4.00 357.0
2458550.87698 18.426 0.025 4.55 363.0
2458551.83507 18.316 0.036 7.27 374.0
2458551.87440 18.393 0.033 6.09 356.0
2458552.85475 18.314 0.033 6.53 358.0
2458552.89412 18.374 0.035 6.77 346.0
2458553.81559 18.406 0.036 6.54 390.0
2458553.87007 18.311 0.033 6.49 382.0
2458554.79395 18.346 0.039 7.25 409.0
2458554.83595 18.328 0.026 4.96 394.0
2458554.87587 18.408 0.028 5.24 362.0
2458555.79532 18.314 0.025 4.51 428.0
2458555.83522 18.351 0.024 4.69 379.0
2458556.79376 18.309 0.027 5.07 372.0
2458556.83381 18.317 0.023 4.38 356.0
2458556.88256 18.293 0.024 4.96 365.0
2458557.79242 18.399 0.032 5.63 378.0
2458557.83824 18.332 0.025 4.57 361.0
2458557.87817 18.323 0.024 4.57 361.0
2458558.79007 18.283 0.030 5.58 401.0
2458558.82965 18.329 0.028 5.32 381.0
2458558.86924 18.339 0.025 4.97 365.0
2458559.77242 18.303 0.032 5.90 478.0
2458559.81185 18.432 0.029 5.10 382.0
2458559.85205 18.335 0.021 3.98 348.0
2458559.90068 18.375 0.025 4.64 371.0
2458560.79782 18.405 0.025 4.07 506.0
2458560.83756 18.339 0.023 4.34 372.0
2458560.88496 18.372 0.023 3.97 389.0
2458561.76935 18.353 0.031 4.94 607.0
2458561.81693 18.336 0.025 4.04 506.0
2458561.86752 18.315 0.030 5.32 448.0
2458562.76535 18.393 0.039 5.61 693.0
2458562.80323 18.262 0.032 5.20 647.0
2458562.85885 18.319 0.031 4.84 593.0
2458562.89909 18.433 0.037 5.60 548.0
2458563.78026 18.341 0.036 5.13 793.0
2458563.83699 18.419 0.032 4.41 648.0
2458563.87681 18.354 0.029 4.18 609.0
2458563.91687 18.362 0.040 4.08 1381.0
2458564.80996 18.355 0.026 4.08 576.0
2458564.85177 18.341 0.025 3.88 551.0
2458564.89225 18.326 0.027 4.44 559.0
2458565.78127 18.408 0.031 4.40 672.0
2458565.83666 18.337 0.029 4.38 605.0
2458565.88921 18.378 0.027 4.16 540.0
2458566.77362 18.337 0.027 4.00 665.0
2458566.82214 18.378 0.028 4.43 602.0
2458566.87175 18.347 0.026 3.93 539.0
2458567.76425 18.373 0.028 3.83 714.0
2458567.79970 18.344 0.028 4.36 627.0
2458567.83197 18.325 0.027 4.17 604.0
2458567.87258 18.305 0.037 4.61 983.0
2458567.91823 18.369 0.041 4.10 1197.0
2458572.85232 18.307 0.026 5.18 449.0
2458572.85694 18.403 0.025 5.02 340.0
2458573.88242 18.302 0.031 5.84 390.0
2458573.92314 18.410 0.042 5.77 679.0
2458574.82518 18.398 0.043 7.64 356.0
2458574.87125 18.377 0.029 5.65 334.0
2458574.91365 18.324 0.027 5.73 360.0
2458575.75444 18.323 0.031 6.00 383.0
2458575.80165 18.372 0.033 6.31 360.0
2458575.84043 18.330 0.030 5.83 354.0
2458575.87957 18.334 0.028 5.57 364.0
2458576.72281 18.465 0.044 7.39 390.0
2458576.80401 18.362 0.034 6.67 373.0
2458576.84277 18.329 0.029 6.03 358.0
2458576.88988 18.350 0.036 7.45 338.0
2458577.71641 18.336 0.042 7.43 461.0
2458577.79842 18.435 0.039 6.24 437.0
2458577.85088 18.365 0.039 7.05 428.0
2458577.91306 18.314 0.041 7.18 481.0
2458578.73696 18.322 0.028 5.34 410.0
2458578.78395 18.358 0.027 5.08 381.0
2458578.82401 18.339 0.026 4.88 403.0
2458578.88121 18.311 0.026 5.08 398.0
2458579.71101 18.364 0.038 6.41 511.0
2458579.75094 18.316 0.025 4.49 428.0
2458579.78882 18.295 0.037 6.57 463.0
2458579.83426 18.376 0.033 5.32 501.0
2458579.88781 18.292 0.029 5.03 474.0
2458580.71546 18.289 0.030 5.46 450.0
2458580.74959 18.311 0.025 4.80 387.0
2458580.80259 18.324 0.027 5.45 382.0
2458580.84204 18.343 0.030 5.97 405.0
2458580.89151 18.324 0.026 4.77 419.0
2458581.72334 18.364 0.025 4.55 413.0
2458581.76870 18.334 0.023 4.67 369.0
2458581.81557 18.366 0.025 4.62 360.0
2458581.89217 18.336 0.027 5.02 430.0
2458582.71515 18.411 0.029 5.53 361.0
2458582.75476 18.384 0.030 5.50 367.0
2458582.80579 18.362 0.028 5.44 380.0
2458582.87453 18.397 0.027 4.82 405.0
2458582.92662 18.468 0.049 3.73 1914.0
2458583.73804 18.381 0.027 5.19 382.0
2458583.78527 18.365 0.026 5.31 369.0
2458583.83516 18.365 0.025 4.97 391.0
2458583.91207 18.307 0.024 4.48 467.0
2458584.73315 18.294 0.026 5.16 391.0
2458584.78061 18.355 0.024 4.68 345.0
2458584.84639 18.372 0.022 4.43 324.0
2458585.69900 18.369 0.029 5.10 423.0
2458585.73634 18.392 0.028 5.21 379.0
2458585.79523 18.356 0.023 4.74 367.0
2458585.84455 18.336 0.020 3.92 347.0
2458585.90903 18.343 0.021 3.55 387.0
2458586.71630 18.360 0.026 5.21 371.0
2458586.76454 18.369 0.023 4.30 334.0
2458586.81033 18.397 0.024 4.28 322.0
2458586.89144 18.325 0.022 4.30 333.0
2458587.69461 18.256 0.037 6.79 515.0
2458587.72943 18.305 0.029 5.51 446.0
2458587.78797 18.325 0.028 5.61 368.0
2458587.83873 18.361 0.030 5.45 393.0
2458587.91787 18.341 0.026 4.40 439.0
2458588.72835 18.437 0.028 5.00 438.0
2458588.78313 18.382 0.021 3.85 347.0
2458588.83099 18.366 0.019 3.52 318.0
2458588.91389 18.313 0.022 4.08 389.0
2458589.70337 18.371 0.028 4.05 607.0
2458589.74665 18.369 0.027 4.20 535.0
2458589.80393 18.350 0.027 4.50 462.0
2458589.87238 18.394 0.026 3.95 368.0
2458589.92362 18.350 0.026 3.79 562.0
2458590.72505 18.358 0.028 4.63 591.0
2458590.77395 18.396 0.025 4.04 524.0
2458590.82077 18.355 0.022 3.58 492.0
2458590.90213 18.386 0.023 3.63 417.0
2458591.71163 18.335 0.030 4.76 706.0
2458591.75593 18.355 0.030 4.66 632.0
2458591.82298 18.382 0.024 3.72 565.0
2458591.88608 18.337 0.029 3.76 822.0
2458592.79365 18.321 0.037 5.56 729.0
2458592.84826 18.414 0.035 5.08 692.0
2458592.88791 18.330 0.035 3.83 1174.0
2458593.73012 18.337 0.045 5.15 1387.0
2458593.79642 18.347 0.040 5.33 1028.0
2458593.87527 18.375 0.039 3.87 1472.0
2458594.67678 18.302 0.038 5.00 988.0
2458594.71396 18.324 0.037 4.94 853.0
2458594.76255 18.413 0.033 4.68 684.0
2458594.82818 18.367 0.031 4.18 794.0
2458594.87729 18.328 0.031 4.31 744.0
2458594.93003 18.416 0.037 4.01 1004.0
2458599.68406 18.369 0.042 6.43 612.0
2458599.73350 18.375 0.033 5.64 464.0
2458599.79001 18.292 0.028 5.59 416.0
2458599.87229 18.337 0.023 4.08 409.0
2458599.92366 18.331 0.027 4.69 439.0
2458600.69109 18.438 0.030 5.05 389.0
2458600.84326 18.421 0.025 4.30 429.0
2458601.67120 18.390 0.024 4.34 382.0
2458601.76920 18.380 0.026 4.64 424.0
2458602.66910 18.384 0.024 4.33 372.0
2458602.75245 18.381 0.022 4.19 334.0
2458602.91963 18.313 0.022 3.58 412.0
2458603.70184 18.375 0.030 5.49 359.0
2458603.86091 18.407 0.024 4.06 357.0
2458604.70670 18.300 0.038 7.28 402.0
2458604.71550 18.355 0.036 6.86 393.0
2458604.73307 18.360 0.034 6.36 399.0
2458604.85371 18.355 0.029 5.18 370.0
2458605.67246 18.343 0.037 7.00 408.0
2458605.79559 18.405 0.031 5.22 389.0
2458606.67084 18.360 0.024 4.16 389.0
2458606.74306 18.334 0.021 3.94 332.0
2458606.89415 18.357 0.022 3.90 389.0
2458607.68749 18.380 0.027 4.82 394.0
2458607.82441 18.320 0.023 4.12 400.0
2458608.65394 18.368 0.034 4.85 659.0
2458608.78482 18.376 0.025 4.37 425.0
2458608.92979 18.366 0.026 4.05 516.0
2458612.75942 18.289 0.030 5.79 337.0
2458612.90163 18.278 0.034 6.24 445.0
2458613.66161 18.352 0.033 5.88 405.0
2458613.79858 18.324 0.021 3.65 363.0
2458613.93658 18.319 0.032 4.67 698.0
2458614.69624 18.326 0.039 6.92 452.0
2458614.85384 18.338 0.032 5.06 505.0
2458615.66691 18.272 0.032 6.21 438.0
2458615.78769 18.385 0.024 4.27 346.0
2458616.63775 18.326 0.029 5.09 500.0
2458616.71326 18.318 0.021 3.97 413.0
2458616.86140 18.331 0.021 3.38 423.0
2458617.65533 18.414 0.030 4.79 469.0
2458617.75643 18.368 0.022 3.96 407.0
2458618.62703 18.414 0.037 5.89 566.0
2458618.70730 18.350 0.045 7.24 532.0
2458618.85914 18.292 0.029 4.81 558.0
2458619.64537 18.310 0.035 5.87 553.0
2458619.74632 18.400 0.033 5.31 476.0
2458620.62762 18.361 0.047 7.04 663.0
2458620.69610 18.274 0.034 6.06 529.0
2458620.86875 18.419 0.031 4.55 544.0
2458621.85140 18.356 0.038 4.69 833.0
2458626.61913 18.301 0.064 7.41 1158.0
2458626.66860 18.315 0.048 7.45 611.0
2458626.71889 18.256 0.054 6.13 1287.0
2458626.77637 18.351 0.033 4.69 607.0
2458626.83420 18.329 0.035 5.34 625.0
2458626.88436 18.307 0.032 4.73 674.0
2458626.93409 18.305 0.036 4.82 817.0
2458627.66112 18.393 0.030 4.48 902.0
2458627.72367 18.330 0.023 4.08 440.0
2458635.64506 18.349 0.026 4.93 348.0
2458635.73657 18.332 0.024 4.56 337.0
2458635.87441 18.380 0.037 6.21 469.0
2458636.58406 18.385 0.029 5.29 394.0
2458636.68642 18.360 0.027 5.11 351.0
2458636.83169 18.334 0.022 4.02 343.0
2458637.57786 18.335 0.026 4.60 449.0
2458637.64560 18.345 0.023 4.86 301.0
2458637.79356 18.383 0.022 3.76 388.0
2458637.91525 18.327 0.028 4.69 508.0
2458638.69601 18.344 0.022 4.70 320.0
2458638.88911 18.413 0.031 4.90 507.0
2458639.69779 18.351 0.020 3.73 385.0
2458640.56745 18.392 0.034 5.93 438.0
2458640.64898 18.342 0.025 4.82 368.0
2458640.80357 18.324 0.026 4.52 381.0
2458641.58713 18.302 0.032 5.99 482.0
2458641.70001 18.341 0.022 4.56 373.0
2458642.83069 18.373 0.032 5.09 466.0
2458643.66956 18.323 0.021 3.83 358.0
2458644.55008 18.407 0.040 6.17 527.0
2458644.77524 18.392 0.027 4.57 396.0
2458646.61124 18.308 0.037 6.95 409.0
2458646.84699 18.345 0.037 6.71 449.0
2458647.74001 18.350 0.035 5.63 480.0
2458648.66022 18.293 0.032 5.38 555.0
2458649.58351 18.368 0.055 6.63 949.0
2458655.53274 18.387 0.028 5.47 505.0
2458656.62223 18.322 0.033 5.41 717.0
2458656.86645 18.372 0.033 5.33 565.0
2458657.73535 18.321 0.022 3.99 326.0
2458660.52851 18.362 0.036 6.58 381.0
2458660.78108 18.370 0.024 4.13 375.0
2458661.61885 18.333 0.025 5.00 312.0
2458662.66210 18.380 0.030 6.19 301.0
2458664.62274 18.334 0.021 4.49 249.0
2458665.57415 18.317 0.035 6.92 435.0
2458666.60646 18.304 0.031 6.01 362.0
2458667.52642 18.322 0.035 5.79 532.0
2458667.73532 18.312 0.022 4.54 296.0
2458668.56640 18.295 0.034 6.98 345.0
2458668.82942 18.373 0.028 5.63 333.0
2458669.61493 18.321 0.025 4.84 388.0
2458670.48983 18.350 0.028 5.42 446.0
2458670.69968 18.366 0.019 3.84 255.0
2458673.58095 18.305 0.028 5.01 427.0
2458674.57257 18.407 0.031 5.51 355.0
2458674.79887 18.321 0.038 6.65 456.0
2458675.65490 18.308 0.026 4.37 448.0
2458676.51912 18.313 0.031 5.31 522.0
2458676.76822 18.347 0.031 4.78 556.0
2458681.52763 18.450 0.052 5.53 1008.0
2458681.75667 18.351 0.048 5.75 990.0
2458682.49354 18.298 0.038 5.72 709.0
2458682.78148 18.417 0.041 5.32 738.0
2458683.52977 18.359 0.036 5.80 506.0
2458683.78972 18.315 0.037 5.83 555.0
2458684.53368 18.313 0.027 5.01 392.0
2458685.50845 18.425 0.035 5.80 393.0
2458688.55975 18.399 0.036 6.32 375.0
2458689.50559 18.328 0.037 6.83 419.0
2458689.70130 18.358 0.026 5.60 296.0
2458690.49257 18.321 0.031 5.50 423.0
2458690.58703 18.271 0.026 5.25 361.0
2458691.51946 18.381 0.021 4.19 307.0
2458691.78181 18.296 0.026 4.89 392.0
2458692.52445 18.420 0.032 5.57 417.0
2458692.77291 18.362 0.039 6.63 472.0
2458693.52369 18.431 0.039 7.04 333.0
2458694.49672 18.381 0.027 4.89 374.0
2458694.65374 18.332 0.020 3.62 284.0
2458695.49512 18.362 0.026 5.11 373.0
2458695.73087 18.346 0.021 4.11 327.0
2458697.76179 18.378 0.033 6.59 319.0
2458698.52868 18.319 0.027 5.41 324.0
2458699.67647 18.334 0.021 4.00 305.0
2458700.58644 18.350 0.023 4.34 335.0
2458701.65998 18.315 0.026 4.70 360.0
2458702.61556 18.318 0.024 4.76 329.0
2458702.74903 18.348 0.027 4.99 364.0
2458710.49810 18.308 0.031 4.71 656.0
2458711.68899 18.321 0.064 7.63 989.0
2458712.66057 18.313 0.042 7.09 511.0
2458713.69068 18.319 0.032 5.30 492.0
2458715.65935 18.299 0.025 4.78 357.0
2458716.68590 18.330 0.026 4.67 390.0
2458717.70364 18.246 0.035 7.01 386.0
2458718.71393 18.326 0.031 5.29 481.0
2458719.64559 18.358 0.028 5.41 364.0
2458722.50109 18.400 0.025 4.53 361.0
2458723.67744 18.303 0.028 5.37 406.0
2458724.67915 18.433 0.030 5.41 384.0
2458725.68051 18.412 0.027 5.32 319.0
2458726.67054 18.379 0.024 4.37 306.0
2458727.65738 18.347 0.041 6.82 418.0
2458728.67049 18.270 0.025 4.55 371.0
2458729.67543 18.402 0.033 6.09 375.0
2458730.65764 18.350 0.030 5.66 336.0
2458736.61682 18.327 0.037 5.53 650.0
2458738.63199 18.386 0.047 6.27 763.0
2458739.63240 18.374 0.041 5.67 663.0
2458740.59116 18.420 0.054 7.26 604.0
2458741.63838 18.453 0.044 6.08 607.0
2458742.63249 18.343 0.039 5.91 604.0
2458747.55301 18.273 0.034 6.94 339.0
2458750.59455 18.406 0.031 5.39 405.0
2458755.59475 18.368 0.027 4.26 412.0
2458886.86719 18.340 0.040 7.10 448.0
2458886.88112 18.305 0.033 5.68 573.0
2458887.87946 18.415 0.040 5.29 826.0
2458888.86439 18.350 0.050 6.49 938.0
2458888.88521 18.253 0.047 6.13 1175.0
2458889.86112 18.344 0.036 5.07 800.0
2458889.87508 18.320 0.037 5.43 799.0
2458890.85949 18.343 0.032 5.47 675.0
2458890.87823 18.284 0.031 4.98 712.0
2458891.87267 18.520 0.048 5.55 1114.0
2458892.85174 18.462 0.039 5.06 808.0
2458893.85075 18.451 0.039 5.66 641.0
2458893.88039 18.303 0.027 4.69 607.0
2458899.85149 18.256 0.026 5.58 400.0
2458899.89518 18.342 0.042 5.05 1124.0
2458900.86924 18.388 0.025 4.88 344.0
2458901.83895 18.318 0.028 5.69 366.0
2458901.86442 18.318 0.025 5.03 338.0
2458902.83451 18.384 0.030 5.68 368.0
2458902.87254 18.401 0.024 4.54 335.0
2458903.83585 18.319 0.036 6.59 445.0
2458903.86931 18.376 0.028 5.25 388.0
2458904.83719 18.358 0.026 5.53 316.0
2458904.86257 18.373 0.025 5.33 310.0
2458905.83139 18.354 0.023 4.71 348.0
2458905.86680 18.329 0.024 4.89 331.0
2458906.84883 18.343 0.027 5.51 370.0
2458906.89082 18.328 0.029 5.14 403.0
2458907.85527 18.352 0.025 4.76 410.0
2458907.89011 18.375 0.023 4.20 395.0
2458908.85767 18.393 0.034 6.34 390.0
2458908.89244 18.240 0.025 5.29 405.0
2458911.89198 18.386 0.036 6.66 399.0
2458914.84233 18.319 0.025 5.20 379.0
2458916.88238 18.414 0.029 4.86 416.0
2458918.90428 18.356 0.028 4.50 594.0
2458920.90297 18.399 0.032 5.48 535.0
2459795.59901 18.384 0.029 5.52 320.0
2459796.53817 18.369 0.031 5.99 370.0
2459797.58218 18.395 0.039 6.20 457.0
2459805.51269 18.345 0.036 6.22 406.0
2459806.56874 18.460 0.047 6.91 524.0
2459807.62987 18.344 0.027 5.16 373.0
2459808.69682 18.437 0.040 6.42 397.0
2459810.57070 18.352 0.023 5.09 309.0
2459812.51865 18.389 0.032 6.01 299.0
2459814.53055 18.411 0.031 5.75 354.0
2459815.70261 18.341 0.027 5.04 379.0
2459817.60384 18.342 0.028 5.41 360.0
2459819.59593 18.360 0.025 5.17 377.0
2459821.66292 18.333 0.028 5.28 380.0
2459824.51865 18.207 0.042 7.81 508.0
2459830.64867 18.224 0.051 7.45 893.0
2459832.57761 18.399 0.057 7.81 722.0
2459835.60244 18.417 0.044 6.30 537.0
2459838.61956 18.457 0.032 5.25 449.0
2459841.58586 18.228 0.032 6.36 483.0
2459844.62156 18.417 0.041 6.72 485.0
2459848.57055 18.259 0.035 6.07 512.0
2459852.53257 18.348 0.044 7.68 469.0
2459857.55774 18.367 0.056 7.36 818.0
2459861.54904 18.398 0.044 5.28 861.0
2459866.53876 18.337 0.033 4.90 675.0
2459875.51878 18.336 0.043 7.06 603.0
2459988.86531 18.356 0.031 5.08 593.0
2459997.84493 18.326 0.031 5.39 499.0
2460001.84102 18.381 0.027 4.84 485.0
2460005.82204 18.404 0.037 6.08 499.0
2460009.79815 18.330 0.050 6.71 778.0
2460013.81074 18.368 0.025 3.95 561.0
2460020.89093 18.344 0.021 3.78 373.0
2460023.81545 18.377 0.024 4.91 298.0
2460026.82133 18.283 0.030 6.46 380.0
2460028.89441 18.366 0.027 5.34 364.0
2460031.77649 18.350 0.025 4.95 328.0
2460033.84338 18.314 0.025 5.09 369.0
2460036.78037 18.323 0.030 5.56 445.0
2460038.88885 18.312 0.018 3.72 345.0
2460040.91359 18.297 0.026 4.33 629.0
2460043.79140 18.442 0.033 4.90 711.0
2460049.74584 18.314 0.024 5.31 331.0
2460052.76098 18.375 0.029 5.47 379.0
2460054.89649 18.364 0.022 4.21 360.0
2460058.70646 18.315 0.028 5.67 411.0
2460060.68984 18.311 0.024 4.64 424.0
2460062.69848 18.293 0.023 4.87 393.0
2460065.84233 18.430 0.028 5.08 362.0
2460067.91139 18.344 0.024 4.41 420.0
2460069.84338 18.318 0.035 4.67 921.0
2460075.89380 18.313 0.028 4.38 648.0
2460085.63958 18.288 0.036 6.51 435.0
2460089.61723 18.274 0.028 4.77 517.0
2460091.62562 18.309 0.030 4.87 539.0
2460092.94010 18.250 0.042 6.30 749.0
2460095.88735 18.355 0.034 5.56 496.0
2460097.59759 18.411 0.036 4.48 800.0
2460104.66132 18.334 0.027 4.45 422.0
2460105.79415 18.344 0.028 5.10 411.0
2460107.77535 18.295 0.039 7.52 357.0
2460109.66986 18.361 0.042 7.51 388.0
2460111.55717 18.405 0.032 4.71 502.0
2460112.65374 18.375 0.025 4.34 403.0
2460113.79593 18.343 0.031 5.55 441.0
2460118.72962 18.339 0.041 7.27 403.0
2460120.60634 18.302 0.029 5.47 380.0
2460122.53755 18.260 0.030 5.28 454.0
2460123.76624 18.370 0.028 4.30 559.0
2460125.55569 18.348 0.040 5.35 786.0
2460130.55341 18.299 0.045 5.80 1059.0
2460131.81775 18.401 0.062 7.11 1042.0
2460134.56619 18.350 0.034 6.49 422.0
2460139.75840 18.332 0.032 5.94 417.0
2460141.68973 18.307 0.026 5.04 335.0
2460143.70294 18.324 0.024 4.51 344.0
2460149.60573 18.319 0.027 5.18 385.0
2460157.69465 18.284 0.031 4.03 1012.0
2460159.63218 18.306 0.028 4.63 517.0
2460161.59776 18.367 0.032 5.60 404.0
2460167.68821 18.403 0.039 7.37 336.0
2460169.74061 18.311 0.032 6.27 366.0
2460172.51159 18.376 0.032 5.66 375.0
2460175.57330 18.336 0.041 6.65 474.0
2460179.70133 18.306 0.034 6.03 478.0
2460186.49512 18.330 0.053 6.93 813.0
2460191.56327 18.301 0.043 7.25 499.0
2460202.49295 18.297 0.029 5.35 427.0
2460204.56433 18.398 0.036 5.82 440.0
2460212.60095 18.333 0.043 6.12 719.0
2460218.59789 18.430 0.056 7.17 800.0
2460225.57695 18.306 0.044 7.15 574.0
2460231.54294 18.373 0.040 5.85 592.0
2460247.51349 18.316 0.065 8.42 846.0
2460355.88193 18.370 0.031 4.96 562.0
2460365.86386 18.338 0.038 5.47 703.0
2460370.86797 18.349 0.026 4.08 531.0
2460377.88819 18.336 0.022 4.07 380.0
2460381.81872 18.307 0.026 4.22 448.0
2460384.80590 18.362 0.033 5.14 528.0
2460386.88835 18.371 0.027 4.93 352.0
2460389.90449 18.418 0.040 6.30 490.0
2460392.78953 18.359 0.028 4.39 549.0
2460394.89080 18.359 0.032 4.69 647.0
2460397.76563 18.283 0.038 5.61 715.0
2460403.84141 18.369 0.025 4.14 375.0
2460406.75453 18.366 0.036 6.02 439.0
2460409.79368 18.408 0.026 4.34 387.0
2460416.90874 18.339 0.029 5.57 397.0
2460420.72436 18.341 0.025 4.03 468.0
2460424.86596 18.338 0.035 4.83 753.0
2460432.79112 18.314 0.032 5.56 502.0
2460434.79436 18.373 0.029 5.02 463.0
2460436.84156 18.306 0.033 5.92 421.0
2460442.68493 18.348 0.037 6.54 409.0
2460448.82126 18.327 0.030 5.31 445.0
2460450.72376 18.336 0.029 5.38 443.0
2460458.86934 18.242 0.034 4.61 982.0
2460460.92022 18.227 0.035 5.43 960.0
2460463.70412 18.177 0.026 5.88 348.0
2460468.59414 17.971 0.021 5.09 398.0
2460473.74672 17.655 0.015 5.05 336.0
2460477.68891 17.609 0.017 5.09 566.0
2460479.71669 17.749 0.019 4.83 559.0
2460485.69881 18.099 0.025 4.36 654.0
2460487.71313 18.167 0.027 5.53 429.0
2460490.75795 18.207 0.026 5.31 405.0
2460492.59615 18.234 0.020 4.17 353.0
2460494.55740 18.262 0.025 4.77 408.0
2460497.48611 18.335 0.043 6.69 559.0
2460498.78037 18.271 0.026 4.92 378.0
2460500.66833 18.257 0.027 5.66 341.0
2460502.57871 18.305 0.033 6.17 374.0
2460504.59241 18.328 0.041 7.76 339.0
2460506.56636 18.337 0.023 4.48 398.0
2460513.67774 18.225 0.050 7.45 803.0
2460516.71772 18.292 0.032 6.06 428.0
2460518.73715 18.309 0.034 6.38 431.0
2460520.78071 18.394 0.033 5.67 462.0
2460530.54873 18.358 0.030 5.80 364.0
2460533.66790 18.307 0.028 6.12 296.0
2460542.58632 18.330 0.041 5.81 762.0
2460548.49769 18.377 0.035 5.71 405.0
2460555.50121 18.320 0.024 4.71 379.0
2460558.57916 18.339 0.028 5.13 419.0
2460561.51135 18.338 0.027 4.54 440.0
2460567.61346 18.345 0.045 6.01 833.0
2460570.62503 18.395 0.054 6.32 958.0
2460574.60565 18.234 0.041 6.50 652.0
2460581.48438 18.304 0.042 6.22 684.0
2460585.54658 18.312 0.036 6.33 440.0
2460603.51345 18.306 0.037 6.45 546.0
2460612.51096 18.296 0.033 4.86 762.0
2460719.87644 18.304 0.046 6.68 721.0
2460725.86757 18.290 0.033 5.64 568.0
2460734.87852 18.349 0.028 5.47 374.0
2460737.85520 18.304 0.027 5.02 455.0
2460740.84303 18.340 0.029 5.92 345.0
2460742.90965 18.320 0.032 4.76 661.0
2460745.82847 18.317 0.025 4.55 434.0
2460748.81783 18.393 0.027 4.40 455.0
2460750.81169 18.331 0.030 4.70 603.0
2460752.80595 18.344 0.032 4.64 622.0
2460759.79603 18.304 0.033 6.06 458.0
2460762.78737 18.391 0.032 5.57 394.0
2460764.77802 18.317 0.028 4.46 499.0
2460766.76760 18.315 0.029 4.86 489.0
2460768.77256 18.309 0.025 4.90 387.0
2460770.77119 18.324 0.023 4.16 374.0
2460772.76037 18.366 0.029 5.40 411.0
2460774.76858 18.409 0.032 5.33 443.0
