2457416.86794 19.187 0.107 7.11 800.0
2457424.85900 19.094 0.050 5.91 360.0
2457425.85411 19.168 0.078 6.76 465.0
2457426.85553 19.087 0.087 7.47 458.0
2457427.84764 19.070 0.083 7.63 413.0
2457428.84336 19.135 0.051 5.55 362.0
2457428.88350 19.157 0.064 5.20 631.0
2457430.86880 19.173 0.050 5.19 570.0
2457432.84216 19.180 0.059 6.05 364.0
2457433.84032 19.180 0.066 6.37 338.0
2457434.88676 19.124 0.062 4.96 564.0
2457436.85390 19.096 0.069 6.81 320.0
2457437.88341 19.105 0.050 5.81 261.0
2457439.82686 19.150 0.094 7.11 599.0
2457440.83921 19.204 0.062 3.96 620.0
2457441.88109 19.266 0.068 5.35 494.0
2457443.90345 19.115 0.084 5.57 915.0
2457444.81555 19.074 0.082 6.73 524.0
2457445.87858 19.190 0.052 4.91 373.0
2457446.89054 19.270 0.053 4.61 393.0
2457447.89854 19.310 0.076 5.21 560.0
2457451.83520 19.165 0.068 4.93 770.0
2457452.87649 19.257 0.042 4.18 274.0
2457453.88204 19.133 0.037 3.85 284.0
2457455.83361 19.112 0.047 5.32 262.0
2457456.83996 19.170 0.054 5.24 318.0
2457457.83581 19.163 0.060 5.32 419.0
2457458.83031 19.207 0.055 4.99 319.0
2457460.83090 19.188 0.047 4.66 331.0
2457461.82989 19.196 0.045 4.91 278.0
2457462.81677 19.314 0.055 4.81 329.0
2457463.84422 19.069 0.048 5.37 285.0
2457465.78589 19.112 0.048 4.84 331.0
2457465.91511 19.172 0.059 4.96 505.0
2457467.84922 19.234 0.054 5.54 259.0
2457470.80528 19.135 0.058 4.97 486.0
2457471.75847 19.276 0.090 5.75 639.0
2457471.88932 19.147 0.056 4.82 463.0
2457472.82738 19.264 0.070 5.20 444.0
2457473.85276 19.139 0.067 5.60 614.0
2457474.82600 19.078 0.062 5.67 458.0
2457475.75324 19.021 0.097 6.57 888.0
2457475.86375 19.246 0.096 6.47 617.0
2457484.80673 19.265 0.061 5.79 277.0
2457485.91329 19.119 0.047 5.00 278.0
2457486.74066 19.213 0.079 6.77 307.0
2457487.84808 19.181 0.057 5.81 323.0
2457489.82212 19.173 0.050 4.92 413.0
2457492.71679 19.181 0.055 5.68 283.0
2457493.71022 19.163 0.064 6.00 339.0
2457493.92991 19.002 0.082 4.49 1517.0
2457494.91839 19.245 0.050 4.07 382.0
2457495.89704 19.180 0.060 5.52 302.0
2457499.78342 19.176 0.052 4.75 445.0
2457500.72477 19.209 0.071 4.91 584.0
2457500.92634 19.098 0.071 5.29 633.0
2457508.78098 19.266 0.041 4.07 282.0
2457509.87755 19.017 0.045 4.87 346.0
2457512.82280 18.981 0.036 4.28 270.0
2457522.88409 19.042 0.077 6.84 445.0
2457526.77893 19.231 0.064 4.76 544.0
2457529.80451 18.945 0.085 6.54 690.0
2457534.78537 19.172 0.049 4.21 387.0
2457536.78452 19.236 0.067 5.70 331.0
2457545.92642 19.186 0.072 6.01 431.0
2457547.56048 19.046 0.073 7.54 295.0
2457547.90111 19.012 0.073 7.38 329.0
2457549.82615 19.118 0.048 5.51 247.0
2457550.80469 19.128 0.051 4.94 354.0
2457555.53437 19.042 0.084 6.00 974.0
2457555.86568 19.234 0.055 5.15 338.0
2457561.62806 19.282 0.068 4.71 572.0
2457562.61257 19.015 0.060 5.51 638.0
2457566.81511 19.133 0.073 6.16 434.0
2457567.75904 19.069 0.051 5.10 374.0
2457568.75789 19.013 0.061 6.61 292.0
2457569.77539 19.239 0.067 5.98 330.0
2457570.73974 19.248 0.066 6.78 270.0
2457573.66004 19.141 0.051 5.73 199.0
2457575.58782 19.074 0.069 7.41 223.0
2457575.75571 19.169 0.041 4.47 230.0
2457576.53350 19.021 0.056 6.81 249.0
2457576.71419 19.251 0.052 5.27 216.0
2457577.53191 19.142 0.065 6.83 264.0
2457579.71365 19.353 0.063 5.71 270.0
2457582.66109 19.263 0.076 6.65 307.0
2457584.54208 19.257 0.069 5.49 428.0
2457584.68491 19.249 0.069 5.53 382.0
2457589.48799 19.307 0.134 7.44 763.0
2457589.64807 19.179 0.066 4.84 603.0
2457589.79833 19.005 0.105 7.04 1004.0
2457590.58908 19.134 0.048 4.05 471.0
2457590.73605 19.117 0.059 5.08 565.0
2457593.51314 19.121 0.045 5.35 228.0
2457593.67888 19.285 0.050 4.93 230.0
2457595.58000 19.121 0.087 8.21 269.0
2457599.47501 19.140 0.090 6.68 429.0
2457599.50347 19.143 0.072 6.33 301.0
2457599.57095 19.131 0.074 7.82 252.0
2457599.68025 19.214 0.059 5.74 233.0
2457599.72011 19.151 0.052 5.17 255.0
2457600.56410 19.124 0.059 5.74 268.0
2457600.60618 19.346 0.077 6.05 261.0
2457600.73668 19.170 0.075 7.24 524.0
2457601.73355 19.228 0.058 5.97 224.0
2457601.75682 19.087 0.065 6.91 249.0
2457602.58539 19.088 0.050 5.58 239.0
2457602.74509 19.183 0.084 7.35 326.0
2457603.58266 19.047 0.045 5.48 207.0
2457603.72299 19.210 0.052 5.39 222.0
2457604.54887 19.122 0.050 5.15 263.0
2457604.69030 19.161 0.044 4.94 203.0
2457605.53262 19.253 0.048 4.69 221.0
2457605.69422 19.187 0.056 5.65 251.0
2457606.70755 19.200 0.078 7.35 243.0
2457607.61658 19.346 0.065 5.99 189.0
2457608.49170 19.129 0.059 6.35 236.0
2457608.69682 19.123 0.042 4.57 263.0
2457609.56342 19.074 0.052 5.20 283.0
2457610.60700 19.217 0.067 6.14 274.0
2457611.57121 19.188 0.074 6.40 299.0
2457612.53715 19.274 0.065 5.09 439.0
2457612.67850 19.084 0.057 5.29 406.0
2457617.49928 19.296 0.095 6.55 499.0
2457618.55454 19.120 0.066 5.21 491.0
2457618.71054 19.267 0.103 6.28 783.0
2457621.55549 19.135 0.054 5.47 324.0
2457622.49116 19.262 0.055 5.27 247.0
2457622.68542 19.214 0.052 4.86 328.0
2457623.60165 19.162 0.050 5.80 236.0
2457624.52599 19.135 0.051 5.17 273.0
2457625.49553 19.083 0.047 5.02 292.0
2457626.48300 19.135 0.058 5.90 327.0
2457626.67983 19.328 0.075 6.38 295.0
2457630.65361 19.108 0.054 5.86 241.0
2457631.63059 19.231 0.043 4.93 255.0
2457632.61598 19.292 0.060 5.23 289.0
2457633.65609 19.216 0.080 7.06 303.0
2457635.58217 19.358 0.083 6.89 257.0
2457636.62634 19.163 0.063 6.05 298.0
2457637.61580 19.111 0.067 6.59 268.0
2457639.50446 19.199 0.084 6.60 338.0
2457643.59025 19.072 0.104 8.34 509.0
2457644.60683 18.973 0.090 5.89 1159.0
2457647.58084 19.220 0.074 5.41 549.0
2457648.61875 19.084 0.074 5.90 625.0
2457650.50226 19.184 0.045 4.85 274.0
2457650.54480 19.130 0.056 5.53 355.0
2457651.51756 19.078 0.055 5.52 371.0
2457651.57449 19.333 0.066 4.95 461.0
2457652.50475 19.118 0.043 4.78 281.0
2457652.59639 19.166 0.057 5.73 371.0
2457653.50419 19.150 0.050 5.29 293.0
2457654.50883 19.370 0.079 6.25 344.0
2457654.53912 19.216 0.081 7.07 362.0
2457655.50553 19.334 0.071 5.98 292.0
2457656.50735 19.300 0.075 5.93 350.0
2457656.55438 19.078 0.058 5.79 338.0
2457657.55779 19.266 0.061 5.39 352.0
2457658.51387 19.255 0.063 5.35 331.0
2457659.51589 19.309 0.077 5.96 366.0
2457660.50591 18.996 0.065 6.50 382.0
2457660.56981 19.179 0.082 7.16 381.0
2457661.50751 19.151 0.072 6.81 337.0
2457662.50758 19.262 0.082 6.36 410.0
2457662.54134 19.260 0.084 6.24 449.0
2457664.50629 19.216 0.085 6.70 419.0
2457665.48940 19.346 0.112 6.99 434.0
2457666.50849 19.164 0.076 6.46 410.0
2457666.56833 19.309 0.083 6.26 410.0
2457667.51359 19.199 0.066 5.37 455.0
2457671.49495 19.391 0.094 5.77 516.0
2457672.49610 19.253 0.073 5.57 437.0
2457673.50264 19.057 0.067 5.10 729.0
2457675.50139 19.059 0.081 6.71 537.0
2457682.49854 19.270 0.078 5.66 554.0
2457683.49772 19.163 0.092 6.68 552.0
2457791.88311 19.097 0.072 5.23 743.0
2457792.88588 19.144 0.090 6.34 885.0
2457793.87736 19.205 0.065 5.43 450.0
2457794.88435 19.102 0.089 6.57 706.0
2457795.88838 19.246 0.099 5.97 840.0
2457798.86837 19.147 0.059 4.87 452.0
2457800.86117 19.261 0.070 5.52 438.0
2457802.84105 19.007 0.074 6.40 519.0
2457807.86936 19.130 0.051 5.02 300.0
2457810.84622 19.164 0.052 5.06 345.0
2457813.81033 19.123 0.070 6.16 454.0
2457816.83900 19.015 0.050 5.57 325.0
2457818.88198 19.182 0.046 4.76 305.0
2457821.80973 19.022 0.070 5.82 474.0
2457823.82055 19.238 0.070 5.00 573.0
2457825.85269 19.122 0.061 5.47 479.0
2457827.83004 19.060 0.057 5.10 458.0
2457829.82584 19.126 0.081 6.14 561.0
2457834.82127 19.046 0.052 5.65 304.0
2457835.75798 19.111 0.072 6.98 254.0
2457835.89767 19.198 0.063 5.94 275.0
2457836.85275 19.275 0.061 5.86 236.0
2457837.78664 19.156 0.052 5.60 248.0
2457837.89585 19.188 0.048 4.96 257.0
2457838.84212 19.126 0.048 5.07 290.0
2457839.78169 19.140 0.040 4.59 221.0
2457839.90517 19.335 0.042 3.65 233.0
2457840.83543 19.126 0.051 5.47 243.0
2457841.77546 19.149 0.082 7.72 247.0
2457841.88515 19.244 0.073 6.44 266.0
2457842.79984 19.293 0.059 5.58 243.0
2457842.90768 19.177 0.055 5.38 272.0
2457843.84080 19.198 0.053 5.46 210.0
2457844.75138 19.078 0.048 5.69 248.0
2457844.86773 19.078 0.058 6.56 233.0
2457845.77513 19.291 0.061 5.63 248.0
2457845.89332 19.117 0.049 5.37 235.0
2457846.82285 19.126 0.046 4.98 230.0
2457847.72610 19.062 0.067 6.95 274.0
2457847.84346 19.220 0.053 5.10 241.0
2457848.73991 19.026 0.065 6.96 283.0
2457848.84730 19.300 0.053 5.10 229.0
2457849.75262 19.176 0.053 5.30 336.0
2457849.87120 19.236 0.038 3.82 243.0
2457850.76483 19.041 0.056 5.37 353.0
2457850.88460 19.210 0.045 4.58 239.0
2457851.78253 19.164 0.073 6.26 373.0
2457851.90437 19.117 0.047 4.91 246.0
2457852.89099 19.131 0.067 6.49 274.0
2457854.70087 19.188 0.074 5.42 659.0
2457854.82280 19.130 0.052 4.63 444.0
2457855.73547 19.156 0.063 4.86 634.0
2457855.84512 19.156 0.057 4.41 506.0
2457856.74419 19.150 0.093 6.83 547.0
2457856.85515 19.156 0.074 6.07 471.0
2457858.77831 19.133 0.051 4.70 378.0
2457862.70409 19.085 0.068 6.36 342.0
2457862.81400 19.163 0.064 5.98 317.0
2457863.76056 19.399 0.095 6.84 276.0
2457863.90814 19.131 0.054 5.08 321.0
2457864.71759 19.099 0.040 4.70 256.0
2457864.86887 19.216 0.042 3.81 288.0
2457865.72230 19.234 0.050 4.85 280.0
2457865.85952 19.219 0.049 4.49 323.0
2457866.71848 19.130 0.046 4.65 284.0
2457866.84774 19.273 0.045 4.39 286.0
2457867.72176 19.185 0.045 4.62 262.0
2457867.85158 19.195 0.045 4.54 252.0
2457868.77859 19.117 0.061 5.84 268.0
2457868.92473 19.172 0.081 6.88 334.0
2457869.77740 19.229 0.043 4.25 252.0
2457869.90946 19.103 0.043 3.99 341.0
2457870.79858 19.210 0.040 3.97 235.0
2457870.92013 19.227 0.051 4.42 286.0
2457871.82223 19.192 0.038 3.68 260.0
2457872.67267 19.254 0.052 4.58 304.0
2457872.82403 19.137 0.035 3.58 280.0
2457873.67495 19.262 0.051 5.09 297.0
2457873.78287 19.142 0.038 3.86 250.0
2457873.91821 19.166 0.048 4.27 312.0
2457874.75139 18.958 0.053 5.98 293.0
2457874.87483 19.134 0.050 4.54 355.0
2457875.83167 19.293 0.053 4.61 486.0
2457875.93843 18.977 0.099 5.21 1972.0
2457876.75653 19.093 0.045 4.43 303.0
2457876.89336 19.297 0.061 4.99 356.0
2457877.71672 19.281 0.054 4.86 326.0
2457877.84968 19.225 0.051 3.72 378.0
2457878.75536 19.291 0.052 4.39 355.0
2457878.88961 19.200 0.043 3.96 331.0
2457879.71388 18.943 0.065 6.65 361.0
2457879.86654 19.212 0.088 7.11 346.0
2457880.74251 19.220 0.075 5.88 373.0
2457880.87148 19.240 0.076 6.21 370.0
2457881.82194 19.376 0.078 5.33 433.0
2457882.69989 19.114 0.097 7.59 458.0
2457882.83005 19.063 0.063 5.41 504.0
2457883.80016 19.429 0.150 7.48 608.0
2457890.71288 19.187 0.069 5.75 400.0
2457890.87223 19.383 0.093 5.68 514.0
2457893.69156 19.146 0.075 6.87 303.0
2457893.82105 19.212 0.063 5.54 312.0
2457893.93000 19.414 0.101 6.15 458.0
2457894.67576 19.141 0.047 5.19 289.0
2457894.80347 19.175 0.051 4.81 295.0
2457894.91254 19.240 0.054 4.60 358.0
2457895.78033 19.203 0.057 5.38 351.0
2457897.71741 19.162 0.058 5.63 281.0
2457901.65208 19.194 0.062 6.26 259.0
2457901.80803 19.158 0.058 5.59 289.0
2457902.77569 19.106 0.046 4.71 288.0
2457903.81213 19.191 0.052 4.91 276.0
2457904.66852 19.156 0.044 5.01 243.0
2457904.80014 19.191 0.041 4.11 232.0
2457904.90885 19.302 0.075 6.11 351.0
2457905.63796 19.111 0.051 5.53 281.0
2457905.76681 19.067 0.043 4.61 281.0
2457905.87795 19.160 0.050 4.19 415.0
2457906.58635 19.064 0.053 5.27 376.0
2457906.70458 19.274 0.046 4.12 299.0
2457906.82706 19.246 0.054 4.45 384.0
2457907.69938 19.188 0.060 4.66 508.0
2457907.83068 19.152 0.056 4.70 518.0
2457908.65022 19.234 0.063 4.82 431.0
2457908.77986 19.120 0.058 5.18 404.0
2457908.88905 19.238 0.089 6.54 446.0
2457909.58082 19.086 0.078 6.20 614.0
2457909.70107 19.114 0.048 4.43 388.0
2457909.81303 19.157 0.056 4.60 487.0
2457909.91304 19.280 0.088 5.91 609.0
2457910.59807 19.090 0.064 5.47 486.0
2457910.71716 19.223 0.053 4.34 378.0
2457910.85160 19.160 0.065 4.36 955.0
2457911.57621 19.192 0.112 7.35 720.0
2457911.67390 19.225 0.071 5.22 505.0
2457911.87948 19.141 0.123 7.84 743.0
2457916.62282 19.175 0.058 4.39 622.0
2457916.72179 19.259 0.069 4.79 606.0
2457916.82345 19.210 0.070 4.70 624.0
2457917.54318 19.191 0.095 7.03 510.0
2457917.65769 19.249 0.060 4.93 386.0
2457917.77273 19.147 0.060 4.97 459.0
2457917.87978 19.206 0.090 5.76 732.0
2457918.65406 19.296 0.094 5.89 680.0
2457922.63436 19.208 0.057 5.20 333.0
2457923.52725 19.151 0.071 6.23 383.0
2457923.63393 19.168 0.059 5.70 308.0
2457923.77084 19.098 0.063 5.90 345.0
2457923.88059 19.250 0.085 6.10 429.0
2457924.55641 18.999 0.053 5.84 325.0
2457924.66198 19.139 0.054 5.50 275.0
2457924.79080 19.236 0.055 4.57 323.0
2457925.58056 19.195 0.072 6.54 307.0
2457925.70624 19.157 0.051 5.27 255.0
2457925.83146 19.169 0.071 6.37 319.0
2457926.59679 19.178 0.060 5.88 303.0
2457926.74433 19.269 0.064 5.63 284.0
2457928.59251 19.103 0.051 5.61 265.0
2457932.62365 19.132 0.055 5.40 285.0
2457932.75760 19.049 0.060 6.20 262.0
2457933.61456 19.052 0.059 6.41 246.0
2457933.73687 19.179 0.061 6.33 194.0
2457934.54966 19.191 0.049 5.24 284.0
2457934.68560 19.169 0.044 4.49 264.0
2457934.78027 19.084 0.054 5.46 299.0
2457935.51914 19.091 0.053 5.52 366.0
2457935.64854 19.250 0.050 4.43 257.0
2457935.76090 19.136 0.038 3.93 231.0
2457936.51188 19.073 0.061 6.09 341.0
2457936.62273 19.156 0.059 5.90 256.0
2457936.76726 19.193 0.053 5.32 221.0
2457937.56385 19.180 0.073 6.24 374.0
2457937.67501 19.287 0.066 5.79 305.0
2457937.80605 19.127 0.065 6.44 260.0
2457938.58773 19.005 0.077 7.12 361.0
2457944.48233 19.269 0.090 5.75 663.0
2457944.52310 19.239 0.082 5.57 635.0
2457944.57475 19.077 0.061 4.98 573.0
2457944.61492 19.180 0.063 4.70 529.0
2457944.67478 19.142 0.067 5.17 487.0
2457944.72511 19.276 0.062 4.29 514.0
2457944.78509 19.202 0.098 6.61 625.0
2457945.48988 19.129 0.086 6.74 499.0
2457945.59539 19.258 0.052 4.29 373.0
2457945.70757 19.172 0.048 4.27 364.0
2457945.81723 19.314 0.078 5.21 567.0
2457946.53862 19.112 0.053 5.10 359.0
2457946.66785 19.177 0.054 4.89 321.0
2457946.77993 19.302 0.076 5.80 353.0
2457947.52441 19.254 0.081 7.42 269.0
2457947.63507 19.196 0.066 6.26 306.0
2457948.52345 19.117 0.051 5.51 277.0
2457948.79168 19.302 0.074 5.71 408.0
2457949.58515 19.175 0.070 6.12 443.0
2457949.70435 19.364 0.114 6.78 583.0
2457949.70775 18.958 0.073 6.59 465.0
2457952.72745 19.229 0.066 5.93 233.0
2457953.49090 19.167 0.072 6.35 330.0
2457953.63220 19.242 0.056 5.32 229.0
2457953.75121 19.259 0.052 5.24 229.0
2457954.50762 19.201 0.054 4.99 430.0
2457954.65011 19.106 0.038 4.16 217.0
2457954.78800 19.082 0.049 5.01 356.0
2457956.49080 19.080 0.057 5.33 369.0
2457956.62474 19.215 0.046 4.53 221.0
2457956.75206 19.185 0.058 5.74 283.0
2457957.67804 19.187 0.066 6.31 259.0
2457958.59600 19.240 0.068 6.03 290.0
2457958.68447 19.117 0.072 6.93 268.0
2457958.79366 19.138 0.086 7.71 350.0
2457959.54879 19.160 0.043 4.45 268.0
2457959.66556 19.159 0.042 4.67 226.0
2457959.78309 19.170 0.076 7.07 308.0
2457960.53528 19.172 0.053 5.41 242.0
2457960.67122 19.202 0.051 5.37 206.0
2457961.61368 19.262 0.054 5.71 286.0
2457961.72612 19.385 0.070 5.78 351.0
2457962.54486 19.148 0.044 4.57 280.0
2457963.72103 19.340 0.062 5.09 352.0
2457964.61108 19.204 0.052 4.71 287.0
2457964.75635 19.208 0.067 6.13 388.0
2457965.68761 19.193 0.055 5.23 336.0
2457966.56160 19.220 0.075 6.38 313.0
2457966.66491 19.283 0.080 6.43 285.0
2457967.60108 19.287 0.103 7.24 374.0
2457967.68711 19.324 0.096 6.71 388.0
2457971.47307 19.163 0.111 6.65 790.0
2457971.51584 19.245 0.075 5.13 600.0
2457971.56716 19.257 0.075 5.16 510.0
2457971.60463 19.391 0.096 5.70 527.0
2457971.65462 19.181 0.064 4.61 568.0
2457971.69537 19.177 0.074 5.02 640.0
2457972.47370 19.158 0.124 7.25 721.0
2457972.52758 19.414 0.137 7.28 543.0
2457972.57616 19.106 0.084 6.15 543.0
2457972.62084 19.163 0.084 5.81 540.0
2457972.67828 19.200 0.098 6.34 592.0
2457972.72382 19.103 0.099 6.79 716.0
2457973.55840 19.061 0.093 7.21 527.0
2457973.68216 19.251 0.101 6.57 606.0
2457974.54695 19.097 0.051 4.54 390.0
2457974.66306 19.231 0.069 5.18 428.0
2457975.49603 19.267 0.095 7.46 309.0
2457979.54359 19.168 0.045 4.33 295.0
2457979.67182 19.147 0.045 4.24 330.0
2457980.59647 19.330 0.084 6.05 399.0
2457981.49444 19.265 0.074 5.52 412.0
2457981.64806 19.195 0.056 4.92 359.0
2457982.55817 19.250 0.062 5.31 274.0
2457982.66845 19.185 0.058 5.60 330.0
2457983.59670 19.209 0.054 5.48 272.0
2457984.50713 19.377 0.098 7.43 305.0
2457984.62283 19.155 0.061 5.91 273.0
2457985.55915 19.209 0.090 7.50 317.0
2457986.51042 19.170 0.043 4.27 291.0
2457986.64825 19.190 0.049 5.09 256.0
2457987.57544 19.185 0.049 4.51 340.0
2457990.49456 19.128 0.056 5.53 324.0
2457990.62641 19.360 0.078 6.22 303.0
2457991.54645 19.268 0.078 6.39 305.0
2457992.47959 19.182 0.051 4.71 387.0
2457992.60102 19.127 0.061 5.97 309.0
2457993.52896 19.278 0.063 5.19 335.0
2457993.63916 19.265 0.070 5.84 318.0
2457994.57299 19.235 0.069 5.93 369.0
2457998.48219 19.298 0.116 4.19 2162.0
2457998.53391 19.179 0.075 5.27 649.0
2457998.57275 19.244 0.072 4.91 597.0
2457998.62629 19.288 0.100 5.71 817.0
2458000.55070 19.205 0.073 5.81 462.0
2458000.60710 19.214 0.118 7.70 560.0
2458001.49720 19.132 0.066 5.80 426.0
2458001.60699 19.280 0.072 5.36 509.0
2458004.48058 18.960 0.072 6.66 485.0
2458004.61004 19.171 0.081 6.35 451.0
2458007.57465 19.151 0.080 6.86 339.0
2458008.59227 19.179 0.077 6.73 323.0
2458011.54268 19.210 0.103 8.08 357.0
2458012.55714 19.100 0.053 4.81 421.0
2458013.56098 18.963 0.050 5.21 379.0
2458014.57108 19.165 0.060 5.44 356.0
2458015.57237 19.066 0.063 6.36 339.0
2458017.48275 19.164 0.078 5.99 496.0
2458018.50798 19.176 0.054 4.81 336.0
2458019.54500 19.080 0.048 4.95 322.0
2458021.48635 19.037 0.075 5.88 543.0
2458026.52783 19.254 0.100 5.15 1214.0
2458029.49567 19.190 0.081 5.32 631.0
2458030.53428 19.149 0.064 4.85 736.0
2458164.85314 19.005 0.052 5.62 372.0
2458165.85028 19.077 0.055 5.54 386.0
2458165.89020 19.159 0.061 5.33 458.0
2458166.88230 19.167 0.069 6.31 356.0
2458167.85750 19.127 0.056 5.63 355.0
2458168.83867 19.153 0.057 5.93 323.0
2458168.87819 19.106 0.049 5.07 290.0
2458169.86219 19.134 0.060 5.58 346.0
2458170.83554 19.034 0.050 5.58 347.0
2458170.88424 19.047 0.043 4.55 328.0
2458171.84497 19.168 0.052 4.96 361.0
2458171.89337 19.136 0.057 4.38 540.0
2458172.85525 19.054 0.055 5.71 354.0
2458173.82429 19.143 0.065 5.73 470.0
2458173.86494 19.209 0.058 5.20 406.0
2458174.83700 19.172 0.059 5.28 471.0
2458174.87586 19.247 0.052 4.44 397.0
2458175.83514 19.067 0.047 4.68 342.0
2458175.87462 19.109 0.048 4.79 292.0
2458176.82821 18.990 0.047 4.72 410.0
2458176.86756 19.325 0.057 4.65 350.0
2458181.81780 19.188 0.074 5.77 595.0
2458181.86142 19.197 0.064 5.01 539.0
2458183.83860 19.154 0.068 6.04 498.0
2458184.84515 19.133 0.061 4.72 542.0
2458184.88582 19.080 0.066 5.75 509.0
2458185.85293 19.261 0.091 6.14 592.0
2458185.89292 19.020 0.052 5.05 436.0
2458189.85364 19.115 0.048 4.71 310.0
2458190.82644 19.151 0.043 5.37 245.0
2458191.81346 19.147 0.062 6.02 297.0
2458192.80277 19.054 0.065 6.60 338.0
2458193.78899 19.291 0.060 5.95 269.0
2458193.89971 19.150 0.043 4.52 254.0
2458194.86105 19.117 0.046 5.18 246.0
2458195.83394 19.012 0.051 5.79 275.0
2458196.80332 19.093 0.047 5.12 267.0
2458197.76331 19.169 0.077 6.94 332.0
2458197.86458 19.199 0.051 4.99 277.0
2458198.82052 19.119 0.044 5.02 281.0
2458199.76639 19.146 0.053 5.58 274.0
2458200.75105 19.038 0.061 6.35 354.0
2458200.86319 19.190 0.044 4.13 317.0
2458201.79721 19.114 0.068 6.49 292.0
2458201.91319 19.056 0.046 4.95 277.0
2458202.84028 19.137 0.042 4.40 317.0
2458203.78249 19.092 0.048 5.37 281.0
2458203.89876 19.163 0.047 4.90 264.0
2458204.82139 19.031 0.057 6.38 293.0
2458205.76159 19.159 0.080 6.69 387.0
2458205.88952 19.168 0.052 5.07 266.0
2458206.80238 19.174 0.049 4.90 378.0
2458206.92148 19.323 0.074 4.15 918.0
2458207.82842 19.117 0.050 4.74 403.0
2458208.74916 19.023 0.060 5.05 701.0
2458208.85552 19.265 0.066 4.81 512.0
2458209.77651 19.084 0.061 5.04 551.0
2458209.88375 19.203 0.052 4.19 466.0
2458210.78946 19.149 0.061 5.13 518.0
2458210.89673 19.090 0.047 4.33 478.0
2458211.80349 19.182 0.073 5.82 519.0
2458211.91256 19.160 0.062 5.01 531.0
2458212.79863 19.160 0.062 5.35 588.0
2458217.86182 19.131 0.046 4.73 273.0
2458220.76192 19.169 0.065 6.64 238.0
2458220.89772 19.089 0.045 5.04 269.0
2458221.78811 19.128 0.042 4.81 233.0
2458221.91433 19.206 0.048 4.32 284.0
2458222.79825 19.195 0.044 4.55 231.0
2458223.77999 19.067 0.053 5.25 261.0
2458223.91656 19.122 0.049 4.37 315.0
2458224.80333 19.150 0.052 5.40 297.0
2458225.79672 19.123 0.056 5.96 264.0
2458226.87172 19.053 0.055 5.82 263.0
2458227.74499 19.068 0.046 5.27 242.0
2458227.88723 19.119 0.044 4.48 264.0
2458228.79960 19.128 0.043 4.82 241.0
2458229.69826 19.098 0.049 5.37 289.0
2458229.82732 19.196 0.040 4.22 225.0
2458230.70040 19.050 0.055 6.05 306.0
2458230.82312 19.188 0.041 4.42 255.0
2458232.80321 19.103 0.048 5.01 302.0
2458233.72892 19.077 0.046 5.22 346.0
2458235.78901 19.226 0.052 4.23 491.0
2458236.78617 19.192 0.058 4.60 487.0
2458238.76052 19.179 0.059 4.41 628.0
2458238.88599 19.168 0.058 3.55 796.0
2458244.73413 19.107 0.052 5.04 354.0
2458244.85651 19.157 0.052 4.66 397.0
2458245.78827 19.170 0.085 6.38 420.0
2458245.90137 19.034 0.059 5.59 457.0
2458246.75634 19.085 0.069 6.39 355.0
2458246.87534 19.197 0.054 4.29 429.0
2458247.68024 19.143 0.059 5.90 363.0
2458247.79021 19.127 0.048 4.69 340.0
2458247.92050 19.096 0.096 7.29 437.0
2458249.64726 19.196 0.087 7.33 382.0
2458249.75597 19.231 0.047 4.94 255.0
2458249.88687 19.372 0.092 6.37 398.0
2458250.70151 19.189 0.040 4.76 228.0
2458250.83102 19.142 0.041 4.15 272.0
2458251.62630 19.074 0.070 7.67 238.0
2458251.73397 19.155 0.073 7.28 276.0
2458251.87072 19.164 0.052 4.85 331.0
2458252.89618 19.127 0.074 6.54 379.0
2458253.68300 19.193 0.053 5.55 296.0
2458253.81041 19.129 0.045 4.80 282.0
2458254.68920 19.091 0.043 5.24 268.0
2458254.83882 19.235 0.041 3.63 283.0
2458255.62771 19.214 0.059 5.68 276.0
2458255.76467 19.244 0.051 4.59 274.0
2458255.90630 19.243 0.071 5.61 375.0
2458256.68493 19.054 0.060 6.43 257.0
2458256.80871 19.167 0.065 5.81 340.0
2458256.93456 19.165 0.077 5.70 515.0
2458257.74521 19.252 0.063 5.87 242.0
2458257.86039 19.166 0.054 5.19 318.0
2458258.72569 19.094 0.042 4.67 236.0
2458258.85673 19.182 0.044 3.83 275.0
2458259.68718 19.157 0.049 5.40 329.0
2458259.81899 19.102 0.051 4.90 358.0
2458260.60207 19.073 0.058 5.32 492.0
2458260.90093 19.226 0.054 4.32 498.0
2458261.73234 19.294 0.050 4.30 284.0
2458261.88830 19.145 0.050 4.63 332.0
2458262.70977 19.168 0.042 4.55 261.0
2458262.84782 19.205 0.041 4.02 228.0
2458263.63035 19.227 0.049 4.75 392.0
2458263.75618 19.239 0.042 4.13 292.0
2458263.89245 19.234 0.046 4.92 252.0
2458264.76961 19.126 0.055 4.93 404.0
2458264.88739 19.059 0.048 4.47 430.0
2458265.66109 19.052 0.067 5.44 513.0
2458265.78273 19.221 0.054 4.02 470.0
2458266.64312 19.070 0.097 7.40 704.0
2458266.79566 19.191 0.088 6.02 631.0
2458271.65635 19.049 0.078 6.57 492.0
2458271.81710 19.149 0.077 5.94 509.0
2458272.64842 19.255 0.051 4.54 365.0
2458272.77115 19.067 0.058 5.53 375.0
2458272.88861 19.114 0.061 5.34 476.0
2458273.62275 19.201 0.061 5.56 347.0
2458273.75972 19.079 0.053 5.80 282.0
2458273.86249 19.319 0.086 6.37 381.0
2458274.60524 19.160 0.054 5.58 286.0
2458274.71974 19.225 0.076 6.75 305.0
2458274.84798 19.044 0.064 5.80 422.0
2458275.59846 19.154 0.057 5.27 342.0
2458275.73951 19.233 0.051 4.80 306.0
2458275.86077 19.097 0.057 5.25 404.0
2458276.60602 19.121 0.065 6.50 355.0
2458276.72871 19.152 0.041 4.40 280.0
2458276.84554 19.193 0.051 4.24 370.0
2458277.66324 19.227 0.044 4.53 239.0
2458277.78450 19.179 0.050 4.74 272.0
2458277.90329 19.225 0.058 4.94 441.0
2458278.59811 19.088 0.047 5.87 306.0
2458278.81485 19.187 0.044 3.97 414.0
2458282.61607 19.145 0.042 4.76 224.0
2458282.75387 19.120 0.042 5.68 227.0
2458282.88101 19.264 0.053 4.60 352.0
2458283.58028 19.101 0.046 5.50 241.0
2458283.70951 19.096 0.042 5.23 227.0
2458283.82512 19.053 0.049 4.98 316.0
2458284.54958 19.174 0.059 5.42 397.0
2458284.66895 19.106 0.044 5.10 258.0
2458284.79438 19.204 0.045 4.48 235.0
2458284.90372 19.157 0.059 5.05 414.0
2458285.79706 19.139 0.045 4.41 294.0
2458286.62768 19.168 0.044 5.31 200.0
2458286.77909 19.150 0.045 4.87 209.0
2458286.89619 19.111 0.051 4.86 353.0
2458287.62231 19.148 0.044 5.04 239.0
2458287.75530 19.084 0.032 3.70 197.0
2458287.89599 19.386 0.059 4.80 343.0
2458288.58939 18.999 0.053 6.60 258.0
2458288.73050 19.183 0.040 3.86 202.0
2458288.86763 19.204 0.070 5.57 393.0
2458289.58714 19.099 0.052 5.70 314.0
2458289.73818 19.204 0.051 4.96 249.0
2458289.85963 19.112 0.066 6.32 324.0
2458290.58614 19.216 0.060 5.79 317.0
2458290.73400 19.100 0.044 4.63 261.0
2458290.85656 19.358 0.080 6.11 395.0
2458291.62932 19.316 0.065 4.93 412.0
2458291.77156 19.096 0.046 4.15 351.0
2458291.89506 19.210 0.083 6.60 466.0
2458292.63500 19.115 0.069 6.53 318.0
2458292.77605 19.130 0.057 4.97 356.0
2458293.53271 19.139 0.088 6.50 553.0
2458293.65833 19.168 0.061 5.49 370.0
2458293.82722 19.435 0.142 7.35 605.0
2458294.66917 19.255 0.103 6.96 490.0
2458294.82794 19.306 0.123 6.78 777.0
2458299.57987 19.144 0.117 5.93 1494.0
2458301.75530 19.189 0.077 6.25 399.0
2458302.60846 19.044 0.056 5.73 563.0
2458304.55616 19.168 0.089 7.91 300.0
2458305.53969 19.192 0.082 6.94 368.0
2458305.68311 19.064 0.058 6.70 259.0
2458305.81337 19.292 0.103 7.75 322.0
2458306.65871 19.069 0.072 7.64 272.0
2458306.79426 19.171 0.081 6.74 337.0
2458307.51756 19.153 0.054 5.58 359.0
2458307.63977 19.124 0.043 5.31 227.0
2458307.76272 19.172 0.047 4.42 290.0
2458308.48607 19.162 0.072 6.61 329.0
2458308.59535 19.155 0.043 4.93 200.0
2458308.72709 19.092 0.056 5.72 256.0
2458308.83048 19.173 0.091 7.81 382.0
2458309.57121 19.103 0.043 5.24 237.0
2458309.70525 19.149 0.034 3.52 201.0
2458309.81448 19.361 0.068 5.57 356.0
2458310.53802 19.077 0.050 5.77 262.0
2458310.61685 19.130 0.037 4.55 254.0
2458310.70424 19.127 0.044 4.66 319.0
2458310.81586 19.111 0.062 6.55 326.0
2458311.55158 19.041 0.059 6.92 234.0
2458311.67264 19.156 0.042 4.36 228.0
2458311.79201 19.129 0.059 5.27 369.0
2458312.51756 19.152 0.055 5.47 298.0
2458312.63956 19.200 0.041 4.43 202.0
2458312.78418 19.226 0.044 4.63 247.0
2458313.51828 18.931 0.045 5.86 306.0
2458313.63433 19.194 0.040 4.50 203.0
2458313.75223 19.133 0.048 4.00 348.0
2458314.48617 19.011 0.052 5.88 332.0
2458314.59766 19.193 0.052 5.41 266.0
2458314.72770 19.223 0.049 4.60 284.0
2458316.48609 19.068 0.072 6.80 316.0
2458316.59817 19.126 0.051 5.32 283.0
2458316.73222 19.241 0.100 7.78 308.0
2458320.53588 19.074 0.056 5.74 341.0
2458320.66776 19.102 0.042 4.50 304.0
2458320.77689 19.176 0.052 5.04 288.0
2458321.60247 19.072 0.080 5.80 906.0
2458328.53576 19.100 0.065 5.53 476.0
2458328.64797 19.170 0.078 5.97 481.0
2458328.75892 19.192 0.105 6.63 734.0
2458329.55764 19.224 0.079 6.24 455.0
2458329.66957 19.154 0.053 4.44 426.0
2458330.47224 19.134 0.054 5.59 430.0
2458330.60214 19.143 0.085 6.92 808.0
2458331.58583 19.173 0.049 4.89 276.0
2458331.69695 19.058 0.049 4.93 351.0
2458332.58681 18.943 0.055 6.76 296.0
2458332.74454 19.058 0.082 6.86 470.0
2458333.56628 19.227 0.053 5.34 297.0
2458333.69101 19.133 0.048 4.89 284.0
2458334.61225 19.070 0.046 4.70 331.0
2458335.55539 19.113 0.058 5.29 401.0
2458336.49122 19.083 0.071 7.11 309.0
2458336.63340 19.077 0.040 4.62 197.0
2458338.50531 19.398 0.079 6.11 334.0
2458338.63342 19.086 0.049 5.45 266.0
2458339.52366 19.191 0.043 4.54 272.0
2458339.72705 19.136 0.049 5.33 232.0
2458340.61507 19.235 0.050 4.62 262.0
2458341.51391 19.193 0.050 4.44 308.0
2458341.64597 19.128 0.038 3.97 216.0
2458342.57239 19.194 0.057 5.42 272.0
2458343.52779 19.161 0.064 6.11 275.0
2458344.55930 18.939 0.045 5.75 245.0
2458344.73255 19.295 0.063 5.67 300.0
2458345.59965 19.169 0.051 4.76 250.0
2458346.50281 19.129 0.072 6.62 262.0
2458346.64708 19.090 0.043 4.90 192.0
2458347.54454 19.158 0.053 5.61 236.0
2458347.71322 19.179 0.054 6.34 263.0
2458348.61178 19.216 0.062 5.20 296.0
2458353.65687 19.120 0.094 6.86 599.0
2458355.62927 19.195 0.057 4.35 472.0
2458356.51890 19.013 0.065 6.24 466.0
2458357.48197 19.253 0.098 6.88 448.0
2458357.68928 19.250 0.077 5.92 575.0
2458358.62854 19.243 0.063 4.74 430.0
2458359.51920 19.126 0.056 5.82 285.0
2458359.68397 19.236 0.086 6.11 511.0
2458360.59440 19.149 0.079 6.27 406.0
2458361.60029 18.978 0.068 7.54 274.0
2458363.63654 19.219 0.059 6.11 225.0
2458364.55522 19.105 0.042 4.61 297.0
2458366.48281 19.100 0.055 5.59 291.0
2458367.48573 19.350 0.086 6.18 335.0
2458367.66022 19.144 0.046 5.37 285.0
2458368.61045 19.094 0.043 4.59 344.0
2458369.54323 19.133 0.047 4.30 295.0
2458370.51020 19.152 0.059 5.30 332.0
2458371.50021 19.208 0.048 4.16 318.0
2458372.48393 19.214 0.080 6.05 383.0
2458375.48444 19.230 0.085 6.69 398.0
2458375.61783 19.124 0.075 6.94 315.0
2458376.56633 19.214 0.061 5.31 346.0
2458381.55075 19.289 0.106 4.59 1575.0
2458382.56803 19.130 0.052 4.07 527.0
2458383.60463 19.259 0.113 7.19 664.0
2458385.57869 19.138 0.047 4.20 524.0
2458392.49859 18.993 0.075 7.20 323.0
2458394.54951 19.278 0.083 6.56 319.0
2458398.49735 19.240 0.078 6.04 344.0
2458519.87704 19.082 0.068 6.10 543.0
2458523.85858 19.156 0.060 5.57 345.0
2458524.85614 19.053 0.047 4.64 387.0
2458526.89232 18.938 0.114 7.18 1436.0
2458528.87466 19.138 0.072 6.44 395.0
2458528.88762 19.185 0.077 5.93 565.0
2458536.83858 19.100 0.057 4.66 522.0
2458536.87973 19.130 0.060 5.00 470.0
2458537.88477 19.003 0.069 7.36 395.0
2458539.83713 19.207 0.077 5.93 448.0
2458539.88880 19.113 0.058 5.77 382.0
2458540.86093 18.988 0.073 5.42 882.0
2458544.82295 19.204 0.045 4.77 275.0
2458544.86231 19.002 0.040 5.42 253.0
2458546.83969 19.111 0.046 5.14 282.0
2458546.87935 19.209 0.054 5.79 262.0
2458547.84180 19.026 0.052 6.51 282.0
2458547.88855 19.132 0.049 5.17 274.0
2458548.84656 19.163 0.043 4.68 332.0
2458548.89242 19.108 0.047 4.89 369.0
2458549.84033 19.060 0.056 6.52 272.0
2458549.88145 19.083 0.060 7.49 277.0
2458550.85315 19.070 0.045 5.32 273.0
2458550.89269 19.034 0.048 6.10 278.0
2458551.86337 19.264 0.089 7.70 262.0
2458551.90257 19.003 0.060 6.70 309.0
2458552.88438 19.111 0.063 6.73 247.0
2458553.80022 19.286 0.082 7.19 264.0
2458553.86217 18.948 0.054 6.64 280.0
2458554.78928 19.041 0.070 7.01 307.0
2458554.83912 19.063 0.050 5.51 297.0
2458554.87903 19.181 0.059 6.44 261.0
2458555.80001 19.208 0.057 5.60 329.0
2458555.83989 19.125 0.054 6.65 284.0
2458555.89733 19.146 0.046 5.87 273.0
2458556.81114 19.089 0.050 5.35 320.0
2458556.86129 19.136 0.048 5.64 280.0
2458557.82841 19.249 0.059 5.79 272.0
2458557.86858 19.127 0.047 5.44 260.0
2458558.77706 19.255 0.060 5.28 305.0
2458558.82156 19.097 0.051 5.71 273.0
2458558.87085 19.113 0.050 6.08 268.0
2458558.91249 19.231 0.065 5.16 484.0
2458559.81497 19.025 0.043 4.75 284.0
2458559.85519 19.217 0.042 4.22 260.0
2458559.90528 19.162 0.048 5.23 292.0
2458560.81530 19.103 0.044 4.17 362.0
2458560.86451 19.176 0.043 4.74 279.0
2458560.90399 19.104 0.044 5.34 306.0
2458561.81846 19.180 0.049 4.45 407.0
2458561.86113 19.093 0.052 5.09 357.0
2458562.80625 19.123 0.092 7.30 538.0
2458562.86344 19.184 0.067 5.57 484.0
2458562.90373 19.156 0.087 6.68 457.0
2458563.79488 19.089 0.073 6.38 619.0
2458563.84298 19.231 0.058 4.34 535.0
2458563.89257 19.051 0.061 4.96 669.0
2458564.78122 19.040 0.060 5.59 520.0
2458564.84200 19.214 0.051 4.25 464.0
2458564.88227 19.069 0.049 4.58 473.0
2458565.78420 19.222 0.067 5.11 551.0
2458565.83956 19.002 0.054 5.01 497.0
2458565.89362 19.172 0.049 3.71 450.0
2458566.79993 19.148 0.049 3.80 510.0
2458566.84956 19.170 0.051 4.15 478.0
2458566.89055 19.234 0.061 5.23 432.0
2458567.86369 19.028 0.049 4.20 486.0
2458567.90030 19.107 0.082 5.08 891.0
2458573.88553 19.148 0.058 5.85 296.0
2458573.92640 19.064 0.087 5.52 1029.0
2458574.83326 18.947 0.061 7.75 249.0
2458575.73083 19.158 0.059 6.05 271.0
2458575.77010 18.946 0.050 6.17 280.0
2458575.81869 18.953 0.051 6.66 268.0
2458575.85754 19.159 0.059 6.05 271.0
2458575.90698 19.087 0.058 6.15 275.0
2458576.78527 19.042 0.060 7.00 263.0
2458576.83194 18.985 0.051 6.66 264.0
2458576.87067 19.082 0.056 6.42 237.0
2458577.77475 19.269 0.082 6.49 315.0
2458577.84299 19.073 0.062 6.45 318.0
2458577.90582 19.277 0.095 7.66 359.0
2458578.73857 19.099 0.054 5.63 312.0
2458578.77769 19.084 0.051 6.01 288.0
2458578.82715 19.234 0.068 6.24 319.0
2458578.88458 19.071 0.045 5.05 298.0
2458579.71295 19.199 0.072 6.07 389.0
2458579.75559 19.008 0.048 5.30 337.0
2458579.80134 19.150 0.058 5.65 353.0
2458579.84043 19.214 0.072 6.04 397.0
2458579.90411 19.255 0.062 5.22 394.0
2458580.72784 19.127 0.060 5.85 353.0
2458580.82356 18.932 0.050 6.60 293.0
2458580.86887 19.085 0.051 5.56 309.0
2458581.71561 19.267 0.061 5.71 332.0
2458581.77183 19.196 0.054 5.85 279.0
2458581.89791 19.160 0.055 5.48 350.0
2458582.73324 19.088 0.058 6.95 265.0
2458582.83831 19.072 0.062 6.65 307.0
2458583.71784 19.034 0.057 6.53 315.0
2458583.78841 19.178 0.056 6.55 279.0
2458583.91666 19.270 0.056 4.40 412.0
2458584.75089 19.080 0.047 5.71 266.0
2458584.90095 19.094 0.036 3.73 237.0
2458585.72831 19.102 0.055 6.76 290.0
2458585.83065 19.128 0.044 5.33 273.0
2458586.69151 19.112 0.056 6.16 334.0
2458586.76771 19.086 0.042 4.86 252.0
2458586.89605 19.065 0.037 4.11 251.0
2458587.71873 19.200 0.066 6.44 366.0
2458587.80990 19.191 0.052 5.46 282.0
2458588.69418 19.095 0.058 6.04 410.0
2458588.77073 19.241 0.044 4.46 299.0
2458588.90229 19.147 0.038 3.67 294.0
2458589.72046 19.041 0.055 5.36 453.0
2458589.82427 19.104 0.054 4.96 345.0
2458590.69402 19.040 0.066 6.36 574.0
2458590.76180 19.153 0.051 5.73 444.0
2458590.89010 19.155 0.041 3.58 340.0
2458591.72748 19.112 0.062 6.37 555.0
2458591.82774 19.223 0.052 4.69 473.0
2458592.79524 18.978 0.071 6.38 618.0
2458592.87149 18.989 0.068 5.47 719.0
2458593.88140 19.081 0.073 4.20 1316.0
2458594.69530 19.200 0.075 5.26 738.0
2458594.78023 19.244 0.072 6.13 558.0
2458594.90032 19.299 0.076 5.23 663.0
2458599.69311 19.253 0.099 7.26 503.0
2458599.74661 19.268 0.077 6.70 349.0
2458599.80413 19.168 0.054 6.54 320.0
2458599.88579 19.175 0.040 3.68 333.0
2458599.93618 19.054 0.078 4.67 1265.0
2458600.71736 19.045 0.050 5.83 306.0
2458600.87559 19.105 0.046 4.58 384.0
2458601.68441 19.033 0.046 5.54 292.0
2458601.80897 19.050 0.042 4.83 325.0
2458602.68151 19.077 0.043 5.53 274.0
2458602.79242 19.184 0.047 5.28 284.0
2458603.66245 19.128 0.056 6.59 288.0
2458603.73299 19.052 0.045 5.01 242.0
2458603.89381 19.176 0.049 4.31 338.0
2458604.75394 19.159 0.064 6.36 261.0
2458604.89746 19.032 0.061 6.21 310.0
2458605.69629 19.140 0.056 6.13 282.0
2458605.84707 19.116 0.050 4.53 358.0
2458606.68390 19.050 0.043 5.11 275.0
2458606.78869 19.204 0.037 3.84 262.0
2458606.93798 19.205 0.084 3.79 1527.0
2458607.71404 19.057 0.047 5.70 268.0
2458607.85779 19.185 0.046 4.09 338.0
2458608.66640 19.166 0.063 5.65 481.0
2458608.83465 19.121 0.043 3.94 337.0
2458609.66616 18.971 0.051 6.49 379.0
2458612.79370 19.069 0.055 6.11 258.0
2458612.93425 19.159 0.078 6.19 432.0
2458613.69149 19.119 0.055 5.58 273.0
2458613.84374 19.127 0.046 4.40 348.0
2458614.64016 19.172 0.079 6.57 414.0
2458614.72668 19.084 0.061 5.92 332.0
2458614.88527 19.096 0.060 5.15 447.0
2458615.70776 19.071 0.066 6.56 350.0
2458615.82952 19.111 0.044 4.59 265.0
2458616.65029 19.144 0.056 5.72 370.0
2458616.74436 19.027 0.034 3.77 338.0
2458616.89271 19.025 0.042 3.89 393.0
2458617.66794 19.048 0.052 5.52 357.0
2458617.80407 19.155 0.038 3.60 303.0
2458618.64038 19.097 0.064 6.58 426.0
2458618.73812 19.165 0.057 5.18 408.0
2458618.89008 18.970 0.068 5.93 556.0
2458619.65791 19.006 0.073 7.17 427.0
2458620.64003 19.004 0.071 6.97 483.0
2458620.72746 19.136 0.054 4.96 404.0
2458620.89935 19.001 0.054 5.04 461.0
2458621.70521 19.143 0.089 6.09 698.0
2458621.88259 18.989 0.074 5.46 776.0
2458626.63153 19.234 0.089 6.38 490.0
2458626.68101 19.019 0.077 7.06 458.0
2458626.73144 19.157 0.067 5.60 428.0
2458626.79179 19.133 0.057 4.76 481.0
2458626.84654 18.992 0.064 5.49 532.0
2458626.89675 19.171 0.059 4.34 580.0
2458627.60547 19.115 0.055 6.52 391.0
2458627.68539 19.057 0.042 5.19 277.0
2458627.75818 19.157 0.044 4.06 394.0
2458635.65759 19.019 0.042 5.05 250.0
2458635.77058 18.999 0.044 5.14 288.0
2458635.90500 19.026 0.070 6.63 419.0
2458636.59657 18.974 0.045 5.47 295.0
2458636.72655 19.157 0.046 4.85 253.0
2458636.86204 19.062 0.046 4.83 306.0
2458637.59035 19.044 0.047 6.06 271.0
2458637.68543 19.072 0.039 4.74 252.0
2458637.82467 19.093 0.039 3.76 340.0
2458638.63248 18.949 0.044 6.43 266.0
2458638.79516 19.083 0.034 3.74 281.0
2458639.65628 19.056 0.037 4.51 323.0
2458639.76947 19.026 0.038 4.18 267.0
2458640.58010 18.942 0.052 6.20 315.0
2458640.69005 18.977 0.041 4.89 270.0
2458640.83471 19.002 0.054 5.48 326.0
2458641.61258 18.896 0.046 6.02 354.0
2458641.73536 19.023 0.035 4.14 317.0
2458642.73438 19.060 0.042 4.20 330.0
2458642.88502 19.057 0.062 5.33 483.0
2458643.58787 18.850 0.038 5.86 306.0
2458643.69146 18.988 0.033 3.82 291.0
2458643.81668 18.961 0.037 4.19 280.0
2458644.54702 19.064 0.071 6.74 428.0
2458644.60109 19.061 0.066 6.78 347.0
2458644.73119 18.969 0.034 3.98 280.0
2458644.84441 18.960 0.039 4.11 361.0
2458645.64063 18.968 0.049 5.87 305.0
2458646.58475 19.073 0.068 6.87 346.0
2458646.65402 18.908 0.047 5.87 291.0
2458646.76503 18.973 0.046 5.16 303.0
2458646.86860 19.058 0.087 7.61 412.0
2458647.62037 18.809 0.050 6.07 397.0
2458647.72757 19.069 0.055 5.30 385.0
2458647.84002 18.995 0.061 6.13 346.0
2458648.62472 19.054 0.068 6.01 523.0
2458648.73636 19.005 0.072 6.36 491.0
2458648.85138 18.831 0.053 5.61 499.0
2458649.60267 19.019 0.081 6.37 679.0
2458655.53097 18.746 0.040 6.94 416.0
2458655.72228 18.776 0.056 6.49 445.0
2458656.61611 18.840 0.039 4.89 471.0
2458656.69609 18.855 0.048 6.05 298.0
2458656.83228 18.808 0.041 5.12 419.0
2458657.55675 18.814 0.042 5.94 307.0
2458657.65362 18.884 0.044 5.64 278.0
2458657.77534 18.881 0.033 4.01 257.0
2458657.88380 18.704 0.036 4.96 400.0
2458658.55215 18.709 0.041 6.86 226.0
2458658.66851 18.802 0.027 4.21 272.0
2458660.53310 18.756 0.050 6.88 271.0
2458660.57708 18.759 0.034 5.69 220.0
2458660.64314 18.763 0.030 4.82 220.0
2458660.69528 18.692 0.030 4.64 224.0
2458660.74805 18.787 0.035 4.99 254.0
2458660.80136 18.796 0.036 4.76 336.0
2458660.84919 18.788 0.049 5.90 435.0
2458661.58787 18.687 0.052 7.79 244.0
2458661.63846 18.739 0.030 4.78 217.0
2458661.70617 18.800 0.035 5.33 214.0
2458662.58456 18.651 0.043 6.48 293.0
2458662.63371 18.855 0.038 5.31 260.0
2458662.68488 18.720 0.054 7.65 241.0
2458662.81415 18.772 0.053 6.36 445.0
2458664.53305 18.671 0.035 5.68 239.0
2458664.59270 18.709 0.028 4.77 188.0
2458664.64300 18.660 0.024 4.33 177.0
2458664.69334 18.620 0.026 4.65 188.0
2458664.74463 18.680 0.026 4.45 261.0
2458664.80018 18.734 0.031 4.78 334.0
2458665.56886 18.821 0.054 7.06 338.0
2458666.50529 18.568 0.054 7.11 494.0
2458666.54611 18.761 0.054 6.91 371.0
2458666.59229 18.670 0.039 5.88 314.0
2458666.63952 18.531 0.035 5.84 261.0
2458666.69325 18.553 0.027 4.74 214.0
2458666.75076 18.765 0.054 7.27 236.0
2458666.81994 18.428 0.040 7.34 255.0
2458667.53105 18.553 0.042 6.02 417.0
2458667.57454 18.510 0.040 6.50 342.0
2458667.62148 18.645 0.035 5.50 271.0
2458667.67050 18.613 0.032 4.92 300.0
2458667.72113 18.599 0.025 4.08 223.0
2458667.76864 18.523 0.026 4.39 249.0
2458667.81450 18.611 0.034 5.44 294.0
2458668.47557 18.450 0.043 7.30 406.0
2458668.55256 18.485 0.040 7.20 259.0
2458668.59911 18.624 0.037 6.05 241.0
2458668.66864 18.498 0.026 4.93 199.0
2458668.71897 18.432 0.022 4.33 193.0
2458668.76732 18.553 0.031 5.55 201.0
2458668.81349 18.550 0.027 4.82 242.0
2458669.50836 18.520 0.046 7.13 409.0
2458669.55351 18.466 0.036 6.21 353.0
2458669.60029 18.532 0.032 5.52 301.0
2458669.66948 18.542 0.028 4.63 266.0
2458669.71976 18.475 0.024 4.37 252.0
2458669.76739 18.522 0.023 3.84 262.0
2458669.81461 18.462 0.027 4.63 343.0
2458670.50850 18.515 0.032 6.03 318.0
2458670.55178 18.501 0.026 5.57 285.0
2458670.59835 18.451 0.021 4.40 231.0
2458670.66707 18.507 0.021 3.70 221.0
2458670.71738 18.496 0.020 3.84 195.0
2458670.76580 18.504 0.022 3.95 231.0
2458670.81200 18.500 0.027 4.72 267.0
2458672.67856 18.427 0.041 7.50 246.0
2458673.59489 18.383 0.025 4.24 328.0
2458673.66022 18.311 0.021 4.46 264.0
2458673.71315 18.391 0.024 4.85 254.0
2458673.75756 18.402 0.028 5.56 289.0
2458674.57825 18.374 0.034 6.62 264.0
2458674.62670 18.330 0.036 6.95 252.0
2458674.67806 18.335 0.021 4.34 234.0
2458674.73117 18.237 0.026 5.87 262.0
2458674.77218 18.429 0.031 5.90 306.0
2458674.82119 18.182 0.038 7.47 452.0
2458675.59828 18.330 0.031 4.61 663.0
2458675.63663 18.273 0.025 4.12 515.0
2458675.67681 18.164 0.019 3.89 338.0
2458675.71617 18.193 0.022 4.59 360.0
2458675.75281 18.307 0.023 4.19 357.0
2458675.79914 18.167 0.021 4.93 287.0
2458675.84036 18.303 0.035 6.69 358.0
2458676.46560 18.324 0.054 6.50 1004.0
2458676.50385 18.200 0.033 6.42 515.0
2458676.54313 18.274 0.027 5.16 413.0
2458676.59022 18.214 0.022 4.28 402.0
2458676.65146 18.246 0.024 4.55 391.0
2458676.67898 18.244 0.025 4.74 390.0
2458676.71621 18.221 0.025 4.82 406.0
2458676.75437 18.204 0.024 4.43 463.0
2458676.79247 18.219 0.029 5.05 525.0
2458681.47035 18.027 0.038 6.62 852.0
2458681.50932 17.961 0.032 5.97 841.0
2458681.54746 18.168 0.043 6.19 829.0
2458681.58275 18.070 0.037 6.17 762.0
2458681.63146 17.971 0.026 4.87 700.0
2458681.66799 17.953 0.027 5.02 717.0
2458681.73065 17.974 0.029 5.17 798.0
2458681.78437 17.887 0.040 7.04 994.0
2458682.46460 18.012 0.038 5.76 1370.0
2458682.50446 17.857 0.022 5.17 549.0
2458682.54250 17.886 0.022 5.26 524.0
2458682.58172 18.009 0.025 5.18 538.0
2458682.64793 17.880 0.021 4.75 489.0
2458682.70279 17.896 0.022 4.81 506.0
2458682.75559 17.954 0.028 5.89 575.0
2458682.79412 17.865 0.039 7.94 684.0
2458683.46601 17.735 0.027 6.65 750.0
2458683.50806 17.688 0.022 6.87 412.0
2458683.55140 17.940 0.025 5.87 426.0
2458683.59090 17.956 0.027 6.22 416.0
2458683.64038 17.879 0.020 5.04 371.0
2458683.68271 17.888 0.020 5.12 371.0
2458683.72599 17.895 0.031 7.24 441.0
2458683.76736 17.962 0.026 5.71 459.0
2458684.46776 17.827 0.024 5.88 610.0
2458684.51384 17.861 0.023 6.29 334.0
2458684.55210 17.854 0.021 4.92 447.0
2458684.59566 17.852 0.016 4.29 342.0
2458684.64059 17.845 0.018 4.50 406.0
2458684.69858 17.907 0.019 4.76 359.0
2458684.74712 17.778 0.017 4.73 368.0
2458684.78852 17.876 0.018 4.62 441.0
2458685.46658 17.853 0.022 5.60 561.0
2458685.52105 17.871 0.021 6.45 309.0
2458685.59947 17.783 0.015 4.53 357.0
2458685.68533 17.821 0.016 4.70 315.0
2458688.52100 17.915 0.028 7.09 307.0
2458688.56896 17.847 0.021 5.97 279.0
2458688.62735 17.842 0.020 6.39 219.0
2458688.66734 17.897 0.017 5.13 219.0
2458688.75093 17.836 0.022 6.65 276.0
2458689.46905 17.942 0.035 7.20 567.0
2458689.51625 17.811 0.023 6.72 312.0
2458689.55448 17.817 0.022 6.15 286.0
2458689.60938 17.904 0.018 5.17 235.0
2458689.66161 17.887 0.021 6.24 231.0
2458689.71360 17.813 0.018 6.14 232.0
2458689.75883 17.836 0.023 6.55 318.0
2458690.46676 17.728 0.030 6.74 800.0
2458690.50487 17.869 0.024 6.46 329.0
2458690.55148 17.981 0.028 6.52 302.0
2458690.60123 17.834 0.018 5.10 271.0
2458690.65590 17.885 0.016 4.45 250.0
2458690.70193 17.874 0.015 4.33 239.0
2458690.74007 17.930 0.019 5.45 250.0
2458690.78439 17.850 0.022 6.55 316.0
2458691.46463 17.996 0.037 5.36 1376.0
2458691.50277 17.897 0.015 4.64 286.0
2458691.54078 17.881 0.014 4.33 219.0
2458691.58027 17.909 0.016 4.49 209.0
2458691.62692 17.920 0.015 3.95 232.0
2458691.67723 17.957 0.017 4.06 289.0
2458691.72836 17.950 0.020 5.10 290.0
2458691.76629 18.043 0.034 7.60 313.0
2458692.46496 17.789 0.030 5.49 1229.0
2458692.50536 17.968 0.021 5.73 349.0
2458692.54975 17.962 0.018 4.49 379.0
2458692.66204 17.864 0.017 4.72 327.0
2458692.70601 17.974 0.020 5.27 271.0
2458692.75205 17.977 0.025 6.06 344.0
2458693.46556 18.100 0.057 7.57 1102.0
2458693.50638 18.005 0.027 7.04 259.0
2458693.54514 17.995 0.024 6.14 240.0
2458693.64025 18.075 0.023 5.74 236.0
2458693.68117 17.998 0.020 5.42 240.0
2458693.74676 18.007 0.023 5.90 303.0
2458694.46930 18.103 0.033 6.03 565.0
2458694.50957 18.062 0.022 5.39 291.0
2458694.54819 17.966 0.018 4.56 285.0
2458694.58929 18.057 0.017 4.18 256.0
2458694.62780 18.075 0.017 4.22 227.0
2458694.66615 18.039 0.016 3.85 221.0
2458694.75761 18.062 0.018 4.31 277.0
2458695.46892 18.017 0.025 5.30 652.0
2458695.50746 18.166 0.021 5.13 270.0
2458695.54821 18.138 0.021 5.16 255.0
2458695.59241 18.105 0.016 3.82 228.0
2458695.64914 18.124 0.016 3.62 197.0
2458695.69559 18.136 0.020 4.78 214.0
2458695.74432 18.131 0.019 4.34 275.0
2458697.50878 18.281 0.039 6.94 308.0
2458697.58096 18.236 0.035 6.89 257.0
2458697.65314 18.305 0.036 6.42 273.0
2458697.71109 18.171 0.028 6.21 231.0
2458698.46884 18.398 0.040 5.69 691.0
2458698.50702 18.200 0.023 5.66 237.0
2458698.54715 18.246 0.022 4.86 224.0
2458698.60117 18.245 0.019 4.22 210.0
2458698.64379 18.234 0.020 4.44 194.0
2458698.68761 18.240 0.022 4.92 217.0
2458698.73821 18.297 0.022 4.36 262.0
2458699.47163 18.306 0.030 4.66 594.0
2458699.51003 18.309 0.029 5.47 375.0
2458699.56392 18.320 0.020 4.50 250.0
2458699.61600 18.282 0.020 4.22 212.0
2458699.65961 18.262 0.020 4.13 227.0
2458699.69792 18.315 0.023 4.53 259.0
2458699.74319 18.291 0.021 4.24 258.0
2458700.47025 18.307 0.034 5.01 687.0
2458700.50978 18.286 0.021 4.47 258.0
2458700.57011 18.385 0.021 4.15 246.0
2458700.61041 18.391 0.024 4.44 269.0
2458700.66522 18.263 0.024 4.86 299.0
2458700.70874 18.410 0.028 5.09 281.0
2458700.74810 18.366 0.029 5.44 348.0
2458701.47123 18.387 0.034 4.77 545.0
2458701.51140 18.373 0.026 4.69 286.0
2458701.57078 18.335 0.022 4.40 256.0
2458701.62798 18.475 0.026 4.20 299.0
2458701.66624 18.349 0.024 4.54 269.0
2458701.71751 18.366 0.029 5.65 291.0
2458701.75565 18.445 0.037 5.81 433.0
2458702.47074 18.471 0.052 6.74 582.0
2458702.51129 18.443 0.028 4.84 290.0
2458702.58489 18.316 0.024 4.75 263.0
2458702.62347 18.370 0.023 4.56 257.0
2458702.67115 18.508 0.026 4.58 264.0
2458702.72701 18.535 0.028 4.86 266.0
2458703.47192 18.414 0.048 6.62 589.0
2458703.51268 18.563 0.041 5.02 571.0
2458703.56994 18.469 0.036 5.70 456.0
2458704.50515 18.573 0.056 7.06 448.0
2458704.57197 18.480 0.050 6.15 706.0
2458704.62719 18.569 0.049 6.36 494.0
2458708.57809 18.685 0.030 3.32 503.0
2458708.60765 18.595 0.030 3.83 476.0
2458708.70744 18.742 0.054 4.51 1040.0
2458709.52908 18.742 0.041 3.28 1135.0
2458710.47082 18.826 0.054 5.16 645.0
2458710.51170 18.825 0.049 4.35 800.0
2458711.46982 18.758 0.061 5.00 1069.0
2458711.50973 18.769 0.055 4.84 924.0
2458711.53480 18.607 0.050 5.01 985.0
2458711.58268 18.791 0.058 5.77 568.0
2458711.62215 18.719 0.046 5.40 472.0
2458711.66306 18.845 0.056 5.39 562.0
2458711.70669 18.657 0.079 7.36 818.0
2458712.48633 18.725 0.052 6.93 300.0
2458712.52656 18.607 0.045 6.31 335.0
2458712.57942 18.756 0.056 6.87 339.0
2458712.60215 18.523 0.046 6.85 366.0
2458712.64335 18.708 0.055 6.66 396.0
2458713.46886 18.862 0.092 6.60 1098.0
2458713.51132 18.810 0.038 5.09 279.0
2458713.55479 18.731 0.040 5.14 344.0
2458713.59671 18.892 0.049 5.37 377.0
2458713.63601 18.930 0.051 5.42 339.0
2458713.67681 18.899 0.058 6.11 390.0
2458713.71517 18.885 0.062 6.54 417.0
2458714.47331 18.725 0.052 5.85 486.0
2458714.51658 18.843 0.048 5.98 286.0
2458714.56305 18.717 0.042 5.54 313.0
2458714.60776 18.823 0.047 4.94 609.0
2458715.48882 18.764 0.036 5.07 293.0
2458715.53167 18.871 0.062 7.27 245.0
2458715.58703 18.789 0.034 4.47 283.0
2458715.62879 18.759 0.040 5.56 294.0
2458715.66835 18.710 0.034 5.27 287.0
2458715.70979 19.045 0.056 5.80 406.0
2458716.47731 18.925 0.037 4.24 346.0
2458716.52809 18.858 0.030 3.79 248.0
2458716.57940 18.878 0.032 4.02 238.0
2458716.62438 18.852 0.031 4.15 257.0
2458716.66945 18.758 0.035 4.90 295.0
2458716.70915 18.887 0.042 5.01 363.0
2458717.47037 18.799 0.095 6.54 1154.0
2458717.51245 18.887 0.054 6.43 258.0
2458717.55661 18.882 0.053 6.47 236.0
2458717.59771 18.807 0.043 5.65 257.0
2458717.64774 18.457 0.043 7.38 253.0
2458717.68920 18.681 0.053 7.51 314.0
2458718.47825 18.833 0.038 4.50 351.0
2458718.54220 18.795 0.029 3.98 235.0
2458718.58223 18.815 0.031 4.38 202.0
2458718.62348 18.912 0.035 4.19 242.0
2458718.69124 18.843 0.040 5.26 322.0
2458719.46964 18.868 0.100 6.50 1289.0
2458719.51238 18.984 0.060 6.27 289.0
2458719.55531 18.704 0.041 5.88 295.0
2458719.60415 18.990 0.052 6.01 290.0
2458719.62982 18.861 0.050 6.31 288.0
2458719.66873 19.059 0.060 6.51 298.0
2458721.47865 19.050 0.055 5.80 337.0
2458721.52240 18.864 0.038 5.20 242.0
2458721.57148 18.863 0.035 4.43 262.0
2458721.62192 18.860 0.036 4.62 252.0
2458721.66663 18.911 0.050 6.11 270.0
2458722.47161 19.173 0.089 4.97 1035.0
2458722.52733 19.002 0.035 4.03 278.0
2458722.57550 18.952 0.040 4.94 238.0
2458722.62409 18.893 0.034 4.46 212.0
2458722.67445 18.918 0.053 6.34 257.0
2458723.47563 18.857 0.046 4.91 515.0
2458723.52693 18.941 0.039 4.34 321.0
2458723.57992 18.935 0.043 4.79 330.0
2458723.61984 18.983 0.039 4.39 327.0
2458723.65884 19.103 0.053 5.56 296.0
2458723.69719 19.051 0.048 5.45 316.0
2458724.47157 19.016 0.077 4.70 1221.0
2458724.52537 18.999 0.040 4.56 272.0
2458724.56948 18.980 0.037 4.63 231.0
2458724.62064 18.996 0.038 4.53 256.0
2458724.66051 18.971 0.040 5.01 257.0
2458725.47725 19.029 0.061 5.67 489.0
2458725.52867 18.982 0.039 4.34 321.0
2458725.56094 18.996 0.042 4.85 278.0
2458725.61468 19.046 0.050 5.47 250.0
2458725.65541 19.002 0.048 5.90 274.0
2458726.47128 18.662 0.090 6.88 1353.0
2458726.51645 19.066 0.051 5.75 233.0
2458726.56106 18.974 0.046 5.58 240.0
2458726.61448 18.972 0.042 5.09 240.0
2458726.65354 18.954 0.039 5.17 227.0
2458727.49757 19.103 0.085 7.80 305.0
2458727.55180 18.850 0.070 8.07 323.0
2458727.58977 19.032 0.055 5.01 337.0
2458727.63524 18.885 0.056 6.42 345.0
2458727.67996 19.064 0.075 7.09 356.0
2458728.47919 19.026 0.076 6.79 497.0
2458728.52192 18.995 0.061 6.71 352.0
2458728.57343 18.946 0.045 5.35 295.0
2458728.61641 19.065 0.047 4.85 301.0
2458728.65488 18.998 0.049 5.28 310.0
2458729.47118 19.217 0.110 5.86 1023.0
2458729.51808 18.951 0.058 6.87 253.0
2458729.56071 19.026 0.046 5.15 279.0
2458729.60524 18.940 0.043 5.05 311.0
2458729.65364 18.932 0.047 5.70 300.0
2458730.47420 19.198 0.097 6.88 579.0
2458730.51839 18.956 0.057 6.63 247.0
2458730.56225 19.010 0.062 6.83 269.0
2458730.60207 18.960 0.047 5.57 267.0
2458730.64060 19.046 0.062 6.59 267.0
2458731.50684 18.903 0.064 7.16 297.0
2458731.57761 19.081 0.059 6.22 301.0
2458731.62057 19.155 0.077 7.04 322.0
2458736.58680 19.005 0.089 7.24 485.0
2458736.62762 19.330 0.097 6.18 576.0
2458737.59906 18.962 0.086 7.44 543.0
2458737.63862 18.841 0.079 7.38 602.0
2458738.48204 19.267 0.096 6.37 601.0
2458738.52514 19.070 0.055 4.83 484.0
2458738.56863 18.901 0.063 5.81 529.0
2458738.60760 18.833 0.072 6.67 607.0
2458738.64867 18.795 0.090 7.99 733.0
2458739.48240 19.046 0.077 6.29 513.0
2458739.52354 19.084 0.056 5.07 426.0
2458739.61841 18.956 0.082 7.01 538.0
2458740.47691 19.057 0.112 6.99 938.0
2458740.52137 19.051 0.080 7.13 432.0
2458740.56597 19.042 0.083 7.06 463.0
2458741.47726 19.296 0.133 6.69 932.0
2458741.52340 19.229 0.077 6.34 401.0
2458741.56522 19.044 0.063 5.95 415.0
2458741.61963 19.122 0.081 6.59 488.0
2458742.52104 19.096 0.070 6.06 397.0
2458742.56488 19.164 0.066 5.57 419.0
2458742.61866 18.961 0.075 6.90 484.0
2458745.58965 19.281 0.090 7.08 288.0
2458745.60395 19.112 0.092 8.21 306.0
2458745.62383 19.233 0.105 7.84 384.0
2458746.53310 19.166 0.059 5.96 279.0
2458746.54691 19.079 0.069 7.19 267.0
2458746.56097 19.081 0.071 7.45 260.0
2458746.61085 18.850 0.058 7.38 289.0
2458746.62486 18.958 0.070 7.74 307.0
2458747.47655 18.646 0.100 6.93 1773.0
2458747.49530 19.209 0.094 8.26 259.0
2458747.52382 19.036 0.072 7.86 244.0
2458747.56254 19.071 0.077 7.81 262.0
2458747.57720 19.044 0.060 6.60 249.0
2458748.47883 19.135 0.088 5.14 1093.0
2458748.49287 19.137 0.059 5.65 329.0
2458748.56670 19.262 0.082 6.47 337.0
2458748.60527 19.051 0.069 6.67 374.0
2458748.61908 19.235 0.088 7.24 389.0
2458750.53341 19.146 0.054 4.96 354.0
2458750.54739 19.278 0.069 5.65 336.0
2458750.56132 18.988 0.055 5.84 327.0
2458750.60408 19.075 0.053 5.29 327.0
2458750.61794 19.186 0.075 6.64 340.0
2458752.47988 19.239 0.094 4.97 1211.0
2458752.55364 19.129 0.053 5.07 338.0
2458752.56734 19.169 0.071 6.48 329.0
2458752.60555 19.236 0.081 6.93 335.0
2458753.49246 19.076 0.059 5.69 355.0
2458753.53694 19.156 0.069 6.17 314.0
2458753.58095 19.108 0.069 6.36 331.0
2458754.48157 19.021 0.075 5.79 934.0
2458754.52145 19.127 0.070 6.86 374.0
2458754.56602 19.135 0.082 7.32 371.0
2458754.60493 19.291 0.083 6.74 380.0
2458755.47918 19.069 0.078 4.24 1421.0
2458755.52790 19.072 0.038 3.67 315.0
2458755.56874 19.117 0.050 4.36 323.0
2458755.60467 19.181 0.057 4.77 365.0
2458757.48733 18.949 0.059 6.53 368.0
2458757.53066 19.025 0.063 6.46 323.0
2458757.55092 19.213 0.087 7.27 307.0
2458757.59523 19.053 0.067 6.63 311.0
2458759.51481 19.040 0.083 6.93 412.0
2458759.54676 19.062 0.093 6.95 544.0
2458759.56668 19.181 0.104 7.08 563.0
2458763.50398 19.109 0.078 5.61 692.0
2458763.51804 19.159 0.067 5.15 549.0
2458763.53193 19.230 0.083 5.90 550.0
2458763.58000 18.893 0.079 7.06 598.0
2458764.52581 19.056 0.075 6.89 426.0
2458764.56960 18.990 0.073 6.85 493.0
2458766.48237 19.067 0.090 5.38 1127.0
2458766.53152 19.020 0.088 6.36 691.0
2458768.48190 19.043 0.102 6.34 1006.0
2458768.53750 19.137 0.085 5.95 552.0
2458768.55548 18.972 0.078 6.41 608.0
2458769.48248 19.175 0.118 6.58 1026.0
2458772.51757 19.300 0.104 7.58 410.0
2458773.49123 19.184 0.127 7.58 785.0
2458773.54304 19.324 0.126 7.73 519.0
2458774.49547 19.042 0.094 7.48 526.0
2458775.49924 19.434 0.124 7.67 454.0
2458776.51515 19.422 0.136 7.83 473.0
2458781.49556 19.080 0.076 5.39 634.0
2458782.52600 19.154 0.084 7.05 517.0
2458783.53591 19.396 0.102 6.88 460.0
2458784.52237 19.353 0.120 7.99 442.0
2458787.50551 18.129 0.083 6.29 902.0
