2457436.83513 17.863 0.023 6.85 389.0
2457438.88156 17.888 0.020 5.82 385.0
2457441.86945 17.960 0.022 4.93 577.0
2457445.87994 17.858 0.017 4.67 430.0
2457447.90139 17.934 0.025 4.39 971.0
2457451.89990 17.884 0.017 3.94 582.0
2457453.88489 17.938 0.014 3.92 341.0
2457456.84282 17.871 0.016 4.61 385.0
2457458.84937 17.895 0.017 5.10 353.0
2457461.84935 17.860 0.014 4.13 338.0
2457463.89553 17.907 0.015 4.36 358.0
2457466.89587 17.927 0.017 4.76 412.0
2457472.78400 17.894 0.021 5.11 549.0
2457474.80244 17.868 0.018 4.72 536.0
2457475.83374 17.922 0.029 7.00 563.0
2457476.78663 17.908 0.016 4.01 482.0
2457479.81941 17.835 0.027 5.63 882.0
2457484.89967 17.887 0.017 5.30 359.0
2457486.82466 17.886 0.021 6.47 368.0
2457488.71974 17.939 0.018 5.40 362.0
2457491.73232 17.915 0.018 5.60 370.0
2457492.77894 17.867 0.015 4.69 349.0
2457493.76657 17.929 0.015 4.35 317.0
2457494.74971 17.937 0.016 4.44 333.0
2457495.73340 17.907 0.018 4.63 416.0
2457497.87906 17.906 0.017 4.96 398.0
2457498.88692 17.944 0.022 5.79 499.0
2457499.84000 17.923 0.018 4.64 490.0
2457500.78109 17.960 0.026 6.02 581.0
2457507.81697 17.871 0.016 4.23 438.0
2457508.86776 17.858 0.014 3.90 395.0
2457511.71472 17.891 0.015 4.43 353.0
2457512.91959 17.886 0.014 4.13 428.0
2457523.86947 17.916 0.017 4.98 399.0
2457526.88389 17.927 0.022 5.84 522.0
2457530.74869 17.907 0.021 4.69 724.0
2457534.87297 17.898 0.017 4.26 587.0
2457536.86903 17.918 0.019 4.66 562.0
2457546.72015 17.916 0.016 4.89 286.0
2457547.64650 17.851 0.017 5.86 291.0
2457548.80820 17.897 0.016 5.22 372.0
2457549.91011 17.885 0.020 6.15 416.0
2457550.88887 17.949 0.024 6.21 549.0
2457555.63080 17.892 0.020 5.82 457.0
2457557.56903 17.885 0.024 5.66 730.0
2457561.73225 17.925 0.018 4.04 590.0
2457566.58014 17.972 0.022 6.21 411.0
2457567.52342 17.906 0.026 6.90 557.0
2457567.84326 17.923 0.025 6.27 522.0
2457568.86676 18.005 0.031 7.44 543.0
2457570.66930 17.933 0.016 5.25 433.0
2457575.66517 17.987 0.019 5.31 298.0
2457576.67723 17.948 0.015 4.47 288.0
2457579.71530 17.869 0.017 5.63 354.0
2457584.59490 17.967 0.024 6.21 449.0
2457589.58776 17.892 0.022 4.91 776.0
2457590.60388 17.915 0.017 4.21 528.0
2457593.58403 17.918 0.016 4.77 292.0
2457596.54329 17.899 0.013 4.31 309.0
2457600.56584 17.907 0.021 5.98 357.0
2457602.65658 17.908 0.018 5.74 322.0
2457603.69721 17.902 0.014 4.49 281.0
2457604.70432 17.852 0.016 5.17 295.0
2457605.74554 17.918 0.022 6.15 391.0
2457607.71993 17.960 0.018 5.41 298.0
2457609.53871 17.938 0.021 5.64 378.0
2457610.69672 17.912 0.017 4.52 383.0
2457612.66753 17.916 0.031 5.91 968.0
2457617.51603 17.917 0.026 6.06 583.0
2457618.64344 17.990 0.026 5.68 614.0
2457622.47762 17.866 0.019 5.73 430.0
2457623.64757 17.863 0.017 5.70 341.0
2457625.59977 17.939 0.018 5.58 350.0
2457630.61069 17.893 0.016 4.72 324.0
2457632.61775 17.905 0.016 4.77 360.0
2457636.50169 17.909 0.025 7.39 388.0
2457638.54127 17.898 0.022 5.88 581.0
2457644.57068 17.910 0.031 5.64 1015.0
2457649.48789 17.863 0.015 4.43 444.0
2457651.59391 17.911 0.021 5.34 566.0
2457657.57978 17.925 0.019 5.34 412.0
2457660.54262 17.870 0.023 6.49 457.0
2457672.52144 17.925 0.022 5.05 619.0
2457679.53465 17.905 0.031 7.60 630.0
2457684.51855 17.912 0.029 7.22 599.0
2457797.86847 17.890 0.023 5.33 752.0
2457799.87764 17.982 0.027 6.05 569.0
2457801.86821 17.950 0.027 5.76 654.0
2457803.86584 17.933 0.024 4.52 920.0
2457809.85005 17.934 0.021 5.90 394.0
2457811.89540 17.866 0.017 5.06 406.0
2457815.84705 17.952 0.018 4.73 403.0
2457817.89566 17.896 0.016 4.03 425.0
2457820.82514 17.900 0.018 4.79 439.0
2457822.83481 17.895 0.023 5.70 563.0
2457824.86066 17.869 0.021 5.14 550.0
2457826.85591 17.916 0.022 5.53 572.0
2457828.84350 17.897 0.018 4.26 494.0
2457830.86320 17.910 0.018 4.46 497.0
2457835.89903 17.898 0.018 5.59 345.0
2457837.89720 17.900 0.017 5.01 321.0
2457839.90663 17.887 0.014 4.20 299.0
2457841.90209 17.878 0.025 7.56 346.0
2457843.85783 17.876 0.019 6.14 297.0
2457845.80122 17.862 0.015 4.66 314.0
2457847.74262 17.909 0.019 5.85 334.0
2457848.89085 17.910 0.015 4.43 287.0
2457850.79733 17.937 0.020 5.19 384.0
2457852.74924 17.913 0.029 7.48 484.0
2457854.85675 17.907 0.018 4.59 495.0
2457856.77586 17.866 0.021 5.20 533.0
2457858.87873 17.887 0.018 5.00 456.0
2457862.90859 17.916 0.017 4.51 386.0
2457865.81108 17.860 0.014 3.84 344.0
2457866.93084 17.897 0.021 3.82 926.0
2457868.88340 17.919 0.023 6.71 384.0
2457870.75945 17.900 0.014 4.27 298.0
2457871.91485 17.915 0.015 3.98 373.0
2457873.76855 17.877 0.013 3.47 324.0
2457874.86013 17.864 0.018 4.79 413.0
2457876.75783 17.904 0.017 4.71 369.0
2457877.85111 17.898 0.016 3.92 444.0
2457879.71521 17.874 0.021 5.72 437.0
2457880.87278 17.878 0.019 5.13 436.0
2457882.83155 17.883 0.018 4.30 537.0
2457890.88903 17.887 0.032 7.12 613.0
2457894.60520 17.900 0.021 6.99 449.0
2457895.59778 17.920 0.023 6.67 518.0
2457901.70828 17.901 0.018 5.58 394.0
2457902.82296 17.894 0.025 6.75 428.0
2457904.62687 17.884 0.021 6.34 379.0
2457905.59211 17.923 0.020 5.70 401.0
2457905.93835 17.926 0.025 6.02 618.0
2457906.90663 17.904 0.021 4.80 597.0
2457908.65161 17.903 0.020 5.23 502.0
2457909.58219 17.940 0.025 5.61 697.0
2457909.91457 17.923 0.024 5.54 674.0
2457910.85312 17.878 0.019 4.24 870.0
2457911.70547 17.922 0.026 6.35 544.0
2457916.75307 17.876 0.019 4.31 606.0
2457917.74210 17.917 0.019 4.70 486.0
2457923.61985 17.895 0.019 5.75 378.0
2457924.58858 17.943 0.019 5.49 369.0
2457925.61230 17.915 0.022 6.52 376.0
2457926.65330 17.885 0.016 4.91 307.0
2457932.66652 17.931 0.027 7.72 389.0
2457933.64717 17.894 0.020 6.33 305.0
2457934.68732 17.903 0.016 4.69 334.0
2457935.68333 17.930 0.017 4.49 333.0
2457936.67021 17.911 0.017 5.03 315.0
2457937.64426 17.871 0.017 5.15 357.0
2457944.47478 17.885 0.026 5.60 798.0
2457944.77739 17.968 0.023 5.00 657.0
2457945.69275 17.874 0.015 4.01 417.0
2457946.63669 17.880 0.018 5.06 409.0
2457948.69127 17.923 0.019 4.70 548.0
2457949.74100 17.893 0.023 5.56 540.0
2457953.66820 17.921 0.017 5.00 312.0
2457954.68891 17.994 0.015 4.44 309.0
2457956.67298 17.875 0.015 4.30 309.0
2457958.62000 17.894 0.022 6.80 345.0
2457959.63503 17.870 0.015 4.49 312.0
2457960.67285 17.902 0.017 5.62 278.0
2457961.72861 17.908 0.019 6.02 441.0
2457964.64587 17.870 0.018 5.00 380.0
2457966.58433 17.906 0.020 6.03 371.0
2457973.66813 17.929 0.023 5.07 661.0
2457975.47819 17.868 0.027 7.61 445.0
2457980.58236 17.893 0.021 5.56 476.0
2457982.54407 17.869 0.018 5.13 354.0
2457984.49186 17.890 0.024 7.21 402.0
2457986.51232 17.896 0.016 4.47 364.0
2457990.49649 17.963 0.020 5.40 405.0
2457992.48141 17.905 0.017 4.57 437.0
2457993.64092 17.878 0.020 5.75 384.0
2458001.57770 17.888 0.021 5.39 554.0
2458004.58047 17.879 0.024 6.46 489.0
2458014.54074 17.901 0.018 5.15 405.0
2458017.57118 17.905 0.022 6.22 438.0
2458035.55054 17.902 0.026 6.48 506.0
2458048.51971 17.956 0.020 5.51 404.0
2458057.51343 17.931 0.034 7.07 716.0
2458156.87819 17.976 0.022 5.10 623.0
2458161.88195 17.889 0.021 5.72 501.0
2458162.86995 17.886 0.016 5.44 401.0
2458163.87728 17.911 0.019 5.51 451.0
2458164.88301 17.948 0.019 5.48 437.0
2458169.88059 17.937 0.018 4.92 403.0
2458173.85699 17.959 0.017 4.43 475.0
2458176.88512 17.854 0.018 5.26 409.0
2458184.83845 17.879 0.018 4.10 576.0
2458190.79676 17.918 0.015 5.03 297.0
2458192.89238 17.930 0.015 4.17 339.0
2458195.82011 17.888 0.019 5.69 353.0
2458197.85036 17.904 0.016 4.54 340.0
2458199.86815 17.898 0.015 4.18 338.0
2458201.91462 17.904 0.017 4.83 375.0
2458203.90005 17.934 0.016 4.45 331.0
2458205.89084 17.942 0.017 4.85 337.0
2458207.84566 17.910 0.017 4.35 453.0
2458209.79324 17.872 0.020 4.77 577.0
2458210.91381 17.895 0.017 3.84 563.0
2458212.81265 17.888 0.017 4.10 571.0
2458220.78011 17.865 0.019 6.34 309.0
2458222.72000 17.899 0.016 4.99 353.0
2458224.71392 17.901 0.018 5.44 404.0
2458226.90512 17.923 0.021 6.08 334.0
2458228.83368 17.889 0.014 4.11 322.0
2458230.73225 17.894 0.016 4.88 344.0
2458233.82417 17.900 0.014 4.10 325.0
2458238.81643 17.945 0.019 4.38 652.0
2458245.74298 17.925 0.022 5.48 467.0
2458246.84550 17.897 0.016 4.10 468.0
2458247.88898 17.907 0.023 5.56 507.0
2458249.84807 17.901 0.015 4.04 390.0
2458250.91259 17.969 0.019 4.53 408.0
2458252.86036 17.879 0.020 6.09 403.0
2458254.64779 17.900 0.017 5.03 375.0
2458255.72230 17.918 0.018 5.28 325.0
2458256.77593 17.951 0.020 5.44 379.0
2458257.82898 17.958 0.018 4.60 354.0
2458259.64003 17.933 0.017 5.11 441.0
2458260.83881 17.892 0.013 3.22 493.0
2458262.69464 17.913 0.015 4.50 333.0
2458263.73702 17.935 0.014 3.92 353.0
2458264.87060 17.904 0.019 4.82 461.0
2458266.61263 17.878 0.038 6.57 1521.0
2458271.80985 17.932 0.025 6.05 580.0
2458272.89001 17.916 0.019 4.60 520.0
2458273.86388 17.870 0.022 5.87 450.0
2458274.84939 17.902 0.022 5.74 488.0
2458275.86217 17.917 0.019 4.98 471.0
2458276.84698 17.869 0.017 4.76 432.0
2458277.90470 17.888 0.018 4.86 484.0
2458282.64965 17.913 0.014 4.52 281.0
2458283.64406 17.890 0.016 4.99 326.0
2458284.61450 17.877 0.017 5.45 302.0
2458285.76291 17.936 0.019 5.42 341.0
2458286.87324 17.914 0.017 4.68 365.0
2458287.88064 17.891 0.014 3.81 361.0
2458288.88494 17.851 0.023 5.74 538.0
2458289.89155 17.936 0.021 5.57 481.0
2458291.55707 17.937 0.021 4.92 823.0
2458292.57277 17.916 0.021 5.33 452.0
2458293.57564 17.873 0.023 6.14 508.0
2458294.79325 17.930 0.030 6.81 775.0
2458301.72397 17.958 0.030 7.67 442.0
2458304.63016 17.890 0.025 7.18 414.0
2458305.74410 17.903 0.022 6.38 367.0
2458306.83852 17.910 0.027 6.90 507.0
2458307.82014 17.940 0.022 6.21 406.0
2458309.76965 17.875 0.015 4.53 373.0
2458310.67104 17.939 0.016 4.74 359.0
2458311.64134 17.949 0.016 5.12 292.0
2458312.64130 17.897 0.015 4.71 277.0
2458313.63609 17.904 0.014 4.11 279.0
2458314.64128 17.904 0.017 5.07 353.0
2458316.63386 17.890 0.021 6.29 357.0
2458320.68589 17.876 0.013 3.84 306.0
2458328.55304 17.910 0.021 5.26 529.0
2458329.60723 17.919 0.021 5.37 498.0
2458331.50409 17.913 0.017 4.86 344.0
2458332.63833 17.892 0.019 5.25 440.0
2458334.52885 17.914 0.016 4.68 401.0
2458336.52888 17.893 0.017 5.13 319.0
2458338.73275 17.896 0.018 5.32 397.0
2458340.64835 17.912 0.015 4.22 316.0
2458342.60622 17.896 0.018 4.90 372.0
2458345.50840 17.895 0.020 5.96 403.0
2458347.47828 17.863 0.019 5.44 389.0
2458349.51948 17.924 0.025 6.63 410.0
2458355.52918 17.952 0.022 5.66 513.0
2458357.57019 17.895 0.017 4.31 478.0
2458359.65246 17.855 0.021 5.34 497.0
2458363.63830 17.906 0.018 5.87 304.0
2458367.48785 17.887 0.020 5.69 402.0
2458369.54501 17.929 0.017 4.21 365.0
2458372.48591 17.943 0.026 6.68 433.0
2458375.61963 17.899 0.023 6.74 375.0
2458377.62994 17.847 0.032 7.69 677.0
2458383.51112 17.903 0.020 4.57 592.0
2458384.61319 17.865 0.019 4.35 671.0
2458387.49417 17.854 0.020 4.93 553.0
2458393.54509 17.904 0.023 6.27 401.0
2458401.53007 17.907 0.022 5.94 454.0
2458412.51264 17.854 0.033 7.42 655.0
2458415.50760 17.860 0.031 6.33 804.0
2458418.53890 17.873 0.029 6.96 603.0
2458529.86332 17.950 0.021 6.13 405.0
2458531.86465 17.908 0.023 6.51 406.0
2458532.89164 17.928 0.028 6.68 749.0
2458534.86317 17.926 0.021 5.01 594.0
2458535.85570 17.917 0.026 6.54 566.0
2458540.87895 17.911 0.027 5.11 1003.0
2458548.87160 17.890 0.014 3.83 371.0
2458551.86932 17.925 0.023 6.87 341.0
2458554.84507 17.906 0.018 5.49 356.0
2458556.86724 17.905 0.016 5.30 339.0
2458558.86400 17.880 0.016 5.20 349.0
2458560.84496 17.882 0.014 4.55 336.0
2458564.80754 17.903 0.016 3.88 520.0
2458566.80421 17.893 0.016 3.85 542.0
2458567.89009 17.875 0.018 4.51 486.0
2458575.78709 17.919 0.018 5.91 325.0
2458576.87521 17.911 0.019 6.20 315.0
2458578.82000 17.909 0.017 5.10 378.0
2458579.89721 17.909 0.018 4.55 452.0
2458581.74468 17.904 0.017 5.36 362.0
2458582.83959 17.887 0.020 6.05 377.0
2458584.72811 17.927 0.017 5.44 367.0
2458585.83201 17.884 0.014 4.10 328.0
2458586.92912 17.929 0.025 3.47 1661.0
2458588.77207 17.849 0.013 4.07 355.0
2458589.87745 17.938 0.016 3.92 351.0
2458591.71923 17.893 0.019 5.41 638.0
2458592.89251 17.908 0.018 3.85 683.0
2458594.79785 17.904 0.019 5.11 562.0
2458600.69400 17.888 0.017 5.32 353.0
2458601.81041 17.887 0.015 4.33 382.0
2458603.66684 17.922 0.019 6.31 363.0
2458604.78145 17.869 0.015 4.84 322.0
2458605.87442 17.915 0.016 4.29 374.0
2458607.66525 17.926 0.018 5.59 369.0
2458608.68321 17.893 0.019 5.43 494.0
2458612.85616 17.886 0.021 5.66 385.0
2458613.87622 17.920 0.015 3.63 450.0
2458614.91688 17.884 0.019 4.75 499.0
2458616.68372 17.898 0.016 4.79 412.0
2458617.71104 17.876 0.016 4.78 414.0
2458618.78297 17.881 0.016 4.00 488.0
2458619.80592 17.914 0.023 5.06 679.0
2458620.90067 17.905 0.019 4.66 507.0
2458626.66213 17.888 0.023 6.01 563.0
2458626.92769 17.836 0.020 4.61 695.0
2458635.77216 17.890 0.016 4.39 359.0
2458636.72804 17.878 0.015 4.52 327.0
2458637.70199 17.904 0.014 4.03 319.0
2458638.82778 17.892 0.014 3.79 343.0
2458640.62021 17.853 0.017 6.05 352.0
2458641.64225 17.882 0.015 4.49 402.0
2458643.59227 17.918 0.016 5.23 382.0
2458644.55152 17.926 0.027 7.05 480.0
2458644.87641 17.848 0.020 5.54 446.0
2458645.67059 17.918 0.020 5.58 477.0
2458648.60086 17.865 0.024 6.49 601.0
2458648.90847 17.859 0.020 5.79 487.0
2458657.59699 17.862 0.015 5.00 322.0
2458660.76686 17.826 0.014 4.08 358.0
2458662.60136 17.861 0.021 6.68 395.0
2458664.71325 17.800 0.012 4.11 261.0
2458666.64557 17.798 0.017 5.82 332.0
2458667.67669 17.762 0.015 4.75 368.0
2458668.64864 17.732 0.014 5.64 267.0
2458669.60632 17.727 0.014 4.64 364.0
2458670.57292 17.710 0.011 3.93 331.0
2458673.59162 17.662 0.015 4.90 415.0
2458674.74025 17.686 0.014 5.36 327.0
2458676.50061 17.687 0.019 5.89 584.0
2458676.82881 17.673 0.018 5.77 508.0
2458677.60029 17.665 0.017 4.98 577.0
2458681.66430 17.715 0.019 4.66 771.0
2458682.79239 17.775 0.023 5.98 695.0
2458684.50691 17.821 0.019 6.15 386.0
2458685.59488 17.775 0.016 4.34 706.0
2458689.55133 17.861 0.018 5.44 363.0
2458690.73693 17.817 0.013 4.24 310.0
2458691.76470 17.839 0.020 6.11 363.0
2458692.78503 17.838 0.019 5.50 457.0
2458694.54047 17.848 0.015 4.48 368.0
2458695.54007 17.844 0.015 5.04 328.0
2458698.54539 17.846 0.014 4.64 298.0
2458700.60411 17.837 0.014 4.06 335.0
2458702.62015 17.896 0.016 5.35 325.0
2458711.70151 17.923 0.038 6.90 1008.0
2458713.71039 17.892 0.021 5.69 461.0
2458716.70734 17.904 0.016 4.63 397.0
2458719.62474 17.916 0.020 6.26 363.0
2458723.68954 17.882 0.014 4.36 352.0
2458726.64860 17.893 0.015 4.93 284.0
2458728.65031 17.880 0.016 4.35 352.0
2458730.63598 17.884 0.021 6.50 342.0
2458736.66079 17.875 0.027 6.35 706.0
2458739.52140 17.875 0.021 5.85 499.0
2458742.61719 17.913 0.022 5.56 531.0
2458752.60248 17.871 0.019 5.91 386.0
2458763.57847 17.906 0.025 5.90 620.0
