2457429.87540 19.151 0.093 6.72 626.0
2457430.87115 19.190 0.068 5.60 852.0
2457431.85970 19.139 0.063 5.08 641.0
2457432.86367 19.062 0.059 5.38 527.0
2457433.88295 19.076 0.060 4.97 564.0
2457435.89455 19.096 0.114 6.51 1278.0
2457437.85012 19.228 0.072 5.79 451.0
2457438.86687 19.199 0.072 5.61 505.0
2457439.89321 19.137 0.086 4.93 1094.0
2457441.84497 19.228 0.082 5.27 846.0
2457442.86171 19.068 0.066 4.71 748.0
2457444.85119 19.216 0.080 5.80 613.0
2457445.84165 19.108 0.062 5.21 619.0
2457446.85004 19.267 0.057 4.21 562.0
2457447.85974 19.132 0.058 4.61 518.0
2457448.86757 19.336 0.084 4.32 1069.0
2457449.83340 19.431 0.144 5.46 1504.0
2457449.89703 19.204 0.060 4.34 525.0
2457452.83051 19.080 0.044 3.88 498.0
2457453.82755 19.093 0.047 4.63 474.0
2457454.90455 19.198 0.070 4.80 625.0
2457456.81218 19.130 0.078 6.16 552.0
2457457.78944 19.052 0.074 5.97 644.0
2457458.79826 19.462 0.142 7.80 515.0
2457460.78445 19.463 0.129 7.41 523.0
2457461.78477 19.101 0.049 4.32 498.0
2457462.78781 19.089 0.057 4.87 557.0
2457462.90651 19.076 0.051 4.09 571.0
2457464.84237 19.244 0.064 5.22 535.0
2457465.86866 19.179 0.060 4.64 512.0
2457467.80272 19.176 0.069 5.48 592.0
2457470.75780 19.130 0.102 6.77 819.0
2457470.88794 19.222 0.061 4.33 579.0
2457471.83138 19.430 0.091 4.92 663.0
2457472.78207 19.320 0.082 5.13 665.0
2457472.91496 19.261 0.078 4.88 685.0
2457474.78748 19.240 0.075 5.36 667.0
2457474.88921 19.198 0.055 4.01 578.0
2457475.81849 18.972 0.078 6.11 690.0
2457476.79859 19.164 0.073 4.50 992.0
2457480.80848 19.170 0.109 7.36 511.0
2457484.72598 19.425 0.117 7.92 459.0
2457484.83101 19.252 0.074 5.92 433.0
2457485.74606 19.178 0.080 6.68 417.0
2457485.85073 19.200 0.068 5.88 405.0
2457486.85105 19.093 0.065 5.69 445.0
2457487.74347 19.013 0.052 5.23 470.0
2457487.86021 19.186 0.069 5.80 492.0
2457488.74653 19.122 0.058 5.33 460.0
2457488.86936 19.203 0.044 3.45 504.0
2457489.78595 19.301 0.072 5.29 550.0
2457489.84450 19.144 0.055 4.97 622.0
2457491.75864 19.279 0.111 7.49 482.0
2457491.87773 19.182 0.042 3.75 384.0
2457492.74701 19.013 0.051 5.38 430.0
2457492.86555 19.219 0.044 3.54 439.0
2457493.73491 19.278 0.077 5.87 428.0
2457493.85338 18.967 0.034 3.82 348.0
2457494.71614 19.062 0.051 5.00 462.0
2457494.83853 18.932 0.038 4.26 397.0
2457495.68735 19.241 0.080 5.90 584.0
2457495.79571 19.136 0.069 5.61 451.0
2457495.90799 19.187 0.070 5.45 454.0
2457497.93270 19.245 0.122 6.49 961.0
2457498.81400 19.143 0.068 5.11 584.0
2457499.67994 19.111 0.091 6.38 850.0
2457499.77925 19.110 0.057 4.66 609.0
2457499.88078 19.121 0.057 4.54 564.0
2457500.72115 19.335 0.092 5.48 758.0
2457500.82028 19.155 0.066 4.55 642.0
2457500.92272 19.095 0.071 5.16 677.0
2457507.82937 19.092 0.044 3.57 536.0
2457508.65590 19.198 0.059 4.98 476.0
2457508.77897 19.132 0.037 3.30 417.0
2457509.77290 19.160 0.063 5.04 448.0
2457509.87551 19.191 0.055 4.38 487.0
2457511.72691 19.187 0.050 4.58 429.0
2457511.84755 19.168 0.046 3.87 472.0
2457512.79660 19.138 0.045 4.12 412.0
2457512.91786 19.188 0.051 4.22 502.0
2457518.74020 19.196 0.080 6.31 460.0
2457522.85364 19.338 0.084 5.28 563.0
2457523.85201 19.285 0.062 4.75 465.0
2457526.61512 19.304 0.117 7.68 740.0
2457526.72512 19.132 0.069 5.51 597.0
2457526.86565 19.171 0.075 5.79 547.0
2457528.84820 19.159 0.075 4.92 761.0
2457529.75513 19.306 0.122 6.58 755.0
2457530.70038 19.243 0.086 5.03 941.0
2457530.83954 19.088 0.069 4.83 836.0
2457534.69949 18.941 0.056 5.78 601.0
2457534.81017 19.269 0.059 4.18 587.0
2457534.91639 19.221 0.073 4.32 897.0
2457536.70013 19.230 0.076 5.64 468.0
2457536.80944 19.279 0.063 4.21 478.0
2457545.64687 19.327 0.068 5.25 418.0
2457545.85275 19.103 0.056 4.80 446.0
2457546.77735 19.121 0.075 6.06 439.0
2457546.87634 19.139 0.070 5.32 549.0
2457546.94362 18.909 0.075 6.10 757.0
2457547.62912 19.077 0.065 5.96 384.0
2457547.77124 19.148 0.059 5.30 358.0
2457547.86998 19.108 0.069 5.99 409.0
2457548.73700 19.037 0.037 4.02 370.0
2457549.62658 19.084 0.047 5.07 364.0
2457549.76274 19.074 0.049 4.94 344.0
2457549.88046 19.261 0.061 5.15 399.0
2457550.63469 19.393 0.097 6.81 406.0
2457550.77461 19.254 0.056 4.66 456.0
2457550.87338 19.190 0.082 5.93 603.0
2457552.88406 19.427 0.098 6.45 817.0
2457554.66426 19.397 0.073 5.12 438.0
2457555.56675 19.393 0.099 5.96 945.0
2457555.67486 19.219 0.055 4.24 553.0
2457555.78088 19.049 0.054 4.80 497.0
2457555.90125 19.152 0.063 4.98 528.0
2457557.61297 19.304 0.093 5.96 729.0
2457557.73024 19.146 0.072 4.98 738.0
2457557.87373 19.375 0.098 5.00 830.0
2457561.63117 19.069 0.059 4.34 814.0
2457561.74362 19.141 0.066 4.66 751.0
2457561.84161 19.236 0.080 4.46 947.0
2457562.60853 19.258 0.107 5.36 1580.0
2457566.57719 19.142 0.075 6.11 482.0
2457566.69682 19.120 0.059 5.58 384.0
2457566.79792 19.115 0.063 5.45 497.0
2457567.50579 19.278 0.115 7.52 714.0
2457567.61499 19.255 0.072 5.44 571.0
2457567.72689 19.164 0.056 4.76 501.0
2457567.82630 19.069 0.064 5.35 530.0
2457568.59926 19.200 0.070 5.98 417.0
2457568.72263 18.952 0.072 7.21 392.0
2457569.61700 19.198 0.058 4.96 433.0
2457569.74278 19.250 0.065 5.49 403.0
2457570.69716 19.257 0.067 5.62 356.0
2457573.59498 18.960 0.062 6.37 398.0
2457575.51157 18.930 0.077 7.25 433.0
2457575.52554 19.177 0.081 6.51 419.0
2457575.70478 19.072 0.045 4.36 354.0
2457575.84399 19.073 0.060 5.41 466.0
2457576.66261 19.140 0.052 5.03 354.0
2457576.80374 19.024 0.058 5.57 400.0
2457579.63235 19.185 0.070 6.12 416.0
2457581.77875 19.105 0.056 5.25 470.0
2457583.77236 19.251 0.077 5.79 437.0
2457584.63296 19.209 0.080 5.95 511.0
2457584.78647 19.214 0.073 5.42 566.0
2457589.58641 19.365 0.113 5.81 923.0
2457589.74764 19.236 0.098 5.37 967.0
2457590.53819 19.185 0.071 5.01 777.0
2457590.68592 19.147 0.061 4.80 605.0
2457591.56052 19.047 0.128 6.55 1686.0
2457593.62885 19.229 0.071 5.85 374.0
2457593.76755 19.220 0.057 5.05 404.0
2457596.54202 19.021 0.041 4.69 368.0
2457599.62651 19.091 0.068 6.11 382.0
2457600.48397 19.003 0.090 7.42 475.0
2457602.69326 19.092 0.055 5.03 397.0
2457603.51359 19.364 0.077 5.73 379.0
2457603.67109 19.006 0.042 4.44 331.0
2457604.63989 19.196 0.053 5.10 329.0
2457605.47829 19.346 0.085 6.48 411.0
2457605.64424 19.242 0.063 5.28 375.0
2457605.78024 19.006 0.060 5.31 493.0
2457607.55437 19.310 0.086 6.45 392.0
2457607.71874 19.160 0.062 5.24 357.0
2457608.63804 19.094 0.050 4.68 379.0
2457609.49317 19.294 0.085 6.11 423.0
2457609.68075 19.116 0.061 5.08 402.0
2457610.52188 19.121 0.074 6.11 431.0
2457610.71018 19.083 0.052 4.23 457.0
2457612.48478 19.097 0.083 6.35 540.0
2457612.62863 19.238 0.064 4.95 475.0
2457616.48680 19.229 0.107 5.68 1108.0
2457616.66041 19.240 0.090 4.87 1129.0
2457617.60684 19.189 0.096 5.84 706.0
2457618.65676 19.084 0.071 4.76 748.0
2457621.47715 19.124 0.077 6.30 549.0
2457621.67052 19.237 0.090 6.70 475.0
2457622.61724 19.104 0.058 4.67 455.0
2457623.52321 19.096 0.048 4.50 421.0
2457623.70439 19.295 0.079 5.51 471.0
2457624.65500 19.081 0.054 5.14 388.0
2457625.62779 19.035 0.055 5.45 395.0
2457626.62077 19.188 0.065 4.57 419.0
2457630.59490 19.152 0.053 4.53 387.0
2457631.57217 19.130 0.045 4.30 377.0
2457632.55702 19.176 0.064 5.25 405.0
2457633.59936 19.233 0.098 7.26 415.0
2457635.50739 19.234 0.096 6.98 454.0
2457636.56710 19.318 0.095 6.56 445.0
2457637.55794 19.286 0.067 5.65 386.0
2457639.62231 19.180 0.056 4.52 481.0
2457644.54369 19.279 0.111 5.89 800.0
2457648.56114 19.238 0.093 5.68 626.0
2457649.58643 19.230 0.058 3.73 614.0
2457650.51510 19.310 0.062 4.95 403.0
2457650.60565 19.147 0.081 6.38 559.0
2457651.53049 19.327 0.073 5.26 512.0
2457652.51768 19.182 0.060 5.36 408.0
2457652.52617 19.129 0.057 5.35 411.0
2457653.51708 19.034 0.046 4.60 424.0
2457653.57457 19.166 0.055 5.11 424.0
2457654.53316 19.287 0.095 6.64 496.0
2457655.52509 19.251 0.071 5.71 427.0
2457655.57665 19.365 0.078 5.79 434.0
2457656.52449 19.005 0.069 6.29 475.0
2457657.53146 19.401 0.092 5.67 468.0
2457657.57066 19.294 0.071 5.17 474.0
2457660.51888 19.242 0.082 5.85 520.0
2457660.52526 19.128 0.077 6.00 521.0
2457661.52036 19.126 0.079 6.47 480.0
2457661.57145 19.327 0.093 6.16 497.0
2457664.51915 19.376 0.108 6.25 574.0
2457666.52143 19.006 0.074 6.56 545.0
2457667.55071 19.124 0.067 5.37 505.0
2457671.50771 19.258 0.099 5.73 827.0
2457671.53275 19.101 0.074 5.19 682.0
2457672.50925 19.192 0.107 6.85 807.0
2457673.52952 19.075 0.087 4.76 1268.0
2457675.51615 19.391 0.157 7.62 721.0
2457675.53837 19.243 0.094 5.58 744.0
2457682.51139 19.124 0.074 5.51 662.0
2457683.51043 19.218 0.085 5.97 575.0
2457792.87546 19.011 0.084 6.78 808.0
2457793.88298 19.066 0.069 5.29 802.0
2457794.88997 19.244 0.123 6.21 1229.0
2457797.87608 19.123 0.086 5.46 925.0
2457799.87070 19.202 0.088 5.89 691.0
2457801.86071 19.124 0.093 6.35 818.0
2457803.84068 19.298 0.127 5.94 1394.0
2457803.89858 19.291 0.133 4.49 2492.0
2457808.87879 19.064 0.049 4.65 441.0
2457809.87358 19.420 0.092 6.13 475.0
2457810.86853 19.242 0.064 4.90 464.0
2457811.88760 19.097 0.066 5.81 469.0
2457813.81789 19.202 0.081 5.93 638.0
2457816.81616 19.341 0.104 6.88 512.0
2457817.81257 19.095 0.058 5.02 562.0
2457817.90303 19.092 0.058 3.97 864.0
2457818.88914 19.227 0.055 4.44 464.0
2457819.87563 19.079 0.049 4.58 422.0
2457820.87834 19.051 0.048 4.46 470.0
2457821.87599 19.399 0.090 5.25 513.0
2457822.87176 19.205 0.068 5.11 504.0
2457823.85705 19.158 0.060 4.37 644.0
2457824.85312 19.326 0.103 5.90 688.0
2457825.84483 19.241 0.075 5.45 641.0
2457826.80314 19.057 0.073 5.67 767.0
2457826.89305 19.183 0.073 5.18 627.0
2457827.87983 19.174 0.058 4.49 540.0
2457828.84920 19.085 0.055 4.45 571.0
2457829.83130 19.081 0.077 5.71 684.0
2457830.84261 19.118 0.061 4.83 616.0
2457834.78966 19.390 0.127 6.66 732.0
2457834.89922 19.164 0.070 5.00 645.0
2457835.86632 19.377 0.113 7.14 423.0
2457836.81894 19.123 0.068 5.96 396.0
2457837.75544 19.165 0.084 7.24 404.0
2457837.86360 19.186 0.072 6.11 393.0
2457838.80176 19.231 0.066 5.38 440.0
2457839.74659 19.115 0.054 5.49 390.0
2457839.87054 19.252 0.049 4.17 342.0
2457840.79332 19.235 0.064 5.47 366.0
2457840.91368 19.095 0.049 4.28 471.0
2457841.85128 19.316 0.107 7.36 401.0
2457842.76812 19.270 0.094 6.95 407.0
2457842.87652 19.101 0.055 5.08 402.0
2457843.80044 19.119 0.059 5.45 363.0
2457843.91619 19.169 0.054 4.86 384.0
2457845.74405 19.161 0.084 6.85 436.0
2457845.86140 18.993 0.047 5.01 372.0
2457846.79149 19.127 0.064 6.00 366.0
2457846.89722 19.149 0.059 5.37 385.0
2457847.80214 19.231 0.065 5.01 393.0
2457847.92308 19.039 0.078 4.86 1057.0
2457848.81564 19.122 0.046 4.48 351.0
2457849.72173 19.245 0.094 6.44 611.0
2457849.82892 19.051 0.041 3.91 383.0
2457850.73369 19.245 0.100 6.48 574.0
2457850.84267 19.246 0.057 4.97 391.0
2457851.75128 19.218 0.083 5.78 598.0
2457851.85994 19.126 0.054 4.89 399.0
2457852.85713 18.950 0.077 7.26 455.0
2457853.91594 19.169 0.098 7.26 490.0
2457854.78624 19.097 0.052 4.11 611.0
2457854.90377 19.089 0.048 3.68 558.0
2457855.81258 19.260 0.066 4.26 647.0
2457856.82329 19.209 0.095 6.26 620.0
2457857.85649 19.213 0.118 7.29 696.0
2457857.91300 19.109 0.089 5.25 1056.0
2457858.77623 19.193 0.070 5.06 632.0
2457858.92403 18.993 0.056 4.83 615.0
2457862.78233 19.233 0.075 5.82 476.0
2457862.90672 19.073 0.054 4.57 460.0
2457863.86283 19.090 0.050 4.76 439.0
2457864.83321 19.088 0.040 3.97 381.0
2457865.69144 19.043 0.050 5.16 423.0
2457865.80926 19.170 0.044 3.72 404.0
2457866.68688 19.131 0.056 5.21 445.0
2457866.80483 19.066 0.041 3.72 388.0
2457866.92899 19.212 0.060 3.48 785.0
2457867.80843 19.188 0.040 3.52 355.0
2457867.93074 18.935 0.062 4.84 808.0
2457868.88159 19.202 0.111 8.11 466.0
2457869.74612 19.236 0.055 4.56 402.0
2457869.87705 19.058 0.042 3.76 424.0
2457870.75767 19.117 0.040 3.87 352.0
2457870.88847 19.098 0.044 4.02 391.0
2457871.77156 19.090 0.045 4.12 414.0
2457871.91307 19.147 0.047 3.78 428.0
2457872.77172 19.102 0.039 3.47 404.0
2457872.92062 19.222 0.052 3.85 466.0
2457873.75102 19.118 0.041 3.50 396.0
2457873.88565 19.126 0.046 3.76 426.0
2457874.84166 19.128 0.072 6.33 450.0
2457875.76427 19.139 0.052 4.46 438.0
2457875.91422 19.133 0.058 4.72 600.0
2457876.72313 19.190 0.068 5.54 505.0
2457876.86136 19.102 0.048 4.13 439.0
2457877.68518 19.093 0.057 5.11 496.0
2457877.81532 19.191 0.042 3.35 431.0
2457878.71486 19.077 0.044 3.78 507.0
2457878.85735 19.178 0.048 4.02 436.0
2457879.68249 19.221 0.084 6.24 539.0
2457880.71141 19.236 0.097 6.98 540.0
2457880.83319 19.222 0.083 5.93 539.0
2457881.78785 19.310 0.102 5.98 740.0
2457881.90668 19.048 0.089 6.94 565.0
2457882.78691 19.207 0.079 5.60 589.0
2457882.91698 19.076 0.059 4.70 585.0
2457889.94000 19.199 0.153 6.56 1644.0
2457890.83978 19.238 0.071 4.78 628.0
2457893.66076 19.064 0.075 6.70 498.0
2457893.77831 19.192 0.069 5.64 467.0
2457893.89922 19.083 0.058 4.99 500.0
2457894.64455 19.139 0.076 6.40 520.0
2457894.77117 19.182 0.067 6.06 413.0
2457894.88112 19.081 0.051 4.50 470.0
2457895.64319 19.264 0.067 5.40 619.0
2457897.68540 19.216 0.065 5.24 436.0
2457900.91862 19.061 0.077 6.20 487.0
2457901.62018 18.968 0.088 7.97 490.0
2457901.78060 19.308 0.069 5.16 505.0
2457902.61165 19.346 0.114 7.27 482.0
2457902.73073 19.277 0.059 4.85 406.0
2457902.90481 19.026 0.078 6.14 577.0
2457903.78045 19.061 0.082 6.99 404.0
2457903.89859 19.119 0.067 5.51 489.0
2457904.64048 19.338 0.080 6.15 414.0
2457904.76853 19.021 0.042 4.29 353.0
2457904.87824 18.977 0.058 5.42 458.0
2457905.60641 19.152 0.065 6.08 463.0
2457905.72440 19.150 0.049 4.56 384.0
2457905.84619 19.085 0.051 4.25 478.0
2457905.94458 19.025 0.082 4.78 1258.0
2457906.66479 19.220 0.052 4.21 426.0
2457906.79598 19.158 0.049 3.72 467.0
2457906.90505 19.165 0.062 4.12 648.0
2457907.66962 19.089 0.068 5.01 740.0
2457907.76880 19.231 0.063 4.57 531.0
2457908.61915 19.120 0.080 6.12 646.0
2457908.73677 19.021 0.043 3.73 525.0
2457908.85781 19.163 0.055 4.25 477.0
2457908.94253 18.966 0.085 5.90 940.0
2457909.66058 19.098 0.054 4.24 547.0
2457909.78095 19.143 0.062 4.09 736.0
2457909.88573 19.081 0.052 3.93 625.0
2457910.56750 19.204 0.105 7.02 770.0
2457910.68496 19.117 0.057 4.46 540.0
2457910.80744 19.134 0.053 4.06 563.0
2457910.93138 18.941 0.056 5.05 716.0
2457911.64252 19.283 0.084 5.39 659.0
2457911.81199 19.060 0.083 5.91 730.0
2457917.62669 19.204 0.088 5.99 625.0
2457917.74054 19.213 0.062 4.46 558.0
2457917.84911 18.925 0.064 5.03 765.0
2457918.59932 19.279 0.096 6.53 805.0
2457918.60232 19.235 0.088 6.34 698.0
2457922.60349 19.132 0.075 6.27 508.0
2457922.73255 19.255 0.078 5.73 449.0
2457923.60316 19.076 0.067 6.01 490.0
2457923.74007 19.128 0.086 6.69 480.0
2457923.84889 19.073 0.079 6.33 519.0
2457924.52562 19.132 0.080 6.69 543.0
2457924.63287 19.132 0.056 4.53 431.0
2457924.76007 19.134 0.056 4.39 414.0
2457924.86775 19.178 0.055 3.73 537.0
2457925.65711 19.146 0.050 4.63 374.0
2457925.79454 19.065 0.066 6.11 393.0
2457926.56251 19.365 0.096 6.77 491.0
2457926.71011 19.283 0.077 5.92 423.0
2457926.83453 19.208 0.087 6.40 464.0
2457928.67512 19.191 0.060 5.14 424.0
2457932.71364 19.331 0.106 7.06 425.0
2457932.83369 19.167 0.069 5.46 471.0
2457933.58376 19.229 0.089 6.87 409.0
2457933.69545 19.153 0.069 6.06 358.0
2457933.81407 19.137 0.097 7.66 409.0
2457934.51918 19.289 0.079 6.10 497.0
2457934.62596 19.164 0.057 5.17 392.0
2457934.74953 19.155 0.051 4.46 407.0
2457934.85153 19.391 0.111 7.02 431.0
2457935.60743 19.212 0.054 4.33 405.0
2457935.72971 19.204 0.053 4.39 358.0
2457935.86086 19.104 0.047 4.12 396.0
2457935.88964 19.059 0.049 4.41 438.0
2457936.59061 19.162 0.057 5.11 406.0
2457936.72645 19.046 0.056 5.30 375.0
2457936.84591 19.297 0.098 6.90 378.0
2457937.53170 19.215 0.088 6.38 603.0
2457937.64283 19.133 0.054 4.89 413.0
2457937.77475 19.287 0.088 6.51 416.0
2457938.55516 19.304 0.106 6.43 567.0
2457944.46740 19.209 0.129 6.78 1272.0
2457944.51003 19.324 0.117 6.36 896.0
2457944.56163 19.167 0.090 5.69 799.0
2457944.60213 19.263 0.079 4.83 749.0
2457944.66200 19.267 0.088 5.29 695.0
2457944.71271 19.133 0.070 4.55 713.0
2457944.77149 19.233 0.072 4.35 759.0
2457944.81321 19.119 0.123 6.93 910.0
2457945.56326 19.133 0.066 5.18 585.0
2457945.67557 19.049 0.044 3.77 495.0
2457945.78587 19.056 0.060 4.80 619.0
2457946.49752 19.163 0.065 5.79 422.0
2457946.61845 19.126 0.067 5.49 500.0
2457946.74809 19.214 0.081 5.76 478.0
2457946.84830 19.214 0.100 6.29 659.0
2457947.60220 19.125 0.060 5.30 434.0
2457947.76222 19.130 0.074 5.84 472.0
2457948.49211 19.338 0.093 6.70 442.0
2457948.62307 19.259 0.075 6.04 436.0
2457948.76048 19.063 0.054 4.69 493.0
2457949.55653 19.295 0.128 7.11 729.0
2457949.67262 19.282 0.091 6.00 568.0
2457952.69247 19.313 0.080 5.74 399.0
2457952.81396 19.190 0.074 5.81 397.0
2457953.59399 19.089 0.048 4.81 371.0
2457953.71677 19.227 0.050 4.56 323.0
2457954.47175 19.321 0.085 5.41 701.0
2457954.60325 19.115 0.041 3.92 336.0
2457954.75223 19.194 0.049 4.16 427.0
2457955.78766 19.168 0.058 5.09 390.0
2457956.58604 19.169 0.050 4.65 370.0
2457956.71930 19.142 0.051 4.38 385.0
2457957.64502 19.076 0.062 5.72 394.0
2457957.79086 19.204 0.087 6.92 401.0
2457958.65690 19.151 0.071 6.07 395.0
2457958.76933 19.041 0.067 6.10 403.0
2457959.51688 19.077 0.055 5.46 425.0
2457959.63374 19.110 0.047 4.53 359.0
2457959.75062 19.182 0.063 5.41 380.0
2457960.50320 19.187 0.063 5.47 420.0
2457960.63964 19.186 0.056 5.11 328.0
2457960.75997 19.131 0.058 5.19 367.0
2457961.58775 19.224 0.049 4.40 449.0
2457961.68150 19.294 0.064 4.88 406.0
2457962.51105 19.185 0.057 4.87 408.0
2457962.78586 19.229 0.087 6.32 497.0
2457964.57680 19.179 0.052 4.02 464.0
2457964.69745 19.169 0.060 4.96 419.0
2457965.66796 19.373 0.077 5.23 433.0
2457966.54197 19.107 0.104 7.52 496.0
2457966.63388 19.132 0.068 5.76 401.0
2457967.57523 19.225 0.084 6.20 463.0
2457967.66224 19.361 0.105 6.40 516.0
2457967.74036 19.196 0.106 7.41 532.0
2457971.50324 19.302 0.115 5.47 1211.0
2457971.59373 19.173 0.085 5.12 774.0
2457971.64185 19.085 0.069 4.44 791.0
2457971.68111 19.140 0.109 5.09 1597.0
2457971.73299 19.058 0.071 4.32 970.0
2457972.51537 19.261 0.136 7.19 785.0
2457972.60459 19.185 0.089 5.19 730.0
2457972.66587 18.969 0.076 5.33 742.0
2457972.71133 19.176 0.088 4.88 828.0
2457972.75325 19.349 0.141 6.21 1013.0
2457973.65072 19.195 0.079 5.22 722.0
2457974.51584 19.138 0.067 5.22 557.0
2457974.63157 19.143 0.066 4.66 537.0
2457979.50223 19.144 0.055 4.86 442.0
2457979.63026 19.133 0.047 4.09 408.0
2457980.56501 19.065 0.077 6.14 502.0
2457980.67539 19.227 0.082 5.34 500.0
2457981.61785 19.093 0.057 4.34 498.0
2457982.51703 19.300 0.073 5.33 422.0
2457982.63804 19.326 0.081 5.42 445.0
2457983.56594 19.055 0.058 5.09 422.0
2457983.67644 19.172 0.050 4.26 390.0
2457984.59222 19.147 0.061 4.76 413.0
2457985.52189 19.339 0.097 6.26 473.0
2457985.63871 19.237 0.119 7.85 437.0
2457986.61589 19.091 0.048 4.49 389.0
2457987.54423 19.235 0.058 4.31 428.0
2457987.66386 19.094 0.048 3.90 418.0
2457990.59655 19.023 0.055 5.09 440.0
2457991.51491 19.104 0.065 5.71 458.0
2457991.64522 19.123 0.074 6.05 424.0
2457992.56140 19.114 0.054 4.77 421.0
2457993.49682 19.211 0.067 5.14 471.0
2457993.60852 19.074 0.057 5.35 396.0
2457994.54243 19.381 0.088 5.55 499.0
2457994.65361 19.062 0.074 5.95 509.0
2457998.52198 19.079 0.063 4.50 688.0
2458000.49406 19.320 0.084 5.10 630.0
2458000.53734 19.313 0.107 6.35 610.0
2458000.59001 19.133 0.091 6.21 672.0
2458000.63439 19.195 0.090 5.67 757.0
2458001.57652 19.144 0.075 5.39 631.0
2458002.54708 19.237 0.128 6.11 1168.0
2458003.59175 19.176 0.107 6.41 634.0
2458004.57930 19.162 0.094 6.59 547.0
2458007.53214 19.082 0.060 5.20 464.0
2458008.56163 19.127 0.067 5.69 426.0
2458010.58314 19.301 0.107 7.01 517.0
2458012.52594 19.114 0.053 4.29 514.0
2458013.53030 19.162 0.058 4.39 494.0
2458014.53955 19.307 0.065 4.54 456.0
2458016.54564 19.222 0.083 6.25 457.0
2458017.56999 19.058 0.058 5.03 485.0
2458019.50348 19.174 0.058 4.73 451.0
2458026.51425 19.195 0.104 4.48 1772.0
2458028.49754 19.256 0.129 7.39 684.0
2458030.50426 19.286 0.075 4.44 668.0
2458039.55285 19.232 0.138 8.28 549.0
2458046.49955 19.045 0.083 5.74 686.0
2458055.51837 18.997 0.067 4.43 764.0
2458161.87076 19.209 0.088 6.40 674.0
2458162.85541 19.132 0.064 6.17 522.0
2458162.88272 19.138 0.063 5.09 635.0
2458163.89151 19.149 0.093 5.13 1482.0
2458164.88889 19.090 0.074 5.64 785.0
2458165.87682 19.191 0.065 5.19 509.0
2458166.86936 19.224 0.078 6.24 498.0
2458167.84419 19.148 0.069 5.74 551.0
2458167.89341 19.241 0.083 5.61 709.0
2458168.86517 19.144 0.065 5.64 479.0
2458169.84921 19.237 0.089 6.63 528.0
2458169.88821 18.961 0.080 6.40 546.0
2458170.87118 19.153 0.059 5.02 482.0
2458171.83660 19.235 0.074 5.41 562.0
2458171.88015 19.311 0.071 5.01 509.0
2458172.84213 19.009 0.054 5.22 514.0
2458172.89047 19.123 0.060 4.34 581.0
2458173.85189 19.069 0.057 5.00 618.0
2458174.82694 19.152 0.076 5.66 691.0
2458174.86281 19.156 0.061 4.82 618.0
2458175.82204 19.311 0.083 6.01 526.0
2458175.86140 19.244 0.064 5.20 484.0
2458176.82142 19.018 0.066 5.52 678.0
2458176.85445 19.202 0.059 4.68 529.0
2458181.80466 19.131 0.085 5.90 869.0
2458181.84750 19.232 0.071 4.48 745.0
2458181.89871 19.201 0.078 4.70 758.0
2458183.80692 19.232 0.107 6.75 767.0
2458184.83186 19.073 0.062 4.65 693.0
2458184.87157 19.106 0.067 4.85 642.0
2458185.83953 19.330 0.111 6.22 785.0
2458185.87969 19.148 0.083 5.76 701.0
2458189.82152 19.130 0.056 4.76 481.0
2458190.91334 19.293 0.101 4.21 1573.0
2458191.90058 19.029 0.054 4.93 437.0
2458192.89045 19.103 0.054 5.11 419.0
2458193.86793 19.220 0.069 6.10 398.0
2458194.82975 19.141 0.065 5.73 399.0
2458195.80303 19.252 0.074 6.03 455.0
2458196.77215 19.192 0.067 5.94 441.0
2458196.88924 19.044 0.045 4.32 382.0
2458197.83301 19.067 0.049 4.50 419.0
2458198.78947 18.997 0.047 4.77 449.0
2458198.90551 19.104 0.060 4.78 528.0
2458199.84196 19.211 0.072 5.81 422.0
2458200.83165 19.037 0.052 4.92 475.0
2458201.75856 19.243 0.116 7.86 534.0
2458201.88181 19.026 0.047 4.72 379.0
2458202.80938 19.274 0.057 4.30 468.0
2458203.75150 18.961 0.054 5.72 447.0
2458203.85870 19.132 0.050 4.43 415.0
2458204.79047 19.147 0.066 5.69 477.0
2458204.90677 19.209 0.057 4.94 394.0
2458205.84943 19.351 0.084 6.04 418.0
2458206.77137 19.073 0.055 4.86 617.0
2458206.88705 19.113 0.039 3.78 382.0
2458207.79763 19.028 0.054 4.93 604.0
2458207.91448 19.085 0.041 3.73 456.0
2458208.82448 19.147 0.057 3.86 681.0
2458209.74673 19.001 0.075 6.12 823.0
2458209.85270 19.011 0.051 4.45 612.0
2458211.77229 19.297 0.089 5.65 700.0
2458211.87963 19.118 0.048 3.77 595.0
2458212.77353 19.006 0.060 5.13 755.0
2458212.87159 19.123 0.051 3.92 652.0
2458217.82536 19.207 0.058 4.84 430.0
2458220.74589 19.259 0.080 6.62 400.0
2458220.85334 19.061 0.041 4.58 358.0
2458221.76964 19.119 0.059 5.44 381.0
2458221.87694 19.098 0.040 3.53 398.0
2458222.76494 19.223 0.052 4.61 379.0
2458222.90636 19.252 0.057 4.00 441.0
2458223.88352 19.118 0.056 4.50 420.0
2458224.75855 19.281 0.068 4.91 463.0
2458224.89695 19.212 0.051 4.27 414.0
2458226.83898 19.150 0.069 6.00 405.0
2458227.71355 19.152 0.072 6.33 429.0
2458227.85437 19.163 0.043 3.66 373.0
2458228.76734 19.105 0.054 5.16 398.0
2458228.90812 19.231 0.053 4.23 395.0
2458229.79350 19.165 0.044 4.05 355.0
2458229.90936 19.061 0.045 4.04 396.0
2458230.77873 19.111 0.059 5.83 408.0
2458230.91460 19.142 0.048 4.52 380.0
2458233.69722 19.058 0.057 5.09 580.0
2458235.72401 19.081 0.079 6.16 624.0
2458236.73293 19.033 0.051 3.78 787.0
2458238.72883 19.185 0.079 5.14 800.0
2458238.84877 19.138 0.066 4.64 758.0
2458244.70314 19.111 0.058 5.06 540.0
2458244.82375 19.125 0.054 4.27 564.0
2458245.86845 19.048 0.084 6.23 650.0
2458246.72477 19.049 0.058 5.39 483.0
2458246.84365 19.092 0.052 4.31 551.0
2458247.64760 19.085 0.072 6.05 617.0
2458247.75663 19.161 0.052 4.63 443.0
2458247.88727 19.314 0.086 5.61 576.0
2458248.76386 19.190 0.073 5.67 503.0
2458249.72466 19.149 0.062 5.78 423.0
2458249.84636 19.067 0.047 4.60 462.0
2458250.78827 19.153 0.039 3.78 391.0
2458250.91090 19.119 0.057 4.67 469.0
2458251.70282 19.185 0.073 6.41 417.0
2458251.83223 19.278 0.074 5.81 416.0
2458252.85866 19.130 0.064 5.31 487.0
2458253.65034 19.142 0.068 6.20 446.0
2458253.76031 19.098 0.045 4.42 432.0
2458254.64611 19.062 0.050 5.04 456.0
2458254.78726 19.173 0.040 3.53 410.0
2458254.92751 19.048 0.045 3.71 523.0
2458255.72062 19.207 0.067 5.35 394.0
2458255.87500 19.239 0.070 4.90 511.0
2458256.65364 19.180 0.067 5.59 446.0
2458256.77409 19.135 0.061 4.97 457.0
2458256.90345 19.152 0.061 4.64 520.0
2458257.71297 19.058 0.063 5.92 410.0
2458257.82727 19.133 0.054 4.61 426.0
2458258.67251 19.200 0.049 4.55 400.0
2458258.81753 19.130 0.046 3.84 402.0
2458259.61981 19.223 0.085 6.11 571.0
2458259.78248 19.094 0.042 3.55 465.0
2458259.90540 19.172 0.063 4.70 560.0
2458260.81657 19.062 0.044 4.09 525.0
2458261.69090 19.200 0.059 4.48 455.0
2458261.85647 19.145 0.053 4.05 435.0
2458262.67729 19.132 0.048 4.35 409.0
2458262.79563 19.251 0.054 4.83 355.0
2458262.91724 19.101 0.052 4.35 476.0
2458263.72009 19.136 0.043 3.83 435.0
2458263.85277 19.152 0.039 3.54 343.0
2458264.73257 19.099 0.046 3.79 543.0
2458264.85232 19.148 0.055 3.99 588.0
2458265.62872 19.320 0.089 5.25 722.0
2458265.74645 19.099 0.052 4.32 558.0
2458265.90369 19.246 0.075 5.13 524.0
2458266.75265 19.046 0.069 5.52 686.0
2458271.87562 19.065 0.076 5.00 993.0
2458272.73742 19.276 0.077 5.38 525.0
2458272.85452 18.999 0.052 4.38 570.0
2458273.59079 19.231 0.069 5.62 485.0
2458273.72183 19.107 0.046 4.37 418.0
2458273.84331 19.054 0.069 5.84 502.0
2458274.68513 19.313 0.098 6.97 452.0
2458274.81351 19.114 0.070 5.68 529.0
2458274.92740 18.952 0.097 6.89 872.0
2458275.69015 19.144 0.048 4.37 398.0
2458275.82467 19.164 0.062 4.89 508.0
2458276.57301 19.193 0.082 6.21 576.0
2458276.68641 19.103 0.043 4.28 371.0
2458276.81352 19.163 0.051 4.10 454.0
2458277.61835 19.183 0.053 4.71 419.0
2458277.75180 19.161 0.057 5.07 383.0
2458277.86589 19.100 0.049 4.10 503.0
2458278.56593 19.265 0.070 5.79 487.0
2458278.70132 19.106 0.051 4.74 414.0
2458282.58310 19.202 0.063 5.12 455.0
2458282.70820 19.161 0.040 4.00 339.0
2458282.84838 19.005 0.039 3.84 413.0
2458283.54929 19.148 0.083 6.76 466.0
2458283.66703 19.059 0.046 4.72 389.0
2458283.79362 19.147 0.052 4.67 437.0
2458283.90799 19.321 0.124 7.49 548.0
2458284.62837 19.035 0.050 5.03 391.0
2458284.76302 19.016 0.046 4.67 377.0
2458284.87547 19.124 0.055 4.48 444.0
2458285.77727 19.262 0.069 5.63 402.0
2458286.59515 19.271 0.069 5.93 355.0
2458286.73171 19.117 0.054 4.91 346.0
2458286.87175 19.178 0.053 4.30 409.0
2458287.58285 19.231 0.060 5.19 379.0
2458287.72246 19.139 0.045 4.56 332.0
2458287.86378 19.121 0.039 3.72 356.0
2458288.55895 19.052 0.056 5.53 415.0
2458288.68612 19.157 0.044 4.15 324.0
2458288.83651 19.068 0.060 5.05 438.0
2458289.55554 19.123 0.062 5.73 473.0
2458289.69462 19.083 0.038 3.79 362.0
2458289.82828 19.157 0.059 4.87 425.0
2458290.55285 19.101 0.066 5.57 546.0
2458290.69115 19.088 0.048 4.49 426.0
2458290.82401 19.140 0.058 4.52 463.0
2458291.59583 19.301 0.076 4.45 833.0
2458291.73975 19.184 0.054 3.99 461.0
2458291.87388 19.106 0.065 5.07 515.0
2458292.60324 19.264 0.069 4.96 487.0
2458292.73481 19.126 0.064 5.29 494.0
2458293.61269 19.114 0.072 5.80 545.0
2458293.75439 19.321 0.118 7.14 646.0
2458294.63453 19.206 0.087 5.87 638.0
2458294.79157 19.139 0.107 7.04 860.0
2458301.61107 19.341 0.123 7.28 599.0
2458302.55320 19.187 0.068 5.76 585.0
2458304.54235 19.139 0.086 6.59 490.0
2458304.62873 19.114 0.086 7.03 472.0
2458304.76609 19.416 0.136 7.68 520.0
2458305.66209 19.042 0.058 5.94 399.0
2458305.78233 19.400 0.132 7.95 454.0
2458306.67818 19.405 0.105 7.02 432.0
2458306.77094 19.431 0.112 7.01 451.0
2458307.48587 19.228 0.088 6.55 578.0
2458307.60737 19.034 0.043 4.61 396.0
2458307.73093 19.059 0.045 4.45 372.0
2458307.84661 19.097 0.083 6.49 511.0
2458308.56419 19.144 0.054 5.00 350.0
2458308.69500 19.340 0.076 5.61 372.0
2458309.53937 19.284 0.062 5.14 401.0
2458309.67306 19.186 0.055 4.87 362.0
2458309.78374 19.160 0.051 4.10 442.0
2458310.50383 19.088 0.064 5.76 410.0
2458310.59071 19.087 0.055 5.46 373.0
2458310.68114 19.096 0.049 4.81 445.0
2458310.77944 19.160 0.056 4.85 405.0
2458311.51743 19.143 0.077 6.40 435.0
2458311.63984 19.246 0.060 5.55 351.0
2458311.76124 19.119 0.050 4.14 435.0
2458312.48706 19.277 0.082 5.92 523.0
2458312.60064 19.349 0.069 5.43 373.0
2458312.74999 19.117 0.041 3.59 363.0
2458313.48851 19.136 0.060 5.39 529.0
2458313.60452 19.106 0.037 3.63 337.0
2458313.72118 19.084 0.047 3.97 406.0
2458313.82670 19.239 0.061 3.99 538.0
2458314.56633 19.213 0.064 5.46 438.0
2458314.69728 19.127 0.048 3.98 415.0
2458314.80474 19.095 0.055 5.08 414.0
2458316.56704 19.216 0.071 5.63 456.0
2458320.50468 19.148 0.070 5.93 508.0
2458320.63492 19.093 0.046 4.76 417.0
2458320.74616 19.158 0.052 4.77 416.0
2458321.53782 19.242 0.076 5.26 610.0
2458328.50509 19.138 0.101 6.78 728.0
2458328.61635 19.049 0.074 6.07 617.0
2458329.52683 19.200 0.084 5.85 608.0
2458329.63889 19.117 0.068 5.43 566.0
2458329.74671 18.971 0.055 4.61 645.0
2458330.56315 19.242 0.068 5.07 677.0
2458331.54392 19.097 0.044 4.39 377.0
2458331.66680 19.265 0.061 4.85 457.0
2458332.54459 18.953 0.052 5.31 466.0
2458332.66845 19.265 0.084 5.96 525.0
2458333.52570 19.013 0.047 4.53 465.0
2458333.65944 19.113 0.046 4.46 381.0
2458334.56923 19.284 0.062 4.95 463.0
2458334.69163 19.123 0.053 4.77 430.0
2458335.70775 19.085 0.093 7.05 503.0
2458336.58898 19.094 0.057 5.93 360.0
2458338.47397 19.246 0.088 6.14 597.0
2458338.59186 19.317 0.082 6.34 414.0
2458339.49040 19.108 0.050 4.54 465.0
2458339.63027 19.098 0.042 4.15 343.0
2458340.56138 19.131 0.048 4.19 506.0
2458340.74724 19.112 0.055 5.00 373.0
2458341.60538 19.116 0.043 4.01 356.0
2458342.51037 19.322 0.066 4.64 392.0
2458343.49188 19.386 0.100 6.04 590.0
2458344.52376 19.244 0.066 4.74 474.0
2458344.70029 19.068 0.057 4.97 426.0
2458345.55678 19.172 0.063 4.69 506.0
2458345.72211 19.082 0.044 4.13 340.0
2458346.60420 19.114 0.050 4.12 351.0
2458347.50779 19.088 0.048 4.47 375.0
2458347.69041 19.136 0.044 3.68 354.0
2458348.57121 19.153 0.072 5.66 465.0
2458349.53529 19.372 0.135 7.81 500.0
2458353.61392 19.151 0.098 6.10 782.0
2458355.54494 19.185 0.077 5.38 590.0
2458356.47924 19.355 0.104 5.60 783.0
2458356.67585 19.216 0.056 3.69 666.0
2458357.65821 19.203 0.063 3.84 599.0
2458358.56188 19.129 0.069 4.88 574.0
2458359.48412 19.222 0.066 5.21 453.0
2458359.65127 19.156 0.070 5.28 561.0
2458360.56382 19.165 0.090 6.50 533.0
2458363.55600 19.114 0.059 5.35 442.0
2458364.50172 19.178 0.056 4.86 471.0
2458364.66100 19.078 0.041 4.53 363.0
2458366.58733 19.167 0.062 5.02 422.0
2458367.62950 19.178 0.050 4.26 409.0
2458368.55060 19.140 0.047 4.04 390.0
2458369.50208 19.274 0.072 5.17 457.0
2458369.65904 19.079 0.058 4.72 467.0
2458370.65506 19.276 0.061 4.35 473.0
2458371.60472 19.153 0.062 5.23 414.0
2458372.61985 19.119 0.061 5.11 435.0
2458373.55931 19.134 0.081 5.96 438.0
2458375.58597 19.145 0.074 6.05 420.0
2458376.51729 19.213 0.088 6.58 465.0
2458377.57775 19.293 0.102 6.17 784.0
2458381.51961 19.236 0.137 5.69 1696.0
2458382.53551 19.033 0.055 3.91 748.0
2458382.62708 19.095 0.057 3.54 785.0
2458383.56620 19.334 0.103 5.61 690.0
2458384.51672 19.154 0.072 4.69 642.0
2458384.60901 19.205 0.069 4.04 736.0
2458385.53976 19.110 0.044 3.13 599.0
2458385.63054 19.034 0.047 3.58 719.0
2458387.54131 19.027 0.078 4.30 1213.0
2458392.52166 19.212 0.093 6.26 506.0
2458393.50628 19.368 0.101 6.54 442.0
2458394.58680 19.048 0.057 5.05 413.0
2458404.56855 19.056 0.103 7.29 639.0
2458409.57290 19.008 0.100 7.18 812.0
2458411.56592 19.083 0.099 6.05 860.0
2458418.53366 19.000 0.108 7.79 620.0
2458423.52572 19.105 0.087 6.89 618.0
2458530.88374 18.907 0.049 4.40 667.0
2458534.88326 19.037 0.076 5.80 727.0
2458536.86642 18.993 0.059 4.86 660.0
2458537.86558 18.977 0.060 5.83 534.0
2458538.88610 18.892 0.049 5.43 562.0
2458539.87544 18.951 0.053 5.26 546.0
2458540.89777 19.049 0.079 4.49 1241.0
2458546.82517 18.892 0.045 5.06 442.0
2458546.86588 18.856 0.039 4.67 407.0
2458547.82218 18.988 0.053 5.46 450.0
2458547.87539 18.909 0.039 4.17 409.0
2458548.83320 18.909 0.044 4.47 527.0
2458548.87916 18.782 0.035 4.16 495.0
2458549.82680 19.004 0.060 6.05 434.0
2458549.86689 18.953 0.045 4.95 421.0
2458550.84002 18.881 0.037 4.23 411.0
2458550.87955 18.782 0.036 4.65 420.0
2458551.85019 18.936 0.057 6.06 402.0
2458551.88945 18.950 0.072 6.77 421.0
2458553.84901 18.973 0.062 6.29 444.0
2458554.82380 18.816 0.047 5.47 456.0
2458554.86524 18.835 0.038 4.78 419.0
2458555.78686 18.944 0.056 5.74 505.0
2458555.82640 18.824 0.038 4.72 419.0
2458555.88388 18.779 0.032 4.16 404.0
2458556.79784 18.826 0.047 5.45 441.0
2458556.84804 18.967 0.054 6.01 416.0
2458556.88815 18.831 0.039 5.18 417.0
2458557.81530 18.825 0.050 5.67 437.0
2458557.85519 18.826 0.039 4.73 401.0
2458557.90708 18.815 0.053 5.32 617.0
2458558.80833 18.805 0.040 4.67 448.0
2458558.85743 18.835 0.038 4.67 422.0
2458558.89700 18.899 0.046 5.77 412.0
2458559.80154 18.924 0.050 5.27 449.0
2458559.84178 18.934 0.040 4.35 394.0
2458559.89185 18.834 0.036 4.32 402.0
2458560.80218 18.832 0.042 4.55 563.0
2458560.89048 18.869 0.035 3.91 425.0
2458561.80503 18.829 0.047 4.96 608.0
2458561.84778 18.908 0.055 5.28 544.0
2458561.89706 18.805 0.053 6.05 439.0
2458562.79232 18.893 0.063 5.82 748.0
2458562.84337 18.936 0.059 5.39 678.0
2458562.88962 18.883 0.054 5.20 620.0
2458563.78113 18.772 0.059 5.76 875.0
2458563.82970 18.886 0.049 4.16 732.0
2458563.87927 18.962 0.047 3.89 644.0
2458564.77065 18.951 0.073 5.87 750.0
2458564.82780 18.766 0.043 4.79 594.0
2458565.77078 18.953 0.063 5.53 774.0
2458565.82593 18.863 0.051 4.84 660.0
2458565.88022 18.840 0.044 4.38 579.0
2458566.77767 18.917 0.053 4.90 706.0
2458566.83580 18.822 0.042 4.23 626.0
2458566.87734 18.891 0.044 4.48 556.0
2458567.78022 18.784 0.053 4.50 1025.0
2458567.84970 18.828 0.046 4.70 618.0
2458567.88818 18.894 0.054 5.31 589.0
2458573.87242 18.847 0.061 6.55 445.0
2458573.91134 18.803 0.047 5.48 454.0
2458574.81020 19.025 0.073 7.06 388.0
2458574.86259 18.874 0.049 6.21 379.0
2458574.91508 18.887 0.042 4.90 418.0
2458575.75700 18.981 0.062 6.26 430.0
2458575.80569 18.918 0.054 6.07 402.0
2458575.84449 18.910 0.057 6.28 407.0
2458575.89335 18.818 0.046 5.61 420.0
2458576.77365 18.784 0.054 6.80 416.0
2458576.81896 18.791 0.043 5.93 395.0
2458576.85767 19.074 0.088 7.94 395.0
2458576.90839 18.976 0.064 6.93 377.0
2458577.73324 18.969 0.072 6.96 507.0
2458577.82949 18.878 0.071 7.27 479.0
2458577.89358 18.934 0.063 6.20 519.0
2458578.72696 18.723 0.050 6.20 462.0
2458578.76454 18.765 0.039 4.89 411.0
2458578.81348 18.831 0.041 4.79 448.0
2458578.87084 18.865 0.047 5.44 472.0
2458578.92337 18.800 0.047 4.84 587.0
2458579.74233 18.724 0.045 5.59 492.0
2458579.78985 19.254 0.111 7.20 525.0
2458579.82726 18.946 0.063 5.96 542.0
2458579.89060 18.876 0.052 5.29 528.0
2458580.71801 18.906 0.064 6.57 507.0
2458580.76298 18.903 0.055 5.95 452.0
2458580.80812 18.883 0.046 5.63 423.0
2458580.85557 19.127 0.064 6.16 463.0
2458580.91353 18.885 0.041 4.21 468.0
2458581.74129 18.817 0.041 5.07 444.0
2458581.85478 18.835 0.040 4.57 408.0
2458582.72070 18.965 0.055 5.93 415.0
2458582.80683 19.013 0.051 5.29 429.0
2458583.70939 18.833 0.056 6.32 493.0
2458583.75722 18.826 0.042 5.59 419.0
2458583.87739 18.780 0.034 4.24 442.0
2458584.73573 18.892 0.046 5.61 433.0
2458584.83535 18.833 0.038 4.90 380.0
2458585.71568 18.781 0.042 5.58 450.0
2458585.79938 18.735 0.036 5.33 414.0
2458585.92599 18.903 0.055 3.78 1138.0
2458586.73605 18.880 0.041 4.78 408.0
2458586.85293 18.818 0.031 3.97 358.0
2458587.70508 18.781 0.058 6.58 557.0
2458587.77662 18.819 0.046 5.92 426.0
2458587.91895 18.754 0.042 4.66 504.0
2458588.73246 18.906 0.049 5.87 492.0
2458588.85685 18.792 0.029 3.63 373.0
2458589.70749 18.742 0.050 5.26 703.0
2458589.79250 18.897 0.047 4.74 525.0
2458589.92469 18.860 0.044 3.82 719.0
2458590.72912 18.798 0.046 5.48 654.0
2458590.84423 18.817 0.032 3.29 535.0
2458591.71422 18.719 0.044 4.74 795.0
2458591.79253 18.905 0.042 4.09 627.0
2458592.72896 18.826 0.073 5.49 1261.0
2458592.83673 18.915 0.068 6.00 735.0
2458593.72112 18.752 0.063 5.61 1003.0
2458593.80951 18.824 0.079 5.90 1431.0
2458594.68394 18.767 0.058 5.23 981.0
2458594.74792 18.805 0.050 4.89 711.0
2458594.86343 18.931 0.046 4.32 682.0
2458595.70973 19.124 0.123 7.21 1021.0
2458595.82021 18.920 0.072 5.91 786.0
2458599.68191 18.919 0.079 6.91 691.0
2458599.73152 18.895 0.057 5.98 527.0
2458599.78803 18.701 0.043 5.66 473.0
2458599.87033 18.853 0.043 4.70 464.0
2458599.92170 18.898 0.045 4.75 479.0
2458600.68914 18.776 0.046 5.64 438.0
2458600.81011 18.769 0.037 4.86 440.0
2458601.66923 18.664 0.036 5.18 440.0
2458601.74337 18.897 0.046 5.50 458.0
2458602.66712 18.736 0.034 4.59 430.0
2458602.73479 18.825 0.037 4.68 381.0
2458602.90385 18.950 0.041 3.80 440.0
2458603.68866 18.909 0.057 6.40 425.0
2458603.84352 18.856 0.033 3.82 386.0
2458604.70465 18.840 0.057 6.68 457.0
2458604.82641 18.852 0.036 3.99 395.0
2458605.67052 19.201 0.079 6.79 451.0
2458605.77053 19.095 0.063 5.69 426.0
2458605.93511 19.050 0.076 4.14 1245.0
2458606.72718 18.812 0.036 4.18 397.0
2458606.87828 18.818 0.034 3.73 437.0
2458607.68555 18.819 0.043 5.42 447.0
2458607.80804 18.860 0.035 3.84 438.0
2458607.93360 18.778 0.044 4.17 685.0
2458608.71272 18.867 0.051 5.97 511.0
2458608.76877 18.769 0.034 4.09 469.0
2458608.91372 18.851 0.040 4.38 495.0
2458612.75749 18.747 0.056 6.63 388.0
2458612.88565 18.799 0.052 5.64 465.0
2458613.65973 18.962 0.076 7.09 464.0
2458613.78204 18.864 0.035 3.84 412.0
2458613.92092 18.786 0.042 4.47 560.0
2458614.68072 19.110 0.090 7.41 492.0
2458614.82686 18.863 0.046 4.67 491.0
2458615.65030 18.954 0.068 6.90 458.0
2458615.77149 18.816 0.035 4.37 386.0
2458615.93290 18.790 0.046 5.08 523.0
2458616.69723 18.734 0.034 4.28 504.0
2458616.84578 18.867 0.036 3.82 446.0
2458617.65347 18.766 0.048 5.70 549.0
2458617.74013 18.813 0.037 4.50 489.0
2458617.92695 18.841 0.042 3.95 579.0
2458618.69066 18.872 0.064 6.42 584.0
2458618.84320 18.758 0.041 4.65 562.0
2458619.64352 19.019 0.082 6.75 626.0
2458619.73068 18.830 0.051 5.33 531.0
2458619.91163 18.911 0.054 5.87 415.0
2458620.68071 18.952 0.067 6.39 584.0
2458620.82801 18.890 0.046 4.47 553.0
2458621.68983 18.840 0.111 6.88 1383.0
2458621.83549 18.786 0.051 4.47 802.0
2458626.70773 19.051 0.107 6.04 1249.0
2458626.76052 18.858 0.065 4.98 954.0
2458626.82286 18.946 0.055 4.68 689.0
2458626.87264 18.652 0.049 4.92 800.0
2458626.92291 18.764 0.050 4.58 825.0
2458627.65134 18.913 0.055 5.13 967.0
2458627.71228 18.906 0.043 4.74 442.0
2458635.64334 18.866 0.049 5.82 407.0
2458635.71190 18.851 0.039 4.70 372.0
2458635.85928 18.827 0.053 5.85 492.0
2458636.58234 18.894 0.065 6.69 483.0
2458636.67117 18.908 0.046 5.25 406.0
2458636.81651 18.815 0.032 3.71 369.0
2458636.93674 18.751 0.048 5.34 629.0
2458637.63018 18.873 0.041 5.42 355.0
2458637.77767 18.961 0.039 3.86 439.0
2458637.90159 18.825 0.037 4.04 501.0
2458638.67896 18.845 0.038 5.13 389.0
2458638.87296 18.893 0.056 5.73 517.0
2458639.68602 18.797 0.034 4.36 421.0
2458640.56577 18.822 0.058 6.92 499.0
2458640.63377 18.835 0.044 5.58 409.0
2458640.78766 19.008 0.053 5.11 421.0
2458640.90710 18.807 0.049 5.70 537.0
2458641.66947 18.975 0.042 4.46 459.0
2458642.64846 18.718 0.044 5.57 476.0
2458642.85297 18.803 0.046 4.52 531.0
2458643.56699 18.785 0.047 6.15 536.0
2458643.65060 18.816 0.036 4.36 410.0
2458643.78506 18.842 0.040 4.93 393.0
2458643.89339 18.817 0.043 5.20 468.0
2458644.57475 19.008 0.065 6.14 542.0
2458644.68736 18.873 0.036 4.30 366.0
2458644.81284 18.965 0.055 5.34 475.0
2458645.66732 18.926 0.057 5.71 548.0
2458646.62070 18.807 0.069 7.17 468.0
2458646.73557 18.814 0.052 5.80 456.0
2458646.83624 18.881 0.055 5.76 481.0
2458647.60783 18.960 0.069 6.14 587.0
2458647.69320 18.767 0.046 5.11 514.0
2458647.81929 18.818 0.059 6.12 538.0
2458648.61116 18.964 0.072 6.32 690.0
2458648.69859 18.844 0.055 5.42 583.0
2458648.82034 18.835 0.050 4.88 612.0
2458649.59012 19.034 0.100 6.81 844.0
2458649.64873 19.023 0.110 7.36 763.0
2458654.88889 18.862 0.053 3.78 1265.0
2458655.64935 18.857 0.055 4.53 1285.0
2458655.85876 18.868 0.066 5.50 976.0
2458656.65916 18.881 0.053 5.30 728.0
2458656.79844 18.873 0.040 4.58 471.0
2458657.54402 18.936 0.052 5.72 450.0
2458657.62255 19.179 0.057 5.16 382.0
2458657.74159 18.855 0.040 4.53 380.0
2458657.85280 18.868 0.040 4.21 454.0
2458658.55373 18.993 0.064 6.81 375.0
2458660.52220 19.293 0.095 6.63 450.0
2458660.62906 18.813 0.039 4.80 361.0
2458660.76546 18.866 0.041 4.60 419.0
2458661.52841 18.835 0.064 7.23 496.0
2458661.62492 18.888 0.044 5.35 349.0
2458662.57396 18.915 0.065 6.73 475.0
2458662.68711 18.964 0.077 7.29 412.0
2458664.53620 18.891 0.051 5.98 385.0
2458664.66112 18.883 0.036 4.57 319.0
2458664.80206 18.866 0.038 4.69 487.0
2458666.49550 18.869 0.073 6.70 742.0
2458666.56628 19.024 0.075 6.70 505.0
2458666.69792 18.939 0.043 5.01 349.0
2458667.51175 19.144 0.090 6.35 688.0
2458667.59472 18.926 0.065 6.64 461.0
2458667.72578 18.877 0.036 4.42 352.0
2458668.48659 19.108 0.096 7.82 545.0
2458668.57258 18.990 0.061 6.55 389.0
2458668.72363 19.035 0.046 4.95 327.0
2458668.84949 18.941 0.067 7.01 443.0
2458669.54077 18.934 0.052 5.53 526.0
2458669.69102 19.103 0.059 5.22 429.0
2458669.81931 18.867 0.041 4.69 450.0
2458670.51318 18.854 0.045 5.74 472.0
2458670.62797 18.909 0.034 4.07 355.0
2458670.77050 18.922 0.035 3.99 347.0
2458672.68178 18.970 0.075 7.19 395.0
2458673.61963 19.041 0.045 4.49 410.0
2458673.76233 18.898 0.045 4.92 429.0
2458674.58449 18.935 0.058 6.15 412.0
2458674.69523 18.939 0.045 4.88 394.0
2458674.82593 18.602 0.049 6.40 557.0
2458675.62257 18.861 0.044 3.93 743.0
2458675.82608 19.057 0.058 5.36 456.0
2458676.49017 19.080 0.076 5.79 747.0
2458676.56750 18.884 0.047 4.68 581.0
2458676.74066 18.889 0.049 4.74 550.0
2458676.81694 19.093 0.109 7.39 672.0
2458677.60808 18.875 0.057 5.24 676.0
2458677.79082 19.349 0.140 5.46 1764.0
2458681.49560 18.781 0.084 6.28 1379.0
2458681.57228 19.015 0.091 5.48 1136.0
2458681.65393 18.955 0.075 5.05 1029.0
2458682.49047 19.069 0.077 5.75 923.0
2458682.56682 19.158 0.076 5.19 711.0
2458682.78013 18.964 0.065 5.19 759.0
2458683.49116 19.136 0.094 7.26 536.0
2458683.57588 18.818 0.056 5.68 569.0
2458683.75140 18.862 0.055 5.06 561.0
2458684.49768 18.990 0.066 6.27 481.0
2458684.57863 18.917 0.052 5.13 578.0
2458684.73317 18.979 0.055 5.18 473.0
2458685.50259 18.897 0.058 6.26 464.0
2458685.66586 19.009 0.054 4.09 878.0
2458688.55550 19.021 0.080 6.91 448.0
2458688.65197 18.941 0.051 5.49 342.0
2458689.50279 19.179 0.090 6.79 480.0
2458689.58855 19.089 0.065 6.01 395.0
2458689.70002 19.113 0.059 5.76 352.0
2458690.49132 18.948 0.063 5.95 493.0
2458690.58548 19.067 0.061 5.58 425.0
2458690.72659 18.856 0.038 4.64 367.0
2458691.48915 18.942 0.040 4.40 466.0
2458691.56529 19.010 0.038 4.16 351.0
2458691.75293 19.057 0.058 5.44 423.0
2458692.49172 19.041 0.069 6.02 548.0
2458692.58006 19.059 0.050 4.84 527.0
2458692.69251 18.941 0.042 4.27 380.0
2458693.49059 19.220 0.101 7.34 448.0
2458693.62541 18.998 0.052 5.25 365.0
2458693.77320 19.383 0.104 6.88 463.0
2458694.49401 19.125 0.060 5.37 439.0
2458694.57332 18.975 0.036 3.77 396.0
2458694.65252 18.985 0.040 4.19 340.0
2458695.49389 18.965 0.050 5.45 433.0
2458695.72967 18.969 0.034 3.86 357.0
2458695.78279 18.953 0.043 4.74 414.0
2458697.56349 19.011 0.080 6.84 418.0
2458698.49350 18.942 0.052 5.81 389.0
2458698.72348 19.034 0.045 4.27 369.0
2458698.76957 18.744 0.035 4.26 399.0
2458699.49642 19.065 0.059 5.27 455.0
2458699.72294 18.898 0.037 3.81 371.0
2458699.76896 18.887 0.047 5.21 411.0
2458700.49601 18.965 0.039 4.11 420.0
2458700.73330 18.813 0.041 4.55 441.0
2458700.77018 18.906 0.050 5.49 508.0
2458701.49615 19.015 0.063 5.89 449.0
2458701.65277 19.063 0.048 4.41 405.0
2458702.49635 19.076 0.062 5.44 436.0
2458702.60985 18.965 0.049 5.18 379.0
2458702.76324 18.961 0.048 5.21 401.0
2458703.49658 19.317 0.109 6.82 537.0
2458704.55397 19.057 0.080 6.32 611.0
2458704.68551 19.054 0.080 6.05 586.0
2458708.60330 18.982 0.051 4.06 777.0
2458710.49695 19.144 0.070 5.00 732.0
2458711.49512 19.064 0.073 4.78 1004.0
2458711.60785 19.207 0.078 5.25 681.0
2458712.51178 19.074 0.075 5.94 562.0
2458712.62958 19.025 0.069 5.83 520.0
2458713.49622 19.067 0.059 5.54 419.0
2458713.62263 19.108 0.072 5.86 481.0
2458713.73778 18.928 0.066 6.06 590.0
2458714.49859 19.404 0.103 6.51 432.0
2458714.65110 19.033 0.054 4.70 786.0
2458715.51433 19.167 0.069 6.09 405.0
2458715.65374 18.991 0.046 4.64 395.0
2458716.51216 18.949 0.034 3.74 361.0
2458716.73139 19.141 0.063 5.38 537.0
2458717.49749 19.177 0.085 6.68 401.0
2458717.63428 19.178 0.076 6.38 387.0
2458718.51298 19.208 0.052 4.36 412.0
2458718.64898 18.899 0.038 3.92 388.0
2458719.49466 19.063 0.069 5.97 437.0
2458719.58568 19.021 0.050 5.04 409.0
2458719.69524 19.038 0.063 6.91 452.0
2458721.50482 19.000 0.049 5.18 372.0
2458721.69175 18.979 0.057 5.96 410.0
2458722.49954 18.990 0.043 4.73 407.0
2458722.70065 19.220 0.073 6.47 358.0
2458723.60491 19.108 0.051 4.81 448.0
2458723.64509 19.030 0.053 5.06 445.0
2458724.50923 18.953 0.040 4.38 391.0
2458724.64659 19.008 0.041 4.44 364.0
2458725.51320 19.010 0.044 4.42 418.0
2458725.59846 18.945 0.049 5.37 379.0
2458726.58688 18.999 0.052 5.49 360.0
2458726.63989 18.946 0.043 4.33 325.0
2458727.53711 19.174 0.069 5.25 425.0
2458727.62181 18.824 0.049 5.00 475.0
2458728.60195 18.978 0.049 5.07 408.0
2458728.64160 18.880 0.048 4.73 404.0
2458729.50273 19.081 0.072 6.48 395.0
2458729.64031 19.078 0.054 4.84 417.0
2458730.58709 19.110 0.071 6.38 392.0
2458730.62726 18.966 0.048 4.97 381.0
2458731.53880 18.976 0.070 6.69 414.0
2458731.60679 19.198 0.088 6.83 443.0
2458736.61429 19.121 0.087 6.12 695.0
2458737.62535 19.053 0.102 7.11 715.0
2458738.59434 19.203 0.087 5.41 715.0
2458739.50967 19.128 0.070 5.20 584.0
2458740.55229 19.134 0.092 6.44 605.0
2458741.60623 19.001 0.064 5.54 574.0
2458742.60513 18.926 0.058 5.04 568.0
2458746.59688 19.116 0.079 6.73 408.0
2458747.54905 19.096 0.069 6.21 382.0
2458748.59197 19.519 0.142 6.96 494.0
2458750.59055 18.871 0.047 4.95 434.0
2458752.59225 19.022 0.061 5.92 435.0
2458753.60762 18.993 0.081 7.01 465.0
2458754.59092 19.095 0.069 5.56 493.0
2458755.59373 18.723 0.040 4.51 442.0
2458757.58136 18.945 0.069 6.45 419.0
2458759.60423 18.974 0.089 7.32 524.0
2458763.56662 19.041 0.081 5.94 726.0
2458766.58931 18.958 0.124 8.08 1020.0
2458768.58474 18.648 0.079 7.22 758.0
2458782.55654 18.963 0.056 4.63 606.0
2458783.52300 18.828 0.053 5.09 535.0
2458783.55821 19.280 0.090 5.87 528.0
