2457415.86775 20.374 0.258 8.41 592.0
2457424.85759 20.398 0.137 4.79 368.0
2457427.84625 20.711 0.270 8.40 401.0
2457428.84194 20.421 0.138 4.49 372.0
2457428.88207 20.505 0.183 4.55 535.0
2457430.86486 20.226 0.115 4.20 454.0
2457432.84077 20.643 0.182 4.80 364.0
2457434.88842 20.350 0.189 4.54 659.0
2457435.84078 20.592 0.269 6.85 486.0
2457438.82740 20.526 0.215 5.10 533.0
2457440.88221 20.414 0.147 3.62 525.0
2457445.81294 20.743 0.246 5.10 499.0
2457447.83993 20.309 0.128 4.21 390.0
2457451.86189 20.315 0.193 4.74 736.0
2457453.79873 20.537 0.135 3.98 333.0
2457455.88343 20.346 0.126 5.15 273.0
2457458.78563 20.657 0.221 5.57 363.0
2457461.78864 20.433 0.125 3.92 339.0
2457463.81701 20.465 0.129 4.20 298.0
2457465.88809 20.512 0.164 4.88 348.0
2457470.79377 20.538 0.231 5.18 540.0
2457471.89100 20.180 0.136 4.46 470.0
2457473.85702 20.127 0.152 5.01 731.0
2457484.74702 20.495 0.159 5.38 272.0
2457486.79974 20.481 0.181 6.31 273.0
2457488.85986 20.377 0.121 4.09 373.0
2457492.79657 20.468 0.119 3.85 286.0
2457508.77020 20.271 0.088 3.62 290.0
2457511.76034 20.374 0.096 3.51 263.0
2457522.85869 20.592 0.259 6.30 425.0
2457526.92822 20.201 0.184 5.66 590.0
2457534.76999 20.570 0.152 3.88 400.0
2457545.66039 20.391 0.134 5.15 252.0
2457548.82889 20.421 0.131 5.25 425.0
2457550.77928 20.322 0.117 4.55 330.0
2457555.58946 20.391 0.169 5.08 444.0
2457557.69533 20.653 0.255 4.67 703.0
2457561.50995 20.109 0.205 5.75 788.0
2457566.53810 20.366 0.163 5.55 332.0
2457567.65865 20.405 0.128 4.01 358.0
2457568.80164 20.066 0.137 6.17 335.0
2457569.49384 20.359 0.231 7.35 421.0
2457570.79119 20.247 0.123 5.59 295.0
2457575.49240 20.610 0.243 6.93 283.0
2457576.51127 20.494 0.164 5.55 297.0
2457581.75624 20.403 0.164 5.96 324.0
2457589.51957 20.181 0.219 6.03 719.0
2457590.71404 20.460 0.174 4.69 491.0
2457596.51026 20.532 0.123 4.42 227.0
2457599.52406 20.532 0.226 6.64 285.0
2457599.60757 20.119 0.114 6.06 214.0
2457599.70100 20.630 0.188 5.35 247.0
2457600.53287 20.452 0.182 6.09 255.0
2457600.62814 20.752 0.211 6.14 225.0
2457601.69956 20.446 0.149 5.75 221.0
2457603.64870 20.394 0.107 4.67 211.0
2457605.57094 20.449 0.145 5.91 205.0
2457607.74869 20.422 0.173 6.36 261.0
2457610.56083 20.430 0.172 5.45 284.0
2457616.48928 20.354 0.190 4.91 551.0
2457618.60083 20.629 0.267 5.49 531.0
2457622.70085 20.436 0.162 4.68 372.0
2457625.63026 20.276 0.152 6.19 268.0
2457632.48391 20.602 0.183 5.62 247.0
2457651.49835 20.406 0.146 4.78 370.0
2457653.58997 20.427 0.153 5.47 309.0
2457656.55884 20.183 0.155 5.98 352.0
2457659.48955 20.289 0.175 6.16 381.0
2457662.55870 20.201 0.186 6.24 445.0
2457797.86638 20.725 0.297 5.09 696.0
2457809.84414 20.481 0.170 5.25 355.0
2457812.86076 20.428 0.128 3.83 336.0
2457816.81848 20.517 0.185 5.52 321.0
2457818.86127 20.389 0.122 4.04 309.0
2457821.81915 20.531 0.197 4.82 394.0
2457823.85940 20.396 0.161 4.39 451.0
2457825.90658 20.491 0.190 4.16 638.0
2457827.91376 20.382 0.195 4.24 806.0
2457830.84651 20.297 0.234 4.57 1258.0
2457835.77497 20.422 0.203 7.34 246.0
2457837.80438 20.417 0.133 5.34 213.0
2457839.80816 20.459 0.106 3.90 206.0
2457841.80727 20.442 0.182 6.90 219.0
2457843.75664 20.406 0.116 4.51 219.0
2457844.90307 20.566 0.184 6.17 221.0
2457846.85499 20.303 0.110 4.84 223.0
2457848.78752 20.370 0.123 5.16 215.0
2457849.92133 20.222 0.135 3.97 581.0
2457851.83059 20.314 0.128 4.72 307.0
2457854.75357 20.855 0.256 4.53 505.0
2457855.90623 20.442 0.159 4.10 488.0
2457862.80009 20.413 0.146 4.82 289.0
2457865.70890 20.334 0.109 4.16 256.0
2457866.83244 20.476 0.109 3.68 257.0
2457868.76399 20.285 0.154 5.94 258.0
2457869.89548 20.450 0.120 3.68 311.0
2457871.78997 20.242 0.086 3.40 256.0
2457873.67659 20.310 0.105 4.02 278.0
2457874.75304 20.270 0.146 5.67 270.0
2457876.66313 20.462 0.206 5.89 411.0
2457877.74378 20.250 0.096 3.62 281.0
2457878.90657 20.247 0.103 3.83 355.0
2457880.75945 20.536 0.216 5.84 362.0
2457882.71675 20.369 0.184 5.54 428.0
2457890.75745 20.429 0.214 5.76 433.0
2457893.85420 20.489 0.150 4.61 303.0
2457894.85214 20.457 0.132 4.18 298.0
2457902.71666 20.314 0.106 4.23 247.0
2457903.88527 20.416 0.173 5.56 338.0
2457904.88007 20.377 0.139 4.61 326.0
2457905.84807 20.272 0.138 4.85 352.0
2457906.81320 20.279 0.124 8.26 350.0
2457908.56130 20.434 0.276 6.45 573.0
2457908.90640 20.532 0.223 5.37 521.0
2457909.82988 20.197 0.126 4.06 462.0
2457910.74701 20.253 0.128 4.13 404.0
2457916.66551 20.283 0.147 3.93 639.0
2457917.64388 20.591 0.186 4.66 376.0
2457918.67475 20.625 0.278 4.90 836.0
2457923.52877 20.299 0.161 5.52 368.0
2457923.87827 20.507 0.229 6.62 424.0
2457924.83821 20.362 0.152 8.29 393.0
2457925.87336 20.369 0.191 6.26 380.0
2457928.64304 20.824 0.227 5.49 282.0
2457934.56640 20.219 0.139 5.62 288.0
2457935.56770 20.384 0.132 4.31 284.0
2457936.55981 20.659 0.201 5.61 285.0
2457937.54949 20.821 0.244 4.97 371.0
2457938.57223 20.389 0.198 6.16 359.0
2457944.68087 20.424 0.181 4.71 456.0
2457945.59686 20.543 0.159 4.34 352.0
2457946.54011 20.398 0.134 4.13 347.0
2457947.57141 20.527 0.174 5.81 257.0
2457948.59213 20.426 0.115 4.59 211.0
2457949.63879 20.132 0.136 5.60 313.0
2457953.54279 20.416 0.111 4.02 246.0
2457954.55999 20.499 0.123 4.16 249.0
2457956.54907 20.535 0.139 4.14 274.0
2457957.72840 20.270 0.163 6.85 269.0
2457959.53392 20.403 0.125 4.53 259.0
2457960.55335 20.451 0.121 4.82 202.0
2457961.62775 20.483 0.147 5.42 258.0
2457964.55180 20.282 0.131 4.69 310.0
2457966.49944 20.373 0.252 7.74 364.0
2457967.71385 20.352 0.206 6.34 418.0
2457971.72634 20.607 0.290 5.36 717.0
2457974.66448 20.443 0.199 5.41 412.0
2457979.67323 20.273 0.117 4.26 327.0
2457981.64947 20.461 0.169 4.72 372.0
2457983.59810 20.356 0.128 4.87 254.0
2457985.56057 20.553 0.236 8.37 292.0
2457987.59735 20.704 0.175 4.62 314.0
2457991.57294 20.437 0.185 6.59 286.0
2457993.54703 20.491 0.156 7.95 326.0
2457998.51474 20.259 0.238 4.39 1302.0
2458001.48263 20.396 0.182 4.88 463.0
2458008.57835 20.361 0.199 7.85 297.0
2458013.54662 20.473 0.162 4.54 379.0
2458016.56248 20.497 0.217 6.83 283.0
2458020.56468 20.600 0.200 4.68 333.0
2458030.48872 20.262 0.179 4.90 637.0
2458168.87050 20.338 0.117 4.12 272.0
2458172.85992 20.391 0.148 4.61 340.0
2458175.89189 20.547 0.151 4.11 340.0
2458183.82468 20.342 0.168 4.83 539.0
2458189.83970 20.475 0.148 4.35 308.0
2458192.78904 20.341 0.149 5.34 298.0
2458194.86274 20.320 0.110 4.32 230.0
2458199.76808 20.580 0.148 4.48 258.0
2458201.81430 20.563 0.173 5.35 254.0
2458203.79953 20.618 0.132 3.92 251.0
2458205.77857 20.386 0.195 6.03 350.0
2458207.75447 20.554 0.200 4.77 522.0
2458208.89794 20.341 0.149 3.73 485.0
2458210.82223 20.284 0.141 4.19 488.0
2458217.89762 20.372 0.110 3.82 265.0
2458221.84097 20.532 0.124 4.10 215.0
2458223.84938 20.380 0.119 4.00 240.0
2458225.89545 20.474 0.203 6.25 299.0
2458228.73613 20.366 0.139 5.14 272.0
2458229.88040 20.287 0.096 3.78 247.0
2458232.87455 20.391 0.124 4.22 269.0
2458238.71389 20.322 0.200 4.91 681.0
2458244.80921 20.342 0.146 4.52 369.0
2458246.74246 20.513 0.196 5.48 327.0
2458247.77438 20.478 0.126 3.95 303.0
2458249.74206 20.400 0.150 5.75 258.0
2458250.81691 20.310 0.103 4.05 260.0
2458251.85688 20.153 0.117 4.74 314.0
2458253.78587 20.599 0.156 4.55 279.0
2458254.94478 20.125 0.199 3.56 1636.0
2458256.67131 20.405 0.150 5.27 260.0
2458257.73060 20.363 0.116 4.52 229.0
2458258.83672 20.424 0.119 3.78 268.0
2458260.60369 20.250 0.141 4.59 440.0
2458261.88988 20.385 0.128 3.65 332.0
2458263.63194 20.371 0.111 3.50 371.0
2458264.77222 20.551 0.169 4.26 403.0
2458265.78441 20.527 0.158 3.65 491.0
2458271.65793 20.366 0.255 6.03 678.0
2458272.78967 20.525 0.158 4.22 369.0
2458273.77938 20.471 0.133 4.42 281.0
2458274.74003 20.202 0.195 7.79 290.0
2458275.75725 20.417 0.148 4.72 322.0
2458276.74795 20.515 0.151 4.70 273.0
2458277.80239 20.631 0.168 4.54 279.0
2458282.55362 20.361 0.159 5.68 320.0
2458283.55096 20.654 0.208 5.73 306.0
2458283.90041 20.668 0.249 8.32 406.0
2458286.75023 20.325 0.106 4.58 193.0
2458287.75684 20.385 0.090 3.79 185.0
2458288.77680 20.251 0.097 4.14 220.0
2458289.79756 20.590 0.184 5.59 266.0
2458290.80986 20.284 0.141 4.99 322.0
2458291.85961 20.126 0.140 5.16 388.0
2458292.87007 20.392 0.173 4.92 425.0
2458301.62213 20.228 0.201 6.44 440.0
2458304.54030 20.499 0.236 6.84 338.0
2458305.64730 20.161 0.148 7.55 214.0
2458306.76275 20.529 0.236 7.20 285.0
2458307.71683 20.404 0.117 4.13 251.0
2458308.69636 20.377 0.136 5.25 215.0
2458309.67444 20.420 0.101 3.75 211.0
2458310.59203 20.320 0.113 4.73 223.0
2458311.53461 20.583 0.204 6.36 251.0
2458312.53504 20.611 0.176 5.00 277.0
2458313.53621 20.370 0.112 4.29 243.0
2458314.53549 20.467 0.129 4.56 239.0
2458316.53469 20.569 0.192 5.49 297.0
2458320.56855 20.481 0.162 5.42 294.0
2458329.51235 20.571 0.215 5.35 411.0
2458330.54406 20.163 0.111 4.52 386.0
2458332.52959 20.574 0.179 5.35 302.0
2458333.64468 20.480 0.116 3.88 247.0
2458335.66844 20.471 0.138 4.72 248.0
2458338.55896 20.452 0.193 6.59 261.0
2458340.49191 20.647 0.194 5.13 290.0
2458342.47647 20.192 0.151 5.47 354.0
2458344.62321 20.680 0.214 5.55 312.0
2458346.56338 20.490 0.128 4.33 219.0
2458348.57218 20.376 0.164 5.11 318.0
2458353.61484 20.503 0.246 5.86 464.0
2458356.67680 20.249 0.134 4.08 563.0
2458359.50389 20.640 0.195 5.34 270.0
2458361.64546 20.595 0.240 6.69 299.0
2458366.51705 20.469 0.161 5.54 251.0
2458368.64258 20.440 0.134 4.38 331.0
2458371.53160 20.393 0.112 3.77 261.0
2458375.50353 20.586 0.237 6.35 308.0
2458382.61391 20.210 0.160 4.52 676.0
2458384.58269 20.777 0.291 4.83 611.0
2458387.50312 20.405 0.186 4.48 498.0
2458393.56919 20.748 0.283 6.32 316.0
2458401.57250 20.768 0.296 6.82 443.0
2458547.88076 20.572 0.134 4.12 265.0
2458550.87197 20.553 0.138 4.54 271.0
2458553.89470 20.379 0.193 7.22 280.0
2458556.78118 20.283 0.113 4.24 284.0
2458558.78331 20.415 0.135 4.69 292.0
2458559.89888 20.327 0.119 4.59 269.0
2458561.89083 20.323 0.163 6.01 270.0
2458565.85698 20.189 0.133 4.28 481.0
2458574.90764 20.202 0.127 6.26 237.0
2458576.80102 20.204 0.137 6.29 267.0
2458579.80767 20.119 0.144 5.64 356.0
2458580.86274 20.250 0.128 5.01 311.0
2458582.74423 20.167 0.128 6.03 264.0
2458583.83848 20.052 0.094 4.83 315.0
2458585.73975 20.176 0.119 5.42 282.0
2458586.81363 20.090 0.081 3.92 237.0
2458587.92125 19.879 0.091 4.13 408.0
2458589.76347 19.987 0.099 4.05 405.0
2458590.84664 20.087 0.081 3.00 408.0
2458592.81219 20.023 0.142 5.21 591.0
2458599.89079 19.593 0.059 3.82 341.0
2458601.69855 19.631 0.061 4.21 282.0
2458602.80790 19.620 0.060 4.27 276.0
2458603.91164 19.540 0.067 4.33 362.0
2458605.73640 19.515 0.062 4.47 288.0
2458606.82984 19.360 0.042 3.28 285.0
2458607.88826 19.338 0.054 4.24 348.0
2458612.75011 18.992 0.050 6.31 237.0
2458613.75535 18.888 0.035 4.33 291.0
2458614.81269 18.815 0.039 4.63 351.0
2458615.90358 18.594 0.030 4.35 326.0
2458616.93655 18.519 0.039 4.35 727.0
2458618.67701 18.180 0.026 5.38 410.0
2458619.70179 18.026 0.024 5.62 388.0
2458620.76600 17.679 0.016 4.75 410.0
2458621.89957 17.189 0.014 4.45 839.0
2458626.85279 17.607 0.017 4.65 515.0
2458635.67306 19.055 0.036 4.25 240.0
2458636.62655 19.183 0.055 5.65 282.0
2458637.60744 19.189 0.046 5.14 240.0
2458638.67018 19.283 0.042 4.50 240.0
2458639.81409 19.378 0.048 3.98 349.0
2458640.86749 19.528 0.084 5.57 353.0
2458642.87058 19.595 0.108 5.87 447.0
2458643.83391 19.642 0.062 3.82 309.0
2458644.78298 19.564 0.067 4.56 321.0
2458646.77926 19.766 0.083 4.88 300.0
2458647.78483 19.824 0.122 5.82 410.0
2458648.82203 19.909 0.125 5.03 501.0
2458655.70441 20.167 0.241 6.86 644.0
2458656.85362 20.251 0.173 5.81 448.0
2458657.82412 20.034 0.084 3.68 291.0
2458660.66255 19.940 0.097 5.86 209.0
2458661.64150 20.103 0.085 4.50 206.0
2458664.61526 20.116 0.075 4.41 167.0
2458666.55217 20.167 0.146 5.64 353.0
2458667.58057 20.273 0.191 7.09 300.0
2458668.54332 20.127 0.128 6.33 258.0
2458669.51743 20.439 0.193 5.92 365.0
2458670.48204 20.056 0.105 5.00 352.0
2458670.81805 20.330 0.124 4.79 260.0
2458674.60301 20.002 0.118 6.28 248.0
2458675.67021 20.260 0.112 4.09 335.0
2458676.78629 20.414 0.180 8.26 525.0
2458682.53779 20.245 0.156 4.78 485.0
2458683.79184 20.563 0.215 5.12 447.0
2458685.51726 20.261 0.147 5.70 344.0
2458689.51302 20.464 0.233 7.26 292.0
2458690.53642 20.355 0.193 6.82 292.0
2458691.53602 20.202 0.075 3.81 207.0
2458692.54602 20.227 0.111 4.27 367.0
2458693.54331 20.145 0.118 5.79 222.0
2458694.75576 20.265 0.100 3.97 255.0
2458698.50513 20.450 0.118 4.65 218.0
2458699.72589 20.233 0.106 4.15 266.0
2458701.74927 20.136 0.126 4.65 401.0
2458711.61640 20.324 0.154 4.65 438.0
2458713.63105 20.690 0.219 5.50 331.0
2458718.70867 20.400 0.175 5.29 389.0
2458723.65645 20.312 0.150 5.60 298.0
2458725.67322 20.499 0.148 5.30 247.0
2458727.65267 20.411 0.211 6.54 324.0
2458729.66886 20.232 0.142 5.91 281.0
2458736.62418 20.050 0.177 5.99 567.0
2458741.63337 20.285 0.232 6.54 514.0
2458748.60177 20.360 0.192 6.04 371.0
