2457436.83818 19.135 0.071 7.20 371.0
2457438.89244 19.134 0.082 6.49 694.0
2457441.87086 19.003 0.053 5.03 556.0
2457445.88134 19.045 0.039 4.18 404.0
2457447.90279 19.088 0.082 4.50 1390.0
2457451.90294 19.062 0.054 4.17 749.0
2457453.88629 19.072 0.037 4.36 321.0
2457456.84420 18.972 0.045 5.33 369.0
2457458.87269 19.094 0.043 5.24 297.0
2457461.87204 19.067 0.034 3.84 330.0
2457463.90954 18.955 0.038 4.00 456.0
2457466.90912 19.078 0.041 4.16 419.0
2457470.86723 19.078 0.063 6.01 495.0
2457472.78540 19.127 0.067 5.90 535.0
2457474.80383 18.919 0.043 4.79 520.0
2457475.84427 19.104 0.069 6.24 530.0
2457476.78349 19.083 0.051 4.93 535.0
2457479.83320 19.119 0.098 6.52 924.0
2457484.91707 19.038 0.040 4.43 383.0
2457486.83854 19.040 0.051 5.91 340.0
2457488.73365 18.983 0.048 6.06 342.0
2457491.74610 18.938 0.052 6.75 359.0
2457492.79148 19.026 0.038 4.63 335.0
2457493.77895 19.171 0.043 4.98 269.0
2457494.76555 19.091 0.036 4.25 285.0
2457495.74588 18.974 0.046 4.87 389.0
2457497.89194 19.116 0.050 5.31 378.0
2457498.88987 19.166 0.054 5.21 470.0
2457499.85302 19.079 0.046 4.56 463.0
2457500.79351 19.042 0.057 5.26 548.0
2457507.83132 19.030 0.040 4.24 426.0
2457508.88209 19.061 0.037 3.75 375.0
2457511.72859 19.070 0.034 3.96 323.0
2457516.64064 19.056 0.057 6.64 411.0
2457516.65533 19.120 0.056 6.42 367.0
2457530.76931 18.922 0.050 4.61 759.0
2457546.75237 19.096 0.042 4.97 309.0
2457547.66166 19.013 0.035 4.87 263.0
2457548.85805 18.970 0.034 4.97 414.0
2457555.64598 19.026 0.042 4.84 438.0
2457557.58550 18.952 0.056 5.65 645.0
2457566.60359 18.942 0.049 6.25 380.0
2457567.53746 19.103 0.070 6.77 527.0
2457569.54897 18.988 0.057 7.17 350.0
2457570.69863 19.146 0.043 5.46 256.0
2457575.69224 19.004 0.031 4.17 242.0
2457584.62104 19.011 0.048 5.40 400.0
2457589.61681 18.977 0.062 5.40 770.0
2457590.63408 19.067 0.045 4.51 475.0
2457593.61642 18.915 0.036 5.30 274.0
2457596.58183 19.114 0.039 4.91 270.0
2457600.62018 19.123 0.046 5.20 286.0
2457603.72473 19.038 0.041 5.61 266.0
2457609.59033 19.115 0.045 4.93 308.0
2457612.69271 18.981 0.050 6.02 396.0
2457617.54829 19.047 0.065 5.55 566.0
2457622.51502 19.003 0.041 5.28 286.0
2457638.58519 18.983 0.045 4.82 493.0
2457657.58140 19.135 0.049 4.91 373.0
2457800.87004 19.041 0.052 5.57 463.0
2457807.87822 19.007 0.038 4.79 332.0
2457814.89212 19.069 0.039 4.22 347.0
2457817.87456 18.931 0.035 4.29 380.0
2457819.90787 19.064 0.063 4.40 903.0
2457822.87356 19.015 0.049 5.68 388.0
2457825.81687 19.010 0.058 5.60 609.0
2457827.82394 19.020 0.054 5.47 499.0
2457829.83460 18.992 0.061 5.89 543.0
2457835.84455 19.045 0.063 7.36 316.0
2457837.74960 18.993 0.045 6.26 299.0
2457838.82036 18.967 0.037 4.84 334.0
2457839.88128 19.157 0.035 4.14 252.0
2457841.76892 18.983 0.051 6.91 297.0
2457842.80863 19.062 0.046 5.87 288.0
2457843.85008 18.973 0.036 5.18 256.0
2457844.89402 19.096 0.045 5.48 276.0
2457846.75512 19.061 0.042 5.51 276.0
2457847.78084 19.036 0.046 5.90 289.0
2457848.80964 19.029 0.035 4.77 258.0
2457849.84814 19.018 0.031 3.84 283.0
2457850.87793 18.997 0.035 4.86 280.0
2457851.91390 19.062 0.042 5.27 300.0
2457854.71441 19.072 0.071 6.14 656.0
2457855.75945 18.995 0.047 4.44 592.0
2457858.91120 19.111 0.051 5.20 468.0
2457865.71583 19.069 0.042 5.22 311.0
2457866.72749 19.051 0.040 4.89 313.0
2457867.74652 19.022 0.031 3.86 276.0
2457869.85446 19.114 0.039 4.64 304.0
2457890.70654 19.074 0.062 6.38 454.0
2457893.70055 18.978 0.048 5.94 346.0
2457902.70857 18.976 0.039 5.20 303.0
2457911.60495 19.116 0.088 7.10 642.0
2457916.58984 19.018 0.060 5.13 756.0
2457917.63603 19.077 0.049 4.89 442.0
2457924.68034 18.944 0.037 4.40 315.0
2457934.69515 19.098 0.039 4.82 296.0
2457945.60462 18.974 0.041 4.63 429.0
2457953.50190 19.028 0.045 5.42 356.0
2457956.52306 18.967 0.043 5.12 377.0
2457959.52647 19.011 0.041 5.18 322.0
2457967.57951 18.982 0.057 7.00 356.0
2457971.57228 19.081 0.067 5.45 665.0
2458168.88097 18.976 0.043 5.48 338.0
2458171.87106 18.989 0.039 4.45 369.0
2458172.88295 18.922 0.042 4.85 403.0
2458181.85081 19.072 0.051 4.38 595.0
2458184.87531 19.098 0.054 5.00 507.0
2458185.89412 19.073 0.053 5.01 527.0
2458190.82000 19.065 0.039 5.00 291.0
2458193.90849 19.092 0.051 4.89 497.0
2458198.81404 19.001 0.038 4.60 323.0
2458202.83380 19.047 0.038 4.25 353.0
2458203.89219 19.010 0.038 4.92 296.0
2458206.81111 19.020 0.038 4.22 411.0
2458208.88942 18.924 0.038 3.98 489.0
2458209.90801 19.071 0.046 4.54 481.0
2458210.92126 19.096 0.055 4.06 787.0
2458220.78734 19.140 0.063 7.42 279.0
2458221.83200 19.022 0.037 4.92 265.0
2458222.86635 18.947 0.035 4.47 293.0
2458226.82757 19.009 0.049 6.29 299.0
2458227.86447 19.026 0.034 4.05 289.0
2458232.84429 19.037 0.039 4.91 306.0
2458236.69278 19.105 0.052 4.40 586.0
2458238.82441 19.076 0.061 5.35 612.0
2458244.81734 18.981 0.040 4.40 425.0
2458247.78379 19.083 0.040 4.38 373.0
2458250.85587 19.001 0.035 4.83 312.0
2458251.75858 19.136 0.057 6.63 312.0
2458254.92147 19.035 0.037 3.93 416.0
2458256.80205 18.965 0.046 5.46 372.0
2458257.75471 18.987 0.040 5.37 280.0
2458258.75216 18.962 0.033 4.46 274.0
2458259.73435 18.981 0.040 4.83 412.0
2458260.73825 19.040 0.033 4.12 329.0
2458262.78853 19.026 0.034 4.54 255.0
2458263.72919 19.044 0.033 3.91 325.0
2458264.75926 19.201 0.046 4.44 407.0
2458265.67162 19.035 0.054 5.10 530.0
2458266.69362 18.998 0.064 6.14 568.0
2458271.79344 18.977 0.054 5.62 550.0
2458272.74801 19.192 0.059 5.58 416.0
2458273.61644 19.069 0.048 5.23 395.0
2458274.73010 18.989 0.048 6.30 328.0
2458275.63231 19.121 0.050 5.75 325.0
2458277.70907 19.108 0.040 5.11 271.0
2458283.72065 19.092 0.042 5.63 263.0
2458290.66166 19.094 0.040 4.87 321.0
2458304.58905 19.024 0.058 7.13 340.0
2458305.59094 19.066 0.063 7.68 305.0
2458308.58923 19.050 0.037 5.15 243.0
2458310.57271 19.087 0.046 5.75 324.0
2458320.66114 19.005 0.034 4.63 323.0
2458329.59955 19.157 0.060 5.54 473.0
2458330.53653 19.165 0.047 5.03 382.0
2458336.56484 19.008 0.038 5.44 257.0
2458338.58542 18.952 0.045 6.35 313.0
2458341.50803 19.044 0.044 5.25 344.0
2458342.58275 19.065 0.047 5.34 326.0
2458347.48610 19.119 0.050 5.92 296.0
2458348.56480 18.962 0.048 5.41 373.0
2458360.47676 19.000 0.067 6.06 547.0
2458363.50529 19.161 0.061 6.31 353.0
2458373.50142 19.193 0.059 5.70 312.0
2458530.89017 19.070 0.059 4.39 828.0
2458532.89306 19.022 0.078 6.03 965.0
2458534.87719 18.975 0.057 5.98 539.0
2458539.87882 19.116 0.048 5.17 413.0
2458544.87772 19.037 0.036 5.08 283.0
2458546.90599 19.019 0.059 5.08 768.0
2458548.82300 19.017 0.040 4.62 402.0
2458549.83021 19.085 0.045 5.50 310.0
2458551.86607 19.106 0.053 6.35 301.0
2458552.88859 18.995 0.051 7.15 286.0
2458554.86859 19.003 0.039 5.31 307.0
2458555.84112 19.015 0.036 4.88 313.0
2458556.81384 19.083 0.044 5.07 346.0
2458557.78331 18.987 0.046 5.96 325.0
2458557.88400 18.997 0.043 5.86 309.0
2458558.84810 18.983 0.041 5.55 322.0
2458559.79388 19.003 0.041 5.30 334.0
2458559.89522 19.013 0.035 4.62 301.0
2458560.85598 18.993 0.032 3.93 301.0
2458561.82112 19.030 0.043 4.36 454.0
2458562.87856 19.127 0.060 5.55 509.0
2458564.78244 18.969 0.053 5.62 542.0
2458564.88501 18.983 0.043 4.75 492.0
2458565.85333 19.056 0.052 5.20 509.0
2458566.81528 18.967 0.043 3.94 510.0
2458567.84160 19.069 0.044 4.28 487.0
2458573.88826 18.900 0.052 6.78 339.0
2458574.85175 19.061 0.049 6.37 286.0
2458575.84627 18.973 0.046 6.29 300.0
2458576.87187 18.994 0.044 6.21 278.0
2458577.80419 18.943 0.061 7.37 374.0
2458578.80573 19.074 0.041 4.86 352.0
2458578.92689 18.877 0.060 5.54 824.0
2458579.79467 19.054 0.052 5.94 392.0
2458579.90704 18.937 0.041 4.92 421.0
2458580.78023 19.072 0.043 5.23 340.0
2458580.89641 18.958 0.038 4.71 360.0
2458581.83217 19.010 0.037 4.83 310.0
2458582.78556 18.951 0.039 5.14 313.0
2458583.73618 19.039 0.044 5.83 328.0
2458585.92001 18.966 0.035 3.87 422.0
2458586.87266 18.949 0.032 4.52 273.0
2458587.80335 18.986 0.042 5.65 318.0
2458589.72162 18.918 0.047 5.32 508.0
2458590.91646 18.989 0.040 4.81 387.0
2458594.84191 18.952 0.041 4.25 558.0
2458601.67251 19.040 0.040 5.06 327.0
2458605.67378 19.039 0.055 6.61 339.0
2458608.67246 18.899 0.046 5.50 496.0
2458609.66739 18.862 0.039 5.24 381.0
2458612.89522 18.830 0.040 5.27 359.0
2458613.77590 18.767 0.031 4.61 317.0
2458614.67144 18.837 0.061 7.55 436.0
2458614.92444 18.773 0.041 5.32 447.0
2458615.85112 18.752 0.028 4.44 291.0
2458616.73797 18.771 0.029 4.02 375.0
2458617.66006 18.638 0.035 5.77 399.0
2458617.93660 18.649 0.038 3.97 817.0
2458618.80834 18.762 0.035 4.60 460.0
2458619.69377 18.656 0.037 5.54 427.0
2458620.64279 18.710 0.044 5.93 501.0
2458620.89293 18.609 0.032 4.66 450.0
2458621.86087 18.568 0.041 4.98 697.0
2458626.67296 18.493 0.048 7.22 549.0
2458627.64611 18.383 0.026 5.38 475.0
2458627.77661 18.408 0.023 4.50 456.0
2458636.63428 18.480 0.028 5.61 318.0
2458637.69433 18.548 0.023 4.34 291.0
2458639.83996 18.551 0.023 4.05 384.0
2458641.60377 18.535 0.030 5.54 397.0
2458643.87188 18.662 0.032 4.82 352.0
2458648.86048 18.866 0.046 5.58 482.0
2458657.66322 18.921 0.039 5.26 319.0
