2455260.89027 17.268 0.013 3.51 711.0
2455261.82120 17.256 0.015 4.95 689.0
2455265.87731 17.267 0.015 4.29 910.0
2455266.82356 17.258 0.015 5.32 561.0
2455267.85080 17.266 0.015 5.26 539.0
2455268.85321 17.248 0.013 4.38 501.0
2455269.81691 17.290 0.012 4.09 493.0
2455270.82255 17.262 0.012 3.66 490.0
2455271.81811 17.253 0.013 4.23 573.0
2455272.82322 17.283 0.014 4.78 488.0
2455273.80823 17.269 0.014 4.90 499.0
2455274.82678 17.261 0.013 4.39 477.0
2455275.81307 17.280 0.015 4.63 582.0
2455276.79124 17.269 0.014 4.66 520.0
2455277.84729 17.257 0.015 5.36 526.0
2455278.82334 17.286 0.015 5.18 532.0
2455279.82460 17.269 0.015 5.19 504.0
2455280.83122 17.240 0.012 3.95 532.0
2455281.81116 17.273 0.012 3.71 500.0
2455282.83390 17.264 0.013 4.01 561.0
2455283.79392 17.260 0.016 5.30 713.0
2455283.88535 17.258 0.014 5.18 523.0
2455284.79960 17.296 0.016 4.69 803.0
2455285.79039 17.273 0.016 4.77 923.0
2455285.92090 17.235 0.019 4.53 1818.0
2455286.80608 17.278 0.019 5.48 854.0
2455287.85925 17.253 0.013 3.51 750.0
2455288.78461 17.274 0.015 4.23 860.0
2455289.83650 17.268 0.017 5.46 868.0
2455293.86445 17.254 0.013 3.60 590.0
2455294.82506 17.259 0.012 3.79 440.0
2455295.82831 17.285 0.013 4.81 450.0
2455296.86758 17.232 0.010 3.28 430.0
2455297.90376 17.264 0.012 3.53 456.0
2455299.73660 17.233 0.010 4.12 451.0
2455300.84535 17.242 0.012 4.43 476.0
2455301.85368 17.255 0.014 4.90 500.0
2455306.83919 17.255 0.012 4.16 457.0
2455307.83931 17.258 0.013 4.28 542.0
2455308.82888 17.250 0.012 4.57 440.0
2455309.88375 17.246 0.012 3.76 501.0
2455310.89210 17.255 0.012 4.22 489.0
2455312.74868 17.260 0.016 5.85 649.0
2455313.78510 17.309 0.019 6.21 756.0
2455314.71320 17.287 0.021 6.28 1036.0
2455314.92484 17.257 0.015 4.36 1009.0
2455315.85362 17.268 0.015 4.11 1015.0
2455316.80893 17.277 0.022 6.99 951.0
2455320.64373 17.272 0.016 5.03 893.0
2455320.85038 17.252 0.015 4.61 714.0
2455321.79364 17.286 0.015 4.90 632.0
2455323.67997 17.325 0.017 5.96 669.0
2455323.90434 17.286 0.015 4.56 740.0
2455324.83776 17.243 0.014 4.96 574.0
2455325.75113 17.270 0.013 4.23 478.0
2455326.63688 17.270 0.017 6.06 593.0
2455326.87775 17.301 0.014 3.94 591.0
2455327.82564 17.263 0.014 4.06 514.0
2455328.75488 17.265 0.010 4.10 501.0
2455329.70974 17.278 0.015 5.69 496.0
2455334.87669 17.290 0.014 4.78 540.0
2455335.84238 17.281 0.014 4.66 526.0
2455336.93766 17.266 0.016 4.75 798.0
2455337.93889 17.263 0.018 5.09 1212.0
2455339.69722 17.286 0.016 4.99 717.0
2455340.65590 17.258 0.017 5.31 828.0
2455340.91432 17.299 0.025 7.35 913.0
2455341.84556 17.251 0.015 4.50 753.0
2455342.67295 17.282 0.018 5.37 838.0
2455342.86909 17.240 0.018 5.79 891.0
2455343.69309 17.256 0.016 4.46 958.0
2455343.89936 17.285 0.017 4.55 1083.0
2455348.83393 17.256 0.015 4.70 651.0
2455349.74420 17.262 0.016 4.69 1000.0
2455350.72288 17.250 0.015 5.44 542.0
2455351.88138 17.255 0.015 5.10 698.0
2455352.88763 17.238 0.014 4.17 714.0
2455353.81064 17.263 0.012 3.67 546.0
2455354.83158 17.262 0.014 4.10 622.0
2455355.76331 17.265 0.015 5.01 574.0
2455357.76403 17.300 0.016 5.58 514.0
2455359.72690 17.275 0.015 5.55 586.0
2455361.67357 17.292 0.018 7.11 522.0
2455364.52608 17.265 0.017 5.67 726.0
2455365.58836 17.289 0.016 5.53 643.0
2455368.61938 17.285 0.015 5.36 588.0
2455376.64646 17.260 0.019 6.53 741.0
2455376.84084 17.278 0.017 5.15 934.0
2455377.53555 17.295 0.016 5.84 584.0
2455377.77833 17.284 0.014 4.49 650.0
2455378.68572 17.284 0.013 4.20 466.0
2455379.49555 17.293 0.016 5.83 519.0
2455379.80889 17.256 0.014 4.95 606.0
2455380.50697 17.248 0.014 5.53 501.0
2455380.70100 17.261 0.012 4.29 411.0
2455381.55286 17.289 0.015 5.50 560.0
2455381.76664 17.314 0.020 6.99 595.0
2455382.64128 17.270 0.016 6.19 538.0
2455383.69506 17.293 0.019 7.84 488.0
2455383.75328 17.263 0.017 6.79 464.0
2455385.85120 17.257 0.012 4.30 480.0
2455386.54536 17.269 0.013 4.27 825.0
2455386.62688 17.289 0.013 5.18 643.0
2455386.71130 17.273 0.012 4.16 633.0
2455387.50714 17.302 0.012 3.39 500.0
2455388.47095 17.268 0.019 6.64 763.0
2455388.81084 17.278 0.014 5.05 435.0
2455389.76036 17.265 0.017 6.74 450.0
2455390.68664 17.272 0.016 6.18 443.0
2455391.54635 17.279 0.017 6.63 470.0
2455392.48358 17.294 0.016 5.95 544.0
2455392.81350 17.269 0.013 4.75 468.0
2455393.79019 17.292 0.017 6.77 494.0
2455396.77285 17.288 0.014 5.15 452.0
2455403.52165 17.287 0.013 3.64 918.0
2455403.71750 17.266 0.015 4.04 976.0
2455404.58551 17.267 0.016 5.50 668.0
2455404.79033 17.239 0.016 5.42 887.0
2455405.79786 17.288 0.017 4.78 1016.0
2455407.65467 17.284 0.018 6.63 503.0
2455408.58240 17.262 0.015 5.98 461.0
2455408.77473 17.275 0.020 6.99 701.0
2455409.77688 17.256 0.014 5.17 595.0
2455410.78124 17.255 0.014 4.99 603.0
2455412.51490 17.275 0.015 5.80 548.0
2455412.73709 17.260 0.016 6.26 525.0
2455414.47641 17.251 0.014 5.11 506.0
2455416.63397 17.271 0.014 5.64 424.0
2455418.70080 17.230 0.013 5.25 423.0
2455421.71698 17.272 0.015 6.34 407.0
2455423.52981 17.290 0.012 4.18 399.0
2455426.54585 17.291 0.015 4.39 755.0
2455430.61661 17.265 0.017 5.49 749.0
2455431.61405 17.264 0.016 5.69 677.0
2455432.62962 17.268 0.018 6.08 731.0
2455434.58206 17.285 0.015 5.25 588.0
2455435.55145 17.270 0.015 5.32 569.0
2455436.65110 17.261 0.013 4.02 545.0
2455438.64321 17.285 0.013 4.05 530.0
2455439.64780 17.261 0.016 6.17 490.0
2455443.66638 17.271 0.014 5.49 498.0
2455445.48308 17.272 0.013 4.52 594.0
2455446.57910 17.275 0.014 4.78 477.0
2455447.61272 17.258 0.012 4.95 414.0
2455449.51954 17.274 0.015 5.27 484.0
2455450.60848 17.289 0.016 6.09 507.0
2455453.58388 17.260 0.015 5.13 628.0
2455458.47990 17.234 0.018 4.93 1135.0
2455459.52592 17.289 0.015 4.70 632.0
2455460.54117 17.272 0.019 5.95 951.0
2455461.56815 17.220 0.025 5.91 2057.0
2455463.49102 17.258 0.015 5.08 663.0
2455464.48329 17.302 0.018 5.96 777.0
2455465.56072 17.317 0.020 7.13 621.0
2455469.55528 17.267 0.013 4.80 528.0
2455471.59056 17.282 0.014 4.78 501.0
2455473.52069 17.267 0.017 6.33 553.0
2455478.51421 17.249 0.014 4.53 538.0
2455480.56271 17.258 0.016 5.83 637.0
2455485.56320 17.327 0.019 5.60 850.0
2455487.54814 17.251 0.016 5.23 753.0
2455489.55102 17.282 0.021 6.64 860.0
2455494.51930 17.280 0.024 7.57 833.0
2455497.54274 17.246 0.018 6.15 785.0
2455620.87911 17.270 0.016 6.06 619.0
2455621.90142 17.258 0.016 4.44 1217.0
2455624.89257 17.273 0.011 4.07 451.0
2455626.86381 17.273 0.014 4.92 488.0
2455628.82323 17.241 0.012 4.78 493.0
2455629.84991 17.270 0.015 5.78 441.0
2455631.87920 17.264 0.012 4.66 479.0
2455633.83317 17.241 0.012 4.59 512.0
2455635.86604 17.283 0.015 5.72 541.0
2455637.90880 17.274 0.016 6.26 604.0
2455638.86686 17.289 0.014 4.92 570.0
2455639.82039 17.289 0.015 4.83 683.0
2455639.89597 17.287 0.013 4.61 570.0
2455640.81718 17.264 0.015 5.01 727.0
2455640.90517 17.271 0.013 4.55 661.0
2455641.82548 17.298 0.013 4.36 653.0
2455641.86366 17.258 0.013 4.81 622.0
2455642.78540 17.265 0.014 4.59 779.0
2455642.90749 17.302 0.017 6.50 710.0
2455643.80943 17.300 0.015 4.92 714.0
2455643.91041 17.267 0.014 5.03 705.0
2455644.81959 17.264 0.020 5.30 1500.0
2455647.75398 17.270 0.014 5.50 554.0
2455647.79442 17.244 0.013 4.51 645.0
2455647.83101 17.300 0.019 4.83 1511.0
2455647.86284 17.263 0.013 4.57 534.0
2455647.91425 17.262 0.022 6.65 1469.0
2455648.82619 17.266 0.013 5.06 464.0
2455648.91372 17.272 0.016 6.57 547.0
2455649.80917 17.273 0.012 5.03 402.0
2455649.91191 17.254 0.013 5.46 475.0
2455650.82151 17.280 0.011 4.55 394.0
2455650.91444 17.271 0.014 5.54 567.0
2455651.82263 17.261 0.012 4.64 430.0
2455652.75966 17.265 0.012 4.86 424.0
2455652.86485 17.239 0.011 4.36 408.0
2455653.92019 17.288 0.013 3.48 865.0
2455654.84122 17.288 0.013 5.38 415.0
2455655.75532 17.298 0.014 5.27 526.0
2455655.83163 17.258 0.012 4.63 449.0
2455656.78624 17.304 0.012 4.41 484.0
2455656.87422 17.260 0.011 4.67 415.0
2455657.83117 17.265 0.011 4.37 446.0
2455657.92105 17.318 0.014 3.95 852.0
2455658.84409 17.258 0.012 4.85 410.0
2455658.92361 17.267 0.023 6.95 972.0
2455659.77637 17.291 0.013 5.41 441.0
2455659.85892 17.263 0.013 5.63 590.0
2455660.74572 17.260 0.014 6.50 446.0
2455660.83191 17.278 0.013 5.57 413.0
2455662.74080 17.274 0.015 6.27 502.0
2455662.84226 17.283 0.013 5.32 523.0
2455662.92235 17.296 0.013 4.38 607.0
2455664.78755 17.293 0.017 6.94 473.0
2455664.89024 17.267 0.014 5.57 560.0
2455665.76741 17.243 0.018 7.30 492.0
2455665.88509 17.267 0.011 4.03 404.0
2455667.78940 17.259 0.011 4.25 508.0
2455668.78034 17.287 0.015 5.13 705.0
2455669.79038 17.288 0.012 3.93 733.0
2455670.76488 17.255 0.014 4.54 794.0
2455671.74633 17.271 0.014 4.79 817.0
2455675.83329 17.307 0.018 6.16 764.0
2455676.75233 17.290 0.009 4.84 271.0
2455677.70470 17.282 0.013 5.29 498.0
2455677.89334 17.294 0.011 3.67 444.0
2455679.80609 17.273 0.013 5.11 486.0
2455680.69856 17.288 0.017 6.76 476.0
2455680.88360 17.272 0.011 4.14 430.0
2455681.76697 17.254 0.011 4.52 418.0
2455682.67623 17.284 0.015 5.52 645.0
2455682.89768 17.286 0.012 4.09 546.0
2455683.83394 17.274 0.011 3.99 516.0
2455684.74535 17.269 0.011 4.13 460.0
2455685.65791 17.280 0.015 5.97 511.0
2455685.91796 17.275 0.012 4.81 483.0
2455686.83583 17.298 0.013 4.43 504.0
2455687.71702 17.268 0.013 5.28 601.0
2455688.88511 17.265 0.012 4.75 470.0
2455690.63216 17.306 0.012 5.90 463.0
2455690.82276 17.294 0.014 5.24 493.0
2455691.76105 17.291 0.014 5.51 467.0
2455692.65277 17.275 0.017 6.52 731.0
2455692.83481 17.287 0.012 4.17 564.0
2455693.66159 17.266 0.014 5.73 572.0
2455693.85681 17.252 0.011 3.91 618.0
2455694.67282 17.261 0.013 4.65 605.0
2455694.86483 17.251 0.013 4.75 542.0
2455695.69633 17.277 0.015 5.67 668.0
2455695.90444 17.281 0.012 5.04 454.0
2455696.73160 17.293 0.014 5.04 579.0
2455696.90588 17.269 0.013 5.12 520.0
2455697.73686 17.258 0.014 4.86 709.0
2455697.90161 17.271 0.013 4.76 709.0
2455698.73752 17.268 0.019 6.77 988.0
2455698.89623 17.274 0.018 5.56 1122.0
2455703.86874 17.270 0.021 7.73 883.0
2455705.88866 17.292 0.017 6.42 649.0
2455706.84468 17.268 0.016 6.36 631.0
2455707.71190 17.269 0.012 4.98 470.0
2455707.87068 17.290 0.014 4.95 593.0
2455708.69328 17.274 0.013 5.38 429.0
2455708.88283 17.250 0.017 6.92 717.0
2455711.69787 17.300 0.010 5.43 337.0
2455712.77966 17.279 0.012 3.96 504.0
2455714.85852 17.270 0.014 5.77 489.0
2455715.73347 17.271 0.011 4.35 414.0
2455715.91973 17.300 0.015 6.22 600.0
2455716.80238 17.275 0.014 6.08 408.0
2455721.65219 17.259 0.013 5.58 563.0
2455721.88506 17.268 0.015 5.67 603.0
2455722.71484 17.296 0.013 4.51 491.0
2455723.60994 17.275 0.013 5.23 523.0
2455723.77747 17.278 0.013 4.34 534.0
2455724.62559 17.283 0.017 6.25 653.0
2455724.63810 17.300 0.018 6.18 642.0
2455724.82841 17.256 0.015 5.68 551.0
2455725.75329 17.272 0.012 3.67 665.0
2455726.65265 17.287 0.018 5.82 816.0
2455734.59930 17.248 0.017 7.43 633.0
2455734.81249 17.293 0.017 6.55 580.0
2455735.75844 17.270 0.013 5.03 468.0
2455736.51140 17.253 0.018 6.28 814.0
2455736.67668 17.261 0.011 4.20 380.0
2455736.89820 17.261 0.014 5.26 666.0
2455737.51045 17.277 0.017 7.02 543.0
2455737.70007 17.265 0.010 3.72 373.0
2455737.86821 17.271 0.013 5.19 530.0
2455738.72614 17.283 0.010 4.18 441.0
2455739.59500 17.308 0.014 5.72 441.0
2455739.78122 17.253 0.013 5.53 469.0
2455740.57591 17.292 0.018 6.92 511.0
2455740.77950 17.275 0.012 4.57 457.0
2455741.54949 17.253 0.013 5.15 481.0
2455741.73224 17.276 0.012 4.15 403.0
2455741.88871 17.299 0.013 4.45 558.0
2455742.66487 17.269 0.011 4.01 377.0
2455742.82142 17.254 0.011 3.61 456.0
2455743.70892 17.267 0.014 5.46 456.0
2455743.86996 17.289 0.016 5.68 662.0
2455744.62867 17.270 0.013 5.22 518.0
2455744.85450 17.244 0.014 5.45 556.0
2455745.62871 17.274 0.016 6.57 477.0
2455745.80363 17.279 0.015 6.27 460.0
2455746.65183 17.301 0.014 6.12 395.0
2455746.84372 17.279 0.017 7.06 496.0
2455747.73616 17.257 0.016 6.71 445.0
2455749.51615 17.340 0.021 7.70 608.0
2455749.68189 17.290 0.016 6.74 422.0
2455752.56026 17.303 0.017 6.34 640.0
2455752.75064 17.243 0.014 5.17 683.0
2455753.64608 17.287 0.015 5.56 696.0
2455759.84329 17.277 0.021 6.41 1043.0
2455760.64430 17.295 0.015 5.86 569.0
2455760.81487 17.267 0.017 6.03 729.0
2455762.51488 17.267 0.014 4.85 494.0
2455762.67291 17.298 0.014 4.80 475.0
2455763.54920 17.258 0.011 4.26 478.0
2455763.73716 17.247 0.014 5.52 588.0
2455764.55287 17.263 0.013 5.07 526.0
2455764.73631 17.272 0.012 4.36 482.0
2455765.61897 17.262 0.011 4.03 476.0
2455766.48442 17.288 0.015 5.67 496.0
2455766.66832 17.271 0.012 4.61 392.0
2455767.54714 17.252 0.015 6.05 527.0
2455767.75508 17.273 0.016 6.54 452.0
2455768.60511 17.249 0.012 5.24 433.0
2455768.78207 17.276 0.012 4.41 524.0
2455769.63799 17.243 0.010 4.38 386.0
2455770.72706 17.307 0.014 5.31 497.0
2455776.57654 17.268 0.016 6.55 496.0
2455777.49601 17.281 0.012 4.62 528.0
2455777.74761 17.244 0.013 5.11 470.0
2455778.62566 17.314 0.016 5.63 648.0
2455785.59387 17.277 0.017 5.69 732.0
2455786.52478 17.276 0.020 6.69 788.0
2455786.73078 17.245 0.017 5.96 851.0
2455787.58037 17.300 0.013 4.42 638.0
2455788.47557 17.278 0.020 7.62 639.0
2455788.66611 17.271 0.017 6.19 629.0
2455790.56321 17.267 0.018 7.59 543.0
2455790.72407 17.276 0.016 5.97 587.0
2455793.57114 17.262 0.013 5.55 434.0
2455793.73516 17.248 0.016 6.66 544.0
2455794.64629 17.250 0.013 5.53 453.0
2455795.70003 17.299 0.015 5.62 476.0
2455796.62595 17.268 0.012 4.94 435.0
2455801.54795 17.280 0.015 6.41 439.0
2455802.52393 17.248 0.015 5.88 483.0
2455804.53209 17.273 0.013 5.15 454.0
2455804.69267 17.263 0.015 5.80 564.0
2455805.66196 17.252 0.015 6.29 529.0
2455807.61041 17.268 0.018 7.03 502.0
2455812.59288 17.288 0.020 5.78 863.0
2455813.57818 17.298 0.014 4.72 687.0
2455815.54620 17.289 0.012 3.98 599.0
2455816.51746 17.281 0.013 4.37 630.0
2455817.51866 17.262 0.013 4.47 579.0
2455818.50950 17.266 0.014 5.36 558.0
2455819.49778 17.252 0.014 5.39 559.0
2455820.48636 17.254 0.018 6.83 613.0
2455820.64738 17.275 0.017 5.90 693.0
2455822.58642 17.305 0.014 5.37 438.0
2455823.51814 17.294 0.020 7.51 525.0
2455823.60507 17.282 0.015 5.18 544.0
2455824.54205 17.267 0.013 4.83 476.0
2455824.62256 17.273 0.014 5.74 509.0
2455825.56007 17.281 0.014 4.90 540.0
2455826.48297 17.246 0.017 6.34 633.0
2455826.57033 17.303 0.017 6.51 559.0
2455827.50930 17.263 0.020 7.11 646.0
2455827.58979 17.292 0.017 6.40 585.0
2455828.52255 17.271 0.012 4.65 453.0
2455828.59806 17.312 0.014 4.61 553.0
2455829.53346 17.273 0.013 5.18 509.0
2455829.60942 17.270 0.013 5.79 529.0
2455830.54657 17.244 0.012 4.81 484.0
2455831.51863 17.265 0.012 4.69 474.0
2455831.59356 17.239 0.013 6.07 511.0
2455832.53965 17.270 0.012 4.61 526.0
2455833.48607 17.255 0.017 6.11 707.0
2455833.57729 17.310 0.014 5.11 493.0
2455834.53678 17.260 0.012 4.80 459.0
2455835.51777 17.255 0.018 6.87 560.0
2455836.52036 17.283 0.016 5.49 696.0
2455836.58392 17.281 0.017 6.00 816.0
2455839.54128 17.269 0.022 5.53 1623.0
2455840.48562 17.285 0.021 6.42 929.0
2455840.58709 17.268 0.015 4.92 737.0
2455841.51367 17.327 0.019 6.08 749.0
2455841.59627 17.282 0.019 6.08 835.0
2455842.55980 17.247 0.017 5.83 732.0
2455843.51723 17.282 0.016 5.61 660.0
2455843.59855 17.288 0.018 6.46 751.0
2455844.54100 17.281 0.016 5.49 720.0
2455845.50189 17.265 0.018 6.87 691.0
2455845.58206 17.246 0.020 6.68 928.0
2455846.54377 17.321 0.020 5.84 885.0
2455850.56776 17.248 0.014 5.20 591.0
2455851.53093 17.273 0.015 5.56 549.0
2455852.56065 17.308 0.022 7.42 757.0
2455854.55176 17.251 0.019 6.83 735.0
2455855.54009 17.255 0.018 6.11 739.0
2455856.54592 17.306 0.019 7.57 691.0
2455858.51303 17.283 0.022 8.26 618.0
2455859.54766 17.291 0.019 6.97 692.0
2455861.52025 17.257 0.015 5.77 644.0
2455862.52769 17.280 0.016 6.13 590.0
2455866.51998 17.287 0.026 6.45 1838.0
2455867.52349 17.287 0.019 5.17 1374.0
2455868.52450 17.260 0.021 7.32 846.0
2455869.51542 17.251 0.018 5.43 865.0
2455870.52107 17.289 0.016 6.02 911.0
2455972.87853 17.268 0.013 4.96 753.0
2455977.85534 17.235 0.015 6.26 597.0
2455978.85405 17.234 0.013 5.82 500.0
2455979.84375 17.272 0.015 6.23 597.0
2455980.86362 17.256 0.016 7.13 555.0
2455982.86820 17.239 0.012 4.99 450.0
2455983.86142 17.277 0.011 4.06 466.0
2455984.85496 17.265 0.011 4.31 458.0
2455985.83883 17.274 0.015 5.77 587.0
2455986.82340 17.314 0.014 5.60 587.0
2455986.90608 17.244 0.016 4.88 1184.0
2455987.87332 17.298 0.012 4.47 487.0
2455988.86316 17.291 0.012 4.53 520.0
2455989.84378 17.281 0.014 6.15 434.0
2455990.81355 17.312 0.014 5.99 459.0
2455990.89273 17.271 0.013 5.34 438.0
2455991.86675 17.279 0.011 4.22 432.0
2455992.84337 17.273 0.012 4.43 580.0
2455993.82538 17.282 0.016 6.12 645.0
2455994.80670 17.288 0.015 5.20 894.0
2455994.88440 17.265 0.013 4.72 660.0
2455995.81469 17.293 0.013 4.31 733.0
2455995.89700 17.284 0.012 4.29 600.0
2455996.83901 17.313 0.014 4.91 613.0
2455997.79688 17.294 0.017 6.73 651.0
2455997.88127 17.280 0.012 4.38 546.0
2455998.82223 17.263 0.014 5.32 609.0
2455998.91155 17.281 0.015 4.16 1259.0
2455999.85468 17.250 0.012 4.60 571.0
2456003.82684 17.274 0.020 8.04 583.0
2456004.77491 17.238 0.015 6.52 573.0
2456004.87131 17.236 0.012 5.26 487.0
2456005.78990 17.263 0.012 5.24 444.0
2456005.89681 17.259 0.010 3.80 409.0
2456006.82707 17.280 0.011 4.06 400.0
2456006.91569 17.244 0.012 4.00 793.0
2456007.82845 17.275 0.012 4.49 421.0
2456007.91433 17.273 0.013 4.30 679.0
2456008.82225 17.282 0.011 4.32 433.0
2456008.90987 17.258 0.013 4.89 515.0
2456009.82488 17.265 0.011 3.94 486.0
2456009.90931 17.285 0.012 4.25 552.0
2456010.81658 17.271 0.011 4.25 455.0
2456010.90414 17.274 0.010 3.57 417.0
2456011.79664 17.261 0.013 5.02 442.0
2456011.91029 17.250 0.014 3.78 991.0
2456012.81153 17.311 0.012 4.85 382.0
2456012.90773 17.285 0.009 3.45 366.0
2456013.80543 17.264 0.012 5.20 389.0
2456013.90819 17.276 0.011 4.06 399.0
2456014.78176 17.260 0.011 4.94 420.0
2456014.88054 17.270 0.014 6.22 411.0
2456015.75971 17.260 0.011 4.59 445.0
2456016.73953 17.294 0.011 4.44 451.0
2456016.81990 17.254 0.011 4.34 426.0
2456017.72939 17.240 0.013 5.66 495.0
2456017.80586 17.246 0.010 4.02 393.0
2456017.90336 17.301 0.009 3.41 351.0
2456018.79465 17.299 0.013 5.72 387.0
2456018.87630 17.296 0.011 4.38 382.0
2456019.77284 17.284 0.013 5.60 444.0
2456019.86933 17.259 0.010 3.85 390.0
2456020.72779 17.293 0.015 5.99 529.0
2456020.82244 17.276 0.011 4.77 382.0
2456020.90089 17.287 0.014 5.69 420.0
2456021.75101 17.249 0.014 5.78 582.0
2456021.82826 17.274 0.012 4.67 472.0
2456021.92703 17.272 0.018 3.72 2045.0
2456022.77639 17.262 0.013 4.73 577.0
2456022.87219 17.263 0.011 4.12 496.0
2456023.73215 17.288 0.014 4.87 738.0
2456023.81266 17.278 0.013 4.33 612.0
2456023.91779 17.274 0.014 4.07 863.0
2456024.76971 17.283 0.013 4.62 684.0
2456024.87387 17.264 0.012 4.29 630.0
2456025.75434 17.252 0.016 5.49 744.0
2456025.84739 17.208 0.016 6.19 673.0
2456026.72787 17.208 0.032 7.65 2260.0
2456031.86233 17.265 0.014 5.68 532.0
2456032.80867 17.288 0.012 4.95 464.0
2456033.72758 17.237 0.014 6.16 480.0
2456033.92418 17.266 0.016 5.92 696.0
2456034.91533 17.275 0.012 4.36 470.0
2456036.77268 17.263 0.011 3.98 441.0
2456037.75515 17.269 0.015 6.23 475.0
2456038.72346 17.289 0.015 6.33 445.0
2456038.92601 17.286 0.014 5.23 603.0
2456039.91065 17.247 0.012 4.76 523.0
2456040.89727 17.286 0.012 4.78 471.0
2456041.83691 17.265 0.013 5.08 495.0
2456046.89469 17.268 0.012 4.71 487.0
2456047.78607 17.313 0.011 4.18 460.0
2456048.72601 17.269 0.012 4.42 468.0
2456048.91704 17.242 0.011 4.80 421.0
2456049.84780 17.297 0.011 3.71 470.0
2456050.72390 17.259 0.013 5.07 547.0
2456050.91173 17.271 0.014 4.88 566.0
2456052.73008 17.265 0.014 4.75 689.0
2456052.89714 17.278 0.012 3.90 730.0
2456053.76124 17.277 0.012 3.58 841.0
2456054.86918 17.304 0.013 3.44 1120.0
2456058.78534 17.258 0.011 4.17 511.0
2456059.68522 17.263 0.014 6.30 482.0
2456059.86104 17.257 0.011 3.88 497.0
2456061.73922 17.268 0.011 4.18 489.0
2456061.91686 17.297 0.013 4.74 613.0
2456062.79882 17.309 0.013 4.53 582.0
2456063.77805 17.262 0.017 7.33 462.0
2456064.66562 17.266 0.013 5.23 519.0
2456064.88771 17.261 0.012 4.61 547.0
2456065.71330 17.282 0.011 4.39 402.0
2456066.65177 17.257 0.013 4.82 532.0
2456066.83256 17.280 0.012 4.32 491.0
2456067.63607 17.283 0.011 3.88 454.0
2456067.81565 17.260 0.011 4.05 448.0
2456068.60753 17.255 0.015 6.46 593.0
2456068.61522 17.249 0.013 5.00 553.0
2456068.63229 17.260 0.012 4.73 515.0
2456068.65815 17.255 0.012 4.58 477.0
2456068.67376 17.287 0.012 4.25 489.0
2456068.69848 17.271 0.012 4.02 488.0
2456068.72060 17.260 0.012 4.72 419.0
2456068.74266 17.258 0.012 4.81 400.0
2456068.76610 17.259 0.010 4.02 410.0
2456068.77732 17.272 0.010 3.74 415.0
2456068.80474 17.279 0.011 4.10 429.0
2456068.81850 17.272 0.011 3.61 440.0
2456068.83273 17.269 0.010 3.33 438.0
2456068.84702 17.274 0.010 3.32 465.0
2456068.86144 17.277 0.011 3.50 494.0
2456068.87596 17.271 0.011 3.59 519.0
2456068.89172 17.272 0.011 3.35 559.0
2456068.90601 17.264 0.011 3.69 579.0
2456068.92150 17.303 0.011 3.97 561.0
2456068.94017 17.283 0.013 4.48 813.0
2456069.61124 17.322 0.014 5.89 481.0
2456069.69723 17.287 0.011 4.41 446.0
2456069.78663 17.253 0.009 3.46 430.0
2456069.86075 17.267 0.011 3.59 417.0
2456070.60275 17.277 0.017 6.90 520.0
2456070.67172 17.264 0.012 4.87 475.0
2456070.76748 17.255 0.011 4.61 420.0
2456070.84851 17.283 0.012 4.86 462.0
2456070.93533 17.285 0.013 4.70 522.0
2456071.59387 17.237 0.013 5.73 497.0
2456071.66018 17.287 0.013 5.60 415.0
2456071.73316 17.289 0.011 4.23 403.0
2456071.82724 17.294 0.012 4.64 440.0
2456071.91243 17.260 0.018 7.28 495.0
2456075.60194 17.263 0.011 4.10 493.0
2456075.71617 17.285 0.012 4.85 400.0
2456076.58966 17.256 0.013 5.01 572.0
2456076.66899 17.252 0.011 4.43 471.0
2456076.77381 17.278 0.012 4.84 435.0
2456076.94567 17.238 0.023 6.05 1792.0
2456077.70507 17.262 0.011 4.57 509.0
2456077.80498 17.278 0.011 5.21 441.0
2456077.89068 17.295 0.012 4.50 503.0
2456078.68756 17.266 0.012 4.23 490.0
2456078.78254 17.281 0.011 3.63 531.0
2456078.87400 17.236 0.011 3.66 578.0
2456079.59251 17.261 0.012 4.23 620.0
2456079.66468 17.251 0.011 4.37 461.0
2456079.76893 17.255 0.011 3.93 489.0
2456079.86810 17.290 0.010 3.53 480.0
2456080.63529 17.274 0.014 4.98 703.0
2456080.71457 17.269 0.012 4.25 557.0
2456080.80302 17.266 0.012 4.54 553.0
2456080.89219 17.246 0.013 5.32 544.0
2456081.59291 17.264 0.016 5.52 922.0
2456081.64980 17.247 0.013 4.67 707.0
2456081.75641 17.288 0.013 4.00 864.0
2456081.84531 17.294 0.015 5.04 703.0
2456081.94100 17.274 0.018 6.47 881.0
2456082.59903 17.304 0.024 7.02 1111.0
2456082.67899 17.276 0.027 7.87 1066.0
2456082.78586 17.249 0.019 5.65 1131.0
2456082.85738 17.273 0.020 5.77 1184.0
2456085.58801 17.261 0.016 5.30 901.0
2456085.76100 17.275 0.014 4.90 712.0
2456085.91882 17.283 0.017 5.44 887.0
2456086.69392 17.285 0.011 4.15 533.0
2456086.88720 17.287 0.015 5.49 683.0
2456087.78424 17.288 0.012 4.53 564.0
2456088.63934 17.264 0.011 4.63 397.0
2456089.74312 17.253 0.011 4.42 479.0
2456092.59931 17.266 0.012 5.23 444.0
2456092.87674 17.276 0.017 6.71 585.0
2456093.66972 17.284 0.013 5.82 395.0
2456093.87265 17.264 0.016 6.70 461.0
2456094.73045 17.297 0.014 5.38 535.0
2456094.90591 17.244 0.018 6.82 674.0
2456096.75127 17.286 0.014 5.77 444.0
2456096.90968 17.241 0.018 6.94 674.0
2456097.84126 17.267 0.017 6.77 527.0
2456098.63676 17.318 0.016 6.67 469.0
2456098.81747 17.294 0.014 5.46 488.0
2456099.78204 17.303 0.016 6.38 528.0
2456100.67308 17.239 0.011 4.54 494.0
2456100.85075 17.315 0.020 7.07 619.0
2456101.61518 17.293 0.013 4.86 546.0
2456101.79408 17.285 0.012 4.08 546.0
2456102.58938 17.253 0.013 4.70 537.0
2456102.75453 17.267 0.011 3.89 507.0
2456103.50309 17.249 0.016 5.67 832.0
2456103.68284 17.246 0.011 4.16 491.0
2456104.50047 17.257 0.014 5.19 710.0
2456104.66819 17.281 0.010 3.81 409.0
2456104.83487 17.243 0.012 5.29 448.0
2456105.58463 17.313 0.014 5.59 487.0
2456105.77564 17.283 0.016 6.97 444.0
2456108.58302 17.313 0.014 4.26 929.0
2456108.76880 17.267 0.012 3.78 683.0
2456109.55707 17.243 0.028 6.14 2145.0
2456109.69746 17.314 0.014 3.59 1073.0
2456109.75781 17.288 0.018 5.18 1120.0
2456109.83078 17.271 0.016 5.17 841.0
2456113.56666 17.216 0.019 6.78 845.0
2456113.72424 17.303 0.015 4.48 890.0
2456114.57511 17.256 0.019 6.74 710.0
2456114.74666 17.252 0.013 4.35 638.0
2456115.51157 17.240 0.013 5.51 519.0
2456115.69930 17.253 0.014 6.05 473.0
2456116.55210 17.346 0.013 5.23 425.0
2456116.73252 17.263 0.011 4.60 447.0
2456117.52981 17.285 0.013 5.16 544.0
2456117.70772 17.265 0.012 4.46 490.0
2456118.48451 17.231 0.013 5.28 556.0
2456118.66618 17.295 0.011 4.42 406.0
2456118.82254 17.254 0.013 4.86 554.0
2456119.60988 17.299 0.015 6.79 382.0
2456119.76760 17.256 0.013 5.65 446.0
2456120.65377 17.276 0.011 4.67 337.0
2456120.82197 17.264 0.012 4.94 439.0
2456121.62314 17.270 0.010 4.89 342.0
2456121.77506 17.248 0.010 4.15 362.0
2456123.66571 17.261 0.012 4.95 382.0
2456123.82117 17.325 0.013 4.82 468.0
2456124.67201 17.255 0.012 5.57 394.0
2456124.83257 17.309 0.014 5.56 534.0
2456125.67337 17.265 0.012 5.17 407.0
2456126.49410 17.287 0.014 5.54 476.0
2456126.70869 17.269 0.011 4.52 402.0
2456127.62226 17.275 0.014 6.01 378.0
2456128.60113 17.251 0.012 5.34 391.0
2456130.74296 17.244 0.014 5.77 441.0
2456131.67966 17.234 0.010 5.06 370.0
2456131.74914 17.261 0.013 5.37 429.0
2456132.74385 17.269 0.012 4.60 440.0
2456133.66500 17.262 0.013 5.45 400.0
2456134.56611 17.293 0.017 6.80 513.0
2456135.53486 17.272 0.015 5.82 529.0
2456135.75775 17.255 0.012 4.77 461.0
2456136.70689 17.285 0.014 5.41 508.0
2456140.53443 17.241 0.020 6.16 1058.0
2456140.71805 17.239 0.026 6.82 1660.0
2456141.55988 17.290 0.015 4.84 782.0
2456141.73654 17.246 0.016 5.04 875.0
2456142.64906 17.225 0.019 7.19 655.0
2456147.62162 17.308 0.015 6.89 379.0
2456148.56034 17.290 0.011 4.72 371.0
2456149.58113 17.277 0.013 5.29 399.0
2456150.60273 17.278 0.015 6.32 423.0
2456151.59701 17.251 0.014 6.25 426.0
2456151.75319 17.282 0.014 5.56 498.0
2456152.65609 17.297 0.012 5.44 363.0
2456154.61098 17.280 0.015 6.28 454.0
2456158.48947 17.241 0.012 4.92 468.0
2456158.67165 17.266 0.013 5.42 506.0
2456159.59288 17.269 0.014 5.38 448.0
2456160.59250 17.248 0.011 4.51 398.0
2456161.49074 17.264 0.016 6.73 437.0
2456161.69410 17.207 0.015 6.51 423.0
2456164.68199 17.267 0.017 6.08 640.0
2456168.67564 17.268 0.012 4.06 722.0
2456169.65029 17.247 0.014 4.40 756.0
2456171.61465 17.290 0.013 4.30 672.0
2456172.57238 17.274 0.012 4.08 544.0
2456175.53448 17.281 0.014 5.40 489.0
2456179.50163 17.255 0.016 6.71 507.0
2456180.66284 17.241 0.018 7.16 608.0
2456181.62988 17.277 0.012 4.51 518.0
2456182.64368 17.269 0.014 6.03 513.0
2456184.55992 17.278 0.011 4.21 394.0
2456185.64416 17.266 0.013 5.65 476.0
2456191.55820 17.280 0.014 5.25 456.0
2456195.52106 17.281 0.013 4.65 606.0
2456195.60036 17.270 0.013 4.21 720.0
2456196.52016 17.253 0.015 5.30 694.0
2456196.59946 17.244 0.014 4.78 755.0
2456197.52180 17.278 0.015 5.28 642.0
2456197.60119 17.267 0.018 6.38 787.0
2456199.53232 17.289 0.018 7.04 614.0
2456200.62490 17.254 0.021 7.32 828.0
2456202.58147 17.266 0.023 7.08 949.0
2456203.58292 17.282 0.017 6.10 700.0
2456204.53654 17.254 0.013 4.97 546.0
2456204.61328 17.252 0.017 6.25 750.0
2456205.55940 17.254 0.012 4.88 456.0
2456209.56695 17.286 0.017 6.78 539.0
2456210.53031 17.274 0.013 5.76 487.0
2456210.60311 17.261 0.015 5.88 579.0
2456211.56146 17.276 0.012 4.14 480.0
2456211.59986 17.262 0.014 5.43 535.0
2456212.55743 17.268 0.013 4.56 567.0
2456213.50947 17.240 0.016 6.39 535.0
2456213.57773 17.302 0.017 6.34 586.0
2456214.56383 17.254 0.015 5.99 510.0
2456216.56675 17.257 0.014 5.20 552.0
2456217.51293 17.293 0.012 4.36 474.0
2456218.49742 17.253 0.015 5.55 594.0
2456218.57406 17.290 0.016 6.02 649.0
2456219.50487 17.250 0.015 5.23 596.0
2456223.55033 17.298 0.017 5.85 773.0
2456233.52110 17.311 0.019 6.38 670.0
2456334.86223 17.254 0.014 6.17 499.0
2456335.85119 17.263 0.014 5.92 524.0
2456337.89178 17.242 0.014 4.70 783.0
2456338.87157 17.219 0.011 5.21 419.0
2456340.84224 17.291 0.013 5.53 506.0
2456341.87977 17.255 0.013 5.47 498.0
2456343.84463 17.242 0.016 7.06 527.0
2456344.84756 17.245 0.012 4.76 455.0
2456345.86641 17.269 0.012 5.04 419.0
2456347.86965 17.260 0.012 4.54 631.0
2456348.86627 17.265 0.012 4.70 603.0
2456349.87170 17.246 0.013 4.66 639.0
2456350.88492 17.256 0.012 4.31 581.0
2456352.88259 17.250 0.011 4.41 568.0
2456353.85821 17.268 0.013 5.28 546.0
2456354.87617 17.285 0.012 4.39 549.0
2456360.79666 17.236 0.012 5.03 471.0
2456360.88165 17.260 0.011 4.65 424.0
2456361.85702 17.257 0.011 4.39 446.0
2456362.80508 17.262 0.013 5.47 487.0
2456362.89384 17.284 0.012 4.84 399.0
2456363.86642 17.273 0.012 5.03 442.0
2456367.87011 17.250 0.009 3.92 357.0
2456368.80685 17.247 0.011 4.61 406.0
2456368.89998 17.263 0.011 4.39 436.0
2456369.82870 17.242 0.011 4.50 416.0
2456370.78457 17.274 0.012 5.14 421.0
2456370.87509 17.268 0.012 5.00 426.0
2456371.79643 17.263 0.010 4.54 374.0
2456371.88598 17.218 0.009 4.06 357.0
2456372.78911 17.215 0.011 5.15 439.0
2456372.87797 17.225 0.010 4.62 393.0
2456373.80589 17.246 0.012 5.18 468.0
2456373.89489 17.237 0.012 5.49 424.0
2456374.82167 17.246 0.011 4.92 409.0
2456374.90291 17.255 0.011 4.98 428.0
2456375.81862 17.260 0.011 4.26 454.0
2456375.83690 17.244 0.011 4.44 410.0
2456375.91776 17.270 0.012 3.50 898.0
2456376.83295 17.269 0.012 4.44 528.0
2456376.91468 17.260 0.011 3.63 655.0
2456377.84484 17.251 0.010 3.56 510.0
2456378.75226 17.283 0.013 4.84 834.0
2456378.84014 17.275 0.011 3.42 623.0
2456379.74980 17.263 0.014 4.55 891.0
2456379.83675 17.234 0.012 4.76 675.0
2456379.92259 17.204 0.016 3.78 2123.0
2456380.84116 17.263 0.011 4.25 552.0
2456381.75467 17.239 0.012 4.70 689.0
2456381.84840 17.251 0.010 3.58 513.0
2456382.75248 17.279 0.019 7.24 719.0
2456382.83266 17.246 0.013 4.80 585.0
2456386.74811 17.255 0.015 6.57 481.0
2456386.84494 17.257 0.012 4.80 440.0
2456387.74666 17.276 0.011 4.67 380.0
2456387.82944 17.278 0.011 4.60 403.0
2456387.91300 17.222 0.013 5.89 489.0
2456388.74653 17.192 0.012 5.55 438.0
2456388.85768 17.236 0.011 4.50 425.0
2456388.87374 17.284 0.012 4.63 452.0
2456389.73517 17.232 0.013 5.58 525.0
2456389.82869 17.245 0.011 4.73 451.0
2456389.91122 17.271 0.012 4.86 450.0
2456390.78621 17.234 0.011 4.35 445.0
2456391.78293 17.278 0.015 6.71 444.0
2456393.78085 17.242 0.012 4.65 458.0
2456394.73524 17.228 0.014 6.36 510.0
2456395.70353 17.227 0.017 7.44 559.0
2456395.87684 17.236 0.009 3.67 470.0
2456396.83550 17.234 0.009 3.83 414.0
2456397.77518 17.229 0.010 3.96 407.0
2456398.69283 17.280 0.012 4.27 505.0
2456398.87319 17.219 0.011 4.45 409.0
2456399.78632 17.209 0.011 4.66 410.0
2456400.69592 17.255 0.012 5.52 408.0
2456400.70860 17.196 0.011 4.97 399.0
2456400.72269 17.209 0.011 4.76 419.0
2456400.73897 17.223 0.012 5.34 437.0
2456400.75175 17.215 0.011 4.82 431.0
2456400.76849 17.254 0.012 5.34 449.0
2456400.78247 17.232 0.012 5.29 432.0
2456400.78714 17.222 0.011 4.66 430.0
2456400.78862 17.212 0.011 4.66 435.0
2456400.79169 17.215 0.011 4.85 439.0
2456400.79806 17.269 0.012 5.03 443.0
2456400.80353 17.221 0.011 4.96 448.0
2456400.80966 17.246 0.012 5.19 435.0
2456400.82394 17.239 0.011 4.77 397.0
2456400.84321 17.222 0.011 4.69 403.0
2456400.85266 17.207 0.011 4.94 399.0
2456400.86445 17.219 0.011 4.60 396.0
2456400.87790 17.250 0.011 4.63 399.0
2456400.89112 17.222 0.011 4.31 411.0
2456400.90553 17.213 0.011 4.40 434.0
2456400.92031 17.225 0.012 4.82 517.0
2456401.71071 17.209 0.012 5.62 445.0
2456401.85258 17.240 0.010 3.98 417.0
2456401.88903 17.228 0.010 4.04 437.0
2456402.81430 17.215 0.011 4.71 427.0
2456403.72351 17.192 0.010 4.43 456.0
2456403.90471 17.195 0.011 4.59 457.0
2456404.83232 17.210 0.010 4.40 400.0
2456405.81131 17.259 0.013 4.22 1162.0
2456405.82406 17.246 0.012 4.46 912.0
2456406.85954 17.184 0.010 3.86 1056.0
2456407.77779 17.193 0.012 4.43 605.0
2456408.72955 17.186 0.027 6.04 2458.0
2456409.82927 17.185 0.016 5.83 804.0
2456415.79156 17.013 0.013 6.92 446.0
2456416.67771 17.004 0.012 6.36 527.0
2456416.89241 17.015 0.009 4.82 480.0
2456417.77955 16.899 0.009 4.72 474.0
2456418.65098 16.782 0.009 5.26 625.0
2456418.80161 16.800 0.008 4.67 404.0
2456419.69966 16.482 0.006 4.48 442.0
2456419.86636 16.387 0.006 4.81 480.0
2456420.71749 15.575 0.003 4.60 374.0
2456420.90019 15.104 0.003 3.70 412.0
2456421.93349 16.208 0.008 6.54 628.0
2456422.93407 16.657 0.012 6.61 854.0
2456423.84282 16.837 0.009 4.66 548.0
2456424.68307 16.924 0.009 4.29 552.0
2456424.87785 16.938 0.008 4.01 534.0
2456426.77831 17.050 0.009 4.58 451.0
2456427.93064 17.121 0.010 4.43 857.0
2456428.77410 17.110 0.011 5.23 467.0
2456431.77233 17.137 0.010 5.21 458.0
2456431.93786 17.162 0.015 6.38 690.0
2456432.79683 17.158 0.012 6.04 476.0
2456433.60350 17.203 0.018 8.11 601.0
2456433.78393 17.182 0.013 5.73 557.0
2456434.68584 17.186 0.013 5.84 585.0
2456434.86902 17.188 0.012 4.83 571.0
2456435.71661 17.201 0.011 4.06 640.0
2456435.90555 17.194 0.010 3.61 661.0
2456436.70331 17.205 0.011 4.52 718.0
2456436.89258 17.204 0.011 3.69 979.0
2456437.82916 17.210 0.017 4.51 1571.0
2456441.70034 17.243 0.014 5.52 655.0
2456441.74094 17.209 0.015 6.27 703.0
2456441.93220 17.250 0.016 5.58 1007.0
2456442.71560 17.223 0.010 4.22 484.0
2456442.89006 17.221 0.011 4.42 597.0
2456443.65415 17.241 0.011 6.10 661.0
2456443.87442 17.180 0.012 4.14 1455.0
2456444.72422 17.214 0.013 5.96 456.0
2456444.91214 17.219 0.012 4.93 650.0
2456445.73223 17.202 0.011 5.10 484.0
2456445.92943 17.252 0.013 5.35 588.0
2456446.71282 17.225 0.010 4.20 411.0
2456446.91853 17.246 0.011 4.36 595.0
2456447.67577 17.273 0.012 4.81 432.0
2456447.86234 17.233 0.011 3.97 508.0
2456448.62500 17.227 0.012 5.00 463.0
2456448.81004 17.235 0.010 3.82 446.0
2456449.58407 17.249 0.011 4.57 475.0
2456449.77019 17.250 0.012 4.76 470.0
2456449.93205 17.262 0.013 4.72 717.0
2456450.71049 17.254 0.009 3.64 419.0
2456450.85348 17.226 0.011 3.81 544.0
2456450.88878 17.250 0.011 4.16 589.0
2456450.91906 17.237 0.012 4.42 632.0
2456451.55775 17.241 0.017 6.97 672.0
2456451.58709 17.241 0.013 5.36 597.0
2456451.65067 17.253 0.012 4.90 579.0
2456451.68342 17.260 0.012 4.56 562.0
2456451.74484 17.255 0.011 4.13 464.0
2456451.83612 17.218 0.012 5.08 485.0
2456451.88254 17.246 0.012 5.02 503.0
2456452.61461 17.267 0.010 3.93 407.0
2456452.84979 17.249 0.010 3.79 440.0
2456454.62437 17.237 0.012 5.63 421.0
2456454.80923 17.269 0.012 5.20 432.0
2456455.58157 17.245 0.011 5.04 409.0
2456456.59050 17.233 0.009 3.85 380.0
2456456.77679 17.281 0.011 4.30 453.0
2456457.74079 17.239 0.009 3.86 403.0
2456457.91405 17.256 0.012 5.16 621.0
2456458.70774 17.249 0.011 4.76 476.0
2456458.88603 17.239 0.011 4.45 671.0
2456459.65246 17.249 0.011 4.50 468.0
2456459.84189 17.267 0.011 3.90 531.0
2456460.69688 17.279 0.011 4.15 548.0
2456461.59870 17.259 0.013 5.14 534.0
2456461.80689 17.239 0.011 4.35 513.0
2456462.66785 17.243 0.011 4.50 552.0
2456463.53974 17.331 0.019 7.18 760.0
2456463.72971 17.285 0.013 4.45 609.0
2456463.89538 17.272 0.013 5.13 668.0
2456464.72813 17.298 0.014 4.74 726.0
2456468.53323 17.249 0.017 6.00 1007.0
2456468.72863 17.267 0.015 6.13 738.0
2456469.59749 17.248 0.013 4.88 631.0
2456469.78455 17.272 0.014 5.08 691.0
2456471.80594 17.219 0.017 6.41 1017.0
2456472.77701 17.275 0.012 5.01 477.0
2456473.55260 17.234 0.014 6.03 481.0
2456473.73814 17.272 0.011 4.67 458.0
2456474.49720 17.242 0.018 7.85 629.0
2456474.66924 17.213 0.012 5.37 451.0
2456474.85317 17.254 0.014 5.29 737.0
2456475.65206 17.260 0.011 4.81 403.0
2456475.83092 17.227 0.017 6.85 599.0
2456476.59690 17.259 0.014 5.65 517.0
2456476.78525 17.280 0.011 4.08 489.0
2456477.59049 17.246 0.012 5.21 414.0
2456477.77833 17.281 0.014 5.66 563.0
2456478.63870 17.268 0.013 5.46 559.0
2456479.70584 17.298 0.016 7.93 408.0
2456480.60403 17.264 0.015 6.75 436.0
2456480.78776 17.247 0.012 5.70 396.0
2456481.59946 17.238 0.012 6.12 411.0
2456481.61411 17.276 0.012 6.02 410.0
2456482.77512 17.295 0.017 6.87 525.0
2456484.51035 17.319 0.016 6.63 519.0
2456485.57708 17.272 0.011 6.09 404.0
2456485.80995 17.300 0.013 5.51 546.0
2456486.54415 17.278 0.012 5.29 435.0
2456486.75736 17.250 0.012 5.18 458.0
2456487.54384 17.276 0.012 5.59 472.0
2456487.74709 17.284 0.010 3.84 462.0
2456489.58186 17.309 0.015 6.50 437.0
2456489.78498 17.243 0.013 5.31 489.0
2456490.62346 17.267 0.011 5.01 482.0
2456491.47166 17.276 0.016 5.30 833.0
2456491.69164 17.268 0.012 4.97 509.0
2456492.50368 17.242 0.016 5.88 735.0
2456492.70420 17.254 0.015 6.16 539.0
2456496.52940 17.257 0.017 5.79 936.0
2456497.61428 17.259 0.017 6.99 649.0
2456497.79593 17.252 0.015 5.69 746.0
2456498.63744 17.301 0.011 4.62 496.0
2456499.47131 17.276 0.013 5.18 564.0
2456500.57127 17.259 0.016 6.83 561.0
2456501.60711 17.277 0.012 5.67 410.0
2456501.78132 17.252 0.016 6.57 588.0
2456505.51419 17.274 0.014 6.09 468.0
2456505.72184 17.302 0.014 5.62 478.0
2456506.65081 17.260 0.015 7.74 435.0
2456507.71066 17.265 0.017 7.25 514.0
2456508.61953 17.306 0.011 4.49 432.0
2456509.52468 17.234 0.010 4.41 417.0
2456509.71014 17.257 0.010 4.74 404.0
2456510.60084 17.263 0.010 4.00 395.0
2456511.52347 17.289 0.013 5.35 465.0
2456511.75919 17.269 0.013 6.02 443.0
2456514.66038 17.281 0.011 4.76 375.0
2456515.61256 17.275 0.011 4.69 421.0
2456516.60443 17.240 0.011 4.82 423.0
2456518.61712 17.246 0.010 4.10 487.0
2456519.56999 17.319 0.012 4.24 488.0
2456523.50577 17.268 0.012 3.98 812.0
2456523.65982 17.295 0.014 4.36 849.0
2456524.60404 17.289 0.012 3.56 753.0
2456525.60966 17.292 0.017 5.88 766.0
2456527.60541 17.314 0.018 4.55 2552.0
2456529.67399 17.278 0.018 7.07 600.0
2456529.67720 17.260 0.018 7.43 612.0
2456529.68051 17.268 0.017 7.14 585.0
2456531.66335 17.237 0.012 5.50 447.0
2456532.65964 17.257 0.011 4.78 431.0
2456534.52465 17.255 0.012 5.08 501.0
2456535.60925 17.216 0.013 6.71 544.0
2456538.55492 17.272 0.012 5.15 440.0
2456539.60700 17.280 0.010 3.58 628.0
2456541.60659 17.243 0.010 4.14 433.0
2456543.65759 17.252 0.012 5.32 483.0
2456545.55851 17.254 0.011 4.73 409.0
2456546.59611 17.266 0.013 4.88 887.0
2456552.55639 17.231 0.017 7.17 658.0
2456556.61944 17.272 0.018 7.08 648.0
2456559.49566 17.322 0.016 6.20 589.0
2456560.55860 17.282 0.014 5.66 555.0
2456562.51774 17.262 0.013 5.83 451.0
2456563.56217 17.283 0.014 6.39 450.0
2456564.49274 17.271 0.017 7.17 548.0
2456564.58609 17.271 0.013 6.21 518.0
2456565.55390 17.245 0.013 5.34 519.0
2456567.53930 17.313 0.018 6.92 563.0
2456568.53653 17.277 0.016 6.41 554.0
2456569.48685 17.304 0.014 4.92 646.0
2456569.57935 17.274 0.011 4.64 463.0
2456570.55723 17.292 0.013 5.57 495.0
2456571.56529 17.272 0.014 5.56 570.0
2456572.52480 17.240 0.015 7.50 513.0
2456573.50339 17.283 0.014 5.42 549.0
2456573.59077 17.232 0.012 4.66 630.0
2456577.55541 17.358 0.025 5.83 1921.0
2456578.54070 17.281 0.016 6.09 682.0
2456579.50936 17.246 0.014 4.81 701.0
2456580.53026 17.325 0.021 6.12 1190.0
2456581.56517 17.246 0.016 5.54 779.0
2456582.57961 17.276 0.014 4.56 864.0
2456583.56819 17.239 0.020 7.51 917.0
2456584.57002 17.350 0.023 5.89 1440.0
2456585.56660 17.317 0.017 5.41 833.0
2456590.53842 17.291 0.018 7.12 587.0
2456590.56382 17.228 0.019 7.60 613.0
2456593.52917 17.280 0.018 6.79 614.0
