2455306.76435 19.701 0.081 6.19 298.0
2455308.75837 19.885 0.099 5.62 324.0
2455312.91644 19.907 0.097 4.50 403.0
2455314.89087 19.869 0.126 4.69 777.0
2455316.77506 19.753 0.161 6.07 845.0
2455320.73723 19.754 0.113 4.63 720.0
2455321.87845 19.881 0.111 4.84 483.0
2455323.78954 19.665 0.087 5.88 412.0
2455324.92079 19.722 0.079 3.59 491.0
2455326.76649 19.811 0.085 4.93 312.0
2455327.90759 19.943 0.096 4.03 434.0
2455334.75691 19.900 0.078 3.99 320.0
2455336.79922 19.691 0.087 5.02 382.0
2455340.84139 19.945 0.134 5.23 539.0
2455342.60121 19.646 0.141 6.01 792.0
2455348.77223 19.875 0.102 4.92 397.0
2455350.68613 19.809 0.134 6.63 383.0
2455353.66824 19.836 0.092 5.18 318.0
2455355.83010 19.811 0.097 4.49 489.0
2455359.90250 19.967 0.161 6.11 553.0
2455365.66729 19.803 0.094 5.05 355.0
2455378.58449 19.900 0.097 5.39 281.0
2455380.61738 19.814 0.079 4.92 249.0
2455382.76365 19.661 0.135 7.84 371.0
2455385.55074 19.849 0.081 4.53 497.0
2455385.65405 19.710 0.072 4.97 377.0
2455385.75238 19.718 0.069 4.20 400.0
2455388.64620 19.760 0.078 5.39 208.0
2455391.76465 19.943 0.107 4.73 345.0
2455397.65622 19.718 0.114 6.56 357.0
2455404.79295 19.633 0.139 6.97 762.0
2455408.77736 19.633 0.137 6.93 557.0
2455413.48455 19.970 0.132 6.06 379.0
2455422.52170 19.816 0.089 4.94 322.0
2455431.66667 19.860 0.148 6.29 570.0
2455433.65532 19.711 0.152 6.05 799.0
2455439.54805 19.949 0.151 6.92 347.0
2455447.47978 19.677 0.101 5.99 468.0
2455457.52269 19.855 0.081 3.63 460.0
2455460.54703 19.926 0.159 5.65 634.0
2455464.60579 19.707 0.147 7.09 530.0
2455472.56062 19.907 0.119 5.56 420.0
2455481.52456 19.851 0.181 6.80 620.0
2455490.50080 19.882 0.198 6.35 724.0
2455606.88302 19.674 0.091 5.23 383.0
2455612.88691 19.810 0.111 5.56 502.0
2455615.89573 19.882 0.113 4.99 535.0
2455621.86418 19.816 0.075 4.38 286.0
2455624.79175 19.763 0.090 5.38 345.0
2455626.88305 19.924 0.107 5.39 318.0
2455628.79670 19.719 0.094 5.65 344.0
2455629.87678 19.695 0.087 5.86 274.0
2455631.85219 19.785 0.098 5.94 327.0
2455633.80716 19.742 0.071 4.28 321.0
2455634.88361 19.785 0.089 5.33 274.0
2455637.79436 19.742 0.109 5.78 541.0
2455642.80496 19.648 0.086 4.45 560.0
2455649.85239 19.742 0.069 5.15 239.0
2455654.83524 19.854 0.082 5.28 259.0
2455658.89096 19.676 0.083 6.05 245.0
2455663.76170 19.807 0.128 7.54 338.0
2455675.86305 19.757 0.090 4.95 411.0
2455680.66352 19.712 0.100 5.97 339.0
2455683.70269 19.768 0.074 4.61 332.0
2455686.86818 19.763 0.088 4.88 351.0
2455692.72520 19.719 0.079 5.13 364.0
2455694.88069 19.789 0.095 4.96 429.0
2455697.74018 19.796 0.114 5.19 569.0
2455707.60783 19.828 0.095 5.44 335.0
2455712.60411 19.772 0.114 6.50 418.0
2455716.57293 19.655 0.087 5.66 358.0
2455723.57765 19.964 0.111 4.48 419.0
2455726.58336 19.887 0.165 5.63 802.0
2455729.74390 19.768 0.236 5.72 2128.0
2455735.74870 19.793 0.096 5.61 335.0
2455737.84301 19.791 0.091 5.20 361.0
2455740.71658 19.775 0.085 5.56 279.0
2455742.72201 19.819 0.073 4.73 238.0
2455745.76868 19.661 0.097 6.49 286.0
2455749.55660 19.751 0.110 6.58 330.0
2455760.63426 19.698 0.112 6.51 412.0
2455765.60720 19.778 0.078 4.40 365.0
2455769.50339 19.713 0.090 5.91 354.0
2455777.75021 19.798 0.090 5.19 328.0
2455784.57629 19.725 0.109 4.41 760.0
2455786.56033 19.764 0.132 6.13 533.0
2455790.63284 19.790 0.124 6.88 366.0
2455795.57288 19.735 0.126 7.21 306.0
2455804.48407 19.861 0.094 5.31 319.0
2455815.54865 19.781 0.083 4.06 452.0
2455819.58347 19.698 0.090 4.64 485.0
2455824.58826 19.999 0.113 5.24 330.0
2455829.56415 20.007 0.106 4.99 391.0
2455834.51730 19.828 0.082 4.75 348.0
2455841.55891 19.755 0.133 5.50 652.0
2455846.49511 19.724 0.165 6.55 720.0
2455855.50060 19.707 0.153 6.00 652.0
2455976.87505 19.813 0.075 4.13 309.0
2455985.80915 19.835 0.101 5.32 398.0
2455990.85704 19.783 0.079 4.74 289.0
2455995.76992 19.790 0.113 4.67 673.0
2455999.85990 19.645 0.080 4.56 444.0
2456002.86261 19.992 0.146 5.85 576.0
2456003.89502 19.873 0.107 5.33 391.0
2456007.83512 19.917 0.085 4.40 264.0
2456010.87316 19.809 0.057 3.43 270.0
2456014.75029 19.891 0.106 5.93 293.0
2456017.74888 19.801 0.066 4.09 289.0
2456019.92946 19.800 0.186 4.92 1871.0
2456022.81986 19.809 0.087 4.84 376.0
2456025.74823 19.746 0.117 5.63 564.0
2456033.73114 19.763 0.097 5.89 314.0
2456037.78705 20.015 0.092 4.24 311.0
2456041.71553 19.633 0.081 5.84 310.0
2456048.81900 19.917 0.083 4.86 252.0
2456051.75974 19.792 0.076 3.67 453.0
2456057.79282 19.909 0.119 4.52 658.0
2456058.73645 19.908 0.114 5.72 349.0
2456061.88146 19.993 0.113 4.92 428.0
2456064.87512 19.752 0.078 4.97 395.0
2456067.63949 19.772 0.075 4.55 302.0
2456069.73666 19.728 0.061 3.85 276.0
2456071.71117 19.775 0.073 4.80 245.0
2456076.76425 19.735 0.075 5.17 279.0
2456078.89002 19.913 0.102 5.15 462.0
2456080.86360 19.777 0.096 5.08 443.0
2456086.64557 19.929 0.093 4.67 374.0
2456089.69780 20.022 0.094 5.24 301.0
2456093.87973 20.015 0.159 7.30 325.0
2456097.72057 19.711 0.097 7.13 254.0
2456100.57608 19.928 0.124 6.59 308.0
2456102.49483 19.775 0.191 7.29 742.0
2456103.80668 19.899 0.086 4.88 299.0
2456105.73892 19.788 0.087 5.83 233.0
2456113.75309 19.632 0.100 4.63 659.0
2456115.75483 19.585 0.083 6.16 314.0
2456117.73659 19.778 0.092 5.02 368.0
2456119.67828 19.772 0.071 5.11 231.0
2456121.68670 19.817 0.058 4.17 205.0
2456124.75502 19.778 0.083 4.87 315.0
2456127.51008 19.808 0.089 5.66 307.0
2456132.66000 19.807 0.093 5.68 234.0
2456135.73113 19.840 0.090 4.60 345.0
2456140.72074 20.002 0.200 6.52 731.0
2456147.68157 19.626 0.098 7.40 248.0
2456151.65094 19.856 0.118 7.06 253.0
2456158.60816 19.703 0.082 5.31 338.0
2456169.59992 19.879 0.107 4.49 517.0
2456183.57284 19.618 0.060 3.92 298.0
2456191.56067 19.701 0.084 5.20 315.0
2456199.54349 19.880 0.169 7.51 463.0
2456210.54891 19.694 0.088 5.38 374.0
2456217.54236 19.688 0.074 4.21 342.0
2456347.90061 19.899 0.110 4.89 501.0
2456371.77556 19.863 0.079 5.15 226.0
2456372.76846 19.935 0.086 4.55 290.0
2456375.86929 19.940 0.083 6.85 228.0
2456379.74411 19.932 0.115 4.21 695.0
2456388.81651 19.887 0.078 5.00 239.0
2456391.77086 19.857 0.100 6.09 266.0
2456395.88087 19.795 0.064 3.86 328.0
2456398.87765 19.729 0.071 4.67 255.0
2456401.91788 19.783 0.065 3.43 331.0
2456404.89820 19.910 0.098 5.15 314.0
2456409.82020 19.641 0.130 6.11 664.0
2456417.78302 19.759 0.075 4.71 321.0
2456419.90426 19.825 0.087 4.35 365.0
2456423.69936 20.041 0.118 5.07 388.0
2456426.88639 19.853 0.075 4.13 319.0
2456434.71637 19.708 0.088 5.68 385.0
2456436.78580 19.756 0.093 4.19 719.0
2456442.65610 19.778 0.082 5.00 373.0
2456445.73582 19.874 0.099 5.67 327.0
2456447.73982 19.775 0.070 4.20 269.0
2456449.65820 19.755 0.078 5.50 270.0
2456451.60026 19.761 0.097 5.62 394.0
2456454.60035 19.912 0.084 4.97 247.0
2456456.76662 19.757 0.066 4.45 267.0
2456458.89469 19.809 0.116 6.40 543.0
2456461.65944 19.876 0.106 5.87 413.0
2456463.80188 19.715 0.084 4.33 489.0
2456469.53334 19.670 0.093 5.89 378.0
2456473.79597 19.760 0.093 5.64 321.0
2456475.75167 19.789 0.090 5.16 330.0
2456477.72744 19.669 0.073 4.97 311.0
2456480.75041 19.821 0.089 5.93 237.0
2456485.55000 19.775 0.097 7.32 235.0
2456487.67951 19.792 0.059 3.96 264.0
2456490.75520 19.785 0.081 5.43 302.0
2456496.57235 20.115 0.194 6.51 626.0
2456498.76918 20.065 0.166 6.32 412.0
2456505.56860 19.780 0.085 5.70 272.0
2456508.70620 19.817 0.081 5.20 314.0
2456511.69342 19.669 0.071 5.21 265.0
2456518.60392 19.686 0.061 3.86 338.0
2456524.62241 19.884 0.101 4.14 576.0
2456532.51431 19.910 0.090 5.52 276.0
2456539.50512 19.788 0.077 5.26 293.0
2456546.54765 19.713 0.101 5.82 486.0
2456560.56131 19.770 0.091 4.85 400.0
2456567.58621 19.635 0.104 6.35 409.0
2456576.51257 19.666 0.179 5.06 1807.0
2456741.88462 19.720 0.125 5.47 1136.0
2456742.87765 19.785 0.067 4.36 308.0
2456745.92709 19.649 0.156 5.18 1704.0
2456748.83469 19.789 0.069 4.68 300.0
2456750.90351 19.794 0.060 3.77 308.0
2456754.70515 19.705 0.110 7.35 329.0
2456756.70154 19.616 0.071 5.77 387.0
2456758.83840 19.783 0.108 7.89 263.0
2456760.79269 19.761 0.074 4.17 403.0
2456762.73716 19.882 0.118 5.30 656.0
2456764.70563 19.777 0.110 5.04 735.0
2456765.85435 19.705 0.083 4.17 591.0
2456769.78585 19.854 0.083 4.83 364.0
2456770.89376 19.848 0.080 4.24 377.0
2456772.81591 19.823 0.066 4.43 307.0
2456774.70210 19.835 0.091 5.51 346.0
2456775.91719 19.812 0.077 4.79 317.0
2456777.88794 19.881 0.090 4.58 394.0
2456790.62539 19.886 0.151 5.79 684.0
2456791.67716 19.643 0.111 4.88 747.0
2456792.71932 19.732 0.098 4.06 770.0
2456796.77678 19.760 0.104 4.66 573.0
2456797.87456 19.765 0.122 4.95 718.0
2456803.72782 19.848 0.067 4.35 226.0
2456804.73911 19.815 0.070 4.25 278.0
2456805.80214 19.693 0.078 4.85 327.0
2456807.78375 19.783 0.106 6.35 293.0
2456808.80728 19.731 0.072 4.45 305.0
2456809.86075 19.791 0.086 4.80 357.0
2456810.89247 19.805 0.110 5.31 509.0
2456811.90638 19.611 0.131 6.96 552.0
2456814.67797 19.743 0.068 4.41 261.0
2456815.77357 19.775 0.082 4.75 306.0
2456816.84702 19.697 0.082 5.44 309.0
2456817.59343 19.813 0.130 6.40 456.0
2456819.76109 19.929 0.138 5.20 638.0
2456824.61842 19.905 0.149 6.24 536.0
2456825.64050 19.763 0.098 5.16 393.0
2456826.65082 19.652 0.070 4.41 347.0
2456827.74235 19.829 0.087 4.90 307.0
2456828.78877 19.854 0.088 4.96 294.0
2456829.76327 19.732 0.087 5.80 252.0
2456830.78688 19.817 0.069 4.23 317.0
2456832.54305 19.752 0.079 4.53 311.0
2456833.61087 19.787 0.085 4.92 325.0
2456834.61793 19.887 0.116 5.59 360.0
2456835.69197 19.807 0.103 5.94 300.0
2456836.72382 19.837 0.119 6.66 301.0
2456837.73610 19.804 0.095 4.85 415.0
2456838.73682 19.866 0.093 5.05 318.0
2456839.75234 19.967 0.122 5.49 414.0
2456840.80149 19.890 0.144 7.33 353.0
2456842.55269 19.844 0.140 6.67 440.0
2456844.58105 19.875 0.091 4.83 381.0
2456845.56977 19.878 0.094 4.79 395.0
2456847.56173 19.792 0.100 4.52 629.0
2456851.52204 19.702 0.106 5.07 692.0
2456852.58476 19.716 0.121 5.22 785.0
2456855.65298 19.713 0.078 5.37 258.0
2456856.68857 19.746 0.078 4.73 312.0
2456857.73706 19.910 0.086 4.89 291.0
2456859.56431 19.906 0.131 6.51 324.0
2456862.75150 19.986 0.122 5.99 389.0
2456864.50592 19.688 0.098 6.22 275.0
2456870.56307 20.079 0.152 7.57 273.0
2456872.71922 19.729 0.103 7.24 274.0
2456879.61626 19.902 0.148 5.55 655.0
2456881.58303 19.811 0.129 6.19 441.0
2456883.49684 19.698 0.084 5.43 300.0
2456885.70215 19.712 0.092 6.19 356.0
2456887.61142 19.753 0.063 3.93 256.0
2456889.54614 19.961 0.098 5.46 244.0
2456890.69825 19.685 0.088 6.40 258.0
2456895.66482 19.684 0.085 5.89 287.0
2456909.50542 19.687 0.137 6.89 485.0
2456919.54832 19.894 0.118 5.95 369.0
2456924.50205 19.882 0.116 5.70 411.0
2456926.60998 19.818 0.111 6.06 362.0
2456932.53054 19.956 0.192 6.08 1075.0
2456936.52639 19.799 0.125 5.87 571.0
2456942.54173 19.816 0.127 6.56 448.0
2457070.85035 19.751 0.078 4.85 342.0
2457075.88913 19.958 0.110 5.36 382.0
2457078.89031 19.818 0.076 4.31 325.0
2457082.89396 19.843 0.083 5.14 299.0
2457087.79233 19.885 0.136 5.48 677.0
2457090.85511 19.675 0.082 4.73 423.0
2457098.77385 19.690 0.084 5.21 368.0
2457100.91395 19.774 0.095 4.31 533.0
2457110.83680 19.884 0.078 4.51 327.0
2457113.84317 19.820 0.069 3.91 323.0
2457115.89123 19.792 0.076 4.21 369.0
2457117.84578 19.792 0.082 4.01 500.0
2457119.89461 19.760 0.112 5.21 512.0
2457125.80128 19.828 0.076 4.41 354.0
2457129.75298 19.766 0.078 5.08 297.0
2457130.91661 19.770 0.104 6.12 324.0
2457132.81039 19.709 0.071 4.54 321.0
2457134.89883 19.791 0.082 5.01 342.0
2457136.76481 19.925 0.092 4.81 338.0
2457139.75651 19.744 0.073 4.45 291.0
2457140.88091 19.781 0.094 5.28 384.0
2457142.71541 19.746 0.069 4.20 341.0
2457143.82222 19.869 0.090 4.71 371.0
2457145.78425 19.833 0.104 5.00 505.0
2457146.81885 19.741 0.105 4.79 702.0
2457147.84003 19.663 0.117 6.10 656.0
2457153.68831 19.954 0.089 5.02 337.0
2457154.77700 19.883 0.085 4.22 367.0
2457155.87172 19.738 0.090 4.89 413.0
2457157.75785 19.823 0.082 5.02 284.0
2457158.89700 19.940 0.113 4.95 432.0
2457160.61694 19.731 0.114 6.26 415.0
2457161.69111 19.788 0.074 4.98 317.0
2457162.73699 19.805 0.085 4.80 290.0
2457163.81175 19.750 0.084 5.14 349.0
2457164.94200 19.592 0.180 6.16 1477.0
2457168.72818 19.691 0.089 5.95 299.0
2457169.94577 19.893 0.156 4.92 1104.0
2457172.62449 19.865 0.132 5.71 469.0
2457173.64525 19.610 0.111 6.17 561.0
2457174.65447 19.881 0.124 5.24 623.0
2457175.66833 19.734 0.101 4.32 776.0
2457178.64404 19.772 0.105 4.73 637.0
2457179.62348 19.923 0.150 6.15 467.0
2457180.61875 19.804 0.116 5.97 405.0
2457181.61428 19.719 0.073 5.21 247.0
2457182.63172 19.747 0.072 5.62 217.0
2457183.64344 19.875 0.103 6.25 242.0
2457184.67908 20.010 0.127 6.23 287.0
2457185.70612 19.641 0.092 6.67 290.0
2457186.86150 19.851 0.103 5.07 415.0
2457187.87442 19.779 0.090 5.31 388.0
2457189.57235 19.706 0.096 6.33 326.0
2457190.63060 19.922 0.094 4.57 372.0
2457194.67587 19.878 0.069 3.76 316.0
2457197.77438 19.735 0.084 5.35 268.0
2457198.79930 19.773 0.092 5.41 315.0
2457199.80154 19.699 0.067 4.05 331.0
2457200.78483 19.787 0.085 3.97 471.0
2457206.65365 19.841 0.151 5.68 740.0
2457207.68012 19.763 0.113 5.81 495.0
2457211.80602 19.796 0.120 6.01 478.0
2457217.55848 19.688 0.121 7.08 350.0
2457219.72123 19.723 0.079 4.98 304.0
2457221.47406 19.860 0.134 6.59 452.0
2457222.53102 19.864 0.125 7.19 353.0
2457223.67323 19.651 0.074 5.41 277.0
2457224.76312 19.721 0.105 6.32 322.0
2457226.67395 19.719 0.064 4.14 259.0
2457227.68510 19.898 0.075 4.35 261.0
2457228.74203 19.804 0.077 4.63 429.0
2457229.78193 19.798 0.110 4.92 646.0
2457235.67186 19.795 0.115 4.91 643.0
2457249.57524 19.852 0.111 6.85 266.0
2457252.63336 19.836 0.086 5.04 343.0
2457255.59387 19.813 0.099 5.74 321.0
2457263.50079 19.660 0.090 4.78 600.0
2457264.68176 19.738 0.127 5.73 695.0
2457267.67937 19.803 0.125 6.38 441.0
2457269.66678 19.851 0.098 5.65 327.0
2457272.51877 19.923 0.150 7.55 334.0
2457275.67548 19.788 0.149 7.20 417.0
2457281.49528 19.812 0.142 7.61 321.0
2457292.58504 19.572 0.151 7.00 773.0
2457300.51675 19.610 0.118 7.21 497.0
2457439.83025 19.683 0.120 6.30 568.0
2457446.80725 19.650 0.076 5.10 435.0
2457451.90482 19.885 0.115 4.63 679.0
2457456.83073 19.680 0.082 5.43 340.0
2457461.79154 19.838 0.077 4.43 326.0
2457465.83692 19.941 0.102 5.13 371.0
2457471.77786 19.977 0.145 5.63 573.0
2457474.85622 19.806 0.097 4.97 455.0
2457484.83318 19.866 0.099 6.01 280.0
2457486.75613 19.678 0.125 7.72 305.0
2457487.86389 19.687 0.089 5.89 331.0
2457489.85196 19.796 0.083 5.08 410.0
2457492.73176 19.712 0.069 4.91 277.0
2457493.72427 19.753 0.081 5.19 292.0
2457494.70710 19.541 0.064 4.80 302.0
2457495.69095 19.756 0.103 5.42 385.0
2457495.91159 19.701 0.089 5.88 304.0
2457498.84218 19.526 0.108 6.12 494.0
2457499.79767 19.690 0.078 4.55 435.0
2457500.73889 19.663 0.107 5.26 556.0
2457507.74827 19.742 0.081 4.81 343.0
2457508.79664 19.656 0.059 4.01 294.0
2457509.89343 19.749 0.088 5.43 361.0
2457512.83909 19.764 0.066 4.23 272.0
2457522.89982 19.258 0.075 5.92 465.0
2457526.81330 18.421 0.032 4.85 571.0
2457529.86400 18.305 0.049 6.96 780.0
2457534.81191 19.263 0.049 4.22 403.0
2457536.81120 19.229 0.051 4.60 320.0
2457546.62778 19.165 0.063 7.34 249.0
2457547.58834 19.161 0.075 7.77 285.0
2457548.67102 19.272 0.039 4.55 301.0
2457549.84156 19.257 0.055 5.96 260.0
2457550.82011 19.349 0.070 5.75 385.0
2457555.55263 19.463 0.091 6.13 554.0
2457555.89018 19.484 0.076 5.81 397.0
2457557.86128 19.585 0.114 5.72 705.0
2457561.66081 19.511 0.112 4.46 1366.0
2457562.65107 19.607 0.094 5.06 752.0
2457566.84168 19.539 0.136 8.09 474.0
2457567.78552 19.517 0.085 5.70 412.0
2457568.78449 19.627 0.099 6.54 330.0
2457569.80195 19.470 0.066 5.23 341.0
2457575.58927 19.829 0.131 7.94 236.0
2457575.60330 19.743 0.105 7.37 233.0
2457576.61296 19.694 0.066 4.95 218.0
2457579.63398 19.740 0.088 6.11 260.0
2457584.54357 19.732 0.100 5.40 425.0
2457589.53175 19.559 0.135 6.50 746.0
2457590.55206 19.641 0.080 4.70 489.0
2457593.51460 19.774 0.084 5.64 234.0
2457596.47686 19.858 0.080 5.02 328.0
2457600.48558 19.700 0.117 7.05 311.0
2457602.58711 19.733 0.088 5.90 254.0
2457603.64721 19.738 0.067 4.90 206.0
2457604.65444 19.681 0.059 4.71 197.0
2457605.69572 19.740 0.088 5.89 264.0
2457607.66171 19.647 0.072 5.66 197.0
2457609.47947 19.676 0.100 5.80 345.0
2457610.63774 19.737 0.083 5.17 299.0
2457612.61714 19.684 0.141 5.16 1217.0
2457616.69746 19.607 0.089 5.06 612.0
2457618.58489 19.675 0.094 4.64 508.0
2457621.65656 19.726 0.118 6.44 416.0
2457623.57887 19.791 0.078 5.16 259.0
2457625.51395 19.942 0.095 5.32 292.0
2457630.55125 19.663 0.073 5.58 250.0
2457632.55795 19.712 0.081 5.35 271.0
2457635.56171 19.580 0.108 7.73 294.0
2457637.64460 19.783 0.108 6.21 319.0
2457644.51965 19.709 0.127 5.76 538.0
2457648.57702 19.617 0.099 5.61 518.0
2457653.60800 19.653 0.076 5.61 320.0
2457659.56688 19.793 0.104 6.27 362.0
