2455265.83399 16.659 0.008 4.36 377.0
2455268.86941 16.637 0.008 4.58 326.0
2455272.77925 16.643 0.009 6.20 341.0
2455275.89946 16.651 0.008 4.29 306.0
2455284.90398 16.652 0.008 4.82 426.0
2455286.89417 16.635 0.009 4.54 541.0
2455287.76599 16.663 0.009 4.43 633.0
2455292.92019 16.621 0.010 3.35 2181.0
2455293.90270 16.643 0.008 4.16 341.0
2455294.88207 16.638 0.007 3.19 278.0
2455295.89381 16.654 0.008 4.25 266.0
2455297.77686 16.649 0.007 3.90 286.0
2455298.81571 16.637 0.007 4.27 288.0
2455299.80003 16.640 0.005 4.56 228.0
2455300.91203 16.628 0.007 3.94 311.0
2455306.90524 16.660 0.007 4.07 306.0
2455307.90639 16.641 0.007 3.52 357.0
2455309.69143 16.640 0.009 5.63 390.0
2455310.68765 16.637 0.008 5.24 431.0
2455311.80797 16.646 0.008 5.26 350.0
2455312.81713 16.634 0.009 5.57 430.0
2455313.85128 16.637 0.009 4.98 560.0
2455314.78062 16.648 0.010 5.92 709.0
2455315.72611 16.642 0.011 5.46 831.0
2455315.92130 16.640 0.012 4.87 1329.0
2455320.71881 16.643 0.008 4.43 501.0
2455320.91630 16.637 0.008 3.89 499.0
2455321.86150 16.642 0.008 4.69 431.0
2455323.77222 16.654 0.008 5.25 394.0
2455324.70762 16.649 0.009 6.52 355.0
2455324.90055 16.640 0.008 3.55 411.0
2455325.81701 16.649 0.008 4.62 293.0
2455326.74953 16.652 0.008 4.68 289.0
2455327.63228 16.639 0.007 4.68 298.0
2455327.89047 16.647 0.008 3.52 397.0
2455328.82104 16.651 0.008 4.85 330.0
2455334.68625 16.656 0.010 7.03 321.0
2455334.94297 16.615 0.014 5.55 1966.0
2455335.90552 16.654 0.009 5.22 409.0
2455337.81197 16.642 0.007 4.48 361.0
2455338.80886 16.645 0.011 6.99 446.0
2455339.81666 16.648 0.009 4.33 559.0
2455340.76962 16.651 0.010 5.73 496.0
2455341.61414 16.628 0.008 4.30 604.0
2455341.91155 16.639 0.008 4.33 548.0
2455342.73653 16.620 0.009 5.29 589.0
2455342.93259 16.627 0.012 6.95 645.0
2455343.75735 16.635 0.009 4.00 926.0
2455348.62333 16.639 0.008 5.21 436.0
2455348.90396 16.640 0.009 5.13 570.0
2455349.83459 16.643 0.009 4.84 671.0
2455351.61594 16.650 0.008 4.74 300.0
2455352.62979 16.660 0.008 4.66 332.0
2455353.59693 16.659 0.008 4.63 370.0
2455353.88605 16.662 0.009 4.79 519.0
2455354.89793 16.626 0.010 6.44 537.0
2455355.84439 16.631 0.009 5.02 490.0
2455357.89958 16.644 0.009 6.15 523.0
2455358.89158 16.661 0.010 7.40 441.0
2455359.80341 16.643 0.008 4.89 403.0
2455362.63872 16.638 0.008 4.39 421.0
2455364.61606 16.645 0.007 3.72 295.0
2455364.82186 16.654 0.009 6.35 335.0
2455365.73231 16.642 0.008 4.51 322.0
2455369.73183 16.635 0.010 5.92 670.0
2455376.71362 16.635 0.009 5.56 481.0
2455377.60565 16.645 0.010 6.31 380.0
2455377.84168 16.649 0.009 5.27 591.0
2455378.76560 16.647 0.007 3.89 375.0
2455379.60556 16.643 0.007 4.88 249.0
2455379.87498 16.658 0.012 8.73 711.0
2455380.76467 16.641 0.008 4.99 320.0
2455381.63625 16.641 0.009 6.70 316.0
2455381.83877 16.627 0.011 6.79 555.0
2455382.71012 16.639 0.009 7.09 309.0
2455386.73372 16.643 0.007 3.54 257.0
2455387.71609 16.643 0.007 3.63 228.0
2455388.53389 16.648 0.007 4.18 230.0
2455389.49649 16.645 0.008 5.64 299.0
2455389.82614 16.663 0.009 6.02 365.0
2455390.76187 16.649 0.007 4.73 227.0
2455391.65464 16.639 0.008 5.68 240.0
2455392.54755 16.648 0.008 5.45 289.0
2455393.65548 16.637 0.009 7.00 239.0
2455397.60758 16.639 0.009 6.16 356.0
2455403.58430 16.639 0.008 4.00 633.0
2455403.78044 16.653 0.013 6.12 1069.0
2455404.65433 16.656 0.008 4.82 424.0
2455405.67178 16.652 0.009 5.36 351.0
2455407.52459 16.641 0.009 6.73 238.0
2455407.71874 16.648 0.009 5.47 395.0
2455408.64748 16.651 0.009 5.74 342.0
2455409.50965 16.641 0.008 5.34 254.0
2455410.51441 16.645 0.008 4.74 293.0
2455411.52853 16.649 0.007 4.35 234.0
2455412.58163 16.641 0.009 6.27 385.0
2455413.52084 16.636 0.007 4.27 313.0
2455414.56287 16.659 0.007 4.25 229.0
2455418.53733 16.646 0.007 4.45 215.0
2455421.55326 16.638 0.007 4.75 266.0
2455421.56864 16.650 0.007 4.71 270.0
2455422.53393 16.650 0.008 5.23 301.0
2455423.69573 16.652 0.009 6.52 276.0
2455430.47960 16.653 0.011 6.12 635.0
2455431.48048 16.637 0.009 5.86 590.0
2455431.67787 16.646 0.011 7.35 589.0
2455433.65376 16.639 0.010 5.70 742.0
2455434.65588 16.644 0.009 4.63 498.0
2455435.65875 16.640 0.008 4.72 419.0
2455437.54778 16.640 0.007 4.41 278.0
2455439.49502 16.632 0.010 6.87 329.0
2455443.52696 16.648 0.008 5.87 285.0
2455444.53772 16.648 0.008 5.31 247.0
2455445.64407 16.634 0.008 5.34 326.0
2455446.64364 16.638 0.008 5.81 294.0
2455448.51160 16.646 0.008 5.08 290.0
2455449.62072 16.637 0.008 5.56 378.0
2455453.50083 16.644 0.011 5.82 969.0
2455458.53713 16.629 0.010 6.78 494.0
2455460.48811 16.651 0.010 5.79 461.0
2455461.59823 16.640 0.009 5.83 560.0
2455465.51717 16.644 0.009 6.47 346.0
2455470.54893 16.644 0.008 4.62 382.0
2455473.49410 16.653 0.010 7.46 372.0
2455479.51427 16.659 0.010 7.50 394.0
2455487.53647 16.657 0.009 6.05 586.0
2455490.53694 16.623 0.013 7.81 771.0
2455604.88736 16.626 0.010 6.64 604.0
2455608.88233 16.643 0.008 6.27 340.0
2455611.87312 16.648 0.008 4.94 513.0
2455614.83187 16.649 0.009 5.58 578.0
2455620.82403 16.642 0.009 7.28 342.0
2455623.85911 16.644 0.007 4.41 277.0
2455624.80127 16.650 0.008 5.56 344.0
2455625.79856 16.641 0.008 5.69 351.0
2455627.78755 16.638 0.008 5.59 310.0
2455629.80175 16.642 0.008 6.10 282.0
2455630.83810 16.644 0.007 4.97 283.0
2455632.79675 16.642 0.008 5.84 505.0
2455634.77619 16.637 0.007 5.00 313.0
2455635.81267 16.632 0.009 6.89 394.0
2455638.77169 16.637 0.010 6.48 657.0
2455639.91104 16.630 0.008 5.22 630.0
2455641.91233 16.651 0.009 6.94 632.0
2455643.90115 16.630 0.007 4.71 477.0
2455647.78892 16.643 0.009 4.56 715.0
2455648.91778 16.644 0.010 7.00 559.0
2455650.85131 16.619 0.007 5.17 246.0
2455652.84061 16.642 0.006 4.09 225.0
2455655.75900 16.659 0.008 5.20 328.0
2455657.78117 16.633 0.006 3.87 273.0
2455658.90147 16.659 0.008 6.25 230.0
2455660.74939 16.642 0.007 5.89 260.0
2455662.87200 16.640 0.007 4.91 326.0
2455665.74541 16.643 0.007 5.19 313.0
2455668.78247 16.647 0.009 5.31 507.0
2455670.87207 16.643 0.008 4.19 645.0
2455676.75440 16.645 0.006 4.94 231.0
2455679.71535 16.640 0.007 4.31 303.0
2455680.88617 16.655 0.007 4.25 274.0
2455682.76787 16.659 0.007 4.89 301.0
2455684.74738 16.644 0.007 4.14 292.0
2455686.74606 16.642 0.007 4.99 311.0
2455688.91737 16.645 0.010 5.91 666.0
2455691.66535 16.658 0.008 6.13 323.0
2455692.83691 16.632 0.008 4.83 405.0
2455693.93847 16.651 0.011 7.28 931.0
2455695.74336 16.614 0.009 5.07 1106.0
2455696.82949 16.639 0.007 3.99 465.0
2455697.91606 16.665 0.008 6.04 595.0
2455702.61362 16.645 0.011 6.37 930.0
2455703.76781 16.646 0.009 7.12 372.0
2455706.84680 16.653 0.009 6.83 425.0
2455708.59986 16.652 0.008 5.86 335.0
2455712.56715 16.652 0.011 7.48 709.0
2455714.60343 16.632 0.008 6.38 385.0
2455714.61785 16.647 0.008 5.70 336.0
2455716.65583 16.651 0.008 5.90 255.0
2455721.83485 16.622 0.008 6.10 375.0
2455723.67189 16.626 0.007 5.30 318.0
2455724.80485 16.656 0.008 5.15 405.0
2455726.71668 16.630 0.013 3.93 3110.0
2455734.67992 16.610 0.009 6.96 291.0
2455736.51292 16.630 0.008 5.31 500.0
2455737.57908 16.646 0.007 4.35 303.0
2455738.71500 16.644 0.006 3.87 263.0
2455739.86583 16.648 0.010 6.74 444.0
2455741.55097 16.639 0.007 4.68 294.0
2455742.56901 16.633 0.007 4.41 354.0
2455743.71042 16.653 0.008 5.47 272.0
2455745.79250 16.660 0.008 6.24 265.0
2455747.69442 16.636 0.009 7.31 271.0
2455749.72184 16.642 0.008 6.62 260.0
2455753.59279 16.602 0.014 5.09 3552.0
2455760.57656 16.659 0.009 6.07 421.0
2455763.49172 16.643 0.007 4.64 365.0
2455764.58126 16.655 0.007 4.05 321.0
2455765.74263 16.614 0.008 6.17 347.0
2455767.56282 16.638 0.007 4.99 335.0
2455768.70042 16.643 0.007 4.32 264.0
2455770.72830 16.644 0.008 5.46 331.0
2455777.58006 16.633 0.008 5.97 298.0
2455784.53968 16.643 0.008 4.12 706.0
2455784.64518 16.636 0.008 4.08 641.0
2455786.60277 16.641 0.008 4.29 471.0
2455788.55999 16.640 0.008 4.70 379.0
2455790.69968 16.646 0.008 5.52 408.0
2455794.57795 16.636 0.008 6.30 253.0
2455796.64083 16.646 0.007 5.20 277.0
2455803.52716 16.639 0.008 5.63 299.0
2455816.56582 16.649 0.007 4.17 511.0
2455819.48619 16.645 0.008 5.67 407.0
2455825.60267 16.660 0.008 6.54 408.0
2455826.58775 16.614 0.009 7.19 417.0
2455828.56304 16.631 0.008 6.02 315.0
2455830.53637 16.635 0.007 5.85 334.0
2455832.55658 16.631 0.009 7.35 402.0
2455834.57715 16.648 0.008 6.88 377.0
2455839.55793 16.634 0.011 5.71 894.0
2455843.56053 16.633 0.009 6.23 539.0
2455845.57135 16.610 0.015 7.07 764.0
2455851.52236 16.634 0.008 5.48 403.0
2455855.50418 16.652 0.011 6.35 615.0
2455861.50507 16.626 0.010 6.88 567.0
2455971.86642 16.638 0.007 4.75 447.0
2455984.85861 16.637 0.006 3.74 275.0
2455987.85127 16.627 0.007 4.63 330.0
2455990.80107 16.648 0.007 5.60 302.0
2455992.87495 16.649 0.007 4.28 289.0
2455995.78462 16.641 0.007 4.03 632.0
2455997.82235 16.638 0.008 5.18 425.0
2455999.82101 16.611 0.007 4.68 480.0
2456002.82825 16.646 0.010 4.07 1170.0
2456004.87499 16.643 0.007 5.03 320.0
2456006.87007 16.629 0.006 3.51 245.0
2456008.79273 16.635 0.007 4.69 285.0
2456009.91473 16.656 0.008 5.96 515.0
2456011.85449 16.639 0.008 3.76 751.0
2456013.78435 16.639 0.006 4.74 228.0
2456014.89919 16.658 0.008 7.61 229.0
2456016.79922 16.639 0.006 3.55 256.0
2456017.90895 16.634 0.006 3.20 217.0
2456019.82309 16.635 0.007 5.70 237.0
2456020.87950 16.642 0.006 4.61 229.0
2456022.72768 16.647 0.008 5.18 466.0
2456023.78709 16.657 0.007 4.10 455.0
2456024.77188 16.642 0.008 4.82 504.0
2456025.85112 16.641 0.009 5.76 488.0
2456032.83680 16.646 0.006 4.11 271.0
2456034.80147 16.625 0.006 3.44 251.0
2456037.78553 16.653 0.007 4.71 290.0
2456039.85601 16.650 0.007 4.72 282.0
2456041.89247 16.632 0.006 3.73 352.0
2456048.78023 16.647 0.006 3.90 233.0
2456050.68672 16.653 0.008 5.05 374.0
2456052.78030 16.648 0.008 5.22 495.0
2456053.90758 16.643 0.009 3.92 1169.0
2456057.72093 16.633 0.012 5.24 1671.0
2456058.90519 16.647 0.007 3.84 401.0
2456059.90200 16.641 0.007 4.08 343.0
2456062.75118 16.658 0.008 5.28 415.0
2456064.75677 16.654 0.006 3.21 306.0
2456066.62850 16.665 0.007 4.96 336.0
2456067.69129 16.648 0.006 4.12 274.0
2456068.84376 16.646 0.006 3.92 286.0
2456070.60459 16.647 0.008 6.31 326.0
2456071.65665 16.639 0.007 5.45 246.0
2456075.71803 16.630 0.006 4.43 234.0
2456076.85686 16.611 0.006 5.32 330.0
2456078.70224 16.641 0.007 4.54 342.0
2456079.79342 16.636 0.007 4.07 373.0
2456080.82734 16.625 0.007 4.45 392.0
2456081.86917 16.642 0.008 4.95 679.0
2456085.63961 16.665 0.008 4.71 501.0
2456086.62634 16.629 0.007 4.39 368.0
2456087.81012 16.664 0.008 4.90 625.0
2456092.57589 16.639 0.007 5.43 322.0
2456093.76886 16.646 0.007 4.90 263.0
2456094.87824 16.641 0.008 5.82 442.0
2456097.76753 16.642 0.008 5.81 267.0
2456100.76395 16.651 0.007 4.47 342.0
2456101.79567 16.648 0.007 4.23 385.0
2456102.83670 16.648 0.008 5.60 420.0
2456104.52136 16.650 0.007 3.81 427.0
2456105.54587 16.645 0.011 7.29 644.0
2456108.63817 16.655 0.007 4.42 440.0
2456113.60598 16.653 0.008 4.31 535.0
2456114.71031 16.636 0.007 4.18 409.0
2456115.76607 16.641 0.008 6.51 316.0
2456117.50623 16.631 0.007 4.74 402.0
2456118.54800 16.648 0.006 4.52 272.0
2456119.57732 16.645 0.006 5.19 203.0
2456120.70745 16.639 0.009 6.54 184.0
2456121.74942 16.634 0.006 3.77 196.0
2456124.54234 16.650 0.007 5.50 246.0
2456127.49564 16.643 0.007 5.38 320.0
2456131.56945 16.644 0.006 5.19 204.0
2456133.66626 16.657 0.007 4.77 231.0
2456135.66253 16.633 0.008 6.58 291.0
2456140.64955 16.653 0.009 5.04 649.0
2456147.66288 16.652 0.008 7.19 211.0
2456148.62876 16.661 0.006 4.46 215.0
2456151.63692 16.644 0.008 6.47 249.0
2456154.54359 16.637 0.007 5.87 265.0
2456158.63330 16.661 0.007 4.73 320.0
2456160.64954 16.641 0.007 5.46 265.0
2456164.66985 16.651 0.009 6.32 467.0
2456167.64191 16.651 0.011 4.32 1831.0
2456168.67660 16.650 0.008 4.49 606.0
2456169.63697 16.644 0.008 5.34 591.0
2456171.64559 16.644 0.009 5.70 551.0
2456172.63695 16.651 0.007 4.57 416.0
2456175.61212 16.655 0.008 5.31 411.0
2456181.52462 16.651 0.007 4.39 373.0
2456184.48830 16.639 0.007 4.76 321.0
2456185.62983 16.632 0.007 5.97 309.0
2456187.54017 16.641 0.009 7.54 288.0
2456195.55167 16.621 0.007 4.36 463.0
2456197.52428 16.639 0.009 5.63 465.0
2456202.55772 16.622 0.011 6.93 639.0
2456205.52193 16.648 0.007 4.49 315.0
2456209.57097 16.652 0.010 6.92 398.0
2456212.54843 16.661 0.008 4.91 433.0
2456216.55816 16.648 0.008 5.51 415.0
2456343.88381 16.656 0.008 6.06 335.0
2456348.88228 16.635 0.007 4.70 366.0
2456352.87032 16.630 0.006 4.40 407.0
2456360.87435 16.654 0.006 4.49 256.0
2456363.80225 16.659 0.007 4.96 293.0
2456368.89209 16.641 0.006 4.63 260.0
2456370.90603 16.642 0.006 4.89 285.0
2456373.87239 16.637 0.007 5.89 257.0
2456375.82240 16.633 0.006 4.89 281.0
2456375.84072 16.635 0.006 5.20 230.0
2456377.78544 16.620 0.006 3.56 388.0
2456378.89839 16.634 0.006 3.12 451.0
2456380.85817 16.639 0.006 4.13 392.0
2456382.79718 16.636 0.008 4.43 781.0
2456387.72120 16.642 0.008 6.33 275.0
2456388.82629 16.655 0.006 4.62 243.0
2456390.72084 16.640 0.007 5.28 297.0
2456394.91511 16.643 0.007 4.88 291.0
2456398.83375 16.637 0.006 4.16 236.0
2456400.83083 16.648 0.006 4.66 250.0
2456402.78197 16.663 0.008 6.44 273.0
2456404.71800 16.644 0.006 4.27 358.0
2456409.78758 16.652 0.011 7.01 690.0
2456416.74320 16.656 0.006 4.45 288.0
2456417.91888 16.637 0.007 4.62 367.0
2456419.75254 16.635 0.006 4.55 249.0
2456423.71219 16.635 0.007 4.33 369.0
2456428.72506 16.647 0.007 5.82 277.0
2456433.59530 16.644 0.008 6.47 397.0
2456442.58753 16.634 0.007 4.63 388.0
2456446.72877 16.631 0.005 4.48 244.0
2456452.60251 16.660 0.006 4.40 253.0
2456454.70368 16.649 0.006 4.24 232.0
2456456.57849 16.636 0.005 4.02 221.0
2456460.62805 16.649 0.007 4.93 318.0
2456469.58567 16.640 0.007 5.09 419.0
2456474.49876 16.638 0.008 7.01 368.0
2456475.56187 16.635 0.008 6.36 333.0
2456476.62639 16.649 0.006 4.55 315.0
2456481.54573 16.628 0.007 5.61 271.0
2456484.53881 16.638 0.006 5.23 303.0
2456486.56423 16.637 0.006 5.18 234.0
2456487.67783 16.629 0.007 4.26 251.0
2456490.47155 16.630 0.007 4.78 467.0
2456491.60600 16.632 0.007 4.93 397.0
2456499.53092 16.653 0.006 4.48 259.0
2456510.58672 16.640 0.006 4.35 241.0
2456514.52382 16.651 0.007 6.13 288.0
2456519.67124 16.637 0.007 5.18 369.0
2456741.85489 16.641 0.007 6.14 417.0
2456744.88542 16.648 0.006 4.84 289.0
2456746.79793 16.646 0.006 5.55 274.0
2456749.77394 16.642 0.007 5.76 323.0
2456754.72997 16.646 0.007 6.28 356.0
2456757.79279 16.631 0.006 5.39 269.0
2456760.85653 16.638 0.005 3.52 350.0
2456763.84909 16.625 0.007 4.58 607.0
2456768.84373 16.651 0.006 4.17 380.0
2456771.69543 16.650 0.006 4.15 297.0
2456773.83911 16.627 0.007 5.97 283.0
2456776.78575 16.653 0.006 5.60 409.0
2456789.69907 16.647 0.008 4.70 455.0
2456791.67882 16.635 0.009 5.44 711.0
2456796.62563 16.650 0.008 4.44 504.0
2456804.65390 16.639 0.008 5.60 287.0
2456805.92203 16.646 0.010 6.99 473.0
2456810.69753 16.640 0.007 4.90 340.0
2456813.67760 16.651 0.008 5.21 271.0
2456815.64858 16.645 0.008 5.49 307.0
2456817.87600 16.644 0.009 6.29 439.0
2456819.69488 16.652 0.011 4.65 1679.0
2456824.74714 16.648 0.008 4.53 419.0
2456826.60823 16.642 0.008 4.82 341.0
2456827.83372 16.647 0.008 5.16 376.0
2456829.72148 16.629 0.008 5.83 243.0
2456831.73412 16.652 0.007 3.95 272.0
2456833.66697 16.638 0.007 4.60 323.0
2456835.56827 16.655 0.008 5.61 345.0
2456838.70946 16.632 0.007 4.58 305.0
2456840.59700 16.635 0.008 5.50 358.0
2456842.61207 16.646 0.008 5.14 335.0
2456845.49936 16.645 0.007 4.27 436.0
2456852.58639 16.645 0.009 5.72 582.0
2456856.52070 16.627 0.007 5.18 328.0
2456858.47466 16.644 0.007 4.06 331.0
2456864.67913 16.651 0.007 5.30 241.0
2456872.72081 16.653 0.008 6.56 245.0
2456879.56544 16.642 0.012 7.36 611.0
2456885.73147 16.622 0.010 7.59 423.0
2456888.62889 16.637 0.007 5.15 309.0
2456891.58349 16.638 0.007 4.72 262.0
2456907.53303 16.650 0.007 4.72 406.0
2456915.53866 16.653 0.008 5.57 300.0
2456923.50507 16.646 0.010 7.22 372.0
2456927.61704 16.629 0.010 7.55 538.0
2456938.53691 16.644 0.011 6.38 633.0
2456943.51458 16.634 0.011 8.31 488.0
2457064.86667 16.639 0.008 4.54 554.0
2457069.88793 16.637 0.008 5.20 457.0
2457072.84362 16.619 0.008 5.89 373.0
2457076.83729 16.626 0.007 5.48 356.0
2457077.89767 16.655 0.009 5.26 730.0
2457080.81877 16.635 0.008 6.58 313.0
2457082.85282 16.644 0.007 5.23 282.0
2457083.90248 16.645 0.008 5.07 544.0
2457086.86325 16.651 0.007 4.13 480.0
2457088.90486 16.625 0.009 4.52 692.0
2457091.79288 16.635 0.007 4.63 545.0
2457098.86738 16.627 0.006 4.06 315.0
2457100.86230 16.640 0.007 4.23 322.0
2457108.79819 16.653 0.009 6.39 402.0
2457109.74723 16.635 0.007 5.80 296.0
2457110.88456 16.635 0.006 3.51 309.0
2457112.82828 16.644 0.007 5.03 328.0
2457114.88326 16.642 0.007 3.85 342.0
2457118.74655 16.631 0.008 4.27 660.0
2457125.73754 16.644 0.007 4.70 349.0
2457130.70660 16.632 0.007 5.80 259.0
2457133.81239 16.640 0.007 4.73 334.0
2457135.91727 16.644 0.006 3.73 297.0
2457138.73206 16.629 0.007 5.53 263.0
2457140.85101 16.636 0.007 4.56 345.0
2457142.93138 16.641 0.009 4.46 685.0
2457146.65703 16.652 0.010 5.45 915.0
2457147.86843 16.639 0.008 4.19 721.0
2457154.65558 16.650 0.006 4.21 277.0
2457156.65325 16.632 0.006 3.87 278.0
2457158.85509 16.651 0.007 4.95 343.0
2457160.82027 16.634 0.007 4.06 292.0
2457162.79098 16.639 0.007 4.58 299.0
2457164.81820 16.645 0.007 4.20 290.0
2457169.66629 16.627 0.006 4.45 273.0
2457172.61166 16.651 0.010 6.47 495.0
2457173.88700 16.639 0.008 4.63 625.0
2457178.87623 16.640 0.009 4.88 944.0
2457180.72258 16.653 0.007 5.15 327.0
2457182.60453 16.653 0.007 5.58 220.0
2457183.84761 16.633 0.008 5.47 282.0
2457185.72559 16.631 0.008 6.14 316.0
2457187.75498 16.650 0.007 4.72 277.0
2457189.73220 16.648 0.007 3.90 344.0
2457194.54116 16.647 0.007 5.20 276.0
2457198.55758 16.652 0.007 5.35 317.0
2457199.80316 16.649 0.007 3.89 307.0
2457206.81239 16.638 0.009 4.42 1013.0
2457209.81807 16.648 0.009 4.68 1027.0
2457214.58690 16.631 0.007 5.97 363.0
2457220.48984 16.636 0.008 6.13 366.0
2457226.58136 16.633 0.007 5.17 285.0
2457228.51970 16.630 0.008 5.17 379.0
2457233.56408 16.631 0.010 4.65 1092.0
2457249.61593 16.646 0.008 6.38 228.0
2457255.48147 16.637 0.008 5.04 369.0
2457261.65378 16.647 0.011 6.36 908.0
2457265.63316 16.649 0.007 4.57 412.0
2457275.56888 16.644 0.009 5.44 666.0
2457295.51086 16.639 0.009 7.28 321.0
2457446.86956 16.628 0.006 4.18 372.0
2457452.83728 16.609 0.006 4.02 325.0
2457456.90071 16.613 0.007 5.28 317.0
2457461.85127 16.610 0.006 4.69 274.0
2457465.90571 16.591 0.007 4.92 391.0
2457471.83682 16.547 0.007 5.09 489.0
2457474.90851 16.518 0.007 4.44 504.0
2457484.73295 16.294 0.007 7.54 284.0
2457486.78576 16.195 0.006 6.15 290.0
2457488.84524 16.095 0.005 4.61 329.0
2457492.78233 15.835 0.004 4.65 281.0
2457494.84556 15.666 0.004 4.69 268.0
2457498.76677 15.449 0.004 5.01 604.0
2457500.75611 15.498 0.004 6.42 533.0
2457508.75621 16.061 0.004 4.37 283.0
2457511.74612 16.213 0.005 3.99 278.0
2457534.74844 16.590 0.009 4.27 1408.0
2457548.79234 16.631 0.006 4.46 276.0
2457550.76525 16.630 0.007 5.08 305.0
2457555.57315 16.633 0.008 5.29 601.0
2457562.65494 16.631 0.007 3.90 801.0
2457567.63508 16.628 0.007 4.85 382.0
2457568.78764 16.609 0.009 6.15 308.0
2457575.79727 16.651 0.007 4.93 263.0
2457590.63569 16.638 0.007 4.53 393.0
2457595.56707 16.657 0.008 6.87 268.0
2457599.52715 16.629 0.008 6.00 279.0
2457599.61064 16.641 0.007 5.33 221.0
2457600.53594 16.642 0.008 5.70 255.0
2457600.63123 16.649 0.008 6.09 227.0
2457601.70266 16.640 0.007 5.67 215.0
2457603.61113 16.639 0.007 4.92 207.0
2457605.52315 16.643 0.007 5.08 218.0
2457607.70690 16.633 0.007 5.18 204.0
2457610.50973 16.640 0.008 6.24 291.0
2457612.70657 16.632 0.010 6.06 813.0
2457618.55749 16.637 0.008 5.06 481.0
2457625.58640 16.657 0.007 5.70 276.0
2457631.63356 16.628 0.006 4.91 245.0
2457643.62653 16.628 0.011 7.12 628.0
2457650.48783 16.648 0.007 4.77 288.0
