2455265.83549 19.548 0.068 4.27 428.0
2455268.87092 19.563 0.068 4.46 357.0
2455272.78077 19.551 0.082 5.58 386.0
2455275.90096 19.637 0.072 4.25 361.0
2455279.76709 19.649 0.122 7.09 402.0
2455284.90547 19.479 0.070 4.32 478.0
2455286.89569 19.537 0.084 4.33 596.0
2455287.76750 19.732 0.107 4.21 694.0
2455293.90421 19.498 0.062 3.91 390.0
2455294.89524 19.507 0.049 3.44 323.0
2455295.90491 19.455 0.049 3.55 314.0
2455297.78797 19.563 0.057 3.89 322.0
2455298.82671 19.538 0.054 3.74 324.0
2455299.81105 19.538 0.050 3.97 278.0
2455300.92299 19.634 0.071 3.56 486.0
2455303.90068 19.487 0.070 4.48 431.0
2455306.91634 19.617 0.058 3.53 364.0
2455307.91725 19.488 0.058 3.70 422.0
2455309.70267 19.604 0.083 5.18 429.0
2455310.68915 19.568 0.074 4.48 479.0
2455311.80948 19.447 0.068 5.45 382.0
2455312.81863 19.557 0.085 5.58 481.0
2455313.85278 19.804 0.125 5.40 595.0
2455314.78212 19.495 0.104 5.51 772.0
2455315.72762 19.508 0.129 5.66 909.0
2455315.92279 19.516 0.134 5.09 1272.0
2455320.72032 19.627 0.087 4.55 561.0
2455320.91782 19.478 0.066 3.85 563.0
2455321.86299 19.550 0.078 4.55 484.0
2455323.77371 19.448 0.068 5.67 442.0
2455324.70913 19.535 0.087 6.19 390.0
2455324.90204 19.625 0.073 3.77 474.0
2455325.81850 19.561 0.071 5.04 342.0
2455326.75104 19.626 0.071 4.47 326.0
2455327.63380 19.556 0.063 4.59 332.0
2455327.89196 19.451 0.061 3.77 448.0
2455328.82253 19.393 0.060 4.31 372.0
2455334.68777 19.644 0.091 5.90 351.0
2455335.72294 19.490 0.051 3.68 333.0
2455335.91666 19.499 0.075 4.60 456.0
2455337.81348 19.574 0.077 4.71 412.0
2455338.81036 19.503 0.110 6.68 495.0
2455339.81818 19.514 0.082 4.24 625.0
2455340.77113 19.567 0.098 5.40 551.0
2455341.61564 19.543 0.084 4.57 663.0
2455341.91306 19.461 0.083 4.77 601.0
2455342.73804 19.657 0.115 5.66 642.0
2455342.93410 19.531 0.137 6.77 699.0
2455343.76949 19.404 0.144 4.61 2586.0
2455348.66384 19.573 0.071 4.28 451.0
2455348.91681 19.696 0.133 6.03 612.0
2455349.84566 19.505 0.097 4.62 902.0
2455351.62963 19.558 0.065 4.38 377.0
2455352.64262 19.485 0.066 4.56 360.0
2455353.60951 19.508 0.067 4.33 374.0
2455353.89812 19.628 0.098 4.52 607.0
2455354.89944 19.422 0.097 5.62 609.0
2455355.86286 19.554 0.112 5.83 602.0
2455357.90110 19.473 0.096 5.75 576.0
2455359.57968 19.581 0.105 5.65 583.0
2455359.81452 19.530 0.071 4.41 444.0
2455362.65719 19.685 0.069 3.98 450.0
2455364.63111 19.575 0.056 3.81 313.0
2455364.82337 19.410 0.073 5.69 346.0
2455365.74650 19.582 0.072 4.98 344.0
2455369.74345 19.474 0.101 5.11 818.0
2455376.71511 19.497 0.097 5.71 541.0
2455377.60715 19.561 0.107 6.72 411.0
2455377.84316 19.412 0.100 5.70 659.0
2455378.77671 19.563 0.063 3.76 406.0
2455379.61974 19.554 0.060 4.27 296.0
2455379.87647 19.703 0.173 8.25 787.0
2455380.76616 19.598 0.068 4.35 353.0
2455381.63776 19.373 0.088 7.13 331.0
2455381.84028 19.806 0.161 6.90 612.0
2455382.71163 19.627 0.089 6.00 331.0
2455384.83641 19.559 0.128 6.67 671.0
2455386.73523 19.660 0.064 3.68 292.0
2455387.71758 19.475 0.047 3.54 250.0
2455388.53540 19.511 0.059 4.41 257.0
2455389.49800 19.642 0.092 5.81 342.0
2455389.82765 19.605 0.097 5.89 401.0
2455390.76337 19.527 0.058 4.64 245.0
2455391.65614 19.523 0.072 5.98 268.0
2455392.54903 19.691 0.080 4.72 326.0
2455393.65699 19.471 0.081 6.83 273.0
2455395.82244 19.552 0.107 6.70 435.0
2455397.60910 19.433 0.080 5.76 393.0
2455403.58581 19.528 0.084 4.43 718.0
2455403.78193 19.437 0.127 5.45 1174.0
2455404.65586 19.449 0.072 4.41 471.0
2455405.67329 19.683 0.100 5.33 401.0
2455407.52609 19.583 0.090 6.41 271.0
2455407.72026 19.605 0.098 5.46 435.0
2455408.64898 19.745 0.104 5.78 397.0
2455409.51117 19.659 0.073 5.26 289.0
2455410.51591 19.587 0.077 5.15 333.0
2455411.53004 19.546 0.060 4.72 269.0
2455412.58313 19.448 0.087 6.14 417.0
2455413.52236 19.377 0.059 5.02 359.0
2455414.56439 19.530 0.051 3.77 258.0
2455418.53883 19.554 0.057 4.75 248.0
2455421.55478 19.619 0.066 4.69 303.0
2455421.57015 19.619 0.067 4.80 306.0
2455422.53543 19.499 0.068 5.00 342.0
2455423.69725 19.474 0.081 6.51 285.0
2455430.49076 19.672 0.121 4.97 701.0
2455431.49191 19.478 0.088 5.02 616.0
2455433.66483 19.519 0.104 5.51 623.0
2455434.66707 19.314 0.078 4.83 580.0
2455435.67277 19.582 0.078 4.13 478.0
2455437.58460 19.681 0.072 4.17 327.0
2455439.52379 19.556 0.107 6.75 368.0
2455443.53824 19.590 0.080 5.85 334.0
2455444.55785 19.587 0.086 6.70 276.0
2455445.65495 19.649 0.080 4.87 379.0
2455446.65568 19.495 0.065 4.68 336.0
2455448.52278 19.507 0.075 5.21 333.0
2455449.63218 19.435 0.071 4.98 397.0
2455451.52010 19.388 0.122 5.81 1056.0
2455453.53498 19.561 0.156 5.62 1205.0
2455458.53863 19.353 0.098 6.46 537.0
2455460.49946 19.487 0.098 6.35 484.0
2455461.59975 19.580 0.138 5.93 925.0
2455465.52854 19.675 0.116 6.87 391.0
2455470.56009 19.393 0.070 4.76 423.0
2455473.49560 19.688 0.131 7.48 411.0
2455479.51580 19.452 0.103 7.02 449.0
2455487.53799 19.549 0.095 5.00 648.0
2455491.50335 19.307 0.140 7.50 817.0
2455604.88886 19.563 0.133 6.08 817.0
2455608.88383 19.536 0.088 6.07 408.0
2455611.87543 19.662 0.104 5.25 576.0
2455614.83338 19.427 0.084 5.15 643.0
2455620.82554 19.620 0.090 6.16 373.0
2455623.86061 19.785 0.075 4.43 313.0
2455624.80275 19.492 0.091 6.22 399.0
2455625.80006 19.441 0.070 5.28 389.0
2455627.78908 19.646 0.095 6.17 352.0
2455629.80326 19.437 0.069 5.76 319.0
2455630.83961 19.539 0.064 4.94 316.0
2455632.79874 19.524 0.083 5.71 403.0
2455634.77769 19.409 0.063 5.17 355.0
2455635.81441 19.475 0.075 5.69 430.0
2455638.77341 19.754 0.134 6.11 725.0
2455639.91253 19.536 0.112 5.84 865.0
2455641.91382 19.563 0.115 7.84 811.0
2455643.90265 19.616 0.075 4.97 516.0
2455647.79043 19.780 0.120 4.61 775.0
2455648.91928 19.690 0.161 7.22 814.0
2455650.85281 19.564 0.059 5.53 278.0
2455652.84210 19.564 0.049 4.00 255.0
2455655.76050 19.479 0.077 5.27 369.0
2455657.78267 19.525 0.053 3.93 308.0
2455658.90296 19.592 0.081 6.27 267.0
2455660.75089 19.545 0.068 5.81 296.0
2455662.87352 19.451 0.064 5.16 366.0
2455665.74691 19.460 0.070 5.40 351.0
2455668.81768 19.525 0.082 5.09 548.0
2455670.88643 19.471 0.081 4.15 723.0
2455676.76806 19.638 0.058 4.34 289.0
2455679.72873 19.434 0.060 4.51 333.0
2455680.89904 19.580 0.060 4.21 312.0
2455682.78239 19.619 0.069 4.84 369.0
2455684.77025 19.508 0.065 5.53 320.0
2455686.76571 19.586 0.055 3.85 346.0
2455688.93061 19.499 0.119 5.79 899.0
2455691.69156 19.537 0.066 5.20 339.0
2455692.84960 19.666 0.082 4.56 453.0
2455694.60651 19.736 0.111 5.23 637.0
2455695.76832 19.555 0.072 5.52 390.0
2455696.84407 19.677 0.086 4.09 530.0
2455697.93157 19.632 0.116 6.61 653.0
2455703.78921 19.528 0.120 8.19 582.0
2455706.86173 19.419 0.101 7.26 518.0
2455708.61251 19.525 0.093 6.51 356.0
2455712.60264 19.707 0.099 5.55 469.0
2455714.63239 19.530 0.069 5.80 332.0
2455714.64558 19.725 0.071 4.78 267.0
2455716.66833 19.570 0.075 5.95 282.0
2455716.68115 19.430 0.073 6.73 272.0
2455721.84958 19.659 0.090 5.49 440.0
2455723.68703 19.553 0.068 4.99 353.0
2455724.81759 19.424 0.075 5.33 435.0
2455726.73019 19.333 0.122 3.98 2285.0
2455734.69371 19.571 0.095 6.53 344.0
2455736.52552 19.690 0.095 5.00 524.0
2455737.60437 19.530 0.054 4.01 312.0
2455738.72768 19.563 0.058 4.26 308.0
2455741.56464 19.404 0.060 4.80 325.0
2455742.58189 19.496 0.067 4.81 345.0
2455743.73229 19.865 0.101 5.21 356.0
2455744.76852 19.507 0.060 4.82 288.0
2455745.80510 19.563 0.093 6.49 329.0
2455747.70885 19.354 0.078 6.98 298.0
2455749.73460 19.548 0.081 6.29 291.0
2455753.61245 19.456 0.102 5.78 797.0
2455760.58941 19.542 0.087 5.59 447.0
2455763.50835 19.694 0.078 4.57 392.0
2455764.59500 19.573 0.057 4.08 345.0
2455765.75539 19.511 0.093 6.51 412.0
2455767.57634 19.556 0.068 4.84 353.0
2455768.71686 19.550 0.053 3.91 309.0
2455770.74273 19.376 0.064 4.83 365.0
2455777.59423 19.632 0.085 6.05 330.0
2455784.54120 19.852 0.165 4.57 1101.0
2455784.64711 19.654 0.150 4.22 1398.0
2455786.61766 19.435 0.083 4.82 535.0
2455788.57306 19.628 0.099 5.71 435.0
2455790.71263 19.605 0.099 5.69 511.0
2455794.59329 19.469 0.070 5.70 300.0
2455796.65389 19.436 0.079 6.48 317.0
2455803.53998 19.337 0.119 9.08 370.0
2455806.52895 19.431 0.077 5.33 398.0
2455813.55359 19.379 0.063 3.83 588.0
2455816.57844 19.403 0.095 6.14 583.0
2455819.49873 19.424 0.069 5.00 424.0
2455823.60756 19.766 0.112 5.51 439.0
2455824.61235 19.492 0.088 6.26 390.0
2455826.59908 19.489 0.116 7.71 480.0
2455828.56456 19.530 0.080 5.59 360.0
2455830.53788 19.595 0.073 5.41 383.0
2455832.55812 19.585 0.093 6.24 447.0
2455834.57865 19.564 0.089 6.80 430.0
2455839.56893 19.714 0.156 5.39 1092.0
2455841.57309 19.715 0.151 6.25 715.0
2455843.56204 19.350 0.094 6.20 596.0
2455845.57286 19.260 0.128 7.40 849.0
2455851.53345 19.539 0.094 5.98 455.0
2455855.51754 19.569 0.126 5.75 657.0
2455861.50902 19.701 0.140 6.89 571.0
2455971.86794 19.407 0.071 5.24 494.0
2455979.87474 19.651 0.080 5.34 372.0
2455984.86968 19.433 0.049 3.85 313.0
2455987.86290 19.378 0.053 4.23 353.0
2455990.82675 19.552 0.067 5.32 320.0
2455992.90085 19.597 0.061 4.21 326.0
2455995.78311 19.472 0.079 4.29 694.0
2455997.82385 19.392 0.069 4.93 468.0
2455999.82251 19.539 0.077 4.40 520.0
2456002.82975 19.437 0.107 3.96 1346.0
2456004.88602 19.592 0.062 4.26 344.0
2456006.88177 19.622 0.065 4.31 278.0
2456008.80429 19.538 0.061 4.75 297.0
2456010.74202 19.432 0.079 5.31 561.0
2456011.87574 19.477 0.080 3.80 821.0
2456013.79640 19.360 0.053 5.30 258.0
2456014.91067 19.694 0.094 5.94 311.0
2456016.81103 19.422 0.048 3.81 291.0
2456017.92271 19.609 0.106 3.83 1153.0
2456019.83515 19.735 0.075 4.91 278.0
2456020.89125 19.602 0.061 4.55 271.0
2456022.72918 19.662 0.093 5.20 513.0
2456023.78860 19.489 0.062 3.86 504.0
2456024.77337 19.569 0.079 4.51 553.0
2456025.85262 19.931 0.139 5.47 544.0
2456032.85040 19.587 0.067 4.99 316.0
2456034.82796 19.614 0.057 3.94 288.0
2456036.81178 19.521 0.045 3.59 295.0
2456036.82580 19.473 0.045 3.64 301.0
2456036.84027 19.597 0.049 3.38 315.0
2456036.85541 19.602 0.052 3.41 342.0
2456036.87326 19.458 0.046 3.32 347.0
2456036.89482 19.513 0.054 3.82 376.0
2456036.92590 19.669 0.071 4.14 445.0
2456037.70598 19.439 0.082 6.68 348.0
2456037.73399 19.765 0.084 5.12 325.0
2456037.76067 19.738 0.093 5.64 331.0
2456037.79031 19.532 0.059 4.25 326.0
2456037.80099 19.504 0.063 4.60 340.0
2456037.86092 19.587 0.071 4.36 382.0
2456037.90187 19.450 0.063 3.97 479.0
2456038.70196 19.393 0.077 6.79 320.0
2456038.74391 19.452 0.064 5.46 303.0
2456038.79336 19.676 0.072 5.04 295.0
2456038.91740 19.471 0.061 4.62 359.0
2456039.70474 19.540 0.091 6.36 380.0
2456039.72434 19.490 0.087 6.69 355.0
2456039.87032 19.618 0.074 4.70 373.0
2456040.87524 19.552 0.065 4.41 368.0
2456041.71740 19.455 0.069 6.07 339.0
2456041.77926 19.478 0.063 5.17 344.0
2456041.85301 19.618 0.081 5.24 378.0
2456041.90498 19.405 0.048 3.66 375.0
2456045.88879 19.649 0.072 4.33 405.0
2456045.94045 19.264 0.121 4.25 2440.0
2456046.87184 19.591 0.072 5.15 329.0
2456047.67306 19.548 0.076 5.37 391.0
2456047.81509 19.602 0.059 3.74 360.0
2456048.80339 19.497 0.050 3.93 252.0
2456050.69978 19.434 0.067 4.78 404.0
2456052.79341 19.579 0.076 4.17 558.0
2456053.92058 19.398 0.102 3.99 1451.0
2456057.72243 19.444 0.153 5.22 1677.0
2456058.91801 19.492 0.073 4.62 459.0
2456059.91481 19.498 0.067 4.61 414.0
2456062.76412 19.436 0.072 4.81 458.0
2456064.77965 19.409 0.041 3.20 347.0
2456066.64101 19.634 0.070 4.56 360.0
2456067.70398 19.491 0.053 3.93 312.0
2456068.85805 19.562 0.059 3.68 382.0
2456070.61743 19.592 0.094 6.50 361.0
2456071.67114 19.527 0.063 5.12 280.0
2456075.74312 19.641 0.058 4.58 272.0
2456076.87683 19.546 0.077 5.70 386.0
2456078.72664 19.418 0.056 4.07 372.0
2456079.80655 19.617 0.071 4.04 432.0
2456080.84007 19.642 0.092 5.24 449.0
2456081.88201 19.335 0.090 5.51 762.0
2456085.65232 19.480 0.067 4.20 527.0
2456086.64411 19.652 0.069 4.18 410.0
2456087.82359 19.750 0.085 4.09 515.0
2456092.58835 19.477 0.063 5.19 325.0
2456093.78131 19.718 0.099 6.23 310.0
2456094.89463 19.226 0.086 6.66 539.0
2456097.78003 19.351 0.065 5.79 308.0
2456098.83163 19.279 0.072 6.21 396.0
2456100.77650 19.758 0.120 6.13 415.0
2456101.80876 19.671 0.084 4.40 484.0
2456102.84951 19.920 0.118 4.82 527.0
2456104.53389 19.597 0.063 3.89 437.0
2456105.55853 19.665 0.098 6.25 355.0
2456108.65103 19.485 0.059 4.21 434.0
2456113.61844 19.654 0.087 4.21 624.0
2456114.72289 19.518 0.070 4.27 467.0
2456115.77863 19.488 0.104 7.33 360.0
2456117.51874 19.411 0.061 4.28 433.0
2456118.56042 19.604 0.060 4.50 299.0
2456119.59888 19.479 0.056 5.37 228.0
2456120.72011 19.639 0.067 5.34 225.0
2456121.76214 19.627 0.051 3.90 234.0
2456124.56199 19.610 0.063 4.82 272.0
2456125.68894 19.582 0.060 4.50 260.0
2456127.50859 19.665 0.078 5.28 317.0
2456131.58996 19.704 0.057 4.34 220.0
2456133.68097 19.615 0.076 5.39 273.0
2456135.67709 19.523 0.078 5.92 328.0
2456140.66335 19.711 0.127 5.55 720.0
2456142.49439 19.438 0.108 7.03 488.0
2456147.68005 19.536 0.083 6.92 265.0
2456148.64146 19.586 0.051 3.99 241.0
2456151.64942 19.714 0.093 6.61 260.0
2456154.55681 19.727 0.094 5.97 331.0
2456158.64715 19.403 0.069 5.36 374.0
2456160.66245 19.899 0.090 4.86 298.0
2456167.65722 19.336 0.121 4.23 1791.0
2456169.65121 19.732 0.112 4.81 679.0
2456171.66131 19.565 0.087 4.76 622.0
2456172.64950 19.310 0.064 4.99 489.0
2456175.62484 19.444 0.085 5.47 525.0
2456181.53715 19.509 0.064 4.25 433.0
2456184.50114 19.647 0.071 4.60 322.0
2456190.49209 19.476 0.083 6.21 350.0
2456195.56262 19.586 0.081 4.14 553.0
2456197.53547 19.419 0.082 5.06 535.0
2456205.53631 19.701 0.075 4.29 344.0
2456210.49486 19.601 0.081 5.45 401.0
2456212.55995 19.559 0.086 4.91 500.0
2456217.50122 19.577 0.077 4.76 390.0
2456223.53085 19.521 0.142 7.28 662.0
2456343.88532 19.453 0.079 6.08 367.0
2456348.88377 19.550 0.067 4.36 405.0
2456352.87184 19.381 0.058 4.42 445.0
2456360.88532 19.687 0.067 5.36 288.0
2456363.81516 19.391 0.071 5.65 327.0
2456368.90376 19.629 0.069 4.65 319.0
2456370.91786 19.487 0.086 5.21 745.0
2456373.88391 19.558 0.065 5.38 287.0
2456375.85246 19.640 0.057 4.91 241.0
2456377.79734 19.555 0.056 3.71 414.0
2456378.90998 19.518 0.053 3.07 528.0
2456380.87075 19.453 0.055 4.05 443.0
2456382.80840 19.488 0.099 4.81 848.0
2456387.73392 19.709 0.084 5.92 279.0
2456388.82784 19.640 0.060 4.34 277.0
2456390.72239 19.773 0.084 4.98 331.0
2456391.87832 19.519 0.091 7.62 354.0
2456394.92828 19.614 0.100 4.52 729.0
2456396.89412 19.758 0.065 3.98 326.0
2456398.84649 19.436 0.052 4.68 268.0
2456400.85666 19.559 0.056 4.51 268.0
2456402.79460 19.531 0.059 4.71 291.0
2456404.73263 19.436 0.053 4.18 339.0
2456406.92618 19.409 0.057 4.02 465.0
2456409.80022 19.879 0.182 6.51 715.0
2456416.75592 19.635 0.068 4.89 321.0
2456417.93158 19.461 0.072 4.40 490.0
2456419.76522 19.632 0.064 4.61 295.0
2456420.87965 19.384 0.043 3.53 287.0
2456423.74223 19.461 0.079 5.45 441.0
2456424.87996 19.344 0.048 3.91 404.0
2456428.73944 19.598 0.062 4.95 300.0
2456431.85820 19.474 0.060 4.65 384.0
2456434.80265 19.637 0.068 4.10 481.0
2456435.92097 19.484 0.070 4.47 544.0
2456442.60099 19.611 0.065 4.33 420.0
2456445.83855 19.421 0.064 4.80 418.0
2456446.75516 19.513 0.052 4.05 300.0
2456447.81065 19.518 0.054 3.60 343.0
2456448.83965 19.363 0.050 4.11 359.0
2456449.88092 19.464 0.066 4.67 456.0
2456452.61639 19.490 0.043 3.86 265.0
2456454.71791 19.589 0.055 4.41 261.0
2456456.59227 19.596 0.042 3.52 245.0
2456457.83437 19.571 0.060 4.20 384.0
2456458.88821 19.356 0.073 5.86 600.0
2456460.64675 19.454 0.066 4.60 495.0
2456461.87681 19.704 0.090 4.57 514.0
2456463.73144 19.466 0.066 4.39 485.0
2456464.82230 19.649 0.100 4.19 798.0
2456469.59911 19.723 0.093 5.35 462.0
2456472.76521 19.679 0.078 5.41 323.0
2456474.51307 19.557 0.098 6.84 438.0
2456475.57531 19.514 0.063 4.74 350.0
2456476.64978 19.358 0.057 4.69 340.0
2456477.73955 19.543 0.083 6.11 355.0
2456479.76457 19.365 0.069 7.50 239.0
2456481.55938 19.598 0.067 5.39 285.0
2456484.55259 19.815 0.085 5.33 336.0
2456486.57796 19.718 0.068 5.48 262.0
2456487.69133 19.491 0.040 3.41 274.0
2456490.48526 19.789 0.094 4.73 448.0
2456491.62193 19.657 0.096 5.58 410.0
2456497.75843 19.461 0.090 6.08 514.0
2456499.54486 19.674 0.060 4.80 290.0
2456506.60550 19.238 0.067 7.97 269.0
2456508.69088 19.612 0.057 4.34 306.0
2456510.60213 19.504 0.050 4.00 271.0
2456514.54305 19.588 0.079 6.50 314.0
2456516.62136 19.727 0.074 5.78 237.0
2456519.68712 19.518 0.065 4.71 420.0
2456524.62067 19.660 0.087 4.18 635.0
2456533.49422 19.646 0.093 5.45 396.0
2456536.63768 19.324 0.050 5.54 292.0
2456543.53613 19.629 0.072 5.18 318.0
2456546.56301 19.314 0.090 6.10 815.0
2456558.55629 19.557 0.070 5.08 385.0
2456562.51878 19.628 0.078 6.00 309.0
2456568.56512 19.634 0.105 6.44 410.0
2456571.53741 19.474 0.086 5.85 438.0
2456578.54183 19.559 0.108 6.33 575.0
2456742.79874 19.377 0.048 4.65 347.0
2456744.89824 19.477 0.045 4.07 313.0
2456746.79967 19.590 0.070 5.79 307.0
2456750.77971 19.622 0.078 5.99 337.0
2456752.83346 19.488 0.053 4.52 318.0
2456755.89996 19.539 0.054 4.24 353.0
2456757.88006 19.839 0.085 6.54 284.0
2456759.90488 19.519 0.042 3.24 348.0
2456761.83600 19.543 0.061 4.00 431.0
2456763.81895 19.570 0.067 3.77 584.0
2456769.67828 19.661 0.077 5.81 402.0
2456770.78904 19.747 0.069 4.16 390.0
2456772.69313 19.477 0.056 4.58 379.0
2456773.85282 19.745 0.092 6.42 312.0
2456775.79143 19.458 0.046 4.51 301.0
2456777.74853 19.463 0.059 5.23 295.0
2456784.90789 19.607 0.073 4.26 451.0
2456785.90376 19.610 0.071 3.99 446.0
2456786.92630 19.495 0.076 5.01 488.0
2456789.81834 19.595 0.074 3.79 592.0
2456790.90936 19.619 0.094 4.58 665.0
2456792.62197 19.447 0.117 4.92 1286.0
2456796.66963 19.763 0.105 4.83 514.0
2456797.77181 19.605 0.080 4.22 632.0
2456801.82552 19.413 0.088 7.85 273.0
2456804.62028 19.543 0.061 4.71 301.0
2456805.67381 19.724 0.099 5.93 344.0
2456807.67125 19.705 0.102 6.68 309.0
2456808.67989 19.518 0.064 4.83 341.0
2456809.72318 19.519 0.040 3.16 266.0
2456810.77851 19.590 0.057 3.79 333.0
2456811.79723 19.503 0.085 5.32 470.0
2456813.90515 19.653 0.095 6.04 392.0
2456815.63097 19.780 0.105 5.96 360.0
2456816.71674 19.527 0.097 6.64 376.0
2456817.79803 19.262 0.084 6.61 465.0
2456823.87477 19.415 0.093 4.61 854.0
2456825.53516 19.391 0.067 4.52 428.0
2456826.54788 19.552 0.084 5.10 406.0
2456827.59275 19.580 0.067 4.03 414.0
2456828.64027 19.554 0.052 4.08 255.0
2456829.64711 19.622 0.067 4.72 260.0
2456830.67113 19.635 0.052 3.61 309.0
2456831.80955 19.548 0.065 4.83 347.0
2456834.51527 19.578 0.102 5.88 496.0
2456835.56677 19.400 0.076 5.69 390.0
2456836.60694 19.498 0.085 6.16 330.0
2456837.61296 19.473 0.057 4.14 410.0
2456838.61280 19.562 0.073 5.14 343.0
2456839.62499 19.725 0.085 4.85 396.0
2456840.69046 19.421 0.070 5.68 344.0
2456841.79467 19.474 0.086 6.14 449.0
2456844.47827 19.399 0.097 5.70 692.0
2456845.47048 19.755 0.107 5.00 643.0
2456847.47487 19.689 0.121 3.94 1219.0
2456847.79284 19.697 0.124 5.10 827.0
2456851.80642 19.467 0.122 6.04 987.0
2456855.53719 19.470 0.077 6.59 321.0
2456856.56298 19.438 0.066 5.27 332.0
2456857.61785 19.516 0.050 4.24 249.0
2456858.68805 19.628 0.061 4.08 309.0
2456862.64646 19.496 0.080 6.03 357.0
2456863.72612 19.491 0.067 5.28 353.0
2456865.55065 19.556 0.066 5.19 302.0
2456872.56817 19.574 0.072 5.89 240.0
2456879.48834 19.491 0.118 5.76 724.0
2456880.71098 19.390 0.134 7.14 806.0
2456882.64385 19.318 0.055 4.56 360.0
2456885.59135 19.493 0.060 4.89 272.0
2456887.47995 19.544 0.071 4.52 423.0
2456888.65793 19.505 0.069 4.75 387.0
2456890.59674 19.443 0.073 6.53 259.0
2456895.55666 19.617 0.064 4.35 321.0
2456918.56404 19.762 0.118 6.27 476.0
2456923.48885 19.492 0.112 7.29 419.0
2456926.50095 19.256 0.088 7.30 411.0
2456929.52434 19.586 0.093 5.71 421.0
2456938.55006 19.527 0.126 5.96 786.0
2457064.87848 19.294 0.063 4.20 651.0
2457070.84722 19.464 0.057 4.34 381.0
2457072.85459 19.463 0.076 5.73 390.0
2457076.84818 19.635 0.075 4.83 401.0
2457078.82111 19.598 0.089 5.92 406.0
2457080.81725 19.806 0.112 6.65 357.0
2457082.86388 19.528 0.053 4.19 312.0
2457084.81040 19.752 0.109 4.94 607.0
2457086.86476 19.522 0.068 4.02 526.0
2457088.90637 19.333 0.085 4.13 951.0
2457091.78815 19.469 0.074 4.62 624.0
2457098.88066 19.491 0.049 3.57 329.0
2457100.86381 19.645 0.068 4.06 362.0
2457108.81227 19.731 0.116 6.49 412.0
2457109.74572 19.618 0.077 5.69 338.0
2457110.88606 19.552 0.051 3.55 342.0
2457112.84143 19.786 0.089 4.98 362.0
2457113.73766 19.521 0.070 4.73 436.0
2457115.75162 19.581 0.078 4.64 485.0
2457117.73593 19.577 0.089 4.38 778.0
2457119.79099 19.402 0.071 4.26 595.0
2457120.92085 19.685 0.092 3.87 714.0
2457126.90099 19.527 0.055 3.49 413.0
2457130.80167 19.556 0.062 4.37 302.0
2457132.70011 19.668 0.094 5.62 434.0
2457134.77226 19.368 0.061 5.30 335.0
2457135.93023 19.606 0.088 3.61 931.0
2457137.77513 19.574 0.046 3.36 284.0
2457138.90235 19.523 0.066 4.35 400.0
2457140.75788 19.606 0.072 4.51 408.0
2457141.89189 19.604 0.062 3.41 530.0
2457143.71291 19.468 0.075 4.87 406.0
2457144.84507 19.407 0.087 5.56 546.0
2457146.73025 19.576 0.078 3.71 765.0
2457147.75000 19.580 0.097 4.71 719.0
2457152.91034 19.289 0.071 5.02 569.0
2457154.66862 19.557 0.052 3.69 311.0
2457155.74408 19.527 0.054 3.65 373.0
2457157.63355 19.546 0.061 4.31 340.0
2457158.77141 19.521 0.069 4.96 321.0
2457159.83961 19.635 0.068 4.24 336.0
2457160.91002 19.483 0.065 4.38 402.0
2457162.63426 19.579 0.078 5.63 320.0
2457163.68810 19.610 0.081 5.28 379.0
2457164.84066 19.599 0.073 4.80 339.0
2457166.86223 19.445 0.074 5.36 410.0
2457169.84507 19.607 0.061 4.34 296.0
2457170.87085 19.477 0.063 4.26 385.0
2457172.91829 19.370 0.081 5.67 470.0
2457173.94224 19.581 0.153 6.07 1109.0
2457174.93127 19.378 0.120 5.63 935.0
2457178.85417 19.423 0.090 4.76 827.0
2457179.89673 19.548 0.092 4.80 640.0
2457180.89672 19.435 0.079 4.79 542.0
2457181.91224 19.430 0.082 5.39 490.0
2457182.93070 19.550 0.088 5.12 504.0
2457184.57556 19.344 0.095 7.79 366.0
2457185.58577 19.462 0.073 5.88 326.0
2457186.64825 19.439 0.099 7.32 373.0
2457187.76783 19.513 0.061 4.57 332.0
2457188.78525 19.779 0.115 6.47 362.0
2457189.86779 19.754 0.097 4.91 529.0
2457191.61116 19.466 0.076 5.44 396.0
2457194.55955 19.503 0.055 4.63 283.0
2457197.65024 19.648 0.058 4.30 274.0
2457198.68627 19.547 0.065 4.85 316.0
2457199.69082 19.595 0.053 3.79 308.0
2457200.67633 19.389 0.048 3.79 361.0
2457206.54916 19.219 0.094 4.91 1030.0
2457207.57508 19.667 0.096 4.83 586.0
2457209.71494 19.546 0.071 4.55 402.0
2457211.70446 19.558 0.062 4.63 319.0
2457214.67113 19.584 0.074 5.39 442.0
2457219.59582 19.613 0.068 5.09 297.0
2457220.72923 19.579 0.057 4.03 322.0
2457221.75873 19.655 0.060 4.00 306.0
2457223.55021 19.546 0.084 5.60 369.0
2457224.64226 19.603 0.075 6.29 245.0
2457226.54727 19.526 0.074 5.44 333.0
2457227.55894 19.457 0.056 4.83 327.0
2457228.61821 19.689 0.067 3.87 359.0
2457229.68118 19.663 0.102 4.03 900.0
2457233.56560 19.788 0.163 4.82 1317.0
2457236.63014 19.801 0.101 4.88 463.0
2457250.66726 19.603 0.089 5.67 478.0
2457253.68508 19.420 0.071 5.25 387.0
2457257.57776 19.477 0.071 4.49 520.0
2457261.59828 19.331 0.109 6.54 784.0
2457264.55415 19.471 0.073 4.32 545.0
2457267.53958 19.512 0.079 5.74 335.0
2457269.54506 19.479 0.061 4.86 317.0
2457271.55201 19.476 0.074 5.83 315.0
2457275.58166 19.305 0.098 5.71 837.0
2457278.56268 19.467 0.077 5.37 383.0
2457292.52460 19.535 0.138 7.10 698.0
2457295.51237 19.670 0.101 6.23 363.0
2457317.50051 19.382 0.122 6.43 919.0
2457415.87422 19.604 0.184 7.69 935.0
2457424.86354 19.655 0.069 4.67 382.0
2457425.85886 19.455 0.088 5.86 513.0
2457426.86271 19.535 0.127 7.70 491.0
2457427.85217 19.653 0.110 6.50 454.0
2457428.84788 19.487 0.063 4.85 409.0
2457428.88847 19.721 0.134 3.94 1693.0
2457432.84671 19.612 0.084 5.39 426.0
2457433.84487 19.666 0.086 5.37 389.0
2457434.88224 19.513 0.076 4.51 513.0
2457443.82138 19.521 0.117 6.58 637.0
2457444.82010 19.600 0.102 5.80 552.0
2457446.88268 19.493 0.052 3.61 412.0
2457452.85254 19.525 0.056 4.15 335.0
2457457.79313 19.502 0.076 4.91 476.0
2457461.87551 19.416 0.048 3.96 316.0
2457466.86741 19.632 0.079 5.18 427.0
2457471.85361 19.310 0.071 5.03 541.0
2457474.91557 19.458 0.083 4.41 761.0
2457484.72814 19.475 0.083 6.75 317.0
2457485.85288 19.543 0.071 5.74 286.0
2457487.74720 19.567 0.073 5.43 338.0
2457488.87339 19.177 0.039 3.59 402.0
2457491.88218 19.028 0.032 3.75 278.0
2457492.88647 18.971 0.035 3.99 341.0
2457493.87398 18.998 0.032 4.10 244.0
2457494.87145 18.836 0.034 4.75 333.0
2457495.83842 18.945 0.042 5.26 312.0
2457498.73532 18.986 0.059 5.54 540.0
2457499.72796 19.275 0.073 5.46 543.0
2457499.92910 19.281 0.076 4.69 724.0
2457500.87117 19.241 0.068 4.87 560.0
2457508.67371 19.374 0.050 4.48 309.0
2457509.79107 19.449 0.062 5.31 327.0
2457511.86592 19.504 0.061 4.46 371.0
2457522.78040 19.513 0.090 6.45 698.0
2457526.68236 19.462 0.080 5.24 549.0
2457528.91671 19.694 0.127 5.58 785.0
2457534.70131 19.604 0.085 5.50 426.0
2457536.70195 19.703 0.082 5.08 334.0
2457545.85451 19.456 0.064 5.16 347.0
2457546.87807 19.458 0.080 5.33 467.0
2457547.82938 19.542 0.074 5.91 276.0
2457549.72257 19.585 0.051 4.24 220.0
2457550.68072 19.482 0.067 5.91 275.0
2457554.65017 19.600 0.084 4.98 708.0
2457555.77000 19.533 0.072 4.73 422.0
2457557.71599 19.570 0.095 5.13 686.0
2457561.52117 19.617 0.138 6.38 875.0
2457562.53467 19.368 0.107 6.51 736.0
2457566.74261 19.614 0.078 5.50 332.0
2457567.68501 19.644 0.076 4.51 410.0
2457568.67055 19.543 0.058 4.76 251.0
2457569.69932 19.599 0.070 5.14 314.0
2457573.72661 19.573 0.093 7.31 261.0
2457576.48449 19.614 0.078 5.96 346.0
2457577.53343 19.548 0.082 6.60 298.0
2457583.74780 19.414 0.079 6.25 406.0
2457584.78780 19.503 0.095 6.02 529.0
2457589.78720 19.379 0.113 5.64 1015.0
2457591.51209 19.529 0.085 5.79 688.0
2457593.76880 19.606 0.067 5.06 313.0
2457599.52864 19.624 0.091 5.84 311.0
2457599.61214 19.669 0.078 5.32 254.0
2457599.69274 19.503 0.071 5.67 274.0
2457599.70559 19.433 0.067 5.62 277.0
2457600.53745 19.343 0.073 6.57 286.0
2457600.63274 19.545 0.081 6.72 262.0
2457601.70417 19.571 0.062 5.28 247.0
2457602.48939 19.470 0.082 6.15 347.0
2457603.54885 19.535 0.056 4.56 242.0
2457604.56328 19.545 0.064 4.88 289.0
2457605.60771 19.676 0.089 6.22 257.0
2457607.55583 19.727 0.080 5.52 262.0
2457608.66868 19.531 0.057 4.49 270.0
2457610.50826 19.676 0.098 5.70 368.0
2457612.52621 19.553 0.081 5.01 483.0
2457616.58174 19.390 0.126 5.40 1505.0
2457618.47976 19.484 0.114 6.39 631.0
2457621.54176 19.488 0.099 6.89 411.0
2457622.70478 19.342 0.055 4.32 399.0
2457624.62439 19.375 0.061 5.76 285.0
2457626.63661 19.567 0.074 5.49 302.0
2457631.63206 19.545 0.053 4.37 284.0
2457634.54628 19.510 0.085 6.94 264.0
2457637.54424 19.568 0.062 5.02 281.0
2457639.63769 19.439 0.069 5.12 422.0
2457647.59670 19.613 0.125 6.28 631.0
2457650.52702 19.275 0.062 5.94 321.0
2457660.55985 19.476 0.092 6.34 438.0
