2455265.81728 19.370 0.050 3.92 320.0
2455266.80084 19.336 0.055 4.18 362.0
2455267.79166 19.302 0.054 4.48 319.0
2455268.83109 19.373 0.050 3.83 310.0
2455271.84871 19.276 0.050 4.23 355.0
2455272.76262 19.395 0.078 5.94 342.0
2455273.82162 19.351 0.050 4.07 281.0
2455274.78740 19.381 0.066 5.32 322.0
2455275.83425 19.542 0.073 4.60 349.0
2455277.80537 19.476 0.067 4.74 310.0
2455279.78465 19.450 0.088 6.35 333.0
2455281.77116 19.441 0.065 4.24 409.0
2455281.90595 19.449 0.054 3.29 349.0
2455282.78361 19.507 0.074 4.06 462.0
2455283.73435 19.499 0.112 6.00 578.0
2455284.88681 19.352 0.073 5.05 442.0
2455286.74013 19.410 0.079 3.98 757.0
2455287.74928 19.334 0.067 3.81 671.0
2455288.72579 19.495 0.085 3.65 830.0
2455292.79344 19.443 0.066 3.67 587.0
2455293.80422 19.430 0.066 4.55 321.0
2455295.83241 19.508 0.055 4.22 259.0
2455297.90780 19.411 0.049 3.61 291.0
2455300.84942 19.537 0.057 3.72 291.0
2455304.76832 19.465 0.067 4.75 369.0
2455307.76768 19.407 0.051 3.49 331.0
2455309.83036 19.459 0.053 3.83 273.0
2455311.92740 19.526 0.079 4.35 523.0
2455314.67662 19.444 0.105 4.91 952.0
2455315.81733 19.400 0.094 4.78 843.0
2455319.81816 19.307 0.117 3.95 2155.0
2455324.72658 19.381 0.062 4.79 334.0
2455325.83618 19.528 0.072 4.94 340.0
2455327.65137 19.445 0.047 3.24 276.0
2455328.83921 19.578 0.066 4.07 323.0
2455335.75263 19.368 0.050 3.66 335.0
2455337.85356 19.365 0.087 5.84 463.0
2455339.90026 19.364 0.101 5.75 672.0
2455341.73663 19.429 0.065 4.10 504.0
2455342.79663 19.586 0.110 5.29 667.0
2455343.82519 19.427 0.105 4.93 981.0
2455349.60896 19.512 0.115 6.54 532.0
2455352.61092 19.268 0.073 6.03 362.0
2455354.77746 19.417 0.060 3.95 365.0
2455358.72487 19.597 0.082 5.49 304.0
2455364.58878 19.438 0.057 4.30 317.0
2455376.63682 19.504 0.102 5.91 485.0
2455377.52538 19.470 0.082 5.49 365.0
2455379.59300 19.400 0.057 4.72 230.0
2455381.69326 19.540 0.091 6.47 309.0
2455386.77497 19.466 0.057 3.70 295.0
2455390.54541 19.505 0.084 6.20 287.0
2455393.69675 19.449 0.076 6.33 226.0
2455402.64549 19.372 0.107 6.11 654.0
2455402.66134 19.386 0.111 6.05 712.0
2455403.72005 19.485 0.085 3.88 790.0
2455407.65717 19.429 0.074 5.19 315.0
2455411.48085 19.523 0.057 4.33 274.0
2455416.67772 19.484 0.077 6.06 253.0
2455426.74021 19.316 0.104 5.21 1018.0
2455435.65996 19.441 0.069 4.06 444.0
2455444.57799 19.470 0.064 4.80 254.0
2455450.49781 19.395 0.081 6.40 336.0
2455458.51097 19.555 0.096 4.98 531.0
2455461.53381 19.454 0.146 5.83 1425.0
2455467.58302 19.473 0.069 4.45 416.0
2455476.50109 19.501 0.079 4.70 396.0
2455485.53186 19.370 0.098 5.68 630.0
2455601.85311 19.478 0.084 6.26 322.0
2455604.85442 19.554 0.111 7.18 375.0
2455605.85054 19.454 0.073 5.48 359.0
2455606.84972 19.544 0.086 5.86 343.0
2455607.85367 19.523 0.075 5.73 343.0
2455608.84225 19.560 0.103 6.43 423.0
2455611.84030 19.531 0.133 7.08 594.0
2455612.84956 19.444 0.089 5.97 491.0
2455613.85686 19.649 0.139 6.80 527.0
2455615.84112 19.451 0.076 4.74 470.0
2455616.83523 19.436 0.111 6.34 593.0
2455621.82625 19.640 0.099 6.74 339.0
2455622.78180 19.440 0.079 6.08 339.0
2455624.77062 19.351 0.075 6.09 348.0
2455626.82944 19.417 0.073 5.47 309.0
2455628.77014 19.488 0.101 6.80 391.0
2455629.76605 19.379 0.075 6.31 303.0
2455631.79223 19.315 0.094 7.52 351.0
2455632.86009 19.505 0.066 4.92 276.0
2455633.75923 19.505 0.073 5.33 343.0
2455634.91086 19.652 0.149 6.01 836.0
2455635.78934 19.503 0.095 6.98 429.0
2455637.76743 19.439 0.113 7.35 752.0
2455638.90009 19.328 0.057 5.52 298.0
2455639.76451 19.412 0.081 5.00 578.0
2455641.81758 19.494 0.090 6.15 490.0
2455647.74613 19.372 0.063 5.43 311.0
2455648.90539 19.405 0.068 7.16 283.0
2455653.81822 19.346 0.047 4.37 243.0
2455658.76455 19.530 0.081 6.10 384.0
2455662.83668 19.441 0.072 5.68 345.0
2455667.91491 19.443 0.048 3.94 246.0
2455675.72667 19.607 0.076 4.29 442.0
2455679.81041 19.434 0.078 5.75 315.0
2455682.79870 19.379 0.068 5.89 345.0
2455686.72217 19.367 0.056 4.87 321.0
2455691.85765 19.479 0.074 5.31 362.0
2455694.75666 19.431 0.071 5.03 430.0
2455697.59757 19.492 0.099 4.86 834.0
2455702.58158 19.414 0.122 6.73 699.0
2455702.76199 19.298 0.150 5.94 1843.0
2455706.76135 19.559 0.094 7.05 331.0
2455709.60258 19.531 0.070 5.56 283.0
2455715.78281 19.494 0.061 5.12 255.0
2455722.73387 19.470 0.060 3.73 375.0
2455722.74716 19.442 0.063 4.23 353.0
2455725.73114 19.457 0.060 3.31 554.0
2455734.83604 19.556 0.114 6.88 432.0
2455737.71605 19.406 0.046 3.89 222.0
2455740.55216 19.461 0.088 5.73 363.0
2455742.58336 19.457 0.061 4.46 313.0
2455745.63169 19.402 0.058 4.70 283.0
2455748.62355 19.361 0.060 4.66 369.0
2455760.48394 19.416 0.099 6.62 453.0
2455764.78883 19.486 0.079 5.58 398.0
2455768.71815 19.399 0.051 4.10 291.0
2455777.54850 19.346 0.052 4.42 306.0
2455784.48228 19.421 0.092 4.80 684.0
2455784.61345 19.508 0.082 4.45 549.0
2455785.66009 19.463 0.099 5.86 548.0
2455790.49165 19.420 0.072 5.83 284.0
2455794.60752 19.397 0.067 5.59 272.0
2455802.55198 19.456 0.081 6.33 290.0
2455807.63983 19.492 0.094 6.08 347.0
2455813.59312 19.349 0.065 4.22 538.0
2455818.58745 19.531 0.121 6.59 525.0
2455823.59578 19.441 0.098 6.50 395.0
2455828.57823 19.537 0.086 5.42 356.0
2455833.51763 19.379 0.065 4.76 360.0
2455840.53984 19.530 0.097 4.96 535.0
2455845.49447 19.439 0.105 6.29 570.0
2455852.51264 19.443 0.125 6.34 663.0
2455956.87452 19.432 0.082 5.46 587.0
2455958.87907 19.360 0.095 5.43 752.0
2455959.86411 19.312 0.068 5.96 380.0
2455960.87410 19.463 0.062 4.42 358.0
2455961.85993 19.489 0.076 5.73 364.0
2455962.85631 19.532 0.086 6.18 368.0
2455963.85087 19.537 0.132 6.85 631.0
2455964.86079 19.549 0.122 6.40 636.0
2455965.86553 19.496 0.079 4.53 591.0
2455966.88739 19.505 0.141 5.84 1200.0
2455967.87109 19.479 0.075 5.05 488.0
2455968.86480 19.322 0.076 5.48 528.0
2455983.90191 19.528 0.066 3.45 594.0
2455989.86582 19.309 0.063 5.96 242.0
2455994.87574 19.351 0.066 4.66 476.0
2455998.89218 19.387 0.055 4.08 384.0
2456002.76541 19.415 0.086 5.55 518.0
2456006.89779 19.568 0.058 4.20 252.0
2456010.73724 19.414 0.085 5.91 525.0
2456013.81256 19.442 0.053 4.88 221.0
2456016.81443 19.427 0.051 3.93 262.0
2456019.82497 19.445 0.061 5.18 243.0
2456022.71844 19.531 0.098 5.47 585.0
2456024.86383 19.321 0.056 3.69 481.0
2456032.83864 19.425 0.057 4.86 278.0
2456036.87023 19.396 0.043 3.08 322.0
2456040.79671 19.331 0.066 5.58 311.0
2456047.93127 19.500 0.077 3.86 730.0
2456050.87684 19.523 0.074 4.72 392.0
2456053.92229 19.353 0.101 4.65 1094.0
2456057.68985 19.356 0.059 5.02 395.0
2456057.85064 19.318 0.055 4.02 430.0
2456061.74300 19.523 0.058 3.85 345.0
2456064.73258 19.423 0.048 3.90 291.0
2456066.87858 19.424 0.057 3.85 400.0
2456071.59212 19.410 0.063 5.25 315.0
2456076.61857 19.347 0.066 5.39 329.0
2456078.76780 19.445 0.054 3.28 456.0
2456080.72700 19.437 0.067 4.63 422.0
2456085.86910 19.464 0.101 5.66 564.0
2456088.65524 19.375 0.043 3.86 243.0
2456093.73341 19.521 0.061 4.70 257.0
2456096.80644 19.411 0.066 5.23 327.0
2456099.64808 19.414 0.088 6.66 348.0
2456101.75786 19.450 0.057 4.04 305.0
2456103.65144 19.430 0.053 3.73 355.0
2456105.59070 19.422 0.054 4.15 312.0
2456113.63289 19.417 0.084 5.65 535.0
2456115.57713 19.460 0.063 4.37 392.0
2456117.59620 19.408 0.049 4.17 273.0
2456119.53990 19.576 0.073 5.77 226.0
2456121.54360 19.406 0.049 4.74 225.0
2456124.60492 19.444 0.060 5.63 204.0
2456126.68130 19.422 0.064 5.28 250.0
2456131.66710 19.583 0.063 4.97 215.0
2456131.73556 19.354 0.059 4.96 264.0
2456135.55113 19.401 0.076 5.67 356.0
2456140.58751 19.392 0.100 6.00 582.0
2456147.53205 19.495 0.064 5.48 215.0
2456151.53107 19.452 0.083 6.63 280.0
2456157.69491 19.444 0.096 7.66 299.0
2456161.53373 19.462 0.074 6.11 231.0
2456167.61018 19.328 0.061 3.81 520.0
2456168.65264 19.422 0.063 3.87 552.0
2456175.58773 19.470 0.074 4.92 392.0
2456182.55248 19.405 0.057 4.59 289.0
2456190.56457 19.422 0.071 5.14 370.0
2456197.56411 19.465 0.091 5.04 556.0
2456205.59041 19.479 0.073 5.12 335.0
2456216.50766 19.323 0.071 5.31 392.0
2456345.85600 19.474 0.057 4.65 252.0
2456353.89110 19.391 0.056 4.14 363.0
2456362.79965 19.562 0.067 4.65 292.0
2456370.80192 19.488 0.056 4.57 245.0
2456374.89420 19.364 0.055 5.23 279.0
2456378.81967 19.390 0.052 3.39 506.0
2456381.88040 19.469 0.057 3.94 397.0
2456387.88766 19.437 0.084 6.79 272.0
2456390.86367 19.423 0.059 4.94 266.0
2456395.74335 19.377 0.053 4.14 342.0
2456398.73584 19.388 0.054 4.19 265.0
2456401.79085 19.474 0.053 4.34 253.0
2456404.76122 19.306 0.050 4.11 325.0
2456408.74883 19.559 0.135 5.66 968.0
2456417.66996 19.495 0.075 5.48 354.0
2456419.76697 19.453 0.061 4.85 277.0
2456422.77983 19.478 0.061 4.86 296.0
2456426.70678 19.557 0.049 4.11 256.0
2456431.81960 19.527 0.065 4.93 324.0
2456433.88040 19.460 0.065 4.87 609.0
2456436.63734 19.446 0.066 4.00 664.0
2456445.58433 19.458 0.080 6.04 331.0
2456447.59954 19.363 0.051 4.40 293.0
2456448.90897 19.538 0.099 6.06 481.0
2456450.84705 19.420 0.061 4.14 401.0
2456452.85330 19.415 0.046 3.74 315.0
2456456.62156 19.458 0.040 3.66 228.0
2456458.77668 19.354 0.048 3.71 359.0
2456460.87202 19.422 0.060 4.16 599.0
2456463.65148 19.461 0.075 5.21 425.0
2456468.70118 19.560 0.095 6.18 470.0
2456472.83432 19.609 0.104 6.34 451.0
2456473.65175 19.433 0.047 4.48 211.0
2456475.59387 19.410 0.059 4.83 314.0
2456477.58014 19.477 0.055 4.83 242.0
2456480.60704 19.547 0.069 5.70 255.0
2456484.52680 19.561 0.077 5.65 321.0
2456487.51939 19.523 0.063 5.11 312.0
2456490.62699 19.452 0.062 4.82 341.0
2456498.64033 19.407 0.055 4.53 328.0
2456504.69945 19.490 0.062 5.59 239.0
2456508.57473 19.418 0.057 5.19 273.0
2456511.49545 19.377 0.065 5.74 303.0
2456516.62272 19.411 0.047 4.64 213.0
2456523.70380 19.306 0.092 6.02 730.0
2456531.58700 19.514 0.069 5.48 290.0
2456545.56092 19.469 0.056 4.67 276.0
2456559.51620 19.496 0.085 6.12 434.0
2456565.54446 19.376 0.068 5.01 377.0
2456572.54760 19.550 0.080 4.80 388.0
2456741.82172 19.402 0.059 4.60 387.0
2456741.90912 19.461 0.052 3.71 390.0
2456749.84761 19.494 0.053 4.25 326.0
2456752.70962 19.544 0.085 6.90 316.0
2456752.72760 19.428 0.062 5.60 304.0
2456754.76619 19.563 0.069 5.83 284.0
2456755.79560 19.387 0.063 6.00 293.0
2456756.71333 19.416 0.054 4.87 359.0
2456757.77515 19.411 0.054 4.25 325.0
2456759.80406 19.375 0.044 3.71 355.0
2456761.74488 19.346 0.062 5.09 460.0
2456763.72583 19.393 0.064 4.41 622.0
2456764.89610 19.373 0.058 3.55 661.0
2456768.84220 19.542 0.091 3.92 965.0
2456770.70142 19.435 0.047 3.77 331.0
2456771.87373 19.438 0.053 3.63 430.0
2456773.75207 19.333 0.091 8.42 331.0
2456775.68288 19.413 0.048 4.34 302.0
2456776.85261 19.404 0.055 4.52 355.0
2456784.81144 19.388 0.054 3.89 364.0
2456785.79008 19.482 0.047 3.26 315.0
2456786.81015 19.425 0.049 3.20 355.0
2456786.83530 19.513 0.065 3.81 392.0
2456789.72692 19.426 0.069 4.42 470.0
2456790.80762 19.624 0.092 4.52 570.0
2456791.86648 19.492 0.082 3.91 785.0
2456797.67733 19.429 0.080 4.12 1021.0
2456799.79078 19.397 0.094 7.08 303.0
2456803.90912 19.479 0.064 4.68 350.0
2456804.92464 19.324 0.098 6.66 479.0
2456806.87274 19.406 0.086 6.37 359.0
2456808.56299 19.567 0.096 6.18 362.0
2456809.61848 19.408 0.059 4.84 306.0
2456810.66678 19.438 0.060 4.18 352.0
2456811.67874 19.551 0.081 5.45 349.0
2456813.81035 19.511 0.068 5.24 261.0
2456814.89114 19.444 0.079 5.69 364.0
2456816.59061 19.500 0.094 6.18 390.0
2456817.70445 19.481 0.059 4.24 366.0
2456819.58357 19.558 0.104 4.92 741.0
2456823.78812 19.518 0.083 4.74 554.0
2456824.82988 19.316 0.080 5.15 591.0
2456825.84231 19.438 0.092 4.86 700.0
2456826.87545 19.476 0.085 4.42 638.0
2456828.54894 19.485 0.065 4.87 345.0
2456829.54861 19.528 0.085 5.68 328.0
2456830.56975 19.509 0.067 4.55 360.0
2456831.71778 19.421 0.050 3.94 285.0
2456832.75028 19.457 0.065 4.83 320.0
2456833.81165 19.373 0.091 5.45 650.0
2456834.81751 19.415 0.102 6.75 444.0
2456836.49051 19.609 0.116 6.60 408.0
2456837.52614 19.475 0.065 4.10 454.0
2456838.52166 19.407 0.080 5.60 392.0
2456839.53429 19.481 0.078 5.49 363.0
2456840.58061 19.417 0.084 5.92 406.0
2456841.70720 19.448 0.064 4.84 316.0
2456842.75019 19.424 0.064 4.87 347.0
2456844.78443 19.551 0.084 5.44 377.0
2456845.76448 19.440 0.060 4.14 378.0
2456847.71824 19.430 0.095 3.78 1165.0
2456851.71157 19.367 0.072 4.33 616.0
2456856.47379 19.475 0.079 5.42 422.0
2456857.51693 19.378 0.053 3.68 350.0
2456858.57662 19.405 0.045 3.43 275.0
2456859.77013 19.587 0.119 6.46 501.0
2456863.63419 19.487 0.053 4.26 264.0
2456864.70859 19.514 0.063 4.87 258.0
2456874.64401 19.563 0.069 4.71 299.0
2456878.56135 19.480 0.110 5.57 644.0
2456880.60605 19.519 0.136 7.00 585.0
2456882.55253 19.381 0.070 5.43 307.0
2456885.47742 19.377 0.067 4.95 321.0
2456886.64062 19.492 0.070 4.97 346.0
2456888.56113 19.393 0.060 5.18 244.0
2456890.48006 19.417 0.060 4.70 300.0
2456891.66114 19.460 0.080 5.89 318.0
2456896.64277 19.376 0.079 6.04 340.0
2456907.60366 19.428 0.084 5.41 509.0
2456915.60978 19.386 0.097 7.12 366.0
2456922.54276 19.461 0.081 5.50 383.0
2456925.55636 19.308 0.075 5.80 368.0
2456928.54838 19.410 0.090 6.25 371.0
2456932.53169 19.387 0.111 5.82 834.0
2456940.51300 19.515 0.104 5.50 507.0
2457065.87380 19.524 0.098 4.72 797.0
2457072.85798 19.463 0.070 5.04 332.0
2457077.87447 19.444 0.074 5.52 347.0
2457081.87487 19.369 0.062 5.65 346.0
2457086.79534 19.501 0.094 4.81 684.0
2457089.85911 19.323 0.066 4.46 448.0
2457092.88395 19.479 0.058 3.34 463.0
2457097.80680 19.448 0.050 3.62 313.0
2457100.76117 19.490 0.075 5.12 395.0
2457109.90043 19.433 0.053 3.97 293.0
2457112.80577 19.622 0.078 4.69 369.0
2457114.86602 19.447 0.055 3.95 369.0
2457116.85717 19.468 0.070 4.22 504.0
2457118.86646 19.510 0.064 3.87 520.0
2457120.84244 19.463 0.083 3.99 893.0
2457126.76815 19.452 0.057 4.19 360.0
2457130.70535 19.486 0.071 5.76 258.0
2457131.86126 19.452 0.048 3.53 301.0
2457134.67914 19.641 0.088 5.54 381.0
2457135.82725 19.405 0.042 3.44 277.0
2457137.68677 19.454 0.050 3.94 270.0
2457138.79070 19.449 0.056 4.23 303.0
2457140.67690 19.467 0.065 4.47 387.0
2457141.77885 19.402 0.044 3.10 367.0
2457142.91558 19.485 0.061 3.70 348.0
2457144.71869 19.491 0.089 5.03 500.0
2457146.65569 19.499 0.113 5.29 927.0
2457147.67477 19.527 0.116 5.11 920.0
2457152.82334 19.509 0.074 4.35 444.0
2457153.86776 19.411 0.053 3.24 462.0
2457155.65401 19.492 0.070 4.94 335.0
2457156.72543 19.541 0.052 3.64 312.0
2457158.68408 19.416 0.056 4.24 304.0
2457159.72884 19.520 0.072 4.99 350.0
2457160.81887 19.487 0.056 3.96 312.0
2457161.88916 19.668 0.080 4.35 419.0
2457162.93869 19.567 0.115 4.82 907.0
2457164.72993 19.470 0.061 4.67 307.0
2457166.80318 19.463 0.064 4.59 344.0
2457169.77601 19.523 0.057 4.53 267.0
2457170.81012 19.375 0.053 4.51 296.0
2457172.86004 19.633 0.119 6.69 432.0
2457173.88554 19.596 0.101 5.26 698.0
2457174.87284 19.380 0.118 5.67 919.0
2457178.65835 19.474 0.079 3.68 750.0
2457179.83688 19.509 0.101 5.81 503.0
2457180.83736 19.483 0.072 4.54 406.0
2457181.85009 19.302 0.081 6.27 391.0
2457182.87112 19.348 0.071 5.47 362.0
2457183.87516 19.455 0.077 5.49 336.0
2457184.91043 19.396 0.087 6.08 437.0
2457186.59012 19.363 0.067 5.67 297.0
2457187.70723 19.416 0.057 4.83 271.0
2457188.71022 19.378 0.062 5.06 320.0
2457189.80957 19.398 0.064 4.65 403.0
2457190.87196 19.413 0.076 4.48 568.0
2457193.83960 19.539 0.061 3.92 367.0
2457197.58776 19.574 0.073 5.10 306.0
2457198.61307 19.536 0.066 5.06 272.0
2457199.61898 19.354 0.056 4.78 313.0
2457200.61582 19.469 0.053 3.46 388.0
2457202.85329 19.456 0.128 5.25 1090.0
2457207.51292 19.437 0.098 4.72 837.0
2457209.65806 19.415 0.074 5.34 379.0
2457211.62258 19.428 0.051 4.33 259.0
2457214.60004 19.348 0.054 4.74 306.0
2457219.51312 19.552 0.088 5.61 420.0
2457220.67061 19.459 0.049 3.98 264.0
2457221.70021 19.464 0.056 4.02 292.0
2457222.79528 19.577 0.109 6.46 437.0
2457224.56108 19.530 0.059 4.47 281.0
2457226.48852 19.397 0.076 5.75 346.0
2457227.50092 19.452 0.095 5.22 724.0
2457228.54695 19.456 0.066 4.69 372.0
2457229.61891 19.471 0.057 3.61 427.0
2457233.48360 19.446 0.111 5.18 851.0
2457250.57628 19.345 0.058 4.62 431.0
2457253.62127 19.382 0.054 4.45 277.0
2457256.64058 19.499 0.095 6.08 385.0
2457261.54061 19.638 0.121 5.44 675.0
2457264.48180 19.523 0.098 5.46 568.0
2457266.50352 19.394 0.100 7.51 362.0
2457268.67506 19.473 0.076 5.35 413.0
2457270.66419 19.457 0.072 5.59 330.0
2457273.66642 19.351 0.078 6.25 380.0
2457278.48439 19.448 0.110 7.44 386.0
2457284.58931 19.626 0.091 4.93 663.0
2457296.53520 19.569 0.117 7.15 338.0
2457437.82617 19.486 0.061 4.80 302.0
2457440.83764 19.409 0.066 3.69 608.0
2457444.88715 19.569 0.069 4.09 398.0
2457447.80366 19.470 0.082 5.11 478.0
2457451.82797 19.352 0.054 4.25 410.0
2457452.89631 19.473 0.046 3.39 285.0
2457455.85226 19.636 0.078 5.42 267.0
2457457.87970 19.493 0.071 4.41 351.0
2457460.87697 19.412 0.055 4.36 304.0
2457462.88085 19.543 0.055 3.88 276.0
2457465.83570 19.385 0.062 4.67 379.0
2457467.91426 19.386 0.064 4.43 471.0
2457471.83558 19.598 0.082 4.38 503.0
2457473.75456 19.448 0.093 5.24 723.0
2457474.92074 19.341 0.104 4.24 1499.0
2457480.90768 19.342 0.100 7.44 363.0
2457485.81909 19.611 0.066 4.82 256.0
2457487.71941 19.336 0.072 6.08 331.0
2457488.84395 19.363 0.052 4.16 360.0
2457491.84329 19.454 0.047 4.02 254.0
2457492.87015 19.395 0.047 3.74 304.0
2457493.85742 19.511 0.046 4.00 233.0
2457494.84415 19.516 0.055 4.26 271.0
2457495.81387 19.386 0.058 4.89 282.0
2457498.71986 19.523 0.086 5.18 475.0
2457499.71237 19.427 0.081 5.18 542.0
2457499.91377 19.459 0.067 4.25 468.0
2457500.85489 19.486 0.089 5.10 543.0
2457507.92939 19.322 0.062 4.06 565.0
2457509.76255 19.429 0.065 5.29 303.0
2457511.83703 19.449 0.052 3.83 335.0
2457518.87577 19.588 0.098 5.65 541.0
2457526.65272 19.428 0.070 4.56 533.0
2457528.88833 19.481 0.108 5.32 747.0
2457534.67246 19.358 0.068 5.23 446.0
2457536.66479 19.387 0.062 5.12 299.0
2457545.82625 19.531 0.069 5.18 300.0
2457546.85009 19.423 0.080 5.72 373.0
2457547.80113 19.480 0.058 4.96 231.0
2457549.67603 19.522 0.053 4.56 216.0
2457550.65219 19.510 0.066 5.43 255.0
2457554.61126 19.548 0.080 5.08 446.0
2457555.74114 19.528 0.073 4.82 386.0
2457560.76794 19.432 0.095 4.65 923.0
2457561.50682 19.459 0.116 6.53 730.0
2457561.84520 19.509 0.102 4.94 789.0
2457562.50737 19.623 0.102 6.85 326.0
2457566.71292 19.497 0.075 6.07 247.0
2457567.65514 19.532 0.061 4.19 368.0
2457568.62985 19.559 0.065 5.09 244.0
2457569.50893 19.425 0.102 7.63 390.0
2457569.65785 19.407 0.058 4.92 292.0
2457573.66144 19.402 0.060 5.56 215.0
2457575.79560 19.428 0.058 4.70 284.0
2457576.80504 19.508 0.076 5.79 277.0
2457577.46537 19.573 0.123 7.55 462.0
2457582.66255 19.375 0.072 6.18 301.0
2457584.72452 19.609 0.096 5.36 443.0
2457589.72789 19.411 0.104 5.84 675.0
2457590.73737 19.491 0.082 4.41 660.0
2457593.71774 19.485 0.051 4.27 251.0
2457599.49362 19.352 0.082 6.36 328.0
2457599.56165 19.419 0.085 6.70 275.0
2457599.58372 19.433 0.075 6.14 252.0
2457599.66799 19.416 0.070 5.22 259.0
2457600.50315 19.581 0.108 7.47 279.0
2457600.59690 19.468 0.083 6.36 272.0
2457600.72186 19.610 0.084 5.99 481.0
2457601.72425 19.485 0.063 5.33 234.0
2457601.74569 19.369 0.062 5.55 245.0
2457603.47691 19.454 0.064 5.09 277.0
2457604.50040 19.531 0.069 5.17 286.0
2457605.52134 19.451 0.062 5.51 230.0
2457606.74444 19.492 0.106 7.76 312.0
2457608.59073 19.441 0.047 4.10 223.0
2457609.69825 19.438 0.064 4.78 275.0
2457611.66784 19.557 0.082 5.17 352.0
2457616.50235 19.354 0.084 5.67 533.0
2457617.65125 19.404 0.082 4.70 558.0
2457622.64200 19.570 0.068 4.34 328.0
2457624.52721 19.431 0.064 5.13 285.0
2457626.53184 19.451 0.070 5.10 312.0
2457631.55811 19.447 0.050 4.05 265.0
2457633.63005 19.381 0.078 6.28 296.0
2457636.63992 19.381 0.072 5.90 325.0
2457639.56305 19.439 0.066 4.37 355.0
2457647.52208 18.863 0.069 6.16 684.0
2457650.49295 19.041 0.039 4.39 283.0
2457650.57837 18.948 0.047 4.97 456.0
2457651.50826 19.113 0.055 5.37 371.0
2457652.49497 19.135 0.041 4.37 271.0
2457653.49489 19.245 0.053 5.19 295.0
2457653.52986 19.043 0.040 4.61 313.0
2457654.49950 19.115 0.061 6.09 353.0
2457655.49564 19.151 0.063 6.29 304.0
2457656.48692 19.043 0.061 6.01 438.0
2457656.49764 19.121 0.058 5.47 376.0
2457657.54353 19.201 0.055 4.81 355.0
2457658.49809 19.196 0.060 5.07 365.0
2457659.50025 19.223 0.066 5.29 372.0
2457660.49661 19.278 0.085 6.67 391.0
2457661.49819 19.458 0.094 6.84 355.0
2457662.49143 19.280 0.081 6.06 424.0
2457662.49831 19.151 0.067 5.89 410.0
2457664.48844 19.269 0.086 6.13 492.0
2457664.49699 19.220 0.080 6.43 430.0
2457665.50091 19.229 0.084 6.77 412.0
2457666.49918 19.173 0.082 6.90 445.0
2457667.49633 19.232 0.074 4.86 678.0
2457667.50378 19.180 0.071 4.92 668.0
2457671.48545 19.207 0.113 6.28 1009.0
2457672.48638 19.308 0.086 5.23 629.0
2457673.49341 19.256 0.083 5.04 767.0
2457675.48986 19.338 0.105 6.47 618.0
2457681.49165 19.318 0.125 7.13 823.0
2457682.48929 19.330 0.121 5.76 1057.0
2457683.48850 19.123 0.134 6.26 1570.0
