2455288.86467 18.055 0.023 3.61 617.0
2455293.82944 18.112 0.022 4.62 306.0
2455294.81492 18.080 0.017 3.55 251.0
2455296.85738 18.071 0.016 2.97 252.0
2455298.92816 18.087 0.030 3.34 1420.0
2455301.84345 18.059 0.020 4.54 299.0
2455306.77822 18.061 0.020 4.92 276.0
2455308.79520 18.028 0.018 4.43 288.0
2455312.92902 18.124 0.026 4.25 583.0
2455314.90351 18.093 0.025 3.94 731.0
2455316.78762 18.061 0.036 5.54 888.0
2455320.74979 18.090 0.024 4.60 465.0
2455321.89098 18.098 0.023 4.22 448.0
2455323.80419 18.102 0.024 5.04 416.0
2455324.93331 18.086 0.026 3.97 705.0
2455326.77925 18.125 0.020 4.26 285.0
2455327.92032 18.101 0.024 4.61 433.0
2455334.76980 18.069 0.019 4.00 309.0
2455336.81180 18.040 0.022 4.72 361.0
2455338.90682 18.109 0.037 7.11 513.0
2455340.85418 18.110 0.032 6.04 534.0
2455342.61372 18.130 0.033 5.33 717.0
2455343.64455 18.055 0.033 5.22 865.0
2455348.78489 18.107 0.026 5.44 373.0
2455350.71116 18.079 0.024 5.25 332.0
2455353.69350 18.077 0.018 3.78 278.0
2455355.86592 18.134 0.032 5.71 537.0
2455361.65811 18.111 0.030 6.78 323.0
2455365.69999 18.105 0.022 4.82 330.0
2455378.61267 18.077 0.020 4.18 296.0
2455380.64555 18.086 0.019 4.77 220.0
2455385.53344 18.067 0.018 3.59 480.0
2455385.63290 18.107 0.017 3.98 344.0
2455385.73525 18.103 0.019 4.23 343.0
2455388.71866 18.096 0.020 4.64 183.0
2455391.81360 18.072 0.023 4.83 415.0
2455397.68142 18.068 0.025 5.78 328.0
2455405.63517 18.102 0.029 5.85 352.0
2455409.47504 18.088 0.024 5.69 308.0
2455413.51129 18.133 0.021 4.42 326.0
2455422.55336 18.144 0.024 5.55 302.0
2455433.68107 18.146 0.033 4.97 811.0
2455439.57304 18.125 0.026 5.18 312.0
2455447.50709 18.072 0.018 4.06 294.0
2455457.56428 18.121 0.022 5.74 428.0
2455465.51868 18.103 0.030 6.93 346.0
2455472.59298 18.064 0.027 6.06 427.0
2455490.52586 18.097 0.043 6.71 706.0
2455602.85534 18.137 0.026 6.18 378.0
2455604.86323 18.100 0.025 5.97 361.0
2455605.85939 18.106 0.019 4.54 331.0
2455606.85942 18.095 0.021 4.89 326.0
2455607.86253 18.149 0.022 5.36 337.0
2455608.85353 18.134 0.031 7.25 324.0
2455611.84913 18.040 0.032 6.73 557.0
2455612.85839 18.127 0.025 5.14 471.0
2455615.84993 18.153 0.023 4.49 443.0
2455616.84405 18.136 0.031 6.46 499.0
2455621.83505 18.091 0.020 5.16 293.0
2455622.82303 18.075 0.018 4.47 282.0
2455624.77941 18.135 0.021 4.75 339.0
2455626.83826 18.068 0.025 6.17 305.0
2455628.77941 18.128 0.033 7.26 366.0
2455629.77486 18.151 0.026 6.09 290.0
2455631.83974 18.105 0.027 6.48 324.0
2455632.86888 18.137 0.023 5.39 267.0
2455633.76804 18.091 0.023 5.81 332.0
2455635.80093 18.135 0.030 7.36 435.0
2455637.77970 18.068 0.030 6.69 696.0
2455638.90941 18.142 0.023 5.53 410.0
2455639.76577 18.084 0.029 5.71 561.0
2455642.77764 18.146 0.029 5.52 578.0
2455647.76423 18.148 0.023 5.09 352.0
2455649.80015 18.047 0.017 4.37 234.0
2455654.80555 18.091 0.020 4.94 255.0
2455658.86353 18.144 0.021 5.30 238.0
2455662.91655 18.076 0.020 4.31 340.0
2455668.82001 18.036 0.028 4.86 880.0
2455675.80353 18.113 0.024 5.12 379.0
2455679.90118 18.071 0.019 4.08 312.0
2455682.92774 18.054 0.021 4.67 439.0
2455686.81896 18.109 0.018 3.83 322.0
2455692.66980 18.078 0.021 4.98 358.0
2455694.84352 18.103 0.020 4.56 357.0
2455697.70296 18.127 0.022 3.96 525.0
2455702.59209 18.120 0.035 6.38 824.0
2455706.87832 18.143 0.031 7.08 474.0
2455710.85230 18.117 0.023 6.28 324.0
2455715.86630 18.105 0.023 6.23 307.0
2455722.83738 18.080 0.022 5.33 395.0
2455726.53338 18.139 0.047 5.49 1810.0
2455735.68399 18.094 0.023 6.36 269.0
2455737.79594 18.073 0.019 4.72 261.0
2455740.65308 18.115 0.022 5.78 228.0
2455742.68363 18.116 0.017 4.31 213.0
2455745.73050 18.147 0.022 5.42 277.0
2455749.51905 18.075 0.027 6.44 380.0
2455760.57807 18.116 0.026 5.68 410.0
2455765.54428 18.041 0.021 4.74 404.0
2455768.79727 18.085 0.024 5.26 426.0
2455777.67539 18.053 0.018 4.38 276.0
2455784.49153 18.070 0.046 4.66 2175.0
2455784.62270 18.065 0.026 3.92 851.0
2455786.48299 18.103 0.032 5.87 579.0
2455790.59378 18.156 0.025 5.97 319.0
2455794.69431 18.076 0.023 5.49 354.0
2455803.52872 18.160 0.028 6.56 309.0
2455815.51048 18.141 0.021 4.23 420.0
2455819.54579 18.065 0.022 4.72 446.0
2455824.56155 18.101 0.020 4.28 307.0
2455829.53885 18.104 0.023 5.39 370.0
2455833.59544 18.118 0.028 7.19 363.0
2455841.53274 18.107 0.034 6.29 572.0
2455845.57438 18.056 0.039 6.92 765.0
2455854.53130 18.165 0.031 5.44 566.0
2455972.88525 18.120 0.027 4.15 1075.0
2455984.89529 18.095 0.019 4.05 357.0
2455990.82992 18.085 0.018 4.75 279.0
2455995.77155 18.058 0.025 4.88 643.0
2455999.82413 18.090 0.021 4.15 471.0
2456002.89557 18.144 0.025 4.08 600.0
2456003.86088 18.124 0.030 6.92 367.0
2456007.80078 18.085 0.018 4.40 250.0
2456010.83663 18.094 0.017 3.98 300.0
2456013.91522 18.061 0.018 4.20 363.0
2456016.91780 18.105 0.022 4.18 523.0
2456019.90191 18.097 0.017 4.52 232.0
2456022.79452 18.101 0.020 4.55 348.0
2456025.72063 18.063 0.032 6.41 569.0
2456032.92224 18.112 0.019 4.18 355.0
2456037.74632 18.098 0.023 5.81 290.0
2456040.90095 18.072 0.021 4.98 322.0
2456048.76926 18.080 0.017 4.29 249.0
2456051.67046 18.086 0.020 4.16 472.0
2456057.70022 18.130 0.025 5.09 525.0
2456057.85952 18.076 0.019 3.82 451.0
2456058.65516 18.139 0.027 6.48 339.0
2456061.84369 18.102 0.019 4.08 363.0
2456064.83522 18.152 0.019 3.96 348.0
2456067.60040 18.094 0.020 4.61 319.0
2456069.69500 18.045 0.016 4.72 276.0
2456071.67267 18.047 0.018 4.73 245.0
2456076.70676 18.079 0.016 3.73 278.0
2456078.84596 18.078 0.017 3.75 345.0
2456080.80642 18.111 0.021 4.67 404.0
2456086.60244 18.113 0.023 5.31 364.0
2456089.66022 18.098 0.019 4.84 297.0
2456093.83530 18.030 0.023 6.31 282.0
2456096.88939 18.082 0.030 6.33 486.0
2456100.52017 18.112 0.028 6.00 438.0
2456101.84117 18.075 0.025 5.57 468.0
2456103.74124 18.087 0.019 4.42 305.0
2456105.69963 18.083 0.017 4.37 257.0
2456113.71467 18.080 0.023 4.02 629.0
2456115.68963 18.111 0.025 6.35 303.0
2456117.69815 18.088 0.022 5.16 327.0
2456119.63628 18.134 0.019 5.34 203.0
2456121.64875 18.038 0.015 4.46 197.0
2456124.71442 18.056 0.019 4.99 257.0
2456126.77628 18.061 0.022 6.09 293.0
2456132.61553 18.118 0.026 6.91 231.0
2456135.67856 18.087 0.022 5.60 285.0
2456140.67757 18.121 0.030 5.64 633.0
2456147.62427 18.080 0.022 6.93 205.0
2456151.61243 18.055 0.024 6.35 264.0
2456158.55647 18.047 0.020 5.58 288.0
2456161.63985 18.101 0.020 5.40 218.0
2456169.54863 18.082 0.022 4.19 438.0
2456175.66049 18.129 0.030 6.35 481.0
2456182.64606 18.112 0.026 6.24 360.0
2456191.50477 18.124 0.031 6.24 412.0
2456198.59691 18.131 0.044 8.34 542.0
2456210.52317 18.097 0.022 5.62 340.0
2456217.51695 18.105 0.019 3.86 335.0
2456347.87497 18.093 0.018 4.43 319.0
2456354.89548 18.075 0.020 4.68 407.0
2456363.80388 18.131 0.020 4.93 283.0
2456370.89361 18.033 0.018 5.09 260.0
2456375.82406 18.051 0.017 4.41 276.0
2456375.84238 18.100 0.017 4.66 225.0
2456378.90026 18.029 0.015 2.94 451.0
2456382.78599 18.045 0.042 4.96 2034.0
2456388.79049 18.087 0.018 4.89 230.0
2456391.71978 18.121 0.027 6.88 289.0
2456395.84073 18.089 0.016 3.67 309.0
2456398.83543 18.082 0.017 4.51 242.0
2456401.88015 18.042 0.016 4.15 284.0
2456404.84912 18.046 0.018 4.59 256.0
2456408.82850 18.125 0.030 5.94 520.0
2456417.74551 18.035 0.018 4.69 315.0
2456419.85731 18.117 0.020 4.43 325.0
2456423.65172 18.101 0.021 4.95 358.0
2456426.84539 18.065 0.015 3.53 289.0
2456431.90043 18.080 0.022 5.48 386.0
2456434.67451 18.075 0.021 5.18 371.0
2456436.72205 18.047 0.020 4.31 565.0
2456442.61615 18.058 0.020 4.90 374.0
2456445.69082 18.017 0.018 4.86 308.0
2456447.67928 18.100 0.017 4.74 260.0
2456449.61499 18.087 0.019 5.36 254.0
2456451.54538 18.041 0.028 6.84 419.0
2456454.54274 18.048 0.022 5.92 288.0
2456456.72521 18.073 0.015 4.13 261.0
2456458.85854 18.061 0.021 4.77 433.0
2456461.61540 18.092 0.020 5.05 316.0
2456463.76036 18.054 0.019 4.05 439.0
2456468.80541 18.112 0.025 4.80 580.0
2456473.75498 18.096 0.016 3.72 297.0
2456475.70687 18.110 0.019 4.51 294.0
2456477.68661 18.146 0.021 5.33 283.0
2456480.71005 18.091 0.020 6.01 207.0
2456485.50337 18.086 0.021 6.13 278.0
2456487.60667 18.087 0.016 4.37 235.0
2456490.71440 18.042 0.017 4.10 289.0
2456496.53226 18.057 0.029 5.95 636.0
2456498.72682 18.113 0.019 4.31 369.0
2456505.51705 18.070 0.022 5.89 275.0
2456508.66455 18.077 0.015 4.39 277.0
2456511.64372 18.108 0.017 4.31 254.0
2456518.54647 18.141 0.018 3.92 312.0
2456524.57431 18.075 0.020 3.87 540.0
2456531.68272 18.152 0.026 6.30 327.0
2456538.60197 18.125 0.024 6.38 268.0
2456545.65205 18.097 0.021 6.34 282.0
2456560.50843 18.086 0.025 6.03 347.0
2456567.55802 18.088 0.024 5.38 348.0
2456573.55086 18.054 0.022 4.56 451.0
2456741.87520 18.029 0.018 4.73 398.0
2456742.84914 18.053 0.015 3.98 308.0
2456745.89635 18.078 0.018 5.11 264.0
2456750.76018 18.102 0.018 5.09 306.0
2456752.81874 18.045 0.016 4.49 276.0
2456755.88410 18.073 0.017 4.69 304.0
2456757.86406 18.045 0.018 5.08 266.0
2456759.88906 18.037 0.012 2.99 309.0
2456761.82044 18.119 0.019 3.98 402.0
2456763.80476 18.063 0.019 4.33 527.0
2456768.93230 18.106 0.025 3.53 1259.0
2456770.77458 18.061 0.019 5.25 331.0
2456772.67877 18.084 0.019 5.10 347.0
2456773.83696 18.117 0.021 5.84 284.0
2456775.77692 18.084 0.015 4.47 273.0
2456776.89594 18.157 0.020 4.81 365.0
2456777.73263 18.137 0.017 4.40 332.0
2456784.89439 18.031 0.020 4.25 415.0
2456785.88643 18.083 0.020 3.97 426.0
2456786.91170 18.060 0.021 4.38 402.0
2456789.80217 18.119 0.021 3.76 472.0
2456790.88533 18.092 0.025 4.59 611.0
2456791.94127 18.034 0.035 4.18 1944.0
2456796.65357 18.044 0.022 4.06 442.0
2456797.75486 18.112 0.022 3.77 700.0
2456799.90729 18.108 0.033 6.62 395.0
2456804.60546 18.106 0.020 4.72 276.0
2456805.65642 18.153 0.029 6.65 312.0
2456807.61588 18.158 0.028 6.36 318.0
2456808.66393 18.062 0.020 4.70 306.0
2456809.70825 18.026 0.014 3.21 241.0
2456810.76355 18.076 0.019 4.02 302.0
2456811.78235 18.012 0.021 4.87 385.0
2456813.89037 18.057 0.021 5.28 301.0
2456815.61481 18.054 0.029 7.09 325.0
2456816.70072 18.046 0.021 5.13 325.0
2456817.78339 18.066 0.022 4.66 403.0
2456819.64575 18.132 0.034 5.24 828.0
2456823.85880 18.073 0.036 4.24 1608.0
2456824.90210 18.117 0.036 6.07 807.0
2456826.53241 18.114 0.028 6.11 373.0
2456827.57787 18.058 0.020 4.22 358.0
2456828.62561 18.051 0.015 4.15 246.0
2456829.62201 18.071 0.024 6.06 259.0
2456830.65463 18.037 0.014 3.15 282.0
2456831.79192 18.059 0.019 4.51 300.0
2456832.82555 18.095 0.027 5.61 489.0
2456834.50068 18.085 0.031 6.18 475.0
2456835.55219 18.130 0.027 5.97 338.0
2456836.59239 18.102 0.026 5.93 331.0
2456837.59849 18.062 0.019 4.27 370.0
2456838.59837 18.130 0.023 5.39 287.0
2456839.60988 18.081 0.022 4.82 351.0
2456840.67546 18.060 0.026 6.31 316.0
2456841.77991 18.072 0.026 5.86 392.0
2456842.82611 18.083 0.032 7.10 409.0
2456844.84703 18.062 0.030 6.91 428.0
2456845.83543 18.068 0.022 5.30 362.0
2456847.78039 18.074 0.024 4.35 671.0
2456851.78917 18.161 0.034 5.61 783.0
2456855.51908 18.138 0.027 6.53 294.0
2456856.54824 18.063 0.021 5.23 312.0
2456857.59162 18.096 0.019 3.91 277.0
2456858.67320 18.059 0.017 3.97 286.0
2456862.63172 18.082 0.023 5.37 311.0
2456863.70933 18.080 0.019 4.63 303.0
2456872.53382 18.077 0.025 6.55 251.0
2456878.57070 18.165 0.041 6.92 639.0
2456882.62848 18.082 0.020 4.38 331.0
2456885.57623 18.067 0.020 4.82 248.0
2456886.71502 18.124 0.027 5.69 500.0
2456888.64197 18.105 0.021 4.48 338.0
2456890.57969 18.085 0.021 5.48 235.0
2456895.53250 18.079 0.018 4.00 279.0
2456912.63019 18.073 0.027 5.70 483.0
2456918.54931 18.110 0.029 6.18 419.0
2456922.62647 18.141 0.029 6.04 410.0
2456926.48642 18.086 0.031 6.60 411.0
2456929.50980 18.080 0.025 5.78 361.0
2456932.55361 18.026 0.040 5.72 1354.0
2456936.49336 18.050 0.024 4.82 534.0
2456942.51283 18.051 0.026 5.51 463.0
2457069.87628 18.077 0.020 4.47 376.0
2457074.88664 18.129 0.024 5.32 367.0
2457075.86271 18.109 0.020 4.83 339.0
2457078.86521 18.098 0.018 4.09 311.0
2457082.86705 18.097 0.017 3.90 272.0
2457086.89543 18.106 0.021 3.89 449.0
2457090.82554 18.106 0.022 4.31 439.0
2457097.89470 18.088 0.015 3.07 261.0
2457100.87989 18.073 0.018 3.72 309.0
2457110.80722 18.048 0.016 3.71 302.0
2457112.91819 18.064 0.020 3.69 474.0
2457115.73226 18.153 0.024 4.79 459.0
2457117.71417 18.131 0.028 4.96 695.0
2457119.77642 18.096 0.024 4.47 548.0
2457126.87745 18.061 0.017 3.38 360.0
2457130.77798 18.057 0.018 3.96 251.0
2457132.68558 18.055 0.029 6.90 395.0
2457134.75753 18.089 0.022 5.48 303.0
2457135.91579 18.054 0.016 3.37 294.0
2457137.76039 18.077 0.015 3.34 250.0
2457138.88771 18.075 0.019 4.11 333.0
2457140.74357 18.059 0.020 4.56 373.0
2457141.87687 18.060 0.017 3.16 359.0
2457143.69872 18.144 0.025 4.81 373.0
2457144.82729 18.129 0.035 7.62 453.0
2457146.71794 18.095 0.025 4.21 701.0
2457147.73765 18.107 0.028 4.91 668.0
2457152.89580 18.039 0.023 5.04 489.0
2457154.65407 18.065 0.016 3.83 262.0
2457155.72946 18.099 0.017 3.69 295.0
2457157.61898 18.090 0.020 4.50 335.0
2457158.75690 18.103 0.019 4.55 288.0
2457159.82499 18.090 0.018 3.76 304.0
2457160.89555 18.066 0.018 3.92 344.0
2457162.61936 18.123 0.023 5.58 300.0
2457163.67336 18.096 0.026 5.96 344.0
2457164.81664 18.077 0.019 4.44 295.0
2457166.60329 18.088 0.026 6.09 374.0
2457166.78686 18.110 0.020 4.48 315.0
2457168.70497 18.068 0.023 6.14 282.0
2457169.69279 18.076 0.017 4.41 269.0
2457169.88758 18.110 0.020 4.64 307.0
2457170.67980 18.071 0.018 4.25 300.0
2457170.86932 18.108 0.020 4.22 346.0
2457172.68208 18.116 0.023 4.85 440.0
2457172.87292 18.104 0.025 5.66 360.0
2457173.65890 18.138 0.025 4.50 524.0
2457173.85460 18.110 0.023 4.06 597.0
2457174.62352 18.077 0.024 4.05 646.0
2457174.79571 18.056 0.026 4.63 641.0
2457175.57956 18.088 0.029 4.54 924.0
2457175.75532 18.055 0.025 4.22 794.0
2457178.67754 18.032 0.021 3.97 557.0
2457178.84898 18.025 0.022 3.96 642.0
2457179.62205 18.103 0.028 5.48 442.0
2457179.78662 18.101 0.026 5.73 438.0
2457180.57443 18.101 0.024 5.51 335.0
2457180.73563 18.063 0.021 5.36 309.0
2457180.90958 18.138 0.027 5.01 536.0
2457181.69591 18.096 0.019 4.24 290.0
2457181.86608 18.049 0.023 4.80 372.0
2457182.63029 18.056 0.018 4.98 205.0
2457182.82259 18.083 0.019 4.53 266.0
2457183.58368 18.071 0.019 4.67 242.0
2457183.76821 18.071 0.022 5.93 262.0
2457184.57401 18.078 0.031 7.60 329.0
2457184.75934 18.132 0.023 5.48 259.0
2457184.92323 18.090 0.028 6.17 433.0
2457185.72238 18.118 0.022 5.28 290.0
2457185.88925 18.027 0.031 7.22 424.0
2457186.84550 18.082 0.024 5.13 398.0
2457187.62648 18.120 0.024 6.06 254.0
2457187.80962 18.086 0.020 4.97 306.0
2457188.59666 18.064 0.020 4.47 309.0
2457188.78370 18.100 0.027 6.73 316.0
2457189.64184 18.086 0.021 5.05 317.0
2457189.82260 18.026 0.019 4.23 405.0
2457190.61216 18.078 0.021 4.94 347.0
2457190.81061 18.067 0.023 4.48 508.0
2457191.63881 18.057 0.019 4.54 340.0
2457192.84720 18.081 0.021 4.87 338.0
2457192.87245 18.030 0.023 5.37 405.0
2457193.66917 18.078 0.015 3.56 239.0
2457193.85368 18.051 0.019 4.04 370.0
2457194.61668 18.062 0.017 4.23 253.0
2457194.80865 18.050 0.016 4.08 392.0
2457197.64863 18.071 0.017 4.39 257.0
2457197.83542 18.107 0.026 6.11 360.0
2457198.62827 18.026 0.018 4.46 256.0
2457198.81411 18.088 0.037 5.64 972.0
2457199.58850 18.057 0.018 4.17 319.0
2457199.77122 18.100 0.018 4.25 271.0
2457200.52665 18.118 0.021 4.12 514.0
2457200.70639 18.089 0.017 3.41 309.0
2457202.64437 18.122 0.029 5.40 556.0
2457202.86611 18.130 0.037 5.33 930.0
2457206.67782 18.068 0.028 4.94 703.0
2457206.83799 18.156 0.038 5.18 1141.0
2457207.64671 18.002 0.020 4.32 488.0
2457207.83585 18.097 0.034 5.65 879.0
2457209.74243 18.051 0.023 4.69 448.0
2457211.52053 18.013 0.025 5.48 427.0
2457211.70284 18.043 0.019 4.67 284.0
2457212.57527 18.100 0.018 4.85 292.0
2457214.65104 18.089 0.021 5.79 352.0
2457217.59901 18.134 0.023 5.70 281.0
2457219.51173 18.104 0.024 5.52 403.0
2457219.71971 18.030 0.018 4.34 295.0
2457220.61146 18.084 0.017 4.14 240.0
2457220.79138 18.076 0.019 4.56 312.0
2457221.58910 18.063 0.018 4.40 270.0
2457221.77150 18.070 0.018 4.05 290.0
2457222.56277 18.047 0.021 5.65 460.0
2457222.77752 18.077 0.025 5.57 493.0
2457223.61756 18.057 0.023 5.74 286.0
2457224.46873 18.088 0.022 4.36 552.0
2457224.66259 18.083 0.026 7.28 235.0
2457225.50079 18.080 0.022 5.30 466.0
2457226.51657 18.106 0.023 5.51 303.0
2457226.70146 18.031 0.018 4.70 252.0
2457227.48515 18.122 0.032 5.69 751.0
2457227.66002 18.056 0.016 4.20 233.0
2457228.48663 18.049 0.023 5.36 392.0
2457228.67070 18.091 0.024 5.20 419.0
2457229.51492 18.121 0.021 4.55 438.0
2457229.67959 18.109 0.022 3.53 708.0
2457233.49283 18.066 0.035 5.92 847.0
2457233.53467 18.018 0.049 5.62 2077.0
2457235.69998 18.071 0.025 4.70 628.0
2457236.55971 18.104 0.034 5.76 783.0
2457249.55783 18.043 0.023 5.94 275.0
2457249.70255 18.092 0.026 7.07 266.0
2457252.53641 18.076 0.023 5.75 332.0
2457253.49134 18.082 0.020 4.92 318.0
2457253.68348 18.044 0.021 4.80 348.0
2457255.65107 18.086 0.023 5.75 273.0
2457256.65418 18.068 0.028 6.34 409.0
2457261.50937 18.103 0.037 6.37 664.0
2457261.67037 18.061 0.037 6.50 820.0
2457263.63594 18.063 0.028 4.04 1092.0
2457264.58237 18.060 0.022 4.39 497.0
2457265.54566 18.090 0.020 4.09 385.0
2457267.48020 18.091 0.026 5.98 383.0
2457268.48138 18.069 0.020 4.54 338.0
2457268.67680 18.086 0.020 4.46 378.0
2457269.66517 18.071 0.021 5.25 313.0
2457270.60894 18.072 0.019 4.59 271.0
2457271.56480 18.072 0.023 6.04 264.0
2457275.54016 18.049 0.035 6.11 861.0
2457277.51491 18.117 0.024 6.23 269.0
2457278.49847 18.029 0.029 6.92 336.0
2457281.51010 18.095 0.033 8.15 304.0
2457284.54963 18.077 0.021 5.03 384.0
2457292.52764 18.068 0.034 6.49 640.0
2457299.56817 18.112 0.027 6.59 415.0
2457318.53199 18.090 0.029 5.30 665.0
2457436.82907 17.802 0.019 6.41 312.0
2457437.82749 17.862 0.016 4.55 288.0
2457438.89126 17.956 0.024 5.39 463.0
2457440.82396 17.994 0.022 4.35 668.0
2457441.86815 17.924 0.018 3.99 496.0
2457442.89237 18.012 0.024 4.61 558.0
2457445.86701 17.990 0.017 4.09 377.0
2457446.87797 17.990 0.015 3.48 355.0
2457447.88568 17.977 0.018 4.16 348.0
2457448.89955 17.977 0.016 3.85 362.0
2457451.82925 18.008 0.019 4.00 479.0
2457452.86124 18.004 0.015 3.44 272.0
2457453.86759 18.001 0.014 3.40 288.0
2457455.81853 18.062 0.020 5.20 266.0
2457456.82467 18.076 0.021 5.14 330.0
2457457.82022 18.134 0.023 4.58 406.0
2457458.81545 18.043 0.019 4.56 312.0
2457460.81603 18.052 0.018 4.34 315.0
2457461.81523 18.047 0.017 3.84 288.0
2457462.80220 17.990 0.017 3.93 333.0
2457463.82912 18.006 0.018 4.70 288.0
2457465.77112 18.080 0.021 4.93 371.0
2457465.89961 18.060 0.020 4.56 396.0
2457467.83380 18.080 0.020 4.96 296.0
2457470.79069 18.109 0.028 5.76 513.0
2457470.91776 18.140 0.040 5.18 1186.0
2457471.87456 18.092 0.026 5.58 455.0
2457472.81283 18.089 0.024 4.94 449.0
2457473.78116 18.062 0.025 4.60 810.0
2457474.81366 18.064 0.022 4.64 473.0
2457474.91872 18.026 0.028 4.28 1015.0
2457475.84940 18.077 0.040 6.41 996.0
2457484.80529 18.056 0.020 5.46 274.0
2457485.91171 18.131 0.020 4.81 278.0
2457486.72209 18.180 0.029 6.83 315.0
2457487.82399 18.069 0.021 5.30 335.0
2457489.80141 18.051 0.019 4.94 338.0
2457492.71536 18.108 0.019 4.98 278.0
2457493.70879 18.090 0.021 4.99 335.0
2457493.92848 18.024 0.028 4.23 1029.0
2457494.91694 18.030 0.017 3.54 359.0
2457495.89560 18.072 0.022 5.57 300.0
2457498.79051 18.045 0.023 4.74 477.0
2457499.78197 18.096 0.020 4.17 439.0
2457500.72332 18.142 0.027 4.71 563.0
2457500.92490 18.117 0.027 4.93 594.0
2457508.76861 18.064 0.015 3.54 282.0
2457509.86502 18.071 0.019 4.49 332.0
2457512.80023 18.066 0.015 3.69 267.0
2457522.87119 18.131 0.035 7.06 435.0
2457526.77668 18.119 0.021 4.07 559.0
2457529.80287 18.164 0.040 6.63 673.0
2457534.78386 18.052 0.019 4.22 381.0
2457536.78302 18.065 0.021 4.95 327.0
2457545.92490 18.074 0.027 6.17 410.0
2457547.55895 18.104 0.026 6.58 291.0
2457547.89957 18.166 0.034 7.47 329.0
2457549.81365 18.065 0.018 5.05 247.0
2457550.79225 18.093 0.020 4.84 345.0
2457554.89524 18.089 0.030 7.42 573.0
2457555.51788 18.099 0.040 6.38 1220.0
2457555.84131 18.132 0.024 5.40 344.0
2457557.82757 18.098 0.024 4.69 594.0
2457561.62651 18.085 0.021 3.94 544.0
2457562.61089 18.060 0.023 4.49 631.0
2457566.81354 18.090 0.028 6.32 434.0
2457567.49053 18.087 0.029 7.22 443.0
2457567.75748 18.136 0.023 5.03 367.0
2457568.49189 18.142 0.035 8.27 373.0
2457568.75633 18.060 0.026 6.88 291.0
2457569.49078 18.154 0.033 7.72 406.0
2457569.77381 18.150 0.024 5.71 318.0
2457570.72554 18.095 0.020 5.75 208.0
2457573.64313 18.122 0.022 5.83 214.0
2457575.57487 18.096 0.024 6.70 225.0
2457575.74280 18.082 0.018 4.55 240.0
2457576.50818 18.064 0.020 5.59 282.0
2457576.70148 18.107 0.019 4.94 211.0
2457576.84159 18.088 0.029 7.14 302.0
2457579.69885 18.054 0.020 5.78 255.0
2457581.82191 18.126 0.031 7.85 351.0
2457584.52939 18.116 0.026 5.54 425.0
2457584.67219 18.078 0.023 5.15 368.0
2457589.47503 18.102 0.038 6.46 785.0
2457589.63049 18.087 0.026 4.81 631.0
2457589.78560 18.095 0.034 5.45 870.0
2457590.57592 18.023 0.018 3.85 477.0
2457590.72358 18.035 0.021 4.67 425.0
2457593.50058 18.065 0.021 5.92 233.0
2457593.66639 18.070 0.017 4.75 225.0
2457595.56393 18.120 0.029 7.32 269.0
2457596.59310 18.092 0.015 3.91 226.0
2457599.50187 18.095 0.026 5.85 300.0
2457599.56934 18.093 0.025 6.25 254.0
2457599.67865 18.111 0.021 4.93 241.0
2457599.69113 18.107 0.020 4.30 244.0
2457600.51084 18.220 0.030 6.73 263.0
2457600.55136 18.117 0.024 6.11 265.0
2457600.60456 18.098 0.023 5.86 253.0
2457600.73416 18.036 0.021 5.97 511.0
2457601.73195 18.150 0.019 5.17 220.0
2457601.74435 18.131 0.021 5.55 228.0
2457602.57152 18.093 0.022 5.67 247.0
2457602.73253 18.105 0.035 8.15 307.0
2457603.54708 18.065 0.018 4.74 215.0
2457603.69546 18.061 0.016 4.32 208.0
2457604.52391 18.099 0.024 6.15 287.0
2457604.66528 18.090 0.017 4.98 191.0
2457605.50271 18.015 0.020 5.99 222.0
2457605.66900 18.042 0.020 5.28 254.0
2457606.67753 18.055 0.024 6.96 227.0
2457607.58675 18.030 0.019 5.48 219.0
2457607.74558 18.038 0.025 6.61 252.0
2457608.66707 18.067 0.017 3.91 234.0
2457609.52215 18.102 0.026 6.15 303.0
2457609.71279 18.084 0.021 5.35 264.0
2457610.55766 18.093 0.022 5.46 295.0
2457611.51170 18.106 0.027 5.81 427.0
2457612.51200 18.047 0.022 5.25 362.0
2457612.65305 18.066 0.022 5.12 382.0
2457616.51633 18.078 0.026 5.19 533.0
2457616.69590 18.139 0.026 4.87 586.0
2457617.63538 18.142 0.029 5.35 514.0
2457618.52328 18.079 0.028 5.66 507.0
2457618.68533 18.016 0.030 5.65 662.0
2457621.52442 18.098 0.022 6.04 235.0
2457621.70352 18.065 0.034 7.71 415.0
2457622.65542 18.029 0.017 3.77 306.0
2457623.55288 18.056 0.019 4.81 260.0
2457624.49332 18.037 0.021 5.25 288.0
2457624.68443 18.148 0.023 5.77 304.0
2457625.65675 18.058 0.021 5.95 250.0
2457626.64984 18.009 0.019 5.61 257.0
2457630.62415 18.118 0.023 5.82 252.0
2457631.60142 18.115 0.019 5.07 252.0
2457632.58664 18.089 0.019 4.64 255.0
2457633.62880 18.164 0.026 6.07 276.0
2457635.54532 18.131 0.029 7.26 301.0
2457636.59675 18.107 0.028 6.99 290.0
2457637.58659 18.051 0.018 4.75 256.0
2457638.61301 18.111 0.021 4.75 443.0
2457643.51019 18.080 0.035 7.53 459.0
2457644.56878 18.205 0.042 6.05 835.0
2457647.55126 18.062 0.025 5.06 541.0
2457648.58985 18.055 0.025 4.88 530.0
2457649.61497 18.039 0.021 4.49 527.0
2457650.50065 18.076 0.018 4.72 267.0
2457650.52067 18.071 0.019 5.02 275.0
2457651.51596 18.085 0.021 5.03 356.0
2457651.55999 18.072 0.020 4.51 412.0
2457652.50315 18.098 0.018 4.64 261.0
2457652.58004 18.103 0.019 4.65 333.0
2457653.50259 18.087 0.021 5.52 284.0
2457654.48803 18.073 0.025 6.23 373.0
2457654.50721 18.143 0.024 5.75 338.0
2457655.50392 18.117 0.023 5.83 289.0
2457656.50572 18.121 0.025 5.88 347.0
2457656.53004 18.143 0.027 6.39 319.0
2457657.55618 18.092 0.020 4.64 341.0
2457658.48669 18.071 0.028 6.36 405.0
2457658.51228 18.120 0.021 4.42 325.0
2457659.51431 18.165 0.026 5.69 359.0
2457660.50433 18.129 0.029 6.38 373.0
2457660.55517 18.154 0.030 6.52 381.0
2457661.50591 18.107 0.025 5.94 326.0
2457662.50598 18.083 0.025 5.51 398.0
2457662.52667 18.053 0.027 6.27 407.0
2457664.50470 18.069 0.028 6.35 408.0
2457664.57182 18.036 0.029 6.20 502.0
2457665.50862 18.060 0.027 6.19 395.0
2457666.50690 18.111 0.027 6.03 398.0
2457666.55330 18.076 0.023 5.59 390.0
2457667.51199 18.082 0.024 5.30 431.0
2457671.49311 18.103 0.030 6.12 543.0
2457672.49452 18.064 0.025 5.39 431.0
2457673.50106 18.119 0.029 5.14 696.0
2457675.49980 18.190 0.040 7.35 523.0
2457682.49695 18.115 0.029 5.73 558.0
2457683.49617 18.129 0.032 6.10 580.0
