2455270.87209 20.799 0.150 3.91 222.0
2455272.88843 20.722 0.205 5.84 213.0
2455274.87608 20.781 0.167 4.28 243.0
2455278.91030 20.624 0.151 4.20 291.0
2455282.81666 20.752 0.233 5.23 346.0
2455284.85537 20.562 0.265 6.46 402.0
2455286.85607 20.739 0.221 4.41 438.0
2455294.88345 20.598 0.116 3.83 223.0
2455297.77780 20.761 0.165 4.50 233.0
2455306.88218 20.774 0.160 4.68 230.0
2455308.89088 20.755 0.154 4.69 230.0
2455311.79507 20.694 0.229 6.56 283.0
2455320.83895 20.837 0.242 4.63 422.0
2455323.89470 20.644 0.193 4.41 427.0
2455325.74058 20.812 0.179 4.40 230.0
2455326.86709 20.781 0.212 4.86 303.0
2455328.74498 20.769 0.189 5.05 257.0
2455334.86859 20.665 0.151 4.30 255.0
2455339.71418 20.652 0.253 5.75 413.0
2455340.93133 20.758 0.268 4.98 521.0
2455343.72123 20.786 0.231 4.25 537.0
2455348.86826 20.766 0.259 5.37 399.0
2455351.72289 20.728 0.173 4.62 261.0
2455353.86937 20.886 0.205 3.89 328.0
2455357.75129 20.466 0.160 5.69 237.0
2455362.73707 20.621 0.163 4.68 297.0
2455365.88592 20.630 0.222 5.60 347.0
2455378.79265 20.772 0.180 4.41 275.0
2455380.81833 20.942 0.294 6.26 271.0
2455385.50335 20.916 0.246 4.98 375.0
2455386.55579 20.861 0.207 4.60 404.0
2455386.63913 20.679 0.148 4.62 280.0
2455386.72172 20.629 0.128 4.04 267.0
2455389.53781 20.696 0.200 6.12 215.0
2455392.63550 20.682 0.152 4.70 189.0
2455403.52463 20.807 0.206 3.82 548.0
2455409.77986 20.553 0.180 5.41 295.0
2455414.50452 20.741 0.150 4.83 180.0
2455423.68232 20.845 0.247 6.45 210.0
2455434.65807 20.725 0.218 4.73 350.0
2455443.56257 20.756 0.206 5.95 225.0
2455448.53913 20.721 0.210 6.69 223.0
2455457.50706 20.499 0.156 5.75 347.0
2455459.49707 20.784 0.266 6.59 329.0
2455462.56977 20.666 0.205 4.70 369.0
2455467.58073 20.829 0.187 4.74 254.0
2455480.54073 20.852 0.277 6.07 300.0
2455485.56781 20.660 0.266 5.46 468.0
2455495.50381 20.551 0.168 4.50 346.0
2455620.88668 20.572 0.196 6.18 263.0
2455624.90021 20.585 0.181 5.14 323.0
2455626.87142 20.589 0.169 5.64 230.0
2455628.83082 20.627 0.165 5.10 233.0
2455629.85978 20.774 0.232 6.28 199.0
2455631.88682 20.643 0.190 5.61 239.0
2455633.84073 20.801 0.174 4.47 249.0
2455635.87359 20.829 0.211 5.15 262.0
2455638.87440 20.851 0.215 4.96 288.0
2455639.88793 20.528 0.169 5.22 303.0
2455643.87547 20.522 0.148 4.49 355.0
2455650.87204 20.666 0.160 6.10 189.0
2455655.85076 20.531 0.133 5.10 206.0
2455665.72835 20.557 0.203 6.58 274.0
2455670.75460 20.589 0.274 5.14 769.0
2455676.88249 20.911 0.169 4.15 217.0
2455681.66673 20.774 0.237 5.97 296.0
2455684.74847 20.441 0.124 4.66 227.0
2455688.83492 20.649 0.161 5.20 227.0
2455693.66459 20.722 0.205 5.64 305.0
2455695.87007 20.806 0.156 4.45 219.0
2455713.75025 20.520 0.136 4.79 238.0
2455716.91977 20.771 0.220 6.26 302.0
2455723.84603 20.863 0.198 5.01 245.0
2455736.63966 20.608 0.109 3.94 186.0
2455739.52169 20.885 0.296 6.53 300.0
2455741.59777 20.959 0.211 5.29 196.0
2455744.58084 20.640 0.226 6.50 260.0
2455746.78355 20.715 0.208 6.24 211.0
2455749.81474 20.687 0.254 7.55 218.0
2455761.55458 20.697 0.133 4.49 225.0
2455763.71464 20.972 0.227 4.86 296.0
2455767.59464 20.702 0.206 5.90 241.0
2455770.67352 20.972 0.251 5.78 227.0
2455779.70299 20.779 0.194 5.54 219.0
2455787.59608 20.615 0.152 4.09 349.0
2455793.57418 20.630 0.167 5.75 200.0
2455796.68328 20.654 0.189 5.95 223.0
2455805.56303 20.845 0.170 4.76 196.0
2455816.61903 20.566 0.255 6.37 398.0
2455825.63072 20.709 0.189 5.87 258.0
2455831.49890 20.896 0.211 5.62 241.0
2455836.53461 20.908 0.264 4.92 358.0
2455979.83883 20.770 0.260 6.81 316.0
2455987.82218 20.777 0.222 5.57 307.0
2455992.84810 20.903 0.199 4.48 300.0
2456005.78099 21.005 0.269 6.37 226.0
2456008.86517 20.593 0.143 4.75 218.0
2456011.91645 20.647 0.260 4.02 893.0
2456015.76580 20.716 0.131 4.23 213.0
2456018.76237 20.588 0.208 7.37 192.0
2456020.90831 20.590 0.159 5.78 198.0
2456031.77198 20.774 0.217 6.46 250.0
2456034.78865 20.663 0.112 3.59 207.0
2456038.87915 20.751 0.152 4.13 236.0
2456046.88379 20.683 0.158 4.69 241.0
2456049.85095 20.630 0.126 3.60 235.0
2456052.91293 20.913 0.219 4.28 400.0
2456059.72665 20.688 0.161 4.72 241.0
2456062.86602 20.736 0.187 4.59 318.0
2456065.81856 20.708 0.172 4.43 285.0
2456067.90835 20.464 0.112 3.47 303.0
2456070.65682 20.579 0.193 6.22 245.0
2456075.62663 20.650 0.150 4.80 201.0
2456077.82394 20.568 0.147 5.15 225.0
2456079.80784 20.590 0.142 3.99 281.0
2456081.73297 20.880 0.209 4.51 334.0
2456082.83326 20.548 0.288 5.78 688.0
2456092.68077 20.886 0.191 5.23 203.0
2456094.83348 20.375 0.143 5.76 246.0
2456098.61458 20.905 0.263 6.71 215.0
2456102.77141 20.688 0.141 3.89 267.0
2456104.69846 20.798 0.130 3.73 191.0
2456108.65294 20.920 0.196 4.58 285.0
2456109.80365 20.479 0.199 4.45 584.0
2456114.71202 21.056 0.269 4.97 321.0
2456116.68994 20.789 0.173 5.10 206.0
2456118.60290 21.044 0.207 5.44 200.0
2456120.60881 20.520 0.138 6.05 145.0
2456123.65530 21.019 0.214 5.94 171.0
2456125.69072 20.515 0.123 4.86 172.0
2456128.63580 20.689 0.127 4.24 193.0
2456133.72817 20.671 0.144 4.48 199.0
2456141.67301 20.468 0.179 5.20 419.0
2456148.71552 20.895 0.193 4.54 248.0
2456152.64638 20.739 0.155 5.34 158.0
2456159.66736 20.699 0.256 7.30 235.0
2456171.69001 20.783 0.202 4.56 397.0
2456180.63241 20.614 0.192 5.58 278.0
2456185.55933 20.766 0.137 3.99 187.0
2456212.53778 20.710 0.167 4.26 283.0
2456233.54245 20.581 0.241 6.39 347.0
2456350.85527 21.050 0.269 4.79 330.0
2456360.82777 20.770 0.153 4.26 218.0
2456368.84008 20.840 0.155 4.37 185.0
2456373.81053 20.573 0.152 5.12 233.0
2456376.90615 20.622 0.113 3.77 202.0
2456380.78323 20.577 0.145 4.13 338.0
2456386.84964 20.444 0.163 5.26 299.0
2456389.83336 20.999 0.204 4.69 223.0
2456393.86247 21.010 0.247 6.32 227.0
2456396.92141 20.510 0.125 3.67 300.0
2456399.89618 20.542 0.139 4.67 210.0
2456403.68890 20.575 0.152 5.16 248.0
2456406.92720 20.598 0.145 3.76 377.0
2456415.88500 20.925 0.255 6.23 213.0
2456418.74159 20.425 0.123 5.01 216.0
2456420.85485 20.431 0.090 3.54 185.0
2456424.67276 20.801 0.186 5.00 282.0
2456428.84511 20.974 0.211 4.96 248.0
2456432.89495 20.808 0.217 5.56 270.0
2456435.67756 20.944 0.249 5.41 351.0
2456446.63655 20.782 0.143 4.65 214.0
2456448.60139 20.407 0.131 4.89 251.0
2456449.93361 20.496 0.171 4.90 390.0
2456451.88007 20.706 0.162 4.94 242.0
2456454.87999 20.808 0.166 4.63 208.0
2456457.84955 20.893 0.179 4.36 276.0
2456459.80400 20.662 0.134 3.54 286.0
2456462.65716 20.924 0.230 5.33 287.0
2456464.74539 20.529 0.181 5.05 386.0
2456474.68783 20.555 0.130 4.51 236.0
2456476.61435 20.806 0.227 6.26 258.0
2456479.57131 20.636 0.161 5.85 203.0
2456481.73370 20.474 0.177 7.18 214.0
2456489.64457 20.873 0.172 4.68 191.0
2456491.76376 20.782 0.176 4.32 286.0
2456497.67755 20.444 0.204 8.09 293.0
2456500.70163 20.819 0.262 6.49 306.0
2456506.60779 20.469 0.191 7.64 203.0
2456509.72861 20.637 0.154 5.30 227.0
2456519.67344 20.641 0.131 4.26 236.0
2456534.51400 20.670 0.203 5.89 262.0
2456543.52467 20.670 0.167 5.41 217.0
2456555.57756 20.815 0.220 4.60 326.0
2456562.62548 20.665 0.157 5.31 202.0
2456569.58435 20.727 0.162 4.80 222.0
2456578.58865 20.614 0.187 5.63 354.0
2456711.87492 20.415 0.131 4.97 338.0
2456718.83805 20.368 0.190 7.34 288.0
2456721.87033 20.403 0.115 4.81 266.0
2456725.81534 20.691 0.191 5.88 279.0
2456727.90959 20.658 0.197 4.15 669.0
2456730.86960 20.311 0.133 6.15 242.0
2456733.89074 20.716 0.180 5.40 339.0
2456736.80195 20.549 0.229 6.45 414.0
2456744.87214 20.466 0.150 7.34 229.0
2456747.83828 20.692 0.157 5.21 233.0
2456751.81221 20.690 0.111 3.76 218.0
2456756.80615 20.730 0.126 4.01 207.0
2456759.77853 20.739 0.137 3.91 295.0
2456762.75520 20.562 0.164 4.94 358.0
2456765.72854 20.436 0.173 4.82 531.0
2456769.91869 20.506 0.125 4.00 328.0
2456772.80265 20.583 0.116 4.32 229.0
2456775.73232 20.708 0.134 4.45 229.0
2456784.69768 20.499 0.170 5.67 284.0
2456785.67232 20.741 0.146 3.82 273.0
2456786.68065 20.575 0.146 4.31 269.0
2456790.72902 20.443 0.178 5.59 376.0
2456792.68146 20.685 0.241 4.85 579.0
2456797.67940 20.480 0.177 4.20 686.0
2456803.76380 20.669 0.122 4.26 187.0
2456805.62516 20.536 0.178 5.89 236.0
2456807.87491 20.783 0.224 5.72 244.0
2456809.78262 20.641 0.130 4.26 206.0
2456811.66353 20.842 0.212 5.24 248.0
2456814.71332 20.814 0.149 4.45 179.0
2456816.70209 20.836 0.228 5.81 242.0
2456817.94388 20.472 0.272 6.55 526.0
2456825.71414 21.037 0.264 4.60 327.0
2456828.85061 20.552 0.164 5.73 237.0
2456830.69925 20.779 0.123 3.73 199.0
2456832.72165 20.854 0.206 5.59 210.0
2456836.55410 20.538 0.210 6.37 293.0
2456837.81148 20.616 0.160 4.63 302.0
2456839.65838 20.639 0.181 5.16 292.0
2456841.69266 20.733 0.179 5.10 236.0
2456844.59734 20.660 0.151 4.51 277.0
2456845.83714 20.649 0.180 5.47 255.0
2456851.63515 20.522 0.182 4.52 517.0
2456855.59756 20.771 0.206 6.55 174.0
2456857.51895 20.764 0.180 4.86 250.0
2456859.59300 20.471 0.212 6.82 244.0
2456863.71125 20.515 0.128 4.88 221.0
2456870.72803 20.618 0.161 5.55 197.0
2456884.69703 20.532 0.141 5.35 220.0
2456887.58199 20.495 0.102 3.96 171.0
2456890.50775 20.663 0.192 6.15 201.0
2456896.48984 20.978 0.247 5.40 258.0
2456909.56365 20.588 0.246 6.16 420.0
2456919.57962 20.727 0.212 6.14 226.0
2456925.60447 20.566 0.187 5.91 255.0
2456931.49654 20.485 0.157 4.40 400.0
2456947.53517 20.448 0.202 6.80 295.0
2456954.53979 20.651 0.261 6.78 369.0
2457084.89854 20.594 0.149 4.67 263.0
2457088.86272 20.549 0.152 4.27 304.0
2457091.89727 20.716 0.182 4.55 313.0
2457099.80993 20.759 0.175 5.19 223.0
2457109.75843 20.384 0.157 6.62 229.0
2457111.85347 20.683 0.176 6.08 197.0
2457113.77065 20.595 0.135 4.25 271.0
2457116.81904 20.476 0.174 4.69 386.0
2457126.90222 20.665 0.140 3.97 280.0
2457131.80759 20.648 0.138 4.39 226.0
2457134.88492 20.640 0.153 4.97 235.0
2457139.84857 20.781 0.217 6.22 220.0
2457141.92898 20.690 0.173 4.10 412.0
2457144.86164 20.756 0.278 5.71 468.0
2457146.93516 20.272 0.216 4.40 1195.0
2457155.68614 21.032 0.248 5.22 247.0
2457157.87554 20.502 0.148 4.87 249.0
2457159.85557 20.670 0.147 4.47 221.0
2457161.84628 20.536 0.117 3.94 253.0
2457163.79862 20.338 0.126 4.95 275.0
2457166.81918 20.844 0.225 5.81 258.0
2457170.65313 20.333 0.117 4.74 247.0
2457174.82785 20.625 0.238 5.54 458.0
2457179.85304 20.810 0.267 5.69 377.0
2457181.69873 20.653 0.198 6.15 228.0
2457183.55227 20.666 0.212 6.61 216.0
2457184.83851 21.018 0.243 5.65 198.0
2457188.75720 21.045 0.297 6.28 255.0
2457190.70572 20.646 0.150 4.30 259.0
2457191.79634 20.602 0.195 6.25 226.0
2457197.62187 20.753 0.170 4.87 239.0
2457199.51958 20.365 0.169 5.95 348.0
2457200.75586 20.928 0.176 3.90 267.0
2457207.78470 20.671 0.269 5.66 490.0
2457211.70615 20.840 0.193 5.24 221.0
2457217.79657 20.498 0.163 5.82 218.0
2457220.83240 20.687 0.191 5.35 278.0
2457222.79744 20.826 0.226 5.72 268.0
2457224.80601 20.696 0.203 5.87 371.0
2457227.54632 20.690 0.153 5.31 214.0
2457229.54719 20.695 0.171 5.23 296.0
2457236.51582 20.632 0.231 6.01 281.0
2457252.65544 20.446 0.128 5.05 233.0
2457256.67227 20.613 0.230 6.32 316.0
2457258.49449 20.758 0.201 4.89 316.0
2457268.62826 20.684 0.135 4.47 199.0
2457278.48711 20.590 0.230 6.51 262.0
2457313.50074 20.480 0.198 5.62 411.0
2457437.84862 20.489 0.137 5.33 204.0
2457442.85362 20.176 0.150 5.33 437.0
2457448.86054 20.349 0.107 4.25 250.0
2457458.87556 20.383 0.124 5.40 188.0
2457463.86608 20.594 0.143 4.80 216.0
2457470.76409 20.577 0.267 6.47 445.0
2457472.88722 20.461 0.152 4.64 308.0
2457475.90187 20.214 0.130 5.14 325.0
2457476.81589 20.271 0.123 4.42 361.0
2457485.79271 20.329 0.127 5.68 187.0
2457487.82485 20.129 0.119 5.68 257.0
2457491.79175 20.181 0.092 4.59 209.0
2457493.84522 20.094 0.082 4.90 181.0
2457499.81443 20.124 0.112 4.97 315.0
2457507.80566 19.948 0.093 4.13 388.0
2457509.79218 19.932 0.095 5.95 227.0
2457512.89181 19.935 0.070 4.03 237.0
2457526.66978 19.999 0.140 5.55 532.0
2457530.70666 19.640 0.103 5.41 574.0
2457536.68159 19.480 0.063 5.51 221.0
2457546.66172 19.491 0.068 6.83 174.0
2457547.77581 19.566 0.066 6.11 160.0
2457549.85706 19.538 0.064 6.11 186.0
2457555.82866 19.794 0.074 4.78 250.0
2457561.76313 19.884 0.097 4.65 423.0
2457566.78838 20.115 0.122 5.93 266.0
2457567.88723 19.786 0.123 6.23 405.0
2457569.74735 19.984 0.086 5.51 190.0
2457575.57810 20.008 0.126 8.01 176.0
2457576.80694 20.162 0.099 5.11 191.0
2457584.58398 19.812 0.112 6.49 296.0
2457589.78900 20.416 0.209 4.94 651.0
2457593.61807 20.442 0.125 5.31 168.0
2457599.75260 20.322 0.115 4.63 198.0
2457602.67085 20.307 0.116 5.45 186.0
2457604.57915 20.372 0.114 5.05 175.0
2457606.69600 20.795 0.204 6.14 174.0
2457609.48145 20.341 0.162 6.09 244.0
2457611.73644 20.214 0.155 7.05 244.0
2457621.59418 20.299 0.158 6.64 249.0
2457624.48208 20.340 0.153 5.85 253.0
2457630.55333 20.495 0.131 5.35 179.0
2457633.65977 20.505 0.176 6.27 213.0
2457638.56443 20.589 0.170 5.12 296.0
2457648.50555 20.312 0.195 6.68 311.0
2457652.48994 20.710 0.140 4.52 199.0
2457656.60465 20.475 0.164 5.96 245.0
2457679.52183 20.343 0.198 6.65 341.0
