2455260.89178 20.478 0.177 3.94 702.0
2455261.82270 20.780 0.278 4.62 659.0
2455266.82505 20.537 0.236 5.65 545.0
2455268.85473 20.302 0.158 4.92 488.0
2455269.81840 20.599 0.171 4.20 481.0
2455270.82406 20.703 0.217 4.65 483.0
2455272.82474 20.528 0.203 5.23 477.0
2455273.80973 20.763 0.240 5.00 482.0
2455274.82830 20.601 0.207 5.17 479.0
2455275.81457 20.587 0.220 4.95 553.0
2455276.79275 20.555 0.206 4.98 501.0
2455277.84878 20.764 0.248 4.96 493.0
2455278.82485 20.301 0.188 5.64 520.0
2455279.82612 20.184 0.185 6.02 498.0
2455280.83272 20.261 0.141 4.48 523.0
2455281.81267 20.556 0.177 4.05 490.0
2455282.83541 20.634 0.208 4.33 533.0
2455283.79542 20.303 0.201 5.29 685.0
2455283.88687 20.430 0.193 5.70 495.0
2455285.92239 19.861 0.251 5.45 2280.0
2455287.86076 20.097 0.149 4.52 732.0
2455288.78611 20.006 0.159 5.23 841.0
2455289.83800 20.254 0.238 6.84 830.0
2455293.86595 20.405 0.164 4.42 527.0
2455295.83951 20.496 0.176 5.08 442.0
2455296.87892 20.198 0.102 3.58 424.0
2455297.91485 20.167 0.114 3.63 496.0
2455299.74763 20.282 0.120 4.02 430.0
2455301.86527 20.311 0.174 5.45 503.0
2455307.85077 20.466 0.171 4.75 541.0
2455308.83991 20.684 0.214 5.01 446.0
2455309.89482 20.362 0.150 4.27 492.0
2455310.89361 20.315 0.151 4.80 477.0
2455312.75019 20.498 0.262 6.46 631.0
2455314.92633 20.288 0.209 4.49 1031.0
2455315.85513 20.484 0.221 3.95 974.0
2455320.85189 20.303 0.179 4.89 692.0
2455321.79516 20.262 0.186 5.50 623.0
2455322.81556 20.520 0.226 5.82 663.0
2455323.68147 20.597 0.287 6.54 638.0
2455323.90585 20.579 0.257 5.09 734.0
2455324.83927 20.024 0.143 5.54 553.0
2455325.75264 20.351 0.163 4.60 461.0
2455326.63837 20.193 0.199 6.42 574.0
2455326.87925 20.546 0.207 4.52 569.0
2455327.82712 20.450 0.203 4.87 516.0
2455328.75635 20.277 0.154 4.94 486.0
2455329.71124 20.545 0.220 6.02 492.0
2455334.87820 20.672 0.203 4.30 529.0
2455335.85346 20.523 0.166 4.01 515.0
2455337.94039 19.938 0.224 5.40 1542.0
2455339.69871 20.270 0.185 4.91 690.0
2455340.65739 20.184 0.201 5.43 812.0
2455341.84704 20.469 0.214 4.79 721.0
2455342.87059 20.297 0.243 5.62 847.0
2455343.70419 20.411 0.248 4.98 933.0
2455343.91061 20.015 0.172 4.58 1086.0
2455348.84499 20.111 0.148 4.70 641.0
2455349.78221 20.232 0.178 3.86 1020.0
2455350.73412 20.350 0.234 6.47 556.0
2455351.89274 20.542 0.275 5.64 709.0
2455352.88913 20.313 0.176 4.03 689.0
2455353.82162 20.255 0.149 4.08 555.0
2455354.83308 20.641 0.232 4.20 611.0
2455355.77697 20.664 0.210 4.16 559.0
2455361.68488 19.866 0.146 6.91 448.0
2455364.52756 20.561 0.285 6.08 700.0
2455365.58985 20.459 0.238 5.87 618.0
2455368.63185 20.318 0.253 6.06 770.0
2455377.53703 19.820 0.153 6.66 580.0
2455377.77983 20.252 0.170 4.56 633.0
2455378.70016 20.400 0.181 5.01 474.0
2455379.50663 20.215 0.161 5.11 476.0
2455379.81039 20.146 0.161 5.47 590.0
2455380.51804 20.352 0.176 5.44 480.0
2455380.70250 20.334 0.137 4.23 407.0
2455381.55437 19.773 0.146 6.94 557.0
2455383.74221 20.385 0.234 6.89 468.0
2455383.75477 20.134 0.204 7.55 476.0
2455385.85269 20.194 0.145 4.90 470.0
2455386.54744 20.470 0.190 4.45 812.0
2455386.62897 20.214 0.143 5.67 628.0
2455386.71340 20.082 0.108 3.92 607.0
2455387.50864 19.995 0.116 4.52 497.0
2455388.47245 20.248 0.201 5.15 691.0
2455388.81234 20.049 0.152 6.29 419.0
2455389.76187 20.278 0.201 6.46 433.0
2455390.68812 20.083 0.173 6.69 440.0
2455391.54783 19.939 0.154 6.87 461.0
2455392.48506 20.267 0.194 5.90 543.0
2455392.81500 20.474 0.175 4.55 451.0
2455393.79169 20.299 0.221 6.93 491.0
2455396.77434 20.444 0.190 5.39 442.0
2455403.52317 20.168 0.154 4.19 910.0
2455403.71898 19.934 0.138 4.32 965.0
2455404.79182 19.951 0.176 5.83 869.0
2455405.79936 20.492 0.291 4.92 1047.0
2455407.65618 20.333 0.235 6.65 500.0
2455408.58390 20.498 0.261 6.87 460.0
2455409.77838 19.961 0.139 5.39 581.0
2455410.78274 20.281 0.192 5.44 593.0
2455412.51639 20.225 0.191 6.31 535.0
2455412.73858 19.868 0.149 6.61 523.0
2455414.47792 20.049 0.133 5.27 479.0
2455416.63546 20.362 0.187 5.58 416.0
2455418.70231 20.302 0.166 5.10 411.0
2455421.71847 20.073 0.140 5.88 397.0
2455423.53130 20.017 0.097 4.48 397.0
2455426.59733 20.546 0.261 3.96 1157.0
2455430.62759 20.330 0.227 5.36 743.0
2455431.62501 20.447 0.253 5.91 673.0
2455432.64208 20.279 0.256 6.43 733.0
2455434.59309 20.078 0.139 4.04 583.0
2455435.58639 19.964 0.133 4.74 555.0
2455436.66385 20.328 0.167 4.08 546.0
2455438.65481 20.346 0.178 4.56 549.0
2455439.65884 20.313 0.196 5.65 471.0
2455443.67870 20.158 0.139 5.18 483.0
2455445.50126 20.094 0.114 4.27 492.0
2455446.59086 20.145 0.129 4.15 463.0
2455447.62525 20.096 0.133 5.53 419.0
2455449.53358 19.900 0.130 5.71 474.0
2455450.62138 20.118 0.161 5.84 511.0
2455453.58538 20.343 0.176 4.78 577.0
2455458.48140 20.507 0.294 5.19 951.0
2455459.52744 20.285 0.177 4.44 619.0
2455460.54266 20.072 0.224 5.96 928.0
2455463.49251 20.281 0.187 5.37 643.0
2455464.48480 20.386 0.227 5.60 662.0
2455469.61072 20.024 0.129 4.72 553.0
2455471.60234 20.525 0.198 5.03 505.0
2455473.53352 20.124 0.161 5.65 504.0
2455478.53331 20.184 0.165 5.21 521.0
2455480.57377 20.028 0.195 7.09 636.0
2455485.56471 20.259 0.230 5.64 821.0
2455487.55638 19.901 0.149 5.59 753.0
2455499.50303 20.239 0.291 7.00 830.0
2455620.88064 20.375 0.217 5.79 569.0
2455621.90294 20.234 0.246 4.50 1559.0
2455624.89408 20.516 0.169 4.28 445.0
2455626.86532 19.994 0.130 5.25 481.0
2455628.82475 19.969 0.143 5.64 489.0
2455629.85143 20.307 0.194 6.12 432.0
2455631.88075 20.622 0.200 4.78 472.0
2455633.83467 19.920 0.114 4.81 505.0
2455637.91032 20.190 0.202 5.98 667.0
2455638.86838 20.382 0.206 5.62 558.0
2455639.82344 20.267 0.203 5.47 673.0
2455640.82862 20.446 0.247 5.42 699.0
2455640.91720 19.971 0.291 6.48 2276.0
2455641.82699 20.107 0.147 4.67 647.0
2455641.86516 20.343 0.200 5.57 617.0
2455642.78692 20.473 0.230 4.95 764.0
2455642.90898 20.118 0.212 7.40 742.0
2455643.81093 20.413 0.205 4.93 702.0
2455644.82109 20.221 0.224 5.02 1171.0
2455647.75163 20.088 0.151 5.46 545.0
2455647.79592 20.282 0.201 4.38 996.0
2455647.83251 20.183 0.237 4.72 1390.0
2455647.86435 20.313 0.177 4.65 643.0
2455648.82769 20.540 0.177 4.53 450.0
2455648.91522 20.244 0.227 7.24 610.0
2455649.81067 19.887 0.105 5.81 403.0
2455649.91340 20.302 0.175 5.99 510.0
2455650.82303 20.341 0.137 4.48 390.0
2455650.91595 20.439 0.214 5.59 638.0
2455651.82412 20.131 0.116 4.18 427.0
2455652.76117 20.295 0.153 5.39 422.0
2455652.86635 20.189 0.128 4.97 411.0
2455653.92168 20.249 0.182 3.93 1100.0
2455655.75682 20.382 0.211 5.56 530.0
2455655.83312 20.589 0.195 5.06 452.0
2455656.78774 19.802 0.094 4.69 485.0
2455656.87571 20.149 0.119 5.54 413.0
2455657.83266 20.000 0.100 4.40 441.0
2455657.92256 20.014 0.153 3.98 1077.0
2455658.84559 19.895 0.105 5.33 417.0
2455659.77787 20.294 0.166 5.77 444.0
2455659.86086 20.492 0.190 5.55 574.0
2455660.74722 20.496 0.247 7.45 448.0
2455660.83598 20.553 0.180 5.14 399.0
2455660.83746 20.034 0.119 5.65 400.0
2455662.74230 19.838 0.139 6.88 501.0
2455662.84377 20.181 0.152 5.62 514.0
2455662.92386 20.406 0.184 4.57 655.0
2455664.78907 20.316 0.218 7.11 464.0
2455664.89197 20.474 0.199 5.58 548.0
2455665.76890 19.686 0.156 8.45 488.0
2455665.88660 20.274 0.120 4.13 401.0
2455667.81344 20.296 0.155 5.24 500.0
2455668.81555 20.473 0.228 5.09 749.0
2455669.80290 20.386 0.189 4.77 701.0
2455670.77807 19.980 0.152 5.19 792.0
2455671.76069 20.199 0.178 5.10 780.0
2455675.85862 20.203 0.245 4.44 1496.0
2455676.76597 20.105 0.104 5.07 321.0
2455677.72089 20.050 0.113 4.82 461.0
2455677.90771 20.218 0.115 3.79 449.0
2455679.81980 20.327 0.180 5.70 493.0
2455680.89692 20.193 0.125 4.30 441.0
2455681.79197 20.336 0.177 5.94 444.0
2455682.69040 20.004 0.144 5.52 619.0
2455682.91136 20.318 0.183 5.26 552.0
2455683.86354 19.985 0.113 4.53 559.0
2455684.76753 20.581 0.227 5.94 462.0
2455685.74605 19.853 0.099 5.13 453.0
2455685.94073 19.560 0.264 5.35 4175.0
2455686.84873 20.309 0.194 5.87 514.0
2455687.73043 20.211 0.163 5.97 490.0
2455688.91535 19.881 0.165 5.36 972.0
2455690.64349 20.283 0.191 6.44 501.0
2455690.84117 20.501 0.285 7.00 503.0
2455691.77734 20.833 0.298 6.20 465.0
2455692.66623 20.374 0.203 5.96 556.0
2455692.84760 19.861 0.097 4.11 565.0
2455693.68525 20.457 0.197 5.48 539.0
2455693.86930 20.200 0.143 4.41 625.0
2455694.68666 20.079 0.158 6.17 603.0
2455694.87726 20.353 0.175 4.97 569.0
2455695.74140 20.227 0.251 5.77 1131.0
2455695.91692 20.571 0.174 4.79 452.0
2455696.74402 20.510 0.218 5.36 563.0
2455696.92741 20.007 0.129 5.12 556.0
2455697.75051 20.396 0.218 5.42 695.0
2455697.91407 20.384 0.186 5.41 690.0
2455705.71277 20.149 0.216 7.75 612.0
2455705.90354 20.052 0.169 6.47 642.0
2455706.85932 19.899 0.195 7.99 561.0
2455707.72445 20.334 0.190 6.05 488.0
2455707.88323 20.409 0.213 5.53 595.0
2455708.71709 19.720 0.101 5.89 453.0
2455708.90162 19.920 0.180 7.41 847.0
2455712.57685 19.694 0.181 8.36 1035.0
2455712.79285 20.673 0.192 4.20 498.0
2455713.79584 20.446 0.175 5.09 471.0
2455713.80829 20.382 0.155 4.61 481.0
2455714.87461 20.432 0.229 6.73 691.0
2455715.74681 19.804 0.087 5.06 423.0
2455716.58192 20.420 0.236 6.67 540.0
2455716.81534 20.478 0.179 5.34 418.0
2455721.67423 20.115 0.159 5.73 556.0
2455721.68681 20.028 0.142 5.75 521.0
2455721.69998 20.265 0.172 5.70 506.0
2455721.89773 19.876 0.156 6.54 599.0
2455722.73003 20.560 0.186 4.42 483.0
2455722.74351 20.092 0.119 4.15 499.0
2455723.62259 20.061 0.139 5.43 503.0
2455723.79066 20.328 0.134 4.06 476.0
2455724.65063 20.130 0.178 5.75 583.0
2455725.76627 20.409 0.162 3.85 644.0
2455734.61459 20.106 0.169 6.67 550.0
2455734.83297 20.000 0.171 6.47 573.0
2455735.77580 20.386 0.177 5.49 475.0
2455736.52398 20.092 0.174 5.92 672.0
2455736.69142 20.721 0.175 4.36 364.0
2455737.52488 20.254 0.188 5.91 587.0
2455737.71296 20.176 0.125 4.91 385.0
2455737.88090 20.449 0.206 5.69 537.0
2455738.73998 20.210 0.127 4.54 454.0
2455739.61000 19.721 0.103 6.13 426.0
2455739.79375 20.455 0.182 5.17 472.0
2455740.59015 20.023 0.201 7.45 508.0
2455740.79800 20.251 0.167 5.52 497.0
2455741.56316 20.433 0.192 5.50 469.0
2455741.74533 20.158 0.112 4.09 400.0
2455742.49544 20.329 0.253 6.30 746.0
2455742.68022 20.547 0.156 4.46 386.0
2455742.83387 20.269 0.125 3.91 455.0
2455743.73082 20.198 0.144 4.91 479.0
2455743.88259 20.438 0.276 6.41 662.0
2455744.66228 20.016 0.122 5.40 439.0
2455744.86695 20.453 0.274 6.43 644.0
2455745.64148 19.798 0.115 5.82 460.0
2455746.67957 20.435 0.181 5.51 411.0
2455746.85892 20.197 0.226 7.27 515.0
2455749.69490 20.366 0.195 6.48 403.0
2455753.70017 19.802 0.190 4.44 2658.0
2455760.82745 20.164 0.207 6.05 741.0
2455762.52766 19.934 0.136 5.40 517.0
2455763.56381 20.340 0.135 4.55 455.0
2455763.74984 20.137 0.143 4.76 600.0
2455764.56620 19.906 0.121 5.39 532.0
2455764.75076 20.203 0.129 4.49 467.0
2455765.63549 19.938 0.099 4.17 499.0
2455766.49746 20.260 0.180 6.09 464.0
2455766.68153 20.117 0.114 4.68 389.0
2455767.56155 20.316 0.174 5.49 494.0
2455767.76935 20.404 0.226 6.70 449.0
2455768.61876 20.228 0.132 4.76 451.0
2455768.79458 20.584 0.239 5.52 527.0
2455769.66439 20.429 0.131 3.86 373.0
2455770.74151 20.234 0.174 5.59 480.0
2455776.59085 20.141 0.198 6.95 466.0
2455777.50985 19.875 0.105 5.08 513.0
2455777.76094 20.373 0.146 4.39 458.0
2455779.58590 20.061 0.114 4.64 460.0
2455786.55722 19.810 0.169 6.16 779.0
2455786.74556 20.205 0.289 6.95 916.0
2455787.59297 20.120 0.125 4.17 630.0
2455788.49488 20.771 0.294 5.46 555.0
2455788.67966 20.435 0.268 5.97 657.0
2455790.73680 20.111 0.176 6.03 616.0
2455793.58523 20.409 0.182 5.72 443.0
2455793.74228 19.829 0.180 8.04 553.0
2455794.65994 20.109 0.142 5.46 453.0
2455795.71334 20.613 0.257 6.14 478.0
2455796.46994 20.303 0.245 5.67 891.0
2455796.57652 20.149 0.163 6.23 488.0
2455796.63872 19.792 0.105 5.67 438.0
2455801.56070 20.192 0.165 6.30 428.0
2455802.54970 20.147 0.165 6.21 463.0
2455804.54489 20.545 0.255 6.89 457.0
2455805.49383 20.043 0.104 4.84 429.0
2455807.62484 20.231 0.205 6.61 477.0
2455812.60705 19.820 0.183 5.99 909.0
2455813.59096 19.994 0.116 4.06 678.0
2455815.55913 20.404 0.163 3.99 601.0
2455816.53932 20.695 0.287 5.35 663.0
2455817.54056 20.383 0.189 4.96 587.0
2455818.52201 20.016 0.153 5.49 585.0
2455819.52160 20.240 0.154 4.84 545.0
2455820.49934 19.880 0.179 7.21 600.0
2455820.65828 20.096 0.245 7.31 738.0
2455822.58793 20.117 0.143 5.42 420.0
2455823.60658 20.144 0.173 5.53 536.0
2455824.54354 20.276 0.153 4.59 469.0
2455824.62405 20.034 0.155 6.07 508.0
2455825.56156 20.214 0.161 4.44 542.0
2455826.48447 20.435 0.273 6.47 585.0
2455826.57182 20.683 0.270 5.42 543.0
2455827.59129 20.233 0.203 6.01 578.0
2455828.52404 20.131 0.135 4.87 445.0
2455828.59957 20.648 0.242 5.06 555.0
2455829.53497 20.214 0.146 4.87 504.0
2455829.61095 20.381 0.170 5.40 528.0
2455830.54808 20.187 0.132 4.85 482.0
2455831.52012 20.471 0.167 4.82 476.0
2455832.54118 20.315 0.154 4.78 512.0
2455833.48757 20.552 0.287 5.95 638.0
2455833.57881 20.452 0.193 5.12 491.0
2455834.53830 20.208 0.131 4.78 461.0
2455836.52186 19.952 0.151 5.28 646.0
2455836.58542 20.081 0.188 6.70 737.0
2455840.50281 19.911 0.187 6.70 676.0
2455840.58862 20.545 0.257 5.00 729.0
2455841.51517 20.366 0.257 5.90 741.0
2455841.59779 20.202 0.271 6.83 818.0
2455842.56132 20.373 0.291 6.54 729.0
2455844.54251 20.033 0.184 5.98 722.0
2455845.50339 20.175 0.225 6.90 680.0
2455846.54529 19.834 0.205 6.77 884.0
2455850.56928 20.283 0.197 5.85 583.0
2455851.53243 20.288 0.198 5.80 547.0
2455855.54161 20.503 0.293 5.79 718.0
2455856.54849 20.366 0.278 6.76 693.0
2455860.49746 20.031 0.228 5.91 951.0
2455969.87566 20.005 0.148 5.88 660.0
2455972.88004 20.220 0.148 4.51 689.0
2455977.85686 20.100 0.151 5.62 573.0
2455978.85556 20.317 0.164 5.11 485.0
2455979.84526 20.053 0.189 6.38 574.0
2455980.86548 20.063 0.170 6.25 539.0
2455982.86970 20.075 0.114 4.73 438.0
2455983.88186 19.954 0.084 3.85 443.0
2455984.86599 20.264 0.119 4.04 440.0
2455985.85001 19.935 0.129 5.49 548.0
2455986.83127 20.259 0.166 5.50 549.0
2455987.82417 20.341 0.205 5.66 584.0
2455987.89600 20.168 0.127 4.35 503.0
2455988.88349 20.412 0.158 4.51 477.0
2455989.85853 19.811 0.145 7.43 433.0
2455990.82302 19.932 0.126 6.36 460.0
2455991.81690 20.447 0.234 6.35 563.0
2455991.89111 20.168 0.131 5.15 424.0
2455992.85660 19.975 0.112 4.63 528.0
2455993.83627 20.109 0.174 6.00 611.0
2455994.81126 19.999 0.140 4.52 857.0
2455994.89547 20.142 0.137 4.24 640.0
2455995.82423 20.074 0.137 4.23 704.0
2455995.90799 20.341 0.214 4.02 1109.0
2455996.85004 20.319 0.159 4.66 564.0
2455997.80584 20.139 0.175 6.21 627.0
2455997.89218 20.039 0.117 4.53 549.0
2455998.84376 20.387 0.198 5.31 577.0
2455999.78475 20.227 0.197 6.28 663.0
2455999.86574 20.444 0.173 4.32 563.0
2456004.78587 19.783 0.129 6.59 541.0
2456004.88225 20.492 0.176 4.86 476.0
2456005.80351 19.901 0.115 5.75 433.0
2456005.90884 19.923 0.096 4.41 494.0
2456006.82856 20.398 0.136 4.09 410.0
2456007.82995 19.879 0.096 4.29 425.0
2456008.82375 19.855 0.094 4.42 428.0
2456008.91137 19.973 0.150 5.60 561.0
2456009.82639 20.076 0.112 4.51 489.0
2456009.91082 20.387 0.189 4.94 585.0
2456010.81808 20.382 0.147 4.52 452.0
2456010.90566 20.337 0.109 3.40 424.0
2456011.79814 20.074 0.116 4.72 432.0
2456011.91181 20.107 0.181 4.04 1140.0
2456012.81303 20.211 0.117 4.45 383.0
2456012.90924 20.024 0.080 3.52 372.0
2456013.80693 20.444 0.177 5.56 392.0
2456013.90970 20.457 0.152 4.55 413.0
2456014.78327 20.113 0.115 4.89 413.0
2456015.76123 20.067 0.107 4.64 441.0
2456016.74105 20.010 0.101 4.28 449.0
2456016.82139 20.184 0.136 4.91 426.0
2456017.73088 20.195 0.165 6.11 488.0
2456017.80737 20.270 0.113 4.15 389.0
2456017.90485 20.208 0.096 3.92 358.0
2456018.79614 20.112 0.145 6.43 388.0
2456018.87782 19.992 0.098 4.91 387.0
2456019.77435 20.192 0.158 5.92 438.0
2456019.87084 19.947 0.088 4.28 395.0
2456020.72929 19.996 0.121 5.07 516.0
2456020.82393 20.618 0.188 5.07 384.0
2456020.90239 20.227 0.162 5.71 423.0
2456021.76248 20.347 0.199 5.90 548.0
2456021.84022 20.130 0.118 4.83 461.0
2456022.78748 20.130 0.145 5.17 548.0
2456022.88360 20.301 0.125 4.04 488.0
2456023.74345 20.120 0.157 4.93 698.0
2456023.82370 20.204 0.139 4.29 600.0
2456024.70214 20.062 0.214 6.01 967.0
2456024.78076 19.966 0.126 4.81 662.0
2456024.89248 20.254 0.172 4.54 649.0
2456025.84889 19.738 0.132 5.78 666.0
2456031.87727 20.102 0.188 6.40 563.0
2456032.82160 20.456 0.150 4.42 426.0
2456033.74408 20.164 0.176 6.66 484.0
2456034.69314 20.758 0.262 6.12 492.0
2456034.92800 20.257 0.206 4.73 989.0
2456036.79534 20.223 0.124 4.93 431.0
2456036.82041 20.146 0.099 3.94 419.0
2456037.76935 20.082 0.137 5.36 459.0
2456038.73825 20.363 0.201 6.53 447.0
2456039.92315 20.422 0.168 4.19 579.0
2456040.91000 20.034 0.127 5.13 484.0
2456041.86254 20.445 0.165 4.41 493.0
2456046.90863 20.185 0.125 4.39 469.0
2456047.79988 19.922 0.104 4.62 486.0
2456048.74003 20.035 0.119 5.44 478.0
2456048.92993 20.101 0.143 4.97 661.0
2456049.86132 20.277 0.132 3.77 462.0
2456050.73682 20.462 0.174 4.26 533.0
2456050.92476 20.330 0.186 4.85 596.0
2456052.75239 20.008 0.131 4.57 647.0
2456052.90991 20.095 0.138 4.55 700.0
2456053.78311 20.056 0.116 3.27 828.0
2456054.88036 19.872 0.117 3.40 1027.0
2456058.80218 20.338 0.166 4.93 497.0
2456059.69873 19.791 0.093 4.87 461.0
2456059.87398 19.998 0.107 4.29 508.0
2456061.76337 20.364 0.138 4.05 486.0
2456061.93007 20.239 0.148 4.28 634.0
2456062.82349 20.159 0.138 4.41 575.0
2456063.79266 19.999 0.173 7.08 455.0
2456064.71620 19.925 0.095 4.47 455.0
2456064.90052 20.321 0.160 5.25 559.0
2456065.73585 20.111 0.119 4.74 428.0
2456066.66437 20.077 0.124 4.68 490.0
2456066.84747 20.157 0.128 4.66 514.0
2456067.65116 20.231 0.142 5.05 453.0
2456067.82847 20.711 0.197 4.13 432.0
2456068.65165 20.307 0.173 5.81 495.0
2456068.87059 19.991 0.093 3.61 484.0
2456069.60593 20.565 0.228 6.10 485.0
2456069.81297 20.406 0.143 4.09 403.0
2456070.61557 20.080 0.195 7.44 505.0
2456070.78053 20.183 0.141 5.42 431.0
2456071.75492 20.302 0.139 4.74 409.0
2456071.92495 19.910 0.164 6.77 503.0
2456075.74105 20.122 0.116 5.10 399.0
2456076.60232 20.114 0.157 5.66 547.0
2456076.78702 20.118 0.127 4.96 432.0
2456077.70285 20.173 0.146 5.13 519.0
2456077.90334 20.860 0.280 4.90 506.0
2456078.70045 20.620 0.212 4.67 525.0
2456078.88680 20.461 0.166 3.72 568.0
2456079.68035 20.389 0.171 5.32 459.0
2456079.88086 20.162 0.106 3.84 486.0
2456080.64811 19.968 0.140 5.14 682.0
2456080.82551 20.086 0.113 4.12 521.0
2456081.60545 19.742 0.143 5.62 866.0
2456081.77883 19.957 0.117 4.90 622.0
2456082.80336 19.848 0.196 5.81 1157.0
2456085.60098 20.102 0.230 6.39 886.0
2456085.93218 20.257 0.252 5.98 913.0
2456086.71713 20.253 0.133 4.34 528.0
2456088.65196 20.474 0.168 5.25 408.0
2456092.61224 19.908 0.120 5.90 442.0
2456092.89711 19.814 0.130 5.97 579.0
2456093.69229 19.942 0.117 5.83 396.0
2456094.55598 20.065 0.207 7.54 573.0
2456094.75270 20.008 0.111 4.80 481.0
2456094.91439 20.245 0.226 6.47 678.0
2456096.76392 20.251 0.178 6.41 446.0
2456097.66680 20.724 0.267 5.89 427.0
2456097.85385 20.585 0.225 4.86 531.0
2456098.64926 20.184 0.177 6.42 478.0
2456098.83001 20.031 0.144 5.75 489.0
2456099.83939 20.281 0.241 7.15 526.0
2456100.68598 19.769 0.086 5.04 452.0
2456101.62782 20.138 0.142 5.46 514.0
2456101.80717 19.948 0.120 4.56 584.0
2456102.60239 20.231 0.174 6.11 506.0
2456102.76823 20.351 0.137 4.04 499.0
2456103.51849 19.661 0.121 6.38 672.0
2456103.69736 20.391 0.161 4.36 478.0
2456104.51985 20.247 0.159 4.65 620.0
2456104.68087 19.951 0.081 3.95 388.0
2456104.84735 19.976 0.114 5.58 444.0
2456105.60533 20.799 0.254 5.40 438.0
2456106.56838 20.343 0.214 6.51 545.0
2456108.60827 20.049 0.172 4.98 944.0
2456108.78256 20.266 0.150 4.11 660.0
2456109.85478 20.075 0.178 5.39 779.0
2456113.57931 20.010 0.175 5.68 801.0
2456114.75903 19.932 0.127 4.86 636.0
2456115.52406 19.769 0.111 5.86 514.0
2456115.71200 19.778 0.129 6.67 469.0
2456116.56460 19.910 0.108 5.78 423.0
2456116.74663 20.003 0.120 5.25 464.0
2456117.54232 19.991 0.141 6.43 498.0
2456117.72120 20.405 0.191 5.39 509.0
2456118.49491 19.910 0.127 5.35 557.0
2456118.67939 19.872 0.094 5.14 411.0
2456118.83503 20.182 0.132 4.39 522.0
2456119.63205 20.396 0.155 5.70 363.0
2456120.66684 20.055 0.112 5.28 351.0
2456121.64575 20.226 0.123 5.29 357.0
2456121.78753 20.379 0.130 4.27 379.0
2456123.67911 19.991 0.103 5.29 366.0
2456123.83220 20.793 0.218 4.39 468.0
2456124.68536 20.158 0.139 5.80 400.0
2456125.51410 20.104 0.149 5.83 489.0
2456125.68758 20.066 0.122 5.14 397.0
2456126.51138 20.148 0.161 5.89 456.0
2456126.72248 20.097 0.134 5.50 405.0
2456127.63740 20.422 0.203 6.45 380.0
2456128.61714 20.636 0.229 5.65 405.0
2456131.69658 20.251 0.137 4.61 380.0
2456131.76987 20.416 0.179 4.72 448.0
2456132.72021 20.094 0.115 4.33 394.0
2456133.67973 19.964 0.110 5.02 402.0
2456134.57923 20.100 0.176 6.39 496.0
2456135.54860 20.276 0.268 8.06 532.0
2456135.77038 20.592 0.195 4.90 443.0
2456140.55752 20.397 0.291 5.89 1039.0
2456142.68561 19.602 0.154 7.51 675.0
2456147.63619 20.172 0.173 7.16 372.0
2456148.57389 19.987 0.089 4.48 362.0
2456150.47454 20.366 0.251 6.52 583.0
2456150.61541 20.031 0.143 6.09 420.0
2456151.51906 20.411 0.259 7.40 461.0
2456151.60982 20.049 0.152 6.52 432.0
2456151.68200 20.154 0.174 6.68 425.0
2456152.48637 20.069 0.145 6.39 420.0
2456152.55699 20.090 0.151 6.63 382.0
2456152.67032 20.273 0.136 5.09 355.0
2456153.66898 20.201 0.176 6.42 411.0
2456154.47825 20.202 0.162 5.30 508.0
2456154.71241 19.971 0.125 5.63 419.0
2456157.63770 20.108 0.153 5.92 421.0
2456157.68352 20.046 0.137 5.74 414.0
2456158.50378 20.329 0.133 4.42 452.0
2456158.58126 19.732 0.103 6.21 463.0
2456158.68588 19.923 0.101 4.40 491.0
2456159.51539 19.762 0.145 6.90 515.0
2456159.56983 20.109 0.141 5.33 456.0
2456159.61737 20.262 0.158 5.44 437.0
2456160.49618 20.367 0.186 5.73 438.0
2456160.60700 20.385 0.154 4.83 391.0
2456160.71758 20.149 0.146 5.16 485.0
2456161.50356 20.382 0.234 7.37 421.0
2456161.67115 20.072 0.135 5.54 390.0
2456161.70326 19.930 0.152 7.02 412.0
2456163.65247 20.188 0.229 7.74 490.0
2456164.50543 20.070 0.146 5.76 536.0
2456164.56917 20.073 0.173 5.58 792.0
2456164.63923 20.121 0.193 6.62 561.0
2456164.69467 19.987 0.172 6.06 647.0
2456165.58280 20.399 0.239 5.52 591.0
2456165.62452 20.057 0.160 4.67 754.0
2456165.66771 20.309 0.203 5.11 702.0
2456165.70020 20.236 0.231 5.83 839.0
2456166.69601 19.744 0.194 6.06 1610.0
2456168.54791 20.332 0.149 3.95 683.0
2456168.63856 20.083 0.130 3.21 1075.0
2456169.51129 20.289 0.194 5.61 635.0
2456169.59897 20.437 0.188 4.10 663.0
2456169.66325 20.151 0.162 4.38 769.0
2456171.53979 19.873 0.104 4.34 637.0
2456172.52641 20.393 0.162 4.59 525.0
2456172.59606 20.048 0.111 4.10 533.0
2456172.67952 20.236 0.190 5.35 724.0
2456175.54721 20.181 0.166 5.73 490.0
2456179.49049 20.131 0.192 6.90 497.0
2456179.52696 19.755 0.124 6.39 500.0
2456179.57815 20.178 0.194 6.46 507.0
2456180.50894 19.903 0.130 5.86 488.0
2456180.53771 19.984 0.155 6.46 486.0
2456181.51269 19.948 0.116 5.11 513.0
2456181.57953 20.246 0.128 3.97 503.0
2456181.64239 19.798 0.114 5.46 538.0
2456182.49598 20.258 0.163 5.77 461.0
2456182.65614 20.019 0.155 6.16 508.0
2456183.58464 20.150 0.105 3.69 412.0
2456184.53575 20.186 0.119 4.34 404.0
2456184.57435 20.222 0.108 3.66 389.0
2456184.65453 20.393 0.200 6.71 411.0
2456185.52709 19.969 0.100 4.73 405.0
2456185.63471 20.725 0.241 5.28 458.0
2456186.48282 19.989 0.162 6.36 538.0
2456186.52727 20.141 0.161 5.84 427.0
2456190.51849 20.407 0.200 5.89 490.0
2456190.55086 19.891 0.113 5.25 509.0
2456191.57143 20.284 0.155 4.74 441.0
2456191.58943 20.101 0.152 5.49 452.0
2456191.63286 20.213 0.144 5.09 466.0
2456195.53374 19.859 0.107 4.51 594.0
2456195.61173 20.041 0.136 4.27 705.0
2456196.61339 19.808 0.147 5.57 771.0
2456197.53301 20.683 0.298 5.49 641.0
2456199.55360 19.743 0.169 7.65 619.0
2456200.58110 19.982 0.190 6.36 711.0
2456202.51726 19.772 0.191 8.19 546.0
2456202.59281 19.771 0.217 8.52 710.0
2456203.49819 20.320 0.278 7.99 548.0
2456203.58444 19.837 0.151 6.05 685.0
2456204.53805 20.390 0.193 5.28 533.0
2456204.61480 19.854 0.161 6.17 720.0
2456205.56089 20.632 0.216 5.10 446.0
2456207.56037 20.147 0.256 8.07 546.0
2456207.56238 20.167 0.255 7.73 548.0
2456208.50924 19.799 0.126 5.93 529.0
2456209.54611 20.466 0.298 7.20 515.0
2456209.56845 20.221 0.195 5.95 519.0
2456210.53181 20.101 0.140 5.74 475.0
2456211.48661 20.224 0.215 4.86 1018.0
2456211.56295 20.190 0.139 4.50 476.0
2456211.60135 20.355 0.199 5.60 521.0
2456212.48363 20.346 0.296 4.76 1524.0
2456212.55895 20.433 0.178 4.27 555.0
2456213.48848 19.916 0.183 5.97 827.0
2456213.51098 19.955 0.140 5.71 515.0
2456213.57923 20.463 0.260 6.29 573.0
2456214.48994 20.280 0.213 5.54 743.0
2456214.56535 19.866 0.146 6.80 508.0
2456215.52276 20.056 0.208 7.19 567.0
2456216.48733 20.007 0.255 6.45 1180.0
2456216.56825 19.716 0.106 5.21 539.0
2456217.48887 20.362 0.206 4.82 722.0
2456217.52396 20.402 0.154 3.91 468.0
2456218.49892 20.583 0.230 5.02 556.0
2456219.49274 19.699 0.153 5.71 941.0
2456219.50337 20.500 0.262 5.62 646.0
2456223.56329 20.228 0.246 6.03 811.0
2456224.50952 19.779 0.170 6.21 726.0
2456225.55288 20.164 0.293 7.95 823.0
2456226.49601 19.603 0.138 5.85 977.0
2456227.51035 20.097 0.190 5.91 679.0
2456232.49761 19.682 0.248 7.09 1560.0
2456233.52263 20.408 0.287 6.51 650.0
2456235.50303 20.238 0.287 6.64 1096.0
2456334.86374 20.248 0.173 6.16 481.0
2456335.84818 20.451 0.204 5.93 511.0
2456337.89331 20.258 0.195 4.76 862.0
2456338.87310 20.224 0.135 5.02 391.0
2456340.84375 20.185 0.144 5.13 487.0
2456341.88130 20.174 0.190 6.47 496.0
2456343.84614 19.742 0.136 6.95 499.0
2456344.85917 20.265 0.154 5.46 406.0
2456345.87842 20.549 0.195 5.04 418.0
2456348.87857 20.041 0.128 4.75 554.0
2456350.89791 20.301 0.202 4.70 876.0
2456351.90406 19.912 0.204 4.61 1808.0
2456352.89526 20.589 0.223 4.93 613.0
2456353.88390 20.698 0.226 5.06 519.0
2456354.88853 20.107 0.138 5.06 545.0
2456360.79818 20.484 0.159 4.29 450.0
2456360.88315 20.152 0.124 5.13 417.0
2456361.85854 20.671 0.200 4.80 440.0
2456362.80658 20.013 0.127 5.16 474.0
2456362.89534 20.746 0.234 5.44 395.0
2456363.86793 20.256 0.158 5.62 439.0
2456367.87166 20.476 0.149 4.85 362.0
2456368.80913 20.473 0.146 4.20 398.0
2456368.90155 20.570 0.204 5.48 434.0
2456369.84236 20.877 0.264 5.64 408.0
2456370.79453 20.063 0.106 4.56 405.0
2456370.88656 20.383 0.172 5.79 415.0
2456371.80807 20.803 0.221 5.25 369.0
2456371.89908 20.247 0.105 4.27 357.0
2456372.81034 19.908 0.104 5.25 412.0
2456372.89260 20.481 0.167 5.49 384.0
2456373.82727 20.602 0.212 5.55 434.0
2456373.90628 20.587 0.225 6.47 457.0
2456374.83350 20.468 0.207 6.17 413.0
2456374.91454 20.127 0.148 6.09 538.0
2456375.84850 20.417 0.158 5.72 370.0
2456376.75611 19.963 0.133 5.05 628.0
2456376.84460 20.548 0.180 4.98 500.0
2456377.75454 20.483 0.187 4.53 663.0
2456377.85636 19.992 0.086 3.43 482.0
2456378.76367 20.839 0.257 4.21 760.0
2456378.85142 20.431 0.148 3.50 596.0
2456379.75134 20.061 0.149 4.62 860.0
2456379.83828 20.205 0.175 5.83 660.0
2456380.75111 20.201 0.145 4.40 673.0
2456380.85274 20.533 0.179 4.72 534.0
2456381.77181 19.961 0.108 4.11 628.0
2456381.85969 20.395 0.140 3.99 503.0
2456382.84383 19.987 0.143 5.45 612.0
2456386.75934 19.681 0.096 5.55 471.0
2456386.85865 20.511 0.197 5.62 436.0
2456387.74819 20.286 0.135 5.01 375.0
2456387.83099 20.630 0.180 4.85 398.0
2456387.91453 19.885 0.126 6.11 509.0
2456388.74807 20.479 0.197 5.70 426.0
2456388.85920 20.145 0.118 4.86 426.0
2456388.87530 20.134 0.120 4.65 452.0
2456389.75092 20.192 0.144 5.27 454.0
2456389.84000 20.206 0.119 4.39 437.0
2456389.92297 20.142 0.184 5.20 835.0
2456390.78775 20.519 0.158 4.09 439.0
2456390.87228 20.642 0.198 5.07 412.0
2456391.79580 20.482 0.211 6.17 440.0
2456393.79364 20.106 0.158 6.08 452.0
2456394.74812 20.481 0.219 5.90 504.0
2456395.71309 20.685 0.286 6.28 523.0
2456395.89102 20.334 0.121 3.76 455.0
2456396.85072 19.973 0.079 3.52 422.0
2456397.78782 20.169 0.108 4.32 403.0
2456398.70586 20.657 0.194 4.28 464.0
2456398.88654 19.940 0.102 4.93 400.0
2456399.80798 20.050 0.107 4.67 396.0
2456400.76088 20.779 0.215 4.57 424.0
2456401.72333 20.145 0.124 4.96 412.0
2456401.90169 20.399 0.150 4.45 440.0
2456402.82692 20.292 0.156 5.38 416.0
2456403.73599 19.996 0.100 4.38 440.0
2456403.91738 20.230 0.125 4.00 467.0
2456404.84521 20.322 0.142 4.93 390.0
2456405.82581 20.565 0.243 5.10 946.0
2456405.86214 20.631 0.179 4.34 446.0
2456406.87843 19.821 0.136 4.46 1657.0
2456409.84371 20.582 0.295 5.72 786.0
2456416.69054 20.450 0.220 5.97 502.0
2456416.90746 20.377 0.149 4.49 494.0
2456417.80131 20.416 0.167 5.02 458.0
2456418.66356 19.901 0.118 4.75 567.0
2456418.82613 19.908 0.089 4.14 384.0
2456419.71240 20.264 0.136 4.62 428.0
2456419.88822 20.346 0.177 5.05 494.0
2456420.73003 20.273 0.123 4.98 362.0
2456420.91339 20.342 0.123 3.69 413.0
2456422.68595 20.381 0.160 4.96 456.0
2456423.64813 19.713 0.122 6.16 547.0
2456423.85574 20.355 0.171 4.89 539.0
2456424.69659 20.748 0.215 4.66 527.0
2456424.89178 19.595 0.072 4.35 531.0
2456426.80420 20.432 0.153 4.84 443.0
2456427.93271 20.050 0.126 4.56 857.0
2456428.78790 20.528 0.228 6.38 464.0
2456429.94974 19.753 0.217 5.59 2795.0
2456431.78827 20.022 0.112 5.39 458.0
2456432.64272 20.660 0.260 6.14 512.0
2456432.81083 20.592 0.208 5.81 461.0
2456433.61510 20.289 0.245 7.75 548.0
2456433.79773 20.261 0.163 5.35 511.0
2456434.69950 19.902 0.127 5.91 559.0
2456434.88986 20.244 0.143 4.48 605.0
2456435.74006 20.006 0.119 4.76 643.0
2456435.91894 20.130 0.127 4.25 632.0
2456436.71837 20.279 0.173 5.07 736.0
2456436.90605 20.531 0.215 3.93 1010.0
2456442.72888 20.226 0.127 4.63 478.0
2456442.90320 20.055 0.117 4.34 595.0
2456443.65658 20.239 0.170 7.03 642.0
2456444.72584 20.251 0.158 5.94 442.0
2456444.73579 20.147 0.171 6.60 496.0
2456444.93405 20.697 0.261 5.27 662.0
2456445.74778 20.190 0.131 4.91 472.0
2456445.94802 19.781 0.203 5.16 1956.0
2456446.72664 20.313 0.130 4.91 406.0
2456446.93183 20.184 0.146 5.54 592.0
2456447.69854 20.099 0.135 6.41 435.0
2456447.87594 20.185 0.117 3.86 502.0
2456448.63845 20.338 0.179 6.27 435.0
2456448.82408 20.250 0.122 4.30 460.0
2456449.59753 20.336 0.154 4.91 456.0
2456449.78362 20.351 0.155 5.11 455.0
2456450.56368 20.029 0.155 5.95 585.0
2456450.73308 20.427 0.128 3.99 421.0
2456450.90233 19.974 0.115 4.45 590.0
2456451.66409 20.082 0.130 5.18 567.0
2456451.84971 20.275 0.162 5.16 495.0
2456452.62823 20.028 0.100 4.93 421.0
2456452.86373 20.293 0.115 3.87 444.0
2456454.63786 19.784 0.095 5.58 417.0
2456454.82284 19.884 0.100 4.96 430.0
2456455.60232 19.871 0.102 5.11 542.0
2456456.60399 19.903 0.080 4.56 393.0
2456456.79037 19.984 0.095 4.50 415.0
2456457.76368 20.271 0.113 4.28 398.0
2456458.54882 20.439 0.218 5.88 558.0
2456458.72256 20.007 0.135 5.93 494.0
2456458.89962 20.273 0.172 5.49 664.0
2456459.66649 19.978 0.099 4.69 447.0
2456459.85535 19.951 0.096 4.33 507.0
2456460.72169 20.244 0.139 4.75 497.0
2456461.61202 20.452 0.194 5.53 524.0
2456461.82381 20.287 0.146 4.72 497.0
2456462.69129 19.979 0.111 4.96 537.0
2456463.55381 19.688 0.118 5.84 687.0
2456463.74323 20.005 0.120 4.56 620.0
2456464.74169 20.215 0.179 5.29 707.0
2456468.74242 20.320 0.199 6.13 723.0
2456469.61086 20.075 0.135 5.17 598.0
2456469.83102 20.067 0.165 5.74 662.0
2456472.79051 20.027 0.139 5.73 496.0
2456473.56615 20.322 0.168 5.87 447.0
2456473.75176 19.858 0.090 4.55 472.0
2456474.68463 19.920 0.113 5.53 461.0
2456474.86671 20.298 0.235 6.08 822.0
2456475.67081 20.403 0.139 4.65 398.0
2456475.84439 20.315 0.217 6.31 622.0
2456476.61058 20.691 0.269 6.53 501.0
2456476.79871 19.978 0.096 4.38 471.0
2456477.60392 20.089 0.132 5.66 422.0
2456477.79191 19.940 0.156 6.26 594.0
2456480.61769 20.662 0.254 6.56 414.0
2456480.80259 20.551 0.247 6.75 415.0
2456481.62878 20.123 0.145 6.87 386.0
2456482.78857 20.457 0.293 7.46 559.0
2456485.60319 19.969 0.127 8.60 412.0
2456485.82351 20.444 0.187 4.99 533.0
2456486.56278 20.346 0.149 5.66 419.0
2456486.77188 20.358 0.145 4.75 461.0
2456487.56244 20.125 0.132 5.66 442.0
2456487.76086 20.279 0.108 3.62 455.0
2456489.59563 20.238 0.144 5.50 427.0
2456489.81051 20.025 0.162 6.55 560.0
2456490.63942 19.957 0.108 4.62 494.0
2456491.48550 20.068 0.179 5.89 698.0
2456491.70516 20.197 0.142 4.78 497.0
2456492.51906 19.891 0.139 5.64 676.0
2456492.71493 20.204 0.159 4.64 588.0
2456496.54264 20.356 0.260 5.85 914.0
2456497.63807 20.244 0.199 7.40 575.0
2456498.47149 20.436 0.165 4.54 609.0
2456498.65175 19.987 0.117 5.77 494.0
2456499.48575 20.011 0.131 5.53 488.0
2456500.61062 20.431 0.243 7.09 493.0
2456501.62211 20.096 0.111 4.80 405.0
2456501.78955 20.352 0.274 7.40 601.0
2456505.53704 20.045 0.141 6.06 479.0
2456505.73679 20.376 0.188 5.57 487.0
2456506.66466 20.525 0.220 7.10 422.0
2456507.72520 19.644 0.130 7.04 528.0
2456508.63394 20.176 0.122 5.30 442.0
2456509.54758 20.277 0.108 3.79 412.0
2456509.72535 20.092 0.120 5.30 439.0
2456510.61546 20.070 0.101 4.33 394.0
2456511.54711 20.270 0.165 5.61 440.0
2456512.72443 20.189 0.167 6.04 471.0
2456514.67708 20.411 0.143 4.87 385.0
2456515.62847 20.024 0.089 3.95 404.0
2456516.62012 20.266 0.143 5.61 393.0
2456518.63272 20.293 0.117 3.72 438.0
2456519.58555 20.033 0.102 3.95 468.0
2456523.51804 19.983 0.132 4.47 813.0
2456524.61947 20.242 0.148 3.74 767.0
2456525.62548 20.279 0.219 5.21 768.0
2456527.63021 20.098 0.183 5.10 1434.0
2456530.67493 20.200 0.218 7.49 445.0
2456531.68007 20.111 0.151 5.99 474.0
2456532.67550 20.303 0.175 6.07 458.0
2456534.54927 20.077 0.125 4.93 482.0
2456536.47948 19.959 0.157 6.87 536.0
2456538.57044 19.709 0.101 6.52 426.0
2456539.62410 20.713 0.190 4.10 596.0
2456541.62120 20.401 0.126 3.87 410.0
2456544.52246 19.989 0.128 5.96 418.0
2456545.57553 19.996 0.107 5.03 414.0
2456546.61816 20.045 0.130 5.40 756.0
2456552.58166 19.659 0.135 6.81 660.0
2456556.64090 20.222 0.257 7.26 677.0
2456559.51384 20.504 0.230 6.02 581.0
2456560.57194 20.371 0.178 4.64 576.0
2456562.53119 20.285 0.158 5.71 441.0
2456563.57418 20.182 0.169 5.99 453.0
2456564.59821 20.395 0.213 6.31 524.0
2456565.57580 19.784 0.108 5.07 516.0
2456567.55212 20.183 0.182 5.65 513.0
2456568.54866 19.912 0.173 7.41 535.0
2456569.50932 20.158 0.120 4.45 466.0
2456569.59146 20.093 0.110 4.39 457.0
2456570.56921 19.756 0.127 6.91 497.0
2456571.58168 20.085 0.176 6.47 563.0
2456572.54186 20.423 0.180 4.65 497.0
2456573.50503 20.224 0.153 4.70 545.0
2456573.59242 20.028 0.133 5.03 619.0
2456578.56484 20.474 0.255 6.11 675.0
2456579.52138 20.215 0.193 5.34 693.0
2456581.57697 19.742 0.128 5.40 789.0
2456582.58125 20.072 0.164 4.97 852.0
2456585.56824 20.298 0.253 5.82 825.0
2456592.54805 20.026 0.195 6.89 597.0
2456593.53071 20.380 0.242 6.04 595.0
2456698.86551 20.555 0.272 6.42 585.0
2456700.87068 20.086 0.146 5.43 611.0
2456702.88919 19.798 0.170 6.19 1037.0
2456705.86234 19.935 0.179 6.31 844.0
2456707.85985 19.865 0.141 6.21 698.0
2456708.88290 19.942 0.123 5.21 678.0
2456710.83943 20.019 0.129 4.97 708.0
2456715.83314 19.901 0.105 5.40 507.0
2456717.82933 20.467 0.249 6.95 579.0
2456718.84715 20.300 0.224 6.86 575.0
2456719.84482 19.755 0.116 6.06 610.0
2456720.82065 20.475 0.187 5.53 550.0
2456721.80411 19.887 0.172 7.48 616.0
2456721.89281 19.837 0.096 4.90 515.0
2456722.87875 20.491 0.183 5.18 551.0
2456723.85526 20.280 0.147 4.68 582.0
2456724.83559 20.122 0.211 7.93 577.0
2456725.90537 20.586 0.256 5.63 736.0
2456726.87356 20.445 0.195 5.44 550.0
2456727.84233 20.235 0.114 4.50 452.0
2456728.80975 19.868 0.098 5.21 496.0
2456728.90541 19.908 0.102 4.58 651.0
2456729.86486 20.097 0.122 4.90 499.0
2456732.91425 20.368 0.225 4.43 1248.0
2456733.85633 20.070 0.138 5.15 651.0
2456734.79107 20.168 0.162 4.89 740.0
2456734.88675 20.541 0.201 5.33 617.0
2456735.83457 20.291 0.184 5.15 746.0
2456736.76596 20.385 0.256 6.34 850.0
2456737.82076 20.128 0.138 5.22 675.0
2456737.89875 20.495 0.175 4.47 641.0
2456742.82685 20.369 0.137 4.80 493.0
2456742.91304 20.513 0.172 4.89 553.0
2456744.83573 20.329 0.184 7.61 480.0
2456745.76941 20.427 0.212 6.57 509.0
2456745.83079 20.247 0.187 6.96 472.0
2456746.82420 20.434 0.187 6.11 457.0
2456747.83299 20.110 0.121 5.26 473.0
2456748.79120 20.218 0.159 5.99 503.0
2456749.80204 20.117 0.127 5.32 494.0
2456750.81629 20.010 0.136 6.08 495.0
2456751.84270 20.050 0.091 4.20 433.0
2456752.81624 20.271 0.143 5.59 463.0
2456754.80469 19.859 0.150 7.57 485.0
2456755.82554 20.257 0.151 5.44 477.0
2456756.77913 20.356 0.126 4.74 428.0
2456757.73961 20.425 0.210 5.90 567.0
2456757.92590 20.359 0.189 5.49 665.0
2456759.71171 20.056 0.153 6.17 686.0
2456759.90246 20.316 0.102 3.48 485.0
2456760.85205 20.040 0.100 4.69 538.0
2456761.78895 20.239 0.151 4.80 617.0
2456762.73455 20.003 0.153 5.27 873.0
2456763.70799 20.382 0.212 5.84 827.0
2456763.89031 20.049 0.128 4.11 736.0
2456764.81879 20.552 0.175 3.90 712.0
2456765.74175 20.388 0.212 5.18 857.0
2456765.92517 20.539 0.215 4.46 872.0
2456768.89938 20.124 0.106 3.98 532.0
2456769.79785 20.770 0.240 5.31 560.0
2456770.69882 20.371 0.145 4.63 515.0
2456770.86149 20.190 0.143 5.17 552.0
2456771.81162 20.599 0.195 5.08 540.0
2456772.91640 20.348 0.144 4.68 495.0
2456773.83462 20.597 0.215 6.09 450.0
2456774.74768 20.681 0.285 6.75 521.0
2456775.71194 20.341 0.133 4.61 490.0
2456775.91498 20.120 0.116 4.71 480.0
2456776.82963 20.180 0.136 5.91 518.0
2456777.81072 20.250 0.125 4.30 504.0
2456784.72330 20.405 0.234 6.47 533.0
2456784.90578 20.058 0.125 4.56 548.0
2456785.70198 20.531 0.175 4.14 519.0
2456786.71044 20.600 0.193 4.32 533.0
2456786.92427 20.083 0.140 4.81 572.0
2456789.68106 20.421 0.217 5.41 670.0
2456789.85517 20.150 0.150 4.45 710.0
2456790.71150 20.560 0.261 5.58 701.0
2456790.88336 20.356 0.194 4.75 738.0
2456791.72431 20.311 0.221 5.54 789.0
2456791.89503 20.057 0.164 4.64 927.0
2456792.71467 20.458 0.251 5.16 925.0
2456792.87416 20.338 0.215 4.64 1018.0
2456796.66774 20.504 0.265 5.56 689.0
2456796.84043 20.242 0.158 4.29 653.0
2456797.70498 20.085 0.183 5.16 1016.0
2456797.87277 19.986 0.181 5.38 906.0
2456798.86482 19.966 0.197 7.09 619.0
2456803.64807 20.147 0.152 6.16 407.0
2456803.82061 20.544 0.151 3.98 418.0
2456804.58876 20.273 0.158 5.50 473.0
2456804.76975 20.011 0.109 4.58 446.0
2456804.93540 20.280 0.242 6.33 680.0
2456805.75964 20.182 0.127 4.76 413.0
2456805.93109 19.740 0.141 6.44 628.0
2456807.71787 20.085 0.182 6.83 486.0
2456807.88669 20.476 0.222 5.61 523.0
2456808.67811 20.302 0.200 6.68 494.0
2456808.86569 20.174 0.165 5.63 514.0
2456809.64905 20.341 0.155 5.17 438.0
2456809.85908 20.462 0.174 4.70 506.0
2456810.65038 20.479 0.213 5.25 516.0
2456810.84557 20.385 0.173 4.79 534.0
2456811.61493 20.024 0.167 6.25 558.0
2456811.81171 20.538 0.250 5.64 599.0
2456813.67438 20.598 0.266 6.35 481.0
2456813.87375 19.967 0.118 5.48 458.0
2456814.71028 20.244 0.131 4.75 406.0
2456814.88931 20.008 0.145 5.93 506.0
2456815.67761 19.618 0.107 6.20 509.0
2456815.89098 20.180 0.151 5.20 571.0
2456816.73074 20.121 0.178 6.34 516.0
2456817.58987 20.299 0.243 6.81 658.0
2456817.76667 20.460 0.200 5.11 547.0
2456817.93426 20.294 0.261 6.66 725.0
2456823.75628 20.148 0.173 4.47 900.0
2456823.91747 20.084 0.194 4.72 1224.0
2456824.72904 19.939 0.122 4.86 578.0
2456825.69400 19.925 0.133 5.25 571.0
2456825.87636 20.629 0.291 4.92 921.0
2456826.63418 20.375 0.201 6.30 478.0
2456826.83398 20.097 0.152 5.36 598.0
2456827.83057 20.539 0.221 5.62 497.0
2456828.59317 20.525 0.185 4.93 425.0
2456828.80198 20.100 0.118 4.70 432.0
2456829.54704 20.249 0.263 7.94 517.0
2456829.73268 20.187 0.161 6.03 439.0
2456830.52249 19.857 0.208 7.60 721.0
2456830.71100 20.373 0.121 3.66 413.0
2456830.88094 20.338 0.178 5.16 564.0
2456831.79042 20.063 0.105 4.29 454.0
2456832.59111 20.265 0.174 5.70 473.0
2456832.77856 20.195 0.172 5.87 528.0
2456833.60938 20.374 0.191 5.60 487.0
2456833.79568 20.244 0.170 4.94 657.0
2456834.57301 20.492 0.241 5.85 545.0
2456834.75652 19.858 0.116 5.38 487.0
2456835.58136 20.544 0.250 6.02 507.0
2456835.76417 20.093 0.148 5.83 476.0
2456836.55095 19.698 0.131 6.53 584.0
2456836.73837 20.157 0.194 6.98 495.0
2456837.52469 20.334 0.198 5.38 690.0
2456837.70571 20.097 0.129 4.76 524.0
2456837.85982 20.198 0.194 5.71 690.0
2456838.64017 20.817 0.247 5.30 415.0
2456838.82401 20.144 0.201 6.47 598.0
2456839.60847 20.293 0.238 6.92 545.0
2456839.79544 19.931 0.138 5.60 571.0
2456840.60845 20.214 0.252 7.63 546.0
2456840.80012 20.262 0.199 6.20 496.0
2456841.68953 20.258 0.167 5.45 503.0
2456841.84584 20.011 0.183 7.05 569.0
2456842.67386 20.378 0.176 5.15 493.0
2456844.62351 20.490 0.167 4.26 542.0
2456844.81202 20.553 0.216 5.36 520.0
2456845.55407 20.505 0.208 5.36 554.0
2456845.73394 20.206 0.120 3.89 522.0
2456847.65376 20.088 0.133 4.37 720.0
2456847.79146 20.146 0.177 4.90 798.0
2456851.53838 20.520 0.282 5.49 960.0
2456851.71034 20.420 0.229 5.18 830.0
2456852.52660 20.043 0.228 6.66 894.0
2456855.50336 19.957 0.148 5.95 517.0
2456855.69137 20.462 0.180 5.41 431.0
2456856.48731 20.407 0.240 6.61 559.0
2456856.67268 20.338 0.155 4.91 437.0
2456857.48898 20.252 0.149 4.51 538.0
2456857.67358 19.924 0.097 4.81 399.0
2456858.50149 20.117 0.114 4.21 452.0
2456858.68677 20.255 0.125 4.17 436.0
2456859.63465 20.093 0.137 4.99 499.0
2456862.58693 20.061 0.149 6.30 488.0
2456862.76278 20.115 0.147 5.80 551.0
2456863.63313 20.198 0.117 4.40 417.0
2456864.47178 20.095 0.235 7.32 608.0
2456864.66172 20.198 0.144 5.53 425.0
2456865.69405 20.283 0.166 5.54 550.0
2456870.56189 20.286 0.184 6.09 430.0
2456871.55581 19.969 0.106 4.31 513.0
2456872.64978 20.071 0.127 5.38 417.0
2456874.50242 20.219 0.189 6.24 491.0
2456879.54671 20.063 0.268 7.17 877.0
2456879.75827 20.193 0.289 6.06 1276.0
2456880.70991 20.106 0.259 6.90 891.0
2456882.58202 19.962 0.131 5.39 476.0
2456883.49584 20.045 0.136 5.09 464.0
2456884.72170 20.466 0.208 6.17 497.0
2456885.65357 19.964 0.112 5.26 428.0
2456886.57852 20.139 0.113 4.24 423.0
2456887.47893 20.019 0.131 4.86 583.0
2456887.67600 20.155 0.132 5.42 400.0
2456888.60921 19.960 0.110 4.91 440.0
2456889.56020 19.996 0.117 5.32 404.0
2456890.47927 20.393 0.180 4.99 499.0
2456890.66986 20.041 0.156 6.86 407.0
2456891.61487 20.671 0.253 5.91 472.0
2456895.57034 20.012 0.101 4.31 436.0
2456896.52803 20.387 0.208 5.78 504.0
2456900.49935 20.142 0.121 4.74 537.0
2456907.55980 19.874 0.130 5.41 629.0
2456909.58509 20.149 0.220 5.93 708.0
2456912.60062 19.891 0.134 5.91 550.0
2456915.60911 20.431 0.242 6.82 504.0
2456918.60929 20.024 0.184 6.84 573.0
2456921.64215 19.894 0.123 7.06 476.0
2456924.52989 20.226 0.244 7.22 599.0
2456925.57023 20.120 0.187 6.74 510.0
2456926.59461 20.312 0.189 5.94 494.0
2456928.51416 20.179 0.239 7.59 639.0
2456929.57932 20.236 0.214 6.64 572.0
2456937.54961 20.070 0.188 5.98 689.0
2456938.54906 19.882 0.180 6.32 814.0
2456940.50913 19.955 0.148 5.44 594.0
2456941.52734 20.000 0.208 7.01 718.0
2456942.56690 20.606 0.285 6.35 594.0
2456944.51174 20.420 0.222 6.42 498.0
2456947.53018 20.019 0.191 7.11 561.0
2456951.49408 20.417 0.251 5.89 716.0
2456953.51213 19.993 0.185 6.49 623.0
2457063.89226 19.981 0.223 5.60 1477.0
2457069.88432 20.346 0.202 5.29 659.0
2457071.84309 20.099 0.150 5.57 550.0
2457072.85093 19.971 0.158 6.54 545.0
2457074.87973 19.730 0.153 7.38 564.0
2457075.85582 20.061 0.163 6.47 540.0
2457076.85731 19.999 0.121 5.34 524.0
2457077.85499 20.008 0.178 6.86 550.0
2457078.84571 20.219 0.168 5.73 516.0
2457080.88076 20.194 0.155 5.83 437.0
2457082.83509 20.176 0.150 5.81 504.0
2457083.82971 19.900 0.153 6.47 557.0
2457083.89724 20.349 0.218 6.24 550.0
2457084.87732 20.244 0.137 4.50 481.0
2457085.85011 20.086 0.138 4.33 739.0
2457086.82919 20.251 0.192 5.16 785.0
2457087.88518 20.504 0.216 4.48 676.0
2457088.85650 20.468 0.192 4.39 593.0
2457089.82105 20.686 0.283 5.36 657.0
2457090.80964 19.885 0.155 5.91 695.0
2457090.87755 20.057 0.159 5.78 566.0
2457091.83100 20.703 0.287 5.48 681.0
2457092.79700 20.126 0.156 4.97 742.0
2457092.86423 20.218 0.156 4.84 606.0
2457097.84372 20.452 0.147 4.29 441.0
2457098.79454 20.210 0.148 5.24 491.0
2457098.89181 20.198 0.131 5.07 452.0
2457099.83341 20.377 0.173 5.36 451.0
2457100.87306 20.194 0.126 4.03 476.0
2457101.84386 20.065 0.200 6.88 572.0
2457102.81942 20.360 0.223 6.64 487.0
2457109.76313 19.751 0.109 6.33 472.0
2457109.83597 20.193 0.140 5.26 441.0
2457110.75503 20.450 0.182 5.82 465.0
2457110.85687 20.589 0.207 5.33 484.0
2457111.77784 20.843 0.269 5.20 483.0
2457111.88786 20.874 0.263 5.49 427.0
2457112.78523 19.948 0.153 5.84 629.0
2457112.89586 20.414 0.145 3.93 487.0
2457113.84103 20.260 0.138 4.51 486.0
2457114.84874 20.177 0.137 4.81 553.0
2457115.79292 20.274 0.151 4.41 555.0
2457116.77180 20.094 0.190 5.68 743.0
2457117.75396 20.204 0.163 4.88 770.0
2457118.79277 20.687 0.247 4.75 814.0
2457120.74833 19.835 0.113 4.98 673.0
2457120.89331 20.324 0.143 3.97 575.0
2457125.85596 20.225 0.134 4.37 530.0
2457126.80044 20.500 0.170 4.57 537.0
2457129.75096 19.952 0.122 5.64 465.0
2457130.68872 20.114 0.173 7.06 459.0
2457131.77681 20.473 0.166 4.53 479.0
2457132.71262 19.997 0.142 5.93 559.0
2457133.83866 20.411 0.188 5.63 515.0
2457134.72579 20.130 0.176 6.66 506.0
2457134.91149 20.201 0.130 4.45 508.0
2457135.82487 20.387 0.121 3.93 415.0
2457136.73395 20.266 0.195 6.07 536.0
2457136.91714 19.975 0.123 4.85 504.0
2457137.81235 20.348 0.121 3.90 418.0
2457138.69892 20.146 0.180 6.82 462.0
2457138.88552 20.250 0.140 4.54 500.0
2457139.80631 20.602 0.226 5.55 445.0
2457140.69971 20.574 0.273 6.19 594.0
2457140.87892 20.415 0.187 4.96 531.0
2457141.76200 20.174 0.121 4.28 508.0
2457142.65955 19.935 0.124 5.00 625.0
2457142.82819 20.398 0.157 4.49 478.0
2457143.71089 20.036 0.167 5.84 566.0
2457143.89457 20.152 0.133 4.60 503.0
2457144.77118 20.477 0.241 5.67 708.0
2457145.79698 20.587 0.262 5.25 674.0
2457146.79032 20.290 0.176 4.49 800.0
2457146.93212 19.909 0.171 4.76 1238.0
2457147.77303 20.779 0.295 4.60 740.0
2457147.91666 20.436 0.226 4.62 862.0
2457152.75690 20.093 0.158 5.61 585.0
2457152.92318 20.270 0.187 5.15 691.0
2457153.76012 20.337 0.125 3.68 522.0
2457153.92577 20.504 0.194 4.24 649.0
2457154.82306 19.936 0.108 4.54 500.0
2457155.66685 20.087 0.151 5.78 519.0
2457155.85546 20.269 0.159 4.48 546.0
2457156.67785 19.990 0.110 4.95 459.0
2457157.66110 20.204 0.137 4.87 442.0
2457157.90228 20.108 0.115 4.03 484.0
2457158.75496 20.199 0.139 4.97 452.0
2457158.93936 20.420 0.270 5.19 953.0
2457159.75674 20.546 0.226 5.42 503.0
2457160.80247 20.252 0.133 4.30 472.0
2457161.62666 20.608 0.251 6.14 529.0
2457161.82839 20.230 0.118 3.96 450.0
2457162.64708 20.249 0.190 6.60 460.0
2457162.83162 20.609 0.205 5.11 451.0
2457163.65688 19.949 0.167 6.69 557.0
2457163.83974 20.742 0.218 4.43 485.0
2457164.92572 20.702 0.264 5.12 568.0
2457166.69095 20.171 0.211 7.80 461.0
2457169.66447 20.261 0.140 5.13 441.0
2457173.79453 20.378 0.183 4.51 663.0
2457174.78228 20.246 0.179 4.72 726.0
2457175.85036 20.198 0.179 3.89 1023.0
2457178.82181 20.604 0.256 4.23 863.0
2457179.74380 20.363 0.242 6.18 634.0
2457180.73763 20.246 0.200 6.52 502.0
2457181.76068 20.204 0.164 5.72 478.0
2457182.78053 20.490 0.194 5.28 420.0
2457183.78396 20.475 0.214 5.95 423.0
2457184.81896 19.874 0.113 5.44 427.0
2457185.82574 20.007 0.129 5.36 468.0
2457188.61239 20.081 0.153 5.95 490.0
2457189.71542 20.286 0.171 5.81 516.0
2457190.77567 20.051 0.127 4.58 575.0
2457193.73633 20.228 0.119 3.91 431.0
2457194.81021 19.839 0.091 4.36 525.0
2457199.53261 20.274 0.194 6.17 596.0
2457200.51389 20.150 0.169 5.63 729.0
2457202.74856 20.033 0.173 5.16 806.0
2457206.78078 20.165 0.191 4.07 1166.0
2457207.82246 20.386 0.236 4.78 923.0
2457211.53640 20.069 0.171 5.99 570.0
2457214.50289 20.092 0.224 7.42 605.0
2457217.76640 20.288 0.169 5.42 447.0
2457220.55960 20.103 0.117 5.03 430.0
2457221.59101 19.941 0.109 5.17 440.0
2457222.69644 19.998 0.147 5.91 554.0
2457224.47064 19.912 0.152 6.22 735.0
2457225.54481 19.867 0.142 6.59 566.0
2457226.78912 20.282 0.159 5.21 487.0
2457227.79984 20.351 0.223 6.53 481.0
2457229.53118 19.891 0.129 5.87 665.0
2457236.48084 19.808 0.130 6.14 473.0
2457249.67950 20.419 0.224 6.59 424.0
2457253.50800 20.223 0.155 5.52 475.0
2457256.52959 19.876 0.122 5.17 554.0
2457258.59620 20.283 0.251 6.53 643.0
2457263.62212 20.240 0.158 4.32 709.0
2457265.57816 20.117 0.135 4.75 548.0
2457268.57777 20.173 0.114 4.34 428.0
2457270.56724 20.424 0.178 5.30 440.0
2457273.56899 20.098 0.181 6.28 580.0
2457277.61198 20.068 0.213 8.04 451.0
2457283.61780 20.061 0.219 8.09 533.0
2457292.60992 19.824 0.224 7.20 1003.0
2457293.59428 20.118 0.128 4.66 473.0
2457295.58134 19.940 0.127 4.86 639.0
2457307.54052 19.993 0.168 6.82 541.0
2457311.53821 20.462 0.249 6.35 545.0
2457318.51339 20.007 0.167 5.41 768.0
2457325.52879 20.250 0.216 6.36 652.0
2457442.83948 20.145 0.198 5.66 795.0
2457446.82894 20.209 0.162 5.44 607.0
2457448.84138 20.610 0.243 5.71 528.0
2457451.88376 20.033 0.174 4.94 979.0
2457454.87933 20.054 0.143 5.82 457.0
2457456.89852 20.018 0.139 5.59 501.0
2457460.78595 20.106 0.176 6.67 512.0
2457462.78572 20.165 0.171 6.03 567.0
2457464.87941 19.903 0.108 5.45 538.0
2457467.83617 20.015 0.140 6.04 453.0
2457471.75941 20.059 0.217 6.42 844.0
2457472.82985 20.147 0.164 5.19 599.0
2457474.84094 20.606 0.284 6.15 610.0
2457475.88612 19.856 0.125 5.50 620.0
2457476.80009 19.961 0.140 4.96 767.0
2457480.81383 20.289 0.293 8.61 537.0
2457485.74913 20.298 0.213 7.17 426.0
2457486.87686 20.560 0.237 5.99 450.0
2457488.76215 20.185 0.146 5.59 422.0
2457491.77443 20.246 0.151 5.29 444.0
2457492.80714 19.857 0.102 5.24 447.0
2457493.80449 20.119 0.122 4.83 387.0
2457495.76128 19.998 0.149 5.73 491.0
2457497.90750 20.505 0.234 5.93 515.0
2457498.92470 20.121 0.163 6.01 509.0
2457500.80915 19.895 0.165 6.53 656.0
2457507.86588 20.107 0.116 3.92 576.0
2457508.91153 19.857 0.095 4.52 512.0
2457523.91179 19.854 0.117 5.50 524.0
2457530.80693 19.721 0.127 4.96 958.0
2457534.92007 19.949 0.160 4.87 1119.0
2457545.65849 19.754 0.099 5.73 438.0
2457546.78044 19.437 0.075 5.35 452.0
2457547.71405 19.659 0.090 5.75 382.0
2457549.57871 19.668 0.110 6.95 471.0
2457550.93020 19.609 0.175 8.16 714.0
2457555.67646 19.693 0.100 5.76 560.0
2457557.61470 19.291 0.083 5.61 730.0
2457561.77594 19.089 0.059 4.40 782.0
2457566.64231 19.361 0.076 6.11 439.0
2457567.56644 19.222 0.084 6.73 597.0
2457567.88576 19.128 0.119 7.76 736.0
2457569.57700 19.058 0.064 6.55 466.0
2457570.64448 19.162 0.052 5.55 517.0
2457570.67286 19.113 0.054 5.54 413.0
2457570.71657 19.113 0.050 5.06 373.0
2457570.77348 19.101 0.067 6.48 499.0
2457570.85876 19.282 0.100 7.78 631.0
2457575.73169 19.051 0.048 5.24 387.0
2457576.74178 19.068 0.049 5.22 383.0
2457581.72957 18.853 0.043 5.43 499.0
2457584.66136 18.914 0.051 5.26 529.0
2457589.66509 18.756 0.060 5.95 804.0
2457590.67504 18.740 0.047 5.48 621.0
2457593.65560 18.658 0.032 4.77 398.0
2457599.48934 18.566 0.046 6.35 519.0
2457600.69534 18.604 0.044 6.38 432.0
2457602.71969 18.813 0.057 6.92 456.0
2457603.76260 18.681 0.041 6.03 399.0
2457604.76814 18.584 0.035 5.34 417.0
2457606.67960 18.659 0.040 5.88 394.0
2457608.49368 18.678 0.045 6.46 419.0
2457609.63496 18.692 0.038 5.25 407.0
2457611.57319 18.816 0.052 6.05 441.0
2457612.73066 18.882 0.050 5.52 525.0
2457617.59373 18.846 0.063 5.78 707.0
2457618.71258 18.917 0.070 5.60 920.0
2457622.56435 18.988 0.047 5.00 412.0
2457623.71720 18.880 0.055 6.37 506.0
2457625.68566 19.109 0.070 6.81 434.0
2457631.48317 18.980 0.057 5.78 520.0
2457633.57063 19.172 0.089 7.82 459.0
2457636.58426 19.145 0.067 6.27 457.0
2457639.48524 19.456 0.116 6.77 565.0
2457645.51555 20.063 0.260 6.88 991.0
2457649.57320 19.471 0.076 4.60 601.0
2457652.55134 19.485 0.076 5.60 448.0
2457660.58800 20.314 0.253 7.23 521.0
2457671.53733 19.523 0.158 6.10 1177.0
2457675.53987 20.005 0.184 5.99 744.0
2457682.52230 20.161 0.170 5.61 659.0
