2455288.86467 19.063 0.054 3.90 650.0
2455293.82944 19.132 0.052 4.70 314.0
2455294.81492 19.003 0.032 3.41 256.0
2455296.85738 19.076 0.033 3.25 259.0
2455298.92816 19.060 0.072 3.53 1510.0
2455301.84345 19.106 0.048 4.96 310.0
2455306.77822 19.126 0.044 4.47 282.0
2455308.79520 19.136 0.040 3.70 293.0
2455312.92902 19.112 0.059 4.54 606.0
2455314.90351 19.041 0.054 3.98 760.0
2455316.78762 19.028 0.084 5.50 928.0
2455320.74979 19.047 0.052 4.65 487.0
2455321.89098 19.105 0.053 4.55 466.0
2455323.80419 19.020 0.047 4.31 430.0
2455324.93331 19.154 0.067 4.53 735.0
2455326.77925 19.103 0.043 4.35 295.0
2455327.92032 19.134 0.058 5.05 449.0
2455334.76980 19.099 0.045 4.57 309.0
2455336.81180 19.008 0.048 4.75 372.0
2455338.90682 19.029 0.087 7.42 529.0
2455340.85418 19.121 0.079 6.24 548.0
2455342.61372 19.026 0.073 5.43 745.0
2455343.64455 19.238 0.097 5.39 908.0
2455348.78489 19.116 0.060 5.38 386.0
2455350.71116 19.135 0.055 5.06 339.0
2455353.69350 19.117 0.040 3.88 287.0
2455355.86592 19.136 0.081 6.35 564.0
2455361.65811 19.053 0.063 6.43 322.0
2455365.69999 19.097 0.049 4.68 338.0
2455378.61267 19.055 0.041 4.09 302.0
2455380.64555 19.152 0.045 5.26 218.0
2455382.79588 19.218 0.100 8.07 400.0
2455385.53344 19.081 0.039 3.87 496.0
2455385.63290 19.105 0.034 3.78 342.0
2455385.73525 19.072 0.040 4.55 346.0
2455388.71866 19.061 0.044 5.39 179.0
2455391.81360 19.035 0.053 5.19 427.0
2455397.68142 19.208 0.067 6.03 332.0
2455405.63517 18.990 0.067 6.53 360.0
2455409.47504 19.053 0.054 6.01 313.0
2455413.51129 19.084 0.044 4.56 331.0
2455422.55336 19.051 0.051 5.46 302.0
2455433.68107 19.122 0.081 5.32 857.0
2455439.57304 19.139 0.061 5.48 315.0
2455447.50709 19.123 0.041 4.15 299.0
2455457.56428 19.265 0.065 6.64 452.0
2455460.57277 19.065 0.115 5.78 1569.0
2455465.51868 19.147 0.075 6.79 347.0
2455472.59298 19.053 0.065 6.48 437.0
2455490.52586 19.027 0.102 7.30 733.0
2455602.85534 19.090 0.057 6.00 381.0
2455604.86323 19.077 0.058 6.14 364.0
2455605.85939 19.092 0.044 4.90 333.0
2455606.85942 18.984 0.046 5.25 332.0
2455607.86253 19.065 0.054 6.36 344.0
2455608.85353 19.034 0.068 8.00 326.0
2455611.84913 18.988 0.079 7.20 578.0
2455612.85839 19.121 0.066 6.13 492.0
2455613.89320 19.070 0.105 7.94 654.0
2455615.84993 19.089 0.055 4.95 456.0
2455616.84405 19.149 0.079 6.90 512.0
2455621.83505 19.040 0.045 5.29 297.0
2455622.82303 19.060 0.043 5.14 286.0
2455624.77941 18.971 0.045 5.15 344.0
2455626.83826 19.016 0.061 6.79 304.0
2455628.77941 19.193 0.088 7.80 369.0
2455629.77486 19.057 0.060 6.68 293.0
2455631.83974 18.974 0.058 6.82 324.0
2455632.86888 19.115 0.051 5.41 267.0
2455633.76804 19.043 0.055 6.43 336.0
2455635.80093 19.080 0.071 7.55 435.0
2455637.77970 19.069 0.076 7.03 719.0
2455638.90941 19.087 0.047 4.79 423.0
2455639.76577 18.946 0.065 5.89 582.0
2455642.77764 18.942 0.063 6.03 595.0
2455647.76423 19.096 0.053 5.48 360.0
2455649.80015 19.096 0.039 4.86 235.0
2455654.80555 19.029 0.039 4.63 254.0
2455658.86353 19.122 0.045 5.33 234.0
2455662.91655 19.011 0.043 4.69 346.0
2455668.82001 19.082 0.071 4.76 933.0
2455675.80353 19.082 0.054 5.46 393.0
2455679.90118 19.006 0.040 4.42 319.0
2455682.92774 19.040 0.050 5.56 452.0
2455686.81896 19.083 0.037 3.88 326.0
2455692.66980 19.180 0.052 4.93 364.0
2455694.84352 18.981 0.041 4.60 361.0
2455697.70296 19.078 0.048 3.80 545.0
2455702.59209 19.264 0.095 6.00 860.0
2455702.77092 19.104 0.130 4.67 3129.0
2455706.87832 19.102 0.080 7.93 472.0
2455710.85230 19.166 0.064 7.02 332.0
2455715.86630 19.172 0.061 7.55 311.0
2455722.83738 18.986 0.052 6.10 404.0
2455735.68399 18.989 0.049 6.40 268.0
2455737.79594 19.149 0.046 5.31 264.0
2455740.65308 19.186 0.051 5.38 226.0
2455742.68363 19.168 0.038 4.01 213.0
2455745.73050 19.134 0.052 5.83 279.0
2455749.51905 19.080 0.066 6.57 387.0
2455760.57807 19.076 0.059 5.65 417.0
2455765.54428 19.049 0.047 4.59 418.0
2455768.79727 19.064 0.060 6.33 434.0
2455777.67539 19.077 0.043 5.29 277.0
2455784.49153 19.018 0.116 4.89 2534.0
2455784.62270 19.022 0.066 4.57 890.0
2455786.48299 19.030 0.072 5.73 604.0
2455790.59378 19.108 0.056 6.00 322.0
2455794.69431 19.077 0.058 6.02 361.0
2455803.52872 19.048 0.060 6.69 309.0
2455815.51048 19.056 0.044 4.11 435.0
2455819.54579 19.121 0.059 5.19 463.0
2455824.56155 19.160 0.049 4.59 312.0
2455829.53885 19.011 0.054 6.13 381.0
2455833.59544 19.043 0.070 7.23 367.0
2455845.57438 19.113 0.099 6.64 801.0
2455854.53130 18.965 0.065 5.75 583.0
2455972.88525 18.976 0.068 5.36 1202.0
2455984.89529 19.113 0.046 4.64 368.0
2455990.82992 19.004 0.040 5.45 280.0
2455995.77155 19.220 0.078 5.64 670.0
2455999.82413 19.055 0.051 4.70 480.0
2456002.77424 19.120 0.098 6.37 859.0
2456002.89557 19.130 0.062 4.49 656.0
2456003.86088 19.164 0.076 7.19 373.0
2456007.80078 19.072 0.039 4.56 246.0
2456010.83663 19.173 0.044 5.01 305.0
2456013.91522 19.058 0.041 4.28 372.0
2456016.91780 19.234 0.056 4.09 544.0
2456019.90191 19.069 0.035 4.36 231.0
2456022.79452 19.178 0.049 4.88 359.0
2456025.72063 18.930 0.072 6.89 589.0
2456032.92224 19.095 0.042 4.36 358.0
2456037.74632 19.114 0.055 6.01 290.0
2456040.90095 19.083 0.047 4.89 325.0
2456048.76926 19.185 0.042 4.75 250.0
2456051.67046 19.096 0.052 5.13 485.0
2456057.70022 19.086 0.062 6.05 528.0
2456057.85952 19.088 0.045 3.99 468.0
2456058.65516 18.910 0.053 7.08 342.0
2456061.84369 19.039 0.039 3.82 364.0
2456064.83522 19.173 0.043 3.98 353.0
2456067.60040 19.096 0.050 5.27 321.0
2456069.69500 19.283 0.049 5.02 276.0
2456071.67267 19.138 0.045 5.20 240.0
2456076.70676 19.079 0.036 4.16 281.0
2456078.84596 19.185 0.044 4.60 353.0
2456080.80642 19.004 0.047 4.92 414.0
2456086.60244 19.010 0.051 5.59 365.0
2456089.66022 19.038 0.041 4.59 316.0
2456093.83530 19.122 0.060 6.81 282.0
2456096.88939 19.077 0.075 6.80 490.0
2456100.52017 19.253 0.076 6.03 456.0
2456101.84117 19.169 0.071 6.62 482.0
2456103.74124 19.106 0.044 4.56 300.0
2456105.69963 19.096 0.039 4.52 254.0
2456113.71467 19.101 0.058 4.37 645.0
2456115.68963 19.058 0.055 6.29 303.0
2456117.69815 19.066 0.049 5.06 322.0
2456119.63628 19.067 0.041 5.38 196.0
2456121.64875 19.083 0.034 4.42 192.0
2456124.71442 19.203 0.048 5.17 254.0
2456126.77628 19.109 0.060 7.93 293.0
2456132.61553 19.223 0.066 7.21 226.0
2456135.67856 19.077 0.054 6.02 286.0
2456140.67757 19.051 0.071 5.77 665.0
2456147.62427 19.031 0.052 7.34 199.0
2456151.61243 19.052 0.055 6.61 263.0
2456158.55647 19.067 0.046 5.48 289.0
2456161.63985 19.166 0.048 5.22 214.0
2456169.54863 19.065 0.052 4.54 451.0
2456175.66049 19.126 0.074 6.55 483.0
2456182.64606 19.016 0.062 7.24 364.0
2456191.50477 19.120 0.080 7.21 435.0
2456198.59691 19.054 0.105 8.38 550.0
2456210.52317 19.172 0.060 6.48 339.0
2456217.51695 19.084 0.044 4.29 336.0
2456347.87497 19.146 0.044 4.43 325.0
2456354.89548 19.009 0.044 4.45 416.0
2456363.80388 19.149 0.050 5.35 283.0
2456370.89361 19.165 0.042 4.70 237.0
2456375.82406 19.070 0.040 4.71 275.0
2456375.84238 19.065 0.036 4.60 219.0
2456378.90026 19.070 0.036 3.22 459.0
2456388.79049 19.102 0.042 5.38 222.0
2456391.71978 19.201 0.069 7.08 285.0
2456395.84073 19.010 0.033 3.87 303.0
2456398.83543 19.076 0.037 4.35 234.0
2456401.88015 19.080 0.037 3.96 279.0
2456404.84912 19.059 0.040 4.87 241.0
2456408.82850 19.058 0.067 5.83 523.0
2456417.74551 19.133 0.042 4.25 311.0
2456419.85731 19.078 0.041 4.03 314.0
2456423.65172 19.127 0.052 5.51 360.0
2456426.84539 19.149 0.034 3.60 281.0
2456431.90043 19.192 0.060 5.81 378.0
2456434.67451 19.070 0.047 5.22 370.0
2456436.72205 19.105 0.050 4.44 571.0
2456442.61615 19.232 0.051 4.83 377.0
2456445.69082 19.125 0.043 4.72 302.0
2456447.67928 19.041 0.033 3.72 249.0
2456449.61499 19.039 0.043 5.72 248.0
2456451.54538 19.113 0.074 7.04 430.0
2456454.54274 19.143 0.058 6.45 284.0
2456456.72521 19.090 0.033 4.00 247.0
2456458.85854 18.999 0.050 5.63 437.0
2456461.61540 19.108 0.047 5.33 314.0
2456463.76036 18.963 0.042 4.57 438.0
2456468.80541 19.112 0.062 5.01 582.0
2456473.75498 19.051 0.035 3.95 290.0
2456475.70687 19.174 0.045 4.66 286.0
2456477.68661 18.986 0.040 5.18 277.0
2456480.71005 19.015 0.041 6.00 194.0
2456485.50337 19.056 0.044 5.34 277.0
2456487.60667 19.093 0.033 4.25 228.0
2456490.71440 19.040 0.039 4.62 279.0
2456496.53226 19.237 0.085 5.95 652.0
2456498.72682 18.994 0.041 4.46 365.0
2456505.51705 19.121 0.053 6.20 267.0
2456508.66455 18.966 0.031 4.55 272.0
2456511.64372 19.133 0.040 4.67 247.0
2456518.54647 19.155 0.042 4.33 305.0
2456524.57431 19.139 0.055 4.78 554.0
2456531.68272 19.105 0.060 6.76 318.0
2456538.60197 19.084 0.057 6.70 254.0
2456545.65205 19.019 0.048 7.81 272.0
2456560.50843 19.173 0.062 5.88 339.0
2456567.55802 19.158 0.063 5.64 339.0
2456573.55086 19.076 0.057 5.44 448.0
2456741.87520 19.095 0.037 3.48 388.0
2456742.84914 19.098 0.034 3.76 305.0
2456745.89635 19.159 0.043 4.94 265.0
2456750.76018 19.100 0.043 5.23 305.0
2456752.81874 19.062 0.035 4.26 273.0
2456755.88410 19.214 0.046 4.91 299.0
2456757.86406 19.060 0.038 4.70 254.0
2456759.88906 19.072 0.027 3.12 307.0
2456761.82044 19.059 0.038 3.61 400.0
2456763.80476 19.164 0.046 3.69 534.0
2456768.93230 18.980 0.056 3.97 1305.0
2456770.77458 19.063 0.043 5.01 328.0
2456772.67877 19.042 0.043 5.25 347.0
2456773.83696 19.107 0.047 5.78 271.0
2456775.77692 19.093 0.034 4.28 266.0
2456776.89594 19.046 0.042 4.89 358.0
2456777.73263 19.060 0.035 4.15 326.0
2456784.89439 19.078 0.050 4.96 407.0
2456785.88643 19.129 0.046 4.25 415.0
2456786.91170 19.037 0.047 4.67 392.0
2456789.80217 19.092 0.046 3.85 479.0
2456790.88533 19.092 0.061 5.10 626.0
2456791.94127 19.041 0.093 4.70 2023.0
2456796.65357 19.006 0.052 4.45 457.0
2456797.75486 19.091 0.050 3.96 723.0
2456799.90729 19.129 0.082 7.28 396.0
2456804.60546 19.137 0.046 4.96 274.0
2456805.65642 19.117 0.070 7.18 313.0
2456807.61588 19.179 0.066 6.20 314.0
2456808.66393 19.025 0.040 4.33 302.0
2456809.70825 19.071 0.029 3.25 238.0
2456810.76355 19.085 0.040 4.09 300.0
2456811.78235 19.115 0.053 5.00 388.0
2456813.89037 18.996 0.047 5.96 295.0
2456815.61481 19.125 0.070 6.96 319.0
2456816.70072 19.085 0.047 4.91 320.0
2456817.78339 19.127 0.053 5.06 410.0
2456819.64575 19.089 0.078 5.38 872.0
2456823.85880 19.215 0.097 4.95 1418.0
2456824.90210 19.080 0.091 6.79 832.0
2456826.53241 19.213 0.070 5.83 369.0
2456827.57787 19.064 0.043 4.02 359.0
2456828.62561 19.136 0.037 4.31 238.0
2456829.62201 19.179 0.059 5.99 247.0
2456830.65463 19.136 0.033 3.36 282.0
2456831.79192 19.175 0.047 5.13 298.0
2456832.82555 19.015 0.061 6.05 495.0
2456834.50068 19.044 0.072 6.51 482.0
2456835.55219 19.155 0.063 5.90 337.0
2456837.59849 19.105 0.043 4.14 373.0
2456838.59837 19.101 0.049 5.24 283.0
2456839.60988 19.070 0.047 4.76 352.0
2456840.67546 19.141 0.063 6.33 306.0
2456841.77991 19.056 0.060 6.41 392.0
2456842.82611 19.242 0.090 10.42 410.0
2456845.83543 19.107 0.057 6.53 369.0
2456847.78039 18.979 0.057 5.33 694.0
2456851.78917 19.092 0.082 6.29 808.0
2456855.51908 19.075 0.053 5.56 293.0
2456856.54824 19.087 0.046 4.91 314.0
2456857.59162 19.081 0.041 4.12 274.0
2456858.67320 19.117 0.041 4.55 288.0
2456862.63172 19.120 0.050 5.12 304.0
2456863.70933 19.174 0.047 5.46 307.0
2456872.53382 19.150 0.061 6.49 248.0
2456878.57070 19.189 0.102 6.71 659.0
2456880.69302 19.191 0.109 7.36 691.0
2456882.62848 19.124 0.049 5.09 329.0
2456885.57623 19.218 0.051 5.09 245.0
2456886.71502 19.053 0.068 7.07 512.0
2456888.64197 19.177 0.053 5.34 344.0
2456890.57969 19.131 0.046 5.05 230.0
2456895.53250 19.154 0.041 4.35 276.0
2456912.63019 19.087 0.066 6.00 488.0
2456918.54931 19.132 0.068 6.10 418.0
2456922.62647 19.133 0.070 6.64 412.0
2456926.48642 19.006 0.069 6.53 410.0
2456929.50980 19.027 0.057 5.97 361.0
2456932.55361 19.198 0.132 7.02 1568.0
2456942.51283 19.075 0.066 6.18 471.0
2457069.87628 19.118 0.050 4.71 379.0
2457074.88664 19.089 0.053 5.42 367.0
2457075.86271 19.117 0.048 5.30 323.0
2457078.86521 19.094 0.041 4.29 311.0
2457082.86705 19.087 0.036 4.18 271.0
2457086.89543 19.156 0.049 3.99 461.0
2457090.82554 19.077 0.051 4.49 458.0
2457097.89470 19.063 0.030 3.16 261.0
2457100.87989 19.104 0.041 3.94 310.0
2457110.80722 19.059 0.035 3.95 306.0
2457112.91819 19.012 0.043 3.85 480.0
2457115.73226 19.062 0.051 4.52 469.0
2457117.71417 19.194 0.074 5.06 717.0
2457119.77642 19.208 0.063 4.58 562.0
2457126.87745 19.154 0.040 3.68 360.0
2457130.77798 19.139 0.041 4.24 250.0
2457132.68558 19.113 0.076 7.20 398.0
2457134.75753 19.118 0.050 5.34 298.0
2457135.91579 19.123 0.036 3.59 296.0
2457137.76039 19.032 0.029 3.40 249.0
2457138.88771 19.104 0.042 4.04 330.0
2457140.74357 19.159 0.049 4.63 374.0
2457141.87687 19.046 0.037 3.49 363.0
2457143.69872 19.126 0.059 5.20 375.0
2457144.82729 19.014 0.072 6.73 448.0
2457146.71794 19.096 0.056 4.09 719.0
2457147.73765 18.934 0.056 4.85 704.0
2457152.89580 19.049 0.058 5.66 499.0
2457154.65407 19.019 0.033 3.78 259.0
2457155.72946 19.101 0.038 3.86 293.0
2457157.61898 19.139 0.046 4.18 332.0
2457158.75690 19.030 0.040 4.68 288.0
2457159.82499 19.165 0.041 3.95 299.0
2457160.89555 19.156 0.045 4.33 345.0
2457162.61936 18.983 0.046 5.25 304.0
2457163.67336 18.984 0.054 5.93 340.0
2457164.81664 19.073 0.041 4.23 291.0
2457166.78686 19.064 0.044 4.54 309.0
2457168.70497 19.193 0.063 6.64 277.0
2457169.69279 19.090 0.037 4.37 265.0
2457169.88758 19.101 0.044 4.86 307.0
2457170.67980 19.086 0.040 4.44 299.0
2457170.86932 19.038 0.041 4.36 344.0
2457172.68208 19.131 0.050 4.03 444.0
2457172.87292 19.067 0.056 5.47 359.0
2457173.65890 19.162 0.061 4.68 534.0
2457173.85460 19.166 0.055 4.03 603.0
2457174.62352 19.039 0.056 4.29 664.0
2457174.79571 19.080 0.059 4.26 656.0
2457175.57956 19.161 0.076 4.38 960.0
2457175.75532 19.159 0.063 4.09 830.0
2457178.67754 19.219 0.057 3.80 575.0
2457178.84898 19.217 0.068 4.89 664.0
2457179.78662 19.118 0.059 5.05 444.0
2457180.57443 19.100 0.055 5.12 336.0
2457180.73563 19.026 0.044 4.66 307.0
2457180.90958 19.223 0.065 4.43 547.0
2457181.69591 19.071 0.040 4.18 287.0
2457181.86608 19.256 0.063 4.90 372.0
2457182.63029 19.105 0.039 4.73 199.0
2457182.82259 19.151 0.044 4.47 262.0
2457183.58368 19.061 0.042 4.78 236.0
2457183.76821 19.164 0.053 5.44 256.0
2457184.57401 18.919 0.061 7.03 328.0
2457184.75934 19.148 0.052 5.39 255.0
2457184.92323 19.154 0.069 5.74 439.0
2457185.72238 19.040 0.044 4.76 281.0
2457185.88925 19.125 0.080 7.01 429.0
2457186.84550 19.168 0.060 5.19 399.0
2457187.62648 19.060 0.053 6.36 244.0
2457187.80962 19.144 0.047 4.66 297.0
2457188.59666 19.111 0.046 4.65 302.0
2457188.78370 19.085 0.064 6.87 313.0
2457189.64184 19.178 0.049 4.75 315.0
2457189.82260 19.050 0.043 3.94 409.0
2457190.61216 19.020 0.044 4.56 348.0
2457190.81061 19.107 0.058 4.95 516.0
2457191.63881 19.182 0.047 4.43 339.0
2457192.84720 19.105 0.049 5.10 333.0
2457192.87245 19.253 0.069 5.91 409.0
2457193.66917 19.050 0.029 3.44 232.0
2457193.85368 19.095 0.047 4.68 377.0
2457194.61668 19.168 0.041 4.45 249.0
2457194.80865 18.943 0.038 5.10 396.0
2457197.64863 19.165 0.040 4.40 253.0
2457197.83542 19.083 0.063 6.57 359.0
2457198.62827 19.099 0.039 4.40 252.0
2457198.81411 18.972 0.075 6.10 749.0
2457199.58850 19.120 0.041 4.20 318.0
2457199.77122 19.019 0.040 4.97 267.0
2457200.52665 19.024 0.044 3.84 532.0
2457200.70639 19.086 0.036 3.49 308.0
2457202.64437 19.103 0.066 5.03 568.0
2457202.86611 18.931 0.077 5.59 952.0
2457206.67782 19.123 0.072 4.88 733.0
2457206.83799 19.107 0.094 5.52 1182.0
2457207.64671 19.093 0.047 3.85 500.0
2457207.83585 19.151 0.086 5.45 863.0
2457209.74243 19.240 0.066 4.93 460.0
2457211.52053 19.231 0.065 5.11 435.0
2457211.70284 19.059 0.040 4.34 281.0
2457212.57527 19.004 0.037 4.45 291.0
2457214.65104 19.243 0.053 5.52 342.0
2457217.59901 19.083 0.048 5.37 276.0
2457219.51173 18.959 0.052 5.66 410.0
2457219.71971 19.089 0.044 4.90 293.0
2457220.61146 19.146 0.039 4.64 236.0
2457220.79138 19.116 0.046 4.92 311.0
2457221.58910 19.149 0.043 4.65 271.0
2457221.77150 19.095 0.041 4.25 287.0
2457222.56277 19.098 0.051 5.51 459.0
2457222.77752 19.064 0.058 5.63 500.0
2457223.61756 19.085 0.053 5.96 278.0
2457224.46873 19.141 0.051 4.00 566.0
2457224.66259 19.132 0.060 7.11 225.0
2457225.50079 19.069 0.050 5.04 476.0
2457226.51657 19.128 0.050 5.00 301.0
2457226.70146 19.098 0.043 4.82 247.0
2457227.48515 19.026 0.069 5.55 675.0
2457227.66002 19.090 0.035 3.99 227.0
2457228.48663 19.139 0.054 4.88 394.0
2457228.67070 19.000 0.053 5.36 426.0
2457229.51492 19.044 0.042 3.85 446.0
2457229.67959 19.044 0.052 3.82 720.0
2457233.49283 18.972 0.077 5.50 896.0
2457233.53467 19.087 0.122 5.12 2160.0
2457235.69998 19.137 0.067 5.39 646.0
2457236.55971 19.124 0.081 5.26 844.0
2457249.55783 19.030 0.052 6.36 274.0
2457249.70255 19.278 0.074 7.80 265.0
2457252.53641 19.176 0.060 5.87 329.0
2457253.49134 19.138 0.048 4.83 319.0
2457253.68348 19.084 0.052 5.44 349.0
2457255.65107 19.070 0.051 5.80 270.0
2457256.65418 19.239 0.081 6.65 408.0
2457261.50937 19.199 0.102 6.56 704.0
2457261.67037 19.208 0.111 7.41 847.0
2457263.63594 18.956 0.064 4.57 1101.0
2457264.58237 19.224 0.060 4.55 515.0
2457265.54566 19.113 0.046 3.96 388.0
2457267.48020 19.072 0.061 5.91 390.0
2457268.48138 19.124 0.047 4.93 341.0
2457268.67680 19.088 0.044 4.36 382.0
2457269.66517 19.109 0.049 5.32 312.0
2457270.60894 19.135 0.043 4.76 269.0
2457271.56480 19.107 0.055 6.22 256.0
2457273.53563 19.290 0.089 7.99 314.0
2457275.54016 19.126 0.090 7.15 663.0
2457277.51491 19.012 0.052 6.79 266.0
2457278.49847 18.972 0.068 7.29 337.0
2457281.51010 19.238 0.095 8.69 300.0
2457284.54963 18.979 0.048 6.02 383.0
2457292.52764 19.140 0.096 7.19 655.0
2457299.56817 19.160 0.070 7.02 409.0
2457318.53199 19.071 0.069 5.24 670.0
2457436.82907 19.136 0.059 6.05 308.0
2457437.82749 19.151 0.045 4.76 285.0
2457438.89126 19.033 0.065 5.94 475.0
2457440.82396 19.130 0.058 4.30 689.0
2457441.86815 19.096 0.054 4.69 509.0
2457445.86701 19.051 0.042 4.45 379.0
2457446.87797 19.042 0.036 3.93 355.0
2457447.88568 19.034 0.046 4.78 348.0
2457448.89955 18.990 0.038 4.52 371.0
2457451.82925 18.918 0.041 4.10 514.0
2457452.86124 18.933 0.031 3.97 270.0
2457453.86759 18.818 0.027 3.66 284.0
2457455.81853 18.584 0.032 5.97 261.0
2457456.82467 18.411 0.029 5.39 329.0
2457457.82022 18.201 0.025 4.93 410.0
2457458.81545 18.262 0.023 4.71 312.0
2457460.81603 18.496 0.027 4.79 316.0
2457461.81523 18.677 0.027 4.06 284.0
2457462.80220 18.770 0.030 4.02 333.0
2457463.82912 18.910 0.036 4.58 284.0
2457465.77112 18.952 0.047 5.46 376.0
2457465.89961 18.979 0.039 3.82 400.0
2457467.83380 19.041 0.044 5.01 292.0
2457470.79069 19.143 0.071 5.86 523.0
2457470.91776 19.124 0.097 5.12 1231.0
2457471.87456 19.186 0.070 5.52 459.0
2457472.81283 19.120 0.058 5.07 454.0
2457473.78116 18.972 0.056 4.97 817.0
2457474.81366 19.129 0.055 4.87 480.0
2457474.91872 19.034 0.066 4.15 1065.0
2457475.84940 19.147 0.103 6.12 1024.0
2457484.80529 19.131 0.049 5.52 270.0
2457485.91171 19.074 0.042 4.73 273.0
2457486.72209 19.065 0.064 6.93 314.0
2457487.82399 19.090 0.049 5.34 327.0
2457489.80141 19.123 0.047 4.99 334.0
2457492.71536 19.029 0.044 5.45 278.0
2457493.70879 19.117 0.050 4.94 335.0
2457493.92848 19.013 0.074 4.72 1064.0
2457494.91694 19.043 0.037 3.84 356.0
2457495.89560 19.108 0.049 5.06 296.0
2457498.79051 19.182 0.063 5.11 473.0
2457499.78197 19.194 0.050 4.31 439.0
2457500.72332 19.237 0.076 5.47 573.0
2457500.92490 19.088 0.064 5.20 585.0
2457508.76861 19.089 0.033 3.85 280.0
2457509.86502 19.218 0.049 4.73 330.0
2457512.80023 18.976 0.030 3.58 262.0
2457522.87119 18.997 0.075 7.43 434.0
2457526.77668 19.327 0.058 4.10 568.0
2457529.80287 19.125 0.094 6.68 685.0
2457534.78386 19.113 0.044 4.40 385.0
2457536.78302 19.084 0.049 5.14 320.0
2457545.92490 19.061 0.060 6.01 408.0
2457547.55895 19.088 0.060 6.59 287.0
2457547.89957 19.089 0.073 7.28 316.0
2457549.81365 19.071 0.041 5.55 238.0
2457550.79225 19.153 0.049 5.23 343.0
2457554.89524 19.440 0.101 7.95 570.0
2457555.51788 18.897 0.082 5.92 1241.0
2457555.84131 19.140 0.056 5.67 339.0
2457557.82757 19.064 0.055 5.08 594.0
2457561.62651 19.217 0.055 3.98 566.0
2457562.61089 19.283 0.065 4.50 639.0
2457566.81354 18.996 0.063 6.62 439.0
2457567.49053 19.260 0.075 5.96 456.0
2457567.75748 19.265 0.063 5.82 364.0
2457568.49189 19.233 0.088 7.79 373.0
2457568.75633 19.258 0.073 7.33 284.0
2457569.49078 18.956 0.063 7.01 406.0
2457569.77381 19.117 0.057 6.37 317.0
2457570.72554 19.136 0.047 6.03 199.0
2457573.64313 19.015 0.044 5.86 206.0
2457575.57487 19.162 0.055 6.26 212.0
2457575.74280 19.022 0.037 5.10 221.0
2457576.50818 19.112 0.042 4.76 281.0
2457576.70148 19.077 0.040 5.20 200.0
2457576.84159 19.215 0.073 7.04 299.0
2457579.69885 19.100 0.048 6.31 243.0
2457581.82191 19.069 0.069 7.39 341.0
2457584.52939 19.165 0.064 5.56 430.0
2457584.67219 19.054 0.053 5.49 364.0
2457589.47503 19.253 0.105 6.06 819.0
2457589.63049 19.007 0.061 5.31 654.0
2457589.78560 18.975 0.078 5.84 899.0
2457590.57592 19.082 0.045 3.98 488.0
2457590.72358 19.104 0.052 5.19 428.0
2457593.50058 19.117 0.049 5.85 224.0
2457593.66639 19.055 0.039 5.46 218.0
2457595.56393 19.288 0.077 7.11 264.0
2457596.59310 19.122 0.036 4.33 220.0
2457599.50187 19.089 0.061 6.09 300.0
2457599.56934 19.238 0.065 6.12 250.0
2457599.67865 19.134 0.050 5.54 232.0
2457599.69113 19.054 0.045 4.89 236.0
2457600.51084 19.309 0.077 6.96 257.0
2457600.55136 19.037 0.051 6.03 258.0
2457600.60456 19.080 0.055 6.23 249.0
2457600.73416 18.985 0.050 6.33 502.0
2457601.73195 19.109 0.042 5.28 213.0
2457601.74435 19.061 0.044 5.76 222.0
2457602.57152 19.156 0.055 6.11 242.0
2457602.73253 19.182 0.090 8.40 302.0
2457603.54708 19.115 0.040 4.82 206.0
2457603.69546 19.186 0.040 4.86 196.0
2457604.52391 19.037 0.053 6.13 283.0
2457604.66528 19.077 0.040 5.58 183.0
2457605.50271 19.105 0.049 6.09 215.0
2457605.66900 19.025 0.046 5.88 247.0
2457606.67753 19.088 0.058 7.25 217.0
2457607.58675 19.054 0.044 5.49 208.0
2457607.74558 19.094 0.062 7.22 238.0
2457608.66707 19.185 0.042 4.46 226.0
2457609.52215 19.051 0.058 6.31 300.0
2457609.71279 19.228 0.057 5.86 259.0
2457610.55766 19.118 0.052 5.46 288.0
2457611.51170 19.134 0.069 5.96 431.0
2457612.51200 18.815 0.041 5.05 370.0
2457612.65305 19.058 0.055 5.50 391.0
2457616.51633 19.021 0.063 5.63 555.0
2457616.69590 19.139 0.063 5.19 598.0
2457617.63538 18.990 0.063 5.83 518.0
2457618.52328 19.140 0.067 5.29 519.0
2457618.68533 19.116 0.079 5.85 677.0
2457621.52442 19.121 0.050 5.82 231.0
2457621.70352 19.209 0.087 7.26 413.0
2457622.65542 19.043 0.038 3.71 304.0
2457623.55288 19.061 0.042 4.97 254.0
2457624.49332 19.014 0.045 5.25 285.0
2457624.68443 19.145 0.054 5.71 300.0
2457625.65675 19.150 0.054 6.22 243.0
2457626.64984 19.089 0.046 5.56 250.0
2457630.62415 19.181 0.053 5.63 242.0
2457631.60142 19.150 0.044 5.00 249.0
2457632.58664 19.173 0.046 5.01 248.0
2457633.62880 19.087 0.058 6.29 271.0
2457635.54532 19.203 0.072 7.21 291.0
2457636.59675 19.300 0.075 7.01 281.0
2457637.58659 18.990 0.039 5.28 247.0
2457638.61301 19.183 0.057 5.21 443.0
2457643.51019 19.106 0.093 7.82 474.0
2457644.56878 19.101 0.101 6.33 882.0
2457647.55126 19.290 0.075 5.27 558.0
2457648.58985 19.056 0.062 5.18 540.0
2457649.61497 19.098 0.053 4.54 535.0
2457650.50065 19.165 0.043 4.92 265.0
2457650.52067 19.090 0.044 5.26 272.0
2457651.51596 18.975 0.046 5.53 355.0
2457651.55999 19.023 0.045 4.94 414.0
2457652.50315 18.997 0.038 5.09 258.0
2457652.58004 19.202 0.049 5.12 332.0
2457653.50259 19.197 0.050 5.38 279.0
2457654.48803 19.101 0.064 6.54 373.0
2457654.50721 19.192 0.062 6.30 335.0
2457655.50392 19.107 0.053 6.24 286.0
2457656.50572 19.153 0.064 6.51 346.0
2457656.53004 19.229 0.070 6.48 313.0
2457657.55618 18.996 0.046 5.66 342.0
2457658.48669 19.140 0.072 6.59 408.0
2457658.51228 19.039 0.048 5.02 326.0
2457659.51431 19.031 0.058 6.17 358.0
2457660.50433 19.122 0.067 6.23 375.0
2457660.55517 19.385 0.085 6.24 379.0
2457661.50591 19.190 0.065 6.49 322.0
2457662.50598 19.021 0.059 6.28 398.0
2457662.52667 19.124 0.071 6.59 409.0
2457664.50470 19.226 0.081 6.72 411.0
2457664.57182 19.155 0.080 6.82 509.0
2457665.50862 19.235 0.080 6.70 396.0
2457666.50690 19.021 0.061 6.51 399.0
2457666.55330 19.108 0.056 5.95 389.0
2457667.51199 19.122 0.066 5.97 451.0
2457671.49311 19.199 0.084 6.73 561.0
2457672.49452 19.108 0.063 5.83 436.0
2457673.50106 19.405 0.097 5.74 714.0
2457675.49980 19.201 0.103 7.81 531.0
2457682.49695 19.067 0.071 6.57 563.0
2457683.49617 19.143 0.082 6.74 581.0
