2457183.70055 18.066 0.037 5.71 49.0
2457184.72264 18.097 0.042 6.17 51.0
2457186.85048 17.990 0.045 5.51 99.0
2457187.84914 18.121 0.044 5.63 82.0
2457189.56049 18.026 0.042 5.33 74.0
2457191.62941 18.041 0.032 3.93 73.0
2457194.54281 18.055 0.032 4.16 61.0
2457197.59065 18.032 0.033 4.87 58.0
2457198.64749 18.101 0.033 4.38 55.0
2457200.67944 18.063 0.032 3.77 78.0
2457207.66824 18.081 0.043 4.28 110.0
2457211.48184 17.999 0.049 5.35 119.0
2457212.53391 18.089 0.032 4.56 67.0
2457217.57387 18.114 0.045 5.76 63.0
2457220.53325 18.075 0.041 5.60 73.0
2457221.65941 18.055 0.036 5.15 54.0
2457621.67394 18.056 0.049 6.03 109.0
2457623.62020 18.041 0.033 4.75 63.0
2457625.53873 17.998 0.038 5.64 81.0
2457630.53896 18.066 0.035 5.31 64.0
2457632.50571 18.087 0.036 5.32 63.0
2457635.49255 18.175 0.053 6.87 78.0
2457637.57732 18.012 0.035 5.61 69.0
2457821.83847 18.073 0.043 5.49 74.0
2457822.90663 18.072 0.043 4.84 97.0
2457824.85998 18.084 0.050 5.32 109.0
2457826.79339 18.017 0.050 5.25 138.0
2457827.84389 18.009 0.038 4.51 98.0
2457828.90062 18.060 0.038 4.33 96.0
2457834.88983 18.113 0.038 5.10 60.0
2457835.87265 18.043 0.042 5.83 56.0
2457836.83928 18.062 0.036 5.42 53.0
2457837.79099 18.103 0.041 6.21 50.0
2457838.91367 18.023 0.033 4.46 72.0
2457840.76751 18.135 0.039 5.29 55.0
2457841.79356 18.071 0.044 6.64 52.0
2457842.77683 18.058 0.041 6.05 52.0
2457843.77507 18.055 0.037 5.44 50.0
2457844.77420 18.045 0.032 4.80 51.0
2457845.76746 18.016 0.036 5.20 53.0
2457846.78136 18.001 0.034 5.44 47.0
2457847.74823 18.125 0.042 5.60 56.0
2457848.74364 18.152 0.043 5.90 58.0
2457849.72853 18.155 0.043 5.04 85.0
2457849.92270 17.992 0.043 3.91 176.0
2457850.89305 18.002 0.033 4.85 52.0
2457854.72841 17.962 0.045 5.11 133.0
2457854.92467 18.050 0.047 3.82 207.0
2457855.91142 17.942 0.038 4.02 125.0
2457856.88579 18.087 0.071 7.43 121.0
2457868.93095 18.016 0.059 6.65 102.0
2457869.93300 17.956 0.047 3.71 260.0
2457871.75968 18.055 0.031 3.74 62.0
2457872.80528 18.017 0.029 3.68 62.0
2457873.82313 18.024 0.031 3.92 60.0
2457874.84909 18.170 0.044 5.21 71.0
2457876.82260 18.108 0.035 3.80 76.0
2457877.83854 18.167 0.038 3.93 86.0
2457878.91038 18.031 0.034 3.96 86.0
2457880.71546 17.967 0.045 6.11 86.0
2457881.84152 18.048 0.048 5.30 109.0
2457882.88055 17.968 0.050 5.68 127.0
2457893.64878 18.078 0.046 6.13 73.0
2457893.91827 18.083 0.054 6.11 99.0
2457894.83895 18.031 0.034 4.48 70.0
2457901.60848 18.081 0.042 6.12 63.0
2457902.64901 18.136 0.050 6.36 63.0
2457903.79951 18.062 0.044 6.61 56.0
2457904.71677 18.022 0.030 4.59 47.0
2457905.62983 18.078 0.037 4.90 62.0
2457905.90150 18.122 0.045 4.55 105.0
2457906.84554 18.130 0.044 4.55 93.0
2457908.71100 18.115 0.037 4.12 86.0
2457909.62042 18.159 0.045 4.49 108.0
2457909.87694 18.052 0.044 4.66 126.0
2457910.69319 18.065 0.034 3.83 88.0
2457916.62610 17.983 0.038 3.97 134.0
2457916.85844 18.062 0.057 5.46 161.0
2457917.74541 18.095 0.041 4.53 92.0
2457918.66122 18.027 0.060 6.01 165.0
2457923.59550 18.026 0.037 5.23 67.0
2457924.51760 18.113 0.042 5.35 73.0
2457924.78322 18.050 0.037 4.26 68.0
2457925.76498 18.105 0.035 4.59 57.0
2457926.73079 18.024 0.044 6.24 65.0
2457932.64336 18.093 0.042 5.59 57.0
2457933.54937 18.090 0.047 6.94 57.0
2457934.53703 18.040 0.035 5.10 65.0
2457934.79868 18.173 0.046 5.65 67.0
2458183.90644 18.161 0.051 3.74 198.0
2458190.87344 18.120 0.030 3.78 56.0
2458192.86691 18.047 0.033 4.14 65.0
2458293.70009 18.071 0.046 5.46 103.0
2458304.67498 18.088 0.047 6.51 71.0
2458305.70789 18.098 0.045 6.22 61.0
2458307.52309 18.130 0.039 4.65 81.0
2458308.52262 18.010 0.035 5.37 54.0
2458309.52940 18.100 0.033 4.48 56.0
2458310.52723 17.986 0.037 5.76 63.0
2458310.59624 17.997 0.030 4.67 54.0
2458311.52280 18.178 0.042 5.36 56.0
2458314.52533 18.011 0.032 4.51 60.0
2457183.70055 18.066 0.037 5.71 49.0
2457184.72264 18.097 0.042 6.17 51.0
2457186.85048 17.990 0.045 5.51 99.0
2457187.84914 18.121 0.044 5.63 82.0
2457189.56049 18.026 0.042 5.33 74.0
2457191.62941 18.041 0.032 3.93 73.0
2457194.54281 18.055 0.032 4.16 61.0
2457197.59065 18.032 0.033 4.87 58.0
2457198.64749 18.101 0.033 4.38 55.0
2457200.67944 18.063 0.032 3.77 78.0
2457207.66824 18.081 0.043 4.28 110.0
2457211.48184 17.999 0.049 5.35 119.0
2457212.53391 18.089 0.032 4.56 67.0
2457217.57387 18.114 0.045 5.76 63.0
2457220.53325 18.075 0.041 5.60 73.0
2457221.65941 18.055 0.036 5.15 54.0
2457621.67394 18.056 0.049 6.03 109.0
2457623.62020 18.041 0.033 4.75 63.0
2457625.53873 17.998 0.038 5.64 81.0
2457630.53896 18.066 0.035 5.31 64.0
2457632.50571 18.087 0.036 5.32 63.0
2457635.49255 18.175 0.053 6.87 78.0
2457637.57732 18.012 0.035 5.61 69.0
2457821.83847 18.073 0.043 5.49 74.0
2457822.90663 18.072 0.043 4.84 97.0
2457824.85998 18.084 0.050 5.32 109.0
2457826.79339 18.017 0.050 5.25 138.0
2457827.84389 18.009 0.038 4.51 98.0
2457828.90062 18.060 0.038 4.33 96.0
2457834.88983 18.113 0.038 5.10 60.0
2457835.87265 18.043 0.042 5.83 56.0
2457836.83928 18.062 0.036 5.42 53.0
2457837.79099 18.103 0.041 6.21 50.0
2457838.91367 18.023 0.033 4.46 72.0
2457840.76751 18.135 0.039 5.29 55.0
2457841.79356 18.071 0.044 6.64 52.0
2457842.77683 18.058 0.041 6.05 52.0
2457843.77507 18.055 0.037 5.44 50.0
2457844.77420 18.045 0.032 4.80 51.0
2457845.76746 18.016 0.036 5.20 53.0
2457846.78136 18.001 0.034 5.44 47.0
2457847.74823 18.125 0.042 5.60 56.0
2457848.74364 18.152 0.043 5.90 58.0
2457849.72853 18.155 0.043 5.04 85.0
2457849.92270 17.992 0.043 3.91 176.0
2457850.89305 18.002 0.033 4.85 52.0
2457854.72841 17.962 0.045 5.11 133.0
2457854.92467 18.050 0.047 3.82 207.0
2457855.91142 17.942 0.038 4.02 125.0
2457856.88579 18.087 0.071 7.43 121.0
2457868.93095 18.016 0.059 6.65 102.0
2457869.93300 17.956 0.047 3.71 260.0
2457871.75968 18.055 0.031 3.74 62.0
2457872.80528 18.017 0.029 3.68 62.0
2457873.82313 18.024 0.031 3.92 60.0
2457874.84909 18.170 0.044 5.21 71.0
2457876.82260 18.108 0.035 3.80 76.0
2457877.83854 18.167 0.038 3.93 86.0
2457878.91038 18.031 0.034 3.96 86.0
2457880.71546 17.967 0.045 6.11 86.0
2457881.84152 18.048 0.048 5.30 109.0
2457882.88055 17.968 0.050 5.68 127.0
2457893.64878 18.078 0.046 6.13 73.0
2457893.91827 18.083 0.054 6.11 99.0
2457894.83895 18.031 0.034 4.48 70.0
2457901.60848 18.081 0.042 6.12 63.0
2457902.64901 18.136 0.050 6.36 63.0
2457903.79951 18.062 0.044 6.61 56.0
2457904.71677 18.022 0.030 4.59 47.0
2457905.62983 18.078 0.037 4.90 62.0
2457905.90150 18.122 0.045 4.55 105.0
2457906.84554 18.130 0.044 4.55 93.0
2457908.71100 18.115 0.037 4.12 86.0
2457909.62042 18.159 0.045 4.49 108.0
2457909.87694 18.052 0.044 4.66 126.0
2457910.69319 18.065 0.034 3.83 88.0
2457916.62610 17.983 0.038 3.97 134.0
2457916.85844 18.062 0.057 5.46 161.0
2457917.74541 18.095 0.041 4.53 92.0
2457918.66122 18.027 0.060 6.01 165.0
2457923.59550 18.026 0.037 5.23 67.0
2457924.51760 18.113 0.042 5.35 73.0
2457924.78322 18.050 0.037 4.26 68.0
2457925.76498 18.105 0.035 4.59 57.0
2457926.73079 18.024 0.044 6.24 65.0
2457932.64336 18.093 0.042 5.59 57.0
2457933.54937 18.090 0.047 6.94 57.0
2457934.53703 18.040 0.035 5.10 65.0
2457934.79868 18.173 0.046 5.65 67.0
2458183.90644 18.161 0.051 3.74 198.0
2458190.87344 18.120 0.030 3.78 56.0
2458192.86691 18.047 0.033 4.14 65.0
2458293.70009 18.071 0.046 5.46 103.0
2458304.67498 18.088 0.047 6.51 71.0
2458305.70789 18.098 0.045 6.22 61.0
2458307.52309 18.130 0.039 4.65 81.0
2458308.52262 18.010 0.035 5.37 54.0
2458309.52940 18.100 0.033 4.48 56.0
2458310.52723 17.986 0.037 5.76 63.0
2458310.59624 17.997 0.030 4.67 54.0
2458311.52280 18.178 0.042 5.36 56.0
2458314.52533 18.011 0.032 4.51 60.0
2459977.87170 18.037 0.048 5.96 445.0
2459981.86143 18.010 0.052 5.65 664.0
2459987.86088 18.031 0.055 5.51 610.0
2459995.82989 18.029 0.032 4.19 373.0
2459999.82054 18.083 0.045 5.68 352.0
2460003.80658 18.011 0.035 4.92 350.0
2460006.79916 18.022 0.034 4.97 324.0
2460009.88646 18.111 0.039 4.63 400.0
2460014.77924 18.041 0.049 5.43 598.0
2460020.82559 18.075 0.035 5.05 268.0
2460023.74956 18.007 0.032 5.26 238.0
2460025.74458 18.048 0.039 6.02 265.0
2460027.74790 18.017 0.035 5.89 241.0
2460029.73711 18.089 0.034 5.33 249.0
2460031.78221 18.048 0.039 6.50 225.0
2460033.83398 18.110 0.041 6.21 251.0
2460036.75107 18.023 0.034 4.69 341.0
2460039.72663 18.020 0.056 6.71 515.0
2460047.81499 18.030 0.035 4.16 467.0
2460047.82973 18.044 0.040 4.28 621.0
2460050.70864 18.067 0.039 5.93 265.0
2460052.86142 17.996 0.030 4.39 269.0
2460056.70032 18.047 0.043 6.52 289.0
2460058.78040 17.995 0.032 5.04 279.0
2460060.75404 18.042 0.029 4.38 267.0
2460062.77952 17.977 0.026 4.12 250.0
2460066.66660 18.000 0.043 5.70 398.0
2460066.68645 18.027 0.040 5.58 350.0
2460068.64403 17.936 0.054 6.43 620.0
2460069.86956 18.057 0.057 4.87 888.0
2460075.87906 17.994 0.044 5.65 467.0
2460083.88165 18.016 0.042 5.38 395.0
2460091.60099 17.963 0.043 5.42 426.0
2460092.79453 17.989 0.040 5.49 349.0
2460095.77338 17.942 0.040 4.77 393.0
2460096.90580 17.977 0.043 5.03 439.0
2460104.59272 17.929 0.035 4.51 333.0
2460107.70427 17.924 0.043 6.92 226.0
2460109.56771 17.965 0.053 7.32 324.0
2460110.87418 17.875 0.065 7.70 518.0
2460112.52020 17.920 0.042 6.18 343.0
2460113.51903 17.882 0.038 5.26 377.0
2460116.62840 17.847 0.038 6.27 256.0
2460116.64961 17.840 0.032 5.59 240.0
2460120.49073 17.806 0.036 5.83 314.0
2460121.70243 17.769 0.036 6.08 314.0
2460123.62057 17.789 0.032 5.12 334.0
2460125.48039 17.699 0.069 6.97 1232.0
2460129.67293 17.647 0.047 5.31 984.0
2460131.67901 17.631 0.035 5.39 513.0
2460133.78285 17.527 0.037 6.84 377.0
2460141.52842 17.405 0.027 6.03 241.0
2460142.79646 17.388 0.033 6.87 378.0
2460148.71407 17.286 0.038 9.15 342.0
2460157.62456 17.188 0.023 4.26 714.0
2460159.51887 17.243 0.023 4.90 457.0
2460160.72687 17.276 0.026 4.61 541.0
2460165.73308 17.352 0.027 6.29 317.0
2460169.59939 17.471 0.025 6.13 199.0
2460171.57107 17.518 0.025 5.34 226.0
2460174.53809 17.587 0.033 6.75 254.0
2460179.49361 17.685 0.041 7.13 332.0
2460184.57119 17.729 0.064 7.48 728.0
2460187.66281 17.834 0.048 4.68 927.0
2460201.50032 17.907 0.039 6.07 271.0
2460203.59950 17.938 0.041 5.03 360.0
2460212.48908 17.999 0.055 5.86 575.0
2460218.49264 17.969 0.059 7.41 401.0
2460225.54785 18.044 0.067 7.50 455.0
2460229.53870 17.986 0.060 6.47 501.0
2460243.50322 18.029 0.075 5.98 937.0
2460352.87900 18.016 0.039 5.60 302.0
2460358.86158 18.018 0.036 4.88 297.0
2460369.82551 18.035 0.042 4.30 485.0
2460375.84848 18.029 0.035 4.69 290.0
2460379.82928 18.067 0.034 4.35 293.0
