2457797.89260 18.818 0.062 4.36 1263.0
2457802.89744 18.914 0.079 5.84 1100.0
2457809.87575 18.877 0.047 5.40 353.0
2457812.89059 18.877 0.037 3.78 379.0
2457816.84818 18.797 0.041 5.10 347.0
2457818.89135 18.932 0.040 4.64 323.0
2457821.84846 18.880 0.053 5.42 398.0
2457823.88892 18.814 0.040 4.31 461.0
2457826.80537 18.816 0.051 5.07 620.0
2457828.82324 18.871 0.048 4.74 526.0
2457830.87262 18.865 0.044 4.66 515.0
2457835.85260 18.905 0.059 6.86 308.0
2457837.85035 18.980 0.044 5.23 285.0
2457839.85728 18.873 0.035 4.62 260.0
2457841.85341 18.853 0.063 7.70 301.0
2457843.80259 18.964 0.055 6.72 264.0
2457845.74625 18.911 0.052 6.28 316.0
2457846.90124 18.824 0.039 4.90 295.0
2457848.83322 18.822 0.039 5.32 265.0
2457850.75104 18.902 0.053 5.46 415.0
2457851.88906 18.840 0.039 4.85 292.0
2457854.80878 18.830 0.040 4.34 504.0
2457856.72826 18.946 0.075 6.45 626.0
2457858.82643 18.889 0.045 4.98 447.0
2457862.84826 18.785 0.046 5.52 362.0
2457865.75436 18.931 0.040 4.36 315.0
2457866.88380 18.830 0.030 3.39 344.0
2457868.82029 18.933 0.064 6.98 346.0
2457870.70638 18.891 0.033 3.97 283.0
2457871.86131 18.823 0.033 3.97 315.0
2457873.72238 18.842 0.033 3.79 337.0
2457874.81003 18.833 0.057 6.92 341.0
2457876.70993 18.929 0.048 5.03 382.0
2457877.80097 18.850 0.034 3.95 342.0
2457879.66672 18.906 0.053 5.54 468.0
2457880.81974 18.827 0.048 5.15 456.0
2457890.84163 18.774 0.053 5.50 555.0
2457893.90099 18.880 0.052 5.37 445.0
2457894.89874 18.880 0.048 5.47 401.0
2457901.65353 18.859 0.051 6.07 312.0
2457902.77728 18.935 0.045 5.04 342.0
2457903.93811 18.885 0.061 6.63 460.0
2457904.93576 18.863 0.061 6.66 490.0
2457905.89508 18.839 0.048 5.30 476.0
2457906.86001 18.894 0.048 5.15 461.0
2457908.60537 18.797 0.049 5.09 516.0
2457908.93018 19.002 0.080 6.88 661.0
2457909.86998 18.936 0.044 4.24 516.0
2457910.79378 18.890 0.042 4.37 490.0
2457911.65954 18.926 0.053 4.93 570.0
2457916.70691 18.857 0.045 4.15 617.0
2457917.69141 18.790 0.042 4.58 460.0
2457923.57394 18.846 0.053 6.05 406.0
2457924.54262 18.829 0.040 4.50 383.0
2457924.88454 18.766 0.051 6.01 535.0
2457926.59837 18.845 0.044 5.57 347.0
2457932.60973 18.960 0.052 5.61 333.0
2457933.60032 18.836 0.055 6.91 308.0
2457934.61199 18.902 0.045 5.09 322.0
2457935.63410 18.853 0.043 5.39 300.0
2457936.60824 18.939 0.041 4.71 299.0
2457937.59690 18.931 0.049 5.25 367.0
2457938.62252 18.935 0.067 6.95 426.0
2457944.72963 18.834 0.048 4.96 567.0
2457945.64411 18.812 0.033 3.69 401.0
2457946.58798 18.830 0.039 4.35 399.0
2457947.61967 18.824 0.040 4.92 333.0
2457948.64229 18.795 0.047 5.64 392.0
2457949.69136 18.879 0.070 7.31 458.0
2457953.61172 18.845 0.045 5.89 300.0
2457954.63517 18.882 0.035 4.23 269.0
2457956.60691 18.847 0.038 4.73 283.0
2457958.57711 18.907 0.062 6.87 384.0
2457959.58302 18.892 0.039 4.71 300.0
2457960.62182 18.765 0.035 5.20 326.0
2457961.66707 18.816 0.038 4.97 323.0
2457964.59648 18.905 0.041 4.58 326.0
2457966.55334 18.892 0.061 6.75 382.0
2457971.49409 18.796 0.088 5.93 1529.0
2457973.62064 18.857 0.068 6.39 611.0
2457974.71458 18.865 0.054 5.14 577.0
2457980.52023 18.886 0.057 6.07 424.0
2457982.47812 18.887 0.056 5.66 469.0
2457983.64348 18.927 0.043 5.32 317.0
2457985.60720 18.943 0.063 6.89 360.0
2457987.64906 18.876 0.039 4.76 357.0
2457991.63074 18.971 0.060 6.68 338.0
2457993.59411 18.934 0.046 5.24 337.0
2457998.55351 18.794 0.045 4.71 527.0
2458001.53080 18.899 0.046 4.76 483.0
2458004.52343 18.955 0.058 5.77 454.0
2458010.52401 18.826 0.052 5.86 418.0
2458014.48447 18.907 0.050 4.83 456.0
2458017.52496 18.924 0.054 6.11 386.0
2458021.52481 18.884 0.067 6.69 518.0
2458030.53586 18.810 0.050 4.86 788.0
2458048.50815 18.944 0.046 4.68 428.0
2458049.51650 18.928 0.045 4.59 710.0
2458055.50472 18.847 0.079 6.91 768.0
2458163.88232 18.896 0.050 4.97 453.0
2458166.85109 18.909 0.052 5.71 380.0
2458169.84040 18.897 0.053 5.58 383.0
2458172.89743 18.898 0.048 3.48 707.0
2458176.84724 18.980 0.042 4.04 392.0
2458183.87301 18.834 0.048 5.34 467.0
2458189.88605 18.861 0.037 4.17 358.0
2458192.83576 18.966 0.048 4.99 372.0
2458195.77469 18.937 0.051 5.86 353.0
2458197.80452 18.967 0.046 5.08 327.0
2458199.81326 18.949 0.040 4.65 288.0
2458201.86887 18.830 0.037 4.74 278.0
2458203.84553 18.897 0.033 3.37 321.0
2458205.82258 18.806 0.042 5.50 336.0
2458207.79977 18.917 0.043 4.46 486.0
2458209.73197 18.847 0.050 4.53 722.0
2458210.86773 18.864 0.045 4.59 509.0
2458212.77569 18.904 0.047 4.10 668.0
2458220.74804 18.938 0.054 6.53 292.0
2458221.89990 18.858 0.035 3.99 323.0
2458223.90209 18.801 0.036 4.00 339.0
2458226.85705 18.893 0.055 6.50 311.0
2458228.78551 18.823 0.034 4.20 289.0
2458229.92687 18.894 0.042 4.62 477.0
2458233.73302 18.891 0.037 4.10 394.0
2458238.76200 18.937 0.049 4.24 670.0
2458244.85801 18.910 0.047 4.30 540.0
2458246.79265 18.885 0.048 4.99 437.0
2458247.83402 18.800 0.035 3.71 438.0
2458249.78872 18.820 0.036 4.59 309.0
2458250.86374 18.867 0.037 4.53 333.0
2458251.90297 18.887 0.041 4.98 396.0
2458253.85620 18.822 0.035 4.20 353.0
2458255.67595 18.865 0.042 4.61 336.0
2458256.71702 18.797 0.048 6.17 303.0
2458257.77994 18.894 0.047 5.62 294.0
2458258.89882 18.895 0.037 4.70 367.0
2458260.67213 18.885 0.035 4.05 424.0
2458261.93721 18.924 0.057 4.98 636.0
2458262.64480 18.860 0.034 4.03 331.0
2458263.68569 18.850 0.035 4.18 382.0
2458264.82193 18.849 0.037 3.76 498.0
2458265.86099 18.978 0.054 5.08 562.0
2458271.73276 18.929 0.057 5.30 516.0
2458272.83986 18.928 0.044 4.25 457.0
2458273.82949 18.794 0.039 4.68 395.0
2458274.79863 18.825 0.044 5.02 412.0
2458275.80815 18.791 0.041 4.82 411.0
2458276.79762 18.858 0.035 4.06 344.0
2458277.85194 18.860 0.041 4.47 413.0
2458282.60221 18.834 0.036 4.68 296.0
2458283.59731 18.885 0.043 5.39 282.0
2458284.56638 18.816 0.039 4.68 361.0
2458284.91593 19.030 0.071 6.31 446.0
2458286.82515 18.845 0.039 5.00 290.0
2458287.81886 18.868 0.040 5.50 259.0
2458288.83798 18.796 0.043 5.10 366.0
2458289.84558 18.785 0.040 5.48 358.0
2458290.85802 19.008 0.054 5.49 427.0
2458291.89649 18.902 0.057 5.76 501.0
2458293.53428 18.919 0.063 5.60 601.0
2458301.67064 18.875 0.067 7.07 449.0
2458304.58461 18.809 0.053 6.70 349.0
2458305.68462 18.829 0.048 5.94 326.0
2458306.79756 18.997 0.076 7.49 392.0
2458307.76417 18.856 0.039 4.45 331.0
2458308.74458 18.886 0.059 6.81 352.0
2458309.72241 18.825 0.032 4.38 283.0
2458310.63089 18.858 0.034 4.34 320.0
2458311.58366 18.878 0.046 6.00 273.0
2458312.58560 18.877 0.042 5.08 292.0
2458313.58427 18.832 0.027 3.46 254.0
2458314.58333 18.984 0.052 5.69 339.0
2458316.58392 18.888 0.046 5.42 342.0
2458320.63623 18.904 0.036 4.21 332.0
2458328.50618 18.763 0.067 6.81 587.0
2458329.55917 18.884 0.057 5.84 470.0
2458332.58857 18.852 0.050 6.00 352.0
2458333.69249 18.973 0.044 4.74 340.0
2458336.47583 18.876 0.060 6.31 396.0
2458338.61874 18.817 0.042 5.34 318.0
2458340.60068 18.932 0.043 4.85 319.0
2458342.53199 18.921 0.044 5.03 307.0
2458344.71728 18.873 0.046 5.27 353.0
2458346.62103 18.815 0.036 4.32 246.0
2458348.62912 18.984 0.067 5.66 525.0
2458355.47836 18.919 0.059 5.12 627.0
2458357.49958 18.779 0.054 5.47 503.0
2458359.55364 18.885 0.045 4.73 414.0
2458363.53151 18.968 0.047 4.68 379.0
2458366.58828 18.835 0.043 5.46 336.0
2458369.48632 18.795 0.042 4.54 396.0
2458371.58983 18.845 0.045 5.28 328.0
2458375.57029 18.906 0.051 5.54 360.0
2458377.58860 18.866 0.065 4.94 967.0
2458383.50503 18.899 0.053 4.72 588.0
2458384.60997 18.886 0.054 4.80 674.0
2458390.52283 18.898 0.054 5.69 445.0
2458393.59905 18.938 0.069 7.02 387.0
2458404.55550 18.967 0.081 7.24 544.0
2458538.87515 18.930 0.043 4.57 417.0
2458539.89502 18.836 0.043 4.60 491.0
2458548.82495 18.901 0.038 4.10 399.0
2458550.90966 18.956 0.049 5.20 466.0
2458554.80472 18.872 0.049 6.21 331.0
2458556.82907 18.834 0.037 4.86 322.0
2458558.82614 18.942 0.039 4.58 309.0
2458560.80752 18.894 0.035 3.83 417.0
2458562.78457 19.028 0.057 4.89 607.0
2458563.91159 18.933 0.050 4.23 689.0
2458565.90002 18.957 0.048 4.25 501.0
2458567.85659 18.966 0.046 4.09 526.0
2458575.74890 18.919 0.042 5.07 314.0
2458576.83805 18.882 0.044 5.79 309.0
2458578.78222 18.844 0.036 4.36 325.0
2458579.84498 18.932 0.052 5.31 439.0
2458580.91898 18.967 0.044 3.89 488.0
2458582.79350 18.884 0.040 4.78 327.0
2458583.90238 18.926 0.042 4.67 366.0
2458585.78602 18.862 0.033 3.82 319.0
2458586.88180 18.935 0.038 4.42 287.0
2458588.72345 18.895 0.039 4.69 387.0
2458589.81019 18.868 0.039 4.06 407.0
2458590.90841 18.883 0.038 4.20 393.0
2458592.85641 18.947 0.047 3.98 673.0
2458594.74994 18.814 0.045 4.35 633.0
2458595.85087 18.924 0.070 4.68 1159.0
2458599.92836 18.929 0.046 4.80 447.0
2458601.74532 18.869 0.036 4.25 353.0
2458602.89009 18.866 0.034 3.89 361.0
2458604.73641 18.989 0.054 6.04 337.0
2458605.79730 18.892 0.046 5.36 337.0
2458606.88022 18.867 0.034 3.96 361.0
2458607.93553 18.814 0.051 4.41 768.0
2458612.79539 18.920 0.050 5.97 304.0
2458613.81741 18.871 0.042 4.81 370.0
2458614.87111 18.905 0.047 4.42 500.0
2458616.64227 18.936 0.045 4.93 414.0
2458617.67102 18.866 0.042 4.69 405.0
2458618.72423 18.958 0.045 4.38 463.0
2458619.74792 18.870 0.053 5.73 434.0
2458620.82990 18.875 0.047 5.03 497.0
2458626.62520 18.739 0.059 6.56 535.0
2458626.89042 18.908 0.049 4.39 643.0
2458635.71358 18.865 0.038 4.89 284.0
2458636.67284 18.850 0.037 4.55 301.0
2458637.64709 18.912 0.033 4.13 266.0
2458638.71439 18.812 0.030 4.26 271.0
2458640.58304 18.839 0.043 5.24 365.0
2458640.90870 18.924 0.049 4.93 465.0
2458642.90495 18.959 0.052 4.33 566.0
2458644.82981 18.871 0.052 5.75 401.0
2458646.82208 18.935 0.049 5.47 365.0
2458647.83167 18.831 0.049 5.64 420.0
2458648.86816 18.943 0.057 5.32 528.0
2458655.77159 18.750 0.062 6.00 1001.0
2458656.88482 18.959 0.068 5.64 800.0
2458657.86928 18.952 0.049 4.88 413.0
2458660.73107 18.797 0.040 5.57 282.0
2458662.57720 18.952 0.058 6.72 359.0
2458664.67942 18.874 0.029 4.05 229.0
2458666.61391 18.940 0.054 6.42 308.0
2458667.64346 18.956 0.063 6.78 371.0
2458668.60605 18.922 0.045 5.78 263.0
2458669.57479 18.837 0.045 5.72 364.0
2458670.54236 18.793 0.042 5.54 345.0
2458672.67536 18.919 0.061 7.37 299.0
2458674.68411 18.892 0.038 4.78 292.0
2458675.82885 18.935 0.046 4.87 395.0
2458676.82572 18.983 0.065 5.88 523.0
2458681.57504 18.930 0.069 5.45 829.0
2458682.78928 18.958 0.074 5.92 696.0
2458683.80572 18.823 0.053 5.91 497.0
2458685.57691 18.782 0.046 5.63 523.0
2458689.54821 18.873 0.046 5.57 333.0
2458690.58900 18.845 0.045 5.72 325.0
2458691.76159 18.779 0.046 5.89 339.0
2458692.70266 18.905 0.038 4.24 315.0
2458694.50566 18.893 0.042 4.99 340.0
2458695.53694 18.907 0.039 4.82 299.0
2458698.54223 18.950 0.040 4.70 270.0
2458700.60096 18.865 0.037 4.55 315.0
2458702.49918 18.939 0.045 4.87 339.0
2458711.69834 19.021 0.108 7.32 898.0
2458713.70719 18.902 0.055 5.52 446.0
2458716.70417 18.988 0.045 4.50 383.0
2458718.72148 18.896 0.047 4.82 480.0
2458723.68482 18.902 0.040 4.64 362.0
2458725.68669 18.863 0.044 5.49 306.0
2458727.67053 18.830 0.048 5.36 380.0
2458729.68184 18.972 0.049 5.29 337.0
2458736.65755 18.820 0.064 5.93 692.0
2458739.51816 18.812 0.052 5.94 495.0
2458742.61396 19.001 0.061 5.20 537.0
2458750.60203 18.818 0.042 4.94 361.0
2458911.83736 18.908 0.039 5.16 313.0
2458913.85744 18.881 0.047 6.20 304.0
2458916.82638 18.874 0.043 4.64 493.0
2458918.84874 18.821 0.043 4.82 578.0
2458920.84362 18.897 0.049 4.69 534.0
2459796.72929 18.859 0.050 6.87 303.0
2459804.65942 18.992 0.076 6.97 598.0
2459805.69206 18.931 0.055 5.75 495.0
2459807.54845 18.890 0.041 5.24 302.0
2459808.63986 18.942 0.049 5.69 277.0
2459810.49160 18.879 0.036 4.75 281.0
2459811.71266 18.944 0.042 4.44 331.0
2459815.57095 18.933 0.052 6.11 325.0
2459817.51536 18.890 0.050 6.13 351.0
2459819.51489 18.829 0.035 4.28 401.0
2459821.51405 18.890 0.046 5.63 312.0
2459823.59910 18.902 0.058 6.75 396.0
2459829.64298 18.875 0.094 7.55 852.0
2459832.51827 18.897 0.073 7.09 633.0
2459834.65062 18.832 0.059 6.08 671.0
2459841.52681 18.987 0.053 5.68 393.0
2459844.56226 18.899 0.054 6.53 393.0
2459846.60940 18.962 0.062 6.33 450.0
2459851.59943 19.060 0.078 7.36 422.0
2459856.52686 18.844 0.071 6.98 723.0
2459860.55383 18.919 0.077 6.38 780.0
2459865.51316 19.078 0.082 7.50 515.0
2459983.86580 18.889 0.072 6.48 748.0
2459994.83535 18.928 0.037 4.20 405.0
2459998.82289 18.932 0.049 5.18 470.0
2460002.81358 18.847 0.044 5.07 459.0
2460005.88305 18.828 0.040 5.11 409.0
2460013.78763 18.855 0.052 5.52 558.0
2460020.80357 18.882 0.036 4.48 373.0
2460022.76471 18.913 0.042 5.50 326.0
2460024.76686 18.993 0.044 4.90 367.0
2460026.84511 18.875 0.041 5.30 342.0
2460029.75147 18.859 0.039 5.40 315.0
2460031.81332 18.818 0.037 5.17 319.0
2460033.88485 18.865 0.036 4.62 342.0
2460036.77539 18.882 0.050 5.95 411.0
2460038.86022 18.997 0.040 4.28 359.0
2460040.88440 18.790 0.034 3.70 566.0
2460043.70851 18.765 0.052 4.93 910.0
2460048.73149 18.923 0.046 5.54 358.0
2460051.73324 18.848 0.040 5.42 303.0
2460054.69966 18.874 0.038 5.26 311.0
2460057.68080 18.908 0.055 6.82 365.0
2460059.67071 18.810 0.059 7.32 403.0
2460061.71920 18.887 0.037 4.87 343.0
2460063.72154 18.884 0.042 5.00 408.0
2460066.92476 18.796 0.031 3.94 390.0
2460068.90319 18.710 0.039 4.82 564.0
2460070.85667 18.893 0.064 4.59 1261.0
2460076.74254 18.825 0.040 4.88 464.0
2460086.60893 18.729 0.056 6.77 482.0
2460087.64793 18.755 0.039 5.10 350.0
2460088.59203 18.799 0.067 7.34 555.0
2460089.73750 18.796 0.042 5.16 367.0
2460091.80619 18.821 0.046 5.14 437.0
2460094.60762 18.813 0.047 4.95 520.0
2460096.57892 18.704 0.047 4.59 654.0
2460097.58801 18.719 0.057 4.94 777.0
2460104.63928 18.648 0.038 4.80 437.0
2460105.78769 18.638 0.037 5.20 378.0
2460107.75450 18.665 0.050 6.99 315.0
2460109.61126 18.650 0.061 8.36 386.0
2460110.90469 18.618 0.047 5.40 632.0
2460112.53440 18.584 0.036 5.02 388.0
2460113.65746 18.603 0.034 5.38 298.0
2460118.64603 18.470 0.040 6.87 340.0
2460119.87208 18.453 0.033 5.33 407.0
2460121.62958 18.386 0.035 6.06 362.0
2460123.56526 18.442 0.040 6.18 439.0
2460124.80306 18.303 0.033 4.99 602.0
2460130.47607 18.150 0.048 7.42 861.0
2460131.74324 18.116 0.030 5.12 719.0
2460133.83923 17.991 0.032 6.87 574.0
2460139.68108 17.642 0.016 5.05 313.0
2460141.60426 17.428 0.014 5.81 292.0
2460143.62986 17.101 0.011 5.01 335.0
2460149.51311 14.672 0.003 5.89 424.0
2460157.65868 17.363 0.014 3.92 897.0
2460159.56562 17.669 0.016 4.07 522.0
2460160.75194 17.724 0.023 5.13 645.0
2460167.54311 18.216 0.034 7.32 281.0
2460169.65635 18.238 0.029 6.23 288.0
2460171.67296 18.264 0.028 5.49 345.0
2460174.63082 18.410 0.037 6.44 333.0
2460179.59270 18.499 0.033 5.14 357.0
2460185.56078 18.506 0.059 7.02 699.0
2460188.58535 18.591 0.047 5.28 706.0
2460201.60500 18.825 0.045 5.65 364.0
2460203.64069 18.891 0.051 5.17 448.0
2460212.54713 18.744 0.055 4.97 920.0
2460218.54418 18.920 0.091 8.64 519.0
2460225.56629 18.800 0.066 7.17 508.0
2460230.52801 19.028 0.097 7.72 580.0
2460239.54032 18.985 0.066 5.37 682.0
2460353.87901 18.871 0.061 6.74 462.0
2460364.89534 19.023 0.078 5.60 838.0
2460370.83853 19.075 0.055 4.58 545.0
2460371.82373 18.986 0.063 5.28 560.0
2460378.81653 18.848 0.037 4.25 411.0
2460381.80147 18.912 0.048 4.62 424.0
