2457790.88129 18.216 0.038 5.44 1028.0
2457791.87637 18.168 0.032 5.88 650.0
2457792.87335 18.143 0.038 6.82 777.0
2457793.87004 18.178 0.031 5.48 673.0
2457794.87722 18.137 0.049 7.51 965.0
2457795.88296 18.234 0.043 6.21 992.0
2457796.87068 18.149 0.033 5.37 784.0
2457798.87710 18.141 0.029 5.14 645.0
2457800.86838 18.204 0.028 4.85 610.0
2457802.84829 18.265 0.043 7.38 676.0
2457803.88892 18.238 0.044 5.01 1433.0
2457807.87509 18.173 0.024 4.96 464.0
2457809.84026 18.146 0.029 5.83 571.0
2457810.83681 18.198 0.029 5.86 537.0
2457812.88703 18.136 0.022 4.23 516.0
2457814.85646 18.174 0.027 5.34 477.0
2457815.88489 18.147 0.025 5.48 479.0
2457816.87481 18.145 0.024 5.19 481.0
2457817.87136 18.180 0.022 4.24 539.0
2457818.85759 18.089 0.023 4.42 535.0
2457819.83742 18.122 0.026 5.90 473.0
2457820.84615 18.142 0.027 5.44 545.0
2457821.84488 18.181 0.032 6.02 552.0
2457822.84065 18.208 0.032 5.44 678.0
2457823.82615 18.181 0.029 4.55 780.0
2457824.82066 18.148 0.049 7.70 800.0
2457825.81369 18.204 0.033 5.33 782.0
2457825.90286 18.124 0.026 4.55 760.0
2457826.86174 18.182 0.037 6.20 703.0
2457827.83716 18.177 0.027 4.88 616.0
2457828.80631 18.124 0.028 5.13 679.0
2457828.89564 18.100 0.025 5.07 602.0
2457830.80347 18.134 0.027 4.69 748.0
2457830.88258 18.107 0.028 4.71 810.0
2457834.86789 18.157 0.027 5.73 501.0
2457835.83515 18.137 0.034 7.99 457.0
2457836.78593 18.157 0.031 6.77 451.0
2457836.89927 18.107 0.029 6.98 433.0
2457837.83248 18.160 0.024 5.42 404.0
2457838.77096 18.285 0.038 7.46 481.0
2457838.88891 18.138 0.023 4.77 450.0
2457839.83674 18.160 0.019 4.19 393.0
2457840.76257 18.152 0.031 6.91 438.0
2457840.88050 18.146 0.025 5.68 443.0
2457841.82102 18.157 0.030 6.88 410.0
2457842.73769 18.179 0.034 7.23 443.0
2457842.84577 18.194 0.027 5.89 428.0
2457843.76966 18.140 0.025 5.73 407.0
2457843.88761 18.153 0.024 5.69 377.0
2457844.80620 18.195 0.027 5.90 401.0
2457844.91647 18.165 0.031 6.73 495.0
2457845.83044 18.135 0.022 5.18 408.0
2457846.76119 18.135 0.024 5.48 403.0
2457846.86869 18.166 0.022 4.69 400.0
2457847.77162 18.221 0.027 5.52 426.0
2457847.88784 18.156 0.025 5.58 411.0
2457848.78534 18.223 0.024 5.12 398.0
2457848.90533 18.140 0.021 4.80 390.0
2457849.79854 18.174 0.023 4.83 416.0
2457849.91904 18.164 0.022 3.94 615.0
2457850.81072 18.165 0.024 5.04 482.0
2457851.72487 18.175 0.038 6.83 697.0
2457851.82843 18.138 0.024 4.84 547.0
2457852.82454 18.125 0.030 6.61 548.0
2457853.89520 18.116 0.026 5.65 551.0
2457854.75142 18.116 0.029 5.40 725.0
2457854.87132 18.171 0.028 5.34 589.0
2457855.78159 18.172 0.027 4.65 703.0
2457855.90403 18.170 0.026 4.48 627.0
2457856.79202 18.195 0.036 6.42 676.0
2457856.91462 18.151 0.038 7.06 675.0
2457858.86076 18.143 0.029 5.79 697.0
2457862.75080 18.161 0.031 6.21 526.0
2457862.86200 18.061 0.027 6.03 529.0
2457863.81550 18.167 0.025 5.47 460.0
2457864.78933 18.142 0.018 3.62 398.0
2457864.92403 18.150 0.024 5.15 555.0
2457865.76780 18.120 0.021 4.42 436.0
2457865.90787 18.159 0.025 4.91 535.0
2457866.76456 18.146 0.021 4.55 435.0
2457866.89759 18.192 0.020 3.72 459.0
2457867.76821 18.162 0.019 4.02 408.0
2457867.89977 18.145 0.020 4.36 421.0
2457868.83819 18.146 0.032 6.67 479.0
2457869.71564 18.184 0.025 5.50 433.0
2457869.83369 18.153 0.020 3.98 413.0
2457870.72637 18.156 0.020 4.52 396.0
2457870.85632 18.161 0.021 4.25 407.0
2457871.74091 18.146 0.021 4.38 461.0
2457871.88132 18.196 0.022 4.07 438.0
2457872.74087 18.131 0.021 4.75 454.0
2457872.88749 18.199 0.022 4.52 453.0
2457873.72049 18.206 0.021 4.05 451.0
2457873.84140 18.172 0.022 4.67 445.0
2457874.68058 18.144 0.029 6.07 497.0
2457874.80801 18.129 0.028 6.02 455.0
2457874.92082 18.129 0.029 6.04 522.0
2457875.88809 18.096 0.025 4.85 553.0
2457876.69243 18.233 0.032 6.02 568.0
2457876.81517 18.111 0.019 3.81 469.0
2457877.65446 18.175 0.027 5.36 585.0
2457877.78236 18.124 0.020 4.05 472.0
2457877.92543 18.144 0.023 4.10 544.0
2457878.81321 18.165 0.019 3.64 465.0
2457878.93536 18.170 0.033 4.52 1204.0
2457879.75937 18.114 0.030 5.73 669.0
2457880.68082 18.162 0.036 6.86 590.0
2457880.79050 18.133 0.030 6.01 559.0
2457881.74715 18.165 0.042 7.55 662.0
2457881.87085 18.151 0.035 6.30 665.0
2457882.74537 18.222 0.032 5.89 606.0
2457882.87662 18.102 0.032 5.79 699.0
2457889.91963 18.194 0.050 6.71 1151.0
2457890.78007 18.185 0.034 6.05 667.0
2457893.63421 18.127 0.037 7.90 519.0
2457893.73786 18.126 0.027 5.73 480.0
2457893.86805 18.147 0.028 5.72 503.0
2457894.61918 18.195 0.034 6.98 575.0
2457894.73058 18.188 0.024 4.86 441.0
2457894.85021 18.191 0.023 4.47 468.0
2457895.60660 18.178 0.034 6.56 626.0
2457897.65516 18.155 0.027 5.85 446.0
2457897.82433 18.191 0.032 6.38 584.0
2457900.94053 18.188 0.042 7.66 629.0
2457901.70648 18.125 0.027 5.83 523.0
2457902.58482 18.147 0.036 7.74 538.0
2457902.69017 18.153 0.026 5.57 435.0
2457902.82139 18.177 0.035 6.91 503.0
2457903.75579 18.172 0.035 7.76 421.0
2457903.86767 18.145 0.027 5.54 499.0
2457904.61021 18.170 0.030 6.49 487.0
2457904.72463 18.127 0.019 4.20 385.0
2457904.84744 18.145 0.026 5.57 448.0
2457905.57521 18.183 0.035 7.13 554.0
2457905.69345 18.185 0.022 4.73 400.0
2457905.81409 18.163 0.021 4.07 460.0
2457905.93346 18.246 0.032 5.57 616.0
2457906.63209 18.126 0.022 4.59 480.0
2457906.76358 18.201 0.022 4.22 477.0
2457906.87406 18.156 0.024 4.42 568.0
2457907.64747 18.187 0.030 5.00 835.0
2457907.74281 18.158 0.023 3.92 636.0
2457908.58861 18.237 0.041 6.66 747.0
2457908.70546 18.159 0.024 4.59 540.0
2457908.82664 18.165 0.024 4.95 446.0
2457908.92815 18.226 0.038 6.33 718.0
2457909.62880 18.200 0.028 4.78 624.0
2457909.74937 18.149 0.022 3.98 557.0
2457909.85155 18.166 0.023 4.17 600.0
2457909.94255 18.157 0.033 5.38 897.0
2457910.64400 18.164 0.027 4.78 615.0
2457910.77674 18.168 0.024 4.28 598.0
2457910.89414 18.129 0.026 5.06 568.0
2457911.61105 18.124 0.044 7.70 782.0
2457911.71870 18.231 0.039 6.62 655.0
2457916.76682 18.158 0.030 3.75 1435.0
2457917.59214 18.253 0.041 6.91 686.0
2457917.70667 18.174 0.027 4.84 600.0
2457917.81867 18.091 0.033 6.07 729.0
2457917.92318 18.106 0.054 8.03 1071.0
2457922.69015 18.157 0.023 4.74 445.0
2457923.57242 18.196 0.033 6.19 573.0
2457923.70878 18.187 0.032 6.50 472.0
2457923.81886 18.110 0.030 6.18 536.0
2457923.90134 18.175 0.036 6.61 623.0
2457924.60224 18.176 0.023 4.69 455.0
2457924.72823 18.135 0.024 4.20 514.0
2457924.83658 18.122 0.025 5.02 548.0
2457925.62603 18.128 0.028 5.65 481.0
2457925.76230 18.264 0.033 6.13 451.0
2457925.88308 18.167 0.031 6.17 583.0
2457926.65178 18.142 0.024 5.50 407.0
2457926.79709 18.169 0.029 5.63 484.0
2457928.64147 18.172 0.029 5.72 507.0
2457932.68149 18.132 0.029 6.27 451.0
2457932.80329 18.104 0.028 6.50 448.0
2457933.66171 18.242 0.034 7.09 392.0
2457933.79363 18.143 0.031 7.16 422.0
2457933.83920 18.211 0.035 7.27 460.0
2457933.85315 18.255 0.043 8.14 505.0
2457934.59540 18.234 0.028 5.93 463.0
2457934.71748 18.127 0.023 4.94 432.0
2457934.82610 18.211 0.032 6.73 426.0
2457935.56623 18.181 0.027 5.24 476.0
2457935.69792 18.165 0.023 4.52 434.0
2457935.80730 18.103 0.020 4.78 400.0
2457935.88627 18.178 0.025 5.21 461.0
2457936.55837 18.152 0.025 5.31 470.0
2457936.68540 18.229 0.025 5.41 390.0
2457936.81505 18.174 0.025 5.58 380.0
2457937.50010 18.119 0.033 6.34 670.0
2457937.61134 18.156 0.023 4.62 461.0
2457937.73320 18.158 0.027 5.83 438.0
2457938.52362 18.222 0.038 6.25 671.0
2457938.63970 18.265 0.043 7.79 569.0
2457944.49701 18.102 0.034 5.66 896.0
2457944.54761 18.147 0.029 4.65 862.0
2457944.58919 18.174 0.029 4.56 790.0
2457944.70020 18.134 0.029 4.91 708.0
2457944.75791 18.216 0.039 6.19 757.0
2457944.80066 18.266 0.043 6.06 859.0
2457944.84053 18.328 0.059 7.08 1166.0
2457945.53238 18.176 0.031 5.63 680.0
2457945.64241 18.146 0.021 3.85 553.0
2457945.75453 18.189 0.025 4.60 590.0
2457946.47469 18.212 0.036 7.04 524.0
2457946.58669 18.196 0.026 4.73 530.0
2457946.71558 18.146 0.028 5.50 510.0
2457946.82768 18.193 0.034 6.16 600.0
2457947.57007 18.152 0.027 5.61 461.0
2457947.73147 18.176 0.035 7.12 504.0
2457948.47216 18.211 0.040 7.54 543.0
2457948.59081 18.177 0.022 4.69 411.0
2457948.70545 18.129 0.024 4.62 579.0
2457948.83616 18.201 0.038 7.05 631.0
2457949.63673 18.184 0.029 5.82 528.0
2457949.75779 18.211 0.039 5.78 831.0
2457952.78313 18.194 0.032 7.05 412.0
2457953.54152 18.171 0.021 4.37 426.0
2457953.68346 18.145 0.023 5.55 371.0
2457953.80032 18.167 0.027 5.89 442.0
2457954.55873 18.150 0.022 4.52 452.0
2457954.70405 18.077 0.021 4.20 521.0
2457955.76423 18.185 0.025 5.24 432.0
2457956.54784 18.138 0.024 4.93 486.0
2457956.68748 18.184 0.023 4.67 420.0
2457956.80393 18.169 0.028 6.13 468.0
2457957.72713 18.173 0.028 6.28 437.0
2457958.62935 18.192 0.030 6.26 427.0
2457958.73564 18.150 0.028 6.20 443.0
2457959.49144 18.166 0.025 5.34 454.0
2457959.59937 18.117 0.022 5.03 406.0
2457959.71581 18.186 0.024 5.40 394.0
2457959.80968 18.144 0.028 6.42 466.0
2457960.72151 18.167 0.027 5.70 425.0
2457961.54772 18.225 0.026 5.01 575.0
2457961.64895 18.132 0.024 5.12 450.0
2457962.48791 18.172 0.023 4.80 443.0
2457962.66234 18.146 0.026 4.93 581.0
2457964.55057 18.182 0.028 5.30 536.0
2457964.66002 18.171 0.024 4.78 466.0
2457965.64236 18.179 0.025 4.69 506.0
2457966.49827 18.236 0.040 7.36 561.0
2457966.60134 18.150 0.027 5.70 440.0
2457966.71301 18.143 0.030 6.58 440.0
2457967.63340 18.203 0.031 6.01 514.0
2457967.72325 18.248 0.035 6.40 550.0
2457971.48798 18.156 0.041 6.43 903.0
2457971.54077 18.112 0.036 5.94 889.0
2457971.58372 18.187 0.033 5.41 748.0
2457971.62890 18.202 0.033 5.01 834.0
2457971.66758 18.135 0.037 5.79 842.0
2457971.71991 18.222 0.037 5.15 920.0
2457972.50260 18.229 0.054 8.25 834.0
2457972.54895 18.096 0.043 7.16 795.0
2457972.59184 18.195 0.040 6.45 734.0
2457972.64583 18.200 0.039 5.85 773.0
2457972.69858 18.180 0.037 5.57 829.0
2457972.74461 18.078 0.042 6.36 1008.0
2457973.61950 18.113 0.031 5.44 715.0
2457974.47666 18.232 0.039 6.74 627.0
2457974.59780 18.144 0.031 5.80 554.0
2457974.71344 18.118 0.032 5.34 683.0
2457975.65970 18.178 0.038 7.35 511.0
2457979.59573 18.188 0.023 4.54 483.0
2457980.51900 18.188 0.033 6.25 534.0
2457980.64460 18.113 0.031 6.23 554.0
2457981.58543 18.136 0.028 5.43 521.0
2457982.47703 18.140 0.034 6.16 652.0
2457982.60729 18.097 0.028 5.68 482.0
2457983.53251 18.213 0.032 6.66 461.0
2457983.64238 18.163 0.024 5.02 428.0
2457984.55987 18.225 0.031 5.96 443.0
2457984.67023 18.171 0.028 5.50 441.0
2457985.60611 18.140 0.030 6.39 469.0
2457986.58330 18.124 0.019 4.16 416.0
2457987.49422 18.149 0.021 4.07 470.0
2457987.63251 18.124 0.022 4.41 471.0
2457990.56236 18.193 0.028 5.34 483.0
2457991.48022 18.184 0.029 5.37 582.0
2457991.61412 18.054 0.027 6.33 456.0
2457992.53020 18.153 0.023 4.66 475.0
2457992.64704 18.158 0.026 5.40 481.0
2457993.57684 18.192 0.027 5.43 487.0
2457994.51072 18.147 0.028 5.43 519.0
2457994.62284 18.160 0.029 5.75 521.0
2457998.54937 18.090 0.027 4.84 678.0
2458000.47977 18.193 0.036 5.80 769.0
2458000.52170 18.210 0.039 6.73 638.0
2458000.57533 18.060 0.041 7.81 708.0
2458000.62175 18.211 0.042 6.56 778.0
2458001.54553 18.115 0.025 4.61 631.0
2458002.51588 18.284 0.069 7.08 1563.0
2458003.53625 18.169 0.044 7.44 634.0
2458004.54777 18.164 0.034 6.34 567.0
2458005.59532 18.220 0.045 7.66 616.0
2458008.52044 18.155 0.029 5.92 490.0
2458010.55072 18.189 0.028 5.11 543.0
2458012.48530 18.133 0.026 4.88 626.0
2458013.48917 18.177 0.026 5.10 532.0
2458014.49874 18.145 0.030 6.14 488.0
2458015.49638 18.213 0.033 6.54 490.0
2458016.51416 18.153 0.033 6.59 544.0
2458017.53942 18.217 0.026 5.06 493.0
2458018.56488 18.135 0.026 5.67 477.0
2458020.51406 18.144 0.030 5.40 491.0
2458021.55823 18.147 0.029 5.70 533.0
2458026.50157 18.104 0.038 4.87 1351.0
2458026.55430 18.136 0.032 4.59 1085.0
2458029.56302 18.136 0.031 4.85 801.0
2458032.53452 18.121 0.038 6.63 750.0
2458035.54921 18.188 0.035 6.19 587.0
2458039.51778 18.173 0.036 6.83 585.0
2458040.56409 18.195 0.039 6.64 679.0
2458048.50238 18.188 0.027 4.86 553.0
2458054.50833 18.275 0.054 5.72 1353.0
2458153.88335 18.176 0.038 4.85 1385.0
2458155.88099 18.128 0.036 5.85 1038.0
2458161.89112 18.142 0.049 5.20 2311.0
2458163.85722 18.112 0.029 6.03 750.0
2458164.87662 18.107 0.027 5.78 536.0
2458165.86407 18.181 0.026 4.92 548.0
2458166.85686 18.225 0.033 6.15 553.0
2458166.89587 18.112 0.032 5.75 809.0
2458167.88113 18.121 0.026 5.61 501.0
2458168.85228 18.183 0.026 5.04 497.0
2458169.83682 18.160 0.030 5.87 541.0
2458169.87572 18.080 0.028 5.80 532.0
2458170.85884 18.162 0.023 4.54 495.0
2458170.89777 18.147 0.034 4.21 1301.0
2458171.86787 18.118 0.025 4.99 512.0
2458172.82979 18.132 0.027 5.47 545.0
2458172.87827 18.141 0.024 4.42 552.0
2458173.83959 18.186 0.028 5.29 621.0
2458173.88970 18.125 0.022 4.23 553.0
2458174.85051 18.161 0.028 5.22 641.0
2458174.89874 18.112 0.024 3.94 837.0
2458175.84894 18.146 0.025 5.21 505.0
2458175.89766 18.127 0.027 4.49 769.0
2458176.84220 18.147 0.024 4.75 540.0
2458176.89113 18.115 0.024 4.76 527.0
2458181.83475 18.206 0.030 4.66 770.0
2458181.88627 18.116 0.029 5.15 668.0
2458182.88115 18.189 0.027 4.67 631.0
2458183.88624 18.150 0.026 4.97 578.0
2458184.85878 18.181 0.030 5.13 696.0
2458185.82691 18.183 0.033 5.52 816.0
2458185.86703 18.125 0.044 7.95 744.0
2458189.78624 18.206 0.028 5.59 520.0
2458189.89960 18.145 0.023 4.68 501.0
2458190.88264 18.104 0.019 4.07 421.0
2458191.86941 18.136 0.024 5.13 461.0
2458192.85892 18.152 0.024 4.89 463.0
2458193.83580 18.156 0.032 7.42 437.0
2458194.79785 18.189 0.027 5.61 434.0
2458195.77262 18.199 0.037 7.39 505.0
2458195.89137 18.151 0.019 3.93 418.0
2458196.84923 18.109 0.023 5.05 427.0
2458197.80245 18.177 0.027 5.63 460.0
2458198.76010 18.141 0.025 5.66 474.0
2458198.87460 18.163 0.026 4.91 530.0
2458199.81121 18.135 0.021 4.54 423.0
2458200.80064 18.141 0.023 5.07 490.0
2458200.91797 18.120 0.038 4.56 1779.0
2458201.84240 18.100 0.025 5.59 450.0
2458202.77913 18.131 0.025 5.10 519.0
2458202.89537 18.092 0.021 4.37 495.0
2458203.82781 18.150 0.021 4.33 441.0
2458204.75990 18.162 0.038 7.27 640.0
2458204.87570 18.170 0.029 6.36 441.0
2458205.80539 18.132 0.030 6.39 526.0
2458206.74112 18.230 0.037 6.15 746.0
2458206.84738 18.125 0.020 4.14 530.0
2458207.76745 18.167 0.029 5.35 696.0
2458207.87459 18.150 0.022 4.40 524.0
2458208.79409 18.101 0.025 4.09 773.0
2458208.91273 18.125 0.024 4.01 675.0
2458209.82230 18.211 0.025 4.32 652.0
2458210.72174 18.139 0.042 6.76 968.0
2458210.83522 18.176 0.029 5.27 668.0
2458211.74174 18.101 0.043 7.71 774.0
2458211.84872 18.110 0.023 4.16 644.0
2458212.74895 18.054 0.028 5.17 864.0
2458212.84141 18.158 0.023 4.00 709.0
2458217.78964 18.187 0.030 6.04 491.0
2458217.91116 18.143 0.025 5.24 470.0
2458220.80907 18.211 0.028 6.41 392.0
2458221.72845 18.187 0.027 6.10 409.0
2458221.83884 18.138 0.020 4.16 408.0
2458222.73364 18.128 0.025 5.74 445.0
2458222.87256 18.121 0.028 6.30 474.0
2458223.84704 18.121 0.024 5.54 434.0
2458224.72757 18.162 0.027 5.23 511.0
2458224.86341 18.116 0.023 4.89 514.0
2458225.89327 18.072 0.028 6.20 502.0
2458226.92063 18.168 0.026 5.23 472.0
2458227.81349 18.154 0.021 4.69 391.0
2458228.73399 18.161 0.027 5.85 473.0
2458228.86633 18.139 0.025 5.50 433.0
2458229.75349 18.120 0.020 4.62 407.0
2458229.87827 18.152 0.021 4.62 448.0
2458230.74829 18.130 0.025 5.73 429.0
2458230.88369 18.148 0.022 5.21 455.0
2458232.87235 18.156 0.023 4.38 449.0
2458233.82243 18.155 0.022 4.66 463.0
2458236.69882 18.202 0.028 4.76 719.0
2458238.69048 18.110 0.035 5.17 1053.0
2458238.81471 18.073 0.026 4.61 779.0
2458244.67078 18.136 0.033 6.48 611.0
2458244.79062 18.089 0.026 5.22 599.0
2458245.83690 18.149 0.046 8.41 650.0
2458246.69394 18.144 0.037 7.72 542.0
2458246.80792 18.205 0.031 5.72 586.0
2458246.92883 18.215 0.043 6.86 758.0
2458247.72578 18.104 0.023 5.35 432.0
2458247.85668 18.139 0.025 4.78 590.0
2458248.72738 18.243 0.034 6.49 472.0
2458249.69337 18.096 0.032 7.45 480.0
2458249.80466 18.104 0.021 4.61 470.0
2458249.93321 18.186 0.032 5.37 772.0
2458250.74763 18.142 0.019 4.11 424.0
2458250.88021 18.192 0.023 4.68 479.0
2458251.67171 18.186 0.031 6.47 467.0
2458251.79930 18.115 0.030 6.52 495.0
2458251.91629 18.192 0.025 4.52 554.0
2458252.94175 18.255 0.037 4.76 1060.0
2458253.72948 18.155 0.021 4.50 435.0
2458253.86968 18.128 0.023 5.37 478.0
2458254.74615 18.143 0.019 3.70 465.0
2458254.89706 18.138 0.020 4.30 514.0
2458255.68971 18.232 0.026 4.87 447.0
2458255.84400 18.151 0.024 4.80 499.0
2458256.62087 18.135 0.038 7.61 550.0
2458256.73040 18.131 0.031 7.06 452.0
2458256.86380 18.124 0.025 4.94 532.0
2458257.68170 18.138 0.026 5.57 460.0
2458257.79491 18.097 0.025 5.69 444.0
2458257.93182 18.127 0.023 4.28 563.0
2458258.77429 18.140 0.025 5.41 423.0
2458258.91535 18.111 0.020 3.60 532.0
2458259.74206 18.093 0.023 4.69 610.0
2458259.87074 18.118 0.023 4.60 573.0
2458260.66977 18.080 0.022 4.51 596.0
2458261.65705 18.122 0.024 4.60 520.0
2458261.78235 18.146 0.023 4.69 448.0
2458261.93552 18.120 0.024 4.10 640.0
2458262.64308 18.167 0.023 4.86 468.0
2458262.75838 18.175 0.022 4.49 454.0
2458262.89517 18.148 0.020 4.05 460.0
2458263.68342 18.133 0.020 3.84 534.0
2458263.81794 18.159 0.020 4.05 463.0
2458264.69980 18.119 0.021 3.98 627.0
2458264.82022 18.084 0.021 4.14 634.0
2458265.59233 18.123 0.037 6.07 931.0
2458265.71431 18.114 0.029 5.49 627.0
2458265.85931 18.128 0.027 5.08 653.0
2458266.71786 18.101 0.033 6.34 742.0
2458271.59729 18.145 0.040 6.58 818.0
2458271.70803 18.237 0.040 5.85 1022.0
2458271.84473 18.223 0.040 6.09 878.0
2458272.70600 18.104 0.025 5.11 550.0
2458272.82220 18.181 0.029 5.15 599.0
2458272.93576 18.145 0.031 5.12 704.0
2458273.67508 18.124 0.020 4.17 481.0
2458273.81164 18.165 0.025 5.06 497.0
2458273.90169 18.102 0.026 5.05 576.0
2458274.65241 18.134 0.033 8.50 450.0
2458274.78078 18.170 0.029 5.99 532.0
2458274.89632 18.145 0.036 6.36 763.0
2458275.65613 18.134 0.025 5.37 434.0
2458275.79110 18.152 0.023 4.58 490.0
2458275.90793 18.206 0.029 4.65 692.0
2458276.65191 18.078 0.022 5.20 445.0
2458276.77943 18.160 0.024 4.94 465.0
2458277.58179 18.173 0.025 4.93 543.0
2458277.71526 18.109 0.019 4.36 421.0
2458277.83234 18.101 0.022 4.49 484.0
2458277.93565 18.132 0.026 4.64 630.0
2458278.64596 18.146 0.024 5.11 489.0
2458282.55200 18.196 0.034 6.66 525.0
2458282.67488 18.145 0.019 4.21 374.0
2458282.81529 18.188 0.026 5.51 437.0
2458282.92489 18.179 0.025 4.82 537.0
2458283.62661 18.083 0.026 5.87 415.0
2458283.76276 18.149 0.025 5.46 433.0
2458283.87341 18.217 0.036 6.75 527.0
2458284.59787 18.116 0.024 5.24 430.0
2458284.72901 18.191 0.023 4.93 400.0
2458284.84322 18.154 0.021 4.55 404.0
2458285.74498 18.121 0.025 5.77 405.0
2458286.56464 18.201 0.029 6.46 411.0
2458286.68763 18.151 0.022 5.31 356.0
2458286.83927 18.171 0.025 5.36 413.0
2458287.55125 18.154 0.025 5.10 462.0
2458287.67821 18.151 0.019 4.53 356.0
2458287.81738 18.165 0.023 5.23 367.0
2458288.52838 18.175 0.032 6.57 510.0
2458288.64499 18.119 0.020 4.49 370.0
2458288.79073 18.107 0.021 4.53 386.0
2458289.52464 18.117 0.033 6.68 618.0
2458289.65066 18.131 0.020 4.38 407.0
2458289.79593 18.122 0.029 6.61 444.0
2458289.90385 18.114 0.030 5.91 591.0
2458290.63447 18.192 0.023 4.47 454.0
2458290.79263 18.187 0.028 5.55 489.0
2458291.55538 18.127 0.028 4.56 1057.0
2458291.69734 18.176 0.025 4.62 526.0
2458291.82902 18.127 0.024 4.71 487.0
2458292.57131 18.155 0.029 5.71 553.0
2458292.69174 18.109 0.032 5.69 841.0
2458292.85235 18.161 0.027 5.08 524.0
2458293.57418 18.081 0.030 6.02 616.0
2458293.72148 18.130 0.028 5.41 583.0
2458294.60366 18.193 0.043 6.80 849.0
2458294.73360 18.153 0.045 7.96 791.0
2458299.51259 18.126 0.045 6.77 1030.0
2458299.68680 18.138 0.044 5.03 1833.0
2458301.68866 18.300 0.046 6.78 861.0
2458301.82396 18.217 0.041 6.74 782.0
2458303.62026 18.206 0.037 7.75 461.0
2458304.59720 18.092 0.036 8.29 501.0
2458304.71747 18.140 0.040 7.79 587.0
2458305.59716 18.116 0.035 8.24 429.0
2458305.74271 18.186 0.030 6.24 450.0
2458306.63861 18.095 0.029 6.76 452.0
2458306.74967 18.126 0.037 8.02 485.0
2458306.84171 18.140 0.036 7.06 579.0
2458307.57460 18.171 0.024 4.95 503.0
2458307.69998 18.145 0.022 4.78 399.0
2458307.81874 18.151 0.028 5.71 479.0
2458308.53367 18.140 0.024 5.52 404.0
2458308.65331 18.175 0.019 3.96 358.0
2458308.77442 18.154 0.026 4.84 499.0
2458309.50507 18.152 0.025 5.61 454.0
2458309.62966 18.119 0.021 4.64 394.0
2458309.75256 18.148 0.022 4.79 460.0
2458310.47189 18.165 0.034 6.29 576.0
2458310.56912 18.126 0.025 5.50 485.0
2458310.65818 18.108 0.021 4.61 488.0
2458310.74613 18.231 0.030 6.01 460.0
2458311.48638 18.177 0.032 6.51 508.0
2458311.59876 18.127 0.021 4.79 374.0
2458311.73052 18.177 0.024 4.99 413.0
2458311.83530 18.084 0.027 5.41 581.0
2458312.56606 18.154 0.024 5.24 429.0
2458312.70950 18.148 0.021 4.58 401.0
2458312.83108 18.169 0.025 5.58 455.0
2458313.56815 18.154 0.019 4.28 380.0
2458313.68953 18.149 0.021 4.24 417.0
2458313.79887 18.176 0.024 4.19 526.0
2458314.53419 18.139 0.023 4.78 447.0
2458314.65573 18.216 0.025 4.88 442.0
2458314.77426 18.157 0.023 4.75 408.0
2458316.53306 18.179 0.026 5.15 489.0
2458316.64926 18.150 0.030 6.78 452.0
2458320.47051 18.205 0.043 7.39 740.0
2458320.59223 18.140 0.032 7.11 486.0
2458320.71520 18.184 0.024 4.94 432.0
2458321.50716 18.160 0.032 5.37 702.0
2458328.47155 18.127 0.043 7.01 800.0
2458328.58316 18.161 0.028 4.90 673.0
2458328.69739 18.172 0.044 7.11 749.0
2458329.48652 18.138 0.028 5.27 540.0
2458329.60589 18.099 0.027 5.38 614.0
2458329.71599 18.181 0.025 4.18 648.0
2458330.52659 18.217 0.025 4.77 526.0
2458331.50275 18.169 0.025 5.05 444.0
2458331.63489 18.179 0.027 5.61 478.0
2458332.50392 18.103 0.028 5.92 496.0
2458332.63697 18.159 0.028 5.70 527.0
2458333.49370 18.108 0.026 5.00 547.0
2458333.62733 18.155 0.021 4.65 408.0
2458334.52752 18.122 0.022 4.35 503.0
2458334.66003 18.137 0.024 4.97 466.0
2458335.66730 18.115 0.026 5.55 446.0
2458336.55366 18.169 0.021 4.30 383.0
2458336.68128 18.166 0.020 4.49 366.0
2458338.55699 18.206 0.029 6.13 455.0
2458338.74321 18.103 0.026 5.67 474.0
2458339.58810 18.142 0.020 4.38 370.0
2458340.49083 18.179 0.026 4.91 479.0
2458340.67209 18.170 0.024 5.16 411.0
2458341.57098 18.166 0.021 4.55 407.0
2458342.47538 18.153 0.030 5.38 586.0
2458342.62235 18.127 0.027 5.76 456.0
2458344.49128 18.158 0.026 5.06 495.0
2458344.62207 18.196 0.025 4.86 455.0
2458345.52353 18.153 0.031 5.96 518.0
2458345.69084 18.160 0.021 4.38 387.0
2458346.56230 18.176 0.023 4.77 390.0
2458347.47696 18.165 0.030 5.79 519.0
2458347.60403 18.141 0.021 4.87 377.0
2458348.53312 18.060 0.030 5.95 506.0
2458349.50191 18.171 0.039 7.28 539.0
2458349.63534 18.143 0.032 6.24 478.0
2458353.58106 18.237 0.047 6.92 925.0
2458355.51057 18.150 0.031 5.84 634.0
2458355.67633 18.128 0.028 4.92 718.0
2458356.64406 18.140 0.023 4.02 656.0
2458357.54142 18.181 0.029 5.03 607.0
2458358.51917 18.145 0.030 5.12 632.0
2458358.68321 18.210 0.037 6.15 650.0
2458359.57805 18.139 0.026 5.04 536.0
2458360.53200 18.151 0.032 6.53 494.0
2458360.64655 18.109 0.030 5.45 626.0
2458363.51405 18.198 0.029 5.81 483.0
2458363.68675 18.171 0.028 6.28 426.0
2458364.60208 18.141 0.021 4.44 450.0
2458366.53374 18.161 0.030 6.34 446.0
2458367.54004 18.092 0.023 4.96 436.0
2458368.50927 18.144 0.023 4.59 439.0
2458368.67427 18.159 0.022 4.49 476.0
2458369.62792 18.126 0.022 4.20 445.0
2458370.62231 18.153 0.023 4.45 459.0
2458371.57323 18.163 0.021 4.21 411.0
2458372.53472 18.136 0.025 4.91 455.0
2458373.52337 18.160 0.028 5.44 441.0
2458375.55357 18.201 0.030 5.68 493.0
2458376.48507 18.142 0.037 7.86 538.0
2458376.61540 18.176 0.037 7.20 522.0
2458377.54511 18.034 0.036 6.36 862.0
2458381.48892 18.117 0.056 6.17 1825.0
2458381.49333 18.303 0.069 5.76 2098.0
2458382.50209 18.100 0.023 4.33 630.0
2458382.61287 18.123 0.026 4.20 786.0
2458383.53264 18.188 0.030 4.71 679.0
2458383.62510 18.112 0.039 6.22 844.0
2458384.58021 18.138 0.030 4.77 735.0
2458385.48608 18.154 0.024 4.04 682.0
2458385.60338 18.109 0.021 3.57 679.0
2458387.48514 18.120 0.030 4.91 757.0
2458392.49010 18.202 0.042 7.97 519.0
2458392.61272 18.135 0.029 6.15 469.0
2458393.56670 18.184 0.035 6.72 474.0
2458394.52165 18.197 0.034 6.12 496.0
2458397.57020 18.191 0.032 7.14 437.0
2458399.52293 18.209 0.034 6.22 482.0
2458401.58541 18.137 0.026 4.90 542.0
2458409.54340 18.124 0.037 6.34 792.0
2458411.53750 18.154 0.043 6.99 802.0
2458413.53346 18.148 0.036 4.91 861.0
2458414.55746 18.254 0.048 6.59 891.0
2458418.50255 18.323 0.047 6.57 688.0
2458419.52984 18.121 0.032 5.74 630.0
2458424.52831 18.222 0.037 5.59 695.0
2458521.88342 18.136 0.034 5.82 883.0
2458522.87796 18.116 0.029 5.87 646.0
2458523.88143 18.168 0.028 5.33 564.0
2458526.87275 18.173 0.039 8.19 498.0
2458529.85998 18.174 0.028 5.63 530.0
2458531.88957 18.123 0.034 5.50 922.0
2458534.84889 18.153 0.030 4.79 813.0
2458535.87613 18.179 0.031 5.46 669.0
2458536.85318 18.161 0.028 5.04 694.0
2458537.85036 18.147 0.029 5.45 581.0
2458538.86411 18.087 0.023 4.80 552.0
2458539.86235 18.105 0.027 5.20 606.0
2458539.90263 18.086 0.038 4.71 1674.0
2458540.88511 18.007 0.033 4.92 1105.0
2458544.84922 18.122 0.020 4.44 430.0
2458544.88552 18.124 0.021 4.89 421.0
2458546.85337 18.136 0.022 4.81 440.0
2458546.90278 18.157 0.026 4.82 662.0
2458547.85790 18.182 0.025 5.50 440.0
2458548.81830 18.135 0.023 4.59 561.0
2458548.86671 18.076 0.020 4.45 489.0
2458549.81378 18.173 0.031 6.28 482.0
2458549.85418 18.138 0.024 5.33 447.0
2458550.82749 18.134 0.021 4.74 418.0
2458550.86669 18.175 0.023 4.86 439.0
2458551.83776 18.252 0.036 7.77 439.0
2458551.87712 18.171 0.029 6.54 425.0
2458552.85891 18.157 0.034 7.42 442.0
2458552.89832 18.166 0.032 7.01 436.0
2458553.82944 18.076 0.031 7.00 463.0
2458553.87580 18.029 0.029 7.09 464.0
2458554.81069 18.220 0.029 6.09 474.0
2458554.85279 18.133 0.023 4.95 473.0
2458554.90243 18.058 0.023 5.41 493.0
2458555.81377 18.164 0.023 4.85 468.0
2458555.87099 18.118 0.019 3.98 457.0
2458556.78663 18.119 0.025 5.23 440.0
2458556.83497 18.161 0.023 5.04 438.0
2458556.87506 18.130 0.021 4.83 433.0
2458557.79661 18.121 0.031 7.01 457.0
2458557.84245 18.104 0.023 5.08 438.0
2458557.89457 18.116 0.024 5.36 453.0
2458558.79578 18.105 0.027 6.01 492.0
2458558.84489 18.143 0.022 4.66 462.0
2458558.88457 18.118 0.022 5.40 428.0
2458559.78920 18.221 0.033 6.92 486.0
2458559.82907 18.181 0.024 5.11 437.0
2458559.87924 18.075 0.017 3.91 432.0
2458560.78214 18.147 0.027 5.50 645.0
2458560.83871 18.100 0.020 4.57 470.0
2458560.87808 18.152 0.021 4.25 483.0
2458561.79276 18.135 0.030 5.71 666.0
2458561.83243 18.126 0.026 5.05 610.0
2458561.88412 18.110 0.029 5.98 480.0
2458562.77931 18.059 0.033 6.22 776.0
2458562.83080 18.054 0.035 6.64 745.0
2458562.87706 18.152 0.033 6.15 662.0
2458563.77141 18.127 0.032 5.19 900.0
2458563.80879 18.130 0.031 5.76 783.0
2458563.86677 18.183 0.026 4.52 688.0
2458563.90631 18.144 0.024 3.97 701.0
2458564.81417 18.134 0.026 5.03 672.0
2458564.85600 18.132 0.023 4.30 652.0
2458564.90613 18.179 0.027 4.49 687.0
2458565.80643 18.214 0.031 5.14 699.0
2458565.86316 18.188 0.032 5.14 643.0
2458565.90753 18.147 0.027 4.40 676.0
2458566.82326 18.110 0.027 5.32 663.0
2458566.86455 18.141 0.025 4.42 603.0
2458567.76679 18.127 0.029 4.83 883.0
2458567.79611 18.119 0.030 4.32 1082.0
2458567.83689 18.136 0.026 4.76 681.0
2458567.87675 18.105 0.028 5.23 658.0
2458573.85948 18.114 0.035 7.51 474.0
2458573.89912 18.115 0.027 5.99 469.0
2458574.74095 18.167 0.035 7.63 450.0
2458574.85012 18.090 0.027 6.63 425.0
2458574.90002 18.133 0.025 5.99 416.0
2458575.74386 18.173 0.030 6.49 447.0
2458575.79336 18.184 0.028 6.02 426.0
2458575.83212 18.170 0.028 6.44 417.0
2458575.88072 18.071 0.023 5.80 437.0
2458575.92178 18.112 0.030 4.86 842.0
2458576.80663 18.176 0.034 7.47 443.0
2458576.84545 18.187 0.029 6.20 427.0
2458576.89424 18.170 0.031 7.45 409.0
2458577.72059 18.090 0.039 8.15 533.0
2458577.81220 18.126 0.035 9.69 513.0
2458577.88069 18.132 0.033 7.00 553.0
2458578.71774 18.151 0.032 6.67 492.0
2458578.75205 18.068 0.025 5.73 479.0
2458578.80106 18.102 0.023 5.21 482.0
2458578.85141 18.197 0.026 5.50 486.0
2458578.91056 18.114 0.025 5.81 468.0
2458579.72932 18.145 0.034 6.95 546.0
2458579.77901 18.167 0.029 5.71 550.0
2458579.81478 18.088 0.028 5.93 546.0
2458579.87688 18.077 0.028 6.14 560.0
2458579.91884 18.152 0.026 4.91 686.0
2458580.75071 18.146 0.027 5.93 475.0
2458580.79594 18.134 0.024 5.47 470.0
2458580.84469 18.092 0.025 5.84 475.0
2458580.89480 18.105 0.023 5.10 489.0
2458581.72901 18.186 0.025 5.34 482.0
2458581.82304 18.205 0.023 4.82 435.0
2458582.70846 18.125 0.027 5.89 443.0
2458582.77288 18.125 0.027 6.06 446.0
2458582.89619 18.096 0.022 4.35 488.0
2458583.73124 18.059 0.026 6.13 475.0
2458583.83633 18.083 0.019 4.33 469.0
2458584.72332 18.147 0.023 4.79 474.0
2458584.79726 18.124 0.018 3.93 414.0
2458585.70325 18.131 0.028 6.21 490.0
2458585.76844 18.135 0.023 5.34 451.0
2458585.89372 18.090 0.020 4.18 461.0
2458586.72053 18.145 0.026 5.61 441.0
2458586.81150 18.190 0.022 4.77 399.0
2458587.69582 18.029 0.030 6.63 588.0
2458587.74559 18.136 0.026 5.94 463.0
2458587.88115 18.145 0.022 4.56 477.0
2458588.71849 18.087 0.025 5.70 545.0
2458588.81634 18.138 0.020 4.21 400.0
2458589.69358 18.174 0.033 5.30 776.0
2458589.76134 18.110 0.024 4.48 606.0
2458589.89211 18.110 0.024 5.09 456.0
2458590.71684 18.186 0.025 4.53 702.0
2458590.80802 18.091 0.019 3.71 589.0
2458591.69461 18.153 0.031 5.28 837.0
2458591.75711 18.151 0.027 4.89 706.0
2458591.88877 18.153 0.026 4.10 810.0
2458592.80841 18.066 0.027 5.10 758.0
2458593.68130 18.264 0.053 6.69 1168.0
2458593.77915 18.204 0.044 5.54 1586.0
2458593.92978 18.179 0.044 4.94 1590.0
2458594.71668 18.141 0.032 5.23 851.0
2458594.83248 18.106 0.023 3.93 716.0
2458595.69715 18.008 0.055 6.73 1767.0
2458595.74356 18.114 0.046 7.47 891.0
2458595.91537 18.062 0.033 5.62 869.0
2458599.71906 18.180 0.034 6.34 573.0
2458599.77504 18.166 0.029 5.96 512.0
2458599.83050 18.144 0.022 4.58 489.0
2458599.90929 18.147 0.024 4.96 502.0
2458600.67644 18.159 0.028 5.92 465.0
2458600.77460 18.198 0.022 4.60 455.0
2458600.92151 18.122 0.022 4.55 553.0
2458601.71308 18.125 0.022 4.66 470.0
2458601.90747 18.171 0.021 3.81 557.0
2458602.70477 18.141 0.019 4.11 395.0
2458602.87258 18.125 0.022 4.57 463.0
2458603.67597 18.198 0.027 5.70 455.0
2458603.79886 18.084 0.019 4.07 538.0
2458604.69134 18.192 0.028 5.86 465.0
2458604.79529 18.202 0.026 5.34 416.0
2458605.65668 18.155 0.028 5.81 468.0
2458605.73439 18.217 0.024 4.78 437.0
2458605.90352 18.167 0.026 5.60 475.0
2458606.69768 18.140 0.021 4.34 435.0
2458606.84601 18.142 0.018 3.51 437.0
2458607.67307 18.120 0.021 4.67 479.0
2458607.90225 18.069 0.024 4.98 521.0
2458608.68002 18.040 0.025 5.43 592.0
2458608.88226 18.126 0.021 4.61 500.0
2458612.74505 18.166 0.029 6.29 405.0
2458612.85444 18.101 0.029 6.26 472.0
2458613.64681 18.113 0.034 6.99 511.0
2458613.73796 18.093 0.023 5.07 460.0
2458613.89027 18.091 0.022 4.41 557.0
2458614.66837 18.194 0.034 6.52 566.0
2458614.78988 18.145 0.025 4.90 525.0
2458614.93063 18.161 0.032 6.04 606.0
2458615.74106 18.162 0.028 6.36 449.0
2458615.90155 18.192 0.027 5.66 480.0
2458616.66500 18.133 0.022 4.67 526.0
2458616.80089 18.125 0.017 3.42 444.0
2458617.64111 18.084 0.025 5.02 584.0
2458617.70941 18.139 0.022 4.54 521.0
2458617.89066 18.106 0.024 5.01 572.0
2458618.66055 18.112 0.026 5.38 603.0
2458618.79690 18.087 0.027 5.21 600.0
2458619.63064 18.211 0.037 6.42 682.0
2458619.69981 18.095 0.029 6.06 562.0
2458619.88083 18.053 0.026 6.20 451.0
2458620.65360 18.146 0.032 5.96 634.0
2458620.79398 18.126 0.025 4.82 566.0
2458621.67024 18.084 0.041 6.65 843.0
2458621.80220 18.125 0.033 5.45 829.0
2458621.92879 18.053 0.032 4.95 1005.0
2458626.64518 18.113 0.041 7.19 753.0
2458626.69464 18.110 0.039 7.30 689.0
2458626.74568 18.170 0.031 5.51 671.0
2458626.81050 18.137 0.027 4.95 684.0
2458626.86023 18.206 0.032 5.32 728.0
2458626.91070 18.111 0.028 4.86 747.0
2458627.69908 18.127 0.021 4.65 460.0
2458627.77337 18.127 0.025 4.98 635.0
2458635.68059 18.178 0.027 5.94 413.0
2458635.82866 18.176 0.027 5.72 478.0
2458636.56941 18.181 0.029 5.75 527.0
2458636.64033 18.032 0.023 5.41 445.0
2458636.78470 18.163 0.020 4.27 394.0
2458636.90925 18.154 0.026 5.30 521.0
2458637.60418 18.094 0.023 5.60 419.0
2458637.74165 18.082 0.020 4.53 428.0
2458637.87029 18.147 0.022 4.37 513.0
2458638.66296 18.094 0.021 5.13 442.0
2458638.84142 18.166 0.028 6.00 456.0
2458639.67142 18.106 0.019 4.09 491.0
2458639.86449 18.127 0.023 4.28 610.0
2458640.60337 18.083 0.025 5.98 469.0
2458640.75605 18.159 0.027 5.34 468.0
2458640.88113 18.168 0.032 6.02 532.0
2458641.63898 18.085 0.022 4.75 560.0
2458642.58060 18.155 0.028 5.77 554.0
2458642.82074 18.148 0.029 6.12 528.0
2458643.54889 18.137 0.033 7.04 570.0
2458643.61989 18.141 0.020 4.08 450.0
2458643.75167 18.143 0.021 4.67 424.0
2458643.86260 18.076 0.025 5.43 476.0
2458644.56245 18.042 0.028 5.94 570.0
2458644.65610 18.107 0.023 5.03 440.0
2458644.78124 18.121 0.027 5.85 484.0
2458644.88999 18.122 0.031 5.87 531.0
2458645.65436 18.132 0.030 6.05 500.0
2458646.60807 18.172 0.035 7.07 496.0
2458646.70086 18.127 0.030 6.38 479.0
2458646.80700 18.103 0.027 6.12 448.0
2458647.59525 18.219 0.034 6.07 619.0
2458647.66198 18.185 0.031 5.88 558.0
2458647.78317 18.209 0.033 5.91 566.0
2458648.59765 18.177 0.042 7.23 741.0
2458648.66624 18.107 0.029 5.51 620.0
2458648.78810 18.135 0.034 6.50 644.0
2458648.89703 18.174 0.031 6.19 554.0
2458649.61590 18.147 0.040 6.52 808.0
2458654.52760 18.189 0.042 5.09 1614.0
2458655.63356 18.106 0.023 4.06 906.0
2458655.80870 18.123 0.036 5.57 1151.0
2458656.64439 18.132 0.027 5.86 548.0
2458656.75464 18.150 0.023 5.17 533.0
2458656.87294 18.124 0.029 5.78 644.0
2458657.59399 18.151 0.023 4.89 414.0
2458657.70116 18.141 0.023 4.96 427.0
2458657.82253 18.156 0.023 4.76 446.0
2458658.54264 18.073 0.028 6.70 407.0
2458660.51139 18.136 0.028 6.06 456.0
2458660.59367 18.138 0.025 5.84 400.0
2458660.74961 18.144 0.023 5.22 430.0
2458660.88537 18.240 0.033 6.22 640.0
2458661.60982 18.154 0.027 6.04 422.0
2458662.57230 18.184 0.036 7.44 508.0
2458662.66884 18.064 0.028 6.90 428.0
2458664.53464 18.183 0.029 6.27 414.0
2458664.64458 18.141 0.019 4.47 337.0
2458664.78103 18.087 0.022 5.30 525.0
2458665.59301 18.209 0.027 5.50 536.0
2458666.55072 18.159 0.031 6.09 587.0
2458666.68091 18.079 0.023 5.39 398.0
2458667.51020 18.166 0.037 6.32 699.0
2458667.57917 18.133 0.037 7.96 503.0
2458667.70910 18.137 0.022 4.96 390.0
2458667.83441 18.168 0.025 5.67 465.0
2458668.55720 18.219 0.033 7.34 429.0
2458668.70723 18.121 0.022 4.63 364.0
2458668.83556 18.138 0.026 5.78 425.0
2458669.52532 18.100 0.030 6.23 564.0
2458669.67412 18.150 0.026 5.59 436.0
2458669.80390 18.174 0.024 5.01 468.0
2458670.50227 18.120 0.028 6.26 517.0
2458670.60299 18.103 0.018 4.11 386.0
2458670.75400 18.112 0.018 4.35 357.0
2458671.67462 18.154 0.033 7.49 393.0
2458673.60108 18.167 0.022 4.54 475.0
2458673.75128 18.153 0.023 4.99 425.0
2458674.58292 18.132 0.028 6.23 432.0
2458674.68273 18.117 0.021 4.70 397.0
2458674.80672 18.164 0.031 6.25 507.0
2458675.62099 18.053 0.025 4.30 778.0
2458675.82453 18.179 0.028 5.72 478.0
2458676.48862 18.071 0.032 5.88 760.0
2458676.56595 18.145 0.025 4.52 618.0
2458676.73911 18.149 0.029 5.46 584.0
2458676.81538 18.175 0.038 6.68 671.0
2458677.60200 18.095 0.033 5.91 725.0
2458677.78926 18.090 0.042 5.82 1368.0
2458681.49404 18.079 0.048 6.73 1264.0
2458681.57068 18.159 0.038 5.25 1069.0
2458681.65213 18.187 0.040 5.62 987.0
2458682.48878 18.122 0.034 5.85 929.0
2458682.56526 18.103 0.031 5.49 739.0
2458682.77857 18.128 0.030 5.16 783.0
2458683.48960 18.136 0.034 6.96 535.0
2458683.57431 18.139 0.034 6.54 604.0
2458683.74984 18.139 0.035 6.41 593.0
2458684.49611 18.133 0.030 6.09 506.0
2458684.57694 18.110 0.027 5.07 648.0
2458684.73161 18.113 0.027 6.14 502.0
2458685.50066 18.149 0.030 6.12 505.0
2458685.65487 18.097 0.029 5.21 740.0
2458688.55393 18.221 0.040 7.68 473.0
2458688.65032 18.154 0.025 5.70 361.0
2458689.50121 18.179 0.036 7.13 503.0
2458689.58697 18.194 0.030 6.29 421.0
2458689.69846 18.217 0.025 5.50 371.0
2458690.48973 18.125 0.030 6.13 517.0
2458690.58388 18.129 0.028 6.15 451.0
2458690.72501 18.152 0.022 4.86 399.0
2458691.48758 18.179 0.022 4.16 500.0
2458691.56373 18.154 0.020 4.30 378.0
2458691.75135 18.146 0.028 6.12 453.0
2458692.49015 18.122 0.031 6.23 564.0
2458692.57824 18.154 0.025 4.74 596.0
2458692.69039 18.154 0.023 4.66 453.0
2458693.48901 18.148 0.035 7.33 461.0
2458693.62369 18.193 0.028 6.18 389.0
2458693.77161 18.095 0.029 6.41 486.0
2458694.49242 18.155 0.026 5.09 463.0
2458694.57173 18.191 0.021 4.23 422.0
2458694.65094 18.113 0.021 4.96 373.0
2458695.49231 18.156 0.025 5.39 457.0
2458695.72807 18.144 0.019 4.33 390.0
2458695.78120 18.137 0.021 4.57 438.0
2458697.56190 18.228 0.034 6.74 435.0
2458698.49189 18.107 0.025 5.74 411.0
2458698.72190 18.166 0.022 4.54 398.0
2458698.76799 18.146 0.022 4.14 424.0
2458699.49482 18.205 0.029 5.95 472.0
2458699.72135 18.166 0.023 5.10 410.0
2458699.76736 18.187 0.026 5.33 433.0
2458700.49440 18.133 0.022 4.58 454.0
2458700.73171 18.129 0.023 4.60 456.0
2458700.76858 18.114 0.024 4.87 526.0
2458701.49454 18.216 0.030 5.53 472.0
2458701.65117 18.180 0.025 5.02 438.0
2458702.49476 18.112 0.025 5.48 460.0
2458702.60818 18.172 0.027 6.33 404.0
2458702.76165 18.095 0.024 5.43 428.0
2458703.49497 18.098 0.030 6.12 552.0
2458704.55226 18.117 0.035 6.72 660.0
2458704.68392 18.113 0.032 5.80 611.0
2458708.60163 18.153 0.024 4.32 722.0
2458709.71527 18.050 0.042 5.03 1913.0
2458710.49534 18.212 0.032 5.07 751.0
2458711.49351 18.168 0.038 4.84 1260.0
2458711.60625 18.189 0.037 6.07 801.0
2458711.73306 18.237 0.054 7.05 1111.0
2458712.51016 18.093 0.038 7.21 631.0
2458712.62799 18.231 0.036 6.46 538.0
2458713.49461 18.064 0.026 6.03 448.0
2458713.62101 18.146 0.029 5.82 510.0
2458713.73618 18.224 0.034 6.00 597.0
2458714.49696 18.102 0.031 6.73 453.0
2458714.64892 18.143 0.031 5.15 1069.0
2458715.51270 18.167 0.028 5.84 430.0
2458715.65213 18.173 0.025 5.19 415.0
2458716.51055 18.155 0.019 4.04 394.0
2458716.72979 18.142 0.027 5.52 550.0
2458717.49588 18.113 0.030 6.83 424.0
2458717.63266 18.071 0.028 6.66 410.0
2458718.51137 18.163 0.022 4.31 431.0
2458718.64737 18.182 0.021 4.02 411.0
2458719.49305 18.112 0.031 6.57 462.0
2458719.58404 18.139 0.025 5.68 433.0
2458719.69364 18.120 0.031 6.87 486.0
2458721.50319 18.160 0.025 5.37 403.0
2458721.69014 18.082 0.025 5.67 429.0
2458722.49792 18.181 0.022 4.74 439.0
2458722.69902 18.097 0.025 6.27 385.0
2458723.60330 18.173 0.025 5.06 481.0
2458723.64347 18.212 0.028 5.55 473.0
2458724.50716 18.169 0.021 4.48 421.0
2458724.64466 18.154 0.020 4.27 397.0
2458725.51159 18.161 0.024 4.98 476.0
2458725.59686 18.134 0.025 5.84 400.0
2458726.58525 18.160 0.025 5.74 383.0
2458726.63827 18.163 0.023 5.03 353.0
2458727.53540 18.139 0.028 5.84 447.0
2458727.62018 18.121 0.026 5.08 501.0
2458728.60033 18.147 0.025 5.38 442.0
2458728.63996 18.168 0.025 4.79 428.0
2458729.50110 18.225 0.033 6.94 421.0
2458729.63869 18.093 0.024 5.13 455.0
2458730.58545 18.193 0.030 6.47 415.0
2458730.62565 18.153 0.025 5.47 408.0
2458731.53718 18.135 0.033 7.41 438.0
2458731.60516 18.139 0.034 7.15 471.0
2458736.61267 18.154 0.037 6.42 722.0
2458737.62371 18.221 0.045 7.01 735.0
2458738.59272 18.149 0.037 6.26 733.0
2458739.50797 18.111 0.032 6.59 615.0
2458740.55069 18.165 0.040 7.22 632.0
2458741.60460 18.110 0.030 5.68 604.0
2458742.60351 18.146 0.029 5.35 599.0
2458746.59525 18.200 0.033 6.84 429.0
2458747.54742 18.019 0.026 6.53 399.0
2458748.59035 18.142 0.036 7.17 504.0
2458750.58893 18.115 0.027 5.38 461.0
2458752.59063 18.172 0.030 6.40 457.0
2458753.60603 18.079 0.030 6.39 484.0
2458754.58930 18.126 0.030 6.03 514.0
2458755.59212 18.138 0.024 4.57 467.0
2458757.57973 18.158 0.031 6.35 445.0
2458759.60262 18.172 0.040 7.58 546.0
2458763.56499 18.096 0.033 5.57 732.0
2458766.58770 18.115 0.047 7.17 975.0
2458768.58253 18.197 0.045 6.77 781.0
2458782.55344 18.202 0.028 4.53 638.0
2458783.52141 18.113 0.026 4.54 566.0
2458783.55508 18.112 0.029 5.67 552.0
2458888.88032 18.152 0.044 6.28 1109.0
2458890.87487 18.122 0.034 5.88 763.0
2458892.88857 18.009 0.030 4.41 1170.0
2458893.87658 18.105 0.026 5.10 668.0
2458900.84517 18.110 0.025 5.51 473.0
2458901.84804 18.122 0.022 4.92 432.0
2458902.84206 18.131 0.026 5.65 456.0
2458903.84037 18.180 0.035 6.97 524.0
2458904.83987 18.149 0.026 5.95 399.0
2458904.89953 18.044 0.031 5.37 974.0
2458905.89169 18.104 0.024 4.94 503.0
2458907.83589 18.169 0.024 4.87 501.0
2458907.90227 18.118 0.036 4.24 1631.0
2458908.89665 18.138 0.031 5.62 631.0
2458909.86466 18.081 0.020 4.81 404.0
2458909.89934 18.138 0.032 4.56 1179.0
2458910.81338 18.177 0.036 7.30 473.0
2458910.88522 18.138 0.031 6.65 507.0
2458911.83382 18.085 0.025 5.85 456.0
2458911.87589 18.074 0.026 6.19 441.0
2458912.80786 18.174 0.030 5.82 491.0
2458912.84826 18.146 0.025 5.53 436.0
2458912.88329 18.106 0.023 5.65 428.0
2458913.81894 18.197 0.037 7.51 476.0
2458913.85387 18.092 0.025 5.92 434.0
2458913.89766 18.035 0.032 8.31 573.0
2458914.86066 18.115 0.024 5.56 448.0
2458914.90287 18.121 0.031 6.04 686.0
2458915.84084 18.127 0.025 5.68 435.0
2458915.88376 18.146 0.022 5.39 418.0
2458916.80069 18.110 0.028 4.94 733.0
2458916.84317 18.098 0.024 4.75 611.0
2458916.87886 18.176 0.024 5.09 522.0
2458917.81226 18.011 0.036 6.92 898.0
2458917.84749 18.172 0.026 4.49 745.0
2458917.89253 18.169 0.030 5.32 806.0
2458918.82315 18.106 0.030 5.35 810.0
2458918.86551 18.157 0.026 4.66 665.0
2458918.90077 18.116 0.025 4.87 668.0
2458919.81555 18.088 0.035 5.94 759.0
2458919.85002 18.167 0.029 5.23 668.0
2458919.89344 18.068 0.023 5.14 593.0
2458920.80667 18.129 0.030 4.89 750.0
2458920.85392 18.152 0.025 4.47 654.0
2458920.88854 18.111 0.024 4.85 605.0
2458921.79480 18.140 0.031 5.51 745.0
2458921.83178 18.128 0.026 5.34 668.0
2458921.87500 18.117 0.025 5.01 629.0
2458922.81243 18.183 0.034 5.65 747.0
2458923.79059 18.115 0.045 4.66 2078.0
2458923.81580 18.009 0.048 5.30 2231.0
2458923.82889 17.949 0.043 5.13 2264.0
2458923.84111 18.036 0.050 5.16 2336.0
2458923.87333 18.006 0.045 5.01 2500.0
2458923.88507 17.957 0.043 5.09 2639.0
2458923.89367 17.944 0.050 5.64 2721.0
2459795.60580 18.114 0.025 5.31 397.0
2459795.64554 18.149 0.024 5.76 396.0
2459795.68859 18.116 0.032 7.33 435.0
2459795.72558 18.178 0.034 7.23 474.0
2459795.76409 18.175 0.037 7.25 558.0
2459796.54481 18.150 0.031 6.55 455.0
2459796.63200 18.147 0.029 6.49 426.0
2459796.66745 18.163 0.027 6.17 421.0
2459796.71398 18.127 0.026 6.13 417.0
2459796.74866 18.129 0.026 6.32 420.0
2459797.58916 18.202 0.035 6.24 522.0
2459797.62356 18.168 0.035 6.66 511.0
2459797.68003 18.185 0.031 6.46 477.0
2459797.71794 18.116 0.031 6.60 556.0
2459797.76318 18.206 0.037 7.01 501.0
2459798.52007 18.142 0.047 7.62 943.0
2459798.71241 18.121 0.045 7.43 832.0
2459804.48642 18.272 0.033 5.31 702.0
2459804.52894 18.207 0.034 5.65 694.0
2459804.56635 18.116 0.028 5.40 625.0
2459804.60999 18.104 0.034 6.67 659.0
2459804.64594 18.193 0.039 7.02 688.0
2459804.69366 18.151 0.043 7.21 743.0
2459805.50992 18.180 0.037 7.42 493.0
2459805.55411 18.134 0.032 6.26 578.0
2459805.58989 18.147 0.029 5.62 614.0
2459805.63277 18.123 0.027 5.28 557.0
2459805.66760 18.112 0.028 5.65 588.0
2459805.70987 18.122 0.027 4.89 638.0
2459805.74431 18.170 0.040 6.93 689.0
2459806.61059 18.173 0.037 7.17 533.0
2459806.65068 18.162 0.035 6.46 554.0
2459806.69623 18.192 0.037 6.37 580.0
2459806.74846 18.097 0.035 6.21 681.0
2459807.52384 18.142 0.025 5.62 415.0
2459807.57269 18.080 0.024 5.90 431.0
2459807.63641 18.115 0.027 6.19 451.0
2459807.69396 18.228 0.031 6.35 492.0
2459807.73704 18.151 0.030 6.28 491.0
2459808.50005 18.179 0.036 7.49 423.0
2459808.56908 18.107 0.027 5.86 396.0
2459808.64817 18.034 0.026 6.05 413.0
2459808.69249 18.140 0.032 6.58 467.0
2459808.73139 18.146 0.028 5.34 488.0
2459809.59200 18.199 0.030 6.43 389.0
2459809.62746 18.148 0.028 6.12 382.0
2459809.71304 18.181 0.029 5.93 460.0
2459810.50926 18.132 0.019 4.43 377.0
2459810.56610 18.145 0.023 5.72 388.0
2459810.70575 18.129 0.022 5.34 382.0
2459811.50664 18.080 0.027 6.34 389.0
2459811.57528 18.176 0.027 5.96 414.0
2459811.69215 18.161 0.022 4.16 395.0
2459811.73024 18.078 0.022 4.41 437.0
2459812.51406 18.148 0.027 6.19 383.0
2459812.55722 18.083 0.029 6.97 387.0
2459812.71639 18.176 0.025 5.03 393.0
2459813.50462 18.185 0.033 7.01 425.0
2459813.68896 18.017 0.024 6.04 377.0
2459813.72262 18.196 0.029 6.36 383.0
2459814.52562 18.126 0.024 5.24 429.0
2459814.57055 18.192 0.029 6.42 397.0
2459814.66966 18.208 0.033 6.76 448.0
2459814.70546 18.194 0.030 5.96 443.0
2459815.51165 18.141 0.022 4.63 405.0
2459815.55732 18.132 0.026 6.03 418.0
2459815.68486 18.134 0.024 5.15 440.0
2459816.47894 18.127 0.033 6.08 593.0
2459816.52255 18.203 0.028 5.74 427.0
2459816.55938 18.160 0.025 5.41 413.0
2459816.67204 18.250 0.029 4.97 436.0
2459817.51049 18.152 0.033 7.08 504.0
2459817.56909 18.096 0.026 5.68 491.0
2459817.62603 18.090 0.022 4.89 451.0
2459818.55068 18.208 0.040 7.78 518.0
2459818.68959 18.121 0.025 5.05 475.0
2459819.53191 18.147 0.023 4.78 512.0
2459819.59131 18.118 0.023 5.35 455.0
2459820.49778 18.148 0.025 5.31 469.0
2459820.54551 18.193 0.029 5.72 475.0
2459820.68678 18.135 0.024 5.04 456.0
2459821.52149 18.171 0.028 5.93 433.0
2459821.65832 18.147 0.026 5.68 460.0
2459822.49664 18.139 0.025 5.36 487.0
2459822.54560 18.115 0.028 6.40 455.0
2459823.55940 18.060 0.033 7.51 516.0
2459823.60665 18.116 0.030 6.51 511.0
2459824.51569 18.151 0.041 8.05 579.0
2459824.57135 18.182 0.041 7.56 598.0
2459824.68448 18.140 0.027 5.89 464.0
2459829.51844 18.099 0.048 7.97 935.0
2459829.64014 18.072 0.051 7.79 1057.0
2459830.65721 18.171 0.045 6.62 1013.0
2459831.51572 18.229 0.040 6.68 754.0
2459831.57638 18.050 0.035 7.00 762.0
2459831.64384 18.177 0.042 6.82 911.0
2459832.52570 18.147 0.042 7.42 764.0
2459832.57307 18.130 0.046 7.93 796.0
2459834.52022 18.144 0.028 5.53 603.0
2459834.56955 18.133 0.028 5.51 680.0
2459834.62004 18.148 0.036 6.58 731.0
2459835.53476 18.262 0.044 8.14 511.0
2459835.59788 18.101 0.037 6.99 613.0
2459835.64508 18.081 0.031 6.67 494.0
2459836.63961 18.104 0.038 7.45 625.0
2459837.65214 18.114 0.027 5.29 623.0
2459838.60297 18.096 0.026 5.15 526.0
2459840.49868 18.156 0.030 6.53 474.0
2459840.54582 18.123 0.033 7.41 456.0
2459840.59607 18.205 0.033 6.80 489.0
2459841.50970 18.141 0.030 6.36 517.0
2459841.55783 18.190 0.029 6.48 517.0
2459841.60485 18.074 0.029 6.35 553.0
2459843.56140 18.225 0.036 6.78 494.0
2459843.61051 18.050 0.031 6.74 512.0
2459844.54595 18.168 0.033 7.17 518.0
2459844.59331 18.218 0.030 5.82 544.0
2459845.50410 18.217 0.036 7.20 480.0
2459845.55223 18.190 0.030 6.06 461.0
2459845.60156 18.111 0.024 5.48 477.0
2459846.59317 18.117 0.032 6.26 542.0
2459848.53083 18.163 0.035 7.16 528.0
2459848.57769 18.122 0.028 5.51 562.0
2459848.62496 18.141 0.029 5.86 546.0
2459850.55589 18.135 0.028 5.36 503.0
2459850.60367 18.071 0.029 6.54 490.0
2459851.60701 18.102 0.033 6.75 533.0
2459852.52415 18.107 0.034 7.70 529.0
2459852.57455 18.141 0.033 6.72 550.0
2459852.62070 18.103 0.027 5.43 546.0
2459857.52171 17.991 0.038 7.18 845.0
2459857.58750 18.211 0.052 7.33 991.0
2459859.53174 18.157 0.030 5.90 766.0
2459859.58253 18.030 0.029 5.65 872.0
2459860.52052 18.151 0.043 6.85 813.0
2459860.57088 18.218 0.045 6.35 923.0
2459861.54086 18.072 0.035 5.77 883.0
2459863.49918 18.138 0.040 6.52 902.0
2459863.54779 18.133 0.032 5.49 805.0
2459864.54511 18.142 0.034 5.74 802.0
2459865.54304 18.120 0.038 7.47 623.0
2459866.53412 18.180 0.029 4.88 711.0
2459867.51325 18.132 0.031 5.96 649.0
2459868.53696 18.090 0.029 5.44 608.0
2459869.53770 18.201 0.030 5.37 555.0
2459874.50129 18.134 0.042 6.43 1005.0
2459876.50779 18.146 0.040 6.99 694.0
2459993.86875 18.126 0.022 4.57 563.0
2459998.84119 18.194 0.028 5.52 568.0
2460002.83180 18.165 0.031 6.00 578.0
2460006.82017 18.174 0.030 6.28 516.0
2460010.80998 18.107 0.032 5.17 918.0
2460011.80812 18.096 0.036 6.19 846.0
2460014.81014 18.110 0.027 5.20 699.0
2460016.82815 18.171 0.028 4.74 765.0
2460022.80979 18.147 0.024 5.58 436.0
2460025.77089 18.136 0.023 5.01 449.0
2460027.88336 18.136 0.023 5.16 463.0
2460030.78413 18.127 0.021 4.77 424.0
2460032.86840 18.110 0.020 4.15 395.0
2460034.90092 18.180 0.024 5.32 451.0
2460037.85816 18.119 0.022 4.28 443.0
2460040.74688 18.126 0.029 5.14 889.0
2460042.75280 18.143 0.028 5.57 750.0
2460043.91393 18.098 0.025 4.27 854.0
2460049.88484 18.191 0.021 4.44 463.0
2460052.87200 18.097 0.023 5.46 479.0
2460056.77871 18.164 0.024 5.23 456.0
2460058.90876 18.167 0.025 5.87 427.0
2460060.91705 18.226 0.020 4.17 484.0
2460063.70595 18.105 0.026 5.56 568.0
2460066.92792 18.071 0.021 4.34 570.0
2460068.92484 18.108 0.023 4.79 569.0
2460070.86399 18.119 0.035 4.96 1224.0
2460076.77204 18.116 0.020 4.59 492.0
2460086.63194 18.083 0.036 8.03 571.0
2460087.67098 18.126 0.027 5.93 480.0
2460088.61523 18.152 0.040 8.26 594.0
2460089.77688 18.127 0.027 5.72 509.0
2460091.84641 18.160 0.029 6.08 623.0
2460093.91806 18.148 0.033 6.01 755.0
2460095.92495 18.160 0.030 5.31 624.0
2460097.75641 18.151 0.030 4.99 831.0
2460104.68491 18.094 0.029 6.11 494.0
2460105.82602 18.172 0.027 5.86 466.0
2460107.81082 18.142 0.031 6.68 451.0
2460109.74999 18.195 0.042 7.88 575.0
2460110.91298 18.207 0.035 6.24 731.0
2460112.54717 18.102 0.031 6.49 566.0
2460113.68559 18.165 0.025 5.59 460.0
2460118.66604 18.223 0.032 6.71 473.0
2460119.89272 18.150 0.032 6.92 580.0
2460121.63932 18.181 0.034 7.10 519.0
2460123.57000 18.207 0.036 7.10 582.0
2460124.80783 18.221 0.031 5.41 682.0
2460125.85017 18.229 0.036 4.91 1078.0
2460130.70714 18.166 0.036 6.55 884.0
2460132.69671 18.225 0.040 6.74 725.0
2460134.76664 18.188 0.030 5.48 630.0
2460140.55814 18.196 0.028 6.13 413.0
2460141.83090 18.154 0.033 6.61 594.0
2460149.74963 18.102 0.035 7.75 467.0
2460153.54115 18.195 0.033 6.16 653.0
2460158.53876 18.167 0.041 7.23 944.0
2460159.77572 18.174 0.037 6.21 851.0
2460161.72430 18.171 0.035 6.93 552.0
2460168.64690 18.206 0.025 5.39 411.0
2460169.74869 18.205 0.033 7.09 459.0
2460171.73589 18.143 0.028 6.03 517.0
2460175.51103 18.128 0.039 8.66 543.0
2460179.65946 18.148 0.033 6.64 515.0
2460185.61182 18.239 0.041 5.97 876.0
2460188.66561 18.142 0.035 6.02 805.0
2460201.65052 18.207 0.033 6.42 539.0
2460204.53935 18.140 0.034 7.06 504.0
2460212.63034 18.241 0.045 5.84 1204.0
2460218.56661 18.267 0.045 7.96 666.0
2460225.59265 18.155 0.034 6.24 643.0
2460229.56979 18.265 0.050 8.21 667.0
2460242.54633 18.105 0.037 5.86 946.0
2460255.51156 18.162 0.050 8.85 922.0
2460357.89027 18.156 0.050 6.76 1358.0
2460368.87018 18.124 0.026 5.19 629.0
2460376.87532 18.077 0.030 5.95 652.0
2460379.86001 18.081 0.023 4.85 511.0
2460382.89200 18.040 0.026 5.91 515.0
2460385.87342 18.113 0.027 5.80 469.0
2460390.78614 18.108 0.025 5.39 619.0
2460392.84760 18.049 0.023 4.92 592.0
2460395.77059 18.053 0.027 5.10 784.0
2460397.76978 18.053 0.034 6.40 777.0
2460404.76915 17.937 0.026 6.33 515.0
2460406.89766 17.989 0.024 5.50 577.0
2460410.90446 17.869 0.019 5.09 498.0
2460417.87122 17.840 0.020 5.10 540.0
2460420.92977 17.738 0.042 6.42 1849.0
2460425.75418 17.597 0.020 5.77 761.0
2460432.93102 17.082 0.013 5.41 771.0
2460435.78302 16.839 0.010 6.09 487.0
2460440.74187 15.894 0.006 6.89 592.0
2460448.79992 17.250 0.014 5.84 543.0
2460450.73485 17.340 0.014 5.61 542.0
2460458.89577 17.676 0.020 5.61 691.0
2460461.69695 17.773 0.017 4.97 586.0
2460463.88687 17.844 0.020 5.20 539.0
2460466.81591 17.872 0.023 6.48 443.0
2460468.74167 17.866 0.020 5.26 439.0
2460473.88610 17.991 0.036 8.39 553.0
2460477.84599 17.987 0.026 5.29 737.0
2460479.76186 17.998 0.030 6.08 697.0
2460486.57211 18.097 0.034 6.68 708.0
2460488.66741 18.080 0.022 4.86 500.0
2460491.55798 18.097 0.021 4.90 455.0
2460492.84683 18.096 0.029 6.27 581.0
2460494.76861 18.082 0.024 5.61 450.0
2460496.67309 18.106 0.030 5.81 631.0
2460498.49592 18.057 0.027 6.39 549.0
2460499.83901 18.047 0.025 6.45 450.0
2460501.81977 18.100 0.034 7.03 573.0
2460504.52462 18.061 0.037 8.26 502.0
2460505.80364 18.100 0.031 7.33 457.0
2460507.68524 18.074 0.022 5.00 528.0
2460508.63661 18.115 0.029 6.41 667.0
2460515.71727 18.170 0.033 6.41 578.0
2460517.65468 18.168 0.029 6.35 432.0
2460519.70824 18.148 0.030 6.66 429.0
2460521.77648 18.187 0.030 5.96 546.0
2460531.62572 18.179 0.037 7.40 534.0
2460534.69433 18.117 0.025 5.58 452.0
2460544.57826 18.189 0.033 6.26 554.0
2460549.53373 18.162 0.031 6.31 517.0
2460555.62078 18.201 0.025 5.09 439.0
2460558.66090 18.174 0.025 5.13 480.0
2460561.58504 18.151 0.025 5.36 453.0
2460569.49683 18.157 0.040 7.17 708.0
2460571.62873 18.184 0.042 6.23 881.0
2460576.53938 18.226 0.043 7.89 543.0
2460581.53594 18.164 0.033 6.45 512.0
2460585.59237 18.143 0.034 6.36 565.0
2460595.49818 18.193 0.047 7.65 889.0
2460596.51564 18.133 0.044 7.00 946.0
2460597.52761 18.187 0.038 6.43 854.0
2460597.57740 18.135 0.036 5.92 986.0
2460598.50012 18.196 0.039 6.26 849.0
2460598.54833 18.215 0.045 6.73 1002.0
2460599.50261 18.217 0.030 4.91 820.0
2460599.56309 18.151 0.033 5.74 889.0
2460600.50215 18.104 0.030 5.26 943.0
2460600.55045 18.120 0.036 5.64 1128.0
2460601.51560 18.141 0.038 5.90 933.0
2460601.56140 18.117 0.038 6.07 1049.0
2460609.54410 18.156 0.032 5.70 724.0
2460617.52828 18.210 0.041 6.72 722.0
2460721.88328 18.144 0.037 6.75 763.0
2460733.84079 18.111 0.034 7.48 549.0
2460736.83545 18.090 0.029 6.95 503.0
2460739.83421 18.099 0.030 6.62 591.0
2460741.90673 18.113 0.041 7.26 901.0
2460744.81882 18.132 0.030 6.46 532.0
2460747.80936 18.207 0.033 5.93 715.0
2460749.83369 18.161 0.033 5.96 752.0
2460751.86319 18.158 0.025 5.12 599.0
2460753.82856 18.181 0.028 4.68 731.0
2460761.81325 18.176 0.032 6.49 519.0
2460763.80475 18.129 0.029 6.12 515.0
2460765.80615 18.149 0.024 5.31 461.0
2460767.81013 18.206 0.025 5.32 492.0
2460769.80743 18.131 0.025 5.11 542.0
2460771.83983 18.106 0.025 5.85 456.0
2460773.78478 18.145 0.026 5.57 530.0
