2456786.68542 15.601 0.008 3.58 86.0
2456790.79588 15.600 0.008 4.06 148.0
2456791.87127 15.605 0.009 3.78 221.0
2456796.81691 15.597 0.008 4.28 103.0
2456803.71747 15.605 0.008 4.73 56.0
2456804.87455 15.587 0.009 5.71 94.0
2456807.67471 15.587 0.009 6.12 70.0
2456808.68330 15.605 0.008 3.97 77.0
2456809.72716 15.589 0.007 3.36 63.0
2456810.78185 15.602 0.008 3.96 81.0
2456811.81700 15.612 0.009 4.56 115.0
2456814.60751 15.639 0.009 5.88 75.0
2456815.66723 15.595 0.008 4.84 81.0
2456816.76074 15.598 0.009 4.89 91.0
2456817.80065 15.603 0.010 6.50 111.0
2456824.65508 15.585 0.009 4.73 130.0
2456825.65948 15.596 0.008 4.12 90.0
2456826.65495 15.612 0.008 4.24 99.0
2456827.71166 15.608 0.008 3.44 88.0
2456828.79285 15.614 0.008 5.00 77.0
2456829.81095 15.613 0.009 5.90 81.0
2456830.84187 15.587 0.008 4.60 99.0
2456832.61077 15.620 0.009 5.10 77.0
2456833.64393 15.606 0.008 4.78 78.0
2456834.65123 15.595 0.008 4.75 70.0
2456835.71038 15.611 0.009 5.55 78.0
2456836.72915 15.615 0.012 5.60 79.0
2456837.72557 15.614 0.008 4.44 96.0
2456838.74067 15.587 0.008 4.63 80.0
2456839.75631 15.595 0.009 5.08 109.0
2456842.61304 15.592 0.009 5.86 85.0
2456844.62759 15.599 0.008 3.60 100.0
2456845.62991 15.603 0.008 4.42 97.0
2456851.65284 15.582 0.008 3.92 141.0
2456852.68470 15.611 0.011 6.47 164.0
2456855.69577 15.613 0.009 5.61 68.0
2456856.72038 15.597 0.008 4.66 84.0
2456857.74215 15.604 0.008 4.26 77.0
2456859.57941 15.610 0.009 5.15 83.0
2456862.72504 15.629 0.009 5.58 97.0
2456864.50842 15.595 0.009 4.84 64.0
2456870.54961 15.617 0.008 5.14 72.0
2456872.67652 15.596 0.008 5.85 72.0
2456879.66954 15.620 0.010 5.36 183.0
2456882.52314 15.618 0.010 6.53 69.0
2456885.60972 15.613 0.008 3.92 67.0
2456887.55094 15.597 0.008 4.29 79.0
2456889.49801 15.604 0.008 4.78 73.0
2456890.67420 15.628 0.009 6.47 67.0
2457084.87251 15.618 0.007 3.75 79.0
2457087.88045 15.595 0.008 3.32 124.0
2457090.87267 15.608 0.008 4.76 103.0
2457098.80288 15.596 0.007 3.90 79.0
2457100.88153 15.598 0.007 3.75 81.0
2457109.82828 15.595 0.007 4.36 70.0
2457110.74862 15.620 0.007 3.71 74.0
2457112.76278 15.609 0.009 5.41 112.0
2457114.76886 15.628 0.008 4.26 105.0
2457116.72803 15.595 0.009 5.03 154.0
2457117.89066 15.598 0.007 3.66 134.0
2457119.89864 15.603 0.010 4.86 211.0
2457126.80787 15.610 0.007 3.66 84.0
2457130.72261 15.604 0.008 5.28 65.0
2457131.83927 15.595 0.007 3.19 75.0
2457133.92092 15.598 0.008 5.07 91.0
2457135.74740 15.604 0.007 3.66 77.0
2457136.83704 15.611 0.008 4.46 78.0
2457137.93396 15.595 0.012 5.70 371.0
2457139.70282 15.595 0.008 5.34 85.0
2457140.81396 15.599 0.008 4.27 89.0
2457142.64640 15.632 0.008 4.56 113.0
2457143.71594 15.610 0.008 4.66 94.0
2457151.74479 15.615 0.008 4.63 136.0
2457152.81149 15.607 0.008 4.45 118.0
2457153.84142 15.622 0.007 3.11 114.0
2457154.91003 15.601 0.007 3.12 104.0
2457155.93280 15.601 0.008 3.88 157.0
2457157.81404 15.610 0.008 4.13 75.0
2457158.87089 15.612 0.008 4.54 102.0
2457159.88637 15.622 0.008 5.21 90.0
2457160.91288 15.595 0.008 5.29 103.0
2457161.93852 15.589 0.009 4.59 327.0
2457162.94148 15.606 0.011 4.46 454.0
2457164.61177 15.587 0.007 3.92 99.0
2457166.67981 15.601 0.008 5.20 74.0
2457169.60850 15.592 0.008 4.53 94.0
2457170.59625 15.597 0.008 4.38 89.0
2457172.61290 15.610 0.009 4.98 127.0
2457173.61466 15.577 0.010 6.13 158.0
2457455.87126 15.613 0.008 4.91 69.0
2457458.87800 15.613 0.007 4.19 63.0
2457462.84074 15.600 0.007 4.17 77.0
2457466.89966 15.620 0.008 4.21 89.0
2457471.80905 15.590 0.008 4.62 133.0
2457606.66821 15.611 0.008 6.33 75.0
2457608.51126 15.587 0.008 5.13 77.0
2457609.63811 15.590 0.008 4.43 85.0
2457611.57625 15.600 0.009 6.01 94.0
2457617.55263 15.593 0.009 5.36 146.0
2457618.64663 15.598 0.009 4.69 175.0
2457801.88098 15.591 0.009 4.42 135.0
2457803.87868 15.593 0.010 4.58 329.0
2457808.83856 15.577 0.008 5.44 81.0
2457810.89170 15.590 0.008 5.10 75.0
2457813.83885 15.628 0.009 4.96 99.0
2457816.83489 15.603 0.008 5.10 81.0
2457818.81767 15.608 0.007 4.61 82.0
2457819.89468 15.589 0.008 4.17 68.0
2457862.80351 15.588 0.008 5.13 77.0
2457863.93138 15.610 0.008 4.07 171.0
2457864.89295 15.598 0.007 4.09 77.0
2457865.92822 15.605 0.009 3.90 183.0
2457867.72625 15.618 0.008 3.98 64.0
2457868.84496 15.597 0.009 6.18 80.0
2458183.84194 15.609 0.009 5.90 123.0
2458190.80067 15.622 0.008 5.19 68.0
2458192.79438 15.608 0.008 5.55 77.0
2458215.81297 15.615 0.009 4.72 172.0
2458353.61544 15.608 0.009 5.38 117.0
2456786.68542 15.601 0.008 3.58 86.0
2456790.79588 15.600 0.008 4.06 148.0
2456791.87127 15.605 0.009 3.78 221.0
2456796.81691 15.597 0.008 4.28 103.0
2456803.71747 15.605 0.008 4.73 56.0
2456804.87455 15.587 0.009 5.71 94.0
2456807.67471 15.587 0.009 6.12 70.0
2456808.68330 15.605 0.008 3.97 77.0
2456809.72716 15.589 0.007 3.36 63.0
2456810.78185 15.602 0.008 3.96 81.0
2456811.81700 15.612 0.009 4.56 115.0
2456814.60751 15.639 0.009 5.88 75.0
2456815.66723 15.595 0.008 4.84 81.0
2456816.76074 15.598 0.009 4.89 91.0
2456817.80065 15.603 0.010 6.50 111.0
2456824.65508 15.585 0.009 4.73 130.0
2456825.65948 15.596 0.008 4.12 90.0
2456826.65495 15.612 0.008 4.24 99.0
2456827.71166 15.608 0.008 3.44 88.0
2456828.79285 15.614 0.008 5.00 77.0
2456829.81095 15.613 0.009 5.90 81.0
2456830.84187 15.587 0.008 4.60 99.0
2456832.61077 15.620 0.009 5.10 77.0
2456833.64393 15.606 0.008 4.78 78.0
2456834.65123 15.595 0.008 4.75 70.0
2456835.71038 15.611 0.009 5.55 78.0
2456836.72915 15.615 0.012 5.60 79.0
2456837.72557 15.614 0.008 4.44 96.0
2456838.74067 15.587 0.008 4.63 80.0
2456839.75631 15.595 0.009 5.08 109.0
2456842.61304 15.592 0.009 5.86 85.0
2456844.62759 15.599 0.008 3.60 100.0
2456845.62991 15.603 0.008 4.42 97.0
2456851.65284 15.582 0.008 3.92 141.0
2456852.68470 15.611 0.011 6.47 164.0
2456855.69577 15.613 0.009 5.61 68.0
2456856.72038 15.597 0.008 4.66 84.0
2456857.74215 15.604 0.008 4.26 77.0
2456859.57941 15.610 0.009 5.15 83.0
2456862.72504 15.629 0.009 5.58 97.0
2456864.50842 15.595 0.009 4.84 64.0
2456870.54961 15.617 0.008 5.14 72.0
2456872.67652 15.596 0.008 5.85 72.0
2456879.66954 15.620 0.010 5.36 183.0
2456882.52314 15.618 0.010 6.53 69.0
2456885.60972 15.613 0.008 3.92 67.0
2456887.55094 15.597 0.008 4.29 79.0
2456889.49801 15.604 0.008 4.78 73.0
2456890.67420 15.628 0.009 6.47 67.0
2457084.87251 15.618 0.007 3.75 79.0
2457087.88045 15.595 0.008 3.32 124.0
2457090.87267 15.608 0.008 4.76 103.0
2457098.80288 15.596 0.007 3.90 79.0
2457100.88153 15.598 0.007 3.75 81.0
2457109.82828 15.595 0.007 4.36 70.0
2457110.74862 15.620 0.007 3.71 74.0
2457112.76278 15.609 0.009 5.41 112.0
2457114.76886 15.628 0.008 4.26 105.0
2457116.72803 15.595 0.009 5.03 154.0
2457117.89066 15.598 0.007 3.66 134.0
2457119.89864 15.603 0.010 4.86 211.0
2457126.80787 15.610 0.007 3.66 84.0
2457130.72261 15.604 0.008 5.28 65.0
2457131.83927 15.595 0.007 3.19 75.0
2457133.92092 15.598 0.008 5.07 91.0
2457135.74740 15.604 0.007 3.66 77.0
2457136.83704 15.611 0.008 4.46 78.0
2457137.93396 15.595 0.012 5.70 371.0
2457139.70282 15.595 0.008 5.34 85.0
2457140.81396 15.599 0.008 4.27 89.0
2457142.64640 15.632 0.008 4.56 113.0
2457143.71594 15.610 0.008 4.66 94.0
2457151.74479 15.615 0.008 4.63 136.0
2457152.81149 15.607 0.008 4.45 118.0
2457153.84142 15.622 0.007 3.11 114.0
2457154.91003 15.601 0.007 3.12 104.0
2457155.93280 15.601 0.008 3.88 157.0
2457157.81404 15.610 0.008 4.13 75.0
2457158.87089 15.612 0.008 4.54 102.0
2457159.88637 15.622 0.008 5.21 90.0
2457160.91288 15.595 0.008 5.29 103.0
2457161.93852 15.589 0.009 4.59 327.0
2457162.94148 15.606 0.011 4.46 454.0
2457164.61177 15.587 0.007 3.92 99.0
2457166.67981 15.601 0.008 5.20 74.0
2457169.60850 15.592 0.008 4.53 94.0
2457170.59625 15.597 0.008 4.38 89.0
2457172.61290 15.610 0.009 4.98 127.0
2457173.61466 15.577 0.010 6.13 158.0
2457455.87126 15.613 0.008 4.91 69.0
2457458.87800 15.613 0.007 4.19 63.0
2457462.84074 15.600 0.007 4.17 77.0
2457466.89966 15.620 0.008 4.21 89.0
2457471.80905 15.590 0.008 4.62 133.0
2457606.66821 15.611 0.008 6.33 75.0
2457608.51126 15.587 0.008 5.13 77.0
2457609.63811 15.590 0.008 4.43 85.0
2457611.57625 15.600 0.009 6.01 94.0
2457617.55263 15.593 0.009 5.36 146.0
2457618.64663 15.598 0.009 4.69 175.0
2457801.88098 15.591 0.009 4.42 135.0
2457803.87868 15.593 0.010 4.58 329.0
2457808.83856 15.577 0.008 5.44 81.0
2457810.89170 15.590 0.008 5.10 75.0
2457813.83885 15.628 0.009 4.96 99.0
2457816.83489 15.603 0.008 5.10 81.0
2457818.81767 15.608 0.007 4.61 82.0
2457819.89468 15.589 0.008 4.17 68.0
2457862.80351 15.588 0.008 5.13 77.0
2457863.93138 15.610 0.008 4.07 171.0
2457864.89295 15.598 0.007 4.09 77.0
2457865.92822 15.605 0.009 3.90 183.0
2457867.72625 15.618 0.008 3.98 64.0
2457868.84496 15.597 0.009 6.18 80.0
2458183.84194 15.609 0.009 5.90 123.0
2458190.80067 15.622 0.008 5.19 68.0
2458192.79438 15.608 0.008 5.55 77.0
2458215.81297 15.615 0.009 4.72 172.0
2458353.61544 15.608 0.009 5.38 117.0
2459971.87473 15.606 0.011 6.04 1547.0
2459974.86655 15.613 0.008 5.90 677.0
2459976.86930 15.596 0.007 4.47 651.0
2459978.85818 15.596 0.007 5.28 374.0
2459982.85270 15.591 0.008 5.09 682.0
2459988.83238 15.609 0.008 5.22 651.0
2459996.81817 15.598 0.008 6.20 420.0
2460000.81431 15.601 0.008 5.77 479.0
2460004.79287 15.583 0.007 5.07 364.0
2460007.78799 15.597 0.007 4.83 521.0
2460010.77814 15.601 0.009 6.20 727.0
2460011.77528 15.601 0.010 7.64 647.0
2460014.76636 15.618 0.008 5.79 645.0
2460020.78622 15.599 0.009 4.81 308.0
2460021.75514 15.588 0.007 6.02 306.0
2460023.86436 15.598 0.007 4.60 236.0
2460026.77073 15.610 0.008 7.09 335.0
2460028.75313 15.591 0.008 6.52 302.0
2460030.74318 15.594 0.007 5.29 271.0
2460032.75161 15.609 0.007 5.17 322.0
2460034.72839 15.594 0.007 6.03 321.0
2460036.83174 15.595 0.006 4.14 278.0
2460039.74823 15.600 0.008 5.62 549.0
2460041.75131 15.597 0.008 5.79 602.0
2460047.78604 15.594 0.007 4.86 444.0
2460048.72748 15.593 0.008 6.33 304.0
2460050.92541 15.592 0.008 4.58 847.0
2460053.70080 15.600 0.007 5.50 292.0
2460056.81759 15.598 0.007 4.79 282.0
2460058.91822 15.595 0.007 5.11 286.0
2460060.92720 15.577 0.007 3.67 790.0
2460062.92952 15.601 0.008 4.11 1067.0
2460066.83119 15.595 0.007 4.45 334.0
2460068.82926 15.591 0.009 4.56 562.0
2460070.68139 15.587 0.012 6.19 1645.0
2460074.71802 15.602 0.008 5.14 548.0
2460083.68830 15.591 0.009 5.86 378.0
2460086.60160 15.608 0.010 6.74 428.0
2460087.64061 15.598 0.008 4.56 305.0
2460088.58467 15.607 0.011 7.04 471.0
2460089.73009 15.594 0.008 5.05 336.0
2460091.79883 15.593 0.008 5.02 414.0
2460094.59567 15.594 0.009 5.24 483.0
2460096.56699 15.596 0.010 5.82 645.0
2460097.57603 15.600 0.010 5.14 793.0
2460104.63164 15.597 0.008 4.67 368.0
2460105.77012 15.597 0.008 4.91 350.0
2460107.69116 15.601 0.010 6.81 264.0
2460108.84746 15.583 0.011 7.44 430.0
2460110.76920 15.608 0.008 5.93 345.0
2460112.50106 15.610 0.009 6.17 362.0
2460113.50042 15.609 0.009 5.76 420.0
2460116.60500 15.599 0.010 6.35 352.0
2460119.76689 15.606 0.010 7.42 309.0
2460121.47954 15.603 0.011 7.29 502.0
2460123.48069 15.607 0.010 6.64 548.0
2460124.75946 15.600 0.009 5.51 546.0
2460129.55782 15.604 0.013 6.92 1092.0
2460131.51888 15.611 0.009 6.08 414.0
2460133.65849 15.603 0.010 6.70 401.0
2460139.48713 15.606 0.009 5.37 425.0
2460140.78458 15.607 0.009 5.72 398.0
2460142.69987 15.596 0.009 5.79 263.0
2460148.57094 15.601 0.009 6.21 319.0
2460151.59886 15.610 0.009 5.21 421.0
2460157.76215 15.595 0.009 4.62 1191.0
2460159.72115 15.609 0.009 5.48 557.0
2460161.68790 15.615 0.009 5.66 396.0
2460168.60517 15.605 0.008 4.96 303.0
2460170.60124 15.610 0.008 4.51 230.0
2460173.48772 15.612 0.011 8.09 350.0
2460177.63064 15.606 0.008 5.22 311.0
2460184.54655 15.608 0.011 6.51 740.0
2460187.62544 15.608 0.010 5.18 890.0
2460200.59195 15.617 0.011 7.05 475.0
2460203.53929 15.603 0.009 5.40 366.0
2460206.57832 15.604 0.009 5.73 518.0
2460214.50596 15.601 0.011 6.72 608.0
2460219.50532 15.603 0.009 5.61 412.0
2460227.48922 15.602 0.011 5.79 1025.0
2460232.49478 15.606 0.011 6.02 889.0
2460339.87857 15.603 0.013 6.12 1807.0
2460342.86896 15.600 0.008 4.67 445.0
2460349.88598 15.597 0.008 4.48 383.0
2460351.86027 15.595 0.008 4.68 284.0
2460352.86071 15.618 0.009 6.46 302.0
2460353.85317 15.592 0.009 6.03 387.0
2460354.84723 15.601 0.008 5.35 388.0
2460355.85604 15.607 0.008 4.95 348.0
2460356.84406 15.595 0.008 4.79 349.0
2460357.85396 15.609 0.009 6.37 349.0
2460358.83421 15.599 0.008 5.39 363.0
2460359.87303 15.586 0.010 6.78 325.0
2460364.84170 15.611 0.009 5.19 556.0
2460365.81611 15.603 0.010 5.91 633.0
2460366.88290 15.599 0.009 5.31 478.0
2460367.83039 15.595 0.009 6.09 500.0
2460368.82370 15.595 0.008 4.49 562.0
2460369.80688 15.592 0.009 4.85 534.0
2460370.80365 15.600 0.008 4.77 585.0
2460375.82041 15.595 0.008 5.39 356.0
2460376.83507 15.597 0.008 4.42 417.0
2460377.79082 15.597 0.008 4.62 428.0
2460378.78826 15.595 0.008 4.38 359.0
2460379.79889 15.596 0.008 4.98 353.0
2460380.79851 15.606 0.009 5.06 417.0
2460381.77289 15.603 0.008 4.78 378.0
2460382.78251 15.597 0.008 4.13 357.0
2460383.77172 15.596 0.008 4.34 361.0
2460384.77586 15.605 0.008 4.46 433.0
2460386.78264 15.602 0.008 4.63 305.0
2460387.78420 15.593 0.008 4.91 321.0
2460388.74923 15.604 0.010 6.93 363.0
2460390.74131 15.596 0.008 4.68 478.0
2460391.75418 15.598 0.008 4.28 460.0
2460392.74409 15.594 0.008 4.97 478.0
2460393.77942 15.607 0.009 5.62 476.0
2460394.74269 15.602 0.013 8.63 704.0
2460395.73339 15.608 0.009 4.63 634.0
2460396.72821 15.591 0.009 4.90 682.0
2460397.72554 15.613 0.010 6.04 806.0
2460403.75748 15.611 0.008 4.91 289.0
2460404.72931 15.594 0.008 5.08 311.0
2460405.70641 15.604 0.008 4.87 349.0
2460406.70440 15.592 0.008 4.98 360.0
2460407.70341 15.598 0.008 4.43 382.0
2460407.77858 15.604 0.007 3.69 72.0
2460408.71408 15.610 0.009 5.59 413.0
2460409.71590 15.602 0.008 4.79 389.0
2460410.69876 15.604 0.008 5.35 460.0
2460411.69981 15.604 0.009 5.53 371.0
2460412.74211 15.616 0.009 6.07 282.0
2460416.75226 15.600 0.009 6.01 280.0
2460417.69845 15.595 0.007 4.41 377.0
2460418.68541 15.605 0.008 5.46 408.0
2460419.68026 15.610 0.008 4.61 419.0
2460420.68284 15.600 0.008 5.26 439.0
2460421.69838 15.605 0.010 6.26 540.0
2460423.68346 15.600 0.010 6.00 578.0
2460424.68579 15.597 0.011 6.64 777.0
2460425.67391 15.599 0.010 6.19 821.0
2460432.66718 15.597 0.009 5.54 396.0
2460433.69799 15.603 0.010 7.27 383.0
2460434.68140 15.615 0.010 6.61 405.0
2460436.66119 15.600 0.009 6.61 307.0
2460439.62317 15.607 0.009 5.85 448.0
2460440.64770 15.606 0.011 7.67 465.0
2460448.60024 15.605 0.011 7.50 522.0
2460449.58301 15.601 0.010 7.03 470.0
2460450.58204 15.598 0.011 7.46 660.0
2460457.79833 15.591 0.009 5.88 459.0
2460457.89196 15.592 0.009 5.62 156.0
2460458.56248 15.589 0.009 6.39 447.0
2460459.60864 15.592 0.007 4.61 442.0
2460460.56101 15.575 0.009 6.23 480.0
2460462.55966 15.598 0.009 6.63 369.0
2460463.53953 15.574 0.009 6.47 333.0
2460464.77555 15.571 0.008 4.64 321.0
2460468.53709 15.566 0.009 5.34 523.0
2460473.57964 15.552 0.008 5.66 348.0
2460476.61409 15.540 0.009 6.18 349.0
2460477.88571 15.531 0.009 5.75 737.0
2460479.79912 15.513 0.009 5.67 553.0
2460485.63211 15.445 0.008 5.61 548.0
2460485.83019 15.467 0.010 6.98 189.0
2460487.58903 15.424 0.008 6.47 305.0
2460490.49194 15.378 0.008 6.19 554.0
2460491.77616 15.349 0.008 6.80 310.0
2460493.47387 15.318 0.007 5.71 469.0
2460493.70822 15.320 0.007 5.22 68.0
2460495.53401 15.306 0.009 8.67 274.0
2460496.79104 15.256 0.007 6.00 523.0
2460498.71730 15.223 0.007 5.24 252.0
2460500.56282 15.223 0.007 6.29 243.0
2460502.52453 15.227 0.008 7.53 343.0
2460503.75874 15.217 0.008 7.51 302.0
2460506.54862 15.250 0.006 4.39 357.0
2460506.70534 15.266 0.007 4.80 77.0
2460513.69855 15.401 0.010 7.56 717.0
2460516.70256 15.437 0.008 6.37 356.0
2460518.60928 15.463 0.008 5.89 344.0
2460521.51698 15.490 0.007 4.75 284.0
2460530.56227 15.559 0.008 5.76 289.0
2460533.64602 15.554 0.008 5.16 257.0
2460542.54505 15.576 0.009 5.66 666.0
2460546.57615 15.592 0.010 7.62 299.0
2460554.59018 15.598 0.009 5.66 380.0
2460557.52534 15.594 0.010 7.23 311.0
2460560.53719 15.597 0.009 6.10 401.0
2460567.49042 15.612 0.011 6.88 585.0
2460570.52894 15.600 0.011 6.83 685.0
2460573.60640 15.597 0.009 5.60 713.0
2460579.50180 15.589 0.011 7.69 339.0
2460582.52411 15.599 0.010 6.68 407.0
2460587.48560 15.597 0.009 4.71 890.0
2460605.50118 15.610 0.011 7.08 666.0
2460713.87122 15.595 0.008 5.75 315.0
2460716.85674 15.601 0.008 5.57 325.0
2460718.85858 15.603 0.009 5.98 619.0
2460721.84259 15.604 0.009 6.12 549.0
2460723.83770 15.597 0.010 6.84 430.0
2460725.83112 15.619 0.009 6.15 508.0
2460732.80258 15.600 0.009 6.60 341.0
2460734.80851 15.602 0.009 6.82 357.0
2460736.80236 15.605 0.008 5.98 327.0
2460738.80037 15.611 0.008 5.73 337.0
2460740.79246 15.607 0.008 6.11 257.0
2460742.78754 15.614 0.008 5.87 341.0
2460744.77910 15.628 0.009 5.65 491.0
2460746.85563 15.605 0.008 5.19 438.0
2460748.77079 15.602 0.008 6.10 397.0
2460750.76371 15.612 0.009 6.10 616.0
2460751.90938 15.601 0.008 5.06 635.0
2460759.75162 15.611 0.009 6.09 365.0
2460761.74939 15.606 0.008 5.96 313.0
2460762.90151 15.610 0.007 4.25 331.0
2460764.85789 15.598 0.008 4.84 383.0
2460766.72196 15.600 0.009 5.76 366.0
2460768.71805 15.606 0.008 5.64 338.0
2460769.91846 15.608 0.007 3.83 531.0
2460771.91891 15.600 0.008 5.19 417.0
2460773.85102 15.603 0.007 4.64 343.0
