2455261.82791 17.820 0.020 4.47 588.0
2455265.88695 17.869 0.024 4.42 899.0
2455266.88846 17.863 0.021 4.80 500.0
2455267.86009 17.855 0.020 4.72 455.0
2455268.80984 17.878 0.020 4.92 449.0
2455269.82622 17.860 0.017 4.08 422.0
2455270.79277 17.865 0.019 4.71 450.0
2455271.82745 17.864 0.019 4.54 490.0
2455272.83264 17.857 0.021 5.08 407.0
2455273.83162 17.924 0.021 4.97 420.0
2455274.83600 17.860 0.020 5.15 412.0
2455275.84436 17.870 0.021 4.64 485.0
2455276.80049 17.873 0.019 4.37 427.0
2455277.85648 17.875 0.022 5.22 455.0
2455278.83962 17.838 0.024 6.14 457.0
2455278.91514 17.901 0.027 5.30 709.0
2455279.83382 17.856 0.021 5.23 421.0
2455280.80093 17.869 0.019 3.92 447.0
2455280.91753 17.874 0.022 3.28 1408.0
2455281.82056 17.886 0.018 3.99 423.0
2455282.84323 17.873 0.019 4.26 438.0
2455283.80334 17.860 0.022 4.41 600.0
2455283.89449 17.852 0.020 5.24 424.0
2455284.80909 17.907 0.025 5.12 679.0
2455285.79975 17.903 0.025 4.85 794.0
2455286.81591 17.887 0.034 6.65 748.0
2455286.90901 17.877 0.023 4.36 643.0
2455287.86858 17.826 0.019 4.04 641.0
2455288.86874 17.851 0.021 3.66 675.0
2455289.79929 17.860 0.028 6.57 745.0
2455289.90991 17.879 0.021 4.56 656.0
2455293.87375 17.861 0.018 3.77 463.0
2455294.85506 17.828 0.015 3.64 383.0
2455295.86612 17.859 0.017 4.25 372.0
2455296.90764 17.890 0.018 4.17 376.0
2455298.78965 17.819 0.018 4.42 414.0
2455299.77418 17.882 0.016 3.92 355.0
2455300.88545 17.909 0.019 4.42 417.0
2455301.89391 17.876 0.019 4.64 431.0
2455306.87853 17.889 0.017 4.31 387.0
2455307.88042 17.884 0.018 4.33 446.0
2455308.86929 17.896 0.018 4.45 391.0
2455309.92112 17.857 0.018 4.42 451.0
2455310.92948 17.867 0.020 4.13 723.0
2455312.79097 17.920 0.026 5.81 543.0
2455313.82387 17.949 0.033 6.76 632.0
2455314.75239 17.848 0.029 5.70 850.0
2455315.69015 17.894 0.037 6.41 1041.0
2455315.89566 17.855 0.025 4.51 898.0
2455316.86570 17.888 0.033 5.76 932.0
2455320.68823 17.795 0.034 4.54 2165.0
2455320.88870 17.862 0.020 4.08 669.0
2455321.83254 17.865 0.026 5.93 576.0
2455322.85694 17.878 0.021 4.57 566.0
2455323.74578 17.882 0.025 6.06 526.0
2455324.65626 17.917 0.025 6.00 532.0
2455324.87504 17.863 0.020 4.28 525.0
2455325.78827 17.861 0.017 3.91 381.0
2455326.72327 17.894 0.020 4.85 411.0
2455326.91494 17.829 0.021 4.82 546.0
2455327.86443 17.917 0.021 4.01 486.0
2455328.79320 17.854 0.019 4.31 427.0
2455334.63230 17.901 0.025 6.27 483.0
2455334.91723 17.937 0.024 5.60 487.0
2455335.88003 17.886 0.018 4.04 463.0
2455337.78441 17.869 0.019 4.66 441.0
2455338.78225 17.874 0.026 5.95 566.0
2455339.76378 17.868 0.018 3.77 605.0
2455340.69519 17.855 0.024 4.93 725.0
2455341.58832 17.924 0.030 5.48 942.0
2455341.88334 17.851 0.020 4.01 614.0
2455342.71033 17.871 0.022 4.76 654.0
2455342.90684 17.794 0.025 5.15 785.0
2455343.73117 17.867 0.025 4.83 773.0
2455343.93713 17.856 0.028 4.95 1048.0
2455348.87773 17.825 0.026 5.67 659.0
2455349.80912 17.882 0.021 4.38 662.0
2455351.58286 17.888 0.025 5.84 527.0
2455351.91929 17.928 0.028 5.48 755.0
2455352.92522 17.882 0.023 4.38 734.0
2455353.85511 17.873 0.020 3.91 515.0
2455354.87192 17.870 0.022 4.16 601.0
2455355.81590 17.855 0.025 5.68 571.0
2455357.87398 17.883 0.026 5.98 549.0
2455359.77586 17.863 0.022 5.21 511.0
2455362.58824 17.918 0.026 5.39 675.0
2455364.57107 17.851 0.022 5.44 467.0
2455364.79529 17.923 0.028 6.88 432.0
2455365.66576 17.895 0.021 4.71 457.0
2455368.79751 17.891 0.026 6.07 576.0
2455376.68765 17.871 0.024 5.00 643.0
2455376.87874 17.874 0.036 6.27 1036.0
2455377.81609 17.824 0.019 4.08 569.0
2455378.74021 17.874 0.017 3.82 436.0
2455379.54918 17.903 0.022 5.40 409.0
2455379.84700 17.902 0.030 7.78 616.0
2455380.54488 17.884 0.019 4.73 384.0
2455380.73928 17.885 0.017 4.25 380.0
2455381.59038 17.868 0.031 7.34 490.0
2455381.81346 17.781 0.026 6.34 553.0
2455382.68323 17.861 0.021 5.26 410.0
2455384.79064 17.895 0.028 6.25 597.0
2455386.61086 17.908 0.019 4.69 357.0
2455387.48040 17.827 0.020 4.15 864.0
2455387.55142 17.853 0.017 4.11 542.0
2455387.61623 17.868 0.015 3.82 281.0
2455387.62407 17.852 0.014 3.75 427.0
2455387.65200 17.845 0.013 3.15 290.0
2455387.69048 17.844 0.016 3.63 339.0
2455388.50866 17.876 0.021 4.65 451.0
2455389.47059 17.849 0.032 6.80 622.0
2455389.79966 17.845 0.024 6.41 408.0
2455390.73682 17.876 0.019 4.87 335.0
2455391.58381 17.894 0.019 4.84 339.0
2455392.52152 17.900 0.022 5.12 419.0
2455393.62896 17.890 0.027 6.95 396.0
2455393.82801 17.942 0.030 7.23 456.0
2455396.81108 17.867 0.028 7.43 416.0
2455403.55888 17.888 0.022 3.96 811.0
2455403.75546 17.896 0.025 4.22 965.0
2455404.62879 17.895 0.021 3.98 537.0
2455405.64508 17.844 0.026 5.86 477.0
2455407.49959 17.901 0.026 6.44 372.0
2455407.69379 17.888 0.027 6.36 454.0
2455408.62274 17.897 0.025 6.16 472.0
2455409.48506 17.851 0.019 5.10 372.0
2455410.48926 17.902 0.022 5.10 458.0
2455411.50388 17.850 0.019 5.11 361.0
2455412.55447 17.923 0.026 6.00 512.0
2455413.49610 17.867 0.021 5.29 467.0
2455414.51427 17.860 0.016 3.99 334.0
2455416.68918 17.923 0.024 5.84 376.0
2455421.52310 17.900 0.021 5.48 384.0
2455422.50626 17.892 0.024 5.68 431.0
2455423.63469 17.898 0.023 6.05 382.0
2455426.69719 17.837 0.027 4.68 1020.0
2455430.65471 17.883 0.029 5.89 755.0
2455431.65177 17.859 0.027 5.96 652.0
2455433.54168 17.877 0.029 6.17 594.0
2455434.62451 17.869 0.021 4.28 534.0
2455435.62151 17.876 0.022 4.57 483.0
2455437.48983 17.909 0.019 4.18 413.0
2455438.68136 17.892 0.021 4.87 451.0
2455443.50171 17.851 0.022 6.10 413.0
2455444.50854 17.904 0.022 5.29 402.0
2455445.58113 17.858 0.020 5.25 381.0
2455446.61793 17.894 0.019 4.37 381.0
2455448.48046 17.885 0.026 5.89 557.0
2455449.55067 17.892 0.021 5.08 401.0
2455450.64853 17.866 0.024 6.04 454.0
2455457.47853 17.867 0.025 4.15 1185.0
2455459.56765 17.880 0.024 4.58 582.0
2455460.58086 17.916 0.045 5.83 1867.0
2455461.60848 17.876 0.027 6.14 631.0
2455463.53188 17.842 0.018 3.59 550.0
2455464.52376 17.868 0.024 5.43 515.0
2455467.50750 17.831 0.019 4.53 459.0
2455470.54655 17.930 0.026 5.82 488.0
2455472.51995 17.889 0.028 6.37 519.0
2455473.58654 17.991 0.027 6.75 457.0
2455479.51341 17.950 0.029 6.44 486.0
2455481.50673 17.913 0.035 6.62 769.0
2455486.52578 17.918 0.032 6.07 679.0
2455488.51034 17.928 0.028 5.47 714.0
2455495.50079 17.889 0.023 4.67 610.0
2455499.52881 17.961 0.033 6.56 657.0
2455621.87459 17.896 0.018 4.65 401.0
2455624.90799 17.868 0.038 5.13 1978.0
2455625.84743 17.864 0.021 5.55 420.0
2455627.85469 17.885 0.018 4.91 378.0
2455628.89091 17.859 0.017 4.71 343.0
2455630.85597 17.887 0.021 5.79 397.0
2455632.84605 17.874 0.022 5.67 424.0
2455634.82842 17.898 0.022 5.53 405.0
2455635.89396 17.871 0.021 5.31 457.0
2455638.80566 17.837 0.023 5.12 608.0
2455639.85975 17.853 0.020 4.79 532.0
2455641.80127 17.835 0.022 5.01 631.0
2455643.81385 17.839 0.021 4.98 639.0
2455648.84424 17.908 0.018 4.55 403.0
2455650.76341 17.849 0.017 5.02 349.0
2455652.75121 17.851 0.018 5.42 372.0
2455654.85973 17.896 0.018 4.99 344.0
2455656.83424 17.888 0.015 3.50 380.0
2455658.81701 17.880 0.022 6.10 367.0
2455659.88140 17.892 0.017 4.47 484.0
2455662.78564 17.905 0.023 6.08 426.0
2455664.87854 17.958 0.031 7.18 431.0
2455667.84257 17.896 0.016 4.03 420.0
2455670.72582 17.870 0.024 4.98 776.0
2455675.89883 17.855 0.021 4.82 534.0
2455677.84240 17.848 0.019 5.10 384.0
2455680.73922 17.901 0.021 5.04 403.0
2455681.91614 17.866 0.020 5.10 464.0
2455683.89401 17.872 0.017 3.84 494.0
2455685.87724 17.878 0.016 4.11 384.0
2455687.78280 17.880 0.017 4.72 392.0
2455690.79642 17.886 0.020 5.32 408.0
2455692.71068 17.885 0.021 5.40 490.0
2455693.82032 17.904 0.018 4.11 490.0
2455694.90391 17.883 0.021 5.36 526.0
2455696.69794 17.822 0.021 4.98 560.0
2455697.79487 17.854 0.020 5.13 618.0
2455698.87060 17.918 0.025 4.77 957.0
2455705.94022 17.924 0.036 8.37 810.0
2455707.83237 17.875 0.021 4.96 514.0
2455709.58739 17.887 0.022 6.03 427.0
2455713.76186 17.872 0.016 4.28 411.0
2455715.80787 17.850 0.016 4.64 362.0
2455721.65367 17.850 0.021 5.35 498.0
2455722.83568 17.957 0.021 5.14 491.0
2455724.65214 17.873 0.023 5.27 520.0
2455726.58177 17.859 0.028 5.34 859.0
2455735.75996 17.890 0.018 4.66 402.0
2455736.85297 17.895 0.019 4.46 463.0
2455737.89628 17.832 0.021 5.78 507.0
2455739.73104 17.896 0.018 4.72 346.0
2455740.81323 17.887 0.023 5.98 440.0
2455741.85148 17.876 0.019 4.88 421.0
2455742.86314 17.884 0.019 5.19 425.0
2455744.57940 17.839 0.024 5.86 486.0
2455745.66752 17.862 0.017 4.62 374.0
2455746.84527 17.936 0.028 7.14 423.0
2455749.59309 17.883 0.022 5.97 398.0
2455759.84486 17.854 0.035 6.43 937.0
2455761.53890 17.858 0.014 4.58 375.0
2455762.66175 17.841 0.022 5.55 420.0
2455763.80198 17.840 0.026 6.30 583.0
2455765.60574 17.888 0.016 3.89 433.0
2455766.72779 17.898 0.026 7.15 360.0
2455768.55533 17.907 0.019 4.86 437.0
2455769.69630 17.876 0.018 4.66 345.0
2455776.72661 17.824 0.023 6.63 377.0
2455779.61671 17.857 0.016 4.29 382.0
2455785.70163 17.946 0.031 6.73 714.0
2455787.66552 17.848 0.021 4.72 616.0
2455790.57766 17.932 0.026 6.64 438.0
2455793.67990 17.881 0.019 4.87 397.0
2455796.48203 17.884 0.021 5.43 440.0
2455801.68090 17.927 0.028 6.82 418.0
2455805.54878 17.917 0.017 4.37 360.0
2455812.58169 17.925 0.035 6.30 760.0
2455815.62071 17.874 0.018 3.79 617.0
2455818.52365 17.918 0.024 5.30 523.0
2455820.59855 17.926 0.025 5.51 518.0
2455823.53584 17.901 0.029 6.86 461.0
2455824.54518 17.866 0.019 4.52 405.0
2455825.54212 17.986 0.023 4.85 463.0
2455826.52601 17.935 0.027 6.37 453.0
2455828.48861 17.958 0.022 4.89 465.0
2455829.61412 17.952 0.022 6.45 475.0
2455831.62155 17.970 0.029 7.92 498.0
2455834.51643 17.904 0.018 4.53 414.0
2455839.50678 17.836 0.041 5.13 2355.0
2455841.50411 17.963 0.033 6.33 650.0
2455843.49137 17.860 0.031 6.88 628.0
2455845.50655 17.841 0.024 5.72 598.0
2455850.55972 17.850 0.019 4.75 501.0
2455854.51396 17.830 0.028 6.01 622.0
2455859.51418 17.868 0.025 5.58 600.0
2455978.88222 17.852 0.019 5.01 436.0
2455983.89772 17.899 0.019 4.29 588.0
2455986.89477 17.859 0.019 4.90 446.0
2455989.87432 17.901 0.022 6.07 367.0
2455992.81302 17.808 0.021 5.38 614.0
2455994.88579 17.832 0.019 4.52 589.0
2455996.88870 17.842 0.016 4.07 475.0
2455998.90194 17.841 0.017 4.31 511.0
2456004.80215 17.837 0.023 6.34 483.0
2456006.79558 17.854 0.017 4.55 388.0
2456007.91722 17.886 0.026 4.34 1193.0
2456009.86225 17.881 0.017 4.56 432.0
2456011.76967 17.847 0.020 5.39 430.0
2456012.91064 17.855 0.014 3.81 334.0
2456014.84404 17.933 0.019 5.10 332.0
2456016.74243 17.897 0.017 4.47 402.0
2456017.83535 17.825 0.014 4.39 336.0
2456019.75032 17.941 0.025 6.47 455.0
2456020.82533 17.944 0.019 5.22 336.0
2456021.88815 17.871 0.017 4.49 376.0
2456023.72148 17.898 0.024 5.29 696.0
2456024.70673 17.888 0.031 6.22 876.0
2456025.77139 17.846 0.024 5.73 642.0
2456032.69914 17.840 0.028 6.80 571.0
2456033.91295 17.900 0.020 5.04 429.0
2456036.88196 17.884 0.014 3.33 418.0
2456038.90329 17.864 0.018 4.71 404.0
2456041.74386 17.843 0.024 6.66 425.0
2456047.90099 17.927 0.019 4.01 484.0
2456049.84923 17.897 0.018 4.12 412.0
2456051.75766 17.895 0.018 4.18 502.0
2456053.76266 17.879 0.019 3.70 760.0
2456058.77221 17.880 0.018 4.15 446.0
2456059.76343 17.957 0.023 5.59 415.0
2456061.91829 17.877 0.018 4.03 533.0
2456063.86927 17.844 0.021 5.85 403.0
2456065.73731 17.899 0.016 3.94 369.0
2456066.92746 17.835 0.015 3.56 482.0
2456068.66877 17.834 0.018 4.40 431.0
2456069.84341 17.867 0.015 3.62 344.0
2456070.89774 17.866 0.016 4.10 384.0
2456075.59838 17.865 0.018 4.49 435.0
2456076.72675 17.865 0.015 3.86 369.0
2456077.94346 17.866 0.025 5.17 865.0
2456079.64091 17.900 0.019 4.72 433.0
2456080.69632 17.851 0.017 4.29 499.0
2456081.73132 17.875 0.019 4.26 548.0
2456082.84295 17.864 0.030 5.35 1049.0
2456085.92031 17.844 0.027 5.68 795.0
2456089.73154 17.893 0.019 4.73 465.0
2456093.60796 17.864 0.024 6.69 384.0
2456094.75422 17.874 0.017 4.40 418.0
2456096.87289 17.914 0.026 6.14 509.0
2456098.67674 17.853 0.020 5.41 401.0
2456100.62700 17.881 0.019 5.15 420.0
2456101.65629 17.884 0.016 4.39 397.0
2456102.71811 17.883 0.017 4.09 463.0
2456103.73977 17.886 0.017 4.19 401.0
2456104.80287 17.862 0.017 4.53 355.0
2456109.81348 17.830 0.025 4.94 830.0
2456114.57667 17.881 0.028 6.05 619.0
2456115.60061 17.865 0.019 4.58 524.0
2456116.73406 17.852 0.018 4.56 390.0
2456117.79941 17.899 0.020 4.60 473.0
2456118.84759 17.893 0.021 5.19 467.0
2456119.63928 17.893 0.017 5.04 314.0
2456120.55237 17.885 0.023 5.98 361.0
2456121.64732 17.911 0.015 4.24 298.0
2456123.75686 17.813 0.022 7.03 327.0
2456126.65157 17.860 0.019 5.54 325.0
2456128.64872 17.852 0.015 4.29 339.0
2456130.55373 17.894 0.023 5.96 387.0
2456132.78189 17.872 0.018 4.88 411.0
2456135.49344 17.820 0.024 6.02 519.0
2456140.51084 17.838 0.033 5.20 1415.0
2456141.64654 17.883 0.023 4.98 641.0
2456143.53789 17.966 0.031 6.70 467.0
2456147.50795 17.869 0.020 5.63 357.0
2456148.48561 17.871 0.015 4.21 346.0
2456150.61703 17.866 0.021 5.82 365.0
2456151.48880 17.979 0.031 7.30 424.0
2456152.64498 17.877 0.018 5.22 308.0
2456158.49108 17.896 0.018 4.76 402.0
2456160.49323 17.912 0.021 5.83 381.0
2456164.49594 17.816 0.021 5.43 534.0
2456168.49923 17.865 0.023 4.37 845.0
2456171.49924 17.821 0.021 3.95 1148.0
2456172.49735 17.898 0.014 3.38 405.0
2456175.48605 17.881 0.018 4.88 426.0
2456180.55179 17.840 0.020 5.17 437.0
2456182.65778 17.855 0.023 6.48 444.0
2456185.48637 17.818 0.015 4.20 374.0
2456186.48446 17.922 0.026 6.60 441.0
2456195.48576 17.852 0.022 4.77 629.0
2456196.60260 17.807 0.023 5.30 667.0
2456200.59248 17.894 0.037 7.64 649.0
2456204.59081 17.837 0.023 5.30 579.0
2456208.51948 17.898 0.026 6.26 467.0
2456211.57731 17.903 0.021 5.17 428.0
2456212.49649 17.890 0.022 5.06 503.0
2456214.53144 17.863 0.021 5.60 423.0
2456216.50545 17.957 0.025 5.70 445.0
2456219.53189 17.942 0.022 5.04 434.0
2456225.57274 17.988 0.039 7.23 832.0
2456231.50784 17.932 0.031 5.59 775.0
2456347.89829 17.924 0.020 4.52 564.0
2456351.85677 17.856 0.021 5.17 527.0
2456358.83467 17.828 0.019 4.05 734.0
2456360.81216 17.881 0.018 4.62 404.0
2456362.84541 17.944 0.018 4.08 395.0
2456368.83686 17.889 0.016 4.00 345.0
2456370.84673 17.894 0.018 4.79 371.0
2456373.80733 17.937 0.020 5.18 411.0
2456375.75978 17.889 0.017 4.30 475.0
2456376.88974 17.869 0.014 3.83 355.0
2456378.84155 17.840 0.016 3.86 562.0
2456380.78002 17.841 0.017 4.20 556.0
2456381.91655 17.929 0.017 3.61 668.0
2456386.86177 17.867 0.017 4.45 386.0
2456388.73829 17.951 0.021 5.75 378.0
2456389.85730 17.895 0.017 4.55 379.0
2456391.72220 17.875 0.027 7.25 422.0
2456394.74957 17.814 0.020 5.57 453.0
2456396.74706 17.853 0.015 3.85 390.0
2456398.69423 17.894 0.018 3.93 437.0
2456399.87993 17.941 0.018 4.58 369.0
2456401.90312 17.858 0.016 4.19 398.0
2456403.82345 17.926 0.016 4.29 351.0
2456408.73097 17.862 0.046 5.62 2507.0
2456415.88341 17.903 0.020 5.51 385.0
2456417.78098 17.861 0.017 4.47 425.0
2456418.90156 17.912 0.016 3.75 421.0
2456420.73149 17.871 0.014 3.82 325.0
2456422.79421 17.914 0.023 5.80 419.0
2456424.72087 17.882 0.016 4.22 451.0
2456426.92507 17.923 0.020 5.04 449.0
2456431.69991 17.925 0.024 6.62 443.0
2456432.82568 17.939 0.019 4.92 411.0
2456434.64537 17.788 0.024 6.89 573.0
2456435.77878 17.847 0.015 3.76 544.0
2456436.85237 17.844 0.018 3.82 799.0
2456441.83410 17.873 0.028 5.76 899.0
2456442.89162 17.856 0.018 4.70 515.0
2456445.66171 17.886 0.017 4.78 400.0
2456446.59200 17.887 0.016 4.69 399.0
2456447.64984 17.908 0.017 4.57 390.0
2456448.68113 17.882 0.020 6.06 396.0
2456449.73380 17.919 0.017 4.28 427.0
2456450.79016 17.867 0.015 3.80 452.0
2456451.85132 17.913 0.021 5.36 434.0
2456454.57117 17.822 0.022 6.87 371.0
2456455.62526 17.944 0.020 5.43 484.0
2456456.91859 17.901 0.019 5.10 440.0
2456458.76118 17.853 0.017 4.59 410.0
2456459.81586 17.848 0.016 3.77 472.0
2456461.68895 17.883 0.019 4.63 544.0
2456463.56951 17.901 0.023 5.42 593.0
2456464.65777 17.907 0.023 5.10 623.0
2456468.75764 17.894 0.022 4.86 717.0
2456473.73979 17.892 0.017 4.41 396.0
2456474.81459 17.815 0.026 6.71 584.0
2456476.50343 17.881 0.025 6.34 598.0
2456477.57865 17.873 0.020 5.86 362.0
2456479.59708 17.876 0.020 6.21 354.0
2456480.77612 17.875 0.018 5.36 344.0
2456483.61470 17.880 0.016 5.04 372.0
2456485.79523 17.920 0.019 5.08 434.0
2456487.51806 17.882 0.016 4.29 421.0
2456490.79951 17.961 0.020 6.39 394.0
2456492.58461 17.952 0.022 4.91 490.0
2456497.60109 17.913 0.028 6.65 582.0
2456498.72554 17.930 0.018 4.24 456.0
2456501.62382 17.905 0.017 5.00 349.0
2456505.68185 17.916 0.022 5.89 395.0
2456508.54459 17.868 0.019 5.63 383.0
2456509.74086 17.952 0.022 6.91 435.0
2456511.69233 17.882 0.017 4.89 352.0
2456515.67825 17.904 0.015 4.21 338.0
2456519.49942 17.896 0.016 4.16 426.0
2456526.68433 17.954 0.026 6.37 584.0
2456532.51275 17.848 0.018 5.20 384.0
2456535.54391 17.882 0.023 6.67 416.0
2456541.49973 17.871 0.018 5.00 400.0
2456545.56025 17.841 0.015 4.69 353.0
2456555.57603 17.829 0.023 5.27 556.0
2456560.59251 17.901 0.026 6.24 523.0
2456564.49451 17.962 0.031 7.50 470.0
2456573.50679 17.856 0.021 5.26 484.0
2456599.53461 17.924 0.026 5.90 564.0
2456702.86563 17.808 0.020 4.59 827.0
2456704.86948 17.870 0.023 5.39 779.0
2456705.86761 17.810 0.025 5.78 770.0
2456709.88262 17.867 0.017 4.41 582.0
2456715.86742 17.897 0.017 4.92 424.0
2456718.83614 17.783 0.025 7.53 518.0
2456720.88704 17.834 0.016 4.82 413.0
2456723.80242 17.877 0.021 5.23 593.0
2456725.81340 17.939 0.022 5.84 494.0
2456727.81157 17.873 0.016 4.48 416.0
2456729.78712 17.838 0.019 4.76 694.0
2456730.91033 17.851 0.024 6.01 654.0
2456733.81297 17.832 0.019 4.43 685.0
2456734.90490 17.864 0.016 4.12 579.0
2456736.85454 17.796 0.022 6.38 578.0
2456742.88947 17.861 0.014 3.91 410.0
2456745.80700 17.911 0.017 4.97 405.0
2456747.83462 17.937 0.019 5.24 420.0
2456749.81795 17.895 0.017 5.00 452.0
2456751.90789 17.906 0.015 4.30 394.0
2456755.73954 17.794 0.024 7.46 451.0
2456757.74125 17.876 0.021 5.22 512.0
2456759.76043 17.869 0.016 4.43 549.0
2456761.71158 17.881 0.024 6.33 710.0
2456763.69481 17.855 0.019 4.32 825.0
2456764.86392 17.875 0.017 4.08 654.0
2456768.79855 17.889 0.018 4.16 605.0
2456769.93106 17.902 0.025 5.07 986.0
2456771.84215 17.859 0.016 4.14 507.0
2456773.71853 17.909 0.025 6.48 513.0
2456774.85425 17.876 0.017 5.37 405.0
2456776.81620 17.923 0.016 4.76 441.0
2456784.77419 17.874 0.019 4.66 459.0
2456785.74929 17.872 0.017 4.51 435.0
2456786.76822 17.895 0.017 3.71 462.0
2456789.69702 17.861 0.021 4.82 573.0
2456790.77163 17.833 0.019 4.28 572.0
2456791.83443 17.930 0.024 4.37 770.0
2456792.85976 17.840 0.022 4.20 884.0
2456796.93103 17.804 0.025 5.13 980.0
2456798.85226 17.879 0.030 7.00 516.0
2456803.88342 17.902 0.018 4.94 393.0
2456804.89930 17.894 0.024 6.27 468.0
2456805.94347 17.888 0.040 6.81 1177.0
2456807.93911 17.857 0.034 7.88 578.0
2456809.57824 17.836 0.024 6.70 514.0
2456810.63518 17.845 0.019 4.74 453.0
2456811.64592 17.865 0.022 5.72 449.0
2456813.76771 17.860 0.018 4.69 354.0
2456814.86136 17.901 0.023 6.49 397.0
2456815.93485 17.885 0.025 5.84 624.0
2456817.67108 17.783 0.026 6.89 500.0
2456819.55848 17.896 0.035 6.54 964.0
2456823.75843 17.872 0.022 4.16 698.0
2456824.80029 17.907 0.023 5.05 609.0
2456825.81258 17.849 0.022 4.70 674.0
2456826.83547 17.874 0.022 6.20 530.0
2456827.88753 17.828 0.024 6.44 558.0
2456829.51874 17.817 0.028 6.57 680.0
2456830.53891 17.853 0.022 5.65 530.0
2456831.66390 17.907 0.016 3.91 404.0
2456832.72012 17.862 0.020 5.30 403.0
2456833.78265 17.883 0.021 4.92 548.0
2456834.78744 17.904 0.028 6.94 474.0
2456835.83921 17.918 0.027 7.25 444.0
2456837.49713 17.844 0.023 5.12 722.0
2456838.49268 17.839 0.027 6.09 630.0
2456839.50342 17.827 0.027 6.63 599.0
2456840.54988 17.795 0.027 7.16 534.0
2456841.67747 17.846 0.018 4.56 427.0
2456842.71942 17.898 0.021 5.19 424.0
2456844.75412 17.878 0.020 5.31 408.0
2456845.73549 17.849 0.017 4.17 457.0
2456847.69359 17.847 0.020 4.13 612.0
2456851.68169 17.886 0.024 4.88 742.0
2456852.77079 17.817 0.039 8.24 845.0
2456855.81098 17.912 0.022 7.37 442.0
2456857.49053 17.856 0.018 4.36 472.0
2456858.54774 17.850 0.017 4.05 383.0
2456859.74051 17.899 0.027 6.96 484.0
2456863.60489 17.866 0.016 4.31 353.0
2456864.67795 17.943 0.020 6.18 354.0
2456871.54066 17.862 0.019 4.64 451.0
2456880.56583 17.846 0.028 5.80 760.0
2456882.51958 17.891 0.022 5.54 385.0
2456884.71046 17.918 0.023 6.84 425.0
2456886.61003 17.906 0.019 4.66 414.0
2456888.51916 17.841 0.017 4.61 343.0
2456889.70159 17.917 0.023 7.61 381.0
2456891.63232 17.896 0.022 6.24 390.0
2456896.61421 17.918 0.020 5.35 379.0
2456907.57586 17.852 0.022 5.39 571.0
2456915.58090 17.924 0.027 7.00 433.0
2456922.51493 17.887 0.027 6.34 495.0
2456925.52811 17.903 0.031 7.58 448.0
2456928.51602 17.953 0.035 8.15 552.0
2456936.55419 17.903 0.030 7.22 687.0
2456940.52590 17.866 0.027 6.41 605.0
2456947.50916 17.898 0.027 7.52 494.0
2456951.55340 17.926 0.031 8.13 586.0
2456955.50223 17.857 0.027 6.50 597.0
2457084.89687 17.868 0.018 4.36 452.0
2457087.84606 17.844 0.022 4.68 696.0
2457089.88422 17.838 0.021 4.93 560.0
2457091.90913 17.922 0.030 4.77 1197.0
2457097.83216 17.851 0.016 3.77 415.0
2457099.82311 17.870 0.019 5.07 401.0
2457109.86602 17.897 0.019 4.77 395.0
2457111.80873 17.869 0.019 5.29 380.0
2457114.82630 17.856 0.017 3.88 495.0
2457116.81740 17.824 0.022 5.05 635.0
2457118.83477 17.875 0.019 4.24 681.0
2457120.81663 17.882 0.021 5.04 556.0
2457126.73107 17.865 0.018 4.88 442.0
2457129.91971 17.825 0.018 4.63 427.0
2457131.82053 17.820 0.015 3.79 393.0
2457133.93140 17.874 0.030 5.42 1029.0
2457135.78758 17.845 0.016 4.46 385.0
2457136.93335 17.810 0.033 4.65 1716.0
2457138.76038 17.851 0.021 6.05 396.0
2457139.92443 17.819 0.019 5.10 437.0
2457141.74876 17.795 0.015 4.12 445.0
2457142.88521 17.792 0.017 4.26 421.0
2457144.68800 17.745 0.025 6.36 677.0
2457145.93445 17.750 0.029 6.10 904.0
2457147.64902 17.672 0.032 6.94 999.0
2457152.78863 17.448 0.013 4.23 547.0
2457153.83795 17.461 0.012 3.60 513.0
2457155.62212 17.447 0.017 5.56 556.0
2457156.69394 17.475 0.013 4.56 403.0
2457158.65413 17.464 0.015 5.28 485.0
2457159.69879 17.529 0.014 4.96 437.0
2457160.77561 17.597 0.014 4.49 424.0
2457161.85945 17.623 0.013 3.97 430.0
2457162.90900 17.641 0.018 5.76 420.0
2457164.68202 17.768 0.020 5.89 433.0
2457166.77147 17.750 0.015 4.46 406.0
2457169.72381 17.803 0.016 5.01 373.0
2457170.78038 17.832 0.019 5.32 397.0
2457172.82293 17.890 0.023 5.24 566.0
2457173.85590 17.841 0.018 3.90 634.0
2457174.84087 17.868 0.022 4.48 754.0
2457175.90471 17.804 0.027 4.86 1118.0
2457178.82631 17.907 0.027 4.00 1399.0
2457179.80253 17.886 0.025 5.43 594.0
2457180.80451 17.817 0.020 4.95 481.0
2457181.81993 17.838 0.020 5.09 439.0
2457182.83867 17.884 0.019 4.84 384.0
2457183.84585 17.913 0.024 6.26 395.0
2457184.88020 17.949 0.023 5.61 427.0
2457185.89072 17.807 0.024 6.20 516.0
2457187.66615 17.853 0.019 5.67 353.0
2457188.66966 17.851 0.022 5.95 432.0
2457189.77505 17.847 0.019 4.56 494.0
2457190.84184 17.877 0.021 5.05 661.0
2457193.80532 17.865 0.016 3.88 415.0
2457197.55928 17.841 0.021 5.63 497.0
2457198.58463 17.918 0.021 5.29 469.0
2457199.59018 17.924 0.020 4.91 444.0
2457200.58643 17.864 0.019 4.72 560.0
2457202.80608 17.918 0.031 5.65 857.0
2457202.82280 17.894 0.034 6.28 855.0
2457206.83972 17.910 0.034 5.26 1312.0
2457208.51927 17.895 0.026 6.61 577.0
2457211.59354 17.896 0.017 4.82 346.0
2457214.56951 17.851 0.021 6.10 496.0
2457217.83546 17.945 0.024 6.17 768.0
2457220.63066 17.843 0.017 4.90 344.0
2457221.67167 17.937 0.020 5.00 359.0
2457222.76244 17.855 0.022 5.41 543.0
2457224.52949 17.852 0.021 5.69 455.0
2457225.61354 17.874 0.015 4.10 413.0
2457227.47275 17.903 0.028 5.29 927.0
2457228.51855 17.852 0.023 5.95 499.0
2457229.58915 17.867 0.015 3.79 399.0
2457236.54705 17.909 0.026 5.35 603.0
2457249.73268 17.843 0.024 6.78 395.0
2457253.59123 17.911 0.018 4.50 349.0
2457256.61240 17.853 0.025 5.97 565.0
2457263.68166 17.863 0.021 4.32 787.0
2457265.64788 17.833 0.020 5.09 528.0
2457268.65535 17.862 0.016 4.02 406.0
2457270.62597 17.855 0.021 5.91 366.0
2457273.63871 17.931 0.023 6.01 432.0
2457277.67191 17.966 0.027 6.72 414.0
2457284.55203 17.881 0.020 5.72 466.0
2457293.51139 17.842 0.023 5.40 686.0
2457296.59249 17.888 0.035 7.53 735.0
2457307.55831 17.849 0.024 7.55 471.0
2457319.50693 17.796 0.031 6.65 682.0
2457325.50457 17.919 0.029 6.81 626.0
2457331.52100 17.840 0.032 7.61 699.0
