2455306.72774 19.809 0.109 5.69 370.0
2455308.75675 20.011 0.137 5.00 362.0
2455312.90549 20.294 0.190 4.96 421.0
2455314.87993 20.211 0.232 4.83 809.0
2455316.76419 20.067 0.271 5.91 832.0
2455320.73566 19.685 0.125 4.76 572.0
2455321.87685 19.943 0.136 4.35 505.0
2455323.78797 19.965 0.134 5.29 453.0
2455324.91921 20.026 0.137 3.93 517.0
2455326.76492 19.888 0.112 4.45 343.0
2455327.90602 20.215 0.154 3.61 463.0
2455334.70326 20.054 0.136 4.67 343.0
2455335.93494 20.102 0.222 5.47 636.0
2455338.87197 19.806 0.202 6.99 547.0
2455340.83002 19.865 0.142 4.38 652.0
2455342.59013 19.853 0.234 6.11 899.0
2455343.62085 19.815 0.218 5.75 1044.0
2455348.73354 20.084 0.166 4.87 492.0
2455350.67359 20.177 0.215 5.89 417.0
2455353.65554 20.104 0.127 3.77 341.0
2455355.81752 20.423 0.264 5.25 530.0
2455359.88971 19.971 0.211 6.28 560.0
2455365.65300 20.306 0.200 5.23 408.0
2455378.57053 19.881 0.115 4.64 325.0
2455380.60336 20.098 0.119 4.35 284.0
2455382.75113 20.303 0.239 6.28 387.0
2455385.60008 19.990 0.092 3.84 426.0
2455385.69063 20.146 0.118 3.77 433.0
2455385.78870 20.125 0.117 4.03 455.0
2455388.61161 19.977 0.107 4.44 243.0
2455391.73043 19.620 0.104 5.13 345.0
2455397.64357 19.980 0.201 6.18 413.0
2455404.78043 20.486 0.299 5.04 727.0
2455408.76493 19.726 0.155 5.62 598.0
2455422.50876 19.768 0.149 6.27 372.0
2455431.65274 19.721 0.179 6.67 596.0
2455433.63576 20.010 0.210 5.78 578.0
2455439.52948 19.732 0.157 6.62 382.0
2455446.65890 20.136 0.136 4.65 350.0
2455457.50826 19.996 0.131 4.20 518.0
2455460.53411 20.314 0.251 4.99 623.0
2455472.53824 20.306 0.297 7.04 445.0
2455481.51072 19.484 0.163 5.74 929.0
2455606.88139 20.323 0.197 5.13 406.0
2455615.89411 20.416 0.221 5.04 535.0
2455621.86253 20.224 0.139 4.17 327.0
2455624.79011 20.341 0.210 5.23 390.0
2455626.88141 20.249 0.179 4.90 350.0
2455628.79507 20.260 0.213 5.68 394.0
2455629.87514 20.180 0.165 5.40 304.0
2455631.85057 19.823 0.124 5.52 366.0
2455633.80553 20.164 0.137 4.22 362.0
2455634.88195 19.570 0.091 4.97 308.0
2455637.79248 20.289 0.280 6.62 605.0
2455640.89356 20.386 0.211 4.87 505.0
2455643.74326 19.752 0.139 4.64 761.0
2455648.75167 19.740 0.126 5.86 349.0
2455649.88977 20.169 0.124 4.56 288.0
2455651.82612 20.167 0.139 4.53 306.0
2455654.78355 20.048 0.126 4.19 319.0
2455655.89493 20.012 0.126 5.90 304.0
2455659.80663 19.979 0.126 5.50 314.0
2455664.79101 20.345 0.224 6.25 333.0
2455665.91569 20.348 0.169 4.69 345.0
2455669.76587 19.940 0.143 4.40 636.0
2455675.72471 19.930 0.128 4.20 506.0
2455676.91754 20.350 0.141 4.15 310.0
2455679.87371 20.016 0.126 4.21 364.0
2455681.74259 20.311 0.143 4.29 343.0
2455683.68763 20.264 0.142 4.29 377.0
2455684.92228 20.148 0.159 4.97 386.0
2455686.90588 19.909 0.147 5.50 390.0
2455689.81916 19.620 0.081 4.59 301.0
2455691.82861 20.060 0.167 5.87 377.0
2455693.63851 19.851 0.141 5.65 490.0
2455694.75475 19.831 0.124 4.92 486.0
2455695.89377 20.138 0.138 5.03 351.0
2455697.63105 20.332 0.238 4.53 717.0
2455698.72451 20.108 0.269 5.65 951.0
2455705.75718 20.227 0.196 5.77 454.0
2455707.68805 19.642 0.102 5.51 353.0
2455708.75712 20.069 0.198 7.06 320.0
2455712.76738 19.831 0.099 4.22 390.0
2455715.63582 20.203 0.151 5.11 326.0
2455716.81696 19.643 0.097 5.36 292.0
2455722.64818 20.522 0.203 4.84 356.0
2455723.80498 20.147 0.140 4.72 327.0
2455725.70148 20.154 0.135 3.81 516.0
2455734.83445 19.607 0.139 6.68 440.0
2455736.65279 19.978 0.089 3.81 279.0
2455737.74097 20.010 0.089 3.56 270.0
2455739.55813 20.071 0.147 4.88 370.0
2455740.63866 20.027 0.166 6.38 294.0
2455741.70774 20.112 0.139 4.67 291.0
2455742.72053 20.314 0.142 4.29 266.0
2455743.83355 20.082 0.178 5.16 454.0
2455746.68108 20.236 0.169 5.48 292.0
2455748.63474 19.740 0.096 4.23 399.0
2455752.57430 19.536 0.142 6.65 513.0
2455760.74021 19.988 0.143 4.55 500.0
2455762.51614 20.079 0.161 4.80 374.0
2455763.65057 20.317 0.159 4.55 357.0
2455764.73757 20.156 0.153 4.91 377.0
2455766.56586 19.891 0.110 5.05 296.0
2455767.72846 20.087 0.170 5.69 371.0
2455769.50196 19.953 0.133 5.15 390.0
2455787.48083 19.866 0.143 4.60 601.0
2455793.51918 19.914 0.121 4.96 337.0
2455795.53166 19.816 0.152 6.47 325.0
2455801.53616 20.050 0.160 6.07 313.0
2455804.59916 19.774 0.116 5.46 322.0
2455807.61147 20.054 0.244 7.49 372.0
2455813.65495 20.526 0.227 3.71 671.0
2455817.55426 20.352 0.228 5.06 490.0
2455819.63385 19.765 0.143 5.32 624.0
2455829.54856 20.178 0.166 5.05 425.0
2455831.55882 20.125 0.173 6.01 404.0
2455833.56719 19.982 0.147 5.99 382.0
2455840.57425 20.244 0.225 4.95 604.0
2455842.54957 19.883 0.204 6.23 585.0
2455977.88355 19.750 0.107 4.39 410.0
2455982.89523 20.025 0.125 4.26 419.0
2455986.80376 19.828 0.130 5.58 412.0
2455988.90092 19.631 0.114 4.36 646.0
2455991.84464 20.273 0.141 4.42 311.0
2455994.78858 19.762 0.147 4.63 780.0
2455996.81597 20.048 0.141 4.37 487.0
2455998.82430 19.663 0.105 4.57 479.0
2456003.87158 20.267 0.208 5.76 427.0
2456005.85706 19.917 0.101 4.35 319.0
2456007.83348 19.855 0.109 4.63 296.0
2456009.75680 19.536 0.082 4.41 376.0
2456010.88390 19.935 0.089 3.70 319.0
2456012.81658 20.207 0.130 4.63 259.0
2456014.74866 20.184 0.162 5.35 324.0
2456017.76004 20.266 0.128 4.05 314.0
2456018.85259 20.266 0.133 4.53 279.0
2456020.73380 19.960 0.119 4.80 358.0
2456021.79312 19.955 0.132 5.24 367.0
2456022.87425 19.785 0.088 3.91 382.0
2456031.78364 20.355 0.180 5.07 356.0
2456033.72954 20.499 0.243 5.92 349.0
2456035.92542 20.312 0.188 4.24 459.0
2456038.72542 20.470 0.202 5.33 304.0
2456040.79474 19.986 0.118 4.49 348.0
2456047.72267 19.799 0.114 5.21 338.0
2456048.93182 20.297 0.217 3.83 729.0
2456050.84913 20.550 0.268 5.42 432.0
2456052.91175 20.052 0.148 4.04 608.0
2456061.76529 20.444 0.165 3.89 379.0
2456062.90279 19.741 0.117 4.17 577.0
2456064.91545 20.073 0.148 4.91 470.0
2456066.76732 20.118 0.109 3.73 365.0
2456067.84291 20.430 0.140 3.27 351.0
2456069.66815 20.668 0.239 5.00 317.0
2456070.73344 19.844 0.093 4.34 290.0
2456071.81116 20.049 0.135 4.92 325.0
2456075.87885 20.353 0.158 4.02 367.0
2456077.77838 19.993 0.135 5.92 301.0
2456078.86214 20.150 0.125 3.39 424.0
2456079.93473 20.289 0.220 5.63 503.0
2456081.58187 19.792 0.178 5.30 865.0
2456082.65228 19.944 0.238 6.24 791.0
2456085.77605 19.875 0.148 4.97 547.0
2456086.78422 20.114 0.140 4.35 401.0
2456088.64090 20.149 0.114 4.42 271.0
2456092.78444 20.385 0.152 4.03 334.0
2456096.69330 20.238 0.174 5.85 290.0
2456097.89567 19.634 0.136 5.93 515.0
2456099.73965 19.940 0.218 7.52 419.0
2456102.55547 19.543 0.134 5.87 534.0
2456103.57325 20.470 0.240 5.61 389.0
2456104.65626 19.982 0.110 4.39 310.0
2456105.71052 20.045 0.136 5.37 273.0
2456108.78397 19.727 0.101 3.70 567.0
2456113.73915 20.058 0.195 4.58 785.0
2456114.84094 19.968 0.221 5.73 736.0
2456116.56596 19.873 0.091 4.53 287.0
2456117.65754 19.655 0.095 5.01 348.0
2456118.70998 19.914 0.106 4.75 287.0
2456121.47960 20.526 0.202 4.94 344.0
2456123.60260 20.709 0.254 5.75 275.0
2456124.72594 20.197 0.130 4.27 305.0
2456125.81756 20.455 0.233 5.68 356.0
2456127.74140 20.066 0.170 6.83 251.0
2456132.54375 19.981 0.145 5.37 298.0
2456134.54014 19.646 0.140 6.60 375.0
2456136.48989 19.977 0.232 6.95 494.0
2456141.48377 20.025 0.205 5.41 667.0
2456149.60796 20.063 0.165 5.98 302.0
2456152.48750 20.325 0.206 6.20 292.0
2456157.66479 19.771 0.123 5.64 316.0
2456159.52641 20.569 0.262 5.56 363.0
2456182.48382 19.611 0.119 5.74 403.0
2456191.49098 19.800 0.185 6.67 458.0
2456196.53417 20.031 0.216 5.88 564.0
2456199.52224 19.732 0.171 6.94 477.0
2456204.50841 19.901 0.133 4.77 419.0
2456211.49739 19.824 0.120 4.48 406.0
2456213.55201 19.476 0.103 5.51 419.0
2456219.55706 19.525 0.102 5.91 308.0
2456340.88921 19.762 0.098 4.45 384.0
2456347.83172 20.437 0.214 4.36 468.0
2456354.78541 20.050 0.197 5.51 570.0
2456367.87529 20.026 0.097 4.26 246.0
2456369.90372 20.165 0.130 4.75 289.0
2456371.88963 20.493 0.149 4.46 235.0
2456374.85274 19.958 0.127 5.78 291.0
2456376.80059 19.904 0.114 4.49 410.0
2456378.74280 19.751 0.129 4.75 710.0
2456379.86837 20.005 0.145 4.67 530.0
2456381.83899 19.953 0.099 3.65 421.0
2456386.76448 19.790 0.109 5.14 325.0
2456387.86074 19.990 0.117 5.08 282.0
2456389.79392 20.268 0.146 4.73 303.0
2456390.86002 19.960 0.107 4.58 292.0
2456393.80896 20.165 0.160 5.31 324.0
2456395.82612 20.072 0.107 3.98 359.0
2456397.78978 20.125 0.108 4.09 290.0
2456399.71438 19.997 0.124 5.04 308.0
2456401.74716 20.129 0.109 4.02 282.0
2456404.86058 19.987 0.117 4.53 298.0
2456405.85167 20.027 0.103 3.62 505.0
2456407.79225 19.888 0.132 4.79 495.0
2456415.71438 20.121 0.238 7.97 334.0
2456416.90931 20.756 0.214 3.68 384.0
2456418.74042 20.194 0.138 4.62 327.0
2456419.90268 20.733 0.252 4.36 395.0
2456421.88233 20.292 0.220 5.95 359.0
2456423.88322 20.061 0.143 4.26 457.0
2456426.73717 20.134 0.112 4.35 292.0
2456428.88631 20.012 0.135 5.12 363.0
2456432.65457 20.445 0.230 5.97 371.0
2456433.74799 19.898 0.132 5.02 459.0
2456435.58465 19.643 0.176 6.91 706.0
2456436.67853 20.239 0.173 4.32 602.0
2456442.73065 20.086 0.119 4.47 361.0
2456444.87175 19.864 0.127 5.04 449.0
2456446.90515 20.216 0.166 4.97 453.0
2456447.93171 20.147 0.156 4.90 462.0
2456449.56990 20.173 0.154 5.04 360.0
2456450.62005 19.911 0.109 4.48 342.0
2456451.67915 19.798 0.114 4.77 433.0
2456452.80922 20.500 0.134 3.59 282.0
2456454.85137 20.142 0.188 6.42 324.0
2456456.73697 20.548 0.136 3.73 270.0
2456458.58981 19.714 0.113 5.62 367.0
2456459.63981 20.316 0.140 4.40 330.0
2456460.89373 20.228 0.168 4.61 693.0
2456462.80736 20.387 0.188 4.50 419.0
2456463.85450 20.070 0.151 4.63 494.0
2456468.57672 20.591 0.247 4.33 622.0
2456469.74616 19.848 0.126 4.81 465.0
2456473.56768 19.988 0.121 5.05 299.0
2456474.64231 20.738 0.267 5.43 333.0
2456475.73668 20.431 0.175 4.07 367.0
2456480.60549 20.006 0.157 6.42 295.0
2456481.75950 20.440 0.224 5.82 342.0
2456485.57851 19.863 0.106 6.70 263.0
2456486.74156 20.067 0.120 4.40 308.0
2456487.82272 19.923 0.149 5.90 489.0
2456490.62526 19.986 0.115 4.30 367.0
2456496.53075 19.935 0.177 5.15 740.0
2456498.56160 19.958 0.100 3.70 431.0
2456500.65317 20.124 0.226 7.50 354.0
2456505.47856 19.691 0.118 5.83 394.0
2456507.62928 19.614 0.111 6.30 328.0
2456509.58667 19.942 0.082 3.49 287.0
2456510.75200 20.435 0.288 7.16 428.0
2456514.73329 19.546 0.077 4.36 379.0
2456518.58197 20.261 0.130 3.69 354.0
2456523.55767 20.198 0.156 3.72 542.0
2456525.57475 19.952 0.184 5.40 592.0
2456531.54002 20.219 0.150 5.37 310.0
2456534.51177 20.136 0.160 5.01 389.0
2456539.48358 19.934 0.132 5.44 365.0
2456544.52363 20.252 0.215 6.10 302.0
2456559.55533 20.308 0.182 5.08 396.0
2456563.55152 20.327 0.241 6.54 332.0
2456569.56875 19.937 0.135 5.56 344.0
2456572.54633 20.624 0.258 4.96 383.0
2456581.52553 20.073 0.203 5.69 562.0
2456701.86215 20.431 0.189 4.18 594.0
2456708.87002 19.804 0.107 4.20 520.0
2456711.89273 20.256 0.181 4.22 763.0
2456726.84305 20.148 0.134 4.26 419.0
2456728.84795 20.047 0.098 4.09 334.0
2456730.81813 19.799 0.145 6.12 474.0
2456732.87514 19.815 0.163 6.21 533.0
2456734.82831 20.126 0.147 4.46 527.0
2456735.91269 20.269 0.225 4.85 747.0
2456737.77822 20.034 0.137 4.61 604.0
2456741.86614 20.425 0.236 5.21 650.0
2456742.81483 20.127 0.110 4.08 353.0
2456744.91280 20.231 0.128 4.53 365.0
2456746.81565 19.675 0.087 4.96 322.0
2456748.85072 20.090 0.122 4.75 340.0
2456751.72639 19.962 0.163 6.79 347.0
2456751.74253 19.617 0.127 7.34 340.0
2456754.76358 19.977 0.146 6.12 333.0
2456756.70531 20.107 0.127 4.99 420.0
2456760.80868 20.205 0.133 4.09 427.0
2456762.75388 20.191 0.165 4.54 531.0
2456764.71970 19.548 0.101 4.49 775.0
2456765.87878 20.333 0.183 3.81 704.0
2456769.79998 20.373 0.151 4.16 421.0
2456770.90793 20.102 0.144 4.80 426.0
2456772.83038 20.360 0.121 3.60 351.0
2456774.71700 19.902 0.168 6.69 399.0
2456775.93150 20.454 0.214 4.65 547.0
2456777.91145 19.679 0.092 4.27 450.0
2456790.64052 19.815 0.161 5.19 695.0
2456791.69370 19.751 0.151 5.05 714.0
2456792.74415 20.260 0.188 3.84 819.0
2456796.79712 20.345 0.179 3.92 496.0
2456797.88709 19.959 0.237 6.18 777.0
2456803.74340 20.179 0.110 3.97 262.0
2456804.75469 19.888 0.115 4.85 323.0
2456805.81666 19.450 0.090 5.36 369.0
2456807.79961 20.013 0.174 6.23 335.0
2456808.82273 20.134 0.131 4.66 319.0
2456809.87563 19.963 0.148 5.41 408.0
2456814.71196 20.104 0.118 4.31 290.0
2456815.78815 20.103 0.138 4.57 344.0
2456816.86204 19.584 0.141 7.27 367.0
2456819.77519 20.239 0.265 5.76 706.0
2456824.63268 19.951 0.189 5.25 658.0
2456825.65542 20.058 0.144 4.61 406.0
2456826.66559 20.113 0.131 3.94 388.0
2456827.75731 19.811 0.094 4.17 341.0
2456828.80345 20.280 0.163 4.98 323.0
2456829.77762 19.954 0.136 5.63 298.0
2456830.80223 19.592 0.083 4.75 420.0
2456832.55929 20.326 0.176 4.74 344.0
2456833.62529 19.719 0.123 5.85 349.0
2456834.63232 20.084 0.176 6.03 371.0
2456835.70646 20.060 0.152 5.51 315.0
2456837.75093 20.280 0.198 5.09 481.0
2456838.75130 19.943 0.138 5.15 381.0
2456839.76714 19.857 0.140 5.45 427.0
2456840.81562 20.103 0.236 7.42 395.0
2456842.56698 19.625 0.123 5.65 445.0
2456844.59571 20.113 0.122 3.89 422.0
2456845.58413 20.033 0.134 4.40 447.0
2456847.57570 20.348 0.221 4.78 680.0
2456851.53966 20.017 0.181 4.90 751.0
2456852.46438 19.359 0.163 6.42 998.0
2456852.60119 19.914 0.160 5.12 603.0
2456855.67800 20.001 0.118 4.86 291.0
2456857.75364 20.049 0.136 5.03 349.0
2456859.57642 19.763 0.124 4.97 371.0
2456862.76401 19.712 0.125 6.02 456.0
2456864.52072 19.794 0.137 7.34 284.0
2456870.58474 20.601 0.236 5.55 302.0
2456872.73400 19.619 0.133 7.71 318.0
2456881.60303 19.640 0.133 5.66 487.0
2456883.51244 19.909 0.121 4.85 319.0
2456885.71708 20.024 0.186 7.21 407.0
2456887.62679 20.370 0.156 4.46 285.0
2456889.56130 19.634 0.086 4.84 270.0
2456890.71089 19.793 0.130 6.49 295.0
2456895.67948 20.380 0.202 5.85 323.0
2456919.56324 20.357 0.197 5.01 371.0
2456927.51396 19.620 0.173 7.56 522.0
2457066.86475 20.263 0.236 5.37 618.0
2457074.85976 20.030 0.176 5.85 422.0
2457078.87609 19.783 0.089 3.99 352.0
2457080.89831 20.080 0.165 5.00 512.0
2457083.80943 20.060 0.161 5.05 492.0
2457086.87919 19.959 0.124 3.93 505.0
2457089.79012 19.842 0.130 4.34 588.0
2457091.82125 19.539 0.098 4.71 543.0
2457098.89538 19.843 0.092 3.96 346.0
2457100.87813 19.873 0.097 3.96 362.0
2457108.82873 19.776 0.148 6.41 392.0
2457109.77673 19.847 0.115 5.27 330.0
2457110.90161 19.725 0.075 3.63 356.0
2457112.86584 19.514 0.092 5.12 398.0
2457113.86908 19.420 0.055 3.51 323.0
2457115.86737 19.448 0.065 3.64 410.0
2457116.88256 19.210 0.072 4.55 562.0
2457117.86925 19.223 0.056 3.44 526.0
2457119.91237 19.173 0.075 4.85 556.0
2457120.84509 18.906 0.056 4.41 631.0
2457125.75368 18.578 0.056 6.79 453.0
2457129.76771 17.944 0.020 4.91 320.0
2457130.92788 17.992 0.029 5.14 530.0
2457131.78181 17.752 0.016 3.90 360.0
2457132.84306 18.056 0.020 3.91 428.0
2457134.91344 18.384 0.029 4.32 396.0
2457136.77923 18.690 0.038 4.32 370.0
2457137.91634 18.858 0.075 6.86 394.0
2457139.76883 18.948 0.048 4.67 342.0
2457140.89561 19.125 0.055 4.00 429.0
2457142.73029 19.173 0.053 3.77 384.0
2457143.84084 19.204 0.059 4.17 405.0
2457145.79881 19.350 0.091 4.98 558.0
2457146.83275 19.516 0.111 4.65 800.0
2457147.85419 19.267 0.096 4.93 773.0
2457153.70296 19.866 0.096 4.15 372.0
2457154.79248 19.744 0.090 3.62 429.0
2457155.88621 19.502 0.089 4.38 459.0
2457157.81093 19.513 0.082 5.24 331.0
2457158.91169 19.965 0.159 5.16 482.0
2457160.63167 19.640 0.116 5.42 436.0
2457161.70573 19.712 0.081 3.99 366.0
2457162.76094 19.767 0.115 5.03 360.0
2457163.82657 19.790 0.103 4.46 380.0
2457165.62493 19.569 0.113 6.09 351.0
2457168.79568 19.953 0.121 4.70 349.0
2457170.59326 19.650 0.093 4.44 411.0
2457172.63934 20.028 0.162 4.87 481.0
2457173.66030 19.769 0.130 4.89 570.0
2457174.66916 19.630 0.119 4.78 645.0
2457175.68295 19.806 0.144 4.24 886.0
2457178.64554 19.856 0.122 3.88 629.0
2457179.63780 20.042 0.207 5.65 519.0
2457180.63305 20.312 0.241 5.59 438.0
2457181.62869 19.802 0.090 4.36 294.0
2457182.64612 20.047 0.119 5.28 246.0
2457183.65818 20.060 0.157 5.82 279.0
2457184.69384 20.023 0.162 6.16 294.0
2457185.72381 20.163 0.195 6.34 341.0
2457186.87582 20.374 0.233 5.40 442.0
2457187.88885 19.857 0.136 5.10 475.0
2457189.58793 20.169 0.159 5.03 352.0
2457190.64503 20.084 0.137 4.39 400.0
2457191.82598 20.025 0.170 5.93 373.0
2457194.70239 20.114 0.113 3.78 353.0
2457197.78932 19.847 0.131 5.84 310.0
2457198.81560 19.869 0.189 5.04 884.0
2457199.81576 20.250 0.137 4.04 366.0
2457200.80079 19.917 0.132 4.18 507.0
2457206.67935 20.015 0.197 4.81 797.0
2457207.69580 19.753 0.125 4.73 558.0
2457209.83068 20.020 0.242 4.85 1298.0
2457211.82084 19.563 0.120 5.40 563.0
2457217.57139 20.348 0.215 5.59 356.0
2457219.73600 19.796 0.111 4.88 361.0
2457221.48893 19.804 0.145 5.95 432.0
2457222.54439 19.974 0.147 5.57 404.0
2457223.68765 19.718 0.110 5.45 321.0
2457224.77757 19.786 0.132 5.71 384.0
2457226.68857 19.873 0.104 4.68 281.0
2457227.69950 20.070 0.137 5.09 301.0
2457228.75696 20.066 0.125 4.82 287.0
2457229.79623 19.629 0.103 4.66 487.0
2457235.68711 20.043 0.224 5.96 670.0
2457249.58882 20.211 0.180 6.28 288.0
2457252.65352 20.042 0.137 4.95 379.0
2457255.60911 19.934 0.143 5.83 343.0
2457263.51714 20.335 0.183 3.89 622.0
2457264.69639 19.481 0.117 4.86 780.0
2457267.68660 20.146 0.222 6.25 465.0
2457269.67971 19.935 0.141 5.41 389.0
2457272.53341 20.396 0.241 5.93 388.0
2457277.48337 19.992 0.155 5.59 389.0
2457281.51184 20.126 0.257 7.70 354.0
2457317.51536 19.967 0.202 6.11 622.0
