2455260.86715 15.346 0.004 4.12 615.0
2455261.80200 15.338 0.004 4.70 605.0
2455262.84044 15.341 0.006 6.47 2567.0
2455264.82510 15.343 0.004 4.74 507.0
2455264.87819 15.341 0.004 5.22 531.0
2455264.89554 15.349 0.004 4.72 578.0
2455265.80111 15.344 0.004 4.21 494.0
2455266.78918 15.349 0.004 5.38 478.0
2455267.83099 15.345 0.004 4.88 392.0
2455268.80224 15.343 0.004 5.46 403.0
2455269.79712 15.345 0.004 4.72 402.0
2455270.84149 15.344 0.004 4.67 384.0
2455271.79655 15.349 0.004 4.75 425.0
2455272.80340 15.338 0.004 5.31 383.0
2455273.85801 15.353 0.004 5.01 370.0
2455274.80674 15.345 0.004 5.70 398.0
2455275.79249 15.353 0.004 4.93 535.0
2455276.82739 15.349 0.004 4.21 372.0
2455277.79353 15.347 0.004 5.48 420.0
2455278.80358 15.345 0.004 5.12 405.0
2455279.80483 15.349 0.004 5.66 392.0
2455280.85638 15.351 0.003 3.58 405.0
2455281.79132 15.341 0.004 4.52 425.0
2455282.77183 15.344 0.004 4.77 606.0
2455282.91667 15.345 0.004 3.83 875.0
2455283.77297 15.349 0.004 5.32 617.0
2455284.77498 15.347 0.004 4.13 726.0
2455285.77068 15.341 0.004 4.61 839.0
2455285.90009 15.347 0.004 4.81 632.0
2455286.76186 15.344 0.004 4.69 797.0
2455287.83149 15.343 0.004 3.82 642.0
2455288.76484 15.348 0.004 4.34 753.0
2455292.83500 15.347 0.005 4.14 2208.0
2455293.84293 15.347 0.004 4.40 408.0
2455294.76337 15.348 0.004 4.36 365.0
2455295.76486 15.338 0.004 4.88 337.0
2455296.80845 15.336 0.003 4.26 348.0
2455297.83963 15.349 0.003 4.16 339.0
2455298.87880 15.345 0.003 3.85 362.0
2455299.86276 15.348 0.003 4.70 335.0
2455301.79151 15.345 0.003 4.47 380.0
2455304.75277 15.341 0.004 5.77 521.0
2455306.72452 15.341 0.003 4.06 405.0
2455307.75257 15.348 0.004 4.96 423.0
2455308.74267 15.341 0.004 5.02 403.0
2455309.81390 15.348 0.004 4.09 367.0
2455310.79144 15.346 0.004 4.59 377.0
2455311.89757 15.355 0.004 5.10 436.0
2455312.88846 15.345 0.004 5.30 438.0
2455313.91468 15.349 0.004 4.95 655.0
2455314.86284 15.344 0.004 4.87 814.0
2455315.78834 15.344 0.004 4.18 811.0
2455316.74436 15.341 0.004 5.79 843.0
2455319.88836 15.340 0.006 4.05 4561.0
2455320.78225 15.349 0.004 4.91 604.0
2455321.72915 15.340 0.004 4.25 509.0
2455321.92324 15.343 0.004 5.23 608.0
2455322.89787 15.362 0.003 4.21 1454.0
2455323.84069 15.347 0.004 4.44 557.0
2455325.68896 15.352 0.004 4.41 402.0
2455325.88922 15.346 0.004 4.74 450.0
2455326.81397 15.349 0.003 3.91 389.0
2455327.76112 15.344 0.004 4.35 351.0
2455328.62459 15.342 0.003 4.00 528.0
2455328.88438 15.342 0.004 4.09 458.0
2455334.81019 15.347 0.004 4.67 382.0
2455335.77608 15.346 0.004 5.90 400.0
2455336.84752 15.344 0.004 4.69 439.0
2455337.87531 15.345 0.004 5.81 538.0
2455338.90356 15.343 0.004 7.15 598.0
2455339.90938 15.349 0.005 7.70 745.0
2455340.85089 15.341 0.004 6.00 603.0
2455341.74568 15.348 0.004 4.37 549.0
2455342.61047 15.345 0.004 5.62 867.0
2455342.80606 15.348 0.004 4.96 707.0
2455343.63038 15.344 0.004 5.35 1035.0
2455343.82328 15.351 0.004 4.71 872.0
2455348.77064 15.344 0.004 4.87 460.0
2455349.60718 15.356 0.004 7.25 657.0
2455350.65940 15.339 0.004 6.78 443.0
2455351.74987 15.342 0.004 4.81 487.0
2455352.76551 15.345 0.004 4.15 424.0
2455353.73318 15.348 0.004 4.10 389.0
2455354.67847 15.354 0.004 4.87 381.0
2455355.61945 15.349 0.004 6.34 480.0
2455357.61719 15.344 0.004 6.42 468.0
2455358.76528 15.333 0.004 5.51 411.0
2455359.63867 15.345 0.004 5.45 425.0
2455359.87436 15.348 0.004 6.24 574.0
2455362.80509 15.347 0.004 6.43 483.0
2455364.76988 15.343 0.004 5.74 378.0
2455364.88739 15.347 0.004 6.62 404.0
2455365.84589 15.344 0.004 5.60 471.0
2455369.80254 15.341 0.004 5.36 979.0
2455376.77746 15.352 0.004 4.73 636.0
2455377.70479 15.348 0.004 4.97 437.0
2455378.54119 15.348 0.003 4.41 447.0
2455378.82930 15.348 0.004 5.16 517.0
2455379.74585 15.345 0.003 3.89 405.0
2455380.56010 15.338 0.003 4.87 314.0
2455380.82785 15.353 0.004 6.40 489.0
2455381.70297 15.344 0.004 5.94 398.0
2455382.56654 15.346 0.005 8.06 427.0
2455382.77333 15.349 0.005 8.69 438.0
2455385.56927 15.351 0.003 3.38 371.0
2455386.50175 15.344 0.003 4.05 667.0
2455386.58386 15.341 0.003 3.99 514.0
2455386.66813 15.342 0.003 4.52 424.0
2455386.79862 15.343 0.003 4.52 344.0
2455387.78239 15.343 0.003 4.38 323.0
2455388.71571 15.339 0.003 4.62 248.0
2455389.58574 15.342 0.003 4.74 297.0
2455390.56787 15.341 0.004 6.57 337.0
2455390.82477 15.345 0.004 6.38 295.0
2455391.81073 15.343 0.004 4.86 446.0
2455392.70623 15.343 0.004 5.63 307.0
2455393.71913 15.339 0.004 7.02 330.0
2455396.61586 15.339 0.004 5.53 395.0
2455397.67859 15.346 0.004 6.88 396.0
2455402.68351 15.349 0.007 6.73 2977.0
2455403.65106 15.340 0.004 4.30 776.0
2455404.52218 15.344 0.004 4.77 552.0
2455404.71944 15.353 0.004 5.25 607.0
2455405.73506 15.349 0.004 4.48 505.0
2455407.58873 15.347 0.004 5.92 341.0
2455408.50459 15.354 0.004 5.77 393.0
2455408.71171 15.342 0.004 5.72 422.0
2455409.66836 15.342 0.003 4.45 325.0
2455410.67178 15.345 0.004 5.70 334.0
2455411.70732 15.348 0.003 4.34 318.0
2455412.64542 15.350 0.004 5.58 403.0
2455413.70023 15.343 0.004 5.66 281.0
2455414.74719 15.355 0.003 5.03 384.0
2455418.61423 15.345 0.003 5.10 284.0
2455421.64272 15.340 0.004 5.68 296.0
2455422.71880 15.348 0.003 4.86 316.0
2455425.55186 15.344 0.003 4.39 366.0
2455430.55173 15.346 0.004 4.77 627.0
2455431.54698 15.354 0.004 4.33 528.0
2455434.51134 15.343 0.004 6.27 467.0
2455435.48296 15.344 0.004 5.62 438.0
2455436.48090 15.340 0.004 6.35 432.0
2455438.51618 15.347 0.004 5.40 407.0
2455439.58436 15.341 0.004 5.99 380.0
2455443.59862 15.348 0.004 5.94 389.0
2455444.62391 15.341 0.004 6.29 402.0
2455446.50561 15.345 0.003 4.79 383.0
2455447.52211 15.347 0.004 5.73 374.0
2455448.62047 15.345 0.004 4.42 377.0
2455450.53453 15.356 0.004 6.61 383.0
2455451.66433 15.357 0.003 5.39 386.0
2455457.55991 15.352 0.003 4.08 500.0
2455458.59005 15.343 0.004 5.46 601.0
2455459.62119 15.353 0.004 5.18 649.0
2455461.50331 15.346 0.004 5.43 687.0
2455462.51816 15.342 0.004 4.74 527.0
2455465.52427 15.342 0.004 6.99 412.0
2455467.50410 15.347 0.004 4.93 445.0
2455468.57762 15.349 0.004 6.68 436.0
2455470.52849 15.351 0.004 4.65 422.0
2455471.53583 15.339 0.004 5.77 371.0
2455471.60059 15.344 0.004 4.97 412.0
2455472.56727 15.344 0.004 5.05 456.0
2455473.51741 15.348 0.004 5.84 432.0
2455476.50696 15.348 0.004 4.83 430.0
2455478.49507 15.348 0.004 4.91 441.0
2455479.52266 15.340 0.003 6.01 461.0
2455480.51892 15.346 0.004 5.66 462.0
2455481.48774 15.351 0.005 6.06 1300.0
2455485.53459 15.353 0.004 5.07 645.0
2455486.52093 15.348 0.004 4.78 646.0
2455487.50391 15.343 0.003 3.96 569.0
2455488.48785 15.348 0.005 5.05 1532.0
2455488.55413 15.349 0.004 5.96 759.0
2455490.54080 15.339 0.005 6.38 766.0
2455492.53758 15.355 0.005 6.45 939.0
2455495.49118 15.354 0.004 4.38 1574.0
2455497.49388 15.344 0.005 5.86 1729.0
2455499.49830 15.350 0.005 6.83 1122.0
2455502.51049 15.348 0.004 5.24 626.0
2455599.88395 15.349 0.004 4.73 759.0
2455600.87453 15.343 0.003 4.40 485.0
2455616.89161 15.354 0.004 6.12 579.0
2455622.89088 15.346 0.003 4.02 325.0
2455625.82454 15.351 0.003 5.45 393.0
2455627.81749 15.350 0.004 5.86 371.0
2455628.90066 15.343 0.003 4.93 364.0
2455629.82804 15.333 0.004 6.00 346.0
2455631.85673 15.349 0.003 5.77 388.0
2455632.90734 15.342 0.004 4.93 639.0
2455633.81182 15.340 0.003 4.48 403.0
2455634.80557 15.341 0.003 6.01 367.0
2455637.84084 15.348 0.004 7.65 509.0
2455639.80502 15.344 0.004 5.76 596.0
2455639.88053 15.349 0.003 4.78 479.0
2455640.77773 15.336 0.004 6.50 724.0
2455640.85414 15.343 0.004 5.83 561.0
2455641.76908 15.345 0.004 5.51 661.0
2455641.89388 15.336 0.003 5.83 495.0
2455642.83341 15.347 0.004 5.16 603.0
2455643.76020 15.345 0.004 5.25 730.0
2455643.85824 15.342 0.003 4.10 595.0
2455644.76410 15.341 0.005 6.42 2168.0
2455644.87908 15.350 0.003 5.01 591.0
2455648.74991 15.349 0.004 7.21 391.0
2455648.85646 15.345 0.003 5.08 360.0
2455649.75573 15.344 0.003 6.21 311.0
2455649.86237 15.356 0.003 5.01 310.0
2455650.74780 15.347 0.003 5.55 335.0
2455650.84923 15.346 0.003 5.01 322.0
2455651.76846 15.348 0.003 5.61 337.0
2455651.88186 15.347 0.003 5.63 346.0
2455652.81005 15.343 0.003 3.83 300.0
2455653.77850 15.352 0.003 4.23 327.0
2455654.78147 15.356 0.003 5.20 349.0
2455654.87162 15.339 0.003 4.94 311.0
2455655.78280 15.346 0.003 5.37 382.0
2455655.86561 15.340 0.003 4.63 321.0
2455656.81685 15.347 0.003 4.32 384.0
2455657.77922 15.353 0.003 3.93 353.0
2455657.86335 15.342 0.003 5.17 342.0
2455658.77442 15.353 0.004 6.53 461.0
2455658.87122 15.344 0.003 5.21 307.0
2455659.72803 15.344 0.003 5.35 374.0
2455659.80489 15.338 0.003 4.98 341.0
2455659.89389 15.341 0.003 4.72 315.0
2455660.77749 15.348 0.003 5.69 314.0
2455660.87651 15.347 0.004 6.18 315.0
2455662.76959 15.356 0.004 6.33 372.0
2455662.86960 15.346 0.003 4.51 407.0
2455663.77220 15.363 0.003 5.47 377.0
2455664.81546 15.349 0.003 5.05 369.0
2455664.91953 15.341 0.003 5.29 417.0
2455665.80211 15.351 0.003 4.85 307.0
2455665.91395 15.345 0.003 4.40 356.0
2455667.88010 15.341 0.003 4.52 366.0
2455668.88848 15.351 0.003 3.96 1162.0
2455669.87834 15.341 0.003 4.40 608.0
2455670.85615 15.351 0.004 4.50 674.0
2455675.73566 15.341 0.003 4.41 553.0
2455675.92599 15.347 0.004 5.08 615.0
2455676.82905 15.340 0.003 4.34 356.0
2455677.77836 15.347 0.003 4.92 382.0
2455679.69916 15.351 0.004 5.81 392.0
2455679.88491 15.340 0.003 4.39 384.0
2455680.77322 15.347 0.003 5.33 353.0
2455681.67655 15.344 0.004 5.58 427.0
2455681.85999 15.340 0.004 6.53 422.0
2455682.75199 15.352 0.003 4.74 384.0
2455683.69899 15.339 0.003 4.90 409.0
2455683.92080 15.343 0.003 4.17 434.0
2455684.83447 15.350 0.003 5.14 375.0
2455685.80774 15.340 0.003 3.68 336.0
2455686.71848 15.343 0.003 4.92 389.0
2455686.90419 15.348 0.004 5.68 414.0
2455687.79641 15.341 0.003 5.54 360.0
2455689.70224 15.346 0.003 4.72 370.0
2455690.70623 15.342 0.003 4.94 316.0
2455691.62538 15.350 0.004 7.19 682.0
2455691.84135 15.345 0.003 4.98 407.0
2455692.74405 15.337 0.003 5.16 396.0
2455692.89877 15.349 0.003 4.74 574.0
2455693.76785 15.349 0.003 3.89 401.0
2455693.92414 15.347 0.004 5.39 616.0
2455694.76842 15.350 0.003 4.56 478.0
2455694.92746 15.352 0.004 6.06 512.0
2455695.81537 15.343 0.003 4.09 507.0
2455696.62010 15.345 0.004 6.91 757.0
2455696.79960 15.345 0.003 4.41 491.0
2455697.62940 15.336 0.004 5.25 761.0
2455697.80700 15.346 0.003 4.33 639.0
2455698.63461 15.355 0.004 4.93 1199.0
2455698.80413 15.341 0.004 4.52 938.0
2455703.73295 15.349 0.004 7.10 544.0
2455705.76916 15.341 0.004 5.73 404.0
2455706.66051 15.340 0.004 7.92 348.0
2455707.60458 15.348 0.004 5.79 431.0
2455707.77798 15.343 0.003 5.07 443.0
2455708.57738 15.333 0.004 7.49 559.0
2455708.77151 15.347 0.003 5.56 355.0
2455709.61385 15.346 0.003 6.81 361.0
2455709.62651 15.352 0.003 5.92 350.0
2455712.67182 15.342 0.003 5.32 407.0
2455712.68442 15.340 0.003 4.97 395.0
2455712.84553 15.346 0.003 5.59 418.0
2455713.86145 15.341 0.003 6.25 410.0
2455715.62142 15.349 0.003 4.78 353.0
2455715.80642 15.337 0.003 4.73 340.0
2455716.69208 15.351 0.003 5.56 317.0
2455716.86902 15.345 0.004 6.19 375.0
2455721.78100 15.344 0.003 4.86 391.0
2455722.59222 15.340 0.003 4.03 483.0
2455722.80648 15.338 0.003 4.32 474.0
2455723.68532 15.346 0.003 5.58 392.0
2455723.84308 15.351 0.003 4.94 394.0
2455724.72502 15.341 0.003 5.08 440.0
2455725.63328 15.350 0.003 4.76 528.0
2455726.54970 15.335 0.004 6.01 935.0
2455726.72852 15.339 0.004 4.01 2283.0
2455734.70665 15.342 0.004 7.23 470.0
2455734.89047 15.341 0.004 7.42 588.0
2455735.83892 15.350 0.004 5.54 467.0
2455736.57962 15.353 0.003 5.00 440.0
2455736.78865 15.345 0.003 4.29 362.0
2455737.57750 15.341 0.003 4.24 374.0
2455737.76646 15.342 0.003 4.81 313.0
2455738.60577 15.344 0.003 5.70 331.0
2455739.69032 15.338 0.003 5.32 289.0
2455739.86424 15.349 0.004 6.35 442.0
2455740.66640 15.346 0.003 6.16 333.0
2455740.84980 15.347 0.004 6.51 464.0
2455741.61983 15.342 0.003 4.64 309.0
2455741.79908 15.340 0.003 4.44 347.0
2455742.55190 15.349 0.003 4.73 551.0
2455742.73235 15.341 0.003 4.08 321.0
2455743.60438 15.341 0.004 6.33 419.0
2455743.78155 15.349 0.004 5.44 397.0
2455744.53928 15.343 0.004 6.44 464.0
2455744.75166 15.342 0.003 5.47 317.0
2455745.52879 15.333 0.004 6.74 398.0
2455745.71484 15.351 0.003 5.26 358.0
2455746.54554 15.343 0.003 7.16 572.0
2455746.74291 15.352 0.004 6.08 327.0
2455747.63219 15.340 0.004 7.10 341.0
2455748.60784 15.347 0.003 5.44 460.0
2455749.57898 15.348 0.004 6.40 356.0
2455749.74593 15.350 0.004 6.41 337.0
2455752.63900 15.341 0.004 5.76 536.0
2455753.52508 15.359 0.006 7.09 2982.0
2455753.78874 15.349 0.004 6.71 826.0
2455759.84013 15.335 0.004 6.32 884.0
2455760.51863 15.347 0.004 6.66 476.0
2455760.72619 15.345 0.004 5.71 521.0
2455761.53716 15.356 0.003 4.29 335.0
2455762.57839 15.345 0.004 5.51 394.0
2455762.73475 15.347 0.004 5.89 439.0
2455763.80025 15.350 0.004 6.88 559.0
2455764.62875 15.345 0.003 4.31 327.0
2455765.49821 15.350 0.003 4.85 490.0
2455765.69350 15.343 0.003 5.63 417.0
2455766.56447 15.351 0.003 5.47 325.0
2455766.73990 15.347 0.004 6.47 309.0
2455767.63520 15.350 0.004 6.38 392.0
2455768.48959 15.344 0.003 5.30 398.0
2455768.68143 15.346 0.003 4.83 329.0
2455769.51324 15.351 0.003 4.95 397.0
2455769.72707 15.342 0.003 5.41 360.0
2455775.59649 15.349 0.004 6.47 310.0
2455776.65015 15.341 0.004 6.53 313.0
2455777.57821 15.351 0.003 5.69 364.0
2455778.50637 15.346 0.004 6.60 473.0
2455779.64514 15.346 0.003 4.93 359.0
2455783.56734 15.356 0.004 4.44 2179.0
2455784.59134 15.338 0.003 4.39 641.0
2455785.67072 15.354 0.004 5.33 675.0
2455786.61639 15.346 0.004 4.96 580.0
2455787.65076 15.343 0.003 4.63 579.0
2455788.57183 15.351 0.004 6.02 474.0
2455788.73470 15.355 0.004 7.39 662.0
2455790.63010 15.343 0.004 6.53 417.0
2455791.52757 15.346 0.003 5.54 395.0
2455793.48271 15.348 0.004 6.69 402.0
2455793.54821 15.347 0.003 4.98 348.0
2455793.60289 15.347 0.003 5.83 348.0
2455793.63882 15.351 0.004 6.02 357.0
2455793.69601 15.348 0.004 6.23 416.0
2455793.73036 15.342 0.004 6.89 448.0
2455794.48567 15.342 0.004 6.75 373.0
2455794.53988 15.341 0.003 5.96 324.0
2455794.63591 15.343 0.003 5.48 359.0
2455795.53036 15.338 0.004 7.19 352.0
2455796.50366 15.335 0.003 5.56 395.0
2455796.69562 15.343 0.004 6.88 432.0
2455801.61212 15.338 0.004 6.31 337.0
2455802.64489 15.341 0.004 7.18 356.0
2455804.59789 15.336 0.003 4.71 342.0
2455805.55963 15.346 0.003 4.21 329.0
2455806.55677 15.360 0.004 6.94 454.0
2455812.50025 15.346 0.004 6.46 657.0
2455812.65944 15.349 0.005 6.59 1015.0
2455813.64111 15.341 0.003 4.93 648.0
2455815.61881 15.347 0.003 4.05 627.0
2455816.59033 15.342 0.004 5.50 596.0
2455817.59219 15.360 0.004 5.22 545.0
2455818.57243 15.355 0.004 5.27 526.0
2455819.58073 15.344 0.003 5.26 528.0
2455820.55879 15.341 0.003 5.10 452.0
2455822.52844 15.347 0.004 6.85 340.0
2455822.61690 15.346 0.003 5.02 375.0
2455823.54832 15.346 0.004 6.90 418.0
2455823.63235 15.354 0.004 7.27 464.0
2455824.56991 15.349 0.003 5.51 368.0
2455825.49071 15.348 0.004 6.30 480.0
2455825.58656 15.347 0.003 5.13 468.0
2455826.50974 15.345 0.004 6.63 410.0
2455826.59793 15.345 0.004 6.19 485.0
2455827.53580 15.353 0.004 6.30 527.0
2455827.61621 15.350 0.004 6.38 474.0
2455828.54917 15.344 0.003 4.45 371.0
2455828.62156 15.354 0.003 5.38 477.0
2455829.55996 15.340 0.003 5.26 448.0
2455830.48589 15.344 0.003 4.59 442.0
2455830.57288 15.354 0.003 5.91 402.0
2455831.54506 15.336 0.003 5.41 407.0
2455831.61817 15.333 0.004 7.69 476.0
2455832.56806 15.350 0.003 5.58 455.0
2455833.52635 15.351 0.003 4.83 392.0
2455833.60384 15.354 0.004 6.77 432.0
2455834.56331 15.349 0.003 5.35 407.0
2455835.54673 15.345 0.004 6.73 469.0
2455836.54238 15.335 0.004 5.25 856.0
2455839.48892 15.348 0.004 6.22 666.0
2455839.56779 15.355 0.004 5.66 671.0
2455840.51879 15.334 0.004 5.34 561.0
2455840.61312 15.348 0.004 5.21 694.0
2455841.54169 15.347 0.004 5.89 652.0
2455842.49785 15.355 0.005 8.33 602.0
2455842.59032 15.338 0.004 6.20 701.0
2455843.54459 15.344 0.004 6.10 549.0
2455844.48826 15.348 0.004 6.60 775.0
2455844.56918 15.354 0.004 6.10 675.0
2455845.53016 15.345 0.004 7.47 648.0
2455846.49074 15.349 0.005 6.80 882.0
2455846.57114 15.350 0.005 7.77 907.0
2455847.54658 15.356 0.005 7.72 750.0
2455850.51773 15.352 0.004 5.76 506.0
2455850.57755 15.349 0.003 5.09 498.0
2455851.55744 15.349 0.004 6.38 449.0
2455852.50865 15.344 0.004 6.38 649.0
2455854.49802 15.351 0.004 6.25 668.0
2455854.56164 15.346 0.005 7.80 717.0
2455855.55657 15.340 0.004 5.55 614.0
2455857.50059 15.356 0.005 8.11 605.0
2455859.50934 15.353 0.004 5.72 582.0
2455860.52483 15.355 0.004 6.60 552.0
2455861.53737 15.354 0.004 7.24 577.0
2455866.51375 15.335 0.005 6.50 1018.0
2455867.51726 15.344 0.004 4.87 734.0
2455868.51826 15.348 0.004 6.64 726.0
2455869.50919 15.350 0.004 5.49 795.0
2455870.51485 15.350 0.004 5.80 806.0
2455970.87732 15.347 0.003 5.93 550.0
2455976.85662 15.340 0.003 6.36 375.0
2455977.84866 15.351 0.003 5.79 504.0
2455978.86684 15.352 0.003 5.99 383.0
2455979.87129 15.357 0.003 5.80 416.0
2455982.81857 15.348 0.003 6.04 409.0
2455983.82067 15.340 0.004 7.11 463.0
2455984.82003 15.342 0.003 6.29 412.0
2455984.90128 15.343 0.004 4.72 975.0
2455985.87600 15.348 0.003 4.48 369.0
2455986.85723 15.350 0.003 5.24 385.0
2455987.83359 15.342 0.003 5.33 452.0
2455988.82091 15.351 0.003 5.82 434.0
2455989.80639 15.353 0.004 7.75 364.0
2455989.88436 15.337 0.003 6.38 319.0
2455990.85047 15.354 0.003 6.12 364.0
2455991.82511 15.347 0.003 5.03 407.0
2455992.79735 15.347 0.004 6.45 598.0
2455992.88417 15.344 0.003 4.68 353.0
2455993.86342 15.346 0.004 6.38 468.0
2455994.83232 15.348 0.003 4.50 671.0
2455995.78905 15.334 0.003 4.32 722.0
2455995.84658 15.336 0.003 4.64 561.0
2455996.80017 15.345 0.003 5.10 557.0
2455996.88449 15.352 0.003 4.05 442.0
2455997.83160 15.345 0.003 5.47 498.0
2455998.78230 15.348 0.004 6.10 566.0
2455998.87256 15.345 0.003 4.56 452.0
2455999.80480 15.343 0.003 5.09 545.0
2455999.89170 15.344 0.003 4.13 460.0
2456003.88852 15.345 0.003 5.54 459.0
2456004.82144 15.350 0.003 5.07 423.0
2456004.90763 15.345 0.003 4.20 483.0
2456005.83146 15.348 0.003 5.84 356.0
2456006.76388 15.339 0.003 5.24 364.0
2456006.86655 15.348 0.003 4.44 328.0
2456007.76990 15.340 0.003 5.44 334.0
2456007.86534 15.348 0.003 4.45 292.0
2456008.76350 15.340 0.003 5.33 422.0
2456008.86082 15.345 0.003 4.99 353.0
2456009.76113 15.343 0.003 5.50 422.0
2456009.86108 15.340 0.003 4.53 396.0
2456010.75413 15.341 0.003 5.32 537.0
2456010.85479 15.340 0.003 4.24 353.0
2456011.73879 15.341 0.003 6.34 464.0
2456011.85101 15.347 0.003 4.38 699.0
2456012.75240 15.348 0.003 6.25 328.0
2456012.84957 15.347 0.003 5.10 285.0
2456013.75590 15.349 0.003 6.40 334.0
2456013.83476 15.339 0.003 5.24 296.0
2456014.73199 15.344 0.003 6.15 386.0
2456014.80890 15.341 0.003 4.46 317.0
2456014.90831 15.351 0.003 5.46 329.0
2456015.78712 15.344 0.003 4.23 308.0
2456015.87543 15.340 0.003 4.10 294.0
2456016.76874 15.344 0.003 4.37 355.0
2456016.87184 15.336 0.003 4.32 329.0
2456017.75677 15.347 0.003 4.48 349.0
2456017.83416 15.343 0.003 3.57 297.0
2456018.82255 15.349 0.003 4.94 308.0
2456019.72321 15.340 0.003 6.02 443.0
2456019.81962 15.340 0.003 4.96 311.0
2456019.89669 15.344 0.003 4.01 300.0
2456020.75549 15.347 0.003 5.19 384.0
2456020.84977 15.345 0.003 3.89 294.0
2456021.71134 15.334 0.004 6.84 548.0
2456021.78831 15.350 0.003 5.33 412.0
2456021.88540 15.344 0.003 4.13 343.0
2456022.73687 15.346 0.003 4.98 545.0
2456022.81340 15.343 0.003 3.93 441.0
2456022.91313 15.346 0.003 4.59 353.0
2456023.77077 15.336 0.003 4.18 566.0
2456023.85151 15.341 0.003 4.29 508.0
2456024.72743 15.354 0.004 5.82 696.0
2456024.82896 15.337 0.003 4.20 548.0
2456024.91992 15.348 0.003 4.22 742.0
2456025.70305 15.340 0.004 6.66 776.0
2456025.78111 15.348 0.004 6.10 586.0
2456025.88530 15.354 0.004 5.21 548.0
2456029.90937 15.349 0.003 4.96 500.0
2456031.76911 15.340 0.003 5.91 396.0
2456032.69793 15.355 0.004 6.45 489.0
2456032.87773 15.342 0.003 4.10 352.0
2456033.81580 15.343 0.003 5.46 364.0
2456034.75565 15.352 0.003 4.59 349.0
2456035.89898 15.346 0.003 5.38 384.0
2456036.88070 15.344 0.003 3.53 399.0
2456037.85262 15.348 0.003 3.98 409.0
2456038.80217 15.346 0.003 4.79 342.0
2456039.79299 15.347 0.003 5.60 364.0
2456040.77948 15.342 0.003 5.44 356.0
2456041.72625 15.340 0.004 7.23 388.0
2456041.91623 15.348 0.003 4.07 425.0
2456047.69583 15.351 0.003 5.61 386.0
2456047.88695 15.351 0.003 4.45 448.0
2456048.81489 15.332 0.003 5.30 308.0
2456049.73527 15.347 0.003 4.33 403.0
2456049.91590 15.349 0.003 4.41 399.0
2456050.82062 15.348 0.003 4.34 463.0
2456051.74342 15.347 0.003 4.58 487.0
2456052.80434 15.338 0.003 4.30 555.0
2456053.66077 15.344 0.004 5.10 1109.0
2456053.84955 15.346 0.003 4.02 772.0
2456058.69290 15.341 0.003 6.03 413.0
2456058.86362 15.344 0.003 4.87 451.0
2456059.74930 15.339 0.003 5.61 378.0
2456059.92608 15.347 0.003 4.67 435.0
2456061.82761 15.345 0.003 4.68 413.0
2456062.69689 15.345 0.003 5.78 465.0
2456062.87571 15.350 0.003 4.55 531.0
2456063.84484 15.345 0.003 5.41 354.0
2456064.77748 15.345 0.003 3.32 392.0
2456065.62173 15.343 0.003 4.97 488.0
2456065.80240 15.346 0.003 4.38 434.0
2456066.71519 15.344 0.003 4.59 410.0
2456066.90041 15.349 0.003 3.81 445.0
2456067.70220 15.346 0.003 3.90 352.0
2456067.88017 15.352 0.003 3.62 455.0
2456068.71407 15.346 0.003 4.44 336.0
2456068.93338 15.352 0.003 5.25 522.0
2456069.67904 15.340 0.003 4.71 351.0
2456069.86998 15.333 0.003 3.40 343.0
2456070.66658 15.348 0.003 5.29 388.0
2456070.84316 15.340 0.003 4.86 355.0
2456071.82234 15.351 0.003 4.73 348.0
2456075.62373 15.347 0.003 4.12 336.0
2456075.80610 15.344 0.003 3.78 308.0
2456076.83838 15.354 0.003 5.50 380.0
2456077.77676 15.347 0.003 5.45 331.0
2456078.59908 15.356 0.003 4.90 527.0
2456078.77728 15.341 0.003 3.69 471.0
2456079.57488 15.344 0.003 4.59 553.0
2456079.76365 15.345 0.003 4.16 405.0
2456079.93315 15.352 0.003 4.69 499.0
2456080.70895 15.348 0.003 4.43 476.0
2456080.88581 15.347 0.003 5.85 474.0
2456081.65895 15.345 0.003 5.34 591.0
2456081.84009 15.345 0.003 3.97 611.0
2456082.65073 15.344 0.004 6.72 916.0
2456082.85438 15.339 0.004 5.95 1098.0
2456085.66317 15.342 0.003 4.05 1080.0
2456085.82606 15.348 0.004 5.68 594.0
2456086.59916 15.341 0.003 5.13 480.0
2456086.78265 15.342 0.003 4.95 429.0
2456087.57816 15.339 0.003 5.69 312.0
2456087.86228 15.362 0.004 5.67 989.0
2456089.63051 15.351 0.003 4.18 430.0
2456089.81882 15.344 0.003 4.98 465.0
2456092.66510 15.358 0.003 5.76 331.0
2456093.57981 15.347 0.003 5.51 358.0
2456093.77967 15.344 0.004 6.73 341.0
2456094.63055 15.342 0.003 5.49 407.0
2456094.80336 15.348 0.003 5.26 410.0
2456096.62120 15.337 0.003 5.78 328.0
2456096.81582 15.346 0.003 5.78 415.0
2456097.75231 15.341 0.004 7.24 352.0
2456097.90545 15.352 0.004 6.18 544.0
2456098.71339 15.339 0.003 6.58 349.0
2456098.88061 15.343 0.003 5.75 506.0
2456100.57302 15.351 0.003 6.22 392.0
2456100.74978 15.346 0.003 5.01 386.0
2456101.52663 15.350 0.003 5.32 486.0
2456101.68024 15.337 0.003 4.11 351.0
2456102.66324 15.341 0.003 4.57 379.0
2456102.82125 15.348 0.003 5.19 448.0
2456103.57179 15.347 0.003 5.04 427.0
2456103.75084 15.344 0.003 4.91 378.0
2456104.57039 15.345 0.003 3.94 428.0
2456104.73546 15.346 0.003 3.80 338.0
2456105.48696 15.349 0.004 7.53 587.0
2456105.68353 15.341 0.003 4.83 315.0
2456106.69776 15.347 0.003 6.09 615.0
2456108.67485 15.349 0.003 4.81 472.0
2456108.83700 15.347 0.003 4.39 502.0
2456109.66674 15.344 0.004 4.62 1062.0
2456109.82767 15.344 0.004 5.63 706.0
2456113.62973 15.345 0.003 5.35 686.0
2456113.78791 15.345 0.003 4.12 750.0
2456114.63859 15.350 0.004 6.05 520.0
2456114.81056 15.351 0.003 4.95 624.0
2456115.57408 15.338 0.003 5.03 479.0
2456115.80378 15.343 0.004 6.97 419.0
2456116.62516 15.342 0.003 4.39 346.0
2456116.80003 15.353 0.003 5.26 386.0
2456117.59326 15.342 0.003 4.04 351.0
2456117.77280 15.354 0.003 4.57 445.0
2456118.54651 15.343 0.003 4.48 354.0
2456118.73508 15.346 0.003 4.25 319.0
2456119.50910 15.343 0.004 6.70 344.0
2456119.68780 15.336 0.003 5.10 286.0
2456120.52378 15.350 0.004 6.00 385.0
2456120.71866 15.342 0.003 6.14 269.0
2456121.51555 15.344 0.003 4.62 327.0
2456123.55409 15.343 0.003 5.47 342.0
2456123.72941 15.346 0.003 6.29 264.0
2456124.52748 15.345 0.003 5.24 364.0
2456124.73797 15.343 0.003 4.88 346.0
2456125.54150 15.335 0.003 5.73 346.0
2456125.74538 15.348 0.003 4.86 307.0
2456126.57637 15.342 0.004 7.35 288.0
2456127.47906 15.340 0.004 6.30 489.0
2456127.75502 15.350 0.003 6.35 273.0
2456128.68259 15.347 0.003 4.87 347.0
2456131.55281 15.333 0.003 6.26 292.0
2456132.55506 15.349 0.003 5.47 321.0
2456133.53898 15.342 0.004 6.93 356.0
2456133.74199 15.350 0.003 5.76 344.0
2456134.66172 15.336 0.004 6.64 331.0
2456135.64106 15.352 0.004 7.69 381.0
2456136.48852 15.340 0.004 6.91 507.0
2456140.62279 15.342 0.004 5.21 725.0
2456141.64473 15.348 0.003 5.38 609.0
2456142.49277 15.353 0.004 7.11 544.0
2456147.50613 15.343 0.003 6.46 319.0
2456147.70395 15.348 0.004 7.30 317.0
2456148.64011 15.344 0.003 4.57 283.0
2456150.48438 15.346 0.004 6.61 344.0
2456150.67980 15.351 0.003 6.43 314.0
2456151.66221 15.343 0.003 5.61 297.0
2456152.53882 15.342 0.003 6.36 282.0
2456154.48712 15.340 0.003 5.61 379.0
2456154.72282 15.348 0.003 6.48 340.0
2456158.57601 15.341 0.003 6.08 361.0
2456158.73506 15.348 0.003 5.49 490.0
2456159.70199 15.355 0.003 5.31 389.0
2456160.66115 15.350 0.003 4.91 327.0
2456161.55782 15.341 0.004 6.55 306.0
2456164.55676 15.345 0.003 5.03 773.0
2456167.54005 15.341 0.003 4.32 714.0
2456168.54183 15.343 0.003 3.66 601.0
2456169.54544 15.348 0.004 6.03 543.0
2456171.49707 15.342 0.003 3.50 545.0
2456171.68826 15.352 0.003 4.95 630.0
2456172.64833 15.343 0.003 4.12 481.0
2456175.59829 15.345 0.003 4.98 445.0
2456179.51215 15.347 0.003 6.10 603.0
2456179.58959 15.349 0.004 6.64 417.0
2456180.57523 15.348 0.003 5.36 428.0
2456181.53591 15.347 0.003 4.42 462.0
2456182.53733 15.341 0.003 5.47 353.0
2456183.59534 15.340 0.003 4.03 333.0
2456184.47790 15.338 0.004 4.84 783.0
2456184.50522 15.342 0.003 4.52 354.0
2456184.52101 15.339 0.003 4.81 347.0
2456184.56500 15.346 0.003 4.13 302.0
2456184.59521 15.338 0.003 4.90 288.0
2456184.59963 15.348 0.003 5.25 292.0
2456184.63447 15.350 0.003 5.80 308.0
2456185.47510 15.337 0.003 4.20 993.0
2456185.54180 15.337 0.003 4.15 325.0
2456185.60230 15.345 0.003 4.61 335.0
2456186.55231 15.343 0.003 4.99 328.0
2456190.59018 15.344 0.003 4.20 406.0
2456191.62632 15.333 0.003 4.63 376.0
2456195.55994 15.343 0.003 5.27 567.0
2456195.63646 15.349 0.003 4.33 687.0
2456196.55696 15.345 0.003 5.01 577.0
2456196.63354 15.357 0.004 5.83 707.0
2456197.55870 15.350 0.004 6.25 588.0
2456198.56512 15.341 0.004 6.10 569.0
2456200.60000 15.354 0.004 7.22 648.0
2456201.58046 15.355 0.004 8.11 558.0
2456203.52088 15.356 0.004 6.27 439.0
2456203.61235 15.350 0.004 7.51 682.0
2456204.56376 15.345 0.003 5.34 489.0
2456205.50509 15.349 0.003 5.65 389.0
2456205.58619 15.353 0.003 5.34 365.0
2456209.58141 15.344 0.004 6.62 450.0
2456210.55720 15.343 0.003 6.71 420.0
2456211.50791 15.346 0.003 5.18 405.0
2456211.58871 15.355 0.003 5.13 423.0
2456212.50737 15.341 0.003 4.90 460.0
2456212.58278 15.347 0.003 4.64 540.0
2456213.53664 15.346 0.003 5.54 409.0
2456214.51570 15.347 0.003 5.43 389.0
2456214.57662 15.344 0.004 6.25 438.0
2456216.51646 15.350 0.003 5.45 423.0
2456216.57815 15.347 0.004 6.56 482.0
2456217.54907 15.344 0.003 4.46 389.0
2456218.52415 15.346 0.003 5.44 496.0
2456219.55574 15.356 0.003 5.23 387.0
2456221.53036 15.358 0.005 6.23 1944.0
2456221.55625 15.345 0.005 6.38 1827.0
2456223.58213 15.345 0.004 6.16 773.0
2456226.51802 15.349 0.004 7.26 660.0
2456231.52303 15.348 0.004 5.56 803.0
2456233.55194 15.357 0.004 6.60 544.0
2456238.52730 15.347 0.004 5.58 661.0
2456334.88745 15.345 0.003 5.75 538.0
2456335.86443 15.348 0.003 5.44 380.0
2456337.87723 15.349 0.004 7.00 411.0
2456338.85480 15.347 0.003 6.68 384.0
2456339.85004 15.340 0.003 5.57 365.0
2456340.86977 15.338 0.003 5.49 348.0
2456342.83704 15.330 0.004 7.04 386.0
2456343.88191 15.342 0.003 5.53 402.0
2456344.88671 15.341 0.003 4.32 357.0
2456347.82843 15.353 0.003 5.42 540.0
2456348.82349 15.342 0.003 5.31 588.0
2456349.83486 15.348 0.003 5.16 601.0
2456350.83666 15.337 0.003 5.15 529.0
2456351.83673 15.351 0.003 5.65 489.0
2456352.83607 15.343 0.003 4.78 524.0
2456353.80955 15.342 0.003 4.78 485.0
2456354.78212 15.348 0.004 6.55 641.0
2456358.83198 15.346 0.003 4.42 394.0
2456360.82346 15.341 0.003 4.28 351.0
2456361.80849 15.345 0.003 4.93 370.0
2456361.88732 15.361 0.003 5.14 332.0
2456362.87041 15.342 0.003 4.77 318.0
2456363.79875 15.338 0.003 5.78 372.0
2456363.89844 15.342 0.003 4.56 349.0
2456367.89762 15.338 0.003 4.10 306.0
2456368.84882 15.347 0.003 5.15 310.0
2456369.78776 15.351 0.003 5.81 311.0
2456369.88226 15.346 0.003 4.63 282.0
2456370.83090 15.335 0.003 4.59 312.0
2456370.91405 15.336 0.003 4.54 493.0
2456371.84408 15.342 0.003 4.94 258.0
2456372.83654 15.345 0.003 4.20 312.0
2456373.76021 15.354 0.003 6.08 417.0
2456373.85375 15.348 0.003 4.99 312.0
2456374.77081 15.333 0.004 6.61 423.0
2456374.86072 15.344 0.003 5.16 327.0
2456375.76848 15.351 0.003 4.90 413.0
2456375.87574 15.346 0.003 5.62 293.0
2456376.77926 15.346 0.003 4.63 485.0
2456376.87387 15.349 0.003 3.65 371.0
2456377.79381 15.352 0.003 4.40 463.0
2456377.88435 15.355 0.003 3.31 405.0
2456378.79010 15.352 0.003 4.25 611.0
2456378.88014 15.351 0.003 3.19 526.0
2456379.77632 15.347 0.003 4.59 680.0
2456379.86502 15.339 0.003 4.12 545.0
2456380.77725 15.340 0.003 4.39 526.0
2456380.88057 15.350 0.003 4.09 468.0
2456381.79845 15.343 0.003 4.18 502.0
2456381.88639 15.339 0.003 3.56 423.0
2456382.79210 15.348 0.005 4.80 2685.0
2456386.78511 15.340 0.003 5.03 353.0
2456386.89021 15.342 0.003 6.40 346.0
2456387.77407 15.349 0.003 4.77 294.0
2456387.85740 15.344 0.003 5.18 302.0
2456388.79804 15.347 0.003 5.56 300.0
2456388.91157 15.348 0.003 4.43 388.0
2456389.79055 15.337 0.003 4.76 330.0
2456389.86586 15.341 0.003 5.57 348.0
2456390.73176 15.348 0.003 5.49 351.0
2456390.81373 15.323 0.003 4.77 335.0
2456390.90520 15.352 0.003 5.36 328.0
2456391.86275 15.339 0.003 6.48 384.0
2456393.85960 15.338 0.003 6.37 366.0
2456394.82246 15.346 0.003 5.31 367.0
2456395.77468 15.350 0.003 4.43 400.0
2456396.72409 15.344 0.003 4.52 393.0
2456396.90560 15.342 0.003 4.42 357.0
2456397.84945 15.346 0.003 3.98 319.0
2456398.76952 15.346 0.003 4.10 311.0
2456399.68622 15.346 0.003 6.01 382.0
2456399.85955 15.342 0.003 5.59 323.0
2456400.85439 15.339 0.003 4.76 313.0
2456401.78706 15.341 0.003 4.20 317.0
2456402.70765 15.345 0.003 5.58 414.0
2456402.88143 15.332 0.003 6.55 376.0
2456403.78791 15.345 0.003 3.64 329.0
2456404.73070 15.352 0.003 4.50 385.0
2456404.90735 15.349 0.003 4.23 373.0
2456405.83301 15.339 0.003 4.94 707.0
2456405.91721 15.345 0.003 3.91 386.0
2456407.65822 15.341 0.004 6.73 788.0
2456407.85292 15.340 0.003 4.39 538.0
2456408.79726 15.338 0.004 6.38 607.0
2456409.91065 15.344 0.004 5.80 730.0
2456415.86939 15.352 0.004 6.96 333.0
2456416.76686 15.339 0.003 4.41 342.0
2456417.69146 15.343 0.003 5.61 439.0
2456417.85523 15.339 0.003 4.78 434.0
2456418.71362 15.354 0.003 4.51 396.0
2456418.87817 15.351 0.003 3.69 347.0
2456419.76334 15.340 0.003 5.27 350.0
2456420.62796 15.348 0.003 5.40 395.0
2456420.77858 15.349 0.003 4.22 291.0
2456421.80719 15.342 0.003 4.52 335.0
2456422.75093 15.344 0.003 4.64 339.0
2456423.71033 15.344 0.003 4.66 471.0
2456423.90721 15.341 0.003 3.97 501.0
2456424.76956 15.342 0.003 4.06 400.0
2456426.62921 15.330 0.003 6.18 341.0
2456426.86950 15.351 0.003 4.79 364.0
2456427.90574 15.333 0.003 4.30 670.0
2456428.65996 15.347 0.003 6.67 372.0
2456428.85677 15.353 0.003 5.21 406.0
2456431.65823 15.349 0.003 5.81 388.0
2456431.84275 15.345 0.003 4.23 394.0
2456432.68207 15.347 0.003 5.63 399.0
2456432.86472 15.336 0.003 4.97 369.0
2456433.66901 15.351 0.003 5.63 373.0
2456433.86932 15.338 0.003 5.32 573.0
2456434.77209 15.346 0.003 4.87 500.0
2456435.61912 15.345 0.004 6.69 603.0
2456435.80558 15.348 0.003 4.45 601.0
2456436.60521 15.343 0.003 4.97 799.0
2456436.79591 15.340 0.003 4.19 727.0
2456437.73670 15.347 0.004 4.97 1337.0
2456437.89334 15.349 0.004 4.85 1954.0
2456441.71118 15.343 0.004 6.59 524.0
2456441.83256 15.336 0.004 6.06 779.0
2456442.61263 15.356 0.003 4.61 479.0
2456442.79654 15.346 0.003 3.97 369.0
2456443.59734 15.340 0.003 5.55 643.0
2456443.62945 15.347 0.003 5.15 532.0
2456443.67635 15.340 0.003 4.96 520.0
2456444.70729 15.345 0.003 5.79 346.0
2456444.81582 15.342 0.003 5.63 406.0
2456445.61552 15.348 0.003 5.04 390.0
2456445.82157 15.351 0.003 4.81 434.0
2456446.60522 15.356 0.003 4.42 362.0
2456446.79526 15.346 0.003 3.62 366.0
2456447.58250 15.348 0.003 5.10 407.0
2456447.76694 15.350 0.003 4.42 342.0
2456447.93002 15.344 0.003 4.43 447.0
2456448.69301 15.351 0.003 5.71 341.0
2456448.87844 15.349 0.003 5.57 461.0
2456449.65482 15.347 0.003 5.66 348.0
2456449.83852 15.343 0.003 4.29 400.0
2456450.60479 15.345 0.003 4.62 411.0
2456450.78857 15.343 0.003 3.76 432.0
2456451.54859 15.352 0.004 6.82 592.0
2456451.72973 15.344 0.003 4.28 377.0
2456451.90750 15.352 0.003 5.58 437.0
2456452.68271 15.349 0.003 4.01 306.0
2456452.91843 15.355 0.003 5.25 421.0
2456454.87685 15.342 0.003 4.74 352.0
2456455.73930 15.343 0.003 4.98 402.0
2456456.65873 15.350 0.003 3.57 321.0
2456456.87994 15.348 0.003 4.04 344.0
2456457.81884 15.342 0.003 4.81 372.0
2456458.60219 15.345 0.003 5.68 400.0
2456458.78725 15.353 0.003 4.04 430.0
2456459.55426 15.340 0.003 5.56 513.0
2456459.74632 15.345 0.003 3.76 333.0
2456459.90620 15.354 0.003 5.85 511.0
2456460.84113 15.342 0.003 4.29 591.0
2456461.67029 15.342 0.003 4.89 503.0
2456461.89231 15.345 0.003 4.52 545.0
2456462.83289 15.341 0.003 5.80 424.0
2456463.60694 15.352 0.003 5.98 512.0
2456463.79823 15.349 0.003 5.26 527.0
2456464.61567 15.346 0.003 5.24 657.0
2456464.80680 15.353 0.003 4.49 675.0
2456468.60178 15.347 0.003 5.03 693.0
2456468.81568 15.344 0.003 4.51 723.0
2456469.68785 15.350 0.003 5.67 507.0
2456471.60970 15.344 0.003 6.74 346.0
2456472.65905 15.343 0.003 6.23 299.0
2456472.84470 15.337 0.004 6.52 503.0
2456473.62141 15.339 0.003 4.17 299.0
2456473.80606 15.349 0.003 5.76 390.0
2456474.56837 15.349 0.003 5.51 408.0
2456474.75914 15.351 0.003 5.40 457.0
2456475.53156 15.356 0.003 5.94 431.0
2456475.73512 15.342 0.003 4.76 392.0
2456476.50161 15.350 0.003 6.07 525.0
2456477.68338 15.341 0.003 5.33 365.0
2456478.53318 15.344 0.003 6.37 406.0
2456479.59531 15.348 0.003 6.02 314.0
2456480.69337 15.346 0.003 5.36 284.0
2456481.50072 15.341 0.003 6.38 480.0
2456481.74416 15.338 0.003 6.19 351.0
2456483.61292 15.346 0.003 4.75 330.0
2456485.47191 15.346 0.003 5.63 479.0
2456485.70456 15.337 0.003 4.73 301.0
2456486.62775 15.351 0.003 4.32 306.0
2456486.82716 15.341 0.003 4.86 395.0
2456487.62827 15.344 0.003 4.34 324.0
2456487.82120 15.347 0.003 5.03 506.0
2456490.69801 15.347 0.003 4.35 354.0
2456492.76185 15.343 0.003 5.35 554.0
2456496.59658 15.334 0.004 7.45 735.0
2456497.70203 15.344 0.003 7.09 489.0
2456498.52929 15.343 0.003 4.10 397.0
2456498.70930 15.348 0.003 5.12 409.0
2456499.54334 15.349 0.003 4.55 332.0
2456500.69826 15.332 0.003 6.55 543.0
2456501.68111 15.340 0.003 5.05 286.0
2456504.69659 15.352 0.003 5.62 300.0
2456505.62563 15.352 0.003 6.37 341.0
2456505.78636 15.342 0.004 7.28 534.0
2456506.73970 15.340 0.004 7.33 374.0
2456508.49716 15.351 0.003 6.34 368.0
2456508.68940 15.345 0.003 5.30 357.0
2456509.61317 15.345 0.003 4.01 325.0
2456510.47741 15.348 0.003 4.48 371.0
2456510.69934 15.349 0.003 4.78 329.0
2456511.64076 15.350 0.003 4.50 338.0
2456514.49827 15.343 0.003 6.42 390.0
2456514.75325 15.349 0.003 5.67 396.0
2456515.73630 15.353 0.003 4.86 339.0
2456516.69109 15.360 0.003 7.06 303.0
2456518.69571 15.352 0.003 4.82 343.0
2456519.65389 15.351 0.003 4.07 381.0
2456523.56815 15.350 0.003 3.89 612.0
2456524.49104 15.353 0.003 4.07 658.0
2456525.49183 15.342 0.004 5.78 769.0
2456526.63515 15.339 0.003 5.74 496.0
2456529.57096 15.347 0.003 6.32 346.0
2456531.53862 15.349 0.003 5.46 345.0
2456532.53687 15.359 0.003 4.51 338.0
2456533.55105 15.349 0.003 4.62 450.0
2456534.61327 15.343 0.003 4.89 349.0
2456539.48192 15.346 0.003 4.80 405.0
2456541.48009 15.345 0.003 4.77 352.0
2456543.55847 15.347 0.003 5.23 352.0
2456544.58645 15.344 0.003 5.99 304.0
2456545.63504 15.345 0.003 5.61 320.0
2456547.60383 15.349 0.004 6.15 661.0
2456555.57400 15.348 0.003 4.79 506.0
2456558.54135 15.339 0.003 4.66 410.0
2456559.58081 15.338 0.003 5.47 398.0
2456560.63971 15.352 0.003 5.84 474.0
2456562.59479 15.350 0.003 4.41 325.0
2456563.60612 15.345 0.003 5.55 367.0
2456564.53954 15.350 0.003 4.77 376.0
2456565.51124 15.333 0.003 5.66 428.0
2456565.60624 15.351 0.003 5.17 399.0
2456567.57946 15.364 0.003 6.01 408.0
2456568.57549 15.344 0.003 6.05 411.0
2456569.53653 15.345 0.003 4.43 369.0
2456570.49090 15.354 0.003 6.47 451.0
2456571.52218 15.347 0.003 5.85 447.0
2456571.60645 15.351 0.003 6.18 495.0
2456572.58129 15.341 0.003 5.87 433.0
2456573.53196 15.338 0.003 4.56 477.0
2456577.51322 15.351 0.004 5.65 1251.0
2456579.56879 15.360 0.004 5.75 657.0
2456581.50648 15.339 0.003 4.36 530.0
2456582.51980 15.345 0.003 5.53 620.0
2456584.51264 15.353 0.004 5.21 698.0
2456585.51311 15.347 0.004 5.62 605.0
2456586.53405 15.358 0.004 7.01 489.0
2456590.51932 15.361 0.004 7.64 438.0
2456590.54657 15.341 0.003 5.92 470.0
2456593.49512 15.356 0.005 7.14 890.0
2456593.50929 15.352 0.003 5.56 526.0
2456593.51412 15.349 0.003 5.73 517.0
2456595.51716 15.345 0.004 6.40 513.0
2456695.88340 15.336 0.003 4.40 828.0
2456696.87637 15.334 0.003 4.87 495.0
2456699.84414 15.335 0.003 6.75 507.0
2456701.85841 15.344 0.003 5.06 690.0
2456703.85916 15.345 0.004 7.20 799.0
2456705.87971 15.337 0.003 5.17 671.0
2456707.89159 15.338 0.003 5.10 592.0
2456709.84880 15.356 0.003 5.20 579.0
2456710.86506 15.339 0.003 4.02 665.0
2456711.88667 15.349 0.003 4.35 644.0
2456715.86423 15.350 0.003 4.47 372.0
2456716.85595 15.346 0.003 4.85 397.0
2456717.86840 15.347 0.003 6.37 431.0
2456718.88500 15.346 0.003 5.91 429.0
2456719.87819 15.346 0.003 4.88 475.0
2456720.85331 15.345 0.003 4.29 389.0
2456721.83325 15.342 0.003 5.32 468.0
2456722.81355 15.354 0.004 7.40 511.0
2456722.90769 15.341 0.003 3.97 1157.0
2456723.88866 15.347 0.003 4.12 449.0
2456724.86842 15.342 0.003 5.74 433.0
2456725.84332 15.352 0.003 5.23 419.0
2456726.80598 15.346 0.003 5.07 486.0
2456726.90270 15.337 0.003 4.00 474.0
2456727.87557 15.348 0.003 4.19 323.0
2456728.84594 15.349 0.003 4.09 372.0
2456729.79846 15.345 0.003 4.20 604.0
2456729.89417 15.343 0.003 4.12 381.0
2456730.84835 15.334 0.003 6.85 463.0
2456731.89410 15.348 0.003 6.89 446.0
2456732.85670 15.358 0.004 7.58 598.0
2456733.79348 15.353 0.003 4.74 688.0
2456733.88566 15.351 0.003 3.96 532.0
2456734.82630 15.352 0.003 4.41 567.0
2456734.91610 15.351 0.003 3.90 911.0
2456735.86547 15.345 0.003 5.03 639.0
2456736.79693 15.339 0.003 5.99 640.0
2456736.89866 15.342 0.003 4.68 529.0
2456737.85387 15.341 0.003 3.40 563.0
2456738.79592 15.336 0.004 4.58 2018.0
2456741.85088 15.346 0.003 4.86 494.0
2456742.76953 15.352 0.003 4.75 416.0
2456742.85590 15.343 0.003 4.10 385.0
2456744.77079 15.341 0.003 5.71 403.0
2456744.86511 15.345 0.003 4.18 371.0
2456745.75336 15.343 0.003 5.21 420.0
2456745.85979 15.339 0.003 4.28 349.0
2456746.76167 15.341 0.003 5.82 394.0
2456746.85327 15.347 0.003 4.42 347.0
2456747.86662 15.340 0.003 4.20 354.0
2456748.88842 15.342 0.003 5.01 369.0
2456749.88283 15.348 0.003 3.93 379.0
2456750.90122 15.346 0.003 3.82 377.0
2456751.92347 15.344 0.003 3.41 1162.0
2456752.92051 15.345 0.003 4.56 566.0
2456754.89740 15.348 0.003 5.58 411.0
2456755.91376 15.337 0.003 4.46 414.0
2456756.86493 15.349 0.003 4.50 364.0
2456757.83173 15.338 0.003 4.89 359.0
2456758.85654 15.350 0.003 6.27 350.0
2456759.80158 15.346 0.003 4.07 439.0
2456760.74766 15.344 0.003 4.52 519.0
2456761.69706 15.344 0.004 6.93 700.0
2456761.86453 15.348 0.003 4.76 460.0
2456762.86385 15.352 0.003 3.17 362.0
2456763.78712 15.343 0.003 3.96 616.0
2456764.71773 15.343 0.003 4.35 805.0
2456764.89360 15.342 0.003 3.91 653.0
2456765.82834 15.339 0.003 3.75 656.0
2456768.79475 15.342 0.003 4.34 689.0
2456769.70477 15.347 0.003 4.21 451.0
2456769.87133 15.346 0.003 4.10 470.0
2456770.77243 15.347 0.003 4.82 426.0
2456771.70580 15.349 0.003 4.41 383.0
2456771.90104 15.356 0.003 3.37 502.0
2456772.81384 15.343 0.003 3.80 374.0
2456773.73327 15.340 0.003 5.51 430.0
2456773.91906 15.350 0.003 4.77 385.0
2456774.82222 15.343 0.003 6.92 410.0
2456775.81351 15.354 0.003 4.72 362.0
2456776.72156 15.352 0.003 5.26 595.0
2456776.93609 15.345 0.003 5.45 699.0
2456777.92392 15.345 0.003 4.79 474.0
2456784.80869 15.347 0.003 3.92 412.0
2456785.78801 15.344 0.003 3.19 370.0
2456786.80757 15.346 0.003 3.15 401.0
2456786.83323 15.354 0.003 3.40 435.0
2456787.74579 15.341 0.003 3.20 751.0
2456788.84832 15.347 0.003 4.88 596.0
2456789.75377 15.355 0.003 3.67 534.0
2456790.62363 15.348 0.004 5.65 844.0
2456790.78782 15.350 0.003 3.69 557.0
2456791.63134 15.337 0.004 5.35 1000.0
2456791.80107 15.348 0.003 3.39 804.0
2456792.63180 15.349 0.004 5.31 1134.0
2456792.79351 15.345 0.003 3.73 812.0
2456792.93109 15.349 0.004 4.42 1058.0
2456796.74355 15.344 0.003 3.81 578.0
2456796.91492 15.353 0.003 4.11 670.0
2456797.78297 15.343 0.003 3.73 644.0
2456797.93722 15.344 0.004 5.27 1456.0
2456799.83089 15.349 0.004 6.96 405.0
2456803.72616 15.355 0.003 4.45 290.0
2456803.89453 15.348 0.004 5.36 385.0
2456804.66682 15.346 0.003 4.47 339.0
2456804.85319 15.348 0.004 6.05 409.0
2456805.65465 15.349 0.004 6.60 397.0
2456805.84402 15.342 0.004 5.41 425.0
2456806.91136 15.350 0.004 6.94 465.0
2456807.79800 15.350 0.004 5.83 361.0
2456808.57496 15.338 0.004 7.10 490.0
2456808.77561 15.349 0.003 4.01 395.0
2456808.93479 15.346 0.004 6.06 486.0
2456809.74708 15.353 0.003 3.50 298.0
2456809.92840 15.352 0.004 6.58 553.0
2456810.73620 15.345 0.003 3.68 386.0
2456810.91852 15.357 0.004 5.03 626.0
2456811.69321 15.343 0.004 5.20 393.0
2456811.89009 15.349 0.004 5.14 566.0
2456813.76625 15.344 0.003 4.49 305.0
2456813.94344 15.338 0.004 5.73 769.0
2456814.79931 15.344 0.003 4.73 318.0
2456815.58386 15.346 0.004 6.44 431.0
2456815.78658 15.347 0.003 4.81 371.0
2456816.60925 15.343 0.004 6.88 450.0
2456816.82545 15.340 0.004 5.40 357.0
2456817.66960 15.347 0.004 5.59 436.0
2456817.85957 15.351 0.004 5.69 460.0
2456818.68730 15.344 0.004 4.50 1663.0
2456819.65655 15.345 0.004 4.88 1966.0
2456819.82390 15.344 0.004 6.33 757.0
2456823.83150 15.350 0.004 4.28 727.0
2456824.61693 15.353 0.004 5.92 651.0
2456824.81351 15.348 0.004 5.27 610.0
2456825.59457 15.353 0.003 3.88 433.0
2456825.78120 15.342 0.004 5.13 567.0
2456826.54556 15.348 0.004 5.74 444.0
2456826.73161 15.356 0.003 4.46 442.0
2456827.53118 15.339 0.003 5.14 466.0
2456827.74078 15.328 0.003 4.22 367.0
2456827.89728 15.351 0.004 4.99 529.0
2456828.67774 15.349 0.003 4.52 307.0
2456828.87334 15.345 0.004 5.27 472.0
2456829.62046 15.349 0.004 5.69 325.0
2456829.80560 15.354 0.004 5.26 355.0
2456830.59914 15.341 0.003 4.59 401.0
2456830.78539 15.337 0.003 3.92 374.0
2456831.68915 15.352 0.003 3.25 343.0
2456831.86633 15.343 0.004 6.76 539.0
2456832.68769 15.350 0.004 5.52 340.0
2456833.51391 15.357 0.004 6.73 614.0
2456833.70789 15.341 0.004 5.51 450.0
2456833.86467 15.347 0.004 5.83 760.0
2456834.64536 15.342 0.004 4.83 396.0
2456834.83073 15.331 0.004 6.43 550.0
2456835.66335 15.348 0.003 5.11 342.0
2456835.83761 15.346 0.004 6.66 430.0
2456836.63129 15.351 0.004 5.57 322.0
2456836.81212 15.343 0.004 5.36 450.0
2456837.59698 15.336 0.003 4.55 455.0
2456837.77917 15.344 0.003 4.43 481.0
2456838.54997 15.345 0.004 6.04 423.0
2456838.73535 15.346 0.003 4.86 376.0
2456839.51812 15.340 0.004 5.17 483.0
2456839.70715 15.343 0.004 5.18 480.0
2456840.48217 15.358 0.004 6.76 1273.0
2456840.71268 15.354 0.004 7.12 339.0
2456841.58180 15.347 0.003 4.70 823.0
2456841.76359 15.344 0.003 4.97 445.0
2456842.56557 15.344 0.004 6.34 508.0
2456842.74875 15.344 0.003 4.88 415.0
2456844.53619 15.345 0.003 4.31 503.0
2456844.72303 15.355 0.003 4.62 435.0
2456845.46904 15.349 0.004 4.75 761.0
2456845.62589 15.348 0.003 3.96 438.0
2456845.80748 15.344 0.003 5.02 377.0
2456847.57430 15.343 0.003 3.75 695.0
2456847.71680 15.346 0.003 3.71 641.0
2456851.61483 15.340 0.004 4.65 794.0
2456851.78782 15.345 0.004 5.43 879.0
2456852.61554 15.340 0.004 5.36 688.0
2456855.57976 15.343 0.004 6.29 327.0
2456855.76724 15.353 0.004 6.37 343.0
2456856.56157 15.343 0.003 4.63 382.0
2456856.74727 15.338 0.003 4.43 440.0
2456857.56033 15.341 0.003 4.20 389.0
2456857.75226 15.346 0.003 4.39 359.0
2456858.57537 15.356 0.003 3.63 334.0
2456858.76243 15.348 0.003 5.65 372.0
2456859.72263 15.341 0.004 5.26 420.0
2456862.67449 15.350 0.004 5.20 385.0
2456863.51763 15.355 0.003 3.75 403.0
2456863.70804 15.348 0.003 4.69 368.0
2456864.55041 15.349 0.003 5.14 286.0
2456864.74397 15.348 0.003 5.89 416.0
2456866.54976 15.342 0.004 6.79 340.0
2456866.55907 15.349 0.004 6.36 328.0
2456866.56991 15.346 0.004 6.61 337.0
2456866.64979 15.345 0.003 4.62 348.0
2456866.67790 15.348 0.003 5.13 355.0
2456866.69354 15.349 0.004 5.88 375.0
2456866.70109 15.350 0.004 6.18 326.0
2456866.70872 15.346 0.003 5.34 346.0
2456866.71791 15.347 0.003 5.33 331.0
2456866.72132 15.335 0.003 5.19 341.0
2456866.72732 15.344 0.003 5.30 337.0
2456866.73368 15.343 0.003 5.89 344.0
2456866.73965 15.350 0.004 6.07 362.0
2456866.74494 15.341 0.004 6.46 363.0
2456866.75091 15.352 0.004 6.01 375.0
2456866.75716 15.344 0.003 5.52 371.0
2456866.76317 15.346 0.003 5.88 363.0
2456866.76799 15.350 0.004 6.41 384.0
2456866.77401 15.349 0.004 5.93 391.0
2456866.77906 15.347 0.004 6.29 400.0
2456866.78504 15.347 0.004 5.96 418.0
2456866.79136 15.336 0.004 6.64 433.0
2456866.79736 15.338 0.004 6.27 440.0
2456866.80206 15.351 0.004 6.73 478.0
2456866.80658 15.344 0.003 6.18 501.0
2456866.81369 15.348 0.004 6.93 636.0
2456867.63565 15.347 0.003 5.75 301.0
2456870.69223 15.344 0.004 6.89 327.0
2456872.51600 15.349 0.004 5.69 352.0
2456873.47763 15.345 0.004 6.29 460.0
2456874.66156 15.346 0.003 5.57 339.0
2456879.64895 15.346 0.004 5.62 738.0
2456880.60497 15.346 0.004 6.85 678.0
2456881.49960 15.340 0.004 5.33 514.0
2456882.47833 15.334 0.004 5.26 449.0
2456882.65743 15.347 0.003 4.24 417.0
2456883.57049 15.351 0.003 4.40 280.0
2456885.55946 15.342 0.003 4.49 321.0
2456885.72867 15.345 0.004 6.70 437.0
2456886.65499 15.343 0.003 5.16 413.0
2456887.57872 15.348 0.003 3.99 311.0
2456888.49141 15.352 0.003 4.21 308.0
2456888.69244 15.341 0.004 6.26 426.0
2456889.63926 15.346 0.003 5.47 316.0
2456890.57853 15.342 0.003 4.98 304.0
2456891.50686 15.338 0.003 5.44 363.0
2456891.69014 15.354 0.004 6.26 387.0
2456895.64766 15.349 0.003 4.85 331.0
2456896.61234 15.348 0.003 5.05 346.0
2456900.54211 15.343 0.003 4.65 410.0
2456907.63219 15.347 0.004 5.85 588.0
2456908.54334 15.346 0.004 5.22 594.0
2456908.63164 15.342 0.004 4.82 842.0
2456912.49715 15.343 0.004 6.14 405.0
2456915.52159 15.356 0.003 4.97 371.0
2456918.50576 15.344 0.004 6.01 518.0
2456919.56200 15.347 0.003 5.15 400.0
2456922.54190 15.340 0.004 5.75 429.0
2456923.56481 15.344 0.004 6.50 445.0
2456924.60421 15.344 0.004 6.15 481.0
2456926.49981 15.347 0.004 7.06 436.0
2456927.55572 15.342 0.004 5.69 478.0
2456928.59809 15.349 0.004 6.52 447.0
2456930.52256 15.353 0.005 7.27 558.0
2456936.48914 15.344 0.004 5.03 689.0
2456937.49015 15.345 0.004 4.74 717.0
2456938.48993 15.347 0.004 4.71 811.0
2456938.57656 15.342 0.004 5.92 827.0
2456940.53881 15.345 0.004 6.30 612.0
2456942.50856 15.339 0.004 5.81 527.0
2456943.50715 15.350 0.004 7.06 569.0
2456944.54471 15.350 0.004 7.12 411.0
2456948.51815 15.335 0.004 7.24 501.0
2456951.53308 15.346 0.004 6.54 535.0
2456954.49791 15.349 0.004 6.26 686.0
2456956.52625 15.347 0.004 5.85 549.0
2456959.52618 15.338 0.005 5.71 1481.0
2457064.87664 15.326 0.003 4.60 647.0
2457066.88708 15.328 0.004 4.58 1195.0
2457070.85650 15.327 0.003 4.99 406.0
2457071.86887 15.323 0.003 4.48 381.0
2457072.87649 15.331 0.003 4.62 420.0
2457075.88255 15.309 0.004 6.57 428.0
2457076.88282 15.321 0.003 4.05 397.0
2457077.88007 15.311 0.003 5.45 410.0
2457078.87125 15.314 0.003 4.20 386.0
2457080.82462 15.307 0.004 7.26 391.0
2457081.88191 15.303 0.003 6.27 377.0
2457082.86043 15.306 0.003 4.12 344.0
2457083.83857 15.304 0.004 6.65 397.0
2457084.82043 15.306 0.003 4.41 607.0
2457084.90770 15.301 0.003 3.92 770.0
2457085.88101 15.294 0.003 3.85 541.0
2457086.85974 15.296 0.003 4.37 595.0
2457087.82544 15.287 0.003 4.54 747.0
2457088.80100 15.291 0.003 3.96 620.0
2457088.88641 15.286 0.003 5.10 485.0
2457089.85222 15.279 0.003 4.66 526.0
2457090.81880 15.278 0.003 4.97 562.0
2457090.90761 15.288 0.003 3.81 765.0
2457091.86134 15.276 0.003 4.61 526.0
2457092.81125 15.273 0.003 4.04 594.0
2457092.88962 15.272 0.003 4.20 504.0
2457097.78057 15.234 0.003 5.17 416.0
2457097.87341 15.244 0.003 3.62 331.0
2457098.82330 15.241 0.003 4.37 374.0
2457099.77342 15.231 0.003 4.91 380.0
2457099.86682 15.225 0.003 5.22 351.0
2457100.81183 15.220 0.003 3.91 464.0
2457100.90545 15.220 0.003 4.08 411.0
2457101.88727 15.225 0.004 6.56 474.0
2457102.85899 15.203 0.003 5.95 412.0
2457108.82698 15.137 0.003 5.36 425.0
2457109.87837 15.127 0.003 4.78 351.0
2457110.78683 15.116 0.003 3.65 371.0
2457110.89814 15.115 0.003 3.44 377.0
2457111.80756 15.107 0.003 4.55 330.0
2457111.92086 15.101 0.003 4.40 1305.0
2457112.82474 15.100 0.003 4.83 405.0
2457113.75160 15.084 0.003 5.38 467.0
2457114.73931 15.072 0.004 7.44 579.0
2457114.92300 15.069 0.003 3.05 1715.0
2457115.86565 15.063 0.003 3.85 435.0
2457116.85486 15.048 0.003 4.14 569.0
2457117.82943 15.043 0.003 4.29 570.0
2457118.87907 15.033 0.003 3.53 655.0
2457119.87684 15.036 0.003 4.28 544.0
2457120.81542 15.030 0.003 4.25 530.0
2457125.74874 15.042 0.003 6.19 448.0
2457126.70104 15.033 0.003 5.52 400.0
2457126.91416 15.049 0.003 3.28 477.0
2457129.84298 15.059 0.003 3.76 339.0
2457130.76149 15.070 0.003 5.22 341.0
2457131.68991 15.076 0.003 5.12 452.0
2457131.87558 15.082 0.003 3.51 356.0
2457132.79400 15.085 0.003 3.93 395.0
2457133.91589 15.109 0.003 5.21 398.0
2457134.79957 15.115 0.003 4.61 377.0
2457135.72764 15.125 0.003 3.82 398.0
2457135.91386 15.129 0.003 3.33 362.0
2457136.80648 15.138 0.003 4.22 374.0
2457137.71394 15.149 0.003 4.13 324.0
2457137.90004 15.156 0.003 5.20 386.0
2457138.77392 15.158 0.003 4.40 353.0
2457139.71451 15.174 0.003 5.82 409.0
2457139.89305 15.171 0.003 5.41 353.0
2457140.77058 15.176 0.003 4.21 426.0
2457141.67366 15.192 0.003 4.31 449.0
2457141.85967 15.205 0.003 3.36 394.0
2457142.72863 15.205 0.003 3.71 417.0
2457142.91341 15.204 0.003 3.81 405.0
2457143.78451 15.216 0.003 4.80 420.0
2457144.67404 15.222 0.004 5.48 654.0
2457144.88518 15.220 0.003 4.71 718.0
2457145.87328 15.231 0.003 4.03 652.0
2457146.71607 15.233 0.003 4.28 795.0
2457146.85715 15.234 0.003 4.24 793.0
2457147.69803 15.241 0.003 4.56 771.0
2457147.83828 15.240 0.003 4.39 679.0
2457152.83406 15.277 0.003 4.44 538.0
2457153.67205 15.278 0.003 4.11 389.0
2457153.83665 15.283 0.003 3.13 484.0
2457154.71606 15.281 0.003 3.55 372.0
2457154.90525 15.280 0.003 3.65 424.0
2457155.74227 15.288 0.003 3.45 394.0
2457155.92811 15.291 0.003 3.82 555.0
2457156.77499 15.287 0.003 3.79 379.0
2457157.75416 15.295 0.003 3.83 342.0
2457158.66761 15.293 0.003 4.35 381.0
2457158.85175 15.287 0.003 4.81 401.0
2457159.66837 15.294 0.003 3.84 389.0
2457159.85268 15.308 0.003 4.14 373.0
2457160.69117 15.298 0.003 4.67 415.0
2457160.87480 15.306 0.003 4.34 383.0
2457161.71870 15.301 0.003 3.72 405.0
2457161.90392 15.308 0.003 4.28 478.0
2457162.72063 15.301 0.003 4.77 371.0
2457162.90765 15.303 0.003 4.80 380.0
2457163.73063 15.309 0.003 5.62 455.0
2457163.91292 15.296 0.003 5.16 542.0
2457164.83886 15.317 0.003 4.85 370.0
2457166.67518 15.325 0.003 5.71 354.0
2457166.86045 15.311 0.003 4.72 432.0
2457169.60402 15.323 0.003 5.39 436.0
2457169.78910 15.316 0.003 4.03 324.0
2457170.59167 15.321 0.003 4.80 449.0
2457170.77900 15.322 0.003 4.95 354.0
2457172.59381 15.319 0.004 5.84 664.0
2457172.77770 15.328 0.003 4.65 530.0
2457172.94433 15.322 0.004 5.29 966.0
2457173.75325 15.322 0.003 4.53 540.0
2457173.92791 15.329 0.003 4.91 581.0
2457174.69677 15.333 0.003 4.23 623.0
2457174.87100 15.325 0.004 5.27 785.0
2457175.64864 15.326 0.004 4.00 1461.0
2457175.87676 15.335 0.004 4.62 1055.0
2457176.91779 15.323 0.004 5.51 1434.0
2457178.72655 15.331 0.003 4.25 705.0
2457179.69437 15.337 0.004 5.18 520.0
2457179.86451 15.332 0.004 5.34 578.0
2457180.64601 15.332 0.003 4.99 455.0
2457180.82116 15.337 0.003 4.37 436.0
2457181.58396 15.331 0.003 4.61 320.0
2457181.77405 15.326 0.003 4.82 362.0
2457181.93831 15.328 0.004 5.42 642.0
2457182.72291 15.329 0.003 4.15 358.0
2457182.89980 15.335 0.003 5.09 410.0
2457183.65667 15.335 0.004 5.84 312.0
2457183.84435 15.330 0.003 5.12 341.0
2457184.64843 15.329 0.004 6.45 371.0
2457184.83559 15.332 0.003 5.22 344.0
2457185.61264 15.331 0.004 5.73 383.0
2457185.79553 15.334 0.003 5.27 368.0
2457186.64661 15.335 0.004 7.71 417.0
2457186.91740 15.333 0.004 6.67 545.0
2457187.72096 15.335 0.003 4.63 341.0
2457187.88734 15.337 0.003 5.15 486.0
2457188.66810 15.334 0.004 6.09 391.0
2457189.54085 15.335 0.004 5.62 489.0
2457189.72897 15.339 0.003 4.47 423.0
2457189.89514 15.333 0.004 5.56 585.0
2457190.70255 15.334 0.003 3.66 417.0
2457190.88521 15.344 0.004 5.08 702.0
2457191.80770 15.335 0.004 5.88 390.0
2457193.63067 15.339 0.003 3.75 299.0
2457194.52226 15.336 0.003 4.90 232.0
2457194.71616 15.343 0.003 4.29 388.0
2457196.87939 15.334 0.004 5.52 436.0
2457197.55772 15.347 0.003 6.02 472.0
2457197.74319 15.339 0.003 5.35 292.0
2457198.54021 15.338 0.003 4.73 471.0
2457198.72568 15.332 0.003 4.64 389.0
2457198.89580 15.348 0.004 6.94 523.0
2457199.66206 15.339 0.003 3.90 325.0
2457199.84490 15.338 0.003 4.76 432.0
2457200.61432 15.350 0.003 3.67 410.0
2457200.78338 15.343 0.003 3.88 571.0
2457202.76127 15.336 0.004 4.70 724.0
2457206.57640 15.346 0.004 5.34 990.0
2457206.75017 15.338 0.004 4.30 941.0
2457207.55925 15.344 0.004 4.83 690.0
2457207.72385 15.341 0.004 5.76 643.0
2457209.65611 15.331 0.004 5.68 462.0
2457209.81506 15.340 0.004 5.51 911.0
2457211.59189 15.338 0.003 4.05 314.0
2457211.77568 15.349 0.003 4.97 437.0
2457214.54690 15.350 0.003 6.28 407.0
2457214.74496 15.343 0.003 4.92 408.0
2457217.76478 15.335 0.003 5.29 336.0
2457219.60994 15.342 0.003 4.64 356.0
2457220.51529 15.339 0.003 5.63 437.0
2457220.69891 15.342 0.003 4.00 347.0
2457221.50208 15.338 0.003 5.19 427.0
2457221.68450 15.346 0.003 4.47 331.0
2457221.82716 15.340 0.004 6.33 402.0
2457222.64747 15.340 0.003 5.33 368.0
2457222.66719 15.338 0.003 4.99 564.0
2457223.51856 15.347 0.004 7.34 460.0
2457223.70079 15.344 0.004 5.90 347.0
2457224.54228 15.344 0.003 5.36 388.0
2457224.74749 15.331 0.004 6.77 374.0
2457225.57208 15.335 0.003 4.09 438.0
2457226.60293 15.341 0.003 3.92 354.0
2457226.77327 15.348 0.004 5.89 395.0
2457227.55756 15.347 0.003 4.44 368.0
2457227.74095 15.348 0.003 5.56 331.0
2457228.56021 15.348 0.003 4.18 414.0
2457228.75561 15.341 0.003 5.54 311.0
2457229.58741 15.340 0.003 3.68 379.0
2457229.75207 15.350 0.003 4.27 639.0
2457235.52468 15.348 0.004 6.38 724.0
2457235.78544 15.347 0.004 5.45 1017.0
2457236.62878 15.346 0.003 4.88 501.0
2457249.62588 15.341 0.003 5.97 299.0
2457250.59200 15.360 0.003 5.37 492.0
2457252.65223 15.351 0.003 5.78 400.0
2457253.58941 15.349 0.003 5.07 319.0
2457255.55789 15.336 0.003 5.24 380.0
2457256.55584 15.351 0.004 5.94 673.0
2457257.61714 15.341 0.003 4.60 515.0
2457258.64304 15.341 0.004 5.73 666.0
2457261.58801 15.340 0.004 6.01 788.0
2457263.54628 15.349 0.003 4.70 657.0
2457264.48094 15.350 0.004 5.57 681.0
2457264.68057 15.346 0.004 5.41 696.0
2457265.62113 15.352 0.003 3.99 474.0
2457265.62288 15.347 0.003 4.02 476.0
2457267.57986 15.345 0.003 5.31 332.0
2457268.57604 15.351 0.003 3.70 349.0
2457269.55858 15.352 0.003 4.53 343.0
2457270.51104 15.350 0.003 4.35 363.0
2457270.69686 15.343 0.003 5.05 361.0
2457272.50204 15.352 0.004 6.36 480.0
2457273.62090 15.343 0.003 5.35 395.0
2457275.62453 15.344 0.004 5.61 828.0
2457277.61023 15.350 0.004 6.88 335.0
2457278.59964 15.347 0.003 5.18 370.0
2457283.57692 15.349 0.004 8.15 405.0
2457291.51683 15.341 0.005 7.71 645.0
2457292.52343 15.339 0.004 7.36 711.0
2457293.50800 15.341 0.004 5.19 658.0
2457294.48597 15.338 0.004 7.74 506.0
2457295.48438 15.342 0.004 8.25 534.0
2457296.52968 15.348 0.004 7.26 390.0
2457299.53295 15.356 0.003 6.54 489.0
2457300.51080 15.351 0.004 6.81 547.0
2457307.56878 15.344 0.004 6.25 442.0
2457312.49873 15.350 0.004 5.93 659.0
2457317.49927 15.353 0.004 6.22 908.0
2457319.50510 15.354 0.004 6.74 657.0
2457324.51372 15.340 0.004 5.96 590.0
2457328.51378 15.352 0.005 7.28 1037.0
