2455260.86123 19.392 0.054 3.65 465.0
2455260.90486 19.299 0.066 3.77 871.0
2455261.79607 19.424 0.064 4.30 461.0
2455264.81908 19.217 0.065 4.83 598.0
2455264.87221 19.269 0.075 4.88 664.0
2455264.88951 19.412 0.081 4.87 697.0
2455265.79513 19.346 0.054 5.25 294.0
2455266.78322 19.353 0.069 5.74 349.0
2455267.82505 19.256 0.046 4.60 280.0
2455268.79631 19.316 0.065 6.08 305.0
2455269.79114 19.269 0.049 4.83 299.0
2455270.83556 19.337 0.041 3.30 269.0
2455271.79063 19.426 0.057 4.93 317.0
2455272.79747 19.398 0.065 5.88 289.0
2455273.85207 19.273 0.045 4.41 263.0
2455274.80079 19.431 0.062 5.68 295.0
2455275.78652 19.308 0.057 4.64 384.0
2455275.91784 19.182 0.093 4.83 1304.0
2455276.82144 19.289 0.046 4.70 272.0
2455277.78761 19.290 0.055 5.85 285.0
2455277.91679 19.314 0.079 4.79 652.0
2455278.79762 19.234 0.053 5.63 300.0
2455279.79821 19.292 0.066 5.64 301.0
2455280.85044 19.359 0.047 4.00 309.0
2455281.78539 19.395 0.054 4.42 336.0
2455282.76586 19.361 0.061 4.71 453.0
2455282.91062 19.252 0.045 3.95 341.0
2455283.76703 19.354 0.083 6.17 464.0
2455284.76905 19.341 0.071 5.15 552.0
2455285.76471 19.299 0.081 5.50 637.0
2455285.89406 19.307 0.064 4.96 496.0
2455286.75588 19.296 0.072 4.84 604.0
2455287.82553 19.352 0.063 4.97 488.0
2455288.75892 19.392 0.075 4.84 578.0
2455292.82901 19.348 0.071 4.21 736.0
2455293.83699 19.277 0.048 4.50 304.0
2455294.76193 19.379 0.046 4.19 264.0
2455295.76344 19.274 0.041 4.28 244.0
2455296.80702 19.334 0.038 3.59 250.0
2455297.83820 19.327 0.038 3.46 244.0
2455298.87738 19.385 0.046 4.13 265.0
2455299.86134 19.436 0.041 3.91 256.0
2455301.79007 19.279 0.040 3.92 276.0
2455304.75133 19.373 0.079 6.89 384.0
2455306.72308 19.352 0.052 4.91 297.0
2455307.75111 19.291 0.052 5.10 308.0
2455308.74122 19.221 0.052 5.53 302.0
2455309.81244 19.329 0.051 5.27 274.0
2455310.78053 19.299 0.062 6.95 302.0
2455311.88052 19.265 0.057 6.22 315.0
2455312.87520 19.400 0.063 4.87 406.0
2455313.90363 19.313 0.072 5.26 510.0
2455314.85172 19.330 0.074 5.46 615.0
2455315.77747 19.467 0.088 4.86 635.0
2455316.73028 19.400 0.086 5.01 653.0
2455320.77114 19.386 0.104 4.66 1383.0
2455321.71828 19.357 0.062 5.18 392.0
2455321.91245 19.338 0.059 4.43 433.0
2455322.88390 19.232 0.062 5.05 509.0
2455323.82947 19.361 0.058 5.18 390.0
2455324.76033 19.321 0.061 5.71 308.0
2455325.65488 19.293 0.048 4.01 351.0
2455326.80163 19.360 0.046 4.11 280.0
2455327.74998 19.415 0.054 4.52 260.0
2455328.61365 19.334 0.053 4.31 399.0
2455328.87341 19.306 0.055 4.59 343.0
2455334.78102 19.447 0.044 3.56 282.0
2455335.77459 19.444 0.065 5.22 298.0
2455336.81003 19.355 0.058 4.70 350.0
2455337.86429 19.263 0.071 5.85 422.0
2455338.88303 19.320 0.083 6.38 437.0
2455339.89831 19.424 0.101 6.45 566.0
2455340.83973 19.352 0.081 5.88 455.0
2455341.73468 19.459 0.064 4.65 420.0
2455342.59957 19.350 0.098 6.23 667.0
2455342.79474 19.381 0.075 5.22 518.0
2455343.62887 19.421 0.108 6.31 794.0
2455343.82177 19.259 0.070 4.88 675.0
2455348.76912 19.274 0.059 5.05 348.0
2455349.60566 19.361 0.097 7.38 412.0
2455350.65787 19.313 0.086 7.21 332.0
2455351.73512 19.434 0.064 4.88 359.0
2455352.75137 19.341 0.052 4.20 304.0
2455352.82074 19.302 0.056 4.81 367.0
2455353.71873 19.308 0.047 4.34 280.0
2455354.66419 19.328 0.059 5.62 276.0
2455355.60548 19.198 0.060 6.03 336.0
2455357.61563 19.391 0.075 6.15 357.0
2455358.75117 19.313 0.058 5.49 312.0
2455359.63711 19.292 0.059 5.52 329.0
2455359.87279 19.268 0.077 6.14 438.0
2455362.78331 19.401 0.057 4.81 342.0
2455364.75545 19.306 0.067 6.20 296.0
2455364.87612 19.387 0.066 5.62 300.0
2455365.84432 19.320 0.085 6.71 361.0
2455369.80097 19.395 0.091 4.95 819.0
2455376.76607 19.347 0.072 5.49 444.0
2455377.68809 19.350 0.060 5.26 314.0
2455378.52739 19.342 0.057 5.32 305.0
2455378.82773 19.264 0.054 5.32 370.0
2455379.73459 19.306 0.052 5.02 281.0
2455380.81671 19.428 0.082 6.47 319.0
2455381.69176 19.344 0.072 6.37 276.0
2455382.55543 19.367 0.097 8.10 292.0
2455382.76218 19.272 0.081 7.51 304.0
2455385.51443 19.468 0.056 4.44 333.0
2455386.48864 19.279 0.050 4.31 489.0
2455386.57084 19.348 0.050 4.76 378.0
2455386.65450 19.360 0.052 5.11 312.0
2455386.78624 19.392 0.047 3.99 244.0
2455387.77108 19.370 0.049 5.14 223.0
2455388.68221 19.421 0.050 4.68 177.0
2455389.54916 19.255 0.064 8.28 227.0
2455390.55666 19.279 0.062 6.38 250.0
2455390.81366 19.305 0.054 5.96 202.0
2455391.79957 19.319 0.058 4.98 315.0
2455392.66927 19.439 0.057 5.12 231.0
2455393.70799 19.388 0.067 6.54 204.0
2455396.60403 19.364 0.064 5.72 299.0
2455397.66743 19.280 0.067 6.41 286.0
2455402.67733 19.390 0.089 5.55 605.0
2455403.63965 19.259 0.055 4.14 525.0
2455404.51111 19.404 0.071 4.80 406.0
2455404.70827 19.463 0.077 4.69 425.0
2455405.72393 19.323 0.059 4.54 351.0
2455407.57725 19.368 0.078 7.00 240.0
2455407.77094 19.475 0.083 6.10 351.0
2455408.70040 19.468 0.067 5.52 281.0
2455409.63337 19.289 0.041 4.72 197.0
2455410.63687 19.271 0.044 4.67 213.0
2455411.67354 19.385 0.040 3.84 219.0
2455412.63422 19.283 0.059 5.92 271.0
2455413.66493 19.384 0.039 3.82 187.0
2455414.71227 19.391 0.044 3.72 235.0
2455418.60247 19.335 0.047 4.85 206.0
2455421.62962 19.379 0.055 5.58 216.0
2455422.67529 19.349 0.050 5.17 198.0
2455425.53933 19.374 0.051 4.85 281.0
2455430.55008 19.344 0.072 5.22 441.0
2455431.54532 19.370 0.064 5.27 375.0
2455434.50970 19.422 0.083 6.63 328.0
2455435.48130 19.304 0.070 5.98 325.0
2455436.47925 19.373 0.083 6.59 329.0
2455438.51454 19.424 0.078 6.44 291.0
2455439.58272 19.349 0.072 6.00 279.0
2455443.59696 19.498 0.073 6.02 279.0
2455444.62226 19.415 0.077 6.60 286.0
2455446.50397 19.367 0.056 4.87 270.0
2455447.52046 19.301 0.053 5.35 258.0
2455448.61882 19.420 0.062 5.31 272.0
2455450.53287 19.261 0.063 6.20 274.0
2455451.66270 19.323 0.058 4.62 307.0
2455457.55828 19.308 0.043 4.05 349.0
2455458.58841 19.325 0.062 5.00 423.0
2455459.61955 19.398 0.066 5.29 466.0
2455461.50166 19.305 0.080 5.92 513.0
2455462.51651 19.279 0.064 5.39 384.0
2455465.52569 19.458 0.081 6.34 297.0
2455469.52038 19.425 0.049 4.00 287.0
2455471.56359 19.456 0.060 4.90 279.0
2455473.49133 19.364 0.085 6.71 328.0
2455477.54231 19.304 0.073 6.10 350.0
2455480.53583 19.380 0.068 5.33 350.0
2455485.52778 19.388 0.081 5.46 443.0
2455487.52113 19.332 0.060 4.78 418.0
2455489.51993 19.363 0.082 5.50 459.0
2455492.54053 19.189 0.106 7.06 700.0
2455497.52539 19.264 0.067 5.57 432.0
2455598.85162 19.395 0.071 6.21 312.0
2455599.85547 19.382 0.059 5.34 290.0
2455600.85194 19.358 0.065 6.36 299.0
2455607.88516 19.372 0.053 4.32 401.0
2455614.88186 19.283 0.055 5.03 361.0
2455620.86194 19.374 0.057 4.92 313.0
2455624.82266 19.457 0.061 5.26 277.0
2455625.78472 19.364 0.077 6.75 321.0
2455627.80950 19.251 0.054 5.88 261.0
2455629.78887 19.341 0.062 6.19 251.0
2455630.78142 19.384 0.055 5.65 281.0
2455632.77860 19.310 0.087 7.69 446.0
2455634.76305 19.490 0.068 5.76 293.0
2455635.83669 19.367 0.088 7.54 343.0
2455638.75678 19.239 0.082 6.59 600.0
2455639.79867 19.356 0.066 5.09 422.0
2455640.89494 19.360 0.061 5.29 378.0
2455643.75073 19.359 0.068 5.05 525.0
2455644.89511 19.480 0.081 6.15 525.0
2455648.75306 19.579 0.070 5.67 267.0
2455649.89117 19.293 0.042 5.09 217.0
2455651.82750 19.444 0.051 4.61 235.0
2455654.78577 19.473 0.056 5.03 244.0
2455655.89652 19.384 0.059 6.68 237.0
2455657.92596 19.517 0.098 3.65 1391.0
2455659.80803 19.419 0.054 5.40 238.0
2455660.92335 19.394 0.106 6.92 542.0
2455664.79240 19.368 0.070 6.80 258.0
2455665.91710 19.290 0.042 4.18 265.0
2455669.77884 19.447 0.061 4.60 462.0
2455675.73724 19.407 0.064 4.73 413.0
2455676.93059 19.329 0.061 4.60 571.0
2455679.88660 19.370 0.052 4.64 273.0
2455681.75569 19.345 0.047 4.85 246.0
2455683.70098 19.383 0.045 4.37 279.0
2455684.93484 19.369 0.091 5.23 843.0
2455686.91969 19.303 0.053 5.16 292.0
2455690.61978 19.206 0.068 7.09 386.0
2455691.84297 19.327 0.051 4.91 293.0
2455693.65082 19.340 0.061 5.84 338.0
2455694.77001 19.397 0.054 4.80 333.0
2455695.90614 19.406 0.050 5.10 260.0
2455697.64344 19.395 0.070 4.90 506.0
2455698.73921 19.398 0.086 5.43 650.0
2455705.77069 19.513 0.072 6.03 289.0
2455707.70068 19.472 0.062 5.51 272.0
2455708.77325 19.578 0.069 5.65 260.0
2455712.78139 19.239 0.040 4.08 303.0
2455715.65877 19.408 0.050 4.96 250.0
2455716.82977 19.306 0.053 5.53 236.0
2455722.66162 19.369 0.050 4.96 268.0
2455722.67519 19.320 0.051 5.05 297.0
2455723.81799 19.344 0.046 4.78 256.0
2455725.71532 19.369 0.048 3.89 423.0
2455734.84732 19.500 0.094 6.95 346.0
2455736.66543 19.359 0.036 3.97 210.0
2455737.75522 19.259 0.039 4.49 218.0
2455739.57089 19.410 0.065 6.08 258.0
2455740.65145 19.399 0.067 6.79 222.0
2455741.72061 19.306 0.043 4.26 230.0
2455742.73381 19.405 0.044 4.26 236.0
2455743.84606 19.403 0.077 5.80 382.0
2455745.51679 19.257 0.064 6.68 285.0
2455746.70662 19.327 0.055 5.81 225.0
2455748.66010 19.418 0.057 5.12 280.0
2455752.58692 19.219 0.070 6.85 342.0
2455760.75313 19.344 0.054 4.64 365.0
2455762.52896 19.469 0.073 5.62 300.0
2455763.66577 19.345 0.056 5.58 275.0
2455764.75206 19.323 0.049 4.83 286.0
2455766.58913 19.427 0.054 5.48 221.0
2455767.74291 19.371 0.063 6.20 249.0
2455769.51464 19.305 0.053 5.56 274.0
2455776.53088 19.279 0.081 7.48 285.0
2455778.50779 19.360 0.088 7.00 344.0
2455785.54278 19.213 0.086 7.04 447.0
2455787.49413 19.277 0.058 4.95 416.0
2455788.71098 19.272 0.103 7.81 447.0
2455793.54438 19.353 0.054 5.36 255.0
2455795.54461 19.271 0.062 6.24 257.0
2455801.54915 19.246 0.057 6.36 237.0
2455804.61193 19.401 0.059 5.50 247.0
2455807.62600 19.243 0.068 6.42 280.0
2455813.66516 19.288 0.051 3.88 500.0
2455817.56704 19.287 0.066 5.51 377.0
2455819.64723 19.418 0.078 5.73 465.0
2455822.59065 19.263 0.055 5.77 241.0
2455827.58159 19.293 0.066 5.91 342.0
2455829.55020 19.206 0.043 4.52 317.0
2455831.56046 19.331 0.058 5.88 296.0
2455833.56884 19.441 0.059 5.09 281.0
2455836.56310 19.473 0.090 5.95 523.0
2455840.58982 19.308 0.067 5.10 453.0
2455842.55121 19.348 0.085 6.19 438.0
2455847.54953 19.179 0.110 8.22 564.0
2455852.55219 19.412 0.090 6.08 452.0
2455977.88497 19.391 0.052 4.70 307.0
2455983.82385 19.293 0.057 5.82 308.0
2455986.80896 19.380 0.062 6.28 327.0
2455989.80198 19.438 0.066 6.46 258.0
2455991.85564 19.347 0.044 4.57 245.0
2455994.79377 19.312 0.074 5.67 557.0
2455996.81738 19.320 0.052 4.69 371.0
2455998.82570 19.449 0.058 4.89 351.0
2456003.89170 19.429 0.069 5.76 336.0
2456005.87716 19.426 0.047 4.52 237.0
2456007.85447 19.400 0.054 5.25 229.0
2456009.77994 19.392 0.048 4.70 278.0
2456010.89504 19.408 0.037 3.43 240.0
2456012.83726 19.350 0.039 4.24 197.0
2456014.75949 19.252 0.043 4.92 248.0
2456015.84298 19.346 0.038 4.08 208.0
2456017.77106 19.421 0.046 4.75 239.0
2456018.86452 19.469 0.061 6.00 221.0
2456020.74464 19.360 0.056 5.53 268.0
2456021.80407 19.409 0.049 4.68 272.0
2456022.87565 19.350 0.047 4.41 291.0
2456025.70618 19.220 0.079 6.37 521.0
2456031.79762 19.278 0.046 4.91 274.0
2456033.74591 19.313 0.047 5.03 262.0
2456036.70286 19.331 0.048 5.33 234.0
2456038.74006 19.260 0.051 5.94 239.0
2456040.80762 19.274 0.049 5.15 271.0
2456047.73506 19.347 0.041 4.35 239.0
2456049.68395 19.445 0.053 4.50 333.0
2456050.86189 19.376 0.052 4.69 310.0
2456052.92444 19.400 0.058 4.39 451.0
2456061.78777 19.305 0.047 4.85 282.0
2456062.91528 19.514 0.075 4.82 460.0
2456064.92781 19.513 0.060 4.89 364.0
2456066.79499 19.405 0.057 5.49 291.0
2456067.85649 19.338 0.043 3.86 292.0
2456069.68057 19.254 0.044 4.82 258.0
2456070.74611 19.433 0.048 4.93 212.0
2456071.82388 19.584 0.061 5.16 250.0
2456076.57853 19.322 0.052 4.90 343.0
2456077.80118 19.300 0.044 4.80 254.0
2456078.87559 19.444 0.062 5.05 349.0
2456079.94832 19.407 0.121 5.71 1337.0
2456081.59446 19.322 0.068 4.98 570.0
2456082.66537 19.323 0.106 6.90 652.0
2456085.78865 19.420 0.068 5.28 392.0
2456086.79682 19.414 0.063 5.60 306.0
2456088.65350 19.382 0.043 4.77 216.0
2456092.83343 19.397 0.047 4.40 278.0
2456094.60712 19.346 0.078 7.19 294.0
2456096.72603 19.326 0.055 6.03 235.0
2456096.73882 19.336 0.062 6.42 239.0
2456097.90693 19.430 0.086 6.38 393.0
2456099.75470 19.413 0.079 6.92 280.0
2456101.52810 19.496 0.067 5.22 347.0
2456103.58641 19.340 0.054 5.30 293.0
2456104.66976 19.313 0.039 4.03 230.0
2456105.72304 19.366 0.046 5.04 204.0
2456108.79650 19.436 0.060 4.58 381.0
2456109.68492 19.447 0.087 4.58 838.0
2456113.75164 19.239 0.062 4.92 509.0
2456114.85349 19.325 0.086 5.97 570.0
2456116.57934 19.377 0.046 5.02 226.0
2456117.67024 19.292 0.043 4.40 265.0
2456118.72271 19.362 0.044 4.85 219.0
2456119.72938 19.320 0.048 5.18 227.0
2456121.49204 19.407 0.049 5.10 237.0
2456123.61548 19.411 0.057 6.23 223.0
2456124.73938 19.333 0.045 4.57 247.0
2456125.83093 19.498 0.082 6.47 294.0
2456127.75645 19.478 0.069 6.92 197.0
2456132.55650 19.512 0.069 6.14 225.0
2456134.55368 19.365 0.075 6.44 316.0
2456136.55487 19.619 0.123 7.84 329.0
2456141.49805 19.454 0.071 4.80 501.0
2456149.62085 19.605 0.073 6.00 226.0
2456152.50162 19.378 0.055 5.94 210.0
2456157.67917 19.290 0.056 5.98 233.0
2456159.55341 19.491 0.068 6.05 247.0
2456161.57229 19.419 0.066 6.22 218.0
2456174.64945 19.403 0.092 7.12 362.0
2456179.59098 19.392 0.080 6.68 301.0
2456191.50359 19.429 0.081 6.43 313.0
2456196.53581 19.385 0.084 5.89 432.0
2456199.53352 19.596 0.120 7.66 369.0
2456211.50933 19.300 0.050 4.58 288.0
2456213.56306 19.336 0.075 6.53 324.0
2456218.53870 19.342 0.071 5.74 370.0
2456219.57019 19.278 0.072 5.82 396.0
2456233.54067 19.440 0.102 7.31 403.0
2456340.89064 19.428 0.051 4.68 292.0
2456347.83311 19.393 0.058 5.01 352.0
2456350.87531 19.469 0.064 5.02 327.0
2456354.78683 19.594 0.094 6.38 412.0
2456362.83343 19.367 0.048 4.56 251.0
2456367.88648 19.400 0.041 4.59 195.0
2456370.77121 19.340 0.046 5.01 234.0
2456371.90340 19.269 0.037 4.80 193.0
2456372.89612 19.407 0.047 5.66 210.0
2456374.86394 19.357 0.052 5.91 233.0
2456376.82161 19.362 0.050 4.79 307.0
2456378.76714 19.465 0.052 3.84 464.0
2456379.88632 19.359 0.052 4.21 384.0
2456381.85031 19.324 0.042 3.75 309.0
2456386.77549 19.192 0.042 5.06 244.0
2456387.87080 19.467 0.055 5.75 217.0
2456389.79537 19.412 0.053 5.26 236.0
2456390.86145 19.286 0.043 4.81 225.0
2456393.83551 19.368 0.056 6.18 252.0
2456395.83881 19.277 0.037 4.10 267.0
2456397.81126 19.275 0.037 4.32 221.0
2456399.72677 19.347 0.048 5.17 226.0
2456401.75953 19.434 0.047 5.02 220.0
2456403.68768 19.176 0.045 5.59 272.0
2456404.87379 19.330 0.046 4.50 240.0
2456407.80526 19.320 0.056 5.03 381.0
2456415.72683 19.442 0.063 6.05 254.0
2456416.92177 19.307 0.046 4.33 298.0
2456418.75279 19.393 0.048 4.99 229.0
2456419.91527 19.437 0.055 4.40 304.0
2456421.89483 19.271 0.057 5.72 275.0
2456423.89606 19.414 0.052 4.20 344.0
2456426.76620 19.472 0.046 4.69 252.0
2456428.89956 19.542 0.064 5.39 283.0
2456432.66836 19.282 0.056 6.03 282.0
2456433.77201 19.478 0.056 5.22 260.0
2456435.62075 19.380 0.074 6.11 416.0
2456436.69172 19.237 0.051 4.79 463.0
2456442.75675 19.341 0.042 4.41 274.0
2456444.88497 19.203 0.054 5.45 368.0
2456446.92022 19.368 0.050 4.71 366.0
2456447.94515 19.322 0.077 5.15 755.0
2456449.58573 19.231 0.043 4.91 263.0
2456450.63555 19.317 0.045 4.91 251.0
2456451.69488 19.375 0.045 4.40 314.0
2456452.82407 19.322 0.036 3.90 239.0
2456454.86502 19.372 0.051 4.91 243.0
2456456.75088 19.434 0.041 4.30 232.0
2456458.60379 19.253 0.052 5.68 277.0
2456459.65408 19.296 0.045 5.23 256.0
2456461.54395 19.433 0.071 5.99 337.0
2456462.82101 19.269 0.056 5.66 298.0
2456463.86810 19.325 0.056 5.06 340.0
2456468.58998 19.318 0.070 5.82 471.0
2456469.75975 19.296 0.058 5.23 393.0
2456473.58091 19.311 0.047 5.16 229.0
2456474.65587 19.230 0.048 5.58 262.0
2456475.75005 19.415 0.058 5.22 286.0
2456476.80021 19.254 0.041 4.89 279.0
2456478.56162 19.333 0.060 6.17 269.0
2456480.61921 19.353 0.057 6.44 226.0
2456481.77422 19.447 0.062 5.89 259.0
2456485.62846 19.443 0.048 5.32 208.0
2456486.75879 19.319 0.046 4.81 258.0
2456489.51218 19.388 0.059 5.42 261.0
2456490.64108 19.472 0.051 4.11 271.0
2456491.79089 19.369 0.069 6.59 338.0
2456496.54404 19.497 0.091 5.67 565.0
2456498.57575 19.396 0.042 3.76 321.0
2456500.66990 19.334 0.069 7.02 276.0
2456505.49225 19.368 0.058 5.85 278.0
2456507.64304 19.374 0.066 6.43 254.0
2456509.60079 19.355 0.033 3.30 232.0
2456511.48056 19.350 0.053 5.27 276.0
2456514.75479 19.378 0.064 5.83 306.0
2456523.56969 19.376 0.048 3.86 401.0
2456525.59058 19.478 0.085 5.69 450.0
2456531.56820 19.415 0.057 5.73 245.0
2456534.52599 19.384 0.060 5.55 284.0
2456539.50373 19.378 0.052 5.27 257.0
2456544.54736 19.320 0.046 5.42 225.0
2456559.56891 19.264 0.051 5.46 292.0
2456563.56347 19.521 0.073 6.09 247.0
2456565.61818 19.266 0.054 6.00 293.0
2456569.58069 19.322 0.050 5.19 268.0
2456572.56774 19.383 0.065 5.66 307.0
2456576.58173 19.337 0.139 6.33 1445.0
2456581.52729 19.282 0.063 5.01 421.0
2456584.52862 19.273 0.079 5.34 638.0
2456701.86382 19.371 0.055 4.92 449.0
2456708.87168 19.545 0.064 4.92 395.0
2456714.83215 19.389 0.078 7.20 322.0
2456717.83501 19.386 0.080 7.38 316.0
2456720.80842 19.393 0.062 5.75 353.0
2456722.83367 19.380 0.071 6.80 346.0
2456724.85574 19.283 0.051 5.69 306.0
2456726.85745 19.432 0.054 5.07 313.0
2456728.84960 19.293 0.039 4.78 262.0
2456730.81976 19.410 0.076 6.70 360.0
2456732.88756 19.363 0.060 5.35 397.0
2456734.82996 19.382 0.056 4.98 395.0
2456736.76811 19.186 0.069 6.40 512.0
2456737.77986 19.305 0.058 5.60 444.0
2456741.86776 19.343 0.075 7.34 512.0
2456742.81644 19.419 0.044 4.53 277.0
2456744.91458 19.369 0.046 4.93 304.0
2456746.82808 19.467 0.061 6.45 250.0
2456748.86678 19.388 0.043 4.57 261.0
2456751.76923 19.349 0.040 4.55 262.0
2456754.79232 19.556 0.073 6.39 260.0
2456756.83785 19.397 0.040 4.01 248.0
2456758.87753 19.338 0.054 6.71 249.0
2456760.82383 19.299 0.041 4.58 315.0
2456762.76975 19.323 0.046 4.75 304.0
2456764.73759 19.305 0.053 4.73 508.0
2456765.90999 19.435 0.067 5.57 482.0
2456769.81434 19.249 0.043 4.55 324.0
2456771.69335 19.252 0.041 4.84 268.0
2456772.85842 19.437 0.042 3.85 281.0
2456774.73320 19.487 0.072 6.74 298.0
2456776.66459 19.477 0.071 6.73 343.0
2456777.92573 19.429 0.056 4.68 348.0
2456790.65493 19.436 0.081 5.59 472.0
2456791.70971 19.289 0.068 5.25 500.0
2456792.73172 19.278 0.056 4.06 582.0
2456792.75668 19.403 0.071 4.52 611.0
2456796.81227 19.287 0.053 4.45 391.0
2456797.89949 19.406 0.074 4.77 658.0
2456803.76243 19.368 0.037 3.78 224.0
2456804.77171 19.392 0.045 4.16 259.0
2456805.83110 19.438 0.063 5.34 288.0
2456807.81419 19.395 0.070 6.24 266.0
2456808.83753 19.293 0.044 4.54 262.0
2456809.89047 19.207 0.054 5.35 335.0
2456810.92005 19.262 0.061 5.23 436.0
2456811.93299 19.461 0.106 6.93 461.0
2456814.73917 19.381 0.046 4.54 220.0
2456815.80301 19.329 0.052 4.84 281.0
2456816.87678 19.233 0.070 7.02 290.0
2456817.93271 19.512 0.106 6.71 458.0
2456819.78897 19.294 0.096 6.90 537.0
2456824.65108 19.422 0.074 5.16 461.0
2456825.67013 19.398 0.059 5.01 304.0
2456826.69082 19.353 0.045 4.01 288.0
2456827.77227 19.379 0.050 4.60 276.0
2456828.81905 19.343 0.048 5.21 243.0
2456830.81995 19.345 0.044 4.42 432.0
2456832.57667 19.494 0.069 5.96 250.0
2456833.63967 19.346 0.051 4.95 247.0
2456834.64683 19.358 0.062 5.61 281.0
2456835.72117 19.393 0.054 5.47 209.0
2456836.75466 19.337 0.059 5.70 275.0
2456837.76579 19.340 0.057 5.09 342.0
2456838.76601 19.287 0.060 5.71 289.0
2456839.78200 19.447 0.064 5.33 316.0
2456841.52696 19.395 0.057 4.62 389.0
2456842.58152 19.345 0.067 5.66 359.0
2456844.61028 19.423 0.051 4.34 318.0
2456845.59857 19.386 0.053 4.68 318.0
2456847.58798 19.328 0.054 4.20 452.0
2456851.55417 19.344 0.063 4.66 556.0
2456852.61708 19.261 0.072 5.85 489.0
2456855.69268 19.443 0.063 6.10 233.0
2456856.71743 19.340 0.051 5.24 260.0
2456857.77019 19.502 0.063 5.67 275.0
2456859.59129 19.353 0.085 6.95 285.0
2456862.77661 19.393 0.068 6.09 346.0
2456864.53645 19.506 0.077 7.14 219.0
2456870.60990 19.457 0.066 6.52 232.0
2456873.47901 19.346 0.081 6.59 314.0
2456879.66754 19.475 0.094 5.62 555.0
2456881.62969 19.450 0.068 5.07 351.0
2456883.52694 19.501 0.065 5.57 292.0
2456885.73004 19.301 0.066 6.67 322.0
2456887.64262 19.315 0.041 4.29 214.0
2456889.57648 19.378 0.044 4.46 209.0
2456891.48051 19.502 0.087 6.40 343.0
2456895.69415 19.353 0.063 5.99 267.0
2456909.54486 19.494 0.112 5.89 606.0
2456919.57774 19.376 0.065 6.01 275.0
2456924.53105 19.419 0.096 7.08 364.0
2456927.52824 19.390 0.085 6.76 326.0
2456931.48291 19.335 0.105 4.65 1480.0
2456932.54641 19.478 0.139 6.45 993.0
2456938.56643 19.246 0.078 5.35 582.0
2456943.54652 19.322 0.077 6.77 385.0
2456949.53746 19.294 0.076 6.88 318.0
2456952.54218 19.222 0.069 5.47 407.0
2456955.52991 19.385 0.058 4.65 385.0
2457066.87613 19.381 0.079 5.54 508.0
2457071.84652 19.450 0.057 5.21 293.0
2457074.87064 19.284 0.064 6.37 312.0
2457075.84677 19.270 0.059 6.31 292.0
2457077.83337 19.324 0.067 6.39 309.0
2457078.88705 19.386 0.045 4.17 271.0
2457081.88510 19.436 0.068 6.02 263.0
2457083.81085 19.323 0.062 5.63 369.0
2457084.80557 19.433 0.078 5.52 454.0
2457086.89206 19.411 0.058 4.44 376.0
2457089.79152 19.318 0.062 5.33 444.0
2457091.83447 19.331 0.056 4.85 395.0
2457093.85509 19.395 0.057 4.45 383.0
2457098.89678 19.264 0.042 4.54 261.0
2457100.89309 19.391 0.052 4.83 268.0
2457108.83015 19.019 0.058 6.92 306.0
2457109.77813 19.011 0.043 6.10 252.0
2457110.91538 18.884 0.031 4.07 352.0
2457112.86723 18.458 0.030 5.99 304.0
2457113.88362 18.241 0.019 4.50 258.0
2457115.90737 18.491 0.022 3.90 300.0
2457117.88436 19.002 0.036 4.26 389.0
2457119.92558 19.107 0.076 5.54 837.0
2457125.83217 19.320 0.041 3.81 302.0
2457129.78220 19.420 0.051 4.96 250.0
2457131.69149 19.300 0.051 5.26 309.0
2457133.81047 19.446 0.084 6.82 299.0
2457134.92803 19.295 0.057 4.22 532.0
2457136.79361 19.268 0.047 4.83 275.0
2457137.93060 19.227 0.084 6.12 621.0
2457139.78362 19.335 0.044 4.26 247.0
2457140.91005 19.372 0.056 4.80 318.0
2457142.74497 19.338 0.046 4.03 302.0
2457143.85651 19.413 0.057 5.11 315.0
2457145.81460 19.456 0.068 5.22 426.0
2457146.84606 19.476 0.081 4.99 589.0
2457147.86651 19.364 0.079 5.69 540.0
2457153.71780 19.417 0.047 4.17 300.0
2457154.82494 19.348 0.052 4.62 308.0
2457155.90073 19.330 0.053 4.27 360.0
2457157.83487 19.439 0.051 4.57 262.0
2457158.92635 19.352 0.061 4.95 362.0
2457160.64783 19.376 0.064 5.74 300.0
2457161.72024 19.310 0.047 5.12 290.0
2457162.78879 19.355 0.059 6.11 255.0
2457163.84141 19.323 0.051 4.89 280.0
2457166.60459 19.292 0.074 6.92 331.0
2457168.81040 19.443 0.063 5.93 262.0
2457170.60757 19.367 0.056 5.29 295.0
2457172.65419 19.280 0.071 6.38 356.0
2457173.67513 19.436 0.068 4.70 482.0
2457174.68367 19.506 0.073 4.86 455.0
2457175.69763 19.386 0.078 4.78 697.0
2457176.92534 19.064 0.053 4.65 596.0
2457178.79559 19.241 0.060 4.22 588.0
2457179.65204 19.445 0.090 6.59 390.0
2457180.64749 19.420 0.072 6.00 317.0
2457181.64305 19.335 0.052 5.63 238.0
2457182.66076 19.341 0.056 6.23 200.0
2457183.67262 19.528 0.072 6.48 206.0
2457184.71839 19.369 0.072 7.45 221.0
2457185.73893 19.284 0.061 6.76 251.0
2457186.89027 19.583 0.088 5.90 344.0
2457187.90314 19.491 0.070 5.14 404.0
2457189.60235 19.293 0.056 5.66 275.0
2457190.65952 19.263 0.051 4.90 331.0
2457191.84037 19.417 0.072 6.44 290.0
2457194.71759 19.370 0.047 4.32 276.0
2457197.80403 19.352 0.059 5.55 258.0
2457198.83196 19.474 0.109 5.75 787.0
2457199.83130 19.369 0.057 5.12 293.0
2457200.81509 19.228 0.048 4.61 338.0
2457206.69617 19.471 0.092 5.42 593.0
2457207.71050 19.438 0.069 4.99 432.0
2457211.83521 19.577 0.091 5.99 446.0
2457217.58580 19.394 0.070 6.60 263.0
2457221.50348 19.337 0.061 6.28 292.0
2457222.56583 19.350 0.068 6.87 354.0
2457223.70219 19.399 0.067 6.19 252.0
2457224.80376 19.232 0.067 6.67 454.0
2457226.70309 19.345 0.052 5.36 227.0
2457227.71370 19.431 0.052 5.03 233.0
2457228.76973 19.330 0.048 5.05 227.0
2457229.80530 19.409 0.063 4.91 375.0
2457235.70170 19.305 0.061 4.72 512.0
2457249.60164 19.290 0.061 6.59 219.0
2457252.67472 19.434 0.062 6.02 271.0
2457255.62374 19.251 0.061 6.39 264.0
2457258.53310 19.352 0.102 5.71 826.0
2457263.53265 19.504 0.073 4.92 468.0
2457269.69858 19.429 0.062 5.02 340.0
2457272.54798 19.330 0.071 6.42 326.0
2457277.50186 19.381 0.070 6.73 245.0
2457281.52769 19.419 0.079 6.71 270.0
2457292.56864 19.268 0.094 6.92 553.0
2457295.56945 19.467 0.065 4.75 384.0
2457300.49121 19.465 0.091 6.95 348.0
2457317.51699 19.499 0.091 5.96 461.0
2457324.50219 19.343 0.102 6.97 476.0
2457329.51214 19.455 0.107 6.78 460.0
2457333.51066 19.515 0.109 6.35 557.0
