2455265.87430 15.867 0.005 4.31 823.0
2455266.82056 15.846 0.005 5.59 453.0
2455267.84780 15.854 0.005 4.99 417.0
2455268.85018 15.852 0.005 4.54 395.0
2455269.81390 15.851 0.005 4.22 389.0
2455270.81954 15.870 0.005 3.83 371.0
2455271.81510 15.858 0.005 4.47 454.0
2455272.82022 15.868 0.005 5.38 368.0
2455273.80522 15.867 0.005 5.05 378.0
2455274.82376 15.871 0.005 4.52 373.0
2455275.81006 15.853 0.005 4.25 461.0
2455276.78823 15.868 0.005 4.40 393.0
2455276.91582 15.849 0.006 4.12 1392.0
2455277.84425 15.853 0.005 5.51 402.0
2455278.82033 15.862 0.005 5.27 387.0
2455279.82159 15.856 0.005 5.05 373.0
2455280.82823 15.852 0.005 3.86 405.0
2455281.80813 15.857 0.004 3.42 381.0
2455282.83087 15.868 0.005 3.83 449.0
2455283.79091 15.867 0.005 5.02 590.0
2455283.88233 15.860 0.005 5.62 413.0
2455284.79659 15.869 0.006 4.96 700.0
2455285.78740 15.863 0.006 5.49 814.0
2455285.91788 15.863 0.006 5.24 1060.0
2455286.80305 15.844 0.006 5.57 732.0
2455287.85623 15.861 0.005 3.61 621.0
2455288.78159 15.865 0.005 4.36 751.0
2455289.83348 15.854 0.005 4.49 763.0
2455293.86143 15.855 0.005 3.95 406.0
2455294.81268 15.861 0.004 3.70 322.0
2455295.81572 15.862 0.005 4.31 314.0
2455296.85513 15.847 0.004 3.01 314.0
2455297.89129 15.851 0.004 3.35 322.0
2455298.92592 15.844 0.005 3.42 1110.0
2455299.91633 15.864 0.004 4.43 400.0
2455301.84124 15.854 0.005 5.12 366.0
2455306.80129 15.857 0.004 4.14 343.0
2455307.82673 15.863 0.005 4.28 397.0
2455308.81641 15.861 0.004 4.05 321.0
2455309.87121 15.852 0.005 4.65 358.0
2455310.87960 15.836 0.003 4.61 357.0
2455312.73619 15.858 0.006 6.21 535.0
2455313.77266 15.866 0.006 5.61 618.0
2455314.69967 15.856 0.006 5.36 978.0
2455314.91238 15.848 0.005 4.03 783.0
2455315.84018 15.850 0.005 4.55 907.0
2455316.79634 15.858 0.006 5.42 773.0
2455319.93802 15.857 0.007 4.17 2243.0
2455320.83537 15.865 0.005 4.14 674.0
2455321.78121 15.849 0.005 4.68 494.0
2455323.66720 15.857 0.006 6.16 508.0
2455323.89173 15.856 0.005 4.34 590.0
2455324.82422 15.855 0.005 5.25 418.0
2455325.73759 15.852 0.005 4.40 344.0
2455326.62458 15.862 0.006 6.44 503.0
2455326.86410 15.847 0.005 4.27 426.0
2455327.81277 15.853 0.005 4.66 367.0
2455328.74202 15.850 0.005 4.81 377.0
2455328.93432 15.848 0.005 4.34 1044.0
2455334.86411 15.861 0.005 6.05 390.0
2455335.82987 15.858 0.005 4.25 378.0
2455336.92514 15.852 0.005 3.73 548.0
2455337.92642 15.865 0.005 5.81 629.0
2455339.68470 15.860 0.006 5.64 599.0
2455340.64332 15.859 0.007 7.51 751.0
2455340.90176 15.847 0.006 5.29 712.0
2455341.83312 15.853 0.005 4.00 598.0
2455342.66046 15.868 0.006 6.03 729.0
2455342.85671 15.860 0.005 4.95 684.0
2455343.68047 15.860 0.006 4.80 869.0
2455343.88672 15.855 0.006 5.14 944.0
2455348.82114 15.861 0.006 6.65 517.0
2455349.73127 15.845 0.006 5.40 950.0
2455350.70940 15.866 0.005 5.74 396.0
2455351.86848 15.849 0.005 4.75 513.0
2455352.87520 15.849 0.005 4.21 561.0
2455353.79804 15.855 0.005 3.76 389.0
2455354.80472 15.847 0.005 3.66 448.0
2455355.73408 15.847 0.005 4.66 428.0
2455357.73404 15.863 0.005 5.92 373.0
2455359.71461 15.855 0.005 5.80 465.0
2455361.65652 15.855 0.006 6.46 377.0
2455362.90863 15.846 0.006 6.48 645.0
2455365.57206 15.864 0.005 5.67 575.0
2455365.89692 15.865 0.006 5.84 557.0
2455376.63384 15.866 0.006 6.45 636.0
2455376.82841 15.859 0.006 6.08 787.0
2455377.52242 15.850 0.006 6.96 512.0
2455377.76082 15.847 0.005 4.58 511.0
2455378.65467 15.845 0.004 4.16 382.0
2455378.88187 15.847 0.005 5.44 653.0
2455379.79620 15.861 0.005 4.48 476.0
2455380.67503 15.854 0.004 4.25 292.0
2455381.54037 15.864 0.005 5.64 533.0
2455381.75390 15.854 0.006 6.99 471.0
2455382.62893 15.867 0.006 7.00 429.0
2455382.83681 15.871 0.007 7.43 558.0
2455385.83869 15.851 0.004 4.77 354.0
2455386.54122 15.852 0.005 4.18 666.0
2455386.62273 15.853 0.004 4.30 440.0
2455386.70716 15.846 0.004 4.75 437.0
2455387.47272 15.845 0.005 3.83 703.0
2455387.83839 15.855 0.005 5.34 416.0
2455388.79298 15.853 0.005 4.77 281.0
2455389.72540 15.858 0.005 5.45 281.0
2455390.67411 15.862 0.006 6.65 340.0
2455391.53393 15.866 0.005 5.94 395.0
2455392.47102 15.858 0.006 6.44 534.0
2455392.80106 15.861 0.005 4.64 331.0
2455393.77752 15.872 0.006 6.34 333.0
2455396.72542 15.848 0.005 4.71 352.0
2455396.76017 15.861 0.005 4.86 323.0
2455402.52328 15.871 0.012 7.34 3517.0
2455403.50914 15.856 0.005 4.08 870.0
2455403.70198 15.864 0.005 3.84 867.0
2455404.57271 15.860 0.005 4.33 564.0
2455404.77772 15.844 0.005 4.63 745.0
2455405.78527 15.873 0.005 4.28 573.0
2455407.64188 15.846 0.006 6.87 368.0
2455408.56959 15.862 0.005 6.13 350.0
2455408.76227 15.874 0.006 6.18 554.0
2455409.76449 15.864 0.005 5.44 460.0
2455410.76875 15.857 0.005 4.97 476.0
2455411.77987 15.866 0.005 6.06 473.0
2455412.52443 15.857 0.005 5.91 412.0
2455412.70251 15.858 0.006 6.98 389.0
2455413.49136 15.865 0.005 5.19 420.0
2455413.77334 15.865 0.005 6.84 342.0
2455416.61858 15.850 0.005 6.28 315.0
2455418.68583 15.873 0.005 5.67 291.0
2455421.69921 15.861 0.005 5.79 268.0
2455423.51674 15.856 0.005 4.99 320.0
2455426.53328 15.844 0.005 4.61 998.0
2455430.46694 15.867 0.010 5.16 4267.0
2455430.53828 15.852 0.006 4.99 767.0
2455430.60289 15.861 0.006 5.13 648.0
2455431.46970 15.858 0.009 6.40 2088.0
2455431.59770 15.856 0.005 4.71 571.0
2455432.51820 15.863 0.008 6.80 1189.0
2455432.56184 15.860 0.006 6.93 574.0
2455433.51890 15.835 0.011 7.02 3874.0
2455434.47255 15.852 0.007 6.23 1158.0
2455434.56884 15.860 0.005 4.74 454.0
2455435.47201 15.874 0.007 5.55 1362.0
2455435.53897 15.855 0.005 4.83 451.0
2455436.47001 15.865 0.008 5.74 2102.0
2455436.60168 15.851 0.005 5.13 420.0
2455437.47585 15.853 0.005 4.46 702.0
2455438.49143 15.848 0.006 6.27 458.0
2455438.59441 15.852 0.005 4.99 376.0
2455439.47266 15.855 0.008 7.07 950.0
2455439.63513 15.859 0.005 6.08 357.0
2455443.48473 15.855 0.005 5.10 382.0
2455443.65390 15.857 0.005 5.62 374.0
2455444.47616 15.854 0.007 6.87 734.0
2455444.67513 15.854 0.005 5.90 422.0
2455445.50628 15.846 0.004 3.51 388.0
2455446.52267 15.846 0.005 4.64 374.0
2455446.56510 15.857 0.005 4.33 381.0
2455447.49525 15.846 0.005 4.39 373.0
2455447.57411 15.858 0.005 4.71 338.0
2455448.49688 15.845 0.004 3.87 349.0
2455449.50717 15.843 0.005 5.89 374.0
2455449.52290 15.851 0.005 6.05 361.0
2455450.59077 15.846 0.005 5.68 373.0
2455453.50491 15.853 0.006 5.07 958.0
2455453.53094 15.852 0.006 6.29 542.0
2455453.65602 15.852 0.005 4.51 438.0
2455454.49637 15.831 0.007 5.07 2179.0
2455457.48688 15.865 0.004 3.46 627.0
2455457.53979 15.846 0.004 3.60 535.0
2455457.58732 15.861 0.005 4.29 554.0
2455457.62802 15.854 0.005 4.64 578.0
2455458.52228 15.849 0.006 6.99 595.0
2455458.56910 15.864 0.006 5.92 574.0
2455458.57249 15.868 0.006 5.79 579.0
2455459.48910 15.850 0.005 4.79 553.0
2455459.50233 15.854 0.005 5.48 522.0
2455459.53554 15.858 0.005 4.28 537.0
2455459.57924 15.850 0.005 5.04 582.0
2455460.47890 15.844 0.008 7.11 1045.0
2455460.50503 15.852 0.005 5.13 596.0
2455460.52508 15.849 0.005 5.73 496.0
2455460.56559 15.842 0.006 5.41 1476.0
2455461.49071 15.866 0.007 6.37 966.0
2455461.49453 15.864 0.007 6.73 1348.0
2455461.52660 15.857 0.007 5.64 1664.0
2455461.62021 15.868 0.006 5.67 1271.0
2455462.49400 15.848 0.005 5.70 524.0
2455462.51236 15.849 0.005 5.03 513.0
2455462.60471 15.855 0.005 4.95 633.0
2455463.48950 15.848 0.005 5.12 549.0
2455463.49912 15.851 0.005 5.45 518.0
2455463.54158 15.857 0.005 4.83 539.0
2455464.48179 15.855 0.006 6.37 807.0
2455464.50436 15.859 0.005 4.97 449.0
2455464.53162 15.846 0.005 5.06 490.0
2455465.48293 15.862 0.006 7.04 667.0
2455465.53442 15.862 0.005 6.09 403.0
2455466.48843 15.852 0.006 7.63 446.0
2455466.53593 15.849 0.006 6.39 408.0
2455466.53952 15.844 0.006 6.52 410.0
2455467.49606 15.858 0.005 5.60 428.0
2455468.53473 15.858 0.006 6.22 428.0
2455468.54598 15.870 0.006 6.82 421.0
2455469.53083 15.852 0.004 3.94 400.0
2455469.55073 15.860 0.005 4.84 426.0
2455470.53847 15.847 0.005 5.14 433.0
2455470.58932 15.855 0.005 4.56 464.0
2455471.52884 15.863 0.005 4.87 370.0
2455471.57341 15.852 0.005 5.04 393.0
2455472.50086 15.858 0.005 6.15 471.0
2455472.52953 15.853 0.006 7.44 468.0
2455473.48860 15.848 0.006 7.25 482.0
2455473.51265 15.848 0.005 6.12 419.0
2455473.58184 15.848 0.005 5.43 425.0
2455476.51878 15.852 0.005 5.74 434.0
2455477.51990 15.870 0.006 6.22 476.0
2455478.50601 15.848 0.005 5.92 420.0
2455478.54307 15.853 0.005 5.47 423.0
2455479.55055 15.866 0.004 5.74 407.0
2455480.49410 15.847 0.005 5.08 506.0
2455480.54715 15.870 0.006 6.41 504.0
2455481.51740 15.857 0.007 5.90 1002.0
2455484.54409 15.851 0.009 7.37 1333.0
2455485.50403 15.862 0.007 7.13 620.0
2455485.56167 15.855 0.006 5.49 749.0
2455486.49378 15.864 0.007 6.64 741.0
2455486.54960 15.864 0.006 5.52 717.0
2455487.53239 15.855 0.005 4.75 613.0
2455488.51967 15.851 0.005 4.21 692.0
2455489.50601 15.876 0.006 5.74 623.0
2455490.50614 15.841 0.007 6.49 728.0
2455492.49339 15.857 0.008 6.92 1296.0
2455493.51459 15.868 0.007 6.81 733.0
2455494.51178 15.864 0.007 7.04 655.0
2455495.52311 15.861 0.005 4.52 551.0
2455497.51457 15.874 0.005 5.19 558.0
2455499.49655 15.877 0.008 6.64 1520.0
2455499.52568 15.869 0.006 6.39 633.0
2455504.49797 15.864 0.008 6.45 1255.0
2455507.50199 15.833 0.009 6.87 1939.0
2455595.86887 15.861 0.006 6.71 752.0
2455595.87072 15.831 0.006 6.72 780.0
2455595.87279 15.845 0.006 6.41 843.0
2455595.87431 15.866 0.007 6.98 911.0
2455595.87938 15.840 0.008 6.90 1527.0
2455596.86926 15.868 0.006 6.55 687.0
2455596.87841 15.855 0.006 5.64 1049.0
2455597.87808 15.867 0.007 7.10 856.0
2455597.88315 15.869 0.008 6.89 1820.0
2455598.87727 15.870 0.005 5.66 674.0
2455599.88543 15.852 0.006 4.47 1211.0
2455600.88363 15.863 0.006 5.74 932.0
2455600.88685 15.842 0.006 4.58 1491.0
2455601.88351 15.845 0.006 6.74 746.0
2455602.87193 15.848 0.007 8.27 535.0
2455604.88034 15.860 0.005 5.97 552.0
2455605.87846 15.856 0.004 4.48 466.0
2455606.87613 15.853 0.005 5.49 455.0
2455607.88113 15.852 0.005 4.90 536.0
2455608.87538 15.850 0.005 6.84 413.0
2455611.85991 15.850 0.006 6.88 721.0
2455612.87512 15.874 0.006 7.00 603.0
2455614.86039 15.862 0.005 5.24 596.0
2455615.86897 15.851 0.005 4.80 523.0
2455616.86195 15.848 0.005 5.50 548.0
2455617.87961 15.846 0.007 6.48 1387.0
2455620.84993 15.849 0.005 6.26 594.0
2455620.87609 15.853 0.005 5.44 541.0
2455621.85265 15.863 0.004 5.24 389.0
2455621.89841 15.849 0.005 4.09 699.0
2455622.87096 15.859 0.004 4.93 315.0
2455624.88957 15.855 0.004 4.21 351.0
2455626.86078 15.860 0.005 5.46 392.0
2455628.82023 15.853 0.005 5.34 410.0
2455629.84687 15.854 0.004 4.56 330.0
2455631.87517 15.856 0.004 4.75 383.0
2455633.83013 15.851 0.004 4.56 419.0
2455635.86304 15.843 0.005 5.48 423.0
2455637.90579 15.868 0.006 7.36 414.0
2455638.86382 15.851 0.005 5.10 482.0
2455639.78567 15.867 0.005 5.47 688.0
2455640.80454 15.848 0.005 5.24 672.0
2455640.89150 15.851 0.005 4.65 529.0
2455641.81036 15.852 0.005 4.93 600.0
2455642.77078 15.863 0.006 6.01 751.0
2455642.89153 15.850 0.005 5.41 538.0
2455643.79669 15.856 0.005 5.12 651.0
2455643.89739 15.847 0.004 4.55 522.0
2455644.80298 15.847 0.006 5.17 1077.0
2455648.81074 15.838 0.004 5.31 373.0
2455648.89798 15.847 0.004 5.63 348.0
2455649.79318 15.851 0.004 4.67 316.0
2455649.89914 15.851 0.004 5.16 310.0
2455650.78510 15.853 0.004 4.63 303.0
2455650.89164 15.863 0.005 6.48 323.0
2455651.80940 15.852 0.004 4.90 341.0
2455652.74682 15.839 0.004 4.97 337.0
2455652.85058 15.865 0.004 4.67 308.0
2455653.90582 15.842 0.004 3.87 320.0
2455654.82843 15.854 0.004 4.55 311.0
2455655.74199 15.845 0.005 5.40 456.0
2455655.81904 15.854 0.004 4.34 369.0
2455656.76932 15.846 0.004 4.65 404.0
2455656.85507 15.853 0.004 3.78 345.0
2455657.81625 15.859 0.004 3.81 352.0
2455657.90644 15.841 0.004 4.19 312.0
2455658.81261 15.843 0.005 5.93 321.0
2455658.91103 15.861 0.005 5.91 303.0
2455659.76388 15.863 0.004 4.86 342.0
2455659.84215 15.853 0.005 5.67 324.0
2455660.72843 15.861 0.005 6.04 380.0
2455660.81913 15.851 0.004 4.88 310.0
2455662.72749 15.860 0.005 6.45 405.0
2455662.82962 15.849 0.004 4.91 413.0
2455662.90974 15.853 0.004 4.36 395.0
2455664.77336 15.855 0.005 6.25 443.0
2455664.87413 15.850 0.005 6.58 381.0
2455665.75465 15.864 0.006 7.15 403.0
2455665.86456 15.848 0.004 5.50 315.0
2455667.76151 15.850 0.004 4.39 471.0
2455668.73904 15.861 0.005 5.01 621.0
2455669.76391 15.862 0.005 5.02 673.0
2455670.73860 15.841 0.006 5.25 1387.0
2455670.92455 15.858 0.005 3.86 767.0
2455675.79981 15.858 0.005 4.71 549.0
2455676.72655 15.860 0.003 4.45 177.0
2455676.91564 15.858 0.004 4.10 373.0
2455677.86628 15.853 0.004 3.85 356.0
2455679.77857 15.854 0.004 4.70 361.0
2455680.67270 15.852 0.005 6.67 399.0
2455680.85506 15.854 0.004 4.50 344.0
2455681.74070 15.859 0.004 4.69 371.0
2455681.92755 15.855 0.005 4.47 511.0
2455682.83371 15.859 0.004 4.23 417.0
2455682.85938 15.866 0.004 4.19 435.0
2455683.80517 15.860 0.004 4.38 379.0
2455684.70840 15.860 0.004 4.48 380.0
2455684.92035 15.852 0.004 4.01 392.0
2455685.89047 15.859 0.004 3.91 356.0
2455686.80144 15.856 0.004 3.89 394.0
2455687.68762 15.866 0.005 6.40 539.0
2455688.84738 15.861 0.004 4.06 338.0
2455689.80361 15.859 0.004 4.31 316.0
2455690.79500 15.867 0.004 5.62 369.0
2455691.73430 15.853 0.004 5.06 344.0
2455691.93513 15.859 0.005 6.80 673.0
2455692.80873 15.856 0.005 5.09 480.0
2455693.63672 15.854 0.005 5.55 572.0
2455693.83179 15.852 0.004 3.48 481.0
2455694.64879 15.864 0.005 5.14 635.0
2455694.83998 15.845 0.004 4.12 415.0
2455695.66047 15.871 0.005 5.49 523.0
2455695.87940 15.848 0.004 4.05 360.0
2455696.69650 15.854 0.005 4.87 541.0
2455696.86892 15.855 0.005 4.86 533.0
2455697.71185 15.854 0.005 4.70 604.0
2455697.87212 15.848 0.004 3.94 648.0
2455698.71024 15.858 0.006 5.66 948.0
2455698.86917 15.860 0.005 4.80 969.0
2455703.83467 15.872 0.006 6.76 574.0
2455705.85663 15.846 0.005 5.44 392.0
2455706.79385 15.859 0.005 6.04 420.0
2455707.68634 15.861 0.004 5.18 385.0
2455707.84368 15.841 0.004 3.96 501.0
2455708.66678 15.861 0.005 5.91 340.0
2455708.85034 15.865 0.005 6.65 534.0
2455709.85343 15.872 0.004 4.44 414.0
2455712.75154 15.850 0.004 4.13 379.0
2455713.76041 15.848 0.004 4.22 365.0
2455714.65664 15.857 0.004 5.50 304.0
2455714.66962 15.831 0.003 4.55 272.0
2455715.70181 15.851 0.004 5.09 303.0
2455715.89116 15.851 0.005 5.90 381.0
2455716.77560 15.858 0.005 6.09 299.0
2455721.59702 15.844 0.005 5.15 523.0
2455721.60951 15.844 0.005 5.46 469.0
2455721.62192 15.837 0.004 5.25 480.0
2455721.84787 15.837 0.005 5.06 450.0
2455722.68782 15.851 0.004 4.71 372.0
2455723.57447 15.859 0.005 4.95 521.0
2455723.75225 15.844 0.004 4.15 378.0
2455724.57367 15.852 0.005 5.42 686.0
2455724.80316 15.850 0.005 5.11 461.0
2455725.72708 15.838 0.004 3.76 601.0
2455726.62736 15.843 0.005 5.32 731.0
2455726.80018 15.836 0.005 4.89 784.0
2455734.78302 15.855 0.005 5.85 395.0
2455735.73308 15.849 0.004 5.02 373.0
2455736.65132 15.853 0.004 3.73 304.0
2455736.86710 15.844 0.004 4.16 466.0
2455737.65890 15.855 0.004 4.08 292.0
2455737.84009 15.854 0.004 4.62 373.0
2455738.70050 15.842 0.004 3.87 327.0
2455739.56946 15.841 0.005 5.37 389.0
2455739.75505 15.843 0.004 4.28 328.0
2455740.54910 15.852 0.005 6.18 447.0
2455740.75318 15.852 0.004 4.91 351.0
2455741.52395 15.850 0.005 5.93 448.0
2455741.70629 15.845 0.004 5.06 283.0
2455741.86257 15.850 0.004 4.31 383.0
2455742.61847 15.841 0.004 4.89 320.0
2455742.79589 15.845 0.004 3.80 336.0
2455743.66983 15.862 0.004 4.58 338.0
2455743.84469 15.848 0.005 5.60 500.0
2455744.60328 15.857 0.005 6.12 427.0
2455744.82183 15.851 0.005 5.56 360.0
2455745.60238 15.854 0.005 6.65 364.0
2455745.77831 15.841 0.005 6.11 324.0
2455746.62396 15.852 0.005 5.64 325.0
2455746.81055 15.836 0.005 6.50 357.0
2455747.70739 15.856 0.005 7.11 326.0
2455748.69088 15.850 0.005 6.01 357.0
2455749.65527 15.850 0.005 5.94 335.0
2455749.81173 15.857 0.005 7.30 349.0
2455752.72412 15.850 0.004 5.74 396.0
2455753.61089 15.851 0.005 5.18 998.0
2455760.61267 15.859 0.005 6.26 508.0
2455760.78985 15.859 0.005 4.90 559.0
2455762.48707 15.850 0.005 5.56 421.0
2455762.64663 15.845 0.005 5.49 356.0
2455763.52064 15.845 0.004 4.43 433.0
2455764.52651 15.846 0.004 4.82 380.0
2455764.70467 15.846 0.004 4.47 342.0
2455765.57984 15.853 0.004 4.48 493.0
2455765.76716 15.855 0.005 6.78 433.0
2455766.64074 15.851 0.004 3.82 286.0
2455767.51845 15.845 0.005 5.51 416.0
2455767.72726 15.841 0.005 5.41 354.0
2455768.57602 15.855 0.004 4.52 378.0
2455768.75591 15.851 0.004 5.04 390.0
2455769.59709 15.855 0.004 5.05 298.0
2455770.65683 15.849 0.005 6.22 354.0
2455776.52961 15.849 0.006 7.70 397.0
2455776.75383 15.839 0.006 7.55 367.0
2455777.69633 15.851 0.004 4.28 323.0
2455778.59779 15.838 0.005 6.55 511.0
2455779.72672 15.856 0.004 4.97 357.0
2455786.48049 15.852 0.006 5.74 766.0
2455786.69855 15.856 0.005 5.64 674.0
2455787.55090 15.851 0.004 3.88 577.0
2455787.72308 15.853 0.005 5.47 729.0
2455788.63895 15.847 0.005 5.26 487.0
2455790.52402 15.856 0.005 5.67 332.0
2455790.69860 15.855 0.005 5.88 448.0
2455793.54276 15.847 0.005 5.51 355.0
2455793.70613 15.853 0.005 5.18 396.0
2455794.61811 15.846 0.005 5.60 327.0
2455795.63162 15.854 0.005 6.35 336.0
2455796.59978 15.848 0.005 5.75 367.0
2455801.50773 15.856 0.005 5.51 342.0
2455801.67928 15.847 0.005 7.23 370.0
2455804.48074 15.865 0.004 5.03 420.0
2455804.66241 15.847 0.006 7.53 420.0
2455805.62848 15.847 0.005 5.96 372.0
2455807.58224 15.845 0.005 6.79 351.0
2455812.56647 15.852 0.006 5.80 785.0
2455813.55262 15.854 0.005 4.14 631.0
2455815.52073 15.850 0.004 4.28 513.0
2455816.48122 15.849 0.005 4.27 718.0
2455817.48382 15.861 0.004 4.22 575.0
2455817.65874 15.853 0.006 7.69 632.0
2455818.64020 15.849 0.006 7.13 702.0
2455819.64605 15.868 0.005 5.20 637.0
2455820.62204 15.866 0.005 5.27 570.0
2455822.57217 15.866 0.005 5.92 317.0
2455823.50378 15.844 0.005 6.43 402.0
2455823.59060 15.858 0.005 5.65 415.0
2455824.52945 15.865 0.005 4.93 376.0
2455824.60989 15.862 0.005 5.68 382.0
2455825.53898 15.842 0.005 4.70 431.0
2455825.62767 15.854 0.004 5.17 419.0
2455826.55761 15.859 0.005 5.27 415.0
2455827.49687 15.855 0.006 7.11 508.0
2455827.57740 15.851 0.005 6.01 521.0
2455828.50802 15.865 0.005 4.84 357.0
2455828.58557 15.856 0.004 4.68 400.0
2455829.52078 15.847 0.005 4.86 452.0
2455829.59698 15.864 0.004 5.24 430.0
2455830.53392 15.858 0.004 5.09 384.0
2455831.49116 15.858 0.004 4.36 414.0
2455831.58117 15.859 0.004 5.73 393.0
2455832.52716 15.858 0.004 4.55 429.0
2455832.60504 15.847 0.005 6.75 496.0
2455833.56462 15.850 0.004 4.83 383.0
2455834.52426 15.864 0.004 4.93 384.0
2455834.59817 15.865 0.004 5.76 395.0
2455836.50785 15.866 0.006 5.97 605.0
2455836.57290 15.853 0.006 5.79 733.0
2455839.52757 15.865 0.007 5.53 1811.0
2455839.59687 15.860 0.008 6.70 1544.0
2455840.56854 15.858 0.005 4.41 617.0
2455841.50096 15.843 0.006 6.68 626.0
2455841.58405 15.870 0.006 5.90 709.0
2455842.54697 15.861 0.006 6.26 598.0
2455843.49934 15.856 0.005 6.04 544.0
2455843.58687 15.862 0.007 8.20 628.0
2455844.52820 15.845 0.005 5.60 605.0
2455845.48914 15.864 0.006 6.97 704.0
2455845.56889 15.862 0.008 8.27 759.0
2455846.53086 15.857 0.006 6.17 769.0
2455850.55506 15.859 0.005 5.49 488.0
2455851.51829 15.858 0.005 5.66 456.0
2455852.54941 15.844 0.006 6.11 644.0
2455854.54045 15.856 0.005 5.15 620.0
2455855.52725 15.863 0.005 4.97 631.0
2455856.52884 15.866 0.006 7.08 581.0
2455858.50021 15.861 0.007 8.49 588.0
2455859.53582 15.848 0.005 6.19 579.0
2455861.50180 15.851 0.006 5.84 652.0
2455862.51994 15.848 0.005 5.89 489.0
2455866.52150 15.865 0.007 6.14 1718.0
2455867.52500 15.858 0.005 4.90 1039.0
2455868.52601 15.841 0.008 8.64 766.0
2455869.51691 15.870 0.006 5.57 782.0
2455971.87999 15.825 0.004 5.09 597.0
2455976.89856 15.837 0.005 4.97 687.0
2455977.89264 15.850 0.005 5.25 577.0
2455979.84717 15.835 0.004 6.14 487.0
2455980.85109 15.833 0.006 7.90 490.0
2455982.85550 15.835 0.004 5.13 370.0
2455983.84879 15.845 0.004 5.27 421.0
2455984.84214 15.851 0.004 4.86 392.0
2455985.82777 15.843 0.005 6.15 510.0
2455986.82489 15.850 0.005 5.92 487.0
2455986.89336 15.851 0.004 4.58 401.0
2455987.86074 15.841 0.004 4.57 415.0
2455988.85015 15.850 0.005 5.90 446.0
2455989.83112 15.849 0.005 6.90 362.0
2455990.81507 15.841 0.005 7.31 385.0
2455990.87863 15.849 0.004 5.29 352.0
2455991.85371 15.846 0.004 5.08 367.0
2455992.82930 15.845 0.005 5.33 554.0
2455993.81279 15.850 0.005 5.93 593.0
2455993.90468 15.851 0.005 5.68 589.0
2455994.87004 15.841 0.005 4.98 604.0
2455995.80664 15.840 0.004 4.30 705.0
2455995.88397 15.841 0.004 3.98 502.0
2455996.82643 15.859 0.005 5.12 552.0
2455996.91082 15.852 0.005 3.45 1221.0
2455997.86858 15.855 0.004 5.15 493.0
2455998.80880 15.848 0.005 5.92 552.0
2455998.89905 15.851 0.004 4.37 461.0
2455999.84222 15.837 0.004 4.95 504.0
2455999.91831 15.833 0.006 4.00 2566.0
2456004.76702 15.842 0.005 6.70 516.0
2456004.85862 15.844 0.004 5.12 424.0
2456005.77642 15.847 0.004 5.79 358.0
2456005.87524 15.840 0.004 4.56 335.0
2456006.80520 15.845 0.004 4.09 322.0
2456006.90319 15.828 0.004 3.97 337.0
2456007.81559 15.842 0.004 4.24 345.0
2456007.90165 15.848 0.004 4.70 331.0
2456008.80061 15.849 0.004 4.65 350.0
2456008.89647 15.849 0.004 4.42 336.0
2456009.81092 15.843 0.004 4.12 400.0
2456009.89675 15.851 0.004 3.77 386.0
2456010.79451 15.845 0.004 4.48 412.0
2456010.89160 15.842 0.004 3.69 347.0
2456011.78316 15.856 0.004 4.94 368.0
2456011.89748 15.850 0.005 4.13 873.0
2456012.79847 15.853 0.004 5.10 309.0
2456012.89496 15.844 0.004 3.56 264.0
2456013.79192 15.846 0.004 5.14 296.0
2456013.82693 15.858 0.004 5.21 296.0
2456013.87521 15.849 0.004 4.76 300.0
2456013.89415 15.846 0.004 4.23 285.0
2456013.90209 15.845 0.004 4.84 291.0
2456014.76889 15.844 0.004 4.90 347.0
2456014.86729 15.856 0.005 6.59 291.0
2456015.74685 15.848 0.004 5.56 382.0
2456015.82407 15.846 0.004 3.91 297.0
2456015.91520 15.850 0.004 3.94 492.0
2456016.80731 15.852 0.004 4.11 340.0
2456016.91046 15.844 0.004 3.48 364.0
2456017.79311 15.854 0.004 4.76 324.0
2456017.88996 15.842 0.004 3.51 270.0
2456018.78198 15.843 0.004 5.59 302.0
2456018.86113 15.846 0.004 5.42 308.0
2456019.76018 15.839 0.005 6.86 394.0
2456019.85662 15.844 0.004 3.98 307.0
2456020.71498 15.842 0.005 6.52 485.0
2456020.80984 15.857 0.004 4.74 326.0
2456020.88729 15.843 0.004 3.98 302.0
2456021.73796 15.856 0.005 6.11 523.0
2456021.81537 15.846 0.004 4.86 385.0
2456021.91411 15.853 0.004 4.30 400.0
2456022.76370 15.853 0.004 4.75 497.0
2456022.85939 15.845 0.004 4.56 421.0
2456023.71859 15.845 0.005 5.73 705.0
2456023.79920 15.846 0.004 4.18 535.0
2456023.90360 15.840 0.004 4.38 490.0
2456024.75653 15.870 0.005 5.12 637.0
2456024.85807 15.848 0.004 3.68 533.0
2456025.74146 15.855 0.005 5.86 680.0
2456025.82153 15.851 0.005 5.38 540.0
2456026.71482 15.820 0.008 9.09 1012.0
2456031.83547 15.840 0.004 5.12 407.0
2456032.77314 15.842 0.004 4.54 393.0
2456033.69736 15.845 0.005 6.88 418.0
2456033.89834 15.838 0.004 5.07 386.0
2456034.83975 15.842 0.004 4.11 332.0
2456036.74346 15.837 0.004 4.56 356.0
2456037.72801 15.847 0.005 6.26 396.0
2456037.92330 15.855 0.005 5.89 605.0
2456038.88889 15.856 0.004 4.64 379.0
2456039.88190 15.848 0.004 4.72 402.0
2456040.86914 15.850 0.004 4.29 393.0
2456041.80078 15.846 0.004 5.07 379.0
2456045.93505 15.862 0.005 4.81 924.0
2456047.76033 15.860 0.004 4.08 342.0
2456048.69976 15.835 0.005 4.11 486.0
2456048.88889 15.834 0.004 5.17 310.0
2456049.82059 15.841 0.004 3.13 346.0
2456050.69775 15.849 0.005 5.35 469.0
2456050.88604 15.856 0.004 4.04 452.0
2456052.69481 15.864 0.005 5.19 685.0
2456052.87109 15.851 0.004 3.98 654.0
2456053.72624 15.851 0.004 3.98 859.0
2456053.91854 15.849 0.006 4.72 1360.0
2456058.67014 15.856 0.005 7.09 453.0
2456058.69646 15.841 0.005 6.10 429.0
2456058.72390 15.840 0.005 5.47 426.0
2456058.75813 15.854 0.004 4.83 436.0
2456058.77623 15.848 0.004 4.44 416.0
2456058.79311 15.844 0.004 4.25 416.0
2456058.80855 15.859 0.004 4.73 418.0
2456058.82608 15.849 0.004 5.02 427.0
2456058.85429 15.855 0.004 4.69 439.0
2456058.88139 15.850 0.004 4.06 454.0
2456058.92896 15.857 0.005 5.85 520.0
2456058.94178 15.841 0.006 4.94 1835.0
2456059.83519 15.852 0.004 3.84 394.0
2456061.71335 15.839 0.005 6.16 380.0
2456061.89111 15.860 0.005 5.18 483.0
2456062.76214 15.837 0.005 5.21 478.0
2456062.93895 15.838 0.005 3.94 1222.0
2456063.92825 15.849 0.004 4.60 560.0
2456064.85882 15.843 0.004 4.74 443.0
2456065.68796 15.849 0.004 4.43 309.0
2456066.62660 15.840 0.004 5.12 435.0
2456066.80644 15.846 0.004 4.52 405.0
2456067.61078 15.843 0.004 4.61 394.0
2456067.77766 15.853 0.004 4.34 373.0
2456068.82773 15.837 0.004 3.36 336.0
2456069.74583 15.850 0.004 3.97 310.0
2456069.93335 15.845 0.003 3.84 441.0
2456070.73175 15.849 0.004 4.59 321.0
2456070.90895 15.852 0.004 5.30 350.0
2456071.70713 15.845 0.004 4.37 289.0
2456071.88717 15.843 0.004 4.68 360.0
2456075.68862 15.832 0.004 4.65 291.0
2456075.87720 15.855 0.004 3.97 366.0
2456076.73795 15.849 0.004 4.09 334.0
2456076.92076 15.864 0.004 5.91 442.0
2456077.86195 15.857 0.004 4.79 362.0
2456078.66203 15.847 0.005 5.10 445.0
2456078.84266 15.842 0.004 3.99 399.0
2456079.63945 15.844 0.004 4.23 402.0
2456079.84281 15.847 0.004 3.88 402.0
2456080.60989 15.845 0.005 5.60 627.0
2456080.77728 15.846 0.004 4.48 470.0
2456081.56444 15.825 0.007 7.45 999.0
2456081.56750 15.831 0.006 6.37 964.0
2456081.63573 15.859 0.005 4.92 669.0
2456081.72986 15.843 0.004 4.43 524.0
2456081.81803 15.841 0.004 4.13 566.0
2456081.91554 15.844 0.005 5.94 727.0
2456082.60057 15.850 0.007 6.95 1022.0
2456082.66692 15.834 0.007 7.03 1002.0
2456082.72606 15.849 0.006 5.33 947.0
2456082.84451 15.839 0.006 5.43 1034.0
2456085.56201 15.830 0.006 6.28 999.0
2456085.73548 15.853 0.005 4.80 760.0
2456085.89125 15.860 0.008 5.93 1895.0
2456086.66763 15.847 0.004 4.29 433.0
2456086.85846 15.845 0.004 4.63 511.0
2456087.74766 15.849 0.004 4.77 552.0
2456088.61357 15.842 0.004 4.90 289.0
2456089.69461 15.848 0.004 4.79 345.0
2456092.57425 15.860 0.004 5.61 404.0
2456092.85048 15.842 0.004 4.10 420.0
2456093.64435 15.837 0.004 5.96 307.0
2456093.84476 15.851 0.005 6.34 338.0
2456094.69353 15.832 0.005 5.72 421.0
2456094.87663 15.844 0.005 6.14 474.0
2456096.68938 15.845 0.004 5.14 313.0
2456096.88628 15.850 0.005 6.17 526.0
2456097.81624 15.850 0.005 5.45 370.0
2456098.61166 15.837 0.004 5.71 331.0
2456098.79120 15.848 0.004 5.10 356.0
2456099.73033 15.854 0.006 7.65 415.0
2456100.63795 15.841 0.004 5.06 379.0
2456100.82536 15.845 0.005 6.12 502.0
2456101.58971 15.847 0.005 5.53 430.0
2456101.76819 15.847 0.004 4.24 384.0
2456102.55399 15.855 0.005 5.56 543.0
2456102.72933 15.843 0.004 3.71 420.0
2456102.88562 15.845 0.005 4.94 667.0
2456103.50609 15.849 0.005 5.34 747.0
2456103.56252 15.845 0.004 4.50 462.0
2456103.64837 15.839 0.004 3.65 437.0
2456103.72824 15.840 0.004 4.15 353.0
2456103.85192 15.854 0.004 5.42 444.0
2456104.50201 15.847 0.005 5.45 607.0
2456104.63141 15.835 0.004 3.47 354.0
2456104.80134 15.838 0.004 4.10 311.0
2456105.55703 15.851 0.006 7.42 445.0
2456105.74878 15.847 0.005 6.57 305.0
2456108.55779 15.829 0.005 4.70 912.0
2456108.74209 15.840 0.004 3.53 721.0
2456109.55860 15.867 0.009 6.23 2725.0
2456109.68663 15.837 0.005 4.48 1115.0
2456109.73106 15.852 0.005 4.13 724.0
2456109.81499 15.852 0.005 4.69 954.0
2456113.53706 15.855 0.006 6.23 752.0
2456113.69895 15.834 0.005 4.56 725.0
2456113.85205 15.848 0.005 4.93 1046.0
2456114.72147 15.838 0.004 4.60 512.0
2456115.48486 15.845 0.005 6.70 464.0
2456115.66814 15.835 0.004 5.55 389.0
2456116.52772 15.853 0.004 4.85 350.0
2456116.69942 15.852 0.004 4.90 339.0
2456117.50490 15.848 0.005 4.73 584.0
2456117.68248 15.836 0.004 4.43 386.0
2456117.83741 15.857 0.005 5.25 544.0
2456118.62385 15.842 0.004 3.99 310.0
2456118.79738 15.831 0.004 5.05 374.0
2456119.57598 15.850 0.004 5.61 263.0
2456119.74053 15.837 0.004 5.09 316.0
2456120.60583 15.835 0.004 5.48 256.0
2456120.79320 15.846 0.005 6.23 298.0
2456121.57846 15.830 0.004 4.00 242.0
2456121.74807 15.842 0.004 4.02 248.0
2456123.63834 15.833 0.004 5.17 289.0
2456123.79739 15.847 0.004 4.64 314.0
2456124.64409 15.845 0.004 5.48 269.0
2456124.80578 15.846 0.004 4.91 379.0
2456125.64317 15.846 0.005 6.26 297.0
2456125.81630 15.842 0.004 5.52 355.0
2456126.67860 15.843 0.004 5.22 303.0
2456127.54942 15.841 0.005 6.54 336.0
2456128.57013 15.847 0.004 4.62 297.0
2456131.65039 15.838 0.003 5.42 258.0
2456132.67559 15.833 0.005 6.38 277.0
2456133.61872 15.845 0.004 5.00 285.0
2456134.53894 15.842 0.005 7.00 399.0
2456135.50693 15.861 0.005 5.68 441.0
2456135.72845 15.839 0.004 4.42 363.0
2456136.65663 15.852 0.005 5.98 394.0
2456140.50926 15.839 0.006 6.00 983.0
2456140.68760 15.839 0.006 5.70 1009.0
2456141.53453 15.847 0.005 4.66 702.0
2456141.71094 15.846 0.005 4.88 718.0
2456142.57935 15.855 0.006 7.35 568.0
2456147.59351 15.838 0.004 6.16 267.0
2456148.52378 15.842 0.004 4.62 277.0
2456148.71247 15.854 0.004 4.54 344.0
2456150.56506 15.853 0.004 5.71 314.0
2456151.56988 15.854 0.005 6.67 313.0
2456151.72931 15.850 0.004 5.31 345.0
2456152.63092 15.854 0.004 5.60 273.0
2456154.55579 15.844 0.004 5.13 350.0
2456157.70565 15.832 0.005 6.53 360.0
2456158.64611 15.853 0.004 5.54 381.0
2456159.56510 15.857 0.005 5.74 341.0
2456160.54744 15.834 0.004 5.34 297.0
2456160.56140 15.842 0.004 4.36 292.0
2456161.65146 15.849 0.004 5.57 272.0
2456161.66573 15.848 0.005 6.27 287.0
2456164.63772 15.839 0.005 6.64 476.0
2456168.65048 15.837 0.004 3.75 611.0
2456169.62342 15.857 0.005 4.17 616.0
2456171.58583 15.844 0.004 4.43 582.0
2456172.54707 15.843 0.004 4.34 435.0
2456175.49908 15.848 0.004 4.86 371.0
2456175.67033 15.844 0.005 6.18 510.0
2456179.65557 15.835 0.005 6.20 372.0
2456180.64196 15.847 0.005 5.34 447.0
2456181.60417 15.838 0.004 4.27 445.0
2456182.61392 15.835 0.004 5.33 354.0
2456184.50019 15.846 0.004 5.26 353.0
2456185.61166 15.841 0.004 4.59 319.0
2456187.53923 15.840 0.005 6.65 342.0
2456191.51953 15.851 0.005 5.74 353.0
2456195.49705 15.844 0.004 4.70 472.0
2456195.58746 15.855 0.004 4.24 585.0
2456196.49781 15.849 0.005 4.82 592.0
2456196.58510 15.853 0.004 4.12 615.0
2456197.49964 15.841 0.005 5.96 510.0
2456197.58787 15.838 0.005 5.38 660.0
2456199.51965 15.859 0.006 7.74 500.0
2456200.61550 15.854 0.006 6.33 689.0
2456202.56819 15.847 0.006 6.30 615.0
2456203.57040 15.852 0.005 6.37 551.0
2456204.52385 15.844 0.004 5.15 443.0
2456204.60029 15.855 0.005 5.32 617.0
2456205.54678 15.844 0.004 4.27 361.0
2456210.51768 15.850 0.004 5.77 389.0
2456210.59498 15.849 0.004 5.48 454.0
2456211.54896 15.838 0.004 4.38 372.0
2456212.54441 15.841 0.004 4.28 462.0
2456213.49526 15.848 0.005 5.69 498.0
2456214.55574 15.850 0.005 6.10 401.0
2456216.55414 15.857 0.005 5.30 432.0
2456217.50022 15.842 0.004 4.31 394.0
2456217.57630 15.850 0.004 4.15 440.0
2456218.56138 15.843 0.005 5.61 525.0
2456219.50638 15.831 0.005 5.32 401.0
2456219.57207 15.828 0.005 5.57 798.0
2456223.53749 15.847 0.005 5.61 607.0
2456227.54246 15.847 0.007 7.05 1049.0
2456233.50407 15.851 0.006 6.04 713.0
2456234.53985 15.847 0.005 6.16 568.0
2456239.52766 15.838 0.006 6.89 577.0
2456334.86675 15.865 0.005 6.37 409.0
2456334.89484 15.850 0.007 5.63 2034.0
2456337.88459 15.849 0.004 5.22 491.0
2456338.86219 15.853 0.004 5.66 378.0
2456339.89180 15.861 0.004 3.93 860.0
2456341.86688 15.837 0.005 6.59 410.0
2456344.83480 15.861 0.004 4.76 402.0
2456345.85047 15.840 0.004 4.85 368.0
2456347.85696 15.842 0.004 5.07 500.0
2456348.85101 15.851 0.004 4.59 561.0
2456350.87184 15.841 0.004 4.74 503.0
2456351.87228 15.852 0.004 4.97 476.0
2456352.86814 15.842 0.004 4.09 500.0
2456353.84349 15.842 0.004 4.76 467.0
2456354.85859 15.852 0.004 4.95 493.0
2456358.87465 15.844 0.004 4.39 656.0
2456360.86916 15.838 0.004 4.17 331.0
2456361.84459 15.846 0.004 4.90 386.0
2456362.81762 15.832 0.004 5.10 400.0
2456362.88123 15.858 0.004 5.45 323.0
2456363.83991 15.842 0.004 5.06 359.0
2456367.85744 15.840 0.003 3.90 275.0
2456368.79373 15.834 0.004 4.91 319.0
2456368.88677 15.847 0.004 4.64 330.0
2456369.81541 15.851 0.004 4.84 335.0
2456370.77556 15.844 0.004 5.51 338.0
2456370.86210 15.849 0.004 4.53 335.0
2456371.78339 15.847 0.004 5.10 285.0
2456371.87117 15.849 0.003 4.23 268.0
2456372.77613 15.852 0.004 5.54 370.0
2456372.86468 15.834 0.004 4.56 311.0
2456373.79274 15.842 0.004 5.69 390.0
2456373.88167 15.845 0.004 4.97 331.0
2456374.79921 15.838 0.004 5.46 378.0
2456374.88838 15.845 0.004 5.05 337.0
2456375.79573 15.849 0.004 4.65 397.0
2456375.90456 15.839 0.003 3.43 324.0
2456376.81967 15.853 0.004 4.62 462.0
2456376.90138 15.853 0.004 3.84 320.0
2456377.83167 15.851 0.004 3.36 453.0
2456377.91386 15.847 0.004 3.62 567.0
2456378.82710 15.829 0.004 3.34 567.0
2456378.90776 15.846 0.004 3.00 535.0
2456379.82367 15.836 0.004 4.08 616.0
2456379.90900 15.845 0.004 3.96 555.0
2456380.80417 15.831 0.004 3.93 506.0
2456380.82779 15.847 0.004 3.98 475.0
2456380.91449 15.853 0.004 3.78 607.0
2456381.83538 15.848 0.004 3.93 452.0
2456381.91511 15.838 0.004 3.89 570.0
2456382.81988 15.841 0.004 5.13 508.0
2456382.90109 15.834 0.004 4.96 529.0
2456386.83002 15.845 0.004 4.88 352.0
2456387.73015 15.853 0.004 6.37 309.0
2456387.81661 15.846 0.004 4.46 316.0
2456387.89732 15.840 0.004 5.24 334.0
2456388.73376 15.854 0.004 6.13 339.0
2456388.83539 15.838 0.004 4.32 327.0
2456389.73865 15.858 0.005 6.15 421.0
2456389.81589 15.840 0.004 4.85 342.0
2456389.89628 15.842 0.004 5.00 341.0
2456390.77018 15.853 0.004 4.80 364.0
2456390.85643 15.854 0.004 4.17 306.0
2456391.74486 15.853 0.005 6.11 350.0
2456393.74105 15.846 0.004 5.05 380.0
2456394.70568 15.852 0.006 8.14 454.0
2456394.91284 15.842 0.004 5.41 348.0
2456395.84977 15.835 0.004 3.79 383.0
2456396.80800 15.848 0.003 3.93 321.0
2456397.73695 15.837 0.004 4.35 352.0
2456397.91367 15.849 0.004 4.18 320.0
2456398.84437 15.849 0.004 4.77 311.0
2456399.75076 15.848 0.004 5.02 331.0
2456400.71779 15.853 0.004 4.93 318.0
2456400.92981 15.849 0.005 4.35 1366.0
2456401.86197 15.844 0.004 4.16 346.0
2456402.77987 15.836 0.004 5.06 347.0
2456402.83198 15.844 0.004 5.73 339.0
2456402.88631 15.844 0.005 6.64 377.0
2456403.69835 15.850 0.004 5.01 383.0
2456403.77833 15.856 0.004 4.32 363.0
2456403.86066 15.837 0.004 5.07 335.0
2456403.90320 15.847 0.004 4.59 361.0
2456404.72109 15.835 0.004 4.30 575.0
2456404.80594 15.845 0.004 4.35 418.0
2456404.91201 15.856 0.004 4.69 365.0
2456405.82056 15.866 0.004 4.08 941.0
2456406.82320 15.849 0.004 4.35 1528.0
2456407.75237 15.844 0.004 5.16 554.0
2456407.92813 15.859 0.005 4.49 754.0
2456409.79814 15.869 0.006 6.63 691.0
2456415.76355 15.847 0.004 5.24 348.0
2456416.64580 15.851 0.004 5.73 447.0
2456416.84260 15.847 0.004 4.45 349.0
2456417.75446 15.839 0.004 4.97 387.0
2456417.92951 15.854 0.004 4.90 453.0
2456418.77623 15.839 0.004 4.29 299.0
2456419.66218 15.850 0.005 7.13 411.0
2456419.84060 15.863 0.004 5.15 352.0
2456420.69223 15.840 0.004 4.28 308.0
2456420.86445 15.845 0.004 3.89 307.0
2456421.89311 15.837 0.004 5.12 364.0
2456422.90030 15.865 0.005 6.53 468.0
2456423.81719 15.846 0.004 3.95 429.0
2456424.65614 15.844 0.004 4.94 470.0
2456424.85028 15.844 0.004 4.03 421.0
2456426.73527 15.852 0.003 4.41 317.0
2456426.93704 15.850 0.005 5.45 685.0
2456427.92599 15.834 0.003 4.32 701.0
2456428.73742 15.837 0.004 5.98 347.0
2456428.92483 15.839 0.004 5.79 415.0
2456431.73555 15.854 0.004 4.91 354.0
2456431.91027 15.859 0.004 5.56 428.0
2456432.76899 15.843 0.004 5.03 405.0
2456432.93213 15.833 0.004 5.75 452.0
2456433.74610 15.845 0.004 5.32 455.0
2456434.65729 15.837 0.005 6.67 504.0
2456434.84193 15.838 0.004 5.01 546.0
2456435.68770 15.839 0.004 4.77 562.0
2456435.87700 15.848 0.004 4.06 626.0
2456436.67671 15.855 0.004 4.71 607.0
2456436.86464 15.846 0.004 4.08 801.0
2456437.80306 15.838 0.007 4.53 3069.0
2456441.65619 15.845 0.007 7.68 1030.0
2456441.90309 15.850 0.005 5.90 1091.0
2456442.67928 15.847 0.004 4.68 430.0
2456442.86338 15.851 0.004 4.08 396.0
2456443.64929 15.850 0.003 5.46 496.0
2456443.80066 15.849 0.004 5.01 1059.0
2456444.72100 15.847 0.004 5.55 348.0
2456444.88328 15.852 0.004 4.90 462.0
2456445.70221 15.847 0.004 4.73 386.0
2456445.89693 15.858 0.005 6.88 446.0
2456446.67452 15.842 0.003 3.73 326.0
2456446.86503 15.851 0.004 3.39 408.0
2456447.64826 15.838 0.004 4.07 340.0
2456447.83556 15.842 0.004 4.06 370.0
2456448.59822 15.854 0.004 5.17 410.0
2456448.78217 15.841 0.004 4.11 320.0
2456449.55975 15.855 0.004 5.71 437.0
2456449.73220 15.828 0.004 4.48 379.0
2456449.90651 15.847 0.004 5.29 534.0
2456450.67467 15.852 0.004 4.24 349.0
2456450.86166 15.843 0.004 3.89 448.0
2456451.62370 15.849 0.004 5.64 464.0
2456451.80877 15.843 0.004 4.93 346.0
2456452.58417 15.852 0.004 4.49 375.0
2456452.82244 15.838 0.004 4.41 318.0
2456454.59700 15.848 0.004 5.05 315.0
2456454.78173 15.854 0.004 4.52 325.0
2456455.55753 15.859 0.004 5.69 339.0
2456456.56327 15.838 0.003 4.22 322.0
2456456.74913 15.842 0.003 4.03 319.0
2456457.70091 15.845 0.004 4.21 308.0
2456457.88674 15.857 0.004 4.37 462.0
2456458.67051 15.853 0.004 4.57 372.0
2456458.85508 15.838 0.004 4.61 499.0
2456459.62447 15.844 0.004 4.56 380.0
2456459.81426 15.846 0.004 3.37 422.0
2456460.64506 15.829 0.004 4.45 420.0
2456461.57035 15.845 0.004 4.35 476.0
2456461.77097 15.850 0.004 4.56 369.0
2456462.64040 15.833 0.004 4.67 618.0
2456462.90059 15.862 0.005 6.35 522.0
2456463.68593 15.834 0.004 4.51 460.0
2456463.86654 15.848 0.004 5.03 458.0
2456464.68646 15.840 0.004 4.75 556.0
2456464.87752 15.838 0.004 4.27 815.0
2456469.57081 15.843 0.005 5.51 549.0
2456469.75819 15.845 0.004 4.66 483.0
2456472.74997 15.862 0.004 5.93 333.0
2456472.86511 15.853 0.005 6.16 525.0
2456473.70124 15.856 0.004 4.23 317.0
2456473.87190 15.866 0.005 5.61 499.0
2456474.64072 15.849 0.004 5.87 359.0
2456474.82646 15.862 0.005 6.37 570.0
2456475.60932 15.853 0.004 4.85 358.0
2456475.80411 15.844 0.004 4.39 425.0
2456476.56961 15.844 0.004 5.41 405.0
2456476.75819 15.859 0.004 4.33 375.0
2456477.56314 15.842 0.004 5.79 337.0
2456477.75132 15.848 0.004 5.55 404.0
2456478.60027 15.848 0.004 5.04 361.0
2456479.67621 15.857 0.004 6.69 266.0
2456480.57712 15.861 0.005 6.73 356.0
2456480.76104 15.853 0.004 5.82 274.0
2456481.57167 15.852 0.004 5.84 322.0
2456481.81525 15.843 0.005 6.71 391.0
2456484.48341 15.828 0.004 5.87 430.0
2456485.54702 15.856 0.004 5.81 301.0
2456485.77961 15.851 0.004 4.70 364.0
2456486.51650 15.862 0.004 5.74 372.0
2456486.72683 15.829 0.004 5.74 328.0
2456487.51640 15.842 0.004 4.98 395.0
2456487.71769 15.850 0.004 4.14 325.0
2456489.55273 15.863 0.004 5.65 365.0
2456489.74934 15.845 0.004 5.05 361.0
2456490.57956 15.852 0.004 5.07 385.0
2456490.76931 15.851 0.004 4.29 315.0
2456491.64746 15.856 0.004 5.32 399.0
2456492.47185 15.869 0.006 7.00 745.0
2456492.67742 15.839 0.005 6.79 458.0
2456496.50263 15.861 0.006 6.21 905.0
2456497.58566 15.848 0.004 5.44 523.0
2456497.77056 15.861 0.005 5.87 545.0
2456498.60517 15.845 0.004 3.71 427.0
2456498.78349 15.866 0.004 5.50 485.0
2456500.54159 15.837 0.005 7.36 440.0
2456501.56146 15.842 0.004 6.27 353.0
2456501.75288 15.860 0.005 6.29 364.0
2456505.47727 15.844 0.005 7.34 454.0
2456505.69394 15.859 0.004 5.51 314.0
2456506.59029 15.847 0.004 6.48 318.0
2456507.66812 15.847 0.005 7.38 350.0
2456508.58699 15.854 0.004 4.54 324.0
2456508.77769 15.862 0.004 4.46 511.0
2456509.68283 15.847 0.004 4.27 267.0
2456510.57055 15.841 0.004 3.81 307.0
2456511.47923 15.843 0.004 6.34 405.0
2456511.72200 15.843 0.004 5.47 326.0
2456514.62611 15.847 0.004 5.79 272.0
2456515.56730 15.849 0.003 4.30 322.0
2456516.55305 15.862 0.004 5.38 338.0
2456518.58060 15.843 0.004 3.97 391.0
2456519.51359 15.841 0.004 3.66 372.0
2456519.73293 15.851 0.004 4.80 447.0
2456523.63288 15.857 0.004 4.53 702.0
2456524.57151 15.849 0.004 3.76 654.0
2456525.57347 15.836 0.005 4.88 634.0
2456526.69787 15.847 0.005 5.74 575.0
2456529.64161 15.852 0.005 6.03 398.0
2456531.63204 15.845 0.004 5.52 315.0
2456532.61416 15.845 0.004 4.50 318.0
2456533.65727 15.846 0.004 5.13 339.0
2456535.53891 15.849 0.004 6.12 356.0
2456538.51780 15.846 0.004 4.63 320.0
2456539.56625 15.851 0.003 4.21 470.0
2456541.57554 15.847 0.003 4.66 340.0
2456543.63093 15.853 0.004 5.55 339.0
2456545.53046 15.847 0.004 4.13 306.0
2456551.57791 15.853 0.005 6.24 581.0
2456555.64536 15.855 0.005 5.01 648.0
2456558.62150 15.860 0.005 5.84 544.0
2456560.52828 15.849 0.004 4.98 408.0
2456561.57272 15.847 0.004 5.58 345.0
2456563.54868 15.844 0.005 6.89 356.0
2456563.63218 15.844 0.005 6.65 386.0
2456564.56916 15.850 0.004 5.29 396.0
2456565.54036 15.845 0.004 5.67 401.0
2456567.51708 15.835 0.004 7.64 358.0
2456568.52252 15.852 0.005 6.87 474.0
2456568.61137 15.851 0.004 5.58 401.0
2456569.56588 15.855 0.004 4.74 351.0
2456570.54304 15.842 0.004 5.32 374.0
2456571.55039 15.849 0.004 5.53 443.0
2456572.50633 15.843 0.005 6.67 380.0
2456573.48579 15.845 0.005 5.22 576.0
2456573.57534 15.866 0.004 4.57 522.0
2456573.58399 15.841 0.004 4.50 513.0
2456578.52696 15.873 0.005 5.83 569.0
2456579.49252 15.860 0.005 5.46 760.0
2456580.51159 15.872 0.006 5.64 1297.0
2456581.53772 15.864 0.005 5.02 619.0
2456582.57249 15.859 0.005 4.28 740.0
2456583.55449 15.852 0.005 6.24 772.0
2456584.55757 15.844 0.006 5.87 1048.0
2456585.55790 15.846 0.005 5.46 695.0
2456590.53538 15.835 0.005 6.21 450.0
2456590.56082 15.858 0.005 6.74 486.0
2456593.52614 15.843 0.005 5.92 504.0
2456697.88793 15.844 0.004 4.78 714.0
2456699.87950 15.846 0.004 4.27 597.0
2456701.89025 15.845 0.004 4.38 863.0
2456704.86607 15.864 0.004 4.98 776.0
2456706.85208 15.841 0.004 5.55 666.0
2456708.85165 15.859 0.004 4.60 649.0
2456709.87921 15.851 0.004 4.68 557.0
2456710.89530 15.843 0.004 4.20 728.0
2456711.84483 15.850 0.004 4.79 675.0
2456714.88656 15.849 0.005 7.38 435.0
2456715.89459 15.834 0.004 4.79 492.0
2456716.89759 15.841 0.004 4.36 562.0
2456717.90094 15.862 0.005 6.21 828.0
2456719.81402 15.844 0.004 5.05 577.0
2456719.90877 15.844 0.005 4.51 1735.0
2456720.88540 15.854 0.004 5.17 369.0
2456721.86426 15.853 0.004 5.04 447.0
2456722.86056 15.848 0.004 5.82 473.0
2456723.83146 15.862 0.004 4.67 540.0
2456724.81547 15.845 0.005 6.82 495.0
2456725.79141 15.852 0.005 7.09 492.0
2456725.88905 15.848 0.004 5.21 410.0
2456726.85351 15.859 0.004 4.83 470.0
2456727.82447 15.848 0.003 4.36 360.0
2456728.79099 15.864 0.004 4.98 491.0
2456728.88932 15.839 0.003 4.49 388.0
2456729.84703 15.861 0.004 4.56 446.0
2456730.79518 15.860 0.005 6.61 626.0
2456730.89384 15.846 0.004 6.12 368.0
2456732.80531 15.850 0.005 6.30 664.0
2456732.89809 15.848 0.004 5.35 591.0
2456733.84017 15.867 0.004 4.65 594.0
2456734.77294 15.836 0.004 5.30 723.0
2456734.87062 15.846 0.004 4.36 526.0
2456735.79915 15.876 0.005 5.49 776.0
2456735.90683 15.859 0.004 4.47 662.0
2456736.85116 15.858 0.005 6.46 546.0
2456737.80280 15.847 0.004 4.40 628.0
2456737.88267 15.850 0.004 4.33 564.0
2456742.79629 15.854 0.004 4.73 399.0
2456742.88609 15.848 0.003 3.60 368.0
2456744.80514 15.851 0.004 5.23 389.0
2456744.89582 15.852 0.003 4.06 358.0
2456745.80363 15.850 0.004 4.93 367.0
2456745.89023 15.862 0.004 4.47 350.0
2456746.79550 15.855 0.004 5.90 362.0
2456747.79805 15.853 0.004 6.28 401.0
2456747.91013 15.844 0.004 4.70 359.0
2456749.75346 15.854 0.004 6.49 429.0
2456750.75765 15.851 0.004 6.10 410.0
2456751.78329 15.822 0.003 4.31 372.0
2456752.76031 15.862 0.003 6.00 364.0
2456754.75058 15.863 0.004 5.90 378.0
2456755.77716 15.848 0.005 7.08 406.0
2456756.73044 15.842 0.004 5.16 459.0
2456756.91929 15.852 0.004 4.43 406.0
2456757.87729 15.854 0.004 5.36 319.0
2456758.90822 15.862 0.005 7.23 354.0
2456759.85665 15.856 0.003 3.10 388.0
2456760.80648 15.858 0.004 4.08 462.0
2456761.74212 15.861 0.004 5.54 573.0
2456761.92922 15.850 0.005 4.93 1449.0
2456762.90916 15.847 0.004 3.63 702.0
2456763.84260 15.863 0.004 4.10 620.0
2456764.77320 15.848 0.004 3.80 674.0
2456765.69661 15.833 0.005 5.61 889.0
2456765.71111 15.861 0.005 5.39 907.0
2456765.86211 15.849 0.004 4.55 700.0
2456768.83575 15.852 0.004 3.95 535.0
2456769.75357 15.842 0.004 4.90 447.0
2456769.91517 15.857 0.004 4.04 504.0
2456770.81629 15.844 0.004 4.03 416.0
2456771.75296 15.836 0.003 3.79 364.0
2456772.67633 15.862 0.004 5.76 466.0
2456772.87170 15.849 0.004 4.25 387.0
2456773.79043 15.848 0.005 7.41 382.0
2456774.69983 15.839 0.004 5.33 444.0
2456775.66577 15.843 0.004 4.78 418.0
2456775.87042 15.841 0.004 4.68 365.0
2456776.78102 15.858 0.004 5.55 511.0
2456777.76305 15.846 0.004 4.85 350.0
2456784.66667 15.846 0.004 4.18 508.0
2456784.86033 15.859 0.005 5.09 456.0
2456785.65457 15.847 0.004 3.86 457.0
2456785.84516 15.852 0.004 4.02 447.0
2456786.66236 15.863 0.004 3.78 422.0
2456786.87793 15.854 0.004 4.14 452.0
2456787.74918 15.845 0.004 3.30 760.0
2456789.63709 15.861 0.005 5.38 711.0
2456789.79950 15.849 0.005 4.55 540.0
2456790.66797 15.852 0.005 5.28 735.0
2456790.83837 15.855 0.005 4.67 674.0
2456791.67529 15.848 0.006 5.42 838.0
2456791.84871 15.856 0.005 4.05 783.0
2456792.67322 15.845 0.005 4.50 964.0
2456792.83637 15.852 0.005 3.52 921.0
2456796.62215 15.859 0.005 4.68 706.0
2456796.79218 15.840 0.005 3.98 1231.0
2456797.62330 15.862 0.005 5.74 600.0
2456797.64444 15.849 0.004 4.90 780.0
2456797.82980 15.852 0.005 4.56 942.0
2456798.82225 15.852 0.006 6.56 442.0
2456799.90540 15.853 0.006 6.78 473.0
2456803.77677 15.860 0.004 4.09 311.0
2456803.93244 15.853 0.005 4.59 440.0
2456804.72030 15.852 0.004 4.19 341.0
2456804.89785 15.843 0.006 6.65 430.0
2456805.70319 15.846 0.004 4.77 364.0
2456805.88754 15.851 0.006 6.64 456.0
2456807.66947 15.844 0.005 6.87 357.0
2456807.84279 15.847 0.005 5.55 388.0
2456808.62994 15.851 0.005 5.60 426.0
2456808.82107 15.844 0.004 4.37 349.0
2456809.59076 15.846 0.005 5.27 453.0
2456809.79486 15.847 0.004 3.76 364.0
2456810.60124 15.845 0.005 5.34 468.0
2456810.79155 15.836 0.004 3.94 355.0
2456811.57617 15.848 0.006 6.67 575.0
2456811.75908 15.844 0.005 4.75 430.0
2456811.93146 15.854 0.007 7.32 637.0
2456813.82322 15.844 0.004 4.68 300.0
2456814.63281 15.848 0.005 5.85 378.0
2456814.84364 15.829 0.005 5.43 335.0
2456815.62930 15.845 0.006 6.83 417.0
2456815.84051 15.832 0.004 4.36 403.0
2456816.68271 15.842 0.005 6.22 416.0
2456816.87527 15.860 0.005 5.59 387.0
2456817.72022 15.845 0.004 4.26 425.0
2456817.90163 15.848 0.005 5.16 522.0
2456819.55701 15.847 0.007 7.07 1046.0
2456819.70632 15.837 0.005 4.50 631.0
2456819.86911 15.850 0.006 6.03 748.0
2456823.87252 15.839 0.005 4.00 866.0
2456824.66412 15.838 0.005 4.64 612.0
2456824.85844 15.843 0.005 5.54 740.0
2456825.63903 15.843 0.005 4.41 469.0
2456825.82587 15.849 0.005 5.27 689.0
2456826.59066 15.847 0.005 4.77 417.0
2456826.77665 15.838 0.004 3.89 427.0
2456827.57630 15.841 0.004 4.12 443.0
2456827.78583 15.831 0.004 4.43 394.0
2456828.54734 15.837 0.005 5.32 484.0
2456828.73762 15.837 0.004 3.69 321.0
2456828.90397 15.834 0.005 6.25 609.0
2456829.68575 15.833 0.004 4.76 301.0
2456829.85006 15.852 0.005 5.55 392.0
2456830.65310 15.833 0.004 3.47 365.0
2456830.83603 15.837 0.004 4.27 491.0
2456831.74642 15.832 0.004 4.08 370.0
2456832.54160 15.835 0.004 4.71 380.0
2456832.73354 15.835 0.004 4.47 354.0
2456833.55768 15.852 0.006 7.48 537.0
2456833.75189 15.839 0.005 4.67 481.0
2456834.52974 15.841 0.005 5.82 529.0
2456834.71186 15.837 0.005 4.61 379.0
2456835.53590 15.843 0.005 5.82 453.0
2456835.71965 15.836 0.005 5.26 312.0
2456836.52710 15.814 0.006 7.81 488.0
2456836.69143 15.851 0.005 5.66 326.0
2456836.85416 15.832 0.005 5.49 554.0
2456837.64078 15.839 0.004 4.40 418.0
2456837.82330 15.845 0.005 4.84 507.0
2456838.59694 15.852 0.005 5.49 387.0
2456838.77943 15.848 0.005 5.28 386.0
2456839.56469 15.845 0.005 5.35 492.0
2456839.75100 15.835 0.005 5.07 433.0
2456840.56485 15.844 0.005 6.76 497.0
2456840.75629 15.841 0.005 5.16 344.0
2456841.63454 15.840 0.004 5.23 418.0
2456841.80800 15.835 0.005 6.63 475.0
2456842.60902 15.834 0.005 4.75 416.0
2456842.79259 15.833 0.005 5.81 447.0
2456844.57975 15.837 0.004 4.34 468.0
2456844.76864 15.848 0.005 5.75 382.0
2456845.51087 15.841 0.004 4.10 528.0
2456845.69007 15.841 0.004 3.57 465.0
2456847.47351 15.852 0.005 4.90 966.0
2456847.61155 15.841 0.004 3.62 634.0
2456847.75430 15.834 0.005 3.96 643.0
2456851.66369 15.835 0.005 4.10 760.0
2456852.68260 15.827 0.007 7.08 1164.0
2456854.49231 15.838 0.004 5.18 711.0
2456855.62569 15.833 0.004 5.38 287.0
2456855.80945 15.845 0.004 5.03 390.0
2456856.62775 15.847 0.004 4.31 302.0
2456856.78969 15.845 0.005 5.24 461.0
2456857.61622 15.836 0.004 3.50 285.0
2456857.79373 15.845 0.005 5.09 423.0
2456858.64251 15.839 0.004 3.61 343.0
2456859.57473 15.844 0.005 5.32 394.0
2456859.76886 15.842 0.005 6.38 520.0
2456862.72089 15.838 0.005 5.64 412.0
2456863.57618 15.841 0.004 3.86 336.0
2456863.75529 15.854 0.005 5.26 387.0
2456864.61660 15.843 0.005 5.32 303.0
2456865.54001 15.853 0.004 5.65 346.0
2456870.51299 15.862 0.005 6.38 338.0
2456870.74118 15.858 0.006 7.08 352.0
2456872.59274 15.843 0.005 5.83 313.0
2456873.53889 15.851 0.005 5.37 368.0
2456879.48730 15.851 0.006 6.37 865.0
2456879.71134 15.845 0.006 5.08 962.0
2456880.65994 15.858 0.006 6.66 720.0
2456881.58106 15.860 0.005 5.96 507.0
2456882.53396 15.847 0.005 5.80 334.0
2456882.70937 15.851 0.005 4.98 471.0
2456884.67935 15.845 0.005 5.57 348.0
2456885.60531 15.851 0.004 4.47 293.0
2456886.51038 15.837 0.006 6.69 426.0
2456886.70138 15.852 0.005 5.08 483.0
2456887.62571 15.843 0.004 4.26 292.0
2456888.56037 15.853 0.004 4.59 301.0
2456889.49359 15.842 0.004 4.72 347.0
2456889.68714 15.845 0.005 5.66 309.0
2456890.62549 15.846 0.005 6.65 286.0
2456891.56583 15.852 0.004 4.40 319.0
2456895.50065 15.849 0.004 4.21 370.0
2456895.69299 15.852 0.005 5.72 354.0
2456898.47749 15.855 0.005 5.72 524.0
2456907.51591 15.844 0.004 4.29 498.0
2456908.50023 15.855 0.005 5.51 581.0
2456909.52835 15.855 0.006 6.84 575.0
2456912.55022 15.845 0.005 5.83 368.0
2456915.56494 15.847 0.005 5.66 375.0
2456918.56311 15.854 0.005 5.44 480.0
2456920.51318 15.853 0.006 7.07 418.0
2456922.58749 15.859 0.005 5.57 386.0
2456924.48631 15.857 0.005 5.60 542.0
2456925.52649 15.848 0.006 6.56 388.0
2456927.60012 15.851 0.005 6.58 494.0
2456929.52339 15.842 0.005 5.88 415.0
2456930.57741 15.849 0.006 7.12 521.0
2456936.53584 15.856 0.005 5.24 629.0
2456937.53298 15.842 0.005 4.85 583.0
2456938.53287 15.853 0.006 6.36 677.0
2456940.48813 15.863 0.006 6.65 695.0
2456941.50193 15.835 0.006 7.39 603.0
2456942.55075 15.838 0.005 6.65 470.0
2456944.49046 15.842 0.005 5.65 546.0
2456947.50601 15.841 0.005 6.02 472.0
2456950.54492 15.853 0.006 6.40 548.0
2456952.50881 15.834 0.005 5.70 525.0
2456955.49910 15.841 0.005 5.76 651.0
2457063.87818 15.849 0.006 6.26 738.0
2457065.87940 15.850 0.005 5.71 712.0
2457069.86941 15.859 0.005 4.70 520.0
2457070.88307 15.841 0.004 4.81 440.0
2457071.89559 15.855 0.005 4.44 1160.0
2457074.85615 15.828 0.006 7.73 509.0
2457075.83202 15.834 0.006 8.25 489.0
2457076.83366 15.842 0.005 5.97 478.0
2457077.83140 15.842 0.006 7.13 497.0
2457078.83925 15.841 0.005 6.16 444.0
2457078.89769 15.854 0.004 4.25 546.0
2457080.84459 15.847 0.005 6.06 394.0
2457082.82855 15.841 0.005 5.62 435.0
2457082.88873 15.842 0.004 4.72 365.0
2457083.86930 15.851 0.005 5.42 385.0
2457084.84915 15.844 0.005 5.29 541.0
2457085.81905 15.860 0.005 4.57 801.0
2457086.82071 15.858 0.005 4.74 785.0
2457086.89010 15.842 0.004 4.07 568.0
2457087.85760 15.849 0.005 4.48 667.0
2457088.82843 15.837 0.004 4.52 594.0
2457089.80920 15.844 0.005 5.46 633.0
2457089.88281 15.830 0.005 5.00 543.0
2457090.84980 15.848 0.004 4.68 533.0
2457091.81916 15.851 0.005 5.06 630.0
2457091.89255 15.851 0.005 4.62 508.0
2457092.83943 15.846 0.004 4.17 569.0
2457093.79850 15.837 0.005 5.08 556.0
2457097.81599 15.839 0.004 4.22 411.0
2457097.90401 15.832 0.004 3.47 406.0
2457098.86366 15.833 0.004 3.88 413.0
2457099.80530 15.851 0.004 4.76 374.0
2457099.91147 15.835 0.004 4.05 544.0
2457100.84428 15.851 0.004 3.91 437.0
2457101.81349 15.860 0.005 5.62 551.0
2457102.79944 15.837 0.005 6.72 491.0
2457102.90913 15.842 0.004 4.85 437.0
2457108.87006 15.841 0.004 5.47 420.0
2457109.81950 15.839 0.004 5.11 344.0
2457110.75956 15.850 0.004 4.68 385.0
2457110.82996 15.834 0.004 3.71 405.0
2457111.76591 15.836 0.004 5.02 444.0
2457111.87140 15.835 0.004 4.33 341.0
2457112.76886 15.844 0.005 5.84 587.0
2457112.87844 15.836 0.004 3.99 433.0
2457113.79684 15.837 0.004 3.94 425.0
2457114.79286 15.841 0.004 3.87 517.0
2457115.74946 15.826 0.004 4.96 563.0
2457116.74154 15.836 0.005 5.21 741.0
2457116.90310 15.840 0.004 4.11 555.0
2457117.88242 15.836 0.004 3.38 548.0
2457118.74289 15.836 0.005 4.40 837.0
2457119.92359 15.838 0.006 4.87 967.0
2457120.85423 15.837 0.004 3.64 502.0
2457125.79924 15.839 0.004 3.95 434.0
2457126.74773 15.831 0.004 5.19 461.0
2457129.70653 15.842 0.005 5.85 408.0
2457129.88874 15.841 0.004 4.13 393.0
2457130.81421 15.837 0.004 4.68 352.0
2457131.73338 15.833 0.004 4.42 421.0
2457131.92045 15.839 0.004 3.65 447.0
2457132.86304 15.832 0.004 4.20 525.0
2457134.68899 15.844 0.005 6.11 473.0
2457134.86607 15.846 0.004 4.61 384.0
2457135.77157 15.835 0.004 3.69 367.0
2457136.69010 15.845 0.004 5.11 455.0
2457136.87210 15.836 0.004 4.26 376.0
2457137.75824 15.838 0.004 3.76 324.0
2457138.66481 15.850 0.006 7.41 519.0
2457138.82774 15.837 0.004 3.83 391.0
2457139.75452 15.832 0.004 5.00 378.0
2457140.66230 15.830 0.005 5.97 556.0
2457140.83391 15.840 0.005 6.42 427.0
2457141.71725 15.848 0.004 3.86 426.0
2457141.90608 15.839 0.004 3.87 533.0
2457142.77324 15.836 0.004 3.55 422.0
2457143.66552 15.845 0.005 5.79 566.0
2457143.83836 15.832 0.004 3.97 422.0
2457144.71636 15.848 0.005 5.79 608.0
2457145.75221 15.838 0.005 4.82 628.0
2457145.91874 15.835 0.005 5.03 676.0
2457146.75302 15.825 0.004 3.93 787.0
2457146.89473 15.838 0.005 4.02 794.0
2457147.87905 15.830 0.005 4.39 722.0
2457152.87912 15.834 0.005 4.40 583.0
2457153.71611 15.837 0.004 3.80 420.0
2457153.88028 15.832 0.004 3.47 521.0
2457154.75978 15.829 0.004 3.45 449.0
2457155.62070 15.833 0.005 6.30 561.0
2457155.78996 15.822 0.004 4.06 409.0
2457156.63705 15.838 0.004 4.32 390.0
2457157.61699 15.838 0.004 5.44 439.0
2457157.85760 15.820 0.004 3.83 388.0
2457158.71137 15.827 0.004 4.69 349.0
2457158.89520 15.844 0.004 4.66 471.0
2457159.71193 15.839 0.004 4.47 404.0
2457159.89594 15.838 0.004 3.72 394.0
2457160.73445 15.827 0.004 3.82 420.0
2457160.92251 15.828 0.004 4.32 443.0
2457161.78338 15.829 0.004 3.19 368.0
2457162.60248 15.834 0.005 5.78 396.0
2457162.78650 15.835 0.004 4.42 360.0
2457163.61176 15.817 0.006 7.01 588.0
2457163.79534 15.827 0.004 4.43 422.0
2457164.68062 15.844 0.005 6.21 387.0
2457164.88229 15.830 0.004 4.65 426.0
2457166.70441 15.836 0.005 6.83 369.0
2457166.88973 15.840 0.005 5.45 463.0
2457169.63331 15.828 0.004 4.89 404.0
2457169.81827 15.837 0.004 3.83 329.0
2457170.62071 15.840 0.004 5.08 412.0
2457170.80818 15.834 0.004 4.29 345.0
2457172.62277 15.838 0.006 6.35 579.0
2457172.80701 15.831 0.005 4.77 518.0
2457173.59006 15.832 0.005 5.74 809.0
2457173.79304 15.841 0.004 4.14 587.0
2457174.56938 15.834 0.007 6.72 1132.0
2457174.72598 15.833 0.004 4.54 622.0
2457174.90055 15.837 0.005 4.53 847.0
2457175.68134 15.825 0.005 3.98 1019.0
2457175.90327 15.832 0.005 4.41 1174.0
2457178.83323 15.848 0.005 4.02 1283.0
2457179.56355 15.839 0.006 5.65 741.0
2457179.72545 15.827 0.005 4.24 546.0
2457179.89501 15.843 0.005 4.69 681.0
2457180.67490 15.844 0.005 4.70 430.0
2457180.84994 15.841 0.004 4.30 483.0
2457181.61265 15.842 0.004 5.02 323.0
2457181.80399 15.832 0.005 5.10 388.0
2457182.57248 15.822 0.005 5.64 347.0
2457182.76422 15.828 0.004 4.73 308.0
2457182.92898 15.833 0.005 5.42 470.0
2457183.69514 15.850 0.005 5.99 294.0
2457183.87342 15.833 0.005 5.19 363.0
2457184.67749 15.837 0.005 5.64 338.0
2457184.86434 15.837 0.004 4.82 363.0
2457185.65049 15.831 0.005 6.70 384.0
2457185.82425 15.836 0.005 5.49 385.0
2457186.70040 15.836 0.005 6.88 417.0
2457187.56802 15.843 0.005 6.23 438.0
2457187.75179 15.837 0.004 4.64 352.0
2457187.91479 15.827 0.005 5.59 593.0
2457188.70808 15.845 0.004 4.92 371.0
2457189.57079 15.828 0.005 6.07 417.0
2457189.75889 15.842 0.004 4.56 430.0
2457189.92323 15.836 0.006 7.38 687.0
2457190.74451 15.830 0.004 4.03 414.0
2457191.83893 15.836 0.005 6.85 402.0
2457193.59222 15.841 0.004 3.69 328.0
2457193.78584 15.845 0.004 4.19 361.0
2457194.55799 15.828 0.004 4.81 325.0
2457194.74786 15.828 0.004 4.19 443.0
2457195.60868 15.843 0.003 3.97 636.0
2457197.77296 15.844 0.004 4.77 310.0
2457198.56886 15.828 0.005 5.96 442.0
2457198.75496 15.832 0.005 5.34 346.0
2457199.53113 15.831 0.005 5.93 521.0
2457199.70429 15.843 0.004 4.30 337.0
2457199.87535 15.839 0.005 5.01 470.0
2457200.64361 15.829 0.004 3.78 346.0
2457200.81368 15.845 0.005 5.29 496.0
2457202.79051 15.837 0.005 5.07 835.0
2457206.60575 15.822 0.006 5.26 1051.0
2457206.77930 15.834 0.005 4.20 1121.0
2457207.58825 15.833 0.005 4.60 693.0
2457207.75302 15.837 0.005 5.81 707.0
2457209.68403 15.834 0.004 4.66 549.0
2457209.84422 15.823 0.005 4.87 1643.0
2457211.62129 15.827 0.004 4.87 320.0
2457211.80477 15.838 0.005 5.51 512.0
2457214.58338 15.852 0.004 5.59 463.0
2457217.53796 15.839 0.005 6.63 423.0
2457217.79365 15.833 0.005 6.25 348.0
2457219.66125 15.822 0.004 5.21 319.0
2457220.54375 15.833 0.005 5.77 395.0
2457220.72794 15.827 0.004 4.00 333.0
2457221.53184 15.830 0.005 6.43 389.0
2457221.71344 15.834 0.004 4.90 354.0
2457222.49588 15.825 0.005 6.32 624.0
2457222.70939 15.837 0.005 6.11 471.0
2457223.54898 15.832 0.005 5.97 425.0
2457223.72943 15.833 0.005 5.80 364.0
2457224.57440 15.829 0.004 5.79 322.0
2457224.77633 15.831 0.004 5.21 379.0
2457225.61184 15.836 0.004 4.45 380.0
2457226.63404 15.839 0.004 4.34 345.0
2457226.80177 15.834 0.004 5.06 406.0
2457227.59626 15.844 0.004 4.82 339.0
2457227.77106 15.823 0.005 5.79 325.0
2457228.59949 15.828 0.004 4.02 363.0
2457228.79715 15.852 0.004 5.99 595.0
2457229.61786 15.824 0.004 3.73 408.0
2457229.78081 15.833 0.004 4.48 605.0
2457235.63670 15.831 0.005 4.60 689.0
2457236.49560 15.836 0.006 7.00 407.0
2457248.48253 15.824 0.005 6.91 382.0
2457249.48072 15.812 0.006 6.94 422.0
2457249.65135 15.829 0.004 5.32 291.0
2457250.64106 15.815 0.004 5.67 495.0
2457252.68850 15.813 0.004 5.34 361.0
2457253.62051 15.818 0.004 4.56 321.0
2457255.59292 15.809 0.005 5.46 363.0
2457256.59621 15.815 0.006 6.86 714.0
2457257.65818 15.809 0.004 5.01 494.0
2457258.59170 15.815 0.005 6.14 583.0
2457258.67101 15.819 0.005 5.53 631.0
2457261.62641 15.812 0.005 5.56 883.0
2457263.57644 15.815 0.004 3.91 649.0
2457264.52324 15.814 0.004 4.05 586.0
2457264.71134 15.811 0.006 5.76 883.0
2457265.67834 15.809 0.004 4.62 535.0
2457267.60956 15.802 0.004 4.86 374.0
2457268.62525 15.812 0.004 3.96 320.0
2457269.58769 15.809 0.004 4.40 347.0
2457270.54105 15.811 0.004 4.08 350.0
2457271.49303 15.816 0.006 7.34 391.0
2457272.53233 15.824 0.005 5.76 420.0
2457273.65228 15.796 0.005 6.49 417.0
2457275.65364 15.801 0.005 6.45 378.0
2457277.63925 15.800 0.006 8.10 352.0
2457278.62839 15.800 0.005 6.54 352.0
2457291.58171 15.803 0.007 7.39 720.0
2457292.59396 15.785 0.006 6.23 876.0
2457293.56506 15.793 0.004 4.49 430.0
2457294.57101 15.791 0.005 6.83 641.0
2457295.53390 15.787 0.005 5.85 439.0
2457296.59062 15.795 0.005 6.42 654.0
2457299.56351 15.782 0.005 6.47 470.0
2457301.51223 15.782 0.005 6.98 454.0
2457311.52059 15.768 0.004 4.36 435.0
2457313.49511 15.770 0.006 6.10 1060.0
2457318.49726 15.771 0.005 5.29 793.0
2457322.52568 15.765 0.007 6.94 1004.0
2457325.50145 15.760 0.005 6.31 674.0
2457331.50495 15.738 0.006 7.12 957.0
2457334.50772 15.754 0.007 7.43 908.0
2457429.87840 14.713 0.003 6.41 590.0
2457430.87653 14.663 0.003 5.67 783.0
2457431.86272 14.648 0.003 4.38 563.0
2457432.87141 14.604 0.003 5.38 452.0
2457433.88597 14.528 0.003 4.46 593.0
