2455288.86318 17.539 0.015 3.74 637.0
2455293.82795 17.515 0.014 4.53 329.0
2455294.80393 17.547 0.012 3.54 272.0
2455296.84639 17.507 0.011 3.10 275.0
2455301.83229 17.520 0.014 4.94 322.0
2455306.77973 17.535 0.012 4.27 294.0
2455308.80610 17.525 0.013 4.61 293.0
2455312.93053 17.493 0.017 4.41 775.0
2455314.90505 17.529 0.016 4.01 756.0
2455316.78914 17.535 0.022 5.64 804.0
2455320.76057 17.528 0.014 4.54 453.0
2455321.90187 17.528 0.016 4.86 503.0
2455323.81567 17.523 0.015 5.46 440.0
2455326.79032 17.530 0.013 4.19 306.0
2455327.93140 17.536 0.016 4.43 602.0
2455334.77132 17.552 0.013 3.96 324.0
2455336.81333 17.529 0.014 4.42 379.0
2455338.90834 17.535 0.023 7.48 532.0
2455340.85570 17.514 0.019 5.76 559.0
2455342.61524 17.551 0.021 5.85 735.0
2455343.64608 17.535 0.020 5.04 873.0
2455348.78642 17.520 0.015 4.94 403.0
2455350.72469 17.539 0.016 5.58 369.0
2455353.70652 17.525 0.013 4.20 299.0
2455355.87869 17.561 0.021 6.29 595.0
2455361.67523 17.548 0.017 6.60 323.0
2455365.71547 17.546 0.014 5.19 351.0
2455378.62695 17.536 0.013 4.11 318.0
2455380.66061 17.548 0.013 4.78 252.0
2455382.81391 17.505 0.023 7.94 441.0
2455385.53137 17.520 0.012 4.05 545.0
2455385.63083 17.537 0.011 4.11 366.0
2455385.73317 17.542 0.012 4.33 371.0
2455388.75604 17.508 0.013 4.89 216.0
2455391.82634 17.527 0.016 5.10 512.0
2455397.69400 17.515 0.017 6.17 367.0
2455405.64774 17.508 0.017 5.96 361.0
2455409.48759 17.528 0.014 5.40 275.0
2455413.52383 17.519 0.012 4.14 328.0
2455422.56786 17.553 0.014 5.05 317.0
2455433.69956 17.510 0.028 6.29 1214.0
2455439.58546 17.508 0.016 5.75 331.0
2455447.52320 17.519 0.014 5.05 312.0
2455457.58223 17.517 0.014 4.75 468.0
2455460.58650 17.525 0.032 5.63 2161.0
2455465.53150 17.553 0.018 6.33 366.0
2455473.49707 17.530 0.019 6.74 389.0
2455490.53839 17.554 0.024 5.98 781.0
2455602.85382 17.527 0.016 6.39 414.0
2455604.86174 17.535 0.017 6.48 382.0
2455605.85789 17.521 0.013 4.58 354.0
2455606.85752 17.543 0.014 5.25 342.0
2455607.86102 17.559 0.015 5.74 358.0
2455608.85201 17.544 0.017 7.00 354.0
2455611.84764 17.537 0.020 6.20 584.0
2455612.85690 17.566 0.016 5.06 498.0
2455613.88962 17.575 0.026 7.64 615.0
2455615.84841 17.534 0.014 4.52 462.0
2455616.84256 17.560 0.020 6.79 511.0
2455621.83356 17.564 0.014 5.52 314.0
2455622.82154 17.516 0.011 4.65 297.0
2455624.77791 17.577 0.015 5.50 355.0
2455626.83676 17.547 0.016 6.23 329.0
2455628.77790 17.557 0.021 7.56 393.0
2455629.77337 17.520 0.017 6.70 312.0
2455631.83823 17.541 0.017 6.80 345.0
2455632.86739 17.546 0.013 4.67 281.0
2455633.76653 17.555 0.015 5.68 350.0
2455635.79896 17.514 0.016 6.65 449.0
2455637.77761 17.537 0.020 6.74 733.0
2455638.90791 17.562 0.013 5.32 376.0
2455639.77834 17.555 0.018 5.52 547.0
2455642.75726 17.564 0.017 5.02 659.0
2455647.76275 17.530 0.013 4.70 322.0
2455649.78672 17.514 0.011 4.30 251.0
2455654.78793 17.544 0.012 4.27 280.0
2455658.85094 17.552 0.012 4.24 254.0
2455662.90390 17.564 0.013 4.69 344.0
2455668.78409 17.531 0.018 5.94 518.0
2455675.79017 17.546 0.014 4.91 374.0
2455679.88853 17.523 0.012 4.48 317.0
2455682.91511 17.541 0.014 5.05 391.0
2455686.80524 17.529 0.011 3.51 335.0
2455692.65679 17.536 0.015 5.76 479.0
2455694.83111 17.548 0.013 4.64 376.0
2455697.68018 17.556 0.014 4.23 562.0
2455702.59037 17.590 0.022 6.46 846.0
2455702.76942 17.532 0.031 5.43 2483.0
2455706.86356 17.549 0.017 6.52 486.0
2455709.82168 17.537 0.011 4.33 331.0
2455715.85194 17.539 0.014 5.83 306.0
2455722.82271 17.546 0.014 4.64 427.0
2455725.79627 17.517 0.014 4.54 553.0
2455735.66961 17.526 0.016 6.82 281.0
2455737.78322 17.535 0.012 4.39 258.0
2455740.64020 17.581 0.016 6.73 259.0
2455742.66819 17.533 0.011 4.09 224.0
2455745.71791 17.534 0.012 4.71 301.0
2455749.50635 17.551 0.022 8.13 411.0
2455760.56546 17.538 0.018 6.35 462.0
2455765.53052 17.556 0.014 4.83 396.0
2455768.78474 17.512 0.014 4.77 419.0
2455777.66139 17.558 0.012 4.42 280.0
2455784.49002 17.509 0.028 4.95 2144.0
2455784.62120 17.564 0.020 4.40 965.0
2455785.72833 17.566 0.024 7.38 715.0
2455790.57856 17.556 0.015 6.16 326.0
2455794.68099 17.534 0.014 5.69 334.0
2455803.51497 17.509 0.015 6.35 312.0
2455815.48335 17.538 0.016 5.30 489.0
2455819.52403 17.587 0.015 4.61 412.0
2455824.54742 17.515 0.013 4.62 323.0
2455829.52622 17.565 0.014 5.02 413.0
2455833.58271 17.540 0.016 6.86 370.0
2455841.51912 17.569 0.018 4.93 582.0
2455845.56076 17.552 0.021 6.02 710.0
2455854.51633 17.561 0.020 5.53 572.0
2455971.88522 17.522 0.013 4.41 517.0
2455984.87284 17.520 0.011 3.75 285.0
2455990.79654 17.529 0.014 5.80 311.0
2455995.77307 17.520 0.015 4.73 651.0
2455999.81172 17.528 0.014 4.51 515.0
2456002.77273 17.542 0.022 6.09 900.0
2456002.89406 17.544 0.015 4.06 668.0
2456003.80745 17.527 0.018 7.58 369.0
2456007.78849 17.540 0.012 4.73 251.0
2456010.82352 17.533 0.011 4.18 312.0
2456013.90101 17.545 0.011 4.14 237.0
2456016.90457 17.543 0.010 3.88 275.0
2456019.88903 17.523 0.011 4.19 248.0
2456022.78174 17.538 0.012 4.37 381.0
2456025.70809 17.508 0.019 5.97 637.0
2456032.90947 17.521 0.011 4.09 308.0
2456037.73176 17.570 0.014 5.77 311.0
2456040.88786 17.535 0.012 4.40 350.0
2456048.74379 17.513 0.011 4.07 308.0
2456051.64649 17.559 0.016 5.19 528.0
2456057.69873 17.531 0.014 4.65 494.0
2456057.85804 17.514 0.012 3.64 455.0
2456058.66139 17.534 0.016 6.76 357.0
2456061.83101 17.542 0.012 4.17 355.0
2456064.82260 17.533 0.012 4.47 366.0
2456066.94202 17.524 0.014 3.30 908.0
2456069.68234 17.538 0.011 4.29 291.0
2456071.65820 17.510 0.012 4.79 259.0
2456076.69413 17.543 0.011 3.87 303.0
2456078.83321 17.538 0.012 4.18 338.0
2456080.79340 17.538 0.014 4.82 423.0
2456086.58948 17.564 0.014 4.64 399.0
2456089.64640 17.530 0.012 4.74 323.0
2456093.82252 17.548 0.015 6.30 295.0
2456096.87448 17.553 0.019 6.50 460.0
2456099.84444 17.515 0.018 6.95 370.0
2456101.82791 17.555 0.015 4.93 488.0
2456103.72657 17.542 0.012 4.02 297.0
2456103.79450 17.560 0.012 4.92 312.0
2456103.82366 17.524 0.015 6.45 326.0
2456104.51068 17.523 0.013 4.35 442.0
2456104.64558 17.527 0.010 3.38 290.0
2456104.77963 17.510 0.012 4.77 258.0
2456105.68688 17.538 0.014 5.57 282.0
2456113.70200 17.542 0.016 4.42 617.0
2456115.67099 17.573 0.015 5.98 330.0
2456117.68552 17.578 0.013 4.68 322.0
2456119.61300 17.556 0.012 6.04 210.0
2456121.62593 17.542 0.010 5.17 206.0
2456124.70146 17.560 0.012 4.62 250.0
2456126.75574 17.536 0.013 5.43 273.0
2456132.55793 17.557 0.014 5.78 257.0
2456135.66399 17.558 0.017 6.64 312.0
2456140.66480 17.514 0.017 5.38 628.0
2456147.61163 17.563 0.015 6.96 220.0
2456151.59961 17.498 0.014 6.19 263.0
2456158.54363 17.557 0.012 4.85 297.0
2456161.61118 17.508 0.013 5.24 249.0
2456167.68739 17.553 0.031 4.88 2827.0
2456169.53496 17.528 0.015 5.09 454.0
2456175.64576 17.546 0.016 5.57 466.0
2456182.63295 17.499 0.016 6.36 356.0
2456191.49227 17.517 0.018 6.34 457.0
2456198.57073 17.523 0.020 6.52 545.0
2456210.51030 17.496 0.014 6.02 356.0
2456217.50435 17.540 0.013 4.26 354.0
2456347.86227 17.529 0.013 4.45 370.0
2456354.88151 17.528 0.013 4.80 394.0
2456362.90070 17.537 0.012 5.25 275.0
2456370.88057 17.580 0.012 4.82 273.0
2456375.80128 17.534 0.012 4.45 306.0
2456378.88696 17.560 0.011 3.11 474.0
2456382.77321 17.551 0.025 5.12 1475.0
2456388.75353 17.491 0.013 6.08 261.0
2456391.70642 17.505 0.017 7.08 306.0
2456395.82793 17.535 0.010 3.88 330.0
2456398.82265 17.537 0.011 4.56 246.0
2456401.86634 17.537 0.011 4.15 295.0
2456404.83614 17.537 0.011 4.57 262.0
2456408.81409 17.564 0.017 5.61 550.0
2456417.73300 17.551 0.013 5.00 336.0
2456419.84472 17.510 0.012 4.72 314.0
2456422.93768 17.542 0.025 5.69 1261.0
2456426.83183 17.546 0.010 3.86 289.0
2456431.88702 17.529 0.013 5.15 384.0
2456434.66097 17.557 0.015 6.29 399.0
2456436.70696 17.547 0.013 4.37 569.0
2456442.60261 17.530 0.011 4.29 387.0
2456445.66365 17.532 0.011 4.39 296.0
2456447.66499 17.526 0.012 4.56 279.0
2456449.60098 17.539 0.012 4.62 291.0
2456450.90944 17.549 0.014 4.95 487.0
2456454.53582 17.513 0.015 6.21 336.0
2456456.70037 17.535 0.010 3.85 314.0
2456458.84503 17.521 0.012 4.09 429.0
2456461.60203 17.521 0.012 4.57 336.0
2456463.74664 17.573 0.013 4.16 461.0
2456468.78244 17.529 0.014 4.89 542.0
2456473.74136 17.522 0.011 4.25 288.0
2456475.68946 17.555 0.012 4.76 282.0
2456477.65961 17.558 0.013 5.69 266.0
2456480.69661 17.536 0.012 5.88 227.0
2456485.48858 17.520 0.013 5.95 310.0
2456487.59272 17.531 0.010 4.20 243.0
2456490.70112 17.531 0.011 3.99 304.0
2456496.51906 17.566 0.017 5.17 642.0
2456498.71257 17.500 0.013 5.16 358.0
2456505.49373 17.535 0.013 5.76 318.0
2456508.65058 17.524 0.010 4.57 270.0
2456511.62039 17.554 0.012 5.83 260.0
2456518.52070 17.519 0.011 4.42 314.0
2456524.55822 17.537 0.013 3.86 512.0
2456531.66600 17.503 0.012 5.11 303.0
2456538.58855 17.525 0.014 6.32 275.0
2456545.63791 17.524 0.012 6.15 280.0
2456560.49161 17.528 0.014 5.80 366.0
2456567.54449 17.512 0.015 5.80 352.0
2456573.53648 17.550 0.015 4.99 444.0
2456741.86990 17.540 0.012 5.19 408.0
2456742.83465 17.532 0.010 3.75 319.0
2456745.88192 17.516 0.010 4.04 279.0
2456749.91613 17.508 0.012 4.79 398.0
2456752.80272 17.536 0.011 4.79 282.0
2456755.86977 17.544 0.011 4.47 317.0
2456757.84877 17.488 0.012 5.00 301.0
2456759.87351 17.536 0.009 3.33 320.0
2456761.80642 17.528 0.011 3.85 416.0
2456763.78936 17.532 0.012 4.08 549.0
2456768.91754 17.527 0.010 3.46 362.0
2456770.75984 17.534 0.011 4.72 339.0
2456771.93241 17.545 0.017 3.70 1338.0
2456773.82208 17.506 0.013 6.41 304.0
2456775.76219 17.550 0.010 4.03 302.0
2456776.93829 17.537 0.018 5.52 816.0
2456784.87820 17.534 0.014 4.38 409.0
2456785.87161 17.531 0.013 3.83 417.0
2456786.89559 17.536 0.014 4.36 403.0
2456789.78579 17.524 0.013 3.94 465.0
2456790.87043 17.512 0.017 4.99 680.0
2456791.92655 17.506 0.016 4.00 904.0
2456796.63892 17.550 0.014 3.88 487.0
2456797.73849 17.516 0.015 4.11 902.0
2456799.88296 17.538 0.020 7.13 379.0
2456804.59057 17.558 0.012 4.55 302.0
2456805.63880 17.501 0.014 5.54 311.0
2456807.61233 17.526 0.017 6.37 342.0
2456808.64783 17.519 0.014 4.99 331.0
2456809.68336 17.506 0.011 3.69 290.0
2456810.73788 17.552 0.012 3.76 337.0
2456811.76091 17.554 0.015 4.87 379.0
2456813.87553 17.521 0.014 5.62 309.0
2456815.60012 17.531 0.015 5.44 341.0
2456816.68442 17.505 0.015 5.88 362.0
2456817.76840 17.546 0.016 5.61 409.0
2456819.63334 17.520 0.016 4.65 640.0
2456823.84621 17.547 0.015 4.35 665.0
2456824.88936 17.538 0.024 6.78 800.0
2456826.51593 17.530 0.015 5.25 411.0
2456827.56278 17.538 0.012 3.95 372.0
2456828.61103 17.552 0.012 4.27 247.0
2456829.60748 17.528 0.015 6.05 281.0
2456830.63016 17.544 0.011 3.77 303.0
2456831.77729 17.523 0.013 4.66 328.0
2456832.81083 17.535 0.016 5.24 473.0
2456833.86619 17.560 0.022 5.89 896.0
2456835.53739 17.528 0.015 5.72 324.0
2456836.56706 17.485 0.018 6.87 376.0
2456837.58406 17.530 0.013 4.39 388.0
2456838.58395 17.510 0.015 5.72 331.0
2456839.59516 17.531 0.015 5.34 415.0
2456840.64759 17.528 0.015 5.96 312.0
2456841.76507 17.524 0.014 4.88 397.0
2456842.80851 17.522 0.016 6.07 437.0
2456844.83941 17.523 0.016 5.89 406.0
2456845.82162 17.537 0.014 5.23 351.0
2456847.76800 17.550 0.015 4.25 665.0
2456851.77453 17.557 0.018 5.16 754.0
2456855.50459 17.528 0.015 5.38 342.0
2456856.53374 17.548 0.014 5.00 333.0
2456857.57645 17.536 0.013 4.08 316.0
2456858.65843 17.562 0.012 3.71 307.0
2456862.61538 17.535 0.014 5.34 322.0
2456863.69435 17.525 0.012 4.74 302.0
2456864.76157 17.512 0.016 6.41 311.0
2456872.51720 17.553 0.015 5.66 292.0
2456878.56917 17.559 0.026 7.73 656.0
2456880.67838 17.490 0.022 6.46 679.0
2456882.61264 17.550 0.013 4.35 316.0
2456885.56058 17.541 0.013 4.81 271.0
2456886.70232 17.530 0.015 5.20 471.0
2456888.62727 17.519 0.012 4.32 324.0
2456890.56491 17.523 0.013 5.62 253.0
2456895.50153 17.536 0.012 4.11 313.0
2456908.50119 17.533 0.017 5.96 493.0
2456912.61601 17.519 0.018 6.07 467.0
2456918.53482 17.519 0.017 5.95 456.0
2456922.60341 17.562 0.017 5.53 394.0
2456925.61650 17.545 0.017 6.00 411.0
2456929.49474 17.516 0.018 6.69 463.0
2456942.49519 17.525 0.017 5.58 499.0
2457069.86368 17.337 0.011 4.54 382.0
2457074.87399 17.346 0.012 5.27 372.0
2457075.85009 17.280 0.012 5.53 342.0
2457078.85256 17.295 0.011 4.84 335.0
2457082.85447 17.279 0.010 4.30 295.0
2457086.88096 17.266 0.010 3.51 458.0
2457090.78400 17.233 0.015 6.22 576.0
2457097.88006 17.198 0.008 3.48 273.0
2457100.86543 17.157 0.009 3.75 336.0
2457110.79202 17.120 0.008 3.37 302.0
2457112.90122 17.104 0.008 3.55 350.0
2457115.71840 17.100 0.011 5.25 513.0
2457116.92465 17.084 0.012 4.35 935.0
2457126.84928 17.112 0.009 3.98 352.0
2457130.76347 17.135 0.010 5.33 283.0
2457131.92262 17.133 0.009 3.51 419.0
2457134.74281 17.110 0.010 5.07 332.0
2457135.90108 17.126 0.009 3.76 305.0
2457137.74559 17.148 0.008 3.59 278.0
2457138.87217 17.140 0.009 3.44 359.0
2457140.72918 17.151 0.010 4.62 398.0
2457141.86161 17.170 0.009 3.47 346.0
2457143.68448 17.188 0.011 4.29 411.0
2457144.79062 17.193 0.013 4.81 666.0
2457146.70565 17.181 0.011 3.78 733.0
2457147.72517 17.201 0.014 5.30 667.0
2457152.88113 17.239 0.012 4.65 524.0
2457153.92778 17.257 0.011 4.25 531.0
2457155.71467 17.237 0.009 3.73 314.0
2457156.83142 17.287 0.008 3.23 354.0
2457158.74258 17.265 0.010 4.37 306.0
2457159.81030 17.290 0.010 4.05 322.0
2457160.87664 17.283 0.010 4.02 339.0
2457162.60443 17.282 0.011 5.06 310.0
2457163.65879 17.314 0.013 5.76 380.0
2457164.79276 17.331 0.010 4.33 298.0
2457165.62358 17.319 0.012 5.99 318.0
2457166.76975 17.319 0.010 4.40 314.0
2457166.93430 17.322 0.014 6.07 456.0
2457169.67802 17.312 0.010 4.04 294.0
2457169.87307 17.311 0.010 4.16 304.0
2457170.66505 17.347 0.010 4.29 322.0
2457170.85515 17.328 0.013 5.41 360.0
2457172.66749 17.324 0.012 4.87 454.0
2457172.85849 17.309 0.013 5.40 429.0
2457173.64382 17.344 0.015 5.56 569.0
2457173.84006 17.334 0.012 4.06 600.0
2457174.60913 17.348 0.014 4.06 730.0
2457174.78096 17.362 0.013 3.91 638.0
2457174.94433 17.356 0.019 4.25 1708.0
2457175.73249 17.374 0.011 3.52 663.0
2457178.67603 17.379 0.013 4.13 565.0
2457178.84749 17.379 0.013 4.18 627.0
2457179.60765 17.373 0.015 5.43 484.0
2457179.77208 17.359 0.013 5.10 430.0
2457180.55994 17.365 0.013 5.58 373.0
2457180.71913 17.373 0.012 5.09 339.0
2457180.89520 17.379 0.014 4.88 503.0
2457181.67207 17.410 0.010 3.90 302.0
2457181.84857 17.372 0.014 5.51 388.0
2457182.61586 17.395 0.010 4.49 221.0
2457182.80798 17.416 0.017 7.49 297.0
2457183.56893 17.392 0.012 5.00 268.0
2457183.75360 17.389 0.012 5.37 278.0
2457183.91950 17.421 0.014 5.71 384.0
2457184.74503 17.409 0.013 5.69 264.0
2457184.90891 17.454 0.015 5.69 415.0
2457185.70455 17.394 0.012 5.78 301.0
2457185.87042 17.387 0.016 6.52 411.0
2457186.83090 17.402 0.014 5.29 397.0
2457187.61210 17.415 0.013 5.60 271.0
2457187.79522 17.401 0.012 4.91 319.0
2457188.58175 17.425 0.014 5.58 339.0
2457188.76901 17.407 0.014 5.71 363.0
2457189.61820 17.402 0.012 4.89 344.0
2457189.80806 17.403 0.012 4.51 400.0
2457190.58914 17.456 0.013 5.17 358.0
2457190.78968 17.410 0.013 4.70 461.0
2457191.62454 17.428 0.013 4.95 365.0
2457192.82724 17.450 0.011 3.87 321.0
2457192.85820 17.424 0.012 4.70 397.0
2457193.66769 17.425 0.009 3.60 253.0
2457193.83813 17.450 0.011 3.82 360.0
2457194.60064 17.434 0.011 4.63 271.0
2457194.79220 17.423 0.011 4.87 371.0
2457195.83220 17.348 0.008 3.64 584.0
2457197.63400 17.437 0.011 4.61 256.0
2457197.81733 17.456 0.013 5.11 312.0
2457198.61162 17.469 0.012 5.02 286.0
2457198.79784 17.441 0.013 5.33 312.0
2457199.57411 17.435 0.011 4.21 349.0
2457199.75683 17.417 0.011 4.45 308.0
2457200.51227 17.433 0.013 4.46 520.0
2457200.69109 17.463 0.011 3.63 344.0
2457200.85981 17.446 0.012 4.36 423.0
2457202.85185 17.462 0.021 5.22 992.0
2457206.65197 17.472 0.018 4.94 760.0
2457206.82343 17.495 0.020 4.99 1078.0
2457207.63189 17.409 0.013 4.44 512.0
2457207.80031 17.484 0.021 6.64 692.0
2457207.82074 17.478 0.017 4.95 760.0
2457209.72802 17.469 0.015 5.58 420.0
2457211.50614 17.484 0.018 6.54 483.0
2457211.67876 17.472 0.013 5.46 264.0
2457212.52920 17.481 0.012 5.75 315.0
2457214.63274 17.481 0.010 4.70 358.0
2457217.58420 17.439 0.014 6.16 305.0
2457219.49908 17.491 0.016 5.85 523.0
2457219.70507 17.491 0.011 4.14 288.0
2457220.58740 17.468 0.011 4.57 270.0
2457220.77666 17.498 0.012 4.48 340.0
2457221.57458 17.505 0.013 4.86 302.0
2457221.75714 17.485 0.011 4.06 285.0
2457222.54272 17.477 0.013 5.32 365.0
2457222.75556 17.537 0.014 5.09 431.0
2457223.59212 17.478 0.012 4.85 292.0
2457223.77916 17.497 0.018 7.22 333.0
2457224.64060 17.482 0.014 6.63 239.0
2457225.48558 17.470 0.013 4.79 594.0
2457226.50177 17.485 0.014 5.40 326.0
2457226.68698 17.481 0.011 4.33 253.0
2457227.47070 17.480 0.018 5.19 857.0
2457227.64223 17.483 0.011 4.08 248.0
2457228.47212 17.461 0.015 5.39 471.0
2457228.65644 17.465 0.012 4.25 333.0
2457229.50057 17.483 0.014 5.30 451.0
2457229.66528 17.454 0.011 3.39 397.0
2457233.49133 17.466 0.019 5.32 861.0
2457233.53317 17.501 0.019 5.07 860.0
2457235.68546 17.506 0.017 5.44 626.0
2457236.54489 17.508 0.017 5.21 446.0
2457249.53280 17.488 0.017 6.92 323.0
2457249.68994 17.516 0.015 6.52 278.0
2457252.51998 17.523 0.014 5.27 392.0
2457253.47654 17.521 0.015 4.97 433.0
2457253.66864 17.519 0.013 4.77 340.0
2457255.63660 17.511 0.013 5.22 288.0
2457256.63931 17.511 0.016 6.08 390.0
2457261.49114 17.560 0.024 6.29 909.0
2457261.65562 17.469 0.021 6.57 772.0
2457263.61990 17.668 0.016 4.34 541.0
2457264.56759 17.555 0.015 4.44 514.0
2457265.53085 17.516 0.013 4.15 405.0
2457266.50222 17.537 0.018 6.93 353.0
2457267.67773 17.549 0.018 6.47 433.0
2457268.66801 17.520 0.013 4.96 387.0
2457269.65491 17.483 0.013 5.49 322.0
2457270.59435 17.502 0.011 3.89 279.0
2457271.55040 17.513 0.013 5.36 293.0
2457272.58152 17.477 0.016 5.95 434.0
2457274.52119 17.539 0.017 6.18 430.0
2457277.49996 17.510 0.016 6.60 286.0
2457278.48312 17.501 0.020 7.20 406.0
2457281.49344 17.507 0.018 7.19 324.0
2457284.53375 17.520 0.014 4.92 477.0
2457292.51300 17.557 0.025 7.42 635.0
2457299.55379 17.567 0.017 6.92 420.0
2457318.51738 17.476 0.017 5.02 680.0
