2455260.88430 18.529 0.031 3.40 600.0
2455261.81526 18.502 0.036 4.93 556.0
2455265.86974 18.558 0.035 4.50 575.0
2455266.81610 18.526 0.036 4.95 461.0
2455267.84333 18.567 0.037 5.09 433.0
2455268.84576 18.467 0.030 4.76 411.0
2455269.80945 18.581 0.032 4.42 406.0
2455270.81513 18.493 0.030 4.21 393.0
2455271.81065 18.535 0.031 4.16 460.0
2455272.81579 18.448 0.036 5.52 400.0
2455273.80079 18.563 0.033 4.68 400.0
2455274.81929 18.467 0.035 5.15 415.0
2455275.80561 18.471 0.039 5.05 514.0
2455276.78378 18.493 0.031 4.24 409.0
2455276.91127 18.551 0.039 4.57 643.0
2455277.83979 18.493 0.035 5.16 435.0
2455278.81589 18.454 0.036 5.63 414.0
2455279.81715 18.472 0.036 5.04 400.0
2455280.82377 18.506 0.029 3.70 424.0
2455281.80370 18.498 0.028 4.01 401.0
2455282.82642 18.515 0.031 4.20 491.0
2455283.78648 18.570 0.039 4.45 609.0
2455283.87781 18.529 0.034 4.98 465.0
2455284.79213 18.588 0.045 5.23 707.0
2455285.78294 18.547 0.046 4.84 824.0
2455285.91309 18.528 0.040 4.69 744.0
2455286.79856 18.511 0.047 5.05 739.0
2455287.85174 18.502 0.033 3.70 646.0
2455288.77712 18.516 0.036 3.72 758.0
2455289.82898 18.529 0.043 5.27 788.0
2455293.85693 18.510 0.035 4.22 565.0
2455294.80029 18.509 0.025 3.50 340.0
2455295.80317 18.524 0.031 4.87 334.0
2455296.84275 18.474 0.023 3.27 340.0
2455297.87752 18.545 0.025 3.54 342.0
2455299.90325 18.505 0.021 3.48 370.0
2455301.82866 18.569 0.031 4.31 390.0
2455306.78871 18.499 0.027 4.41 369.0
2455307.81389 18.514 0.030 4.47 433.0
2455308.80403 18.484 0.031 5.21 375.0
2455309.85768 18.517 0.028 4.22 385.0
2455310.86710 18.496 0.025 3.94 384.0
2455312.71725 18.498 0.047 6.67 582.0
2455312.92545 18.494 0.036 4.92 518.0
2455314.68529 18.471 0.052 5.68 1008.0
2455314.89995 18.475 0.037 4.25 810.0
2455315.82613 18.519 0.047 5.12 866.0
2455316.78407 18.420 0.050 5.98 834.0
2455320.82219 18.603 0.063 4.55 1906.0
2455321.76761 18.556 0.040 5.39 535.0
2455322.93501 18.555 0.041 3.77 1108.0
2455323.87939 18.567 0.034 4.00 599.0
2455324.81000 18.523 0.037 5.16 451.0
2455325.72538 18.551 0.029 4.05 376.0
2455325.92962 18.533 0.039 4.76 607.0
2455326.85183 18.493 0.029 4.05 431.0
2455327.79991 18.436 0.032 4.39 394.0
2455328.72959 18.515 0.033 5.08 399.0
2455328.92191 18.541 0.031 3.79 552.0
2455334.85153 18.474 0.031 4.54 407.0
2455335.81656 18.539 0.030 4.17 413.0
2455336.91269 18.540 0.041 4.86 556.0
2455337.91388 18.553 0.049 6.01 613.0
2455339.67200 18.468 0.040 5.25 598.0
2455340.63085 18.496 0.070 7.27 935.0
2455340.88929 18.561 0.046 5.22 723.0
2455341.82018 18.504 0.035 4.21 644.0
2455342.64790 18.517 0.050 5.73 759.0
2455342.84374 18.516 0.041 4.67 716.0
2455343.66794 18.551 0.045 4.64 905.0
2455343.86130 18.494 0.047 5.19 924.0
2455343.87401 18.538 0.045 4.49 956.0
2455348.80859 18.588 0.038 4.67 526.0
2455349.68893 18.575 0.041 5.10 598.0
2455350.69690 18.545 0.049 6.58 452.0
2455351.83595 18.483 0.037 4.69 571.0
2455352.84853 18.459 0.033 3.87 581.0
2455353.78540 18.495 0.028 3.59 418.0
2455354.77565 18.526 0.033 3.96 436.0
2455355.70376 18.511 0.031 4.43 448.0
2455357.70297 18.519 0.033 5.12 386.0
2455359.69350 18.523 0.036 5.19 447.0
2455361.64036 18.457 0.047 7.06 434.0
2455362.89583 18.382 0.046 6.30 623.0
2455365.55952 18.597 0.045 5.47 609.0
2455365.88443 18.512 0.045 5.95 544.0
2455369.84161 18.469 0.055 6.83 653.0
2455376.81561 18.474 0.046 5.39 733.0
2455377.74818 18.422 0.033 4.80 493.0
2455378.62547 18.514 0.029 4.11 371.0
2455378.86921 18.415 0.037 5.88 608.0
2455379.78354 18.493 0.034 4.93 476.0
2455380.64405 18.537 0.029 4.78 301.0
2455381.52721 18.375 0.050 7.35 580.0
2455381.74100 18.490 0.049 7.19 464.0
2455382.61603 18.507 0.053 7.76 435.0
2455382.82411 18.560 0.054 7.06 521.0
2455385.82603 18.500 0.027 4.10 349.0
2455386.53396 18.526 0.031 4.05 677.0
2455386.61627 18.502 0.030 4.77 489.0
2455386.70068 18.475 0.026 3.92 461.0
2455386.84060 18.461 0.031 5.22 393.0
2455387.82577 18.484 0.032 5.59 427.0
2455388.78020 18.501 0.031 4.96 302.0
2455389.69093 18.480 0.028 4.49 285.0
2455390.65350 18.463 0.044 7.02 353.0
2455391.51987 18.513 0.040 6.37 401.0
2455391.84822 18.536 0.042 5.59 580.0
2455392.78826 18.467 0.028 4.31 338.0
2455393.76451 18.418 0.041 6.60 354.0
2455396.67822 18.471 0.029 4.53 359.0
2455396.71280 18.532 0.030 4.39 362.0
2455397.76232 18.411 0.051 7.36 481.0
2455403.49662 18.501 0.033 3.90 805.0
2455403.68919 18.500 0.037 3.91 815.0
2455404.56004 18.498 0.035 4.32 580.0
2455404.75900 18.466 0.036 4.15 660.0
2455405.77264 18.500 0.038 5.26 552.0
2455407.62904 18.470 0.048 7.15 388.0
2455408.54741 18.405 0.042 6.83 391.0
2455408.74945 18.478 0.047 6.71 500.0
2455409.75157 18.545 0.036 5.17 440.0
2455410.75595 18.524 0.036 5.10 448.0
2455411.76889 18.401 0.040 6.21 528.0
2455412.68870 18.470 0.041 6.36 389.0
2455413.76073 18.512 0.037 6.08 335.0
2455416.60561 18.487 0.041 6.67 333.0
2455418.66936 18.555 0.031 5.07 296.0
2455421.68512 18.518 0.039 6.80 294.0
2455423.50281 18.511 0.028 4.56 328.0
2455426.51978 18.528 0.049 4.81 1107.0
2455430.59001 18.522 0.042 5.30 615.0
2455431.58502 18.452 0.034 4.77 556.0
2455432.53093 18.517 0.063 6.85 818.0
2455434.55599 18.581 0.041 4.99 450.0
2455435.52333 18.533 0.037 5.33 447.0
2455436.54796 18.451 0.036 5.24 380.0
2455438.58063 18.490 0.036 5.49 380.0
2455439.62226 18.407 0.041 6.82 384.0
2455443.63639 18.493 0.031 4.71 377.0
2455444.66210 18.482 0.036 5.50 420.0
2455446.55104 18.495 0.034 5.06 391.0
2455447.56131 18.522 0.032 5.03 353.0
2455449.49426 18.497 0.043 6.73 403.0
2455450.57264 18.527 0.037 5.43 384.0
2455453.53385 18.487 0.049 6.75 530.0
2455457.60571 18.570 0.037 4.79 664.0
2455459.49539 18.515 0.039 4.95 526.0
2455460.51594 18.550 0.044 5.43 497.0
2455462.59726 18.550 0.038 4.47 612.0
2455465.54076 18.473 0.046 6.70 439.0
2455469.54074 18.548 0.033 4.69 416.0
2455471.57634 18.491 0.032 4.80 403.0
2455473.50429 18.486 0.044 6.35 442.0
2455478.49669 18.493 0.038 5.39 438.0
2455480.54860 18.452 0.041 5.74 512.0
2455485.54075 18.579 0.047 4.87 663.0
2455487.53386 18.483 0.039 5.17 609.0
2455489.53439 18.406 0.042 5.76 674.0
2455493.52100 18.417 0.060 6.69 761.0
2455497.53180 18.488 0.040 5.33 636.0
2455598.87987 18.461 0.046 6.24 663.0
2455599.88737 18.555 0.062 4.71 1486.0
2455600.87595 18.517 0.033 4.68 494.0
2455616.90213 18.554 0.064 4.94 1757.0
2455622.90140 18.520 0.039 4.26 921.0
2455625.83511 18.484 0.033 5.19 385.0
2455627.82843 18.482 0.031 5.09 363.0
2455628.91116 18.440 0.056 4.55 1814.0
2455629.83887 18.537 0.034 5.53 336.0
2455631.86721 18.464 0.031 5.36 392.0
2455633.82227 18.454 0.027 4.42 406.0
2455634.81605 18.507 0.035 5.30 364.0
2455637.85287 18.502 0.037 6.30 431.0
2455639.81099 18.553 0.041 5.22 589.0
2455640.80311 18.588 0.043 4.68 654.0
2455640.89007 18.607 0.039 5.09 535.0
2455641.79849 18.543 0.037 4.62 596.0
2455642.76424 18.492 0.041 5.00 726.0
2455642.86018 18.544 0.036 5.08 546.0
2455642.88007 18.548 0.037 5.20 541.0
2455643.78564 18.555 0.039 4.86 659.0
2455643.88391 18.506 0.030 4.25 540.0
2455644.79314 18.631 0.056 4.93 1217.0
2455644.90894 18.510 0.041 5.97 631.0
2455648.77605 18.568 0.038 5.89 392.0
2455648.88397 18.539 0.030 5.00 360.0
2455649.78142 18.491 0.030 5.37 318.0
2455649.88789 18.541 0.029 5.11 320.0
2455650.77354 18.474 0.024 4.30 299.0
2455650.88019 18.540 0.031 6.40 324.0
2455651.79580 18.542 0.030 5.08 335.0
2455651.91432 18.478 0.026 3.79 418.0
2455652.83850 18.492 0.023 3.87 298.0
2455653.89434 18.491 0.025 3.88 322.0
2455654.81707 18.553 0.034 6.01 329.0
2455654.90004 18.510 0.030 5.39 324.0
2455655.80780 18.511 0.030 4.25 372.0
2455655.89305 18.517 0.028 5.55 330.0
2455656.84392 18.482 0.026 4.50 359.0
2455657.80532 18.489 0.026 4.28 358.0
2455657.89225 18.476 0.022 3.65 314.0
2455658.80142 18.575 0.034 5.46 328.0
2455658.89873 18.546 0.034 5.70 309.0
2455659.75286 18.520 0.031 5.25 337.0
2455659.83106 18.481 0.032 5.78 335.0
2455659.92159 18.517 0.031 4.34 462.0
2455660.80516 18.585 0.032 5.53 323.0
2455660.92008 18.485 0.044 6.43 482.0
2455662.79633 18.579 0.031 4.69 401.0
2455662.89812 18.552 0.031 4.63 403.0
2455664.76068 18.491 0.047 7.62 465.0
2455664.86255 18.616 0.038 5.66 393.0
2455665.74336 18.429 0.048 7.23 423.0
2455665.85350 18.585 0.031 5.12 327.0
2455667.74846 18.507 0.035 5.20 491.0
2455668.72329 18.538 0.041 5.18 635.0
2455669.74238 18.474 0.036 4.70 716.0
2455670.72448 18.528 0.041 4.81 774.0
2455670.91043 18.504 0.037 4.66 709.0
2455675.78659 18.459 0.033 4.94 511.0
2455676.71329 18.541 0.025 4.94 246.0
2455676.90266 18.575 0.027 4.13 373.0
2455677.84104 18.512 0.027 4.08 351.0
2455679.75416 18.462 0.026 3.84 388.0
2455680.65964 18.539 0.046 6.88 429.0
2455680.83977 18.551 0.029 4.48 364.0
2455681.72769 18.531 0.027 4.07 381.0
2455681.91429 18.508 0.029 4.33 433.0
2455682.81754 18.606 0.030 4.49 421.0
2455683.79219 18.490 0.029 4.64 408.0
2455684.69508 18.509 0.028 4.51 381.0
2455684.90648 18.518 0.030 4.31 382.0
2455685.87581 18.476 0.024 3.74 358.0
2455686.78746 18.506 0.025 3.73 396.0
2455687.67224 18.486 0.039 6.35 541.0
2455688.83172 18.535 0.032 5.18 364.0
2455689.78986 18.502 0.025 4.25 323.0
2455690.78236 18.501 0.033 5.51 367.0
2455691.71061 18.534 0.036 5.93 367.0
2455691.91107 18.512 0.034 5.60 421.0
2455692.79450 18.562 0.030 4.35 468.0
2455693.62517 18.486 0.041 5.86 609.0
2455693.81866 18.522 0.028 4.02 466.0
2455694.63788 18.509 0.038 5.30 603.0
2455694.82763 18.525 0.032 4.93 445.0
2455695.64802 18.519 0.043 6.52 494.0
2455695.86702 18.494 0.026 4.36 360.0
2455696.68416 18.554 0.038 5.07 563.0
2455696.85554 18.451 0.034 4.78 576.0
2455697.69944 18.520 0.036 4.74 608.0
2455697.85753 18.531 0.030 3.53 641.0
2455698.69755 18.558 0.054 5.83 943.0
2455698.85635 18.526 0.038 4.36 924.0
2455703.81906 18.401 0.049 8.20 637.0
2455705.83440 18.540 0.034 5.20 396.0
2455706.77200 18.527 0.047 7.17 371.0
2455706.77528 18.473 0.043 7.03 434.0
2455707.66423 18.500 0.033 5.50 361.0
2455707.83090 18.517 0.030 4.19 494.0
2455708.64440 18.544 0.034 5.36 504.0
2455708.83411 18.493 0.033 5.05 446.0
2455709.79465 18.527 0.029 5.10 385.0
2455712.73700 18.546 0.028 4.41 413.0
2455713.74455 18.609 0.030 4.57 373.0
2455714.63035 18.442 0.033 6.24 396.0
2455714.64381 18.492 0.032 5.98 306.0
2455715.68695 18.573 0.028 4.71 331.0
2455715.86299 18.493 0.034 5.99 373.0
2455716.75898 18.539 0.031 5.28 307.0
2455721.56266 18.506 0.036 4.60 583.0
2455721.57661 18.431 0.033 4.67 636.0
2455721.83310 18.509 0.036 5.56 446.0
2455722.66008 18.532 0.030 4.57 431.0
2455722.67366 18.501 0.031 4.72 446.0
2455723.56192 18.547 0.036 4.46 555.0
2455723.73901 18.468 0.028 4.39 378.0
2455724.55996 18.545 0.054 6.02 986.0
2455724.78771 18.521 0.037 5.44 462.0
2455725.71361 18.529 0.028 3.84 558.0
2455726.61473 18.627 0.048 5.38 768.0
2455726.78717 18.479 0.042 5.02 782.0
2455734.76917 18.433 0.041 6.69 454.0
2455735.69642 18.497 0.034 6.03 350.0
2455736.63662 18.501 0.024 4.03 319.0
2455736.85139 18.455 0.027 4.19 435.0
2455737.64513 18.476 0.023 3.88 306.0
2455737.82687 18.462 0.026 4.19 361.0
2455738.67189 18.479 0.024 4.14 329.0
2455739.55663 18.576 0.035 4.78 421.0
2455739.74210 18.493 0.027 4.31 320.0
2455740.53367 18.559 0.038 5.14 455.0
2455740.74055 18.503 0.028 4.46 345.0
2455741.51122 18.377 0.034 5.38 519.0
2455741.68318 18.520 0.026 4.15 296.0
2455741.84987 18.538 0.033 4.89 400.0
2455742.60572 18.559 0.034 5.43 337.0
2455742.78328 18.502 0.025 3.83 336.0
2455743.65542 18.523 0.035 4.97 366.0
2455743.83210 18.478 0.035 5.02 465.0
2455744.59040 18.561 0.039 5.61 440.0
2455744.80887 18.610 0.036 5.33 373.0
2455745.58893 18.587 0.041 6.26 372.0
2455745.76559 18.455 0.034 6.03 342.0
2455746.61111 18.552 0.035 5.51 346.0
2455746.79792 18.468 0.046 7.56 385.0
2455747.69288 18.389 0.043 7.91 354.0
2455748.67201 18.552 0.031 4.79 385.0
2455749.63151 18.417 0.030 5.32 365.0
2455749.79813 18.513 0.045 7.43 362.0
2455752.71142 18.493 0.038 6.32 415.0
2455753.59107 18.432 0.061 5.13 2282.0
2455759.83389 18.509 0.048 5.48 846.0
2455760.58798 18.539 0.041 5.97 510.0
2455760.77712 18.477 0.033 4.72 568.0
2455761.61730 18.527 0.031 3.76 891.0
2455762.63309 18.500 0.044 6.94 383.0
2455763.50661 18.576 0.032 4.52 442.0
2455763.68953 18.541 0.033 5.10 413.0
2455764.51293 18.595 0.034 4.97 399.0
2455764.69061 18.513 0.026 4.14 324.0
2455765.55484 18.475 0.032 4.83 510.0
2455765.75400 18.512 0.042 6.50 419.0
2455766.62751 18.452 0.027 4.72 319.0
2455767.50147 18.656 0.044 5.68 442.0
2455767.71425 18.503 0.033 5.30 378.0
2455768.55362 18.572 0.033 5.16 420.0
2455768.74163 18.496 0.030 4.92 381.0
2455769.58214 18.540 0.038 6.14 321.0
2455769.78713 18.474 0.035 6.43 390.0
2455775.68373 18.580 0.035 5.57 314.0
2455776.73969 18.534 0.045 7.10 362.0
2455777.67268 18.527 0.026 4.33 341.0
2455778.57773 18.553 0.042 5.60 490.0
2455779.71377 18.489 0.032 5.07 382.0
2455785.54132 18.477 0.053 6.68 668.0
2455785.72571 18.496 0.054 6.80 764.0
2455786.67367 18.432 0.043 5.79 602.0
2455787.52177 18.548 0.037 4.87 580.0
2455787.70668 18.550 0.038 4.77 657.0
2455788.62336 18.561 0.038 5.03 490.0
2455790.51114 18.534 0.052 8.08 366.0
2455790.68380 18.464 0.036 5.48 525.0
2455793.51799 18.491 0.030 4.93 367.0
2455793.69084 18.501 0.033 5.17 404.0
2455794.60511 18.491 0.031 5.33 334.0
2455795.61300 18.484 0.049 7.60 370.0
2455796.58675 18.378 0.035 6.46 391.0
2455801.48313 18.403 0.033 5.90 387.0
2455801.66624 18.565 0.040 6.25 361.0
2455803.59275 18.557 0.049 7.40 419.0
2455804.64852 18.465 0.038 6.20 403.0
2455805.61341 18.447 0.029 5.19 375.0
2455807.56801 18.502 0.038 6.05 354.0
2455812.55338 18.570 0.059 6.35 695.0
2455813.53786 18.429 0.033 4.63 618.0
2455815.50797 18.514 0.033 4.94 500.0
2455815.66784 18.483 0.031 3.59 714.0
2455816.64364 18.476 0.054 6.92 625.0
2455817.64507 18.392 0.041 6.57 588.0
2455818.62567 18.446 0.053 7.28 672.0
2455819.63269 18.408 0.033 4.70 610.0
2455820.60938 18.494 0.037 4.63 548.0
2455822.55925 18.534 0.038 5.89 347.0
2455823.48645 18.434 0.052 7.89 467.0
2455823.57735 18.493 0.038 5.43 424.0
2455824.50275 18.600 0.040 5.56 396.0
2455824.59661 18.554 0.034 4.89 378.0
2455825.51613 18.490 0.039 5.08 458.0
2455825.62095 18.429 0.036 6.66 430.0
2455826.54589 18.514 0.035 4.84 425.0
2455827.56443 18.546 0.044 5.61 524.0
2455828.48526 18.504 0.038 5.60 514.0
2455828.57448 18.507 0.038 5.67 403.0
2455829.50042 18.614 0.044 6.16 426.0
2455829.58537 18.485 0.030 5.16 454.0
2455830.52244 18.553 0.029 4.52 395.0
2455830.59855 18.525 0.037 6.85 435.0
2455831.57015 18.484 0.030 5.50 400.0
2455832.51599 18.502 0.031 4.76 442.0
2455832.59520 18.523 0.042 6.88 475.0
2455833.55352 18.564 0.031 4.57 382.0
2455834.51314 18.496 0.028 4.36 385.0
2455834.59018 18.556 0.033 5.68 414.0
2455836.48784 18.455 0.048 6.11 710.0
2455836.56179 18.511 0.044 5.94 655.0
2455839.51793 18.518 0.047 5.85 662.0
2455839.59152 18.618 0.072 5.39 1661.0
2455840.55496 18.435 0.037 4.78 587.0
2455841.48955 18.452 0.047 5.89 693.0
2455841.57200 18.448 0.044 5.40 673.0
2455842.53574 18.456 0.052 6.59 594.0
2455843.48805 18.524 0.047 5.65 686.0
2455843.57221 18.537 0.040 5.27 583.0
2455844.51661 18.479 0.043 5.94 587.0
2455844.59512 18.643 0.070 7.18 722.0
2455845.55650 18.501 0.052 6.37 729.0
2455846.51970 18.587 0.059 6.38 730.0
2455850.54345 18.511 0.033 4.66 481.0
2455851.50676 18.520 0.035 5.20 450.0
2455852.53613 18.536 0.056 6.32 674.0
2455854.52723 18.539 0.047 5.81 602.0
2455855.51577 18.474 0.042 5.00 620.0
2455856.51443 18.375 0.049 6.76 568.0
2455857.53239 18.479 0.067 10.35 554.0
2455859.53421 18.422 0.037 5.44 565.0
2455861.50019 18.501 0.051 6.31 706.0
2455862.51834 18.449 0.039 5.85 473.0
2455971.87859 18.523 0.030 4.23 536.0
2455976.88412 18.543 0.030 4.56 390.0
2455977.88164 18.514 0.032 4.83 457.0
2455978.89194 18.526 0.032 4.93 430.0
2455979.89649 18.415 0.065 6.44 1201.0
2455982.83442 18.446 0.031 5.28 390.0
2455983.84737 18.485 0.028 4.50 400.0
2455984.84074 18.566 0.030 4.88 374.0
2455985.82635 18.527 0.036 5.49 485.0
2455986.81695 18.484 0.037 5.88 459.0
2455986.89196 18.473 0.028 4.61 400.0
2455987.85882 18.457 0.027 4.34 402.0
2455988.84873 18.485 0.030 4.63 421.0
2455989.82973 18.384 0.032 6.78 357.0
2455990.80611 18.590 0.041 6.53 368.0
2455991.85229 18.570 0.029 4.41 357.0
2455992.82787 18.500 0.033 4.73 521.0
2455993.81138 18.525 0.045 6.24 554.0
2455993.90326 18.504 0.037 4.92 498.0
2455994.86863 18.551 0.038 4.89 585.0
2455995.80522 18.535 0.035 4.20 670.0
2455995.88255 18.472 0.029 3.97 494.0
2455996.82502 18.495 0.034 5.02 522.0
2455996.90940 18.473 0.030 3.33 890.0
2455997.86717 18.500 0.034 5.03 483.0
2455998.80737 18.543 0.040 5.76 544.0
2455998.89762 18.548 0.033 5.08 465.0
2455999.84081 18.600 0.035 4.99 511.0
2455999.91676 18.538 0.049 3.86 1603.0
2456004.76256 18.548 0.040 5.94 488.0
2456004.85720 18.557 0.033 5.06 417.0
2456005.77499 18.535 0.030 5.19 362.0
2456005.87381 18.511 0.026 4.56 339.0
2456006.79428 18.492 0.025 4.37 341.0
2456006.89225 18.466 0.024 4.07 321.0
2456007.79556 18.580 0.033 5.60 335.0
2456007.89073 18.558 0.028 5.30 307.0
2456008.78914 18.484 0.030 4.96 386.0
2456008.88564 18.543 0.030 4.59 344.0
2456009.79062 18.564 0.029 4.39 399.0
2456009.88594 18.491 0.026 4.29 370.0
2456010.78229 18.489 0.025 3.90 416.0
2456010.88048 18.524 0.023 3.76 348.0
2456011.76838 18.421 0.029 4.74 390.0
2456011.88631 18.510 0.038 4.16 815.0
2456012.78665 18.483 0.027 4.78 311.0
2456012.88402 18.482 0.021 3.69 278.0
2456013.78075 18.551 0.026 4.63 303.0
2456013.88296 18.471 0.027 4.86 307.0
2456014.75772 18.528 0.041 7.17 372.0
2456014.85629 18.541 0.030 5.65 293.0
2456015.73486 18.535 0.030 4.66 403.0
2456015.81300 18.575 0.023 3.76 298.0
2456015.90366 18.488 0.022 3.67 298.0
2456016.79565 18.548 0.028 4.28 336.0
2456016.89918 18.505 0.025 4.09 333.0
2456017.78202 18.512 0.025 4.44 335.0
2456017.87875 18.490 0.022 4.00 279.0
2456018.77038 18.498 0.032 5.57 321.0
2456018.84916 18.539 0.027 4.72 307.0
2456019.74901 18.590 0.043 6.54 413.0
2456019.84561 18.563 0.027 4.43 316.0
2456019.92401 18.508 0.035 4.27 743.0
2456020.78078 18.526 0.026 4.46 370.0
2456020.87575 18.482 0.023 4.15 298.0
2456021.73652 18.491 0.040 6.18 501.0
2456021.81390 18.499 0.029 5.01 384.0
2456021.91156 18.517 0.030 4.73 384.0
2456022.76225 18.582 0.033 4.62 482.0
2456022.85794 18.565 0.031 4.54 429.0
2456023.71714 18.468 0.036 5.02 657.0
2456023.79777 18.512 0.029 4.09 538.0
2456023.90163 18.513 0.029 3.82 482.0
2456024.75507 18.488 0.035 4.71 613.0
2456024.85660 18.472 0.028 3.91 532.0
2456025.72812 18.425 0.041 5.87 647.0
2456025.80860 18.407 0.052 7.08 545.0
2456026.70211 18.504 0.059 6.65 957.0
2456031.82118 18.547 0.031 4.74 422.0
2456032.75073 18.491 0.028 4.61 408.0
2456032.93126 18.603 0.056 4.11 2050.0
2456033.88276 18.514 0.031 4.80 385.0
2456034.82588 18.525 0.024 3.83 335.0
2456036.72876 18.522 0.024 3.90 361.0
2456037.71465 18.457 0.032 5.60 393.0
2456037.91057 18.524 0.034 4.44 536.0
2456038.87549 18.479 0.024 3.82 383.0
2456039.86793 18.506 0.029 4.57 409.0
2456040.84406 18.494 0.028 4.41 396.0
2456041.78795 18.544 0.032 5.36 394.0
2456045.92270 18.536 0.032 4.48 470.0
2456047.74707 18.473 0.023 3.67 342.0
2456048.68693 18.519 0.027 3.59 484.0
2456048.87242 18.492 0.028 4.94 321.0
2456049.80788 18.494 0.021 2.98 347.0
2456050.68475 18.508 0.033 5.01 474.0
2456050.87302 18.505 0.029 4.28 444.0
2456052.68215 18.608 0.043 4.80 709.0
2456052.85832 18.490 0.033 4.40 624.0
2456053.71377 18.423 0.033 4.06 869.0
2456053.90558 18.516 0.039 4.18 973.0
2456058.74550 18.490 0.036 5.56 436.0
2456058.91607 18.503 0.034 4.83 492.0
2456060.81231 18.471 0.026 4.24 407.0
2456061.70042 18.534 0.034 4.82 413.0
2456061.87811 18.603 0.036 4.93 476.0
2456062.74926 18.615 0.039 5.22 496.0
2456062.92634 18.532 0.040 4.83 665.0
2456063.91504 18.476 0.031 4.40 526.0
2456064.84526 18.559 0.028 4.24 423.0
2456065.67483 18.477 0.030 5.26 348.0
2456066.61219 18.598 0.036 4.87 485.0
2456066.79338 18.510 0.033 4.99 417.0
2456067.59689 18.662 0.038 5.50 415.0
2456067.76418 18.516 0.025 3.82 374.0
2456067.93063 18.482 0.027 3.65 509.0
2456068.80324 18.511 0.026 4.27 342.0
2456069.73339 18.495 0.025 4.17 321.0
2456069.92078 18.464 0.022 3.36 390.0
2456070.71918 18.506 0.029 4.89 348.0
2456070.89625 18.490 0.027 4.25 365.0
2456071.69444 18.523 0.030 5.11 300.0
2456071.87447 18.556 0.032 4.98 375.0
2456075.67469 18.582 0.026 4.19 305.0
2456075.85788 18.508 0.025 3.96 365.0
2456075.86186 18.520 0.025 3.90 364.0
2456076.72525 18.533 0.024 3.73 348.0
2456076.90145 18.553 0.038 6.04 440.0
2456077.84709 18.516 0.026 4.10 354.0
2456078.64918 18.525 0.033 5.01 452.0
2456078.82988 18.584 0.031 4.42 402.0
2456079.62673 18.491 0.028 4.33 408.0
2456079.81749 18.506 0.028 3.72 462.0
2456080.59717 18.560 0.043 5.41 597.0
2456080.76405 18.507 0.030 4.46 485.0
2456080.94307 18.477 0.038 5.06 651.0
2456081.71711 18.534 0.035 4.78 539.0
2456081.89302 18.517 0.050 6.22 691.0
2456082.71460 18.459 0.050 6.12 805.0
2456082.91193 18.472 0.063 6.41 1111.0
2456085.87847 18.450 0.072 5.70 1839.0
2456086.65494 18.544 0.034 4.88 449.0
2456086.84587 18.474 0.033 5.00 496.0
2456087.72787 18.611 0.043 5.24 543.0
2456088.60095 18.533 0.030 5.44 290.0
2456089.68197 18.527 0.028 5.03 349.0
2456089.92966 18.563 0.046 6.62 448.0
2456092.80716 18.484 0.025 4.43 358.0
2456093.63172 18.541 0.031 5.50 316.0
2456093.83212 18.491 0.033 5.72 343.0
2456094.68063 18.553 0.035 5.53 417.0
2456094.85592 18.438 0.035 5.71 431.0
2456096.67654 18.567 0.032 5.51 321.0
2456096.87131 18.604 0.048 6.34 485.0
2456097.80370 18.435 0.033 5.61 365.0
2456098.59916 18.489 0.042 6.88 384.0
2456098.77633 18.528 0.032 5.34 356.0
2456099.71526 18.430 0.041 6.64 435.0
2456100.62542 18.496 0.030 4.99 386.0
2456100.81073 18.450 0.045 6.54 480.0
2456101.57708 18.581 0.036 5.18 483.0
2456101.75478 18.502 0.027 4.18 379.0
2456102.54142 18.427 0.039 5.41 633.0
2456102.71652 18.531 0.028 4.07 429.0
2456102.87562 18.452 0.037 4.82 635.0
2456103.63566 18.434 0.026 4.66 419.0
2456103.83276 18.489 0.031 5.61 386.0
2456104.61891 18.536 0.026 4.13 362.0
2456104.78876 18.562 0.025 4.09 296.0
2456105.54432 18.503 0.048 7.12 492.0
2456105.73594 18.584 0.034 5.65 299.0
2456108.54392 18.553 0.039 4.56 722.0
2456108.72928 18.444 0.029 3.72 714.0
2456108.87839 18.635 0.041 5.66 461.0
2456109.71988 18.709 0.067 4.38 1712.0
2456109.87558 18.619 0.051 5.70 834.0
2456113.68512 18.505 0.041 5.00 685.0
2456113.84106 18.590 0.043 4.38 916.0
2456114.70877 18.505 0.033 4.73 502.0
2456114.86154 18.444 0.065 7.69 844.0
2456115.64701 18.506 0.032 5.76 427.0
2456116.51491 18.535 0.030 5.18 372.0
2456116.68685 18.464 0.025 4.67 338.0
2456117.49206 18.657 0.044 5.09 536.0
2456117.66882 18.528 0.029 4.51 387.0
2456117.82639 18.471 0.035 4.94 505.0
2456118.59964 18.492 0.026 4.90 328.0
2456118.78499 18.575 0.029 4.32 355.0
2456119.56251 18.497 0.035 6.75 278.0
2456119.72797 18.538 0.029 4.90 318.0
2456120.59266 18.492 0.027 5.54 277.0
2456120.77361 18.546 0.037 6.03 321.0
2456121.56589 18.539 0.024 4.64 269.0
2456121.73528 18.503 0.020 3.55 253.0
2456123.61395 18.519 0.034 6.36 316.0
2456123.78330 18.495 0.025 4.35 300.0
2456124.60191 18.599 0.031 5.67 279.0
2456124.79254 18.402 0.029 5.02 384.0
2456125.61829 18.531 0.034 6.19 295.0
2456125.80176 18.512 0.031 5.05 344.0
2456126.64988 18.548 0.033 5.96 293.0
2456127.53620 18.545 0.035 5.78 352.0
2456128.55721 18.512 0.025 4.45 328.0
2456130.55204 18.570 0.039 6.32 350.0
2456131.63428 18.333 0.021 4.49 272.0
2456132.65723 18.510 0.032 5.59 291.0
2456133.60381 18.543 0.034 5.89 287.0
2456134.52441 18.501 0.040 6.09 410.0
2456135.49174 18.490 0.041 6.20 475.0
2456135.71023 18.519 0.030 4.68 366.0
2456140.49487 18.529 0.056 5.97 909.0
2456140.67478 18.505 0.069 5.78 1632.0
2456141.52170 18.517 0.037 4.57 689.0
2456141.69643 18.481 0.035 4.63 676.0
2456142.56492 18.559 0.048 6.19 553.0
2456147.58051 18.502 0.032 5.84 281.0
2456148.51092 18.497 0.024 4.24 292.0
2456148.69826 18.467 0.024 4.20 327.0
2456150.55127 18.480 0.030 5.30 308.0
2456151.55612 18.495 0.041 7.21 337.0
2456151.71663 18.551 0.033 5.24 357.0
2456152.60606 18.500 0.029 5.96 264.0
2456154.54174 18.566 0.035 5.65 342.0
2456157.69248 18.460 0.038 6.51 374.0
2456158.63211 18.515 0.031 5.16 383.0
2456159.55207 18.626 0.037 5.55 350.0
2456160.52077 18.429 0.028 5.17 321.0
2456160.72691 18.491 0.035 5.52 392.0
2456161.63151 18.536 0.029 4.53 293.0
2456164.60560 18.627 0.066 5.67 1360.0
2456167.60789 18.615 0.075 4.29 2786.0
2456168.61937 18.613 0.053 3.90 1708.0
2456169.60999 18.411 0.030 3.92 598.0
2456171.56338 18.658 0.040 4.99 567.0
2456172.52241 18.482 0.026 4.07 428.0
2456175.48407 18.560 0.034 5.23 417.0
2456175.65547 18.492 0.043 6.19 529.0
2456179.64301 18.511 0.043 6.70 388.0
2456180.62902 18.578 0.049 6.82 457.0
2456181.59067 18.455 0.025 3.63 445.0
2456182.59841 18.593 0.032 4.73 356.0
2456184.48723 18.573 0.036 5.44 410.0
2456185.59535 18.486 0.025 4.04 329.0
2456186.61111 18.546 0.033 5.17 363.0
2456191.50231 18.526 0.042 6.61 376.0
2456195.49540 18.567 0.033 5.02 476.0
2456195.58581 18.594 0.037 4.35 582.0
2456196.49615 18.548 0.039 4.58 584.0
2456196.58346 18.465 0.031 4.06 602.0
2456197.49800 18.618 0.046 5.90 509.0
2456197.58623 18.472 0.040 5.34 639.0
2456199.51799 18.603 0.056 7.59 509.0
2456200.61694 18.465 0.049 6.16 682.0
2456202.56650 18.497 0.046 5.53 632.0
2456203.55893 18.525 0.051 6.90 545.0
2456204.50570 18.547 0.035 5.18 433.0
2456204.58906 18.508 0.038 4.96 562.0
2456205.53527 18.521 0.027 4.20 369.0
2456205.60954 18.560 0.032 4.73 377.0
2456209.55420 18.446 0.046 6.91 434.0
2456210.50619 18.562 0.037 5.98 389.0
2456210.58342 18.548 0.037 5.52 451.0
2456211.53348 18.476 0.029 4.51 373.0
2456212.53279 18.556 0.032 4.12 459.0
2456212.59340 18.505 0.034 4.52 553.0
2456213.56174 18.546 0.041 5.71 451.0
2456214.54231 18.488 0.041 6.25 407.0
2456216.54191 18.481 0.033 4.79 427.0
2456217.49860 18.490 0.028 4.19 393.0
2456217.57464 18.506 0.031 4.42 436.0
2456218.54998 18.602 0.041 5.12 527.0
2456223.53894 18.560 0.048 5.80 612.0
2456224.51775 18.361 0.048 5.44 862.0
2456227.52167 18.530 0.044 5.66 607.0
2456232.50719 18.498 0.048 6.00 646.0
2456234.53026 18.420 0.050 7.39 560.0
2456239.51648 18.487 0.047 6.57 566.0
2456334.85933 18.528 0.035 5.99 386.0
2456334.89343 18.552 0.055 4.90 1280.0
2456335.87084 18.493 0.029 4.74 386.0
2456337.88318 18.505 0.032 5.12 428.0
2456338.86077 18.554 0.035 5.29 373.0
2456339.87717 18.564 0.026 4.08 333.0
2456340.88730 18.588 0.031 4.51 411.0
2456344.83339 18.614 0.029 5.34 293.0
2456345.84905 18.434 0.026 4.81 307.0
2456347.85556 18.585 0.034 4.62 470.0
2456348.84958 18.594 0.033 4.58 522.0
2456350.87043 18.492 0.031 4.39 485.0
2456351.87087 18.540 0.035 5.16 463.0
2456352.86673 18.532 0.031 4.68 491.0
2456353.84209 18.505 0.031 4.81 447.0
2456354.85719 18.488 0.030 4.67 490.0
2456358.86282 18.578 0.034 4.90 469.0
2456360.84827 18.533 0.026 4.10 365.0
2456361.83381 18.476 0.026 4.25 377.0
2456362.83166 18.507 0.028 4.39 371.0
2456362.85770 18.536 0.030 4.90 338.0
2456363.82750 18.466 0.033 5.64 370.0
2456367.84638 18.560 0.026 4.39 277.0
2456368.78248 18.518 0.030 5.23 319.0
2456368.87479 18.441 0.024 4.17 329.0
2456369.81397 18.537 0.027 4.47 324.0
2456370.76623 18.496 0.028 4.92 344.0
2456370.86061 18.511 0.027 4.64 337.0
2456371.78193 18.556 0.025 4.58 283.0
2456371.86969 18.593 0.023 3.93 275.0
2456372.77468 18.543 0.031 5.36 358.0
2456372.86323 18.429 0.025 4.93 321.0
2456373.79126 18.530 0.035 5.56 392.0
2456373.88021 18.535 0.031 5.62 342.0
2456374.79776 18.604 0.039 5.92 389.0
2456374.88689 18.448 0.026 5.51 342.0
2456375.79426 18.442 0.026 4.53 382.0
2456375.90310 18.505 0.022 3.71 321.0
2456376.81822 18.594 0.032 4.84 450.0
2456376.89992 18.551 0.024 3.84 326.0
2456377.83018 18.500 0.023 3.36 450.0
2456377.91241 18.534 0.026 3.42 480.0
2456378.82562 18.513 0.024 3.05 562.0
2456378.90625 18.462 0.022 3.03 528.0
2456379.81174 18.521 0.029 3.37 613.0
2456379.89779 18.582 0.033 4.13 532.0
2456380.80270 18.478 0.025 3.72 491.0
2456380.82630 18.479 0.029 4.83 469.0
2456380.91303 18.525 0.027 3.62 562.0
2456381.83392 18.474 0.025 3.88 454.0
2456381.91365 18.548 0.027 4.36 524.0
2456382.81841 18.582 0.040 5.36 520.0
2456382.89964 18.513 0.038 5.74 550.0
2456387.71753 18.490 0.038 6.49 365.0
2456387.80314 18.652 0.030 4.88 314.0
2456387.88196 18.551 0.031 5.80 326.0
2456388.72248 18.458 0.033 5.75 388.0
2456388.82418 18.567 0.028 4.81 318.0
2456389.71354 18.518 0.042 6.63 434.0
2456389.81440 18.552 0.027 4.45 342.0
2456389.89450 18.550 0.030 5.10 352.0
2456390.75876 18.498 0.027 4.44 359.0
2456390.84510 18.509 0.027 4.67 320.0
2456391.73204 18.472 0.038 6.29 367.0
2456393.72828 18.439 0.032 5.02 422.0
2456394.87451 18.421 0.030 5.76 368.0
2456395.83703 18.494 0.023 3.86 385.0
2456396.78369 18.502 0.021 3.52 323.0
2456397.72441 18.565 0.026 4.27 357.0
2456397.90086 18.504 0.024 3.86 329.0
2456398.83166 18.529 0.026 4.57 312.0
2456399.73753 18.493 0.033 5.70 334.0
2456400.70371 18.577 0.028 4.98 307.0
2456400.91487 18.440 0.028 4.87 381.0
2456401.84728 18.433 0.022 3.99 329.0
2456402.76741 18.478 0.030 5.45 362.0
2456403.68597 18.508 0.030 5.14 393.0
2456403.84793 18.529 0.027 4.64 336.0
2456404.77479 18.455 0.026 4.48 386.0
2456404.79352 18.531 0.033 4.72 518.0
2456405.83114 18.489 0.032 4.22 823.0
2456406.80584 18.572 0.040 4.49 1295.0
2456407.73969 18.438 0.034 5.13 563.0
2456407.91545 18.486 0.035 4.43 626.0
2456409.78556 18.711 0.062 6.45 689.0
2456415.75096 18.488 0.042 7.06 366.0
2456416.82844 18.528 0.024 4.19 358.0
2456417.74194 18.614 0.034 5.21 414.0
2456417.91685 18.499 0.030 4.54 435.0
2456418.76364 18.521 0.027 4.57 337.0
2456418.93856 18.599 0.048 3.58 1641.0
2456419.82712 18.515 0.028 4.55 368.0
2456420.67964 18.576 0.026 4.36 324.0
2456420.85161 18.527 0.022 3.48 306.0
2456421.88057 18.575 0.033 5.02 384.0
2456422.83773 18.589 0.051 7.25 423.0
2456423.80227 18.513 0.029 4.45 447.0
2456424.64256 18.466 0.031 4.99 490.0
2456424.83638 18.502 0.024 3.71 426.0
2456426.68317 18.442 0.023 5.16 289.0
2456426.92353 18.470 0.026 4.22 409.0
2456428.72304 18.496 0.031 5.75 362.0
2456428.91121 18.511 0.037 5.98 403.0
2456431.72116 18.497 0.032 5.85 392.0
2456431.89674 18.572 0.036 5.09 438.0
2456432.74640 18.496 0.036 5.90 438.0
2456432.91850 18.612 0.032 4.57 423.0
2456433.73254 18.457 0.031 5.39 445.0
2456434.64380 18.535 0.040 6.07 524.0
2456434.82844 18.532 0.029 4.16 551.0
2456435.67441 18.536 0.034 5.19 542.0
2456435.86230 18.544 0.030 3.78 625.0
2456436.66129 18.464 0.033 4.99 628.0
2456436.85080 18.460 0.030 3.74 805.0
2456441.70756 18.480 0.040 6.03 543.0
2456441.88967 18.355 0.041 5.37 981.0
2456442.66593 18.577 0.034 5.27 436.0
2456442.85015 18.512 0.025 4.02 428.0
2456443.64682 18.566 0.025 5.01 508.0
2456444.71931 18.548 0.032 5.66 364.0
2456444.86999 18.470 0.032 5.43 461.0
2456445.68724 18.512 0.027 4.79 388.0
2456445.88185 18.538 0.054 6.04 456.0
2456446.66107 18.463 0.023 4.24 354.0
2456446.85118 18.457 0.023 3.52 416.0
2456447.63499 18.517 0.026 4.22 349.0
2456447.82221 18.541 0.026 3.84 385.0
2456448.58479 18.658 0.037 5.06 438.0
2456448.76843 18.544 0.024 4.13 333.0
2456448.93431 18.419 0.038 6.17 565.0
2456449.70865 18.504 0.025 4.13 399.0
2456449.89261 18.472 0.051 7.30 463.0
2456450.66135 18.582 0.026 4.25 357.0
2456450.84350 18.482 0.027 4.18 438.0
2456451.61025 18.551 0.033 5.17 429.0
2456451.79538 18.552 0.027 4.18 362.0
2456452.57192 18.564 0.028 4.50 360.0
2456452.80749 18.572 0.022 3.63 307.0
2456454.58341 18.446 0.028 5.14 311.0
2456454.76806 18.521 0.026 4.31 326.0
2456455.54024 18.519 0.032 5.36 384.0
2456456.55117 18.539 0.024 4.34 322.0
2456456.73528 18.518 0.021 3.90 297.0
2456457.68719 18.556 0.024 4.21 333.0
2456457.87319 18.489 0.026 3.99 462.0
2456458.65713 18.457 0.032 5.93 390.0
2456458.84157 18.573 0.031 4.28 476.0
2456459.61089 18.511 0.027 4.38 406.0
2456459.80074 18.507 0.025 3.42 443.0
2456460.62628 18.552 0.036 5.58 459.0
2456461.55633 18.550 0.034 5.18 480.0
2456461.75457 18.592 0.032 4.62 468.0
2456462.62676 18.530 0.030 4.39 503.0
2456462.88722 18.358 0.034 5.73 476.0
2456463.66205 18.578 0.033 4.94 475.0
2456463.85287 18.479 0.029 4.29 506.0
2456464.66973 18.537 0.038 5.25 578.0
2456464.86193 18.467 0.036 4.38 787.0
2456468.68735 18.524 0.038 5.73 642.0
2456469.55719 18.624 0.047 6.50 530.0
2456469.74456 18.428 0.035 5.65 502.0
2456471.74959 18.563 0.048 6.41 710.0
2456472.73618 18.580 0.029 4.82 344.0
2456473.68746 18.544 0.027 4.99 308.0
2456474.62712 18.595 0.038 6.14 393.0
2456474.81286 18.517 0.046 6.76 539.0
2456475.59064 18.618 0.036 5.56 395.0
2456475.78898 18.475 0.027 4.25 418.0
2456476.55593 18.557 0.037 5.34 437.0
2456476.74459 18.615 0.032 4.66 390.0
2456477.54936 18.498 0.031 5.71 326.0
2456477.73791 18.497 0.033 5.46 395.0
2456478.58681 18.561 0.031 5.10 356.0
2456479.65167 18.477 0.027 5.49 288.0
2456480.56336 18.531 0.034 6.00 377.0
2456480.74723 18.567 0.037 6.37 319.0
2456481.55779 18.502 0.031 5.76 353.0
2456481.80171 18.558 0.038 5.90 391.0
2456484.46926 18.507 0.040 5.99 515.0
2456485.53180 18.544 0.033 6.45 331.0
2456485.76440 18.542 0.025 4.02 355.0
2456486.50261 18.496 0.031 5.30 408.0
2456486.71143 18.568 0.031 5.27 342.0
2456487.50083 18.507 0.028 4.95 411.0
2456487.70330 18.480 0.021 3.57 324.0
2456489.53912 18.473 0.035 5.83 376.0
2456489.73549 18.518 0.038 6.16 358.0
2456490.56536 18.525 0.031 5.12 399.0
2456490.75206 18.511 0.026 4.24 368.0
2456491.61985 18.461 0.032 4.59 428.0
2456491.81965 18.490 0.038 6.74 457.0
2456492.66531 18.532 0.045 7.34 509.0
2456496.48883 18.480 0.049 6.06 881.0
2456497.57206 18.566 0.040 5.77 533.0
2456497.75693 18.476 0.036 5.65 522.0
2456498.58835 18.543 0.025 3.55 488.0
2456498.76574 18.464 0.030 4.78 460.0
2456500.52709 18.446 0.043 7.58 433.0
2456501.53821 18.483 0.035 5.97 401.0
2456501.73841 18.541 0.035 5.69 408.0
2456504.75333 18.545 0.035 6.68 307.0
2456505.68001 18.540 0.033 5.60 343.0
2456506.57041 18.590 0.052 8.18 365.0
2456507.64159 18.413 0.032 6.14 357.0
2456508.57131 18.571 0.030 5.16 333.0
2456508.76310 18.497 0.025 3.79 470.0
2456509.66871 18.506 0.022 4.01 300.0
2456510.55387 18.500 0.024 4.11 339.0
2456510.75718 18.528 0.039 6.34 481.0
2456511.70628 18.528 0.028 4.81 316.0
2456514.59497 18.517 0.024 4.16 302.0
2456515.54677 18.487 0.024 4.37 339.0
2456516.52200 18.481 0.041 6.98 400.0
2456518.56413 18.512 0.025 3.85 382.0
2456519.49755 18.517 0.025 3.88 401.0
2456519.71731 18.435 0.030 5.84 441.0
2456523.61915 18.501 0.032 4.17 657.0
2456524.55539 18.594 0.033 3.84 602.0
2456525.55762 18.524 0.043 5.78 614.0
2456526.68246 18.473 0.038 5.81 554.0
2456529.62779 18.532 0.046 7.14 407.0
2456531.61607 18.543 0.029 4.94 332.0
2456532.59637 18.417 0.027 5.08 327.0
2456533.63699 18.579 0.031 5.61 391.0
2456535.51813 18.576 0.041 6.52 385.0
2456537.65874 18.636 0.045 6.91 338.0
2456539.54707 18.495 0.023 4.06 362.0
2456541.55854 18.624 0.030 4.98 363.0
2456543.61706 18.487 0.032 5.63 364.0
2456545.51642 18.545 0.026 4.59 331.0
2456546.54379 18.504 0.045 6.71 624.0
2456551.56445 18.497 0.045 5.95 588.0
2456555.63914 18.483 0.059 5.77 632.0
2456558.59888 18.555 0.031 4.57 498.0
2456560.50572 18.564 0.045 7.23 414.0
2456561.55914 18.589 0.037 5.55 361.0
2456563.54691 18.607 0.045 6.61 371.0
2456563.63040 18.472 0.039 6.52 396.0
2456564.56737 18.505 0.032 5.17 414.0
2456565.53858 18.531 0.039 6.30 415.0
2456567.51530 18.394 0.042 7.52 359.0
2456568.52062 18.514 0.045 6.70 488.0
2456568.60960 18.417 0.039 6.78 421.0
2456569.56372 18.566 0.028 4.45 357.0
2456570.54127 18.496 0.032 4.98 386.0
2456571.54862 18.526 0.038 5.41 452.0
2456572.50455 18.474 0.038 6.54 392.0
2456572.60259 18.543 0.041 6.00 467.0
2456573.56327 18.660 0.040 4.95 514.0
2456577.54087 18.515 0.057 5.61 1208.0
2456578.52522 18.481 0.043 5.78 563.0
2456579.48950 18.421 0.048 5.50 948.0
2456580.50983 18.622 0.054 5.33 908.0
2456581.53597 18.534 0.042 5.34 605.0
2456582.56201 18.582 0.037 4.05 670.0
2456583.54678 18.598 0.056 6.79 760.0
2456584.54674 18.491 0.054 6.04 960.0
2456585.54602 18.458 0.047 5.70 664.0
2456590.52704 18.465 0.048 6.56 563.0
2456590.55919 18.410 0.039 5.83 570.0
2456593.50284 18.603 0.048 5.83 543.0
2456595.52485 18.434 0.044 6.41 507.0
2456697.88630 18.568 0.035 5.10 571.0
2456699.87785 18.560 0.027 4.00 517.0
2456701.88860 18.668 0.035 4.18 673.0
2456704.86440 18.518 0.034 4.89 698.0
2456706.84514 18.444 0.032 4.76 634.0
2456708.84999 18.486 0.030 4.60 613.0
2456709.87758 18.581 0.031 4.59 526.0
2456710.89367 18.466 0.029 4.75 626.0
2456714.88151 18.686 0.046 6.76 427.0
2456715.89295 18.463 0.026 4.72 436.0
2456716.89594 18.526 0.026 4.20 455.0
2456717.89928 18.624 0.043 5.67 640.0
2456719.81237 18.541 0.035 5.38 555.0
2456719.90712 18.510 0.038 4.29 1149.0
2456720.88376 18.623 0.031 4.99 379.0
2456721.86260 18.540 0.029 4.92 442.0
2456722.84606 18.527 0.032 5.50 493.0
2456723.81712 18.494 0.031 4.79 529.0
2456724.80112 18.529 0.039 6.15 505.0
2456724.89702 18.505 0.040 6.38 455.0
2456725.87629 18.570 0.034 5.72 419.0
2456726.83889 18.611 0.032 4.76 470.0
2456727.81005 18.515 0.025 4.37 377.0
2456727.90434 18.529 0.025 4.25 466.0
2456728.87670 18.459 0.025 4.80 391.0
2456729.83271 18.609 0.028 4.18 509.0
2456730.78263 18.560 0.050 6.87 647.0
2456730.87872 18.533 0.046 7.58 381.0
2456732.79087 18.398 0.051 7.58 682.0
2456732.88555 18.537 0.037 5.47 576.0
2456733.82591 18.507 0.031 4.51 617.0
2456733.91450 18.536 0.037 4.24 1042.0
2456734.85725 18.541 0.031 4.53 528.0
2456735.78479 18.630 0.050 5.65 889.0
2456735.89424 18.559 0.032 4.34 640.0
2456736.82942 18.550 0.040 5.77 576.0
2456737.79034 18.568 0.032 4.91 616.0
2456737.86997 18.507 0.025 3.69 556.0
2456738.81168 18.510 0.057 4.55 2274.0
2456742.79463 18.617 0.032 5.19 406.0
2456742.88443 18.545 0.025 4.77 380.0
2456744.80346 18.587 0.033 6.43 396.0
2456744.89411 18.477 0.026 5.07 374.0
2456745.80197 18.551 0.026 4.89 365.0
2456745.88855 18.546 0.026 4.21 358.0
2456746.79382 18.639 0.032 5.21 364.0
2456746.88191 18.504 0.029 6.85 275.0
2456747.89730 18.553 0.029 5.32 357.0
2456749.74296 18.658 0.037 5.52 444.0
2456751.82849 18.571 0.023 3.82 355.0
2456754.83590 18.595 0.042 6.86 400.0
2456756.89074 18.635 0.031 5.07 370.0
2456758.93149 18.512 0.061 6.77 1291.0
2456760.87013 18.544 0.023 3.82 419.0
2456762.86549 18.526 0.021 3.76 367.0
2456764.78960 18.538 0.026 3.58 645.0
2456768.73123 18.567 0.039 4.37 1040.0
2456769.85834 18.533 0.025 3.81 469.0
2456771.73880 18.476 0.023 3.98 372.0
2456772.90368 18.460 0.023 3.97 405.0
2456774.78046 18.555 0.042 6.83 415.0
2456776.72388 18.540 0.028 4.84 604.0
2456784.69573 18.588 0.038 5.44 459.0
2456785.67093 18.492 0.025 3.60 442.0
2456786.67924 18.480 0.026 3.65 428.0
2456788.85346 18.463 0.029 4.20 585.0
2456790.69850 18.618 0.039 4.56 613.0
2456791.75498 18.542 0.036 4.43 681.0
2456792.79491 18.562 0.036 3.89 816.0
2456796.85704 18.530 0.030 3.73 531.0
2456797.93889 18.505 0.058 5.38 1667.0
2456803.80911 18.500 0.026 4.30 317.0
2456804.82570 18.499 0.032 4.82 397.0
2456805.87453 18.591 0.038 5.32 443.0
2456807.85892 18.540 0.036 5.23 399.0
2456808.88221 18.544 0.037 5.58 401.0
2456809.92984 18.585 0.044 5.72 547.0
2456811.56670 18.538 0.055 7.26 528.0
2456813.67586 18.452 0.031 5.32 350.0
2456814.78585 18.541 0.029 4.61 326.0
2456815.85970 18.497 0.033 5.04 416.0
2456817.59177 18.497 0.041 5.96 534.0
2456818.57745 18.538 0.038 4.87 540.0
2456819.83771 18.533 0.054 6.33 756.0
2456824.70221 18.563 0.038 4.72 600.0
2456825.73770 18.556 0.034 4.23 508.0
2456826.74852 18.526 0.030 3.99 461.0
2456827.81731 18.518 0.035 5.58 411.0
2456828.86208 18.469 0.031 5.16 426.0
2456829.83623 18.534 0.033 5.22 364.0
2456830.86970 18.535 0.030 4.46 445.0
2456832.62136 18.539 0.034 5.24 378.0
2456833.70938 18.551 0.040 5.63 449.0
2456834.71330 18.526 0.031 4.41 390.0
2456835.76563 18.481 0.040 6.52 376.0
2456836.79886 18.507 0.041 6.31 426.0
2456837.80999 18.531 0.033 4.86 481.0
2456838.81038 18.509 0.039 5.88 467.0
2456839.82444 18.493 0.042 5.74 623.0
2456841.61388 18.535 0.030 4.52 438.0
2456842.63406 18.594 0.036 5.22 406.0
2456844.66839 18.544 0.029 4.20 428.0
2456845.65171 18.521 0.029 4.25 473.0
2456847.62726 18.490 0.030 4.09 647.0
2456851.60079 18.540 0.044 5.26 807.0
2456855.73740 18.469 0.032 5.76 345.0
2456856.76368 18.534 0.032 4.95 442.0
2456858.47331 18.497 0.029 4.31 452.0
2456859.66073 18.472 0.032 4.78 405.0
2456863.50428 18.491 0.028 4.20 421.0
2456864.59298 18.539 0.032 5.40 308.0
2456870.69380 18.563 0.041 6.51 336.0
2456873.54028 18.513 0.036 6.06 376.0
2456879.72963 18.539 0.056 5.31 1032.0
2456881.69759 18.502 0.043 5.64 557.0
2456883.57208 18.540 0.027 4.38 285.0
2456886.51182 18.436 0.039 6.24 415.0
2456887.69272 18.560 0.034 5.76 299.0
2456889.62606 18.518 0.026 4.35 317.0
2456891.55230 18.553 0.029 4.70 325.0
2456896.52940 18.491 0.035 5.37 403.0
2456907.50038 18.504 0.032 4.61 489.0
2456908.54184 18.538 0.040 5.20 588.0
2456909.60161 18.509 0.059 7.05 638.0
2456912.53559 18.590 0.036 5.48 379.0
2456915.49954 18.530 0.037 5.87 398.0
2456921.61959 18.556 0.033 5.49 380.0
2456924.57487 18.568 0.038 5.15 485.0
2456927.57232 18.466 0.040 6.04 488.0
2456930.60859 18.465 0.046 7.03 543.0
2456936.52222 18.505 0.038 5.24 610.0
2456937.51975 18.499 0.043 5.69 596.0
2456938.51936 18.554 0.050 6.29 624.0
2456939.54430 18.475 0.049 6.69 647.0
2456940.56680 18.502 0.048 6.18 679.0
2456942.53760 18.625 0.048 6.47 491.0
2456943.54370 18.521 0.049 7.31 523.0
2456947.50438 18.457 0.041 6.53 476.0
2456952.50718 18.502 0.045 5.63 528.0
2456955.49748 18.498 0.047 5.71 707.0
2456959.53240 18.470 0.065 5.55 1402.0
2457063.86727 18.568 0.054 6.61 677.0
2457065.86839 18.624 0.046 5.41 612.0
2457069.85851 18.556 0.038 5.25 488.0
2457070.88166 18.539 0.029 4.28 398.0
2457071.89418 18.649 0.042 4.47 810.0
2457074.85471 18.497 0.047 7.03 475.0
2457075.83057 18.673 0.058 7.83 455.0
2457076.83221 18.563 0.035 5.40 448.0
2457077.82999 18.576 0.041 6.01 466.0
2457078.83175 18.646 0.049 6.63 437.0
2457078.89628 18.518 0.029 3.99 474.0
2457080.84317 18.560 0.039 6.35 372.0
2457082.81958 18.639 0.038 5.55 418.0
2457082.88733 18.555 0.029 4.89 351.0
2457083.86789 18.528 0.031 4.85 367.0
2457084.84774 18.546 0.037 5.16 519.0
2457085.80632 18.576 0.037 4.42 740.0
2457086.81313 18.540 0.038 4.46 747.0
2457086.88871 18.537 0.031 3.98 554.0
2457087.85618 18.512 0.036 4.40 638.0
2457088.82701 18.530 0.031 3.79 552.0
2457089.80325 18.528 0.040 5.41 612.0
2457089.88140 18.620 0.038 4.88 523.0
2457090.84840 18.554 0.033 4.44 514.0
2457091.79978 18.500 0.035 4.72 616.0
2457091.89105 18.516 0.031 4.29 494.0
2457092.83801 18.551 0.030 4.01 538.0
2457093.79610 18.586 0.041 4.23 787.0
2457097.81459 18.587 0.029 4.27 392.0
2457097.90257 18.484 0.024 3.75 383.0
2457098.86224 18.505 0.026 3.84 411.0
2457099.80388 18.501 0.028 4.78 376.0
2457099.91003 18.530 0.031 4.39 470.0
2457100.84288 18.505 0.029 4.46 432.0
2457101.79622 18.548 0.052 7.22 540.0
2457102.78145 18.460 0.037 6.26 499.0
2457102.89601 18.558 0.033 5.23 399.0
2457108.85671 18.519 0.037 5.83 440.0
2457109.80622 18.588 0.035 5.58 354.0
2457109.91075 18.496 0.030 4.61 408.0
2457110.81668 18.530 0.024 3.87 374.0
2457111.75538 18.531 0.033 4.86 447.0
2457111.84871 18.510 0.030 5.53 335.0
2457112.74963 18.528 0.044 5.94 592.0
2457112.86394 18.576 0.034 5.17 435.0
2457114.74756 18.605 0.051 6.48 571.0
2457116.73863 18.466 0.040 5.23 706.0
2457118.74450 18.598 0.037 4.12 771.0
2457120.74995 18.529 0.031 4.07 566.0
2457125.89383 18.569 0.031 4.37 454.0
2457129.84437 18.470 0.024 4.05 353.0
2457131.73497 18.553 0.029 3.99 413.0
2457133.85681 18.515 0.030 4.60 404.0
2457135.71462 18.546 0.028 4.35 419.0
2457138.68794 18.534 0.039 6.02 405.0
2457139.84709 18.560 0.037 5.90 367.0
2457141.67507 18.495 0.031 4.60 456.0
2457142.78957 18.463 0.028 4.15 436.0
2457143.91997 18.538 0.030 4.17 438.0
2457145.86022 18.562 0.037 4.52 630.0
2457146.88382 18.504 0.035 4.23 780.0
2457147.90578 18.558 0.037 4.38 743.0
2457153.76169 18.460 0.022 3.38 445.0
2457154.87774 18.509 0.029 4.28 431.0
2457156.62446 18.563 0.032 4.75 409.0
2457157.88905 18.492 0.030 4.32 428.0
2457159.62615 18.515 0.030 4.50 489.0
2457160.69261 18.424 0.030 5.04 420.0
2457161.78527 18.458 0.021 3.35 376.0
2457162.83313 18.438 0.029 5.04 384.0
2457163.88526 18.482 0.029 4.30 481.0
2457166.66214 18.531 0.035 5.73 363.0
2457169.63482 18.465 0.027 4.69 395.0
2457170.66631 18.416 0.027 4.84 399.0
2457172.71312 18.323 0.026 4.38 485.0
2457173.75469 18.286 0.029 5.02 543.0
2457174.74381 18.336 0.027 4.28 596.0
2457176.92078 18.255 0.035 4.26 1228.0
2457178.72952 18.265 0.033 5.45 682.0
2457179.71041 18.260 0.037 7.23 541.0
2457180.70574 18.362 0.029 4.97 419.0
2457181.72816 18.456 0.035 5.91 383.0
2457182.75066 18.363 0.036 6.52 338.0
2457183.75498 18.455 0.034 6.21 346.0
2457184.79007 18.450 0.033 5.63 347.0
2457185.79701 18.461 0.029 4.84 377.0
2457187.56950 18.551 0.037 5.23 429.0
2457188.58318 18.530 0.040 5.86 434.0
2457189.68181 18.520 0.030 4.75 383.0
2457190.74610 18.439 0.026 4.20 413.0
2457193.70549 18.498 0.022 3.67 312.0
2457193.75192 18.470 0.024 3.68 341.0
2457194.77858 18.419 0.028 4.60 443.0
2457197.86691 18.541 0.044 6.12 504.0
2457198.89727 18.544 0.051 6.99 519.0
2457199.89167 18.520 0.038 5.23 505.0
2457202.71328 18.536 0.049 6.15 627.0
2457206.75168 18.486 0.038 3.98 947.0
2457207.76886 18.482 0.044 5.41 704.0
2457211.50781 18.639 0.058 7.00 567.0
2457212.57698 18.331 0.023 5.05 370.0
2457217.71587 18.438 0.031 5.39 336.0
2457220.53104 18.457 0.036 6.07 430.0
2457221.56191 18.494 0.036 6.14 395.0
2457222.63277 18.589 0.032 5.10 415.0
2457223.76656 18.530 0.042 6.37 400.0
2457225.51572 18.591 0.043 5.91 467.0
2457226.76071 18.599 0.039 5.76 396.0
2457227.77249 18.572 0.038 5.99 340.0
2457229.50240 18.575 0.037 5.46 512.0
2457235.76430 18.623 0.064 6.13 959.0
2457249.65274 18.547 0.033 5.71 311.0
2457253.47859 18.419 0.032 5.24 472.0
2457256.49859 18.586 0.039 5.10 494.0
2457258.64782 18.475 0.062 5.20 555.0
2457263.59300 18.601 0.036 4.39 604.0
2457265.54774 18.480 0.029 4.23 449.0
2457268.53874 18.460 0.024 4.40 326.0
2457270.52780 18.541 0.032 5.15 365.0
2457273.53774 18.549 0.046 6.87 394.0
2457277.58317 18.566 0.037 6.23 325.0
2457283.58095 18.511 0.043 6.97 407.0
2457291.54847 18.407 0.055 7.87 654.0
2457292.58091 18.498 0.056 6.67 791.0
2457293.53827 18.532 0.037 4.76 632.0
2457294.55202 18.481 0.047 6.85 644.0
2457295.53225 18.577 0.040 5.87 435.0
2457296.58872 18.503 0.056 7.43 621.0
2457299.56164 18.535 0.039 6.44 473.0
2457301.49824 18.656 0.052 7.12 488.0
2457311.50759 18.566 0.030 4.59 427.0
2457312.52863 18.486 0.045 6.49 534.0
2457317.52855 18.503 0.048 6.24 611.0
2457322.50658 18.627 0.066 6.33 874.0
2457325.49985 18.607 0.052 6.00 711.0
2457329.52334 18.429 0.050 6.95 629.0
2457334.50614 18.540 0.074 7.15 978.0
