2455261.83383 20.270 0.149 4.24 500.0
2455265.89305 20.459 0.187 3.92 721.0
2455266.89442 20.270 0.155 4.73 422.0
2455267.86604 20.353 0.165 5.30 355.0
2455268.81581 20.465 0.168 5.19 351.0
2455269.83216 20.357 0.112 3.76 331.0
2455270.79870 20.239 0.132 4.56 360.0
2455271.83338 20.406 0.141 4.22 382.0
2455272.83861 20.278 0.156 5.73 303.0
2455273.83755 20.238 0.140 5.41 311.0
2455274.84197 20.161 0.124 4.99 331.0
2455275.85029 20.362 0.165 4.95 383.0
2455276.80643 20.289 0.132 4.75 328.0
2455277.86244 20.354 0.142 4.54 330.0
2455278.84557 20.517 0.229 6.67 335.0
2455279.83979 20.189 0.123 4.90 311.0
2455280.80689 20.210 0.116 4.22 348.0
2455281.82652 20.220 0.114 4.29 331.0
2455282.84919 20.317 0.130 4.35 336.0
2455283.80932 20.167 0.148 4.71 501.0
2455284.81503 20.164 0.237 7.11 575.0
2455285.80567 20.514 0.250 5.48 683.0
2455286.82191 20.443 0.282 5.99 620.0
2455288.87617 20.372 0.167 4.22 549.0
2455289.80674 20.507 0.223 5.34 614.0
2455293.88131 20.540 0.155 3.97 372.0
2455295.76750 20.235 0.118 4.74 271.0
2455297.84228 20.200 0.091 3.50 267.0
2455299.86552 20.260 0.091 3.59 269.0
2455303.91599 20.179 0.114 4.39 328.0
2455307.69062 20.352 0.167 5.55 376.0
2455309.74611 20.223 0.129 5.36 321.0
2455313.89232 20.168 0.166 5.25 541.0
2455322.84421 20.176 0.142 5.41 475.0
2455325.78037 20.200 0.098 3.49 269.0
2455328.78515 20.142 0.118 4.42 320.0
2455337.80179 20.274 0.137 4.79 343.0
2455339.81933 20.411 0.175 4.42 544.0
2455341.61683 20.193 0.172 5.09 646.0
2455342.73927 20.633 0.248 5.15 537.0
2455343.77238 20.215 0.162 4.34 708.0
2455351.82202 20.190 0.163 5.50 433.0
2455354.65193 20.262 0.134 5.16 300.0
2455357.87698 20.198 0.164 5.61 430.0
2455362.87132 20.321 0.174 5.21 443.0
2455369.74653 20.679 0.265 4.67 719.0
2455381.56851 20.333 0.219 6.91 395.0
2455389.76352 20.294 0.180 6.48 265.0
2455392.81666 20.313 0.140 5.24 295.0
2455403.61590 20.405 0.182 3.91 777.0
2455407.55369 20.420 0.187 6.66 223.0
2455410.56786 20.408 0.126 4.73 239.0
2455414.71435 20.448 0.129 4.24 261.0
2455426.49597 20.094 0.122 4.70 393.0
2455435.51100 20.303 0.160 5.34 332.0
2455443.65564 20.496 0.173 5.44 304.0
2455449.50893 20.185 0.190 7.07 303.0
2455457.57995 20.629 0.260 4.22 979.0
2455459.54361 20.396 0.165 4.22 456.0
2455461.50544 20.366 0.252 5.93 632.0
2455463.49582 20.043 0.131 5.12 432.0
2455464.48813 20.425 0.181 5.51 368.0
2455468.58268 20.523 0.299 8.18 357.0
2455472.49612 20.497 0.281 5.66 388.0
2455476.55702 20.261 0.206 6.52 375.0
2455480.57706 20.470 0.261 7.26 454.0
2455486.53044 20.168 0.198 5.58 569.0
2455489.52353 20.206 0.250 6.84 568.0
2455495.53742 20.552 0.238 5.97 448.0
2455621.88407 20.245 0.116 4.70 324.0
2455625.85703 20.399 0.153 5.07 316.0
2455626.88725 20.604 0.223 5.75 334.0
2455628.83250 20.385 0.163 5.45 329.0
2455629.89931 20.521 0.163 4.55 357.0
2455631.88846 20.160 0.157 6.04 336.0
2455633.84240 20.210 0.129 4.97 363.0
2455635.87526 20.399 0.177 5.56 362.0
2455638.81496 20.548 0.249 5.96 508.0
2455644.77125 20.427 0.244 5.93 657.0
2455651.77268 20.224 0.112 4.44 285.0
2455656.79213 20.353 0.130 4.43 337.0
2455665.80626 20.361 0.166 6.15 255.0
2455670.85936 20.345 0.172 4.49 572.0
2455677.73857 20.290 0.130 5.07 322.0
2455681.74369 20.281 0.131 5.04 315.0
2455684.86949 20.309 0.126 4.23 310.0
2455689.67979 20.221 0.129 5.43 331.0
2455693.78300 20.260 0.110 4.23 341.0
2455696.63746 20.589 0.241 4.86 635.0
2455698.75328 20.194 0.188 5.56 742.0
2455699.64229 20.202 0.265 5.94 1180.0
2455708.60108 20.325 0.183 6.20 370.0
2455713.83691 20.766 0.208 5.38 308.0
2455721.71600 20.276 0.153 5.75 346.0
2455724.58916 20.159 0.188 6.07 537.0
2455724.60339 20.427 0.242 6.19 503.0
2455724.61594 20.073 0.163 5.87 487.0
2455736.75189 20.114 0.093 4.20 295.0
2455739.59816 20.398 0.155 5.47 264.0
2455741.68709 20.484 0.160 4.97 239.0
2455744.68077 20.326 0.190 4.44 244.0
2455763.79101 20.300 0.183 5.83 461.0
2455767.71762 20.406 0.163 5.54 291.0
2455775.60018 20.220 0.151 6.22 229.0
2455787.68060 20.547 0.215 4.97 537.0
2455793.65525 20.131 0.125 5.65 277.0
2455801.51205 20.333 0.191 6.94 285.0
2455817.55659 20.280 0.152 4.65 427.0
2455822.57855 20.215 0.150 5.95 272.0
2455826.55084 20.164 0.143 5.35 338.0
2455831.57515 20.150 0.135 5.77 327.0
2455987.90201 20.543 0.202 4.30 593.0
2455993.81714 20.066 0.195 7.43 537.0
2455997.85035 20.678 0.237 6.23 438.0
2456009.76677 20.649 0.194 5.35 381.0
2456012.80447 20.505 0.137 5.10 244.0
2456015.83004 20.183 0.089 4.26 245.0
2456018.82672 20.547 0.161 5.33 245.0
2456021.75552 20.308 0.187 6.30 432.0
2456023.90858 20.341 0.133 4.09 410.0
2456031.85248 20.367 0.175 5.69 358.0
2456034.93092 20.078 0.190 4.06 1505.0
2456039.76224 20.034 0.146 6.83 324.0
2456047.69863 20.260 0.166 6.49 342.0
2456049.93179 20.231 0.138 4.00 622.0
2456053.69121 20.485 0.296 5.79 881.0
2456059.81462 20.438 0.127 3.99 334.0
2456062.94193 19.969 0.204 4.24 1859.0
2456066.65476 20.447 0.152 4.56 371.0
2456068.67022 20.378 0.145 4.91 332.0
2456070.73478 20.310 0.132 5.41 257.0
2456075.70658 20.356 0.111 4.33 250.0
2456079.89636 20.450 0.131 4.28 356.0
2456081.83034 20.181 0.115 3.89 472.0
2456087.73544 20.078 0.127 5.09 397.0
2456092.87977 20.226 0.162 5.85 385.0
2456094.91593 20.341 0.206 5.93 502.0
2456098.69102 20.376 0.138 5.25 279.0
2456101.54243 20.205 0.154 5.69 405.0
2456102.85115 20.295 0.158 5.13 413.0
2456104.77724 20.377 0.127 4.47 243.0
2456108.74532 20.122 0.127 3.55 808.0
2456114.78821 20.276 0.149 4.36 527.0
2456116.77470 20.193 0.113 4.48 315.0
2456118.71186 20.243 0.099 4.37 242.0
2456120.70936 20.643 0.210 6.84 192.0
2456123.73272 20.473 0.155 5.60 198.0
2456125.77805 20.456 0.159 5.64 255.0
2456129.69724 20.522 0.123 4.27 204.0
2456134.54222 20.372 0.211 6.74 339.0
2456141.75292 20.533 0.246 4.92 740.0
2456149.74556 20.068 0.232 7.07 327.0
2456154.49087 20.125 0.112 4.92 309.0
2456160.52449 20.240 0.140 6.40 249.0
2456165.59510 20.422 0.195 5.98 326.0
2456172.57577 20.396 0.132 3.92 374.0
2456181.49852 20.501 0.183 5.23 363.0
2456196.53801 19.964 0.149 5.34 538.0
2456204.56884 20.366 0.154 4.68 368.0
2456212.59157 19.986 0.134 4.89 455.0
2456219.50813 20.448 0.180 5.29 335.0
2456237.53009 20.301 0.219 6.93 546.0
2456351.85816 20.349 0.171 5.30 436.0
2456360.90153 20.473 0.153 5.06 326.0
2456368.90610 20.235 0.125 4.65 358.0
2456373.88624 20.398 0.141 5.43 277.0
2456377.82284 20.381 0.121 3.97 399.0
2456380.87303 20.160 0.103 4.29 402.0
2456387.73823 20.422 0.154 5.93 259.0
2456389.90218 20.518 0.143 4.68 281.0
2456397.77816 20.271 0.109 4.47 271.0
2456400.76404 20.187 0.131 5.44 300.0
2456403.76391 20.528 0.139 4.49 300.0
2456407.75540 20.480 0.206 5.57 476.0
2456416.68089 20.239 0.193 6.88 371.0
2456418.82979 20.152 0.089 3.94 250.0
2456421.79710 20.440 0.157 5.72 275.0
2456424.77256 20.445 0.115 4.09 332.0
2456428.92803 20.585 0.231 6.33 349.0
2456433.63184 20.431 0.238 7.62 364.0
2456435.78037 20.348 0.115 3.87 438.0
2456437.91012 20.210 0.219 4.39 1388.0
2456443.78478 20.749 0.218 4.17 954.0
2456446.73034 20.187 0.085 4.15 257.0
2456448.68273 20.201 0.130 6.16 272.0
2456450.62168 20.276 0.116 4.70 304.0
2456452.57356 20.230 0.111 4.64 338.0
2456455.57104 20.269 0.144 5.99 263.0
2456458.55049 20.190 0.177 6.73 419.0
2456459.88590 20.417 0.141 4.37 370.0
2456462.83624 20.288 0.154 5.59 353.0
2456474.78935 20.389 0.172 5.52 410.0
2456476.72093 20.144 0.112 4.52 323.0
2456479.65614 20.401 0.226 6.13 223.0
2456481.81860 20.075 0.152 6.79 345.0
2456486.61698 20.252 0.121 5.52 249.0
2456489.73915 20.210 0.131 5.34 290.0
2456497.76060 20.557 0.248 6.61 453.0
2456501.57856 20.399 0.126 4.93 251.0
2456506.74340 20.405 0.165 6.00 289.0
2456510.52070 20.285 0.105 4.32 259.0
2456515.57227 20.453 0.121 4.44 253.0
2456529.54250 20.191 0.138 5.95 393.0
2456534.61702 20.295 0.110 4.48 276.0
2456543.62078 20.240 0.114 4.89 282.0
2456555.65624 20.555 0.289 6.11 603.0
2456563.61320 20.396 0.165 5.75 295.0
2456570.54890 20.468 0.164 5.27 312.0
2456575.48965 20.158 0.266 5.29 1259.0
2456579.57421 20.256 0.219 6.39 588.0
2456584.56307 20.015 0.203 6.37 893.0
2456593.54630 20.386 0.205 5.92 431.0
2456599.52704 20.511 0.203 5.16 416.0
2456697.87421 20.156 0.136 5.52 442.0
2456707.88391 20.002 0.147 6.33 516.0
2456711.86340 20.705 0.238 4.97 693.0
2456715.84004 20.685 0.174 4.97 352.0
2456719.81908 20.186 0.170 6.02 501.0
2456722.85101 20.713 0.242 6.12 411.0
2456725.89584 20.482 0.186 6.02 364.0
2456731.89902 20.575 0.244 6.86 383.0
2456736.88888 20.216 0.146 5.39 457.0
2456744.91616 20.261 0.128 5.28 411.0
2456747.88791 20.407 0.117 4.70 286.0
2456751.86250 20.107 0.071 3.58 282.0
2456756.76631 20.380 0.107 4.46 293.0
2456759.84541 20.207 0.085 3.62 355.0
2456762.80599 20.148 0.105 5.02 296.0
2456765.76288 20.194 0.172 4.99 870.0
2456770.70223 19.994 0.089 4.49 367.0
2456772.86041 20.487 0.110 3.69 322.0
2456775.79256 20.271 0.113 5.06 295.0
2456784.74041 20.410 0.167 5.40 358.0
2456785.72105 20.298 0.109 3.60 353.0
2456786.72996 20.101 0.101 3.93 386.0
2456790.77310 20.240 0.141 4.64 469.0
2456792.71608 20.158 0.151 4.17 752.0
2456803.81054 20.452 0.133 4.65 260.0
2456805.67504 20.362 0.188 6.24 333.0
2456807.91728 20.341 0.221 7.08 362.0
2456809.84724 20.313 0.127 4.66 308.0
2456811.72098 20.327 0.136 4.85 327.0
2456814.77254 20.117 0.101 4.72 246.0
2456816.75927 20.306 0.151 5.31 326.0
2456818.57905 20.433 0.192 5.21 472.0
2456825.76939 20.536 0.185 4.48 419.0
2456827.56443 20.563 0.173 4.52 374.0
2456828.88900 20.156 0.173 6.29 452.0
2456830.74434 20.256 0.096 3.83 261.0
2456832.76692 20.669 0.201 5.24 322.0
2456834.67366 20.182 0.125 4.87 341.0
2456836.60863 20.617 0.260 6.93 297.0
2456837.85071 20.213 0.161 5.59 444.0
2456839.72512 20.280 0.159 5.52 368.0
2456841.73742 20.458 0.203 5.50 328.0
2456844.65422 20.610 0.190 5.01 375.0
2456847.50159 20.511 0.232 5.25 657.0
2456851.68332 20.046 0.152 4.87 699.0
2456855.65508 20.302 0.124 5.00 244.0
2456857.56381 20.248 0.136 5.28 316.0
2456859.66255 20.446 0.155 4.73 318.0
2456863.75850 20.620 0.192 5.61 314.0
2456871.54227 20.400 0.139 4.33 349.0
2456881.51365 19.981 0.176 6.98 467.0
2456885.48016 20.256 0.136 4.93 305.0
2456887.62900 20.344 0.112 4.43 230.0
2456890.56734 20.385 0.159 5.92 233.0
2456896.55698 20.491 0.167 5.15 299.0
2456909.61785 20.547 0.297 6.15 584.0
2456921.62150 20.182 0.124 5.44 302.0
2456926.50343 20.590 0.282 7.16 346.0
2456955.53196 20.468 0.197 5.55 437.0
2457085.83803 20.323 0.169 4.51 659.0
2457088.90713 20.024 0.207 4.94 1390.0
2457092.81695 20.205 0.142 4.73 543.0
2457093.80053 20.104 0.149 5.67 727.0
2457099.85594 19.919 0.101 5.26 295.0
2457109.81066 20.262 0.136 5.32 303.0
2457111.90909 20.211 0.114 4.68 309.0
2457113.81442 20.116 0.097 3.97 362.0
2457116.88354 19.983 0.106 4.16 497.0
2457120.75116 19.983 0.114 4.71 511.0
2457129.70935 20.214 0.151 6.07 348.0
2457131.86219 19.932 0.082 4.65 293.0
2457134.92918 20.116 0.136 3.60 841.0
2457137.77599 19.970 0.079 4.22 276.0
2457139.89578 19.882 0.089 4.78 281.0
2457142.68555 19.878 0.094 4.75 394.0
2457145.74037 19.890 0.136 5.56 539.0
2457147.67564 19.930 0.164 5.99 750.0
2457153.71903 19.767 0.076 4.24 368.0
2457155.73051 19.722 0.077 4.65 332.0
2457157.92003 19.537 0.061 3.97 355.0
2457159.89885 19.585 0.057 3.71 323.0
2457161.89017 19.648 0.083 4.85 393.0
2457163.84282 19.528 0.061 4.22 328.0
2457166.86339 19.451 0.073 5.26 366.0
2457170.69735 19.489 0.076 5.69 318.0
2457173.63097 19.486 0.108 6.30 571.0
2457174.87411 19.289 0.084 5.31 645.0
2457179.89808 19.236 0.066 4.60 589.0
2457181.74687 19.037 0.046 4.90 319.0
2457183.60126 19.006 0.047 5.81 251.0
2457184.88169 19.087 0.052 5.47 312.0
2457186.89183 18.971 0.056 5.99 383.0
2457188.80172 18.957 0.048 5.55 328.0
2457190.76232 18.846 0.040 4.83 368.0
2457191.84197 18.804 0.047 6.43 324.0
2457197.66691 18.688 0.030 4.62 244.0
2457199.56286 18.729 0.039 5.48 368.0
2457200.80246 18.697 0.039 4.97 443.0
2457206.57961 18.686 0.057 5.36 947.0
2457207.85463 18.713 0.056 5.14 951.0
2457211.74964 18.862 0.036 4.46 340.0
2457219.50279 19.148 0.082 7.06 571.0
2457221.50542 19.168 0.063 6.65 357.0
2457222.82758 19.260 0.073 6.64 394.0
2457225.50484 19.362 0.075 5.94 509.0
2457227.59993 19.314 0.049 4.68 263.0
2457229.59082 19.334 0.045 4.04 299.0
2457252.70645 19.856 0.093 5.49 296.0
2457257.59477 19.893 0.081 4.20 362.0
2457258.55931 19.967 0.116 4.77 487.0
2457264.58646 20.091 0.130 4.61 505.0
2457268.67206 20.127 0.113 4.76 337.0
2457272.55021 19.942 0.127 5.85 350.0
2457278.53156 20.045 0.172 7.13 344.0
2457317.50445 20.115 0.176 6.01 549.0
2457329.52692 20.079 0.181 6.20 534.0
