2455261.83686 18.642 0.043 4.04 571.0
2455262.87437 18.596 0.091 5.63 1689.0
2455265.89609 18.595 0.048 4.03 881.0
2455266.89745 18.656 0.047 4.90 502.0
2455267.86906 18.585 0.042 4.59 419.0
2455268.81881 18.657 0.043 4.80 415.0
2455269.83520 18.619 0.032 3.68 390.0
2455270.80173 18.542 0.043 5.15 428.0
2455271.83639 18.714 0.041 4.25 449.0
2455272.84161 18.571 0.038 4.51 362.0
2455273.84059 18.616 0.041 4.91 367.0
2455274.84498 18.501 0.037 4.69 396.0
2455275.85332 18.597 0.042 4.69 438.0
2455276.80944 18.606 0.038 4.34 387.0
2455277.86547 18.590 0.044 4.96 392.0
2455278.84859 18.791 0.065 6.27 407.0
2455279.84281 18.600 0.036 4.13 374.0
2455280.80991 18.575 0.034 3.59 409.0
2455281.82956 18.663 0.036 3.78 393.0
2455282.85217 18.621 0.044 4.90 413.0
2455283.81235 18.678 0.051 4.53 574.0
2455283.90352 18.644 0.041 5.15 390.0
2455284.81805 18.572 0.082 7.75 660.0
2455285.80868 18.517 0.047 4.47 750.0
2455286.82492 18.610 0.076 5.99 703.0
2455286.91831 18.600 0.063 4.36 1192.0
2455287.87754 18.642 0.040 3.26 620.0
2455288.87921 18.668 0.044 3.72 642.0
2455289.80978 18.626 0.054 5.08 684.0
2455293.88433 18.605 0.045 3.90 597.0
2455295.78006 18.559 0.033 4.45 321.0
2455297.85495 18.610 0.027 3.01 316.0
2455299.87842 18.667 0.029 3.51 344.0
2455303.92900 18.627 0.042 4.49 460.0
2455307.70310 18.697 0.044 4.73 430.0
2455309.75874 18.619 0.042 5.47 363.0
2455311.88173 18.663 0.044 5.05 408.0
2455313.90480 18.642 0.065 5.99 638.0
2455315.77862 18.590 0.050 4.18 808.0
2455320.89317 18.809 0.097 4.18 2365.0
2455322.86141 18.599 0.041 4.57 532.0
2455324.66072 18.749 0.066 6.43 501.0
2455325.79271 18.704 0.036 3.77 342.0
2455326.91941 18.672 0.048 4.49 534.0
2455328.79766 18.604 0.037 4.04 405.0
2455334.93302 18.676 0.049 5.26 495.0
2455337.81462 18.623 0.045 4.88 437.0
2455339.85962 18.558 0.063 6.05 656.0
2455341.62957 18.606 0.042 3.95 680.0
2455342.75238 18.604 0.051 4.88 607.0
2455343.78566 18.781 0.061 4.58 833.0
2455348.93225 18.658 0.086 7.45 708.0
2455351.85417 18.623 0.044 4.42 530.0
2455354.67997 18.654 0.044 4.80 380.0
2455357.90254 18.499 0.055 6.14 555.0
2455362.89890 18.767 0.067 5.66 591.0
2455369.77855 18.707 0.078 5.97 784.0
2455379.50975 18.671 0.052 5.82 386.0
2455380.52115 18.610 0.045 5.36 381.0
2455381.59343 18.625 0.071 7.59 457.0
2455386.53173 18.624 0.040 4.01 457.0
2455387.49511 18.615 0.038 3.90 668.0
2455387.56612 18.621 0.034 4.38 455.0
2455387.63884 18.636 0.025 3.38 364.0
2455389.78887 18.617 0.045 5.41 339.0
2455392.84165 18.774 0.068 6.37 431.0
2455403.64185 18.601 0.054 3.90 1080.0
2455407.57942 18.582 0.051 6.15 340.0
2455410.63895 18.593 0.033 4.36 283.0
2455414.76314 18.605 0.042 5.67 390.0
2455426.52173 18.604 0.039 4.02 452.0
2455435.54069 18.567 0.050 5.66 451.0
2455443.68200 18.599 0.043 5.21 382.0
2455449.53687 18.675 0.050 5.73 354.0
2455457.59384 18.710 0.058 5.10 839.0
2455459.55957 18.472 0.039 4.21 517.0
2455463.51057 18.724 0.047 4.28 517.0
2455464.50077 18.588 0.044 4.95 424.0
2455469.52404 18.646 0.035 3.72 384.0
2455472.52159 18.499 0.065 7.37 476.0
2455477.52780 18.763 0.070 6.86 464.0
2455481.49726 18.773 0.092 7.54 629.0
2455486.54326 18.613 0.070 5.96 686.0
2455489.53776 18.454 0.065 7.33 673.0
2455495.54543 18.621 0.072 7.37 556.0
2455621.88711 18.598 0.035 4.29 393.0
2455625.86006 18.658 0.040 4.49 381.0
2455626.89027 18.728 0.050 5.11 404.0
2455628.83554 18.692 0.043 4.91 386.0
2455629.90232 18.615 0.044 4.31 544.0
2455631.89147 18.732 0.081 7.75 420.0
2455633.84544 18.479 0.036 4.57 427.0
2455635.87830 18.625 0.048 5.28 443.0
2455638.81795 18.611 0.049 4.80 577.0
2455640.83154 18.645 0.058 5.02 617.0
2455642.84730 18.697 0.046 4.20 570.0
2455644.80577 18.704 0.056 4.98 674.0
2455649.81196 18.613 0.039 5.50 322.0
2455651.76959 18.649 0.036 4.14 348.0
2455653.89556 18.565 0.032 4.13 321.0
2455655.83443 18.475 0.033 4.35 363.0
2455657.86450 18.733 0.035 4.13 333.0
2455659.75408 18.646 0.039 4.93 346.0
2455660.83876 18.668 0.036 4.85 316.0
2455663.77332 18.592 0.047 5.61 408.0
2455665.85474 18.620 0.046 6.08 327.0
2455670.88724 18.656 0.048 4.24 702.0
2455677.76558 18.557 0.032 4.05 391.0
2455681.76992 18.787 0.040 4.63 324.0
2455684.89674 18.564 0.035 3.98 372.0
2455689.71913 18.679 0.041 5.26 356.0
2455693.80920 18.556 0.034 4.09 449.0
2455696.63535 18.592 0.051 4.50 725.0
2455698.77907 18.558 0.053 5.24 843.0
2455699.63929 18.770 0.099 6.04 1353.0
2455708.62930 18.441 0.047 6.58 552.0
2455713.86472 18.703 0.055 6.46 404.0
2455721.77039 18.679 0.041 4.57 378.0
2455724.65412 18.527 0.050 5.68 491.0
2455736.79175 18.574 0.032 3.97 351.0
2455739.62598 18.660 0.045 5.89 318.0
2455741.72246 18.675 0.037 4.35 309.0
2455744.73629 18.623 0.041 5.69 315.0
2455747.62064 18.561 0.056 7.04 380.0
2455754.56835 18.593 0.087 6.04 1549.0
2455754.60658 18.763 0.109 6.06 1587.0
2455763.81718 18.493 0.058 6.28 608.0
2455767.74489 18.467 0.043 6.20 361.0
2455775.62621 18.683 0.055 6.66 321.0
2455787.71005 18.636 0.053 5.17 686.0
2455793.68151 18.549 0.037 4.97 362.0
2455801.55146 18.638 0.050 6.43 325.0
2455805.68600 18.643 0.063 7.40 463.0
2455809.48352 18.574 0.101 6.04 2162.0
2455817.58186 18.660 0.064 6.16 528.0
2455822.53051 18.661 0.050 5.80 331.0
2455827.52668 18.424 0.057 6.71 514.0
2455829.48788 18.612 0.054 5.78 471.0
2455831.49447 18.553 0.036 4.42 389.0
2455833.51561 18.719 0.043 4.33 391.0
2455836.51263 18.507 0.051 5.59 501.0
2455840.50608 18.530 0.055 5.56 568.0
2455841.61645 18.573 0.070 6.15 813.0
2455844.50483 18.646 0.055 5.42 583.0
2455846.54705 18.622 0.078 6.49 764.0
2455851.57727 18.469 0.055 7.08 447.0
2455862.53607 18.685 0.066 7.05 511.0
2455977.85816 18.516 0.052 6.27 527.0
2455982.84703 18.510 0.043 5.86 402.0
2455985.85449 18.654 0.054 5.77 469.0
2455988.84050 18.717 0.053 5.58 464.0
2455990.89555 18.737 0.048 5.31 395.0
2455993.85483 18.748 0.059 5.27 512.0
2455995.88528 18.571 0.035 3.68 501.0
2455997.90779 18.507 0.046 4.59 806.0
2455999.90686 18.604 0.041 4.30 543.0
2456005.79268 18.524 0.036 5.01 364.0
2456007.77253 18.625 0.040 5.08 341.0
2456008.88831 18.560 0.033 4.14 343.0
2456010.82088 18.592 0.034 4.37 372.0
2456012.75799 18.592 0.044 6.00 346.0
2456013.88567 18.637 0.032 4.38 297.0
2456015.78976 18.537 0.029 4.33 318.0
2456016.90198 18.675 0.030 3.73 331.0
2456018.79894 18.544 0.035 5.04 304.0
2456019.89936 18.462 0.026 4.03 299.0
2456021.74074 18.573 0.052 5.70 532.0
2456022.80333 18.634 0.039 4.42 472.0
2456023.86831 18.630 0.036 4.01 483.0
2456024.87997 18.651 0.041 3.80 543.0
2456031.88008 18.558 0.059 6.81 472.0
2456035.85766 18.559 0.036 4.31 395.0
2456039.79594 18.594 0.047 5.86 387.0
2456047.72377 18.720 0.049 5.54 376.0
2456050.67499 18.758 0.067 6.20 518.0
2456053.71661 18.693 0.056 4.22 881.0
2456059.85116 18.614 0.032 3.69 394.0
2456063.78123 18.429 0.046 7.04 355.0
2456066.68012 18.668 0.038 4.20 406.0
2456068.70297 18.682 0.035 3.73 370.0
2456070.77089 18.549 0.033 4.49 329.0
2456075.74450 18.716 0.033 4.13 306.0
2456077.93237 18.571 0.045 5.32 481.0
2456079.92362 18.486 0.034 4.55 456.0
2456081.85760 18.643 0.042 4.15 592.0
2456082.65371 18.710 0.098 6.74 962.0
2456087.77473 18.406 0.034 4.79 419.0
2456092.91522 18.503 0.058 6.66 537.0
2456096.59411 18.552 0.048 6.43 372.0
2456098.74135 18.587 0.035 4.75 349.0
2456101.56774 18.500 0.048 6.26 434.0
2456102.87723 18.776 0.067 5.60 636.0
2456104.80440 18.588 0.032 4.35 315.0
2456108.77196 18.596 0.038 3.71 589.0
2456109.66993 18.639 0.061 4.75 986.0
2456109.87722 18.536 0.059 6.12 790.0
2456114.81383 18.553 0.046 4.45 647.0
2456116.80343 18.594 0.038 4.63 386.0
2456118.73835 18.722 0.033 3.78 311.0
2456120.73620 18.621 0.052 6.91 283.0
2456123.75842 18.635 0.041 5.77 262.0
2456125.80506 18.639 0.041 5.14 337.0
2456141.77654 18.716 0.069 5.16 943.0
2456150.50679 18.822 0.056 5.90 335.0
2456154.51814 18.660 0.042 4.82 373.0
2456160.58273 18.580 0.034 4.54 303.0
2456165.62013 18.563 0.047 5.03 502.0
2456172.61352 18.570 0.031 3.47 429.0
2456181.53963 18.550 0.035 4.05 441.0
2456186.49887 18.499 0.042 5.59 338.0
2456195.62982 18.730 0.098 4.46 2301.0
2456198.54348 18.483 0.072 7.69 576.0
2456203.57514 18.376 0.056 6.76 553.0
2456205.60313 18.653 0.043 5.02 352.0
2456210.56078 18.688 0.047 5.25 406.0
2456213.50002 18.633 0.055 5.98 446.0
2456217.56687 18.682 0.042 4.45 410.0
2456219.55923 18.840 0.060 5.44 425.0
2456224.50557 18.757 0.091 6.61 700.0
2456233.52584 18.468 0.055 6.14 557.0
2456238.51774 18.554 0.059 4.90 648.0
2456340.84504 18.594 0.046 5.83 389.0
2456345.83671 18.536 0.038 4.80 408.0
2456349.88918 18.801 0.067 5.18 649.0
2456353.84477 18.692 0.048 4.99 474.0
2456361.84890 18.687 0.037 3.92 387.0
2456363.90102 18.529 0.030 4.03 366.0
2456369.83155 18.704 0.040 4.90 343.0
2456371.83524 18.661 0.037 5.08 281.0
2456372.82770 18.608 0.033 4.40 329.0
2456374.78662 18.747 0.050 5.27 427.0
2456377.87447 18.551 0.028 3.54 426.0
2456379.81493 18.583 0.036 3.29 627.0
2456382.87589 18.565 0.041 4.78 492.0
2456387.80821 18.688 0.037 4.66 330.0
2456389.74152 18.675 0.052 5.85 417.0
2456390.80195 18.641 0.039 4.62 351.0
2456394.77777 18.669 0.046 5.46 394.0
2456397.81235 18.610 0.030 3.75 315.0
2456400.81724 18.705 0.040 4.95 308.0
2456403.79059 18.620 0.030 3.95 328.0
2456407.78072 18.686 0.046 4.67 522.0
2456409.86195 18.501 0.051 5.02 774.0
2456416.70662 18.832 0.054 5.52 409.0
2456418.85562 18.640 0.032 3.90 326.0
2456421.82453 18.670 0.039 4.87 344.0
2456424.81162 18.586 0.030 3.71 396.0
2456431.64791 18.707 0.059 6.88 498.0
2456433.65883 18.626 0.042 5.42 383.0
2456435.80873 18.497 0.034 3.66 599.0
2456444.73950 18.555 0.039 5.30 411.0
2456446.77164 18.685 0.030 3.80 352.0
2456448.71934 18.554 0.032 4.51 344.0
2456450.65068 18.606 0.034 4.76 349.0
2456452.60401 18.599 0.034 4.61 371.0
2456455.60646 18.664 0.042 5.48 430.0
2456458.57791 18.638 0.046 5.54 426.0
2456459.90784 18.689 0.050 5.59 487.0
2456462.86361 18.700 0.046 5.19 412.0
2456464.86539 18.428 0.042 4.43 753.0
2456474.81627 18.472 0.052 6.45 549.0
2456476.74807 18.646 0.034 3.91 382.0
2456479.69456 18.591 0.044 6.87 293.0
2456486.66330 18.655 0.035 4.44 296.0
2456492.52244 18.637 0.053 5.50 567.0
2456497.78775 18.487 0.048 5.73 609.0
2456501.62564 18.651 0.034 4.65 298.0
2456507.63153 18.614 0.047 6.23 356.0
2456510.55876 18.645 0.031 3.91 324.0
2456515.61603 18.538 0.029 4.28 310.0
2456529.57483 18.633 0.043 5.66 340.0
2456534.64391 18.651 0.040 5.07 373.0
2456543.64782 18.570 0.035 4.96 366.0
2456556.64277 18.449 0.056 6.81 560.0
2456565.54388 18.743 0.054 5.91 404.0
2456569.51453 18.626 0.034 4.10 356.0
2456571.61186 18.488 0.048 6.49 485.0
2456575.49267 18.595 0.082 5.19 1390.0
2456579.55403 18.592 0.061 6.28 611.0
2456583.57339 18.421 0.065 7.90 801.0
2456593.54324 18.737 0.060 5.94 510.0
2456599.52554 18.547 0.045 5.16 490.0
2456707.89470 18.475 0.047 5.09 801.0
2456716.88471 18.537 0.032 4.83 382.0
2456719.85000 18.607 0.046 5.59 521.0
2456721.88155 18.583 0.035 4.76 440.0
2456724.80254 18.505 0.048 6.36 536.0
2456726.79452 18.632 0.045 5.21 538.0
2456728.79476 18.562 0.035 4.67 473.0
2456729.89727 18.594 0.034 4.54 405.0
2456734.77619 18.497 0.041 4.53 728.0
2456737.82228 18.662 0.040 4.34 593.0
2456744.79172 18.740 0.045 5.48 410.0
2456745.89173 18.669 0.036 4.37 359.0
2456747.91514 18.649 0.039 4.98 419.0
2456751.89168 18.597 0.029 4.03 346.0
2456756.80773 18.681 0.030 3.74 347.0
2456759.87445 18.678 0.026 3.30 379.0
2456762.88232 18.616 0.025 3.10 407.0
2456765.81320 18.516 0.036 3.98 643.0
2456770.73129 18.735 0.044 4.88 432.0
2456772.89067 18.647 0.029 3.57 395.0
2456775.83133 18.620 0.030 4.54 341.0
2456784.77562 18.603 0.036 4.14 414.0
2456785.75074 18.651 0.033 3.70 397.0
2456786.76964 18.620 0.034 3.79 420.0
2456790.80886 18.647 0.049 5.04 573.0
2456792.75801 18.625 0.048 4.21 822.0
2456797.75796 18.802 0.056 4.10 857.0
2456803.84465 18.666 0.036 4.31 392.0
2456805.70614 18.525 0.038 5.18 359.0
2456808.58652 18.569 0.064 6.87 499.0
2456809.87702 18.579 0.042 5.28 396.0
2456811.76239 18.712 0.048 4.97 423.0
2456814.80233 18.628 0.040 5.18 317.0
2456816.79849 18.530 0.036 4.88 350.0
2456817.67414 18.621 0.049 5.71 439.0
2456818.84371 18.579 0.052 5.37 638.0
2456825.79922 18.656 0.054 4.84 622.0
2456827.59430 18.435 0.033 4.30 458.0
2456828.90695 18.646 0.069 6.97 603.0
2456830.77366 18.684 0.033 4.02 338.0
2456832.79686 18.549 0.043 5.27 430.0
2456834.71492 18.590 0.040 4.68 386.0
2456836.63450 18.604 0.048 6.30 315.0
2456838.49420 18.488 0.060 6.32 646.0
2456839.75413 18.642 0.048 5.17 452.0
2456841.76689 18.729 0.052 5.49 425.0
2456844.69678 18.688 0.036 3.75 433.0
2456847.52630 18.613 0.045 4.06 758.0
2456851.71369 18.541 0.046 4.50 780.0
2456855.69462 18.730 0.050 5.95 316.0
2456857.59372 18.529 0.033 4.60 341.0
2456859.69239 18.664 0.053 5.86 416.0
2456863.78606 18.625 0.054 6.53 439.0
2456871.57824 18.630 0.034 4.01 405.0
2456881.56559 18.630 0.045 4.54 509.0
2456885.50992 18.576 0.041 5.14 340.0
2456887.66290 18.528 0.032 4.55 307.0
2456890.59910 18.546 0.045 6.44 291.0
2456896.58645 18.571 0.045 5.86 343.0
2456909.64667 18.545 0.086 7.67 744.0
2456921.64541 18.666 0.050 6.60 377.0
2456926.53974 18.518 0.045 5.79 398.0
2456942.49445 18.700 0.059 5.83 533.0
2456951.55654 18.559 0.060 7.43 557.0
2457085.88366 18.660 0.041 3.85 567.0
2457088.81752 18.539 0.041 4.45 622.0
2457090.83805 18.637 0.047 4.76 545.0
2457092.85391 18.645 0.042 4.10 538.0
2457093.80470 18.546 0.045 5.06 797.0
2457097.90683 18.612 0.032 3.39 499.0
2457100.78813 18.539 0.048 5.49 539.0
2457102.82224 18.636 0.051 5.90 398.0
2457110.77291 18.565 0.035 4.64 396.0
2457111.90757 18.697 0.036 4.23 355.0
2457113.84401 18.666 0.035 3.96 398.0
2457116.90137 18.738 0.045 4.31 545.0
2457120.77924 18.583 0.036 3.84 528.0
2457129.73918 18.642 0.041 5.11 371.0
2457131.89361 18.659 0.030 3.32 365.0
2457135.70090 18.706 0.043 4.77 448.0
2457137.81526 18.700 0.033 3.89 344.0
2457139.92582 18.557 0.039 4.56 417.0
2457142.71642 18.488 0.030 3.41 433.0
2457145.77011 18.585 0.048 5.00 583.0
2457147.70092 18.504 0.051 5.02 755.0
2457153.74850 18.639 0.032 3.69 434.0
2457155.75987 18.629 0.037 4.78 358.0
2457158.64082 18.539 0.044 5.62 429.0
2457159.93421 18.629 0.039 3.94 529.0
2457161.92179 18.574 0.036 3.95 504.0
2457163.87208 18.548 0.045 5.09 460.0
2457170.72691 18.631 0.049 5.98 384.0
2457173.66171 18.567 0.045 4.77 588.0
2457174.90366 18.520 0.053 4.87 791.0
2457179.92670 18.618 0.059 5.08 769.0
2457181.77704 18.459 0.036 5.00 365.0
2457183.63042 18.457 0.039 5.67 314.0
2457188.83266 18.584 0.047 5.41 428.0
2457190.79274 18.449 0.039 4.61 543.0
2457191.87505 18.485 0.055 6.74 465.0
2457197.70756 18.429 0.032 4.99 288.0
2457199.59170 18.491 0.035 4.77 401.0
2457200.83293 18.534 0.040 4.51 489.0
2457206.60879 18.319 0.052 5.00 1063.0
2457208.52104 18.373 0.043 6.26 535.0
2457211.77892 18.374 0.033 4.68 426.0
2457219.54359 18.421 0.048 6.65 564.0
2457221.53499 18.323 0.036 5.87 387.0
2457223.52205 18.339 0.051 7.22 459.0
2457227.63091 18.262 0.024 4.09 310.0
2457229.62130 18.349 0.026 3.75 427.0
2457230.47177 18.321 0.063 6.20 973.0
2457236.59722 18.307 0.039 4.84 510.0
2457253.48044 18.529 0.043 5.30 456.0
2457257.64661 18.425 0.033 4.40 460.0
2457258.58009 18.333 0.050 6.21 572.0
2457264.61581 18.435 0.044 5.23 587.0
2457268.69666 18.585 0.039 4.59 428.0
2457272.58594 18.526 0.049 5.95 472.0
2457278.58887 18.502 0.037 4.96 365.0
2457294.51314 18.828 0.090 8.11 508.0
2457299.55289 18.609 0.051 6.44 465.0
2457311.54148 18.378 0.047 6.60 427.0
2457322.53962 18.562 0.072 5.50 1202.0
2457325.53360 18.699 0.062 5.93 562.0
2457332.52000 18.558 0.058 6.08 632.0
