2455306.76435 18.530 0.027 4.73 259.0
2455308.75837 18.554 0.030 4.91 288.0
2455312.91644 18.568 0.030 4.17 349.0
2455314.89087 18.529 0.036 4.12 707.0
2455316.77506 18.517 0.051 5.77 782.0
2455320.73723 18.550 0.036 4.11 656.0
2455321.87845 18.562 0.033 4.34 429.0
2455323.78954 18.564 0.030 4.65 366.0
2455324.92079 18.529 0.030 3.74 434.0
2455326.76649 18.519 0.028 4.51 274.0
2455327.90759 18.483 0.029 3.96 385.0
2455334.75691 18.509 0.026 4.00 295.0
2455336.79922 18.514 0.031 4.75 346.0
2455340.84139 18.506 0.037 4.97 488.0
2455342.60121 18.603 0.053 5.64 733.0
2455343.63203 18.578 0.048 4.95 880.0
2455348.77223 18.534 0.031 4.55 353.0
2455350.68613 18.502 0.041 6.39 341.0
2455353.66824 18.587 0.030 4.41 280.0
2455355.83010 18.549 0.035 4.83 439.0
2455359.90250 18.508 0.044 6.29 499.0
2455365.66729 18.566 0.031 4.66 314.0
2455378.58449 18.539 0.028 4.31 249.0
2455380.61738 18.568 0.027 4.83 220.0
2455382.76365 18.512 0.046 7.78 330.0
2455385.55074 18.542 0.027 4.37 443.0
2455385.65405 18.516 0.026 4.53 323.0
2455385.75238 18.487 0.025 3.81 345.0
2455388.64620 18.579 0.028 5.04 175.0
2455391.76465 18.535 0.034 5.14 306.0
2455397.65622 18.568 0.040 6.35 312.0
2455404.79295 18.535 0.054 7.46 701.0
2455408.77736 18.530 0.051 7.11 503.0
2455413.48455 18.590 0.039 5.85 343.0
2455422.52170 18.588 0.030 4.70 286.0
2455431.66667 18.574 0.047 6.44 522.0
2455433.65532 18.496 0.048 5.69 742.0
2455439.54805 18.503 0.041 6.98 305.0
2455447.47978 18.571 0.035 5.19 428.0
2455457.52269 18.507 0.026 3.89 421.0
2455460.54703 18.582 0.047 5.41 593.0
2455464.60579 18.612 0.053 7.00 483.0
2455472.56062 18.561 0.037 5.77 379.0
2455481.52456 18.617 0.062 7.04 638.0
2455490.50080 18.622 0.064 6.51 660.0
2455606.88302 18.586 0.034 5.16 349.0
2455612.88691 18.490 0.036 5.76 448.0
2455615.89573 18.556 0.033 4.76 493.0
2455621.86418 18.634 0.029 4.56 260.0
2455624.79175 18.512 0.029 5.22 319.0
2455626.88305 18.507 0.031 5.02 283.0
2455628.79670 18.487 0.032 5.60 316.0
2455629.87678 18.543 0.030 5.68 241.0
2455631.85219 18.554 0.034 5.98 296.0
2455633.80716 18.572 0.028 4.51 295.0
2455634.88361 18.583 0.032 5.38 240.0
2455637.79436 18.592 0.039 5.80 500.0
2455642.80496 18.624 0.035 4.41 522.0
2455649.85239 18.580 0.025 4.90 212.0
2455654.83524 18.575 0.026 4.71 228.0
2455658.89096 18.581 0.031 5.79 219.0
2455663.76170 18.493 0.036 6.95 315.0
2455668.87924 18.485 0.045 4.46 1248.0
2455675.86305 18.482 0.029 4.74 375.0
2455680.66352 18.528 0.035 5.75 315.0
2455683.70269 18.551 0.027 4.49 305.0
2455686.86818 18.556 0.031 4.93 318.0
2455692.72520 18.518 0.028 4.80 331.0
2455694.88069 18.575 0.034 5.47 397.0
2455697.74018 18.586 0.037 4.99 528.0
2455707.60783 18.598 0.032 5.40 295.0
2455712.60411 18.591 0.037 5.78 393.0
2455716.57293 18.535 0.032 5.59 330.0
2455723.57765 18.563 0.033 4.59 390.0
2455726.58336 18.590 0.051 5.64 753.0
2455735.74870 18.522 0.030 5.23 304.0
2455737.84301 18.478 0.029 5.30 323.0
2455740.71658 18.469 0.026 4.58 246.0
2455742.72201 18.568 0.025 4.39 206.0
2455745.76868 18.525 0.034 6.20 252.0
2455749.55660 18.515 0.037 6.63 297.0
2455760.63426 18.526 0.038 6.19 369.0
2455765.60720 18.545 0.026 4.05 326.0
2455769.50339 18.658 0.034 5.39 318.0
2455777.75021 18.547 0.031 5.32 287.0
2455784.57629 18.446 0.034 4.17 714.0
2455786.56033 18.562 0.045 6.07 487.0
2455790.63284 18.595 0.040 6.30 327.0
2455795.57288 18.573 0.045 7.30 264.0
2455804.48407 18.625 0.031 5.13 291.0
2455815.54865 18.561 0.029 3.98 416.0
2455819.58347 18.511 0.034 5.10 442.0
2455824.58826 18.593 0.033 5.34 293.0
2455829.56415 18.539 0.031 5.71 353.0
2455834.51730 18.570 0.029 5.52 316.0
2455841.55891 18.629 0.047 5.21 594.0
2455846.49511 18.548 0.057 6.62 668.0
2455855.50060 18.618 0.057 5.84 601.0
2455976.87505 18.543 0.026 4.16 283.0
2455985.80915 18.530 0.032 5.59 368.0
2455990.85704 18.600 0.030 5.16 266.0
2455995.76992 18.529 0.036 4.83 627.0
2455999.85990 18.559 0.031 4.56 424.0
2456002.86261 18.539 0.036 4.95 551.0
2456003.89502 18.562 0.033 5.56 358.0
2456007.83512 18.601 0.028 4.43 241.0
2456010.87316 18.548 0.022 3.95 247.0
2456014.75029 18.560 0.031 5.72 266.0
2456017.74888 18.562 0.024 4.20 269.0
2456019.92946 18.532 0.053 4.34 1765.0
2456022.81986 18.539 0.029 4.83 343.0
2456025.74823 18.557 0.041 5.91 527.0
2456033.73114 18.528 0.032 5.99 288.0
2456037.78705 18.498 0.026 4.31 281.0
2456041.71553 18.541 0.033 6.51 281.0
2456048.81900 18.524 0.024 4.11 224.0
2456051.75974 18.547 0.027 3.87 420.0
2456057.79282 18.545 0.036 4.39 634.0
2456058.73645 18.538 0.032 5.51 319.0
2456061.88146 18.580 0.030 4.45 398.0
2456064.87512 18.542 0.025 4.01 358.0
2456067.63949 18.514 0.025 4.12 280.0
2456069.73666 18.521 0.022 3.73 252.0
2456071.71117 18.577 0.027 5.13 218.0
2456076.76425 18.567 0.026 4.82 250.0
2456078.89002 18.556 0.031 5.46 420.0
2456080.86360 18.497 0.033 5.48 405.0
2456086.64557 18.556 0.027 4.08 346.0
2456089.69780 18.539 0.023 4.49 279.0
2456097.72057 18.606 0.034 6.31 235.0
2456100.57608 18.580 0.035 6.11 279.0
2456102.49483 18.614 0.062 7.03 665.0
2456103.80668 18.517 0.028 5.55 274.0
2456105.73892 18.537 0.029 5.84 210.0
2456113.75309 18.568 0.038 4.44 622.0
2456115.75483 18.554 0.033 6.10 289.0
2456117.73659 18.527 0.030 4.90 336.0
2456119.67828 18.587 0.025 4.64 208.0
2456121.68670 18.548 0.021 4.07 182.0
2456124.75502 18.589 0.029 4.64 285.0
2456127.51008 18.577 0.030 5.33 276.0
2456132.66000 18.594 0.033 6.02 208.0
2456135.73113 18.597 0.032 4.74 306.0
2456140.72074 18.607 0.055 6.56 681.0
2456147.68157 18.558 0.037 7.22 222.0
2456151.65094 18.527 0.036 7.07 225.0
2456158.60816 18.576 0.030 4.78 306.0
2456161.69661 18.600 0.042 7.66 246.0
2456169.59992 18.550 0.033 4.25 473.0
2456183.57284 18.510 0.024 3.95 270.0
2456191.56067 18.596 0.031 4.96 280.0
2456199.54349 18.516 0.051 7.63 420.0
2456210.54891 18.501 0.030 5.35 339.0
2456217.54236 18.571 0.029 4.60 310.0
2456347.90061 18.608 0.033 4.42 471.0
2456363.83267 18.541 0.027 4.91 263.0
2456371.77556 18.560 0.027 5.74 205.0
2456372.76846 18.627 0.030 5.05 268.0
2456375.86929 18.595 0.024 5.04 215.0
2456379.74411 18.569 0.035 4.57 656.0
2456382.81154 18.643 0.038 5.03 461.0
2456388.81651 18.559 0.026 4.99 226.0
2456391.77086 18.579 0.031 5.89 246.0
2456395.88087 18.523 0.022 3.49 312.0
2456398.87765 18.567 0.025 4.15 243.0
2456401.91788 18.523 0.022 3.35 318.0
2456404.89820 18.474 0.025 4.59 296.0
2456409.82020 18.551 0.045 5.70 628.0
2456417.78302 18.549 0.025 4.24 306.0
2456419.90426 18.468 0.026 4.08 345.0
2456423.69936 18.569 0.031 4.95 366.0
2456426.88639 18.501 0.024 4.17 308.0
2456431.94354 18.466 0.071 7.98 1359.0
2456434.71637 18.536 0.029 5.03 356.0
2456436.78580 18.591 0.032 4.14 667.0
2456442.65610 18.582 0.027 4.59 349.0
2456445.73582 18.540 0.029 5.38 311.0
2456447.73982 18.481 0.023 3.90 252.0
2456449.65820 18.596 0.027 4.92 247.0
2456451.60026 18.572 0.032 5.38 362.0
2456454.60035 18.614 0.027 4.68 230.0
2456456.76662 18.579 0.024 4.24 245.0
2456458.89469 18.630 0.042 6.99 507.0
2456461.65944 18.528 0.030 5.06 377.0
2456463.80188 18.611 0.030 4.03 457.0
2456469.53334 18.566 0.034 5.92 352.0
2456473.79597 18.499 0.031 5.98 312.0
2456475.75167 18.579 0.031 5.28 316.0
2456477.72744 18.560 0.027 4.84 297.0
2456480.75041 18.519 0.028 5.95 231.0
2456485.55000 18.602 0.033 6.74 220.0
2456487.67951 18.550 0.021 3.90 245.0
2456490.75520 18.592 0.030 5.90 290.0
2456496.57235 18.543 0.044 6.12 589.0
2456498.76918 18.484 0.040 6.45 395.0
2456505.56860 18.619 0.030 5.42 259.0
2456508.70620 18.603 0.027 5.13 302.0
2456511.69342 18.563 0.029 5.74 240.0
2456518.60392 18.582 0.024 3.91 303.0
2456524.62241 18.574 0.035 5.17 550.0
2456532.51431 18.568 0.026 4.98 255.0
2456539.50512 18.552 0.026 5.18 275.0
2456546.54765 18.532 0.035 6.00 446.0
2456560.56131 18.527 0.031 5.21 381.0
2456567.58621 18.663 0.043 6.59 389.0
2456576.51257 18.633 0.074 5.96 1700.0
2456741.88462 18.622 0.040 4.21 1123.0
2456742.87765 18.633 0.024 4.08 288.0
2456745.92709 18.578 0.059 5.10 1597.0
2456748.83469 18.511 0.023 4.71 279.0
2456750.90351 18.551 0.022 4.03 293.0
2456754.70515 18.565 0.036 7.03 303.0
2456756.70154 18.624 0.027 4.65 358.0
2456758.83840 18.576 0.032 7.03 250.0
2456760.79269 18.548 0.025 3.90 377.0
2456762.73716 18.513 0.032 4.60 616.0
2456764.70563 18.553 0.033 4.24 690.0
2456765.85435 18.516 0.027 4.00 553.0
2456769.78585 18.589 0.027 4.75 340.0
2456770.89376 18.556 0.027 4.64 351.0
2456772.81591 18.561 0.022 4.21 293.0
2456774.70210 18.596 0.028 5.05 319.0
2456775.91719 18.542 0.025 4.82 293.0
2456777.88794 18.598 0.029 4.51 370.0
2456790.62539 18.592 0.045 5.35 635.0
2456791.67716 18.579 0.042 4.76 693.0
2456792.71932 18.548 0.035 4.26 727.0
2456796.77678 18.517 0.034 4.59 548.0
2456797.87456 18.559 0.042 5.25 668.0
2456803.72782 18.539 0.024 4.72 201.0
2456804.73911 18.573 0.025 4.27 251.0
2456805.80214 18.584 0.031 4.91 298.0
2456807.78375 18.561 0.036 6.36 257.0
2456808.80728 18.535 0.027 4.76 268.0
2456809.86075 18.506 0.030 5.43 317.0
2456810.89247 18.542 0.037 5.66 470.0
2456811.90638 18.635 0.054 7.46 505.0
2456814.67797 18.560 0.026 4.38 234.0
2456815.77357 18.568 0.030 4.87 272.0
2456816.84702 18.531 0.031 5.87 278.0
2456817.59343 18.519 0.039 6.23 415.0
2456819.76109 18.632 0.042 4.99 584.0
2456824.61842 18.559 0.044 6.09 497.0
2456825.64050 18.497 0.031 4.55 360.0
2456826.65082 18.569 0.027 4.07 321.0
2456827.74235 18.555 0.029 5.02 285.0
2456828.78877 18.593 0.030 5.24 268.0
2456829.76327 18.600 0.033 6.12 226.0
2456830.78688 18.572 0.025 4.66 284.0
2456832.54305 18.522 0.028 4.34 299.0
2456833.61087 18.578 0.031 5.09 294.0
2456834.61793 18.530 0.034 5.34 326.0
2456835.69197 18.553 0.033 5.78 264.0
2456836.72382 18.560 0.037 6.55 270.0
2456837.73610 18.565 0.032 4.87 381.0
2456838.73682 18.583 0.030 5.06 283.0
2456839.75234 18.551 0.036 5.77 370.0
2456840.80149 18.526 0.043 7.70 310.0
2456842.55269 18.543 0.042 6.69 400.0
2456844.58105 18.585 0.029 4.38 352.0
2456845.56977 18.582 0.030 4.61 362.0
2456847.56173 18.600 0.035 4.59 586.0
2456851.52204 18.583 0.039 4.93 649.0
2456852.58476 18.541 0.039 4.81 711.0
2456855.65298 18.515 0.027 5.10 236.0
2456856.68857 18.553 0.028 4.75 279.0
2456857.73706 18.547 0.027 4.92 259.0
2456859.56431 18.543 0.039 6.51 292.0
2456862.75150 18.589 0.037 6.67 354.0
2456864.50592 18.523 0.034 5.88 241.0
2456870.56307 18.552 0.036 6.99 241.0
2456872.71922 18.626 0.041 7.91 239.0
2456879.61626 18.652 0.050 5.69 600.0
2456881.58303 18.598 0.041 5.80 399.0
2456883.49684 18.641 0.033 5.27 268.0
2456885.70215 18.554 0.036 7.28 313.0
2456887.61142 18.518 0.024 4.13 229.0
2456889.54614 18.605 0.030 5.57 214.0
2456890.69825 18.575 0.036 7.03 223.0
2456895.66482 18.543 0.032 6.21 248.0
2456909.50542 18.485 0.047 7.05 440.0
2456919.54832 18.593 0.037 5.92 333.0
2456924.50205 18.580 0.037 5.79 370.0
2456926.60998 18.585 0.039 6.59 325.0
2456932.53054 18.631 0.064 7.05 1043.0
2456936.52639 18.558 0.044 6.53 520.0
2456942.54173 18.586 0.044 7.13 400.0
2457070.85035 18.546 0.028 4.94 308.0
2457075.88913 18.558 0.032 5.50 348.0
2457078.89031 18.547 0.027 4.35 295.0
2457082.89396 18.576 0.028 5.11 269.0
2457087.79233 18.629 0.042 5.20 629.0
2457090.85511 18.511 0.029 4.58 391.0
2457098.77385 18.619 0.030 4.71 334.0
2457100.91395 18.499 0.030 3.89 499.0
2457110.83680 18.602 0.026 4.63 297.0
2457113.84317 18.586 0.025 3.96 299.0
2457115.89123 18.523 0.025 4.00 338.0
2457117.84578 18.488 0.026 3.64 469.0
2457119.89461 18.525 0.035 4.60 479.0
2457125.80128 18.560 0.025 4.26 322.0
2457129.75298 18.564 0.028 5.07 271.0
2457130.91661 18.496 0.032 5.78 297.0
2457132.81039 18.558 0.028 4.80 298.0
2457134.89883 18.572 0.028 4.66 312.0
2457136.76481 18.541 0.029 5.39 311.0
2457137.90183 18.500 0.034 6.09 298.0
2457139.75651 18.580 0.028 4.63 267.0
2457140.88091 18.597 0.032 4.87 350.0
2457142.71541 18.553 0.026 4.43 313.0
2457143.82222 18.510 0.026 4.22 341.0
2457145.78425 18.542 0.031 4.12 470.0
2457146.81885 18.566 0.034 4.33 655.0
2457147.84003 18.517 0.038 5.63 599.0
2457153.68831 18.529 0.025 4.52 306.0
2457154.77700 18.544 0.026 3.75 341.0
2457155.87172 18.494 0.031 4.88 382.0
2457157.75785 18.462 0.025 4.58 261.0
2457158.89700 18.531 0.033 5.05 400.0
2457160.61694 18.541 0.037 5.85 378.0
2457161.69111 18.516 0.024 4.33 291.0
2457162.73699 18.504 0.028 4.84 266.0
2457163.81175 18.552 0.029 4.96 321.0
2457164.94200 18.513 0.068 6.18 1414.0
2457168.72818 18.459 0.029 5.58 267.0
2457169.94577 18.551 0.044 4.62 1031.0
2457172.62449 18.536 0.039 5.39 432.0
2457174.65447 18.499 0.036 5.05 581.0
2457178.64404 18.473 0.032 4.26 596.0
2457179.62348 18.435 0.038 5.83 435.0
2457180.61875 18.530 0.036 5.55 369.0
2457181.61428 18.529 0.026 5.02 223.0
2457182.63172 18.533 0.026 5.41 193.0
2457183.64344 18.486 0.031 6.29 217.0
2457184.67908 18.472 0.032 5.97 260.0
2457185.70612 18.418 0.029 6.14 263.0
2457186.86150 18.472 0.032 5.35 374.0
2457187.87442 18.477 0.028 5.00 347.0
2457189.57235 18.545 0.033 5.83 296.0
2457190.63060 18.397 0.025 4.06 335.0
2457191.80919 18.365 0.033 6.50 298.0
2457194.67587 18.403 0.020 3.78 293.0
2457197.77438 18.360 0.027 5.63 242.0
2457198.79930 18.379 0.028 5.62 285.0
2457199.80154 18.356 0.022 4.22 296.0
2457200.78483 18.369 0.026 4.32 433.0
2457206.65365 18.356 0.038 5.43 688.0
2457207.68012 18.326 0.030 5.41 461.0
2457209.81644 18.354 0.049 6.47 857.0
2457211.80602 18.286 0.033 6.19 437.0
2457217.55848 18.167 0.031 6.73 312.0
2457219.72123 18.222 0.023 5.17 271.0
2457221.47406 18.254 0.030 5.83 414.0
2457222.53102 18.224 0.027 6.32 319.0
2457223.67323 18.220 0.022 5.43 248.0
2457224.76312 18.168 0.027 6.48 289.0
2457226.67395 18.160 0.019 4.33 233.0
2457227.68510 18.166 0.018 4.41 234.0
2457228.74203 18.198 0.021 5.01 386.0
2457229.78193 18.122 0.025 5.21 580.0
2457235.67186 18.171 0.029 5.26 599.0
2457249.57524 18.229 0.027 6.67 234.0
2457252.63336 18.238 0.023 5.74 306.0
2457255.59387 18.305 0.027 5.67 284.0
2457263.50079 18.253 0.025 4.37 558.0
2457264.68176 18.289 0.035 5.83 631.0
2457267.67937 18.420 0.035 6.03 388.0
2457269.66678 18.376 0.027 5.56 289.0
2457272.51877 18.404 0.037 7.08 295.0
2457275.67548 18.463 0.045 7.50 381.0
2457281.49528 18.336 0.037 7.42 287.0
2457292.58504 18.552 0.059 7.37 715.0
2457300.51675 18.404 0.041 7.77 458.0
2457320.52612 18.525 0.063 7.99 659.0
