2455385.57459 15.118 0.003 4.10 429.0
2455385.66472 15.113 0.004 4.86 349.0
2455385.76309 15.107 0.003 4.05 369.0
2455640.80993 15.109 0.004 5.93 528.0
2455644.89976 15.109 0.004 6.24 1953.0
2455647.81043 15.117 0.003 4.97 602.0
2455651.90611 15.109 0.003 3.71 270.0
2455657.77176 15.113 0.003 4.42 295.0
2455660.82601 15.105 0.003 5.15 251.0
2455665.93154 15.128 0.004 4.37 2174.0
2455677.89854 15.118 0.003 4.15 314.0
2455681.90514 15.123 0.003 4.23 392.0
2455685.79819 15.104 0.003 4.40 284.0
2455691.65278 15.108 0.003 6.01 309.0
2455693.91082 15.126 0.003 5.26 575.0
2455696.76091 15.113 0.003 4.24 401.0
2455698.88702 15.121 0.004 4.96 1087.0
2455703.73680 15.119 0.004 7.21 456.0
2455708.75930 15.122 0.004 6.78 371.0
2455715.57195 15.123 0.003 6.05 346.0
2455715.59655 15.126 0.003 5.47 321.0
2455721.88823 15.132 0.004 5.57 456.0
2455724.79094 15.129 0.004 5.28 412.0
2455729.71303 15.116 0.005 6.99 1374.0
2455729.72423 15.125 0.004 6.78 977.0
2455734.61812 15.127 0.004 6.77 401.0
2455737.52783 15.132 0.003 5.18 403.0
2455739.75793 15.126 0.003 4.29 311.0
2455741.82738 15.131 0.004 5.66 345.0
2455744.85726 15.131 0.004 6.13 474.0
2455747.73900 15.128 0.004 7.85 309.0
2455764.58300 15.132 0.003 4.71 344.0
2455768.51831 15.107 0.003 5.83 314.0
2455776.62716 15.121 0.004 6.60 264.0
2455784.55574 15.126 0.004 4.20 1424.0
2455784.65195 15.128 0.003 4.21 551.0
2455788.57454 15.125 0.004 5.76 413.0
2455794.51231 15.117 0.004 6.54 292.0
2455801.65601 15.116 0.004 7.20 324.0
2455807.57045 15.107 0.004 6.63 319.0
2455813.52581 15.118 0.004 5.61 525.0
2455818.52442 15.106 0.003 5.36 444.0
2455823.52361 15.143 0.004 7.02 354.0
2455828.51346 15.119 0.003 4.75 317.0
2455832.53261 15.128 0.003 4.54 393.0
2455839.55945 15.120 0.004 5.73 532.0
2455844.52081 15.114 0.004 6.26 551.0
2455851.52392 15.130 0.004 5.98 414.0
2455862.50659 15.118 0.004 6.03 441.0
2455959.86924 15.117 0.003 5.80 385.0
2455961.86520 15.119 0.003 5.55 357.0
2455962.86149 15.118 0.003 6.01 357.0
2455963.85622 15.110 0.004 7.58 586.0
2455964.86585 15.126 0.004 7.06 602.0
2455965.87315 15.112 0.003 4.78 557.0
2455967.87600 15.119 0.003 4.95 485.0
2455968.86969 15.122 0.003 5.39 502.0
2455983.81810 15.121 0.003 5.99 381.0
2455988.90274 15.132 0.003 4.72 720.0
2455994.78581 15.118 0.003 5.60 699.0
2455998.81421 15.112 0.003 5.21 446.0
2456002.84580 15.117 0.003 4.22 566.0
2456002.90364 15.120 0.003 4.90 403.0
2456006.81215 15.125 0.003 3.94 249.0
2456009.86623 15.125 0.003 4.04 339.0
2456012.91483 15.120 0.003 3.82 293.0
2456016.74696 15.123 0.003 4.14 287.0
2456019.74125 15.125 0.003 5.84 334.0
2456021.84709 15.119 0.003 4.06 311.0
2456024.77499 15.130 0.003 4.65 508.0
2456032.75445 15.122 0.003 4.27 345.0
2456036.76198 15.127 0.003 4.08 308.0
2456039.92687 15.138 0.003 4.79 578.0
2456047.85028 15.134 0.003 4.58 370.0
2456050.81086 15.128 0.003 4.28 405.0
2456053.85496 15.134 0.003 4.36 760.0
2456057.74651 15.121 0.004 4.98 2382.0
2456057.88575 15.130 0.003 4.61 752.0
2456060.78580 15.131 0.003 5.22 309.0
2456061.67790 15.126 0.003 6.26 346.0
2456063.90585 15.131 0.003 4.71 466.0
2456066.81001 15.125 0.003 5.10 376.0
2456068.85954 15.131 0.003 3.97 393.0
2456070.88667 15.127 0.003 4.52 352.0
2456075.86506 15.142 0.003 3.80 341.0
2456078.67808 15.135 0.003 4.20 381.0
2456080.65132 15.140 0.003 5.07 530.0
2456085.80295 15.127 0.003 5.41 506.0
2456088.59146 15.126 0.003 5.29 263.0
2456093.64739 15.136 0.003 6.10 282.0
2456096.72754 15.137 0.004 6.69 293.0
2456096.74033 15.126 0.004 6.75 304.0
2456098.84572 15.124 0.003 10.93 474.0
2456101.67052 15.127 0.003 4.66 268.0
2456103.57466 15.132 0.003 4.85 371.0
2456105.52206 15.129 0.003 5.24 359.0
2456113.56947 15.134 0.004 5.83 601.0
2456115.51437 15.127 0.003 5.37 365.0
2456117.53258 15.126 0.003 4.91 387.0
2456118.83775 15.125 0.003 5.16 452.0
2456121.48096 15.130 0.003 4.70 305.0
2456124.51719 15.135 0.003 5.64 308.0
2456126.57918 15.127 0.004 7.38 227.0
2456131.57106 15.129 0.003 5.01 221.0
2456140.51177 15.126 0.003 4.97 693.0
2456150.64263 15.124 0.003 4.99 255.0
2456154.69687 15.125 0.003 5.87 283.0
2456160.68949 15.110 0.003 5.05 323.0
2456160.70221 15.120 0.003 5.41 346.0
2456167.52967 15.133 0.003 5.70 454.0
2456168.54561 15.127 0.003 4.09 523.0
2456175.52424 15.130 0.003 5.52 343.0
2456181.64470 15.123 0.003 5.74 409.0
2456197.48948 15.135 0.004 6.91 467.0
2456205.52659 15.126 0.003 5.07 322.0
2456213.56579 15.133 0.004 6.73 413.0
2456220.49318 15.118 0.004 5.78 1337.0
2456226.52601 15.139 0.004 7.50 681.0
2456344.85293 15.116 0.003 4.58 272.0
2456353.79347 15.132 0.003 5.46 451.0
2456361.89239 15.121 0.003 6.34 267.0
2456369.87280 15.126 0.003 4.41 225.0
2456374.82714 15.129 0.003 5.65 251.0
2456377.91958 15.126 0.003 3.81 1102.0
2456381.80519 15.128 0.003 3.70 423.0
2456387.82367 15.125 0.003 5.30 262.0
2456390.79321 15.137 0.003 5.07 295.0
2456394.91688 15.132 0.003 4.71 309.0
2456397.91747 15.131 0.003 3.84 284.0
2456401.71441 15.126 0.003 4.99 276.0
2456403.92114 15.131 0.003 4.21 359.0
2456407.90633 15.138 0.003 4.72 588.0
2456416.86118 15.133 0.003 5.11 308.0
2456419.70323 15.127 0.003 4.52 291.0
2456422.71641 15.138 0.003 4.61 295.0
2456426.61885 15.144 0.003 5.23 291.0
2456431.73913 15.125 0.003 5.17 288.0
2456433.78783 15.134 0.003 6.27 391.0
2456435.92253 15.130 0.003 4.26 524.0
2456441.83605 15.126 0.003 5.50 658.0
2456444.87338 15.133 0.003 5.10 437.0
2456446.90678 15.141 0.003 4.32 445.0
2456448.84119 15.128 0.003 4.65 380.0
2456450.77846 15.134 0.003 3.61 357.0
2456452.76344 15.126 0.003 3.86 268.0
2456456.55287 15.121 0.003 4.51 257.0
2456458.68748 15.133 0.003 5.20 281.0
2456460.73126 15.134 0.003 5.01 574.0
2456463.58296 15.126 0.003 5.79 458.0
2456468.60493 15.130 0.003 5.54 532.0
2456472.76672 15.126 0.003 5.53 324.0
2456473.58242 15.132 0.003 5.64 256.0
2456475.52023 15.122 0.003 5.80 350.0
2456477.51170 15.128 0.003 6.70 288.0
2456480.53667 15.120 0.003 6.75 330.0
2456483.81839 15.140 0.003 7.03 363.0
2456486.78985 15.140 0.003 5.81 347.0
2456490.54125 15.124 0.003 5.15 325.0
2456492.66826 15.129 0.003 7.01 373.0
2456498.56330 15.124 0.003 3.44 377.0
2456501.74143 15.127 0.003 7.12 334.0
2456508.48668 15.120 0.003 6.04 313.0
2456510.70226 15.134 0.003 4.95 285.0
2456516.50206 15.128 0.003 5.56 323.0
2456523.63558 15.127 0.003 5.01 578.0
2456531.48217 15.134 0.003 6.87 327.0
2456536.51448 15.119 0.003 4.77 326.0
2456545.48797 15.129 0.003 6.11 298.0
2456558.58800 15.133 0.003 4.89 430.0
2456564.57352 15.135 0.003 5.35 386.0
2456571.56965 15.147 0.003 5.49 435.0
2456576.48319 15.129 0.005 5.22 2649.0
2456576.55342 15.137 0.003 4.84 499.0
2456581.55637 15.134 0.003 5.85 641.0
2456741.89547 15.136 0.003 3.85 367.0
2456743.89849 15.142 0.003 4.44 487.0
2456746.80154 15.128 0.003 5.04 295.0
2456748.81150 15.141 0.003 4.55 326.0
2456752.78592 15.137 0.003 4.96 289.0
2456756.89335 15.144 0.003 4.76 306.0
2456760.71719 15.144 0.003 4.39 473.0
2456763.71222 15.143 0.003 4.23 621.0
2456765.88286 15.139 0.003 5.30 680.0
2456770.80512 15.147 0.003 4.41 362.0
2456775.91899 15.143 0.003 5.31 353.0
2456784.86393 15.119 0.004 4.91 380.0
2456785.84873 15.113 0.003 3.65 372.0
2456786.88144 15.125 0.003 4.53 375.0
2456790.88679 15.121 0.004 4.31 629.0
2456792.82350 15.126 0.004 3.96 864.0
2456797.83368 15.130 0.004 5.97 872.0
2456803.91046 15.124 0.003 5.50 372.0
2456805.80366 15.118 0.004 5.98 342.0
2456808.64924 15.116 0.004 5.15 316.0
2456810.57492 15.121 0.004 5.68 440.0
2456811.84474 15.120 0.004 5.43 466.0
2456814.87759 15.118 0.004 5.30 330.0
2456816.87834 15.112 0.004 6.55 382.0
2456819.58495 15.112 0.004 5.72 658.0
2456824.59968 15.119 0.004 5.65 572.0
2456825.87942 15.119 0.004 4.72 735.0
2456827.66893 15.121 0.003 4.23 324.0
2456829.58003 15.118 0.004 7.65 255.0
2456830.85586 15.117 0.003 4.10 476.0
2456833.53127 15.118 0.004 6.41 460.0
2456834.78881 15.123 0.004 6.97 384.0
2456836.72523 15.124 0.004 6.28 335.0
2456838.56895 15.113 0.004 5.76 296.0
2456839.82574 15.124 0.004 5.81 483.0
2456841.83570 15.118 0.004 6.18 425.0
2456841.83669 15.117 0.004 6.73 99.0
2456844.77139 15.125 0.004 5.17 356.0
2456847.58934 15.116 0.003 4.15 541.0
2456851.79059 15.116 0.004 5.28 772.0
2456855.76994 15.120 0.003 5.24 297.0
2456857.69080 15.122 0.003 3.93 238.0
2456859.77168 15.118 0.004 6.04 489.0
2456864.53774 15.121 0.004 5.47 236.0
2456872.53533 15.106 0.004 5.98 258.0
2456881.67563 15.116 0.004 5.18 467.0
2456885.60772 15.120 0.003 4.53 265.0
2456888.47947 15.115 0.003 4.78 278.0
2456890.67220 15.114 0.004 7.06 253.0
2456898.48012 15.120 0.004 5.57 419.0
2456912.57414 15.125 0.004 5.27 391.0
2456922.53009 15.121 0.004 6.45 378.0
2456926.61137 15.122 0.004 5.55 368.0
2456931.48757 15.124 0.004 4.70 1740.0
2456932.50697 15.124 0.004 5.20 699.0
2456937.49443 15.128 0.004 5.54 558.0
2456943.53309 15.121 0.004 6.32 448.0
2457064.88176 15.124 0.003 4.33 598.0
2457071.88809 15.121 0.003 5.08 344.0
2457077.83682 15.129 0.004 6.48 352.0
2457080.86564 15.118 0.003 5.78 322.0
2457083.90423 15.115 0.004 5.06 714.0
2457087.87761 15.119 0.003 4.38 482.0
2457091.78351 15.124 0.003 5.25 539.0
2457098.84482 15.119 0.003 4.43 310.0
2457101.86361 15.116 0.004 5.91 390.0
2457102.82493 15.115 0.004 6.14 306.0
2457110.91895 15.117 0.003 3.87 654.0
2457114.74970 15.121 0.004 6.04 452.0
2457117.78676 15.116 0.003 3.85 504.0
2457120.84376 15.118 0.003 4.60 444.0
2457129.82246 15.118 0.003 4.60 291.0
2457132.71627 15.118 0.003 5.09 361.0
2457135.77518 15.109 0.003 4.61 293.0
2457137.90341 15.124 0.003 5.57 360.0
2457140.71591 15.115 0.003 5.30 399.0
2457142.79157 15.116 0.003 4.86 350.0
2457145.84765 15.114 0.003 4.72 571.0
2457147.76404 15.112 0.003 5.03 577.0
2457153.82485 15.109 0.003 4.09 413.0
2457155.85884 15.113 0.003 4.55 409.0
2457158.71476 15.109 0.003 4.71 274.0
2457160.67986 15.110 0.003 4.91 327.0
2457162.65041 15.111 0.003 5.61 283.0
2457164.61040 15.114 0.003 4.56 389.0
2457168.72977 15.108 0.003 5.26 303.0
2457170.82915 15.106 0.003 5.00 324.0
2457173.75654 15.105 0.004 6.37 498.0
2457175.60820 15.106 0.003 5.11 630.0
2457178.65376 15.106 0.003 4.04 1332.0
2457180.60604 15.096 0.004 5.90 391.0
2457181.85146 15.102 0.004 5.84 403.0
2457183.71405 15.100 0.004 6.36 226.0
2457185.58718 15.090 0.003 5.49 283.0
2457187.61514 15.085 0.003 5.46 260.0
2457189.58937 15.085 0.003 5.44 305.0
2457190.87338 15.097 0.003 4.56 621.0
2457197.79073 15.056 0.003 5.26 299.0
2457199.66519 15.050 0.003 4.97 265.0
2457206.69754 14.747 0.003 5.64 730.0
2457209.70181 14.834 0.003 5.71 631.0
2457212.53217 15.015 0.003 5.08 313.0
2457219.63955 15.075 0.003 5.39 311.0
2457221.61655 15.073 0.003 5.92 240.0
2457223.59519 15.090 0.004 6.66 314.0
2457225.61500 15.088 0.003 5.42 318.0
2457227.71499 15.094 0.003 5.64 303.0
2457229.69700 15.101 0.003 4.42 509.0
2457233.69066 15.107 0.004 5.80 1427.0
2457248.48496 15.112 0.004 6.23 332.0
2457249.48317 15.113 0.004 7.79 352.0
2457253.57729 15.117 0.003 5.11 282.0
2457261.52575 15.114 0.004 5.97 616.0
2457265.50140 15.122 0.003 4.65 405.0
2457269.54651 15.117 0.003 4.86 328.0
2457273.58453 15.119 0.004 6.55 396.0
2457278.64895 15.121 0.004 6.31 339.0
2457293.52727 15.128 0.003 4.56 643.0
2457311.49584 15.124 0.003 4.43 465.0
