2455642.79215 16.662 0.008 4.38 610.0
2455647.81799 16.649 0.008 4.94 586.0
2455649.81597 16.663 0.007 4.83 260.0
2455654.82234 16.648 0.007 4.20 266.0
2455658.87644 16.644 0.008 5.83 257.0
2455662.92913 16.645 0.009 4.24 1011.0
2455668.83616 16.665 0.009 5.12 795.0
2455675.81751 16.655 0.009 5.64 421.0
2455679.91385 16.648 0.007 4.69 357.0
2455683.66489 16.644 0.008 5.42 405.0
2455686.83950 16.642 0.008 4.59 364.0
2455692.68823 16.663 0.008 4.94 393.0
2455694.85589 16.653 0.007 4.26 378.0
2455697.71534 16.638 0.008 5.39 571.0
2455702.65158 16.648 0.011 6.44 903.0
2455707.57161 16.661 0.010 6.67 495.0
2455711.71946 16.647 0.006 5.18 273.0
2455715.89445 16.666 0.009 6.49 377.0
2455723.55092 16.643 0.009 5.16 537.0
2455726.54673 16.648 0.010 4.97 940.0
2455735.70004 16.667 0.009 6.54 309.0
2455737.81030 16.648 0.007 5.23 308.0
2455740.67028 16.652 0.008 4.82 283.0
2455742.69668 16.644 0.007 4.31 239.0
2455745.74312 16.654 0.008 5.63 292.0
2455749.53151 16.665 0.010 6.96 371.0
2455760.59092 16.657 0.009 6.11 451.0
2455765.55775 16.644 0.007 4.29 457.0
2455769.47670 16.645 0.008 5.52 402.0
2455777.69897 16.640 0.007 4.97 289.0
2455784.56453 16.647 0.008 4.58 533.0
2455784.66541 16.636 0.010 5.95 959.0
2455786.49773 16.653 0.011 6.36 642.0
2455790.60658 16.648 0.009 6.44 346.0
2455795.53320 16.654 0.009 6.95 300.0
2455815.52317 16.656 0.008 4.25 463.0
2455819.55845 16.642 0.008 4.82 485.0
2455824.57414 16.652 0.008 5.62 325.0
2455829.55148 16.644 0.007 5.16 417.0
2455834.49364 16.640 0.007 4.14 347.0
2455841.54597 16.668 0.011 6.01 647.0
2455845.58766 16.676 0.013 6.78 904.0
2455854.54452 16.666 0.010 5.85 668.0
2455976.86155 16.635 0.008 6.38 331.0
2455985.81070 16.653 0.009 6.93 442.0
2455990.84235 16.654 0.007 5.28 315.0
2455995.82942 16.658 0.007 4.04 558.0
2455999.84740 16.647 0.008 4.72 519.0
2456002.85182 16.663 0.010 3.89 1381.0
2456002.91369 16.636 0.011 4.04 2104.0
2456003.87330 16.662 0.008 5.71 402.0
2456007.82245 16.644 0.007 4.53 280.0
2456010.85978 16.650 0.006 4.07 303.0
2456014.73698 16.654 0.007 5.66 322.0
2456017.73609 16.651 0.007 5.52 333.0
2456019.91582 16.665 0.007 3.93 293.0
2456022.80732 16.642 0.007 3.94 390.0
2456025.73391 16.653 0.009 5.48 590.0
2456033.70110 16.655 0.008 6.99 345.0
2456037.75897 16.647 0.008 5.91 320.0
2456040.91368 16.652 0.007 4.64 337.0
2456048.78172 16.653 0.007 3.99 258.0
2456051.73417 16.664 0.008 5.08 452.0
2456057.75596 16.647 0.011 4.92 1464.0
2456057.89195 16.634 0.009 4.55 917.0
2456058.70936 16.653 0.008 5.61 347.0
2456061.85636 16.666 0.008 4.90 437.0
2456064.84870 16.661 0.007 4.52 389.0
2456067.61418 16.669 0.008 5.11 323.0
2456069.70976 16.656 0.006 4.53 298.0
2456071.68524 16.661 0.007 5.27 254.0
2456076.72856 16.624 0.006 4.10 296.0
2456078.86379 16.637 0.007 3.31 403.0
2456080.82883 16.659 0.008 4.78 422.0
2456086.61506 16.644 0.008 5.48 412.0
2456089.67277 16.667 0.006 4.69 311.0
2456093.84787 16.665 0.009 7.08 308.0
2456097.67003 16.647 0.007 5.08 271.0
2456100.53298 16.648 0.008 5.66 428.0
2456101.85769 16.650 0.009 5.58 591.0
2456103.75400 16.638 0.007 4.19 319.0
2456105.71211 16.658 0.007 4.83 253.0
2456113.72718 16.649 0.009 4.58 725.0
2456115.70233 16.668 0.009 6.51 328.0
2456117.71060 16.642 0.007 4.96 353.0
2456119.65223 16.664 0.007 5.27 223.0
2456121.66160 16.643 0.006 4.08 209.0
2456124.72749 16.655 0.007 5.32 288.0
2456127.48200 16.627 0.009 6.57 399.0
2456132.62856 16.653 0.008 6.48 237.0
2456135.69510 16.667 0.008 5.31 331.0
2456140.69028 16.656 0.010 5.94 770.0
2456147.63883 16.633 0.009 7.99 228.0
2456151.62559 16.665 0.009 7.22 280.0
2456158.57883 16.669 0.008 6.06 317.0
2456161.65402 16.647 0.008 5.50 240.0
2456161.66834 16.663 0.008 5.56 261.0
2456169.57288 16.635 0.008 4.71 488.0
2456179.48790 16.659 0.009 6.56 350.0
2456183.49498 16.641 0.007 5.65 271.0
2456191.52206 16.658 0.010 6.46 461.0
2456199.52364 16.630 0.010 7.26 457.0
2456210.53593 16.645 0.008 6.23 373.0
2456217.52958 16.640 0.007 4.40 368.0
2456347.88794 16.658 0.007 4.43 305.0
2456363.81821 16.646 0.007 5.30 312.0
2456370.90756 16.638 0.007 4.74 302.0
2456375.85558 16.649 0.006 4.61 236.0
2456378.91309 16.632 0.006 3.36 597.0
2456382.79873 16.652 0.008 4.42 681.0
2456388.80322 16.652 0.007 5.00 244.0
2456391.73572 16.633 0.008 6.41 294.0
2456395.85370 16.652 0.006 3.94 342.0
2456398.84798 16.663 0.006 4.35 264.0
2456401.89274 16.652 0.006 3.80 318.0
2456404.86283 16.665 0.007 4.67 287.0
2456409.78909 16.658 0.011 6.46 736.0
2456417.75797 16.640 0.007 4.41 351.0
2456419.87001 16.655 0.007 4.47 364.0
2456423.66815 16.668 0.007 5.46 365.0
2456426.85898 16.650 0.006 4.05 318.0
2456431.91388 16.649 0.008 5.45 421.0
2456434.68946 16.654 0.007 5.06 418.0
2456436.74471 16.650 0.007 4.44 649.0
2456442.62937 16.654 0.006 4.01 393.0
2456445.70572 16.644 0.007 5.71 349.0
2456447.70202 16.651 0.006 4.18 272.0
2456449.62848 16.645 0.008 6.36 296.0
2456451.57153 16.682 0.008 5.52 388.0
2456454.57298 16.656 0.008 6.54 267.0
2456456.73877 16.643 0.006 4.03 254.0
2456458.87258 16.665 0.007 5.10 523.0
2456461.62891 16.642 0.007 4.59 393.0
2456463.77440 16.643 0.007 4.10 502.0
2456468.81902 16.645 0.007 4.19 681.0
2456473.76859 16.654 0.007 4.77 326.0
2456475.72484 16.660 0.007 4.46 339.0
2456477.70034 16.657 0.007 5.05 310.0
2456480.72346 16.644 0.007 5.60 220.0
2456485.51915 16.644 0.007 6.42 272.0
2456487.64238 16.636 0.006 3.96 255.0
2456490.72830 16.630 0.009 4.02 311.0
2456496.54568 16.649 0.008 5.04 690.0
2456498.74102 16.643 0.007 4.49 394.0
2456505.54006 16.646 0.007 4.81 312.0
2456508.67880 16.653 0.006 4.82 277.0
2456511.65964 16.641 0.006 4.32 276.0
2456518.56754 16.639 0.006 4.20 335.0
2456524.59040 16.632 0.007 3.94 625.0
2456532.48429 16.654 0.007 5.05 312.0
2456538.61558 16.654 0.007 6.11 289.0
2456546.50868 16.644 0.013 6.54 393.0
2456573.56774 16.634 0.007 4.83 521.0
2456741.87867 16.640 0.006 3.74 407.0
2456742.86340 16.636 0.006 3.79 323.0
2456745.91094 16.651 0.007 5.25 318.0
2456749.83481 16.657 0.006 4.63 349.0
2456754.79442 16.664 0.007 5.88 314.0
2456757.86595 16.657 0.006 5.04 283.0
2456760.91734 16.634 0.006 3.68 319.0
2456763.90962 16.636 0.007 3.69 660.0
2456768.91923 16.642 0.006 3.30 386.0
2456771.75703 16.628 0.006 3.51 311.0
2456773.90845 16.651 0.006 3.79 325.0
2456776.85415 16.656 0.006 4.38 367.0
2456789.75717 16.646 0.007 3.78 484.0
2456791.74242 16.650 0.008 3.88 660.0
2456796.68707 16.651 0.008 4.53 510.0
2456798.84182 16.655 0.011 7.10 420.0
2456804.72379 16.658 0.007 4.00 288.0
2456806.88816 16.653 0.009 6.01 386.0
2456808.85445 16.658 0.007 4.44 329.0
2456810.78000 16.640 0.007 3.77 328.0
2456813.74532 16.656 0.008 5.06 262.0
2456815.71948 16.656 0.008 5.14 324.0
2456817.74041 16.653 0.008 4.53 432.0
2456819.75009 16.627 0.010 5.98 660.0
2456824.81671 16.656 0.009 5.20 575.0
2456826.66731 16.648 0.007 3.63 384.0
2456827.88914 16.642 0.009 5.48 540.0
2456829.77923 16.634 0.008 5.24 277.0
2456831.79347 16.654 0.007 4.23 319.0
2456833.74030 16.655 0.008 5.04 433.0
2456835.62763 16.659 0.008 5.56 307.0
2456837.52775 16.640 0.008 4.33 510.0
2456838.76764 16.648 0.009 5.63 341.0
2456840.67704 16.646 0.009 6.04 339.0
2456842.69148 16.651 0.007 4.58 316.0
2456845.55699 16.638 0.007 4.11 413.0
2456847.74486 16.651 0.008 4.10 689.0
2456852.65406 16.647 0.011 6.44 553.0
2456856.57935 16.644 0.007 4.11 294.0
2456858.53424 16.650 0.007 4.28 288.0
2456862.73815 16.655 0.008 5.43 419.0
2456864.74741 16.656 0.008 5.49 316.0
2456873.52209 16.657 0.008 5.13 336.0
2456879.65171 16.654 0.010 5.58 679.0
2456882.61423 16.644 0.008 4.66 326.0
2456886.54024 16.646 0.008 4.88 312.0
2456888.69515 16.655 0.009 6.20 407.0
2456891.64818 16.648 0.008 5.69 327.0
2456907.59121 16.661 0.009 5.05 502.0
2456915.59637 16.657 0.009 6.25 354.0
2456923.56748 16.652 0.011 7.52 423.0
2456928.55022 16.660 0.009 6.13 370.0
2456936.51017 16.639 0.009 5.76 561.0
2456942.52736 16.655 0.009 5.56 474.0
2457069.88945 16.573 0.008 4.40 554.0
2457074.89900 16.534 0.010 5.35 1233.0
2457075.87634 16.517 0.008 6.43 376.0
2457078.87777 16.481 0.006 4.03 345.0
2457082.88029 16.431 0.006 4.57 288.0
2457087.79695 16.290 0.007 4.97 724.0
2457090.84055 16.081 0.005 4.01 464.0
2457097.90934 15.781 0.004 3.00 496.0
2457100.89645 15.997 0.005 4.04 338.0
2457110.82188 16.269 0.005 3.29 325.0
2457115.73371 16.360 0.007 5.02 514.0
2457118.82390 16.414 0.007 3.51 1300.0
2457125.80289 16.496 0.006 3.52 371.0
2457130.76491 16.516 0.007 5.31 291.0
2457133.87534 16.541 0.007 4.59 360.0
2457136.70819 16.561 0.007 4.95 372.0
2457138.79198 16.567 0.007 4.18 323.0
2457140.91187 16.577 0.007 4.49 412.0
2457143.70017 16.568 0.008 4.87 406.0
2457146.70713 16.584 0.008 3.88 784.0
2457147.92025 16.589 0.010 5.23 837.0
2457154.71935 16.591 0.006 3.22 341.0
2457156.71226 16.597 0.005 3.42 331.0
2457158.91336 16.591 0.008 5.50 458.0
2457160.87812 16.598 0.007 4.76 351.0
2457162.84951 16.610 0.007 4.89 340.0
2457164.88559 16.608 0.008 4.88 393.0
2457169.72567 16.621 0.006 3.98 289.0
2457172.67050 16.619 0.009 5.46 472.0
2457173.94372 16.632 0.012 5.97 1317.0
2457178.85568 16.609 0.009 4.86 1003.0
2457179.58101 16.628 0.009 4.90 600.0
2457180.79165 16.617 0.007 3.90 364.0
2457182.66248 16.635 0.007 4.64 239.0
2457183.90819 16.641 0.009 5.98 369.0
2457185.78442 16.612 0.008 5.31 325.0
2457187.81265 16.643 0.008 5.24 332.0
2457189.79131 16.623 0.007 3.96 415.0
2457194.60365 16.634 0.007 5.00 281.0
2457198.61466 16.637 0.007 4.67 302.0
2457199.86301 16.634 0.008 5.40 433.0
2457207.51455 16.654 0.010 5.49 966.0
2457214.65482 16.644 0.006 4.93 383.0
2457220.54656 16.637 0.008 5.48 335.0
2457221.80372 16.650 0.008 4.78 339.0
2457224.48668 16.643 0.008 5.06 471.0
2457226.65162 16.625 0.007 4.55 288.0
2457228.57810 16.646 0.007 4.31 353.0
2457249.66685 16.628 0.009 7.37 268.0
2457255.56067 16.640 0.008 5.00 439.0
2457263.50293 16.648 0.008 3.85 602.0
2457267.50931 16.660 0.009 5.75 340.0
2457270.52888 16.662 0.008 4.92 318.0
2457275.62717 16.640 0.010 5.42 796.0
2457284.55287 16.647 0.008 5.88 405.0
2457292.56996 16.649 0.011 6.34 759.0
2457300.49399 16.646 0.009 6.92 432.0
2457319.50938 16.633 0.012 6.45 845.0
