2457435.85379 15.738 0.004 6.61 522.0
2457436.87755 15.749 0.005 5.90 380.0
2457438.83019 15.742 0.005 5.73 572.0
2457439.85495 15.747 0.005 5.50 550.0
2457440.87883 15.746 0.004 4.66 589.0
2457442.81704 15.737 0.005 6.53 700.0
2457444.89791 15.746 0.005 4.87 624.0
2457446.80855 15.728 0.004 5.00 484.0
2457447.81971 15.745 0.004 4.46 452.0
2457448.82233 15.751 0.004 5.27 435.0
2457449.86223 15.747 0.006 5.19 1524.0
2457451.86462 15.747 0.005 5.12 605.0
2457452.90719 15.737 0.004 3.39 526.0
2457454.86053 15.747 0.004 4.58 335.0
2457455.86316 15.736 0.004 5.23 315.0
2457456.87952 15.746 0.005 5.54 363.0
2457457.87600 15.729 0.004 5.13 424.0
2457458.86975 15.736 0.004 5.57 304.0
2457460.87128 15.739 0.004 4.63 356.0
2457461.86912 15.737 0.004 3.77 335.0
2457462.84756 15.748 0.004 3.72 358.0
2457463.89062 15.738 0.004 4.07 337.0
2457465.81548 15.742 0.004 4.44 467.0
2457466.87593 15.736 0.004 5.02 418.0
2457467.87900 15.744 0.004 4.83 311.0
2457470.83523 15.737 0.004 5.11 513.0
2457471.78754 15.734 0.005 5.13 602.0
2457471.91785 15.727 0.005 4.30 868.0
2457472.85801 15.738 0.004 4.81 472.0
2457474.74897 15.735 0.006 7.31 640.0
2457474.85126 15.733 0.004 4.17 499.0
2457475.78068 15.734 0.005 6.40 632.0
2457475.88493 15.738 0.004 4.50 510.0
2457476.77394 15.733 0.004 4.37 908.0
2457484.86109 15.740 0.004 5.08 326.0
2457486.78392 15.741 0.004 5.84 347.0
2457487.89259 15.725 0.004 4.46 382.0
2457489.92575 15.744 0.004 5.11 433.0
2457492.75224 15.739 0.004 5.17 333.0
2457493.73979 15.735 0.004 5.16 315.0
2457494.73210 15.722 0.004 4.50 325.0
2457495.70649 15.734 0.005 6.14 417.0
2457495.92708 15.743 0.004 4.68 508.0
2457498.85843 15.751 0.005 5.30 476.0
2457499.81319 15.733 0.004 4.97 484.0
2457500.75425 15.729 0.005 5.52 580.0
2457507.77600 15.734 0.004 4.31 423.0
2457508.82472 15.743 0.004 3.67 344.0
2457509.92419 15.737 0.004 5.20 451.0
2457522.92957 15.744 0.006 6.87 547.0
2457526.85322 15.737 0.004 5.21 441.0
2457530.70265 15.736 0.005 5.57 899.0
2457534.84293 15.746 0.004 5.10 515.0
2457536.83945 15.741 0.004 4.48 395.0
2457546.67282 15.750 0.005 6.23 256.0
2457547.61681 15.746 0.004 5.49 300.0
2457548.74786 15.741 0.003 3.84 288.0
2457549.86954 15.732 0.004 5.81 317.0
2457550.84811 15.745 0.005 5.67 487.0
2457552.87479 15.750 0.005 7.56 435.0
2457555.58759 15.739 0.004 5.10 505.0
2457555.91836 15.739 0.005 5.48 484.0
2457557.89259 15.731 0.005 5.41 757.0
2457561.69336 15.744 0.004 4.06 837.0
2457566.55029 15.729 0.005 6.18 385.0
2457566.86994 15.760 0.006 7.19 556.0
2457567.81374 15.743 0.004 4.98 450.0
2457568.83477 15.735 0.005 6.86 437.0
2457569.83120 15.748 0.005 6.45 484.0
2457570.78757 15.726 0.004 5.46 373.0
2457573.69642 15.736 0.005 7.26 264.0
2457575.62764 15.736 0.005 6.66 285.0
2457575.78121 15.737 0.004 4.85 306.0
2457576.57631 15.739 0.004 5.68 266.0
2457576.74007 15.747 0.004 5.00 271.0
2457577.56261 15.748 0.005 6.59 375.0
2457579.74100 15.750 0.004 6.62 336.0
2457582.69735 15.733 0.004 4.95 353.0
2457582.71034 15.743 0.004 5.47 326.0
2457584.56804 15.736 0.005 6.24 476.0
2457584.71028 15.737 0.005 5.64 414.0
2457589.51665 15.743 0.006 7.30 834.0
2457589.67559 15.735 0.005 5.83 662.0
2457590.47503 15.744 0.006 7.13 653.0
2457590.61650 15.740 0.004 5.05 525.0
2457590.80885 15.747 0.006 6.58 739.0
2457593.54842 15.747 0.004 5.71 256.0
2457593.70374 15.737 0.004 5.14 287.0
2457595.70012 15.752 0.005 7.00 353.0
2457599.51442 15.743 0.005 6.66 362.0
2457599.74925 15.737 0.004 4.63 315.0
2457600.61856 15.744 0.005 5.96 288.0
2457600.64684 15.754 0.004 6.46 285.0
2457601.78028 15.724 0.005 6.50 333.0
2457602.62027 15.737 0.004 5.59 294.0
2457602.77003 15.745 0.005 7.06 397.0
2457603.60810 15.744 0.004 5.15 266.0
2457603.74829 15.743 0.004 5.42 280.0
2457604.57490 15.727 0.004 5.18 293.0
2457604.71548 15.738 0.004 4.82 270.0
2457605.56769 15.735 0.004 6.72 269.0
2457605.71902 15.735 0.004 5.14 321.0
2457606.74330 15.728 0.005 7.36 318.0
2457607.64584 15.747 0.004 5.50 243.0
2457608.52535 15.740 0.004 5.80 290.0
2457608.72719 15.731 0.004 5.32 303.0
2457609.60375 15.742 0.004 4.69 296.0
2457609.75417 15.742 0.004 5.15 396.0
2457610.63640 15.752 0.004 4.72 341.0
2457611.63663 15.749 0.004 5.92 344.0
2457612.56517 15.745 0.004 5.77 364.0
2457612.70362 15.747 0.004 4.95 411.0
2457616.58032 15.735 0.004 5.03 520.0
2457617.53026 15.752 0.005 5.96 582.0
2457617.69404 15.743 0.005 5.41 668.0
2457618.58362 15.744 0.005 5.03 561.0
2457618.73446 15.754 0.006 6.27 911.0
2457621.59076 15.744 0.005 6.16 490.0
2457622.52955 15.739 0.004 5.29 285.0
2457622.71246 15.744 0.004 4.48 396.0
2457623.63120 15.742 0.004 4.57 283.0
2457624.57463 15.735 0.004 5.69 305.0
2457625.53505 15.739 0.004 4.83 343.0
2457626.51488 15.734 0.004 5.30 361.0
2457630.50963 15.745 0.004 5.24 315.0
2457631.48121 15.729 0.004 5.12 417.0
2457631.65997 15.744 0.004 4.48 294.0
2457632.64513 15.718 0.004 4.81 326.0
2457634.52992 15.737 0.005 6.63 296.0
2457636.48263 15.744 0.006 7.56 403.0
2457636.65330 15.748 0.005 6.91 344.0
2457637.64334 15.742 0.004 5.85 337.0
2457639.53774 15.725 0.005 5.78 389.0
2457643.62284 15.748 0.005 5.84 584.0
2457645.49906 15.743 0.005 5.77 680.0
2457647.61736 15.743 0.005 6.19 647.0
2457649.51107 15.733 0.004 4.00 495.0
2457650.56123 15.722 0.004 4.97 412.0
2457651.59079 15.743 0.005 5.85 535.0
2457653.48507 15.739 0.004 4.76 381.0
2457655.48592 15.741 0.005 6.43 403.0
2457656.57071 15.743 0.005 5.82 365.0
2457659.55640 15.736 0.004 5.10 392.0
2457661.48520 15.751 0.005 6.40 560.0
2457662.55749 15.748 0.005 5.28 452.0
2457667.49378 15.740 0.004 5.48 547.0
2457672.54385 15.758 0.005 5.04 716.0
2457681.51521 15.757 0.005 6.81 409.0
2457791.88450 15.738 0.005 4.57 1044.0
2457792.88729 15.737 0.006 5.53 1196.0
2457793.87873 15.742 0.005 5.15 492.0
2457794.88572 15.751 0.005 6.03 780.0
2457795.88976 15.739 0.006 5.60 1013.0
2457798.86115 15.734 0.005 5.40 493.0
2457800.85199 15.742 0.005 6.39 473.0
2457801.89086 15.741 0.005 5.22 759.0
2457803.87230 15.733 0.005 4.55 1081.0
2457807.84581 15.741 0.005 5.68 347.0
2457808.89657 15.736 0.005 6.04 642.0
2457809.90477 15.743 0.006 5.10 1276.0
2457811.82730 15.722 0.005 5.85 390.0
2457812.85886 15.737 0.004 4.99 381.0
2457814.82775 15.752 0.005 5.47 383.0
2457815.85463 15.737 0.004 5.24 371.0
2457816.84640 15.726 0.005 5.39 356.0
2457817.84301 15.736 0.004 4.93 418.0
2457818.82922 15.730 0.003 4.83 390.0
2457819.80908 15.736 0.005 6.77 348.0
2457819.90647 15.737 0.005 4.06 688.0
2457821.81720 15.736 0.005 5.81 474.0
2457822.81261 15.743 0.005 5.40 612.0
2457822.90196 15.742 0.004 4.00 390.0
2457823.88715 15.733 0.004 4.02 465.0
2457824.88326 15.744 0.005 4.93 504.0
2457825.87486 15.741 0.005 4.94 493.0
2457826.83374 15.731 0.005 5.50 590.0
2457827.82102 15.732 0.005 5.33 506.0
2457827.91026 15.734 0.004 4.33 607.0
2457828.87943 15.738 0.004 4.21 443.0
2457830.78207 15.733 0.005 4.90 1107.0
2457830.86931 15.733 0.004 4.73 481.0
2457835.78214 15.751 0.006 8.17 322.0
2457836.89340 15.746 0.005 6.04 289.0
2457838.78020 15.723 0.005 5.92 333.0
2457839.84646 15.738 0.004 3.86 260.0
2457840.90781 15.744 0.004 4.48 293.0
2457842.77821 15.747 0.005 5.93 287.0
2457843.81909 15.734 0.004 5.03 272.0
2457844.86135 15.746 0.005 6.15 287.0
2457845.90794 15.732 0.004 5.54 282.0
2457847.75006 15.747 0.005 6.15 314.0
2457848.77947 15.736 0.004 4.94 280.0
2457849.80783 15.735 0.004 4.40 289.0
2457850.83687 15.735 0.004 4.53 300.0
2457851.88107 15.733 0.004 4.67 292.0
2457853.91974 15.746 0.006 7.13 417.0
2457855.72914 15.740 0.005 4.71 669.0
2457856.75315 15.745 0.006 6.50 555.0
2457858.83599 15.736 0.004 4.77 550.0
2457862.87167 15.740 0.005 5.22 368.0
2457865.68555 15.736 0.004 4.86 324.0
2457866.69654 15.740 0.004 4.39 326.0
2457867.71540 15.748 0.004 4.75 304.0
2457868.78802 15.736 0.005 5.71 310.0
2457869.81137 15.731 0.004 3.95 284.0
2457870.85002 15.741 0.004 4.91 284.0
2457871.87232 15.739 0.004 4.11 307.0
2457872.89863 15.738 0.004 4.25 338.0
2457873.87906 15.748 0.004 4.11 342.0
2457874.85200 15.746 0.005 5.24 370.0
2457875.92990 15.739 0.004 4.66 507.0
2457876.90237 15.731 0.004 4.39 375.0
2457877.87447 15.739 0.004 3.97 420.0
2457878.91381 15.736 0.004 3.82 403.0
2457880.67486 15.744 0.005 6.30 437.0
2457881.75085 15.741 0.006 7.56 466.0
2457882.75460 15.740 0.005 5.86 467.0
2457889.93403 15.752 0.006 6.17 906.0
2457893.67003 15.724 0.005 6.86 345.0
2457893.92371 15.729 0.004 4.84 438.0
2457894.81263 15.745 0.004 5.14 330.0
2457895.79522 15.728 0.004 5.11 386.0
2457901.67960 15.746 0.004 5.56 339.0
2457902.66872 15.740 0.005 6.39 311.0
2457903.76123 15.741 0.005 7.29 285.0
2457904.66225 15.737 0.004 4.87 284.0
2457904.92802 15.744 0.005 6.06 407.0
2457905.79268 15.735 0.004 4.54 347.0
2457906.68312 15.734 0.004 3.65 341.0
2457906.92947 15.739 0.005 4.73 651.0
2457907.89514 15.742 0.004 4.34 666.0
2457908.78918 15.739 0.004 4.78 387.0
2457909.65414 15.732 0.004 4.34 463.0
2457909.89591 15.745 0.004 4.33 494.0
2457910.69446 15.733 0.004 4.14 434.0
2457911.57978 15.735 0.006 6.50 729.0
2457916.54889 15.749 0.006 6.80 856.0
2457916.76063 15.736 0.004 3.65 586.0
2457917.60123 15.740 0.005 5.43 520.0
2457917.84286 15.740 0.006 6.37 635.0
2457922.56705 15.747 0.006 7.53 466.0
2457923.52106 15.744 0.005 6.95 450.0
2457923.86547 15.737 0.006 7.15 369.0
2457924.50448 15.735 0.005 6.87 482.0
2457924.89453 15.736 0.005 5.11 274.0
2457925.50563 15.733 0.006 7.69 379.0
2457925.57161 15.758 0.006 7.92 276.0
2457925.68063 15.743 0.003 4.52 84.0
2457925.78665 15.745 0.004 5.09 86.0
2457925.82479 15.739 0.004 6.31 275.0
2457925.86606 15.756 0.004 5.46 319.0
2457925.89097 15.743 0.005 6.98 354.0
2457926.75497 15.737 0.005 5.47 323.0
2457926.87283 15.748 0.005 6.76 357.0
2457928.54385 15.750 0.006 7.77 304.0
2457928.56713 15.744 0.005 6.25 334.0
2457928.60124 15.744 0.005 5.28 223.0
2457928.63364 15.736 0.005 6.35 176.0
2457928.66710 15.738 0.005 5.70 168.0
2457928.88184 15.736 0.006 7.83 443.0
2457929.57004 15.749 0.005 7.40 406.0
2457929.80013 15.738 0.005 7.52 354.0
2457932.60063 15.740 0.005 7.02 324.0
2457932.71933 15.744 0.005 5.92 290.0
2457932.84267 15.741 0.005 6.63 408.0
2457933.71450 15.745 0.005 5.93 253.0
2457934.64437 15.739 0.004 5.30 323.0
2457934.85979 15.751 0.005 6.37 320.0
2457935.73872 15.727 0.004 4.47 264.0
2457936.61656 15.723 0.004 5.07 285.0
2457936.86999 15.741 0.005 6.70 323.0
2457937.71075 15.734 0.004 4.59 313.0
2457938.63293 15.748 0.005 6.84 407.0
2457944.55111 15.735 0.005 4.70 653.0
2457944.65340 15.738 0.005 4.61 561.0
2457944.77438 15.744 0.005 4.69 595.0
2457945.57401 15.741 0.005 5.07 442.0
2457945.81120 15.727 0.004 4.40 550.0
2457946.67782 15.732 0.004 4.48 369.0
2457947.57969 15.736 0.005 5.38 328.0
2457948.48581 15.732 0.005 6.30 336.0
2457948.76932 15.740 0.005 5.32 387.0
2457949.69830 15.740 0.005 5.53 470.0
2457953.47201 15.740 0.005 6.81 486.0
2457953.74469 15.745 0.004 4.69 258.0
2457954.66390 15.747 0.004 4.81 248.0
2457956.48394 15.732 0.005 5.76 406.0
2457956.76238 15.744 0.004 4.91 311.0
2457958.61093 15.726 0.005 6.74 322.0
2457959.49489 15.737 0.004 4.95 321.0
2457959.74384 15.745 0.004 4.90 276.0
2457960.64898 15.731 0.004 5.79 242.0
2457961.63043 15.751 0.004 5.05 312.0
2457962.63563 15.731 0.004 5.08 313.0
2457964.65375 15.742 0.005 5.35 330.0
2457966.47720 15.752 0.006 8.12 480.0
2457966.72193 15.730 0.005 6.56 319.0
2457967.72883 15.736 0.005 6.93 428.0
2457971.65782 15.736 0.005 4.20 622.0
2457972.59317 15.742 0.005 5.45 576.0
2457972.70143 15.744 0.005 4.91 661.0
2457973.70202 15.750 0.006 7.53 683.0
2457974.67402 15.737 0.005 5.18 461.0
2457979.57096 15.731 0.004 4.46 335.0
2457980.63670 15.738 0.005 6.32 432.0
2457982.48603 15.740 0.005 5.28 379.0
2457983.55923 15.734 0.004 4.67 320.0
2457984.61684 15.743 0.005 5.02 304.0
2457986.53062 15.741 0.004 4.51 328.0
2457987.60750 15.736 0.004 3.93 370.0
2457991.47388 15.737 0.006 6.12 754.0
2457992.53929 15.736 0.004 4.44 326.0
2457993.60207 15.739 0.004 4.91 306.0
2457998.48414 15.740 0.005 4.57 562.0
2457998.57603 15.733 0.005 4.78 496.0
2458000.51049 15.740 0.005 6.10 479.0
2458000.61191 15.737 0.006 6.47 592.0
2458002.49213 15.745 0.006 7.52 869.0
2458004.51603 15.746 0.005 5.86 434.0
2458008.51408 15.736 0.005 5.93 360.0
2458012.49453 15.740 0.004 4.20 416.0
2458014.53307 15.742 0.004 4.60 373.0
2458016.55525 15.738 0.005 6.11 341.0
2458019.53910 15.736 0.004 3.98 346.0
2458029.53659 15.744 0.005 5.60 617.0
2458037.54015 15.735 0.006 7.32 456.0
2458039.52681 15.740 0.006 6.82 447.0
2458048.50525 15.740 0.004 4.19 414.0
2458054.51107 15.746 0.005 5.13 990.0
2458056.50618 15.748 0.006 6.89 650.0
2458156.87666 15.738 0.005 5.01 587.0
2458161.85692 15.729 0.005 6.07 399.0
2458162.86844 15.736 0.004 5.11 376.0
2458163.86272 15.722 0.005 6.14 525.0
2458165.85470 15.738 0.004 5.15 420.0
2458167.84611 15.738 0.004 5.57 395.0
2458168.86863 15.736 0.004 4.65 342.0
2458170.83688 15.738 0.004 4.79 381.0
2458171.85870 15.737 0.004 4.83 377.0
2458172.87068 15.736 0.004 4.93 402.0
2458173.89303 15.727 0.004 3.78 427.0
2458175.82707 15.740 0.004 4.73 378.0
2458176.83303 15.738 0.004 5.22 397.0
2458181.83806 15.730 0.004 4.71 605.0
2458182.89068 15.735 0.004 4.63 476.0
2458184.86208 15.728 0.004 4.47 525.0
2458185.88160 15.739 0.005 5.41 523.0
2458190.78913 15.735 0.003 4.93 210.0
2458191.91083 15.743 0.006 7.07 729.0
2458193.87752 15.733 0.004 6.00 295.0
2458195.81243 15.738 0.005 6.12 334.0
2458196.89875 15.732 0.004 4.15 292.0
2458198.78371 15.734 0.004 4.84 333.0
2458199.83613 15.728 0.004 4.57 303.0
2458201.75242 15.751 0.006 7.58 410.0
2458202.80363 15.735 0.004 4.31 365.0
2458203.85292 15.737 0.004 4.71 325.0
2458204.92015 15.730 0.005 4.68 648.0
2458206.78082 15.740 0.004 4.88 465.0
2458207.82204 15.745 0.004 4.83 452.0
2458208.84912 15.738 0.004 4.35 546.0
2458209.87730 15.730 0.004 4.78 495.0
2458210.89022 15.729 0.005 5.43 499.0
2458211.90598 15.741 0.004 4.44 513.0
2458212.89716 15.747 0.005 3.60 1769.0
2458220.75554 15.736 0.004 5.45 286.0
2458221.79724 15.730 0.004 5.16 283.0
2458222.82149 15.737 0.004 3.90 282.0
2458224.70628 15.737 0.005 6.07 390.0
2458225.88714 15.739 0.005 7.23 350.0
2458227.83250 15.734 0.004 4.95 275.0
2458228.90225 15.750 0.004 3.88 286.0
2458229.91898 15.741 0.004 4.03 313.0
2458232.79681 15.727 0.004 5.04 354.0
2458235.82654 15.739 0.004 4.26 440.0
2458238.78505 15.737 0.004 4.40 620.0
2458244.78464 15.734 0.005 4.44 943.0
2458245.84650 15.732 0.005 5.71 490.0
2458246.83760 15.732 0.004 4.87 447.0
2458247.75069 15.722 0.004 4.82 350.0
2458248.77695 15.731 0.005 7.44 393.0
2458249.88049 15.724 0.004 5.20 416.0
2458250.82456 15.730 0.004 4.31 317.0
2458251.72764 15.738 0.005 6.30 323.0
2458252.90519 15.740 0.005 5.70 430.0
2458253.84831 15.727 0.004 4.48 339.0
2458254.89098 15.735 0.004 3.50 377.0
2458255.85336 15.739 0.004 4.29 357.0
2458256.76784 15.749 0.005 5.80 337.0
2458257.72236 15.731 0.004 5.19 293.0
2458258.71891 15.737 0.004 4.81 294.0
2458259.69804 15.738 0.004 4.88 372.0
2458260.62828 15.733 0.004 4.29 401.0
2458261.75900 15.736 0.004 4.70 301.0
2458262.75218 15.731 0.004 5.06 317.0
2458263.69611 15.727 0.004 4.50 358.0
2458264.72602 15.728 0.004 4.75 508.0
2458265.63824 15.735 0.005 5.60 640.0
2458266.63633 15.732 0.005 5.96 735.0
2458271.70010 15.736 0.006 5.91 998.0
2458272.71543 15.730 0.004 5.25 425.0
2458273.58386 15.736 0.004 5.36 372.0
2458273.85305 15.737 0.004 5.38 398.0
2458274.69438 15.723 0.005 6.10 324.0
2458275.59165 15.735 0.004 4.89 398.0
2458275.87006 15.725 0.005 5.23 437.0
2458276.73876 15.730 0.004 4.64 314.0
2458277.67224 15.729 0.004 4.29 285.0
2458277.92249 15.734 0.004 4.84 472.0
2458282.56159 15.727 0.004 5.25 363.0
2458282.84220 15.727 0.004 4.54 325.0
2458283.67618 15.724 0.004 4.87 276.0
2458284.52818 15.730 0.005 6.21 441.0
2458284.78813 15.727 0.004 4.00 269.0
2458286.54211 15.708 0.004 5.94 301.0
2458286.83305 15.735 0.004 5.32 286.0
2458287.69862 15.733 0.004 4.34 226.0
2458288.56787 15.736 0.004 5.29 313.0
2458288.86144 15.742 0.005 5.65 402.0
2458289.73191 15.734 0.004 5.00 281.0
2458290.61295 15.734 0.004 5.05 341.0
2458291.54832 15.732 0.004 4.57 785.0
2458291.85187 15.745 0.004 4.88 392.0
2458292.72858 15.746 0.004 4.58 365.0
2458293.65209 15.724 0.004 5.45 395.0
2458294.69718 15.732 0.006 7.02 493.0
2458301.79014 15.738 0.005 6.13 472.0
2458304.56565 15.722 0.006 7.81 366.0
2458305.57010 15.720 0.005 7.26 331.0
2458305.84105 15.714 0.005 6.28 422.0
2458306.81847 15.714 0.005 6.23 388.0
2458307.69362 15.712 0.004 4.49 265.0
2458308.55788 15.717 0.004 5.30 264.0
2458308.82243 15.727 0.005 5.87 383.0
2458309.69841 15.713 0.004 3.72 250.0
2458310.55223 15.708 0.004 5.93 297.0
2458310.73886 15.720 0.004 6.10 317.0
2458311.60840 15.700 0.004 5.86 267.0
2458312.49612 15.698 0.004 5.76 384.0
2458312.77537 15.695 0.003 3.79 281.0
2458313.64367 15.690 0.004 4.03 265.0
2458314.52795 15.678 0.004 5.08 316.0
2458314.78334 15.679 0.004 4.65 297.0
2458316.65931 15.654 0.005 6.54 309.0
2458320.62826 15.572 0.004 4.78 339.0
2458321.54721 15.544 0.004 5.39 455.0
2458328.64193 15.191 0.004 6.14 517.0
2458329.56714 15.119 0.003 5.66 468.0
2458330.49965 15.058 0.003 5.16 470.0
2458331.61245 15.007 0.003 5.89 333.0
2458332.63067 15.033 0.003 6.37 389.0
2458333.63720 15.084 0.003 4.26 284.0
2458334.65372 15.171 0.003 4.46 294.0
2458336.52123 15.307 0.003 5.20 299.0
2458338.55055 15.431 0.004 6.83 329.0
2458339.60715 15.486 0.003 4.65 238.0
2458340.74085 15.537 0.004 5.28 279.0
2458342.52384 15.585 0.004 5.25 298.0
2458344.55210 15.628 0.004 4.64 275.0
2458345.61238 15.650 0.004 4.73 275.0
2458346.73754 15.664 0.004 3.98 254.0
2458348.52655 15.681 0.005 6.59 380.0
2458349.71876 15.688 0.005 5.42 854.0
2458355.53831 15.715 0.005 5.86 471.0
2458356.68537 15.704 0.004 3.89 581.0
2458358.58067 15.724 0.004 4.45 455.0
2458359.67794 15.724 0.005 6.18 510.0
2458361.61045 15.730 0.005 7.08 325.0
2458364.59564 15.725 0.004 4.15 330.0
2458367.56497 15.741 0.004 4.40 310.0
2458369.51186 15.733 0.004 4.93 345.0
2458371.47774 15.720 0.004 3.99 704.0
2458372.65076 15.735 0.005 5.44 410.0
2458375.62796 15.743 0.005 6.84 337.0
2458377.55331 15.727 0.005 6.00 667.0
2458382.52836 15.738 0.004 3.88 531.0
2458383.50375 15.735 0.005 4.78 550.0
2458383.59678 15.729 0.005 5.42 640.0
2458384.55083 15.748 0.004 3.90 542.0
2458384.62652 15.727 0.004 4.26 647.0
2458385.57097 15.724 0.004 3.52 516.0
2458386.50349 15.736 0.004 4.20 532.0
2458390.51630 15.742 0.005 6.07 424.0
2458392.57724 15.741 0.004 4.78 388.0
2458393.53757 15.742 0.005 6.76 327.0
2458394.50504 15.736 0.005 6.14 381.0
2458397.54646 15.739 0.004 4.80 324.0
2458399.50617 15.744 0.005 6.47 356.0
2458401.56974 15.732 0.004 4.80 431.0
2458409.51215 15.748 0.006 7.57 592.0
2458410.54986 15.736 0.005 5.23 604.0
2458412.54117 15.731 0.005 5.54 589.0
2458414.53048 15.741 0.006 5.59 677.0
2458416.52688 15.749 0.006 7.15 773.0
