2457424.88047 19.681 0.095 4.48 728.0
2457425.87649 19.593 0.096 5.20 571.0
2457427.86470 19.568 0.138 7.43 461.0
2457428.85565 19.535 0.078 5.22 439.0
2457429.86171 19.844 0.111 4.92 486.0
2457431.88486 19.916 0.102 4.07 515.0
2457432.85456 19.731 0.097 5.00 425.0
2457433.85272 19.898 0.121 5.49 404.0
2457434.84481 19.861 0.146 5.69 573.0
2457435.86816 19.679 0.108 5.86 476.0
2457438.84822 19.700 0.109 5.49 513.0
2457441.83421 19.640 0.132 6.16 705.0
2457443.85825 19.864 0.133 4.94 575.0
2457444.83765 19.544 0.091 5.22 522.0
2457445.85397 19.504 0.077 4.74 488.0
2457447.87603 19.786 0.098 4.61 430.0
2457451.85599 19.754 0.132 4.39 1129.0
2457453.84619 19.486 0.056 3.99 364.0
2457456.80810 19.662 0.114 5.91 441.0
2457458.81979 19.379 0.065 4.78 390.0
2457461.81964 19.650 0.067 4.10 347.0
2457463.86492 19.847 0.084 4.14 336.0
2457466.86295 19.632 0.078 4.67 446.0
2457470.82458 19.858 0.146 5.65 547.0
2457472.75470 20.023 0.163 5.41 633.0
2457474.77580 19.472 0.088 5.22 579.0
2457484.74523 19.717 0.116 6.38 345.0
2457485.86871 19.642 0.067 4.34 310.0
2457487.77624 19.558 0.083 5.43 382.0
2457488.90153 19.651 0.065 3.69 434.0
2457491.91010 19.835 0.073 4.03 301.0
2457492.90118 19.604 0.076 5.33 357.0
2457493.88869 19.745 0.072 4.48 276.0
2457494.88626 19.538 0.064 4.30 363.0
2457495.85366 19.725 0.090 5.10 351.0
2457498.74943 19.477 0.090 5.16 522.0
2457499.74210 19.860 0.129 5.41 546.0
2457500.68411 19.651 0.121 5.13 758.0
2457500.88538 19.381 0.084 5.24 571.0
2457508.71419 19.541 0.052 3.48 340.0
2457508.72821 19.743 0.060 3.44 328.0
2457509.81921 19.511 0.076 5.18 358.0
2457511.89315 19.704 0.082 4.70 403.0
2457522.82261 19.984 0.228 7.80 434.0
2457526.69969 19.724 0.123 5.94 496.0
2457528.93233 19.534 0.112 5.41 672.0
2457534.71675 19.881 0.127 5.81 471.0
2457536.71738 19.679 0.092 5.27 364.0
2457545.86995 19.689 0.086 4.78 377.0
2457546.89359 19.743 0.119 5.33 528.0
2457547.84509 19.870 0.105 5.23 306.0
2457549.75003 19.649 0.069 4.90 246.0
2457550.74672 19.665 0.077 4.88 346.0
2457554.66742 19.607 0.073 4.65 350.0
2457555.79712 19.609 0.088 5.13 422.0
2457557.74973 19.557 0.098 5.15 675.0
2457561.53826 19.733 0.165 6.49 831.0
2457562.55008 19.573 0.110 5.76 604.0
2457566.75826 19.930 0.122 5.65 378.0
2457567.70132 19.933 0.107 4.94 386.0
2457568.68681 19.532 0.078 5.54 283.0
2457569.71728 19.701 0.107 6.20 334.0
2457576.50982 19.641 0.074 5.00 349.0
2457577.56444 19.768 0.123 6.64 382.0
2457583.76117 19.715 0.123 6.46 363.0
2457584.81102 20.138 0.215 6.73 540.0
2457590.48909 19.628 0.109 5.44 626.0
2457591.54253 19.869 0.165 5.60 743.0
2457595.51718 19.816 0.173 7.92 344.0
2457599.73814 19.365 0.068 4.63 311.0
2457602.52285 19.728 0.136 6.80 340.0
2457603.58425 19.694 0.078 5.14 261.0
2457604.59021 19.674 0.089 5.62 267.0
2457605.63301 19.578 0.092 6.03 288.0
2457607.58850 19.635 0.097 6.18 271.0
2457608.69842 19.646 0.072 4.25 312.0
2457610.53895 19.799 0.122 6.29 338.0
2457612.55220 19.587 0.144 4.91 1310.0
2457616.61335 19.647 0.092 4.60 593.0
2457621.57196 19.430 0.086 5.81 429.0
2457623.49331 19.734 0.100 5.46 364.0
2457624.65606 19.664 0.106 6.39 307.0
2457626.66632 19.768 0.096 4.88 332.0
2457631.66139 19.513 0.064 4.73 317.0
2457634.57656 20.009 0.160 6.77 274.0
2457637.57385 19.835 0.084 4.88 293.0
2457648.50342 19.372 0.101 6.28 482.0
2457651.56475 19.507 0.083 5.28 475.0
2457654.49279 19.674 0.117 6.57 404.0
2457656.60100 19.858 0.125 5.61 423.0
2457660.48787 19.520 0.123 6.59 505.0
2457798.87896 19.631 0.096 4.87 525.0
2457803.85962 19.894 0.168 4.50 1204.0
2457809.90643 19.900 0.254 5.27 1915.0
2457813.81992 19.636 0.102 5.21 500.0
2457816.87825 19.607 0.070 4.62 339.0
2457819.81081 19.800 0.111 5.55 378.0
2457821.87806 20.106 0.166 5.65 415.0
2457824.82413 19.820 0.183 6.58 645.0
2457826.83544 19.665 0.107 4.94 607.0
2457828.85276 19.520 0.073 4.40 493.0
2457830.89962 19.794 0.146 4.55 1254.0
2457836.76605 19.651 0.134 7.02 368.0
2457838.75773 19.704 0.103 5.59 379.0
2457840.76453 19.941 0.118 5.61 321.0
2457842.73964 19.366 0.083 6.36 325.0
2457843.88977 19.828 0.099 5.65 263.0
2457845.83237 19.661 0.069 4.67 284.0
2457847.77355 19.721 0.091 5.13 309.0
2457848.92339 19.562 0.088 4.77 555.0
2457850.82830 19.589 0.072 4.86 314.0
2457852.84359 19.634 0.127 6.93 367.0
2457854.89051 19.504 0.082 4.94 492.0
2457856.80953 19.789 0.146 5.91 539.0
2457858.80084 19.809 0.104 4.58 540.0
2457863.76200 19.780 0.114 5.92 326.0
2457864.71907 19.539 0.064 4.66 308.0
2457865.86127 19.643 0.075 4.73 367.0
2457867.72328 19.508 0.061 4.54 313.0
2457868.92620 19.883 0.158 6.57 397.0
2457870.80005 19.563 0.060 4.37 284.0
2457872.67414 19.640 0.074 4.51 360.0
2457873.79991 19.573 0.053 3.74 288.0
2457874.89172 19.642 0.069 3.98 395.0
2457876.80125 19.628 0.063 3.95 345.0
2457877.88742 19.513 0.074 4.06 455.0
2457880.92145 19.822 0.183 6.95 467.0
2457882.86316 19.595 0.112 5.47 606.0
2457893.63598 19.922 0.178 7.31 405.0
2457895.64523 19.481 0.074 5.19 492.0
2457901.78307 19.624 0.078 4.83 411.0
2457902.90659 19.825 0.176 6.67 510.0
2457904.65736 19.529 0.084 5.85 311.0
2457905.62423 19.538 0.075 5.16 344.0
2457906.58787 19.749 0.120 5.86 470.0
2457907.60986 19.645 0.099 5.09 629.0
2457908.68279 19.531 0.073 4.53 421.0
2457909.61492 19.647 0.097 4.86 548.0
2457910.87990 19.645 0.084 4.23 591.0
2457911.76220 19.656 0.157 6.67 618.0
2457916.78251 19.591 0.079 3.71 665.0
2457917.77428 19.810 0.111 4.91 515.0
2457923.65753 19.896 0.131 6.03 346.0
2457924.61913 19.787 0.087 4.29 333.0
2457925.64313 19.533 0.063 4.68 298.0
2457926.71171 19.684 0.093 5.62 336.0
2457932.69922 19.728 0.135 6.86 340.0
2457933.68109 19.857 0.135 6.74 257.0
2457935.71561 19.482 0.067 4.52 279.0
2457936.71237 19.651 0.080 5.06 287.0
2457937.67659 19.478 0.083 5.70 353.0
2457944.50153 19.832 0.145 5.44 727.0
2457944.80514 19.853 0.180 6.24 766.0
2457945.72474 19.715 0.077 4.05 433.0
2457946.68552 19.868 0.099 4.53 375.0
2457947.74817 19.957 0.170 6.69 391.0
2457948.74662 19.571 0.074 4.48 411.0
2457952.67694 19.556 0.077 4.76 305.0
2457953.70050 19.677 0.075 5.03 249.0
2457954.73390 19.582 0.066 4.38 357.0
2457956.70453 19.766 0.090 4.86 304.0
2457958.64111 19.521 0.088 6.02 289.0
2457959.66719 19.608 0.056 4.02 264.0
2457960.70697 19.532 0.066 4.85 300.0
2457964.67713 19.439 0.077 4.95 415.0
2457966.61878 19.745 0.128 6.59 322.0
2457972.56972 20.010 0.215 6.62 604.0
2457973.71042 19.572 0.154 6.80 734.0
2457980.61336 19.770 0.137 6.12 437.0
2457982.57545 19.812 0.097 4.51 327.0
2457984.52678 19.624 0.115 6.30 329.0
2457986.56631 19.653 0.062 4.02 300.0
2457990.53820 19.748 0.104 5.21 386.0
2457992.51566 19.721 0.087 4.73 361.0
2457994.49530 19.465 0.129 5.51 1013.0
2457998.61992 19.630 0.104 4.82 626.0
2458001.60863 19.871 0.112 4.77 551.0
2458004.61167 19.513 0.104 5.82 495.0
2458011.54434 19.667 0.146 6.91 410.0
2458014.57271 19.468 0.075 4.82 402.0
2458018.50961 19.651 0.094 5.36 381.0
2458165.86905 19.589 0.071 4.25 437.0
2458170.84006 19.692 0.087 4.82 410.0
2458173.88199 19.586 0.066 3.84 430.0
2458181.82380 19.848 0.121 4.60 660.0
2458184.86379 19.904 0.128 4.71 576.0
2458190.82789 19.601 0.075 4.81 338.0
2458193.79044 19.624 0.085 5.75 326.0
2458195.85194 19.719 0.080 4.51 328.0
2458197.89020 19.564 0.053 3.41 324.0
2458200.77234 19.558 0.095 6.09 407.0
2458202.76602 19.575 0.077 4.84 418.0
2458204.74323 19.714 0.161 6.92 546.0
2458207.87660 19.628 0.064 3.79 393.0
2458209.82424 19.391 0.061 3.92 517.0
2458212.84335 19.826 0.119 3.44 1229.0
2458220.81101 19.760 0.079 5.14 270.0
2458222.75078 19.726 0.074 4.70 301.0
2458224.74524 19.637 0.085 4.84 365.0
2458227.70034 19.889 0.117 5.69 355.0
2458228.89470 19.648 0.058 3.66 287.0
2458230.76548 19.741 0.082 4.95 311.0
2458235.72598 19.911 0.133 5.29 513.0
2458238.85083 19.614 0.099 4.37 723.0
2458245.77425 20.061 0.175 5.72 480.0
2458246.87685 19.506 0.080 4.65 484.0
2458249.88835 19.802 0.125 5.75 446.0
2458252.89766 19.690 0.108 5.56 426.0
2458254.69069 19.508 0.056 4.16 313.0
2458255.76638 19.592 0.058 4.01 317.0
2458256.81022 19.809 0.125 5.74 397.0
2458257.86188 19.846 0.098 4.65 372.0
2458259.70758 19.663 0.077 4.53 382.0
2458260.91895 19.829 0.100 4.23 566.0
2458262.72843 19.571 0.063 4.40 307.0
2458263.78321 19.553 0.061 4.03 377.0
2458264.91013 19.804 0.106 4.55 539.0
2458266.68329 19.491 0.113 5.81 647.0
2458271.82669 19.543 0.138 5.41 1172.0
2458272.92241 19.681 0.101 4.68 565.0
2458273.88816 19.461 0.072 4.61 428.0
2458274.88269 19.446 0.089 5.27 592.0
2458275.89429 19.795 0.109 4.64 544.0
2458276.87998 19.600 0.112 6.02 477.0
2458278.55246 19.611 0.095 5.69 446.0
2458282.69248 19.625 0.052 3.84 245.0
2458283.68416 19.677 0.096 6.06 298.0
2458284.64564 19.595 0.067 4.50 317.0
2458285.78846 19.667 0.084 4.88 316.0
2458286.89774 19.855 0.107 4.89 403.0
2458288.52998 19.660 0.103 5.97 392.0
2458289.54149 19.746 0.095 5.23 403.0
2458290.55439 19.548 0.083 4.78 444.0
2458291.59760 19.439 0.083 4.76 710.0
2458292.60480 19.783 0.097 4.80 388.0
2458293.61423 19.769 0.116 5.54 452.0
2458294.69959 19.935 0.215 7.14 691.0
2458294.82962 20.013 0.249 6.98 827.0
2458301.75686 19.665 0.155 7.27 559.0
2458304.67089 19.679 0.121 6.73 368.0
2458305.77371 19.768 0.174 7.67 356.0
2458307.47966 19.899 0.124 5.46 462.0
2458308.47074 19.385 0.101 6.53 484.0
2458308.81789 19.421 0.097 6.40 411.0
2458309.80074 19.654 0.085 4.93 360.0
2458310.69504 19.538 0.063 4.62 315.0
2458311.67423 19.656 0.072 4.56 277.0
2458312.68236 19.516 0.055 4.15 272.0
2458313.67567 19.439 0.051 3.97 290.0
2458314.67316 19.491 0.059 3.89 325.0
2458316.66704 19.698 0.108 6.08 311.0
2458320.71665 19.531 0.067 4.64 326.0
2458328.58494 19.522 0.083 4.76 512.0
2458329.64016 19.466 0.085 5.51 462.0
2458331.54515 19.373 0.052 4.33 295.0
2458332.66969 19.387 0.072 5.06 417.0
2458334.57085 19.390 0.066 5.05 365.0
2458336.57373 19.273 0.054 4.88 264.0
2458339.47561 19.075 0.052 5.01 415.0
2458340.73102 19.247 0.056 4.83 291.0
2458342.65428 19.191 0.066 5.57 332.0
2458345.54187 18.899 0.050 4.37 406.0
2458347.50893 18.902 0.032 4.33 288.0
2458355.56343 17.897 0.020 4.78 468.0
2458357.67523 17.139 0.011 4.09 569.0
2458359.68558 16.167 0.006 5.39 554.0
2458363.67190 17.955 0.019 5.65 274.0
2458367.52519 18.542 0.034 4.65 342.0
2458369.61274 18.798 0.037 4.37 335.0
2458372.52006 19.049 0.060 5.41 351.0
2458376.50233 19.227 0.083 6.67 380.0
2458381.50492 19.338 0.123 5.36 1170.0
2458383.53530 19.417 0.082 4.63 574.0
2458385.52559 19.398 0.054 3.01 547.0
2458392.49277 19.716 0.148 6.85 378.0
2458394.50797 20.205 0.208 5.96 399.0
2458397.54938 19.587 0.093 5.61 344.0
2458409.51356 20.117 0.256 7.06 647.0
