2455260.87825 18.490 0.032 4.00 725.0
2455261.80922 18.397 0.032 4.18 704.0
2455262.84681 18.404 0.078 5.37 2812.0
2455265.86364 18.442 0.032 3.87 810.0
2455266.81005 18.477 0.034 4.97 575.0
2455267.83727 18.437 0.032 4.85 527.0
2455268.83970 18.471 0.031 4.63 519.0
2455269.80339 18.479 0.030 4.65 526.0
2455270.80907 18.503 0.030 4.20 510.0
2455271.80389 18.435 0.033 4.94 576.0
2455272.80976 18.404 0.037 5.93 521.0
2455273.79475 18.392 0.033 5.41 517.0
2455274.81322 18.404 0.032 5.05 533.0
2455275.79957 18.353 0.036 5.03 683.0
2455276.77774 18.396 0.034 5.19 541.0
2455276.90522 18.475 0.030 3.97 537.0
2455277.81428 18.514 0.055 6.71 571.0
2455278.80985 18.444 0.035 5.48 538.0
2455279.81112 18.434 0.050 7.14 544.0
2455280.81773 18.424 0.030 4.45 543.0
2455281.79765 18.536 0.031 4.23 522.0
2455282.82037 18.402 0.029 3.59 626.0
2455283.78049 18.483 0.037 4.41 749.0
2455283.87179 18.489 0.029 3.66 588.0
2455284.78608 18.439 0.042 5.28 854.0
2455285.77693 18.479 0.045 5.02 957.0
2455285.90692 18.472 0.035 4.23 758.0
2455286.79253 18.339 0.047 5.81 879.0
2455287.84571 18.455 0.031 3.37 759.0
2455288.77110 18.419 0.039 4.36 898.0
2455289.82296 18.494 0.038 4.58 826.0
2455293.85091 18.406 0.030 4.14 547.0
2455294.75870 18.433 0.029 4.42 487.0
2455294.79578 18.440 0.025 3.81 446.0
2455294.83317 18.469 0.025 3.64 455.0
2455294.86327 18.463 0.023 3.27 459.0
2455294.90429 18.449 0.026 3.75 486.0
2455295.76018 18.446 0.027 4.44 456.0
2455295.79865 18.409 0.028 4.51 447.0
2455295.83661 18.486 0.029 4.60 460.0
2455295.87476 18.452 0.024 3.55 448.0
2455295.91378 18.457 0.028 4.00 504.0
2455296.80377 18.428 0.025 3.91 463.0
2455296.83824 18.480 0.024 3.43 449.0
2455296.87602 18.447 0.023 3.25 450.0
2455297.75708 18.442 0.028 4.28 503.0
2455297.79708 18.431 0.026 3.95 482.0
2455297.83498 18.421 0.025 3.92 455.0
2455297.87301 18.411 0.024 3.71 445.0
2455297.91195 18.410 0.029 5.31 517.0
2455298.79790 18.445 0.028 4.31 492.0
2455298.83565 18.439 0.028 4.16 488.0
2455298.87386 18.430 0.023 3.53 466.0
2455298.91336 18.464 0.028 3.77 517.0
2455299.74473 18.491 0.028 4.72 457.0
2455299.82008 18.442 0.023 3.97 446.0
2455299.85805 18.368 0.023 4.05 447.0
2455299.89849 18.434 0.026 4.52 486.0
2455300.85350 18.414 0.026 3.82 476.0
2455300.89413 18.500 0.030 4.06 524.0
2455301.74918 18.451 0.031 4.91 501.0
2455301.78685 18.499 0.030 4.57 498.0
2455301.82415 18.502 0.031 4.47 504.0
2455301.86240 18.435 0.034 5.37 521.0
2455301.90261 18.314 0.043 7.01 570.0
2455303.91013 18.443 0.035 5.19 555.0
2455304.74716 18.415 0.039 5.71 638.0
2455306.68279 18.401 0.033 5.43 566.0
2455306.71988 18.484 0.029 4.36 526.0
2455306.78422 18.463 0.027 4.06 475.0
2455306.84748 18.452 0.027 4.24 492.0
2455306.88739 18.460 0.026 3.65 493.0
2455306.92540 18.445 0.029 3.69 664.0
2455307.73328 18.445 0.033 4.82 536.0
2455307.79690 18.478 0.026 3.64 505.0
2455307.83490 18.434 0.029 4.24 554.0
2455307.87610 18.457 0.026 3.68 541.0
2455307.91372 18.399 0.028 4.41 565.0
2455308.72573 18.452 0.034 5.23 543.0
2455308.78701 18.450 0.026 3.62 479.0
2455308.82447 18.438 0.027 4.24 457.0
2455308.86485 18.465 0.029 4.26 479.0
2455309.69919 18.343 0.036 5.57 629.0
2455309.79213 18.430 0.027 3.99 489.0
2455309.83464 18.450 0.026 4.01 476.0
2455309.87935 18.412 0.026 3.81 511.0
2455309.91680 18.423 0.027 4.07 534.0
2455310.68415 18.500 0.041 5.75 685.0
2455310.76801 18.462 0.035 5.25 541.0
2455310.83039 18.397 0.025 4.26 488.0
2455310.91416 18.412 0.026 3.70 511.0
2455311.80443 18.453 0.033 4.85 554.0
2455311.86282 18.432 0.030 4.58 512.0
2455311.90765 18.410 0.031 4.40 568.0
2455312.73325 18.441 0.038 5.26 687.0
2455312.77435 18.336 0.036 5.43 645.0
2455312.81348 18.425 0.035 4.88 638.0
2455312.85803 18.449 0.035 4.70 672.0
2455312.89761 18.499 0.035 5.00 566.0
2455313.92390 18.428 0.042 5.21 813.0
2455314.69675 18.408 0.044 5.12 1110.0
2455314.73712 18.440 0.042 4.88 965.0
2455314.77711 18.398 0.040 5.08 924.0
2455314.82064 18.419 0.032 4.15 840.0
2455314.87207 18.439 0.040 4.67 919.0
2455314.90946 18.398 0.036 4.63 928.0
2455315.67498 18.486 0.059 5.98 1259.0
2455315.71825 18.454 0.056 5.82 1086.0
2455315.76025 18.446 0.043 5.02 955.0
2455315.79765 18.432 0.036 4.19 955.0
2455315.83691 18.422 0.047 5.43 993.0
2455315.87855 18.474 0.047 5.06 1027.0
2455315.91783 18.448 0.053 5.86 1162.0
2455316.71331 18.549 0.055 5.43 1034.0
2455316.75639 18.382 0.054 6.23 973.0
2455316.79339 18.408 0.053 6.25 927.0
2455316.83725 18.437 0.053 5.78 1012.0
2455319.80938 18.503 0.040 3.42 1440.0
2455319.85339 18.445 0.041 4.09 1273.0
2455319.89767 18.412 0.047 4.05 1964.0
2455319.93507 18.420 0.065 4.44 3722.0
2455320.67300 18.442 0.048 5.34 1273.0
2455320.71538 18.452 0.039 5.03 805.0
2455320.75407 18.420 0.040 4.94 865.0
2455320.79176 18.490 0.036 4.38 795.0
2455320.83245 18.428 0.033 4.48 760.0
2455320.87328 18.454 0.037 4.56 885.0
2455320.91278 18.393 0.034 4.26 890.0
2455321.67065 18.345 0.047 6.52 726.0
2455321.73853 18.415 0.033 4.71 662.0
2455321.77827 18.395 0.030 4.40 644.0
2455321.81626 18.436 0.036 5.40 657.0
2455321.85799 18.425 0.031 4.50 650.0
2455321.89535 18.485 0.033 4.46 681.0
2455321.93246 18.399 0.042 4.65 1099.0
2455322.82388 18.516 0.033 4.15 792.0
2455322.86646 18.409 0.031 4.54 680.0
2455322.89169 18.391 0.038 4.52 1186.0
2455322.93201 18.411 0.034 4.27 948.0
2455323.71613 18.520 0.041 5.66 629.0
2455323.75617 18.409 0.031 4.75 604.0
2455323.79551 18.395 0.029 4.51 603.0
2455323.83748 18.470 0.033 4.72 673.0
2455323.87638 18.415 0.032 4.32 713.0
2455323.91384 18.472 0.039 5.07 770.0
2455324.65494 18.425 0.040 5.72 621.0
2455324.71982 18.452 0.034 4.74 568.0
2455324.75719 18.528 0.036 4.54 547.0
2455324.79564 18.333 0.038 6.21 572.0
2455324.83633 18.404 0.036 5.44 588.0
2455324.87371 18.452 0.034 4.80 621.0
2455324.91436 18.410 0.030 4.55 633.0
2455325.65024 18.443 0.031 4.04 622.0
2455325.71024 18.456 0.031 4.47 512.0
2455325.74821 18.435 0.029 4.36 491.0
2455325.78541 18.475 0.031 4.21 478.0
2455325.82726 18.440 0.029 4.58 523.0
2455325.87236 18.400 0.032 5.08 552.0
2455325.91116 18.422 0.037 5.85 594.0
2455326.62165 18.485 0.059 7.56 673.0
2455326.68530 18.442 0.034 4.98 508.0
2455326.74613 18.503 0.033 4.55 498.0
2455326.78378 18.446 0.024 3.41 461.0
2455326.82346 18.518 0.031 4.12 523.0
2455326.86115 18.452 0.034 4.94 570.0
2455326.89957 18.422 0.032 4.09 624.0
2455327.62525 18.451 0.029 4.14 511.0
2455327.69963 18.472 0.032 4.48 485.0
2455327.77083 18.475 0.033 4.36 487.0
2455327.80982 18.420 0.033 4.61 519.0
2455327.84800 18.498 0.031 4.00 553.0
2455327.88707 18.446 0.033 4.64 617.0
2455327.92491 18.407 0.032 4.20 660.0
2455328.62151 18.389 0.033 4.38 673.0
2455328.72662 18.453 0.030 4.16 516.0
2455328.76530 18.479 0.027 3.40 527.0
2455328.80275 18.409 0.030 4.38 549.0
2455328.84358 18.451 0.031 4.22 549.0
2455328.88132 18.454 0.032 3.89 592.0
2455328.91896 18.441 0.030 4.02 635.0
2455329.71920 18.415 0.032 5.06 501.0
2455334.67032 18.376 0.050 7.68 599.0
2455334.75038 18.460 0.031 4.58 512.0
2455334.80713 18.404 0.030 5.00 504.0
2455334.84856 18.438 0.034 5.48 536.0
2455334.88901 18.435 0.039 5.90 591.0
2455334.92679 18.459 0.041 6.09 590.0
2455335.73213 18.496 0.025 3.36 504.0
2455335.77139 18.410 0.037 5.64 545.0
2455335.81210 18.481 0.031 4.63 537.0
2455335.85054 18.465 0.033 5.01 549.0
2455335.88816 18.422 0.039 5.46 624.0
2455335.92717 18.399 0.033 4.88 614.0
2455336.80546 18.441 0.030 4.09 561.0
2455336.89712 18.425 0.039 5.35 661.0
2455336.93471 18.499 0.044 5.03 757.0
2455337.78152 18.458 0.030 4.24 522.0
2455337.82130 18.431 0.034 4.97 581.0
2455337.85970 18.402 0.040 5.89 674.0
2455337.89752 18.369 0.038 5.36 712.0
2455337.93594 18.437 0.050 5.66 1018.0
2455338.77915 18.379 0.042 6.02 658.0
2455338.82178 18.532 0.051 6.09 710.0
2455338.87848 18.454 0.056 7.04 725.0
2455339.65632 18.437 0.046 6.18 755.0
2455339.69427 18.403 0.040 5.36 733.0
2455339.76090 18.418 0.028 3.65 673.0
2455339.85364 18.441 0.044 5.65 779.0
2455339.89374 18.388 0.055 7.01 831.0
2455339.93168 18.493 0.047 5.68 911.0
2455340.64033 18.423 0.059 7.01 927.0
2455340.67970 18.439 0.049 6.13 828.0
2455340.76598 18.451 0.043 5.67 711.0
2455340.82233 18.419 0.049 6.12 882.0
2455340.86097 18.488 0.047 5.91 751.0
2455340.89877 18.374 0.049 6.36 855.0
2455340.93644 18.486 0.051 5.87 954.0
2455341.61087 18.433 0.038 4.99 869.0
2455341.68407 18.362 0.032 4.42 700.0
2455341.79166 18.509 0.035 4.13 732.0
2455341.83013 18.466 0.032 3.98 741.0
2455341.86791 18.503 0.037 4.60 770.0
2455341.90821 18.373 0.033 4.53 720.0
2455342.58240 18.459 0.063 6.71 1198.0
2455342.61980 18.418 0.043 4.94 960.0
2455342.65749 18.482 0.045 5.15 851.0
2455342.69488 18.434 0.038 4.74 785.0
2455342.73306 18.441 0.034 4.39 757.0
2455342.77638 18.454 0.044 5.51 801.0
2455342.81558 18.405 0.042 5.62 831.0
2455342.85370 18.405 0.037 4.94 833.0
2455342.89133 18.426 0.042 5.37 893.0
2455342.92921 18.459 0.057 7.07 829.0
2455343.60063 18.512 0.062 5.93 1337.0
2455343.63826 18.360 0.046 5.36 1099.0
2455343.67592 18.524 0.050 5.16 1029.0
2455343.71371 18.422 0.038 4.35 921.0
2455343.75170 18.463 0.037 4.43 876.0
2455343.79240 18.389 0.039 5.04 966.0
2455343.83137 18.386 0.040 4.91 989.0
2455343.88218 18.455 0.049 5.35 1101.0
2455343.92005 18.507 0.049 4.97 1169.0
2455348.61837 18.443 0.045 5.56 906.0
2455348.71314 18.399 0.045 4.51 1317.0
2455348.77866 18.438 0.037 5.24 611.0
2455348.81659 18.329 0.037 5.65 654.0
2455348.86076 18.458 0.035 4.45 713.0
2455349.61572 18.288 0.048 6.85 802.0
2455350.62951 18.350 0.045 7.06 545.0
2455350.66749 18.351 0.044 6.77 592.0
2455350.70485 18.431 0.038 5.52 554.0
2455350.74577 18.294 0.036 4.98 998.0
2455351.61103 18.440 0.042 6.25 535.0
2455351.67625 18.440 0.032 5.10 468.0
2455351.75942 18.458 0.035 4.92 621.0
2455351.84384 18.421 0.036 5.17 669.0
2455351.90218 18.427 0.042 5.68 771.0
2455352.62487 18.395 0.038 5.50 583.0
2455352.68773 18.434 0.027 3.85 458.0
2455352.77368 18.469 0.035 4.71 577.0
2455352.85640 18.434 0.034 4.27 684.0
2455352.89855 18.438 0.038 4.66 750.0
2455353.57903 18.444 0.036 4.56 611.0
2455353.66185 18.426 0.029 4.08 491.0
2455353.74197 18.484 0.029 3.88 516.0
2455353.79341 18.400 0.028 3.96 533.0
2455353.83114 18.406 0.031 4.09 594.0
2455354.59705 18.544 0.037 4.45 569.0
2455354.68687 18.463 0.033 4.63 507.0
2455354.78387 18.352 0.030 4.46 555.0
2455354.84291 18.445 0.035 4.04 660.0
2455354.88310 18.473 0.045 4.98 762.0
2455354.92159 18.461 0.047 5.83 815.0
2455355.62738 18.458 0.035 4.98 592.0
2455355.71172 18.447 0.030 4.49 547.0
2455355.79893 18.405 0.034 5.17 629.0
2455355.83956 18.429 0.037 5.00 680.0
2455355.88487 18.368 0.053 6.86 803.0
2455357.62603 18.458 0.036 5.30 570.0
2455357.71100 18.473 0.030 4.53 500.0
2455357.80357 18.345 0.040 6.26 555.0
2455357.88496 18.426 0.040 5.59 669.0
2455358.68008 18.440 0.030 5.05 439.0
2455358.77318 18.477 0.041 5.64 546.0
2455359.59453 18.473 0.048 6.27 753.0
2455359.69053 18.434 0.034 5.03 558.0
2455359.73881 18.491 0.038 5.43 591.0
2455359.78751 18.466 0.032 4.66 594.0
2455359.83156 18.458 0.036 5.05 632.0
2455359.87131 18.470 0.047 6.18 692.0
2455361.63739 18.448 0.047 6.85 564.0
2455361.68339 18.507 0.041 6.61 452.0
2455362.59800 18.440 0.040 5.60 722.0
2455362.69729 18.410 0.031 4.32 639.0
2455362.79915 18.403 0.036 5.73 603.0
2455362.89285 18.392 0.045 6.40 734.0
2455364.53669 18.412 0.046 6.57 686.0
2455364.58113 18.389 0.030 4.76 528.0
2455364.66841 18.394 0.030 4.82 496.0
2455364.76383 18.410 0.034 5.32 520.0
2455364.80498 18.421 0.041 6.45 510.0
2455364.84445 18.468 0.041 6.20 522.0
2455364.88441 18.422 0.042 6.23 564.0
2455365.55395 18.433 0.044 6.03 764.0
2455365.60132 18.390 0.035 5.26 582.0
2455365.69181 18.490 0.030 4.19 518.0
2455365.78650 18.429 0.033 4.92 533.0
2455365.84286 18.448 0.038 5.29 586.0
2455365.88146 18.393 0.044 6.07 687.0
2455368.62884 18.474 0.047 6.04 741.0
2455369.71358 18.427 0.051 5.74 1079.0
2455369.75935 18.329 0.041 4.96 1160.0
2455369.79802 18.412 0.047 5.76 971.0
2455369.83715 18.456 0.044 5.76 759.0
2455376.64342 18.372 0.043 5.81 729.0
2455376.68434 18.403 0.041 5.72 714.0
2455376.72327 18.371 0.042 5.85 734.0
2455376.76164 18.426 0.040 5.36 758.0
2455376.79979 18.507 0.045 5.24 820.0
2455376.83780 18.406 0.053 6.32 938.0
2455376.87570 18.184 0.057 6.95 1230.0
2455377.53253 18.470 0.043 6.35 602.0
2455377.61531 18.337 0.038 5.96 577.0
2455377.68338 18.406 0.031 4.79 554.0
2455377.73228 18.450 0.034 4.86 597.0
2455377.77532 18.398 0.034 4.91 666.0
2455377.81304 18.509 0.039 5.02 683.0
2455377.85124 18.548 0.047 5.49 793.0
2455378.50743 18.427 0.033 4.48 605.0
2455378.59115 18.435 0.028 4.16 449.0
2455378.67974 18.429 0.027 3.75 482.0
2455378.73717 18.427 0.026 3.52 525.0
2455378.77521 18.488 0.029 3.79 531.0
2455378.81371 18.367 0.031 4.69 598.0
2455378.85363 18.378 0.041 6.05 694.0
2455379.49253 18.393 0.040 5.76 539.0
2455379.54292 18.390 0.033 5.21 481.0
2455379.62778 18.358 0.028 4.41 471.0
2455379.71475 18.424 0.030 4.40 489.0
2455379.76800 18.436 0.029 3.92 553.0
2455379.80587 18.441 0.038 4.97 604.0
2455379.84395 18.396 0.046 6.91 700.0
2455380.50396 18.419 0.042 6.70 530.0
2455380.54183 18.394 0.031 5.36 455.0
2455380.60997 18.409 0.032 5.43 426.0
2455380.69704 18.437 0.028 4.62 432.0
2455380.73772 18.399 0.030 5.19 468.0
2455380.77570 18.476 0.033 4.99 512.0
2455380.81381 18.335 0.045 6.77 581.0
2455380.85182 18.381 0.060 7.93 708.0
2455381.55133 18.337 0.033 5.36 576.0
2455381.58882 18.342 0.050 7.74 565.0
2455381.64761 18.367 0.045 7.41 484.0
2455381.68883 18.478 0.041 6.28 495.0
2455381.72684 18.255 0.049 7.71 578.0
2455381.76510 18.353 0.049 7.22 604.0
2455381.81191 18.300 0.045 6.53 662.0
2455381.85004 18.346 0.048 6.76 708.0
2455382.54006 18.412 0.048 6.92 603.0
2455382.58445 18.369 0.045 6.88 558.0
2455382.62738 18.528 0.054 7.09 558.0
2455382.66870 18.399 0.039 6.25 518.0
2455382.70870 18.406 0.040 6.55 503.0
2455382.74672 18.287 0.039 6.85 520.0
2455382.79147 18.396 0.047 6.92 606.0
2455382.83524 18.433 0.058 7.56 690.0
2455384.77655 18.399 0.046 6.55 670.0
2455384.83042 18.396 0.059 7.17 882.0
2455385.48602 18.476 0.038 4.61 825.0
2455385.56783 18.402 0.025 3.72 469.0
2455385.82457 18.425 0.027 4.43 442.0
2455386.47137 18.410 0.037 4.69 720.0
2455386.51232 18.466 0.033 4.58 849.0
2455386.59441 18.430 0.028 4.21 665.0
2455386.67881 18.452 0.030 4.77 594.0
2455386.69340 18.407 0.026 4.14 389.0
2455386.75774 18.421 0.027 4.21 424.0
2455387.54229 18.460 0.029 3.90 461.0
2455387.70166 18.393 0.025 3.90 404.0
2455387.74007 18.404 0.025 4.16 397.0
2455387.78094 18.422 0.030 4.78 432.0
2455388.48187 18.508 0.044 5.22 611.0
2455388.51975 18.354 0.031 4.78 457.0
2455388.60697 18.426 0.025 4.19 365.0
2455388.71428 18.456 0.033 5.05 373.0
2455388.77874 18.419 0.034 5.38 395.0
2455388.82186 18.453 0.041 6.61 458.0
2455389.48092 18.531 0.056 7.07 603.0
2455389.51901 18.375 0.034 5.36 463.0
2455389.58280 18.408 0.029 4.77 426.0
2455389.68797 18.395 0.028 4.85 390.0
2455389.76995 18.434 0.034 5.53 454.0
2455389.80914 18.401 0.034 5.23 484.0
2455389.84885 18.351 0.043 6.52 576.0
2455390.55224 18.384 0.037 6.25 482.0
2455390.59805 18.381 0.035 5.83 449.0
2455390.68362 18.362 0.039 6.56 467.0
2455390.73374 18.393 0.028 4.77 408.0
2455390.77159 18.419 0.028 4.61 391.0
2455390.80932 18.441 0.032 5.41 395.0
2455391.50341 18.397 0.044 6.65 553.0
2455391.54329 18.349 0.046 7.42 500.0
2455391.58069 18.499 0.032 4.97 430.0
2455391.68997 18.415 0.029 4.85 436.0
2455391.79519 18.424 0.035 5.20 553.0
2455391.83291 18.488 0.040 5.16 628.0
2455392.48054 18.402 0.042 6.45 567.0
2455392.51843 18.433 0.036 5.27 498.0
2455392.55840 18.441 0.035 5.48 499.0
2455392.66483 18.415 0.032 5.23 452.0
2455392.77277 18.433 0.032 5.25 427.0
2455392.81045 18.418 0.033 5.02 485.0
2455393.62584 18.387 0.041 6.53 464.0
2455393.66530 18.345 0.039 6.75 439.0
2455393.70364 18.444 0.042 6.82 422.0
2455393.74395 18.449 0.053 7.92 480.0
2455393.78714 18.425 0.043 6.53 493.0
2455393.82489 18.439 0.049 7.13 552.0
2455395.81959 18.396 0.042 6.08 577.0
2455396.53925 18.390 0.054 7.63 640.0
2455396.61444 18.431 0.035 5.48 522.0
2455396.67674 18.464 0.033 5.33 481.0
2455396.71131 18.365 0.030 4.96 477.0
2455396.78392 18.462 0.032 5.26 469.0
2455397.58911 18.341 0.053 7.99 564.0
2455397.63894 18.396 0.054 7.56 569.0
2455397.67716 18.369 0.044 6.79 529.0
2455397.75945 18.381 0.049 6.96 595.0
2455402.65377 18.255 0.081 6.77 2892.0
2455403.46858 18.516 0.044 4.25 1385.0
2455403.50605 18.499 0.035 3.90 944.0
2455403.54329 18.461 0.036 4.20 913.0
2455403.58119 18.458 0.035 4.11 903.0
2455403.62248 18.393 0.034 4.25 871.0
2455403.66107 18.343 0.032 4.11 905.0
2455403.69886 18.431 0.036 4.19 946.0
2455403.73969 18.446 0.040 4.65 1037.0
2455403.77763 18.495 0.064 6.32 1190.0
2455404.48139 18.538 0.038 4.11 735.0
2455404.51927 18.488 0.036 4.40 684.0
2455404.55706 18.401 0.036 4.61 699.0
2455404.59546 18.326 0.037 5.14 690.0
2455404.63807 18.451 0.035 4.30 619.0
2455404.67763 18.367 0.036 4.86 662.0
2455404.71652 18.516 0.044 4.37 733.0
2455404.75603 18.309 0.034 4.52 770.0
2455405.61518 18.482 0.050 6.15 637.0
2455405.65446 18.400 0.041 5.74 561.0
2455405.69439 18.509 0.042 5.03 600.0
2455405.73214 18.450 0.044 4.59 844.0
2455405.76964 18.353 0.034 4.45 668.0
2455407.46912 18.435 0.057 6.42 809.0
2455407.50893 18.459 0.040 5.95 448.0
2455407.54698 18.319 0.035 6.11 426.0
2455407.58557 18.424 0.047 7.04 480.0
2455407.62598 18.407 0.045 6.72 510.0
2455407.66428 18.399 0.045 6.72 529.0
2455407.70320 18.460 0.045 6.27 565.0
2455407.74126 18.407 0.040 5.09 626.0
2455407.77912 18.411 0.046 5.89 661.0
2455408.53345 18.322 0.042 7.08 539.0
2455408.58081 18.457 0.040 6.26 489.0
2455408.62107 18.495 0.040 5.75 540.0
2455408.65885 18.455 0.043 6.24 563.0
2455408.69756 18.387 0.038 6.32 510.0
2455408.73548 18.469 0.042 6.06 564.0
2455408.77316 18.351 0.051 7.02 705.0
2455409.48339 18.356 0.032 5.78 455.0
2455409.52464 18.427 0.033 5.55 458.0
2455409.63052 18.509 0.028 4.79 386.0
2455409.73753 18.418 0.034 5.18 558.0
2455409.77530 18.519 0.043 5.65 606.0
2455410.48760 18.387 0.036 5.76 550.0
2455410.52575 18.417 0.033 5.44 479.0
2455410.63405 18.483 0.034 5.34 416.0
2455410.74121 18.408 0.038 5.80 533.0
2455410.77966 18.423 0.036 5.15 608.0
2455411.50219 18.442 0.031 5.16 440.0
2455411.56261 18.449 0.025 3.92 415.0
2455411.67075 18.398 0.024 3.91 416.0
2455411.75471 18.355 0.034 5.64 578.0
2455412.52585 18.404 0.036 5.73 537.0
2455412.56424 18.451 0.043 5.99 615.0
2455412.60429 18.410 0.037 6.04 516.0
2455412.64250 18.402 0.039 6.26 525.0
2455412.68572 18.432 0.034 5.41 491.0
2455412.75993 18.401 0.045 6.92 541.0
2455413.50550 18.409 0.032 4.92 550.0
2455413.58947 18.457 0.029 4.68 427.0
2455413.69734 18.402 0.028 5.07 392.0
2455413.75771 18.444 0.038 6.28 436.0
2455414.48593 18.394 0.028 4.66 453.0
2455414.52371 18.389 0.025 4.19 410.0
2455414.63346 18.486 0.026 4.06 382.0
2455414.74429 18.384 0.029 4.61 489.0
2455416.60258 18.405 0.043 6.76 461.0
2455416.64851 18.438 0.036 5.88 442.0
2455416.71133 18.359 0.036 5.94 469.0
2455418.56710 18.421 0.026 4.55 404.0
2455418.61134 18.441 0.029 4.75 401.0
2455418.66636 18.412 0.029 4.89 400.0
2455418.71298 18.475 0.031 5.08 443.0
2455421.51990 18.365 0.032 5.47 466.0
2455421.57924 18.425 0.029 4.86 450.0
2455421.62530 18.354 0.035 6.28 434.0
2455421.66812 18.391 0.033 6.20 402.0
2455421.71387 18.416 0.032 5.92 397.0
2455422.50305 18.381 0.033 5.29 506.0
2455422.54714 18.419 0.026 3.95 473.0
2455422.67101 18.450 0.027 4.65 389.0
2455423.48481 18.423 0.026 4.18 449.0
2455423.52671 18.434 0.026 4.47 419.0
2455423.63145 18.523 0.036 5.37 458.0
2455425.49374 18.435 0.033 4.94 533.0
2455425.53490 18.421 0.029 4.50 484.0
2455426.50217 18.431 0.056 4.98 1665.0
2455426.54122 18.422 0.046 4.39 1427.0
2455426.69245 18.423 0.071 4.65 2898.0
2455430.48809 18.383 0.042 5.00 830.0
2455430.52796 18.368 0.036 4.31 817.0
2455430.57277 18.364 0.041 5.38 757.0
2455430.61196 18.309 0.034 4.43 733.0
2455430.64998 18.461 0.042 4.87 804.0
2455431.48913 18.419 0.038 4.93 784.0
2455431.52859 18.398 0.035 4.99 701.0
2455431.56791 18.467 0.041 5.27 716.0
2455431.60942 18.447 0.038 5.05 679.0
2455431.64702 18.418 0.043 5.76 738.0
2455431.68796 18.507 0.057 6.20 969.0
2455432.62497 18.427 0.047 6.02 737.0
2455432.66786 18.457 0.054 6.40 834.0
2455433.64261 18.480 0.058 7.01 766.0
2455433.68790 18.439 0.047 4.86 1113.0
2455434.51978 18.398 0.040 5.64 589.0
2455434.56411 18.521 0.040 5.49 587.0
2455434.60709 18.499 0.037 4.37 629.0
2455434.64957 18.544 0.040 4.28 667.0
2455434.69192 18.418 0.040 5.02 723.0
2455435.49130 18.450 0.040 5.56 540.0
2455435.53426 18.440 0.035 5.13 571.0
2455435.60094 18.389 0.032 4.28 568.0
2455435.65450 18.467 0.033 4.11 579.0
2455435.69515 18.453 0.036 4.69 627.0
2455436.48905 18.365 0.032 4.96 493.0
2455436.58794 18.434 0.040 5.29 569.0
2455436.70222 18.476 0.040 5.12 612.0
2455437.54348 18.410 0.028 4.37 457.0
2455437.67453 18.428 0.034 4.51 556.0
2455438.52437 18.410 0.041 6.24 552.0
2455438.58967 18.467 0.040 6.22 516.0
2455438.66411 18.451 0.031 3.81 550.0
2455438.70172 18.428 0.031 4.04 570.0
2455439.53852 18.438 0.044 6.11 530.0
2455439.57994 18.332 0.037 5.58 518.0
2455439.61773 18.373 0.039 5.92 500.0
2455439.65574 18.388 0.035 4.99 494.0
2455443.51020 18.407 0.038 6.31 489.0
2455443.54815 18.415 0.039 6.74 492.0
2455443.59418 18.438 0.044 6.86 519.0
2455443.63190 18.372 0.034 5.85 495.0
2455443.67557 18.498 0.037 5.65 511.0
2455444.50522 18.420 0.034 5.13 492.0
2455444.55674 18.376 0.033 5.55 428.0
2455444.60840 18.401 0.035 5.35 484.0
2455444.64649 18.482 0.034 4.80 527.0
2455445.47994 18.425 0.031 4.33 675.0
2455445.57781 18.435 0.032 4.91 455.0
2455445.65392 18.431 0.031 4.66 498.0
2455446.48436 18.432 0.035 5.33 541.0
2455446.53549 18.410 0.032 4.87 496.0
2455446.57596 18.448 0.038 5.74 506.0
2455446.61466 18.404 0.029 4.19 472.0
2455446.65451 18.397 0.030 4.42 473.0
2455447.50309 18.388 0.025 3.72 463.0
2455447.54567 18.426 0.032 5.07 476.0
2455447.60957 18.407 0.030 5.23 447.0
2455448.47688 18.390 0.047 5.12 915.0
2455448.52169 18.449 0.038 5.61 491.0
2455448.57578 18.394 0.036 5.29 506.0
2455449.47806 18.375 0.046 5.97 805.0
2455449.51640 18.454 0.040 5.62 516.0
2455449.54740 18.428 0.034 5.11 490.0
2455449.63100 18.431 0.035 5.04 530.0
2455450.51916 18.373 0.044 7.09 509.0
2455450.55667 18.401 0.042 6.45 513.0
2455450.60533 18.484 0.043 6.00 525.0
2455450.64524 18.425 0.046 6.87 554.0
2455451.64653 18.477 0.050 6.67 561.0
2455453.47936 18.324 0.059 6.94 1273.0
2455453.57908 18.431 0.035 4.83 622.0
2455457.49756 18.477 0.029 3.58 678.0
2455457.55542 18.410 0.028 4.23 618.0
2455457.60267 18.413 0.035 4.73 700.0
2455458.48793 18.473 0.044 5.41 750.0
2455458.54409 18.245 0.048 7.25 706.0
2455458.58704 18.405 0.037 5.09 726.0
2455459.50555 18.382 0.045 6.01 649.0
2455459.55310 18.415 0.034 4.05 650.0
2455459.60220 18.445 0.034 4.09 725.0
2455460.49357 18.425 0.047 6.51 655.0
2455460.53955 18.531 0.066 5.94 1188.0
2455460.58883 18.503 0.079 4.99 2518.0
2455461.50030 18.398 0.052 5.76 1106.0
2455461.54994 18.494 0.069 4.77 2244.0
2455461.59229 18.393 0.042 5.68 713.0
2455462.48145 18.434 0.053 5.98 1001.0
2455462.56161 18.445 0.039 5.00 690.0
2455463.51429 18.460 0.037 4.94 654.0
2455463.58864 18.425 0.038 4.98 715.0
2455464.50646 18.446 0.037 5.17 585.0
2455464.54845 18.462 0.042 5.72 624.0
2455465.51157 18.376 0.041 6.58 538.0
2455467.48474 18.403 0.041 5.66 740.0
2455468.55428 18.344 0.043 6.98 553.0
2455469.60908 18.412 0.034 5.08 578.0
2455471.51898 18.427 0.037 5.16 508.0
2455471.58741 18.502 0.036 4.98 514.0
2455472.55311 18.526 0.044 5.86 581.0
2455473.50276 18.411 0.045 6.58 554.0
2455476.49398 18.352 0.036 5.23 570.0
2455477.54097 18.499 0.044 5.09 620.0
2455479.51016 18.440 0.045 6.19 571.0
2455480.50540 18.288 0.037 5.91 581.0
2455480.56912 18.424 0.040 5.23 658.0
2455481.54163 18.385 0.068 7.11 1088.0
2455485.52189 18.419 0.042 5.05 730.0
2455486.50831 18.409 0.045 5.27 760.0
2455487.48807 18.377 0.041 4.02 1267.0
2455487.55171 18.420 0.039 4.91 771.0
2455488.54165 18.502 0.041 4.56 850.0
2455489.52979 18.365 0.051 6.29 801.0
2455490.52818 18.397 0.058 6.49 875.0
2455492.52986 18.426 0.058 6.07 1023.0
2455494.53507 18.381 0.051 5.91 983.0
2455495.53897 18.454 0.043 5.73 670.0
2455497.53649 18.436 0.042 5.64 764.0
2455502.50494 18.589 0.056 5.52 900.0
2455596.88300 18.506 0.066 5.49 1949.0
2455598.86658 18.310 0.031 5.28 587.0
2455599.88228 18.549 0.044 4.96 844.0
2455600.87289 18.477 0.034 4.76 633.0
2455602.86580 18.411 0.051 7.67 611.0
2455604.87399 18.572 0.048 6.47 604.0
2455605.87209 18.384 0.028 4.66 540.0
2455606.86981 18.348 0.033 5.59 541.0
2455607.87413 18.520 0.038 5.71 575.0
2455608.86902 18.329 0.041 7.37 529.0
2455611.85343 18.361 0.056 7.43 844.0
2455612.86865 18.437 0.042 6.12 700.0
2455614.85410 18.508 0.042 5.70 710.0
2455615.86239 18.520 0.038 5.18 633.0
2455616.85545 18.360 0.043 6.63 668.0
2455617.89305 18.291 0.076 6.92 2109.0
2455620.84350 18.405 0.040 6.11 624.0
2455621.84632 18.506 0.034 5.20 493.0
2455622.88386 18.366 0.024 4.29 408.0
2455624.83899 18.427 0.030 4.76 476.0
2455625.81814 18.455 0.039 6.06 535.0
2455626.81397 18.364 0.055 8.38 837.0
2455627.84239 18.478 0.033 5.26 469.0
2455628.85312 18.418 0.030 5.04 469.0
2455629.82132 18.387 0.038 6.14 474.0
2455630.79875 18.399 0.037 6.24 512.0
2455631.82599 18.451 0.049 7.31 661.0
2455632.83379 18.461 0.034 5.28 518.0
2455633.79102 18.471 0.034 5.34 525.0
2455634.84588 18.387 0.035 5.93 482.0
2455635.85443 18.458 0.041 6.38 639.0
2455637.81433 18.429 0.058 7.86 778.0
2455638.79322 18.431 0.047 6.19 728.0
2455639.79236 18.401 0.039 5.31 758.0
2455639.86791 18.461 0.031 4.27 597.0
2455640.75719 18.387 0.057 6.87 968.0
2455640.80005 18.442 0.041 5.10 791.0
2455640.83847 18.509 0.049 5.84 708.0
2455640.88704 18.527 0.034 4.47 639.0
2455641.75339 18.425 0.041 5.54 883.0
2455641.79393 18.475 0.039 5.33 726.0
2455641.87350 18.525 0.035 5.12 617.0
2455642.75971 18.498 0.048 5.95 890.0
2455642.79525 18.414 0.033 4.46 763.0
2455642.85426 18.432 0.036 5.63 664.0
2455642.87555 18.466 0.037 5.08 657.0
2455642.91762 18.296 0.060 6.45 2024.0
2455643.76977 18.459 0.042 5.19 819.0
2455643.80805 18.473 0.039 5.18 732.0
2455643.86780 18.400 0.029 4.22 666.0
2455643.90903 18.411 0.033 5.23 675.0
2455644.77749 18.392 0.046 4.89 1451.0
2455644.81820 18.472 0.049 5.27 1246.0
2455644.88878 18.387 0.034 4.67 840.0
2455647.85410 18.496 0.054 4.52 1805.0
2455647.87432 18.443 0.050 4.50 1816.0
2455647.89028 18.396 0.058 5.21 1853.0
2455647.90867 18.416 0.061 6.24 1869.0
2455648.75937 18.441 0.036 6.03 508.0
2455648.82479 18.466 0.030 4.66 473.0
2455648.86693 18.426 0.028 4.64 459.0
2455648.91234 18.454 0.041 6.84 524.0
2455649.76579 18.389 0.032 6.05 418.0
2455649.80777 18.415 0.027 4.69 413.0
2455649.87219 18.510 0.029 4.73 411.0
2455649.91051 18.466 0.031 5.69 465.0
2455650.75758 18.360 0.028 5.43 430.0
2455650.82012 18.400 0.025 4.58 409.0
2455650.86416 18.343 0.026 5.30 424.0
2455650.91304 18.412 0.031 5.32 518.0
2455651.77820 18.466 0.031 5.06 448.0
2455651.82124 18.446 0.031 4.98 449.0
2455651.89761 18.440 0.030 5.09 452.0
2455652.75827 18.414 0.028 5.11 438.0
2455652.82156 18.458 0.026 4.19 406.0
2455652.86347 18.406 0.025 4.51 427.0
2455653.91731 18.450 0.028 3.60 607.0
2455654.79207 18.470 0.033 5.14 455.0
2455654.83832 18.534 0.033 5.18 424.0
2455654.88247 18.408 0.027 5.13 408.0
2455655.74053 18.451 0.035 5.40 549.0
2455655.77963 18.365 0.031 5.16 497.0
2455655.81757 18.454 0.032 4.94 481.0
2455655.85848 18.357 0.026 5.16 437.0
2455655.90874 18.400 0.027 5.82 445.0
2455656.80003 18.374 0.028 5.02 488.0
2455656.84090 18.420 0.024 3.87 450.0
2455656.92754 18.388 0.057 3.83 3516.0
2455657.78882 18.332 0.025 4.40 455.0
2455657.82978 18.429 0.024 3.91 448.0
2455657.87526 18.406 0.024 4.39 424.0
2455657.91965 18.462 0.032 4.12 687.0
2455658.78567 18.300 0.034 6.39 443.0
2455658.84269 18.438 0.029 4.84 419.0
2455658.88113 18.373 0.033 5.91 417.0
2455658.92222 18.371 0.046 6.06 762.0
2455659.73734 18.525 0.029 4.51 455.0
2455659.77496 18.430 0.029 5.04 453.0
2455659.81425 18.394 0.030 5.58 439.0
2455659.85707 18.454 0.033 5.70 612.0
2455659.90471 18.414 0.027 4.72 413.0
2455660.74125 18.416 0.029 5.29 452.0
2455660.78577 18.461 0.033 5.79 422.0
2455660.82747 18.467 0.029 4.92 422.0
2455660.89911 18.391 0.032 5.58 411.0
2455662.73635 18.385 0.034 5.75 510.0
2455662.77677 18.293 0.033 6.20 491.0
2455662.83782 18.409 0.033 5.48 533.0
2455662.87652 18.394 0.028 4.96 509.0
2455662.91790 18.487 0.032 4.68 538.0
2455664.73775 18.419 0.046 6.84 656.0
2455664.78313 18.401 0.035 5.85 475.0
2455664.84330 18.445 0.036 5.70 492.0
2455664.88352 18.393 0.038 6.63 586.0
2455664.92618 18.447 0.046 5.13 1023.0
2455665.75020 18.298 0.034 6.17 512.0
2455665.79590 18.413 0.029 5.05 431.0
2455665.86011 18.376 0.028 5.30 426.0
2455665.90778 18.508 0.030 4.64 451.0
2455667.73539 18.424 0.032 4.98 591.0
2455667.74696 18.433 0.031 4.98 595.0
2455667.78800 18.431 0.029 4.76 531.0
2455667.83973 18.504 0.030 4.89 500.0
2455667.89424 18.448 0.027 4.48 427.0
2455668.72180 18.386 0.039 5.67 759.0
2455668.77893 18.428 0.037 4.82 703.0
2455668.84545 18.422 0.038 4.87 812.0
2455668.90042 18.469 0.044 4.42 1182.0
2455669.74088 18.445 0.040 5.25 836.0
2455669.78899 18.499 0.032 4.44 744.0
2455669.83802 18.394 0.029 3.97 688.0
2455669.88983 18.438 0.033 3.92 756.0
2455670.72300 18.398 0.037 4.92 874.0
2455670.76346 18.446 0.036 4.88 807.0
2455670.82667 18.451 0.041 5.49 786.0
2455670.86753 18.441 0.031 4.01 758.0
2455670.90893 18.465 0.036 4.54 790.0
2455671.74492 18.531 0.040 4.94 824.0
2455675.70877 18.398 0.031 4.01 692.0
2455675.74723 18.533 0.038 4.82 683.0
2455675.78510 18.437 0.033 4.82 598.0
2455675.82592 18.456 0.036 5.46 578.0
2455675.89535 18.396 0.036 5.35 595.0
2455676.67328 18.505 0.026 5.95 208.0
2455676.71178 18.450 0.020 4.21 210.0
2455676.75092 18.439 0.021 4.40 278.0
2455676.79053 18.400 0.028 5.19 449.0
2455676.90116 18.420 0.024 3.90 464.0
2455677.70266 18.534 0.035 5.40 507.0
2455677.74804 18.396 0.025 4.00 488.0
2455677.78940 18.377 0.029 5.48 491.0
2455677.83956 18.411 0.031 5.84 455.0
2455677.89192 18.427 0.026 3.90 454.0
2455679.67054 18.514 0.041 5.95 559.0
2455679.71117 18.457 0.029 4.26 499.0
2455679.75260 18.439 0.029 4.38 502.0
2455679.80469 18.492 0.035 5.39 498.0
2455679.85574 18.459 0.029 4.32 482.0
2455679.89604 18.451 0.029 4.75 480.0
2455680.65814 18.483 0.047 6.74 546.0
2455680.69716 18.433 0.042 6.78 492.0
2455680.73589 18.372 0.032 5.60 474.0
2455680.78538 18.485 0.036 5.68 467.0
2455680.83828 18.437 0.029 4.54 461.0
2455680.88220 18.465 0.028 4.24 442.0
2455680.92247 18.456 0.034 5.36 479.0
2455681.68763 18.475 0.036 5.60 554.0
2455681.72579 18.416 0.031 5.28 497.0
2455681.76555 18.467 0.029 5.05 433.0
2455681.82817 18.501 0.031 4.94 507.0
2455681.87284 18.407 0.035 5.44 550.0
2455681.91280 18.468 0.031 4.67 536.0
2455682.67483 18.467 0.037 5.43 644.0
2455682.71667 18.451 0.032 5.08 557.0
2455682.76427 18.442 0.028 4.78 491.0
2455682.81605 18.433 0.029 5.19 524.0
2455682.89627 18.470 0.031 4.69 555.0
2455682.93526 18.402 0.048 5.11 1382.0
2455683.69740 18.525 0.032 4.96 518.0
2455683.76810 18.500 0.031 4.91 486.0
2455683.87736 18.418 0.028 3.87 568.0
2455683.91920 18.398 0.027 4.20 522.0
2455684.67954 18.447 0.030 4.97 517.0
2455684.72990 18.443 0.029 5.02 486.0
2455684.78077 18.413 0.028 4.84 460.0
2455684.83288 18.452 0.030 4.53 480.0
2455684.89143 18.438 0.030 4.53 497.0
2455684.93169 18.469 0.044 5.42 805.0
2455685.76721 18.458 0.026 4.30 449.0
2455685.80617 18.443 0.023 3.88 434.0
2455685.85845 18.447 0.024 3.66 446.0
2455685.90251 18.384 0.025 4.37 466.0
2455686.65492 18.288 0.035 6.76 540.0
2455686.71689 18.486 0.028 4.68 489.0
2455686.76227 18.424 0.026 4.26 484.0
2455686.81312 18.423 0.025 4.03 500.0
2455686.86332 18.470 0.039 5.68 522.0
2455686.90259 18.337 0.034 5.54 524.0
2455687.65627 18.389 0.041 6.77 596.0
2455687.70054 18.475 0.041 6.41 643.0
2455687.75239 18.458 0.031 5.36 501.0
2455687.79439 18.473 0.030 5.17 462.0
2455687.84665 18.496 0.031 4.73 478.0
2455688.87015 18.417 0.028 4.91 433.0
2455688.92715 18.252 0.037 5.47 907.0
2455689.69914 18.501 0.028 4.75 439.0
2455689.77396 18.443 0.028 4.79 421.0
2455689.81392 18.449 0.024 4.21 387.0
2455690.64204 18.476 0.038 5.95 526.0
2455690.69222 18.376 0.028 5.17 428.0
2455690.74899 18.348 0.040 7.03 485.0
2455690.79350 18.479 0.034 5.38 477.0
2455690.83973 18.486 0.044 6.57 516.0
2455690.90565 18.476 0.047 6.88 687.0
2455691.82390 18.407 0.029 4.66 497.0
2455691.86388 18.523 0.035 5.32 518.0
2455691.93170 18.394 0.048 7.71 705.0
2455692.66330 18.489 0.039 5.75 585.0
2455692.71875 18.469 0.032 5.04 519.0
2455692.80577 18.383 0.032 5.17 585.0
2455692.84470 18.425 0.029 4.36 566.0
2455692.88312 18.394 0.033 4.91 666.0
2455692.92071 18.467 0.038 5.39 696.0
2455693.63375 18.448 0.036 5.55 666.0
2455693.68232 18.492 0.029 4.41 552.0
2455693.75176 18.428 0.027 4.32 498.0
2455693.78953 18.441 0.025 3.84 496.0
2455693.82878 18.462 0.028 3.84 590.0
2455693.86640 18.482 0.033 4.48 656.0
2455693.90433 18.396 0.034 5.15 702.0
2455694.61526 18.484 0.041 5.24 816.0
2455694.64583 18.468 0.038 5.32 721.0
2455694.68375 18.445 0.032 4.87 619.0
2455694.83701 18.432 0.028 4.29 524.0
2455694.87435 18.352 0.033 5.23 581.0
2455694.91202 18.465 0.037 5.36 608.0
2455695.61911 18.428 0.041 5.91 666.0
2455695.65752 18.504 0.039 5.74 610.0
2455695.83846 18.457 0.028 4.18 519.0
2455695.87643 18.387 0.027 4.54 473.0
2455695.91398 18.382 0.028 5.20 463.0
2455696.61066 18.504 0.052 5.98 938.0
2455696.64395 18.449 0.040 5.14 776.0
2455696.69353 18.396 0.034 5.05 654.0
2455696.74110 18.421 0.030 4.26 576.0
2455696.82454 18.500 0.033 3.87 655.0
2455696.86597 18.365 0.034 4.61 668.0
2455696.92448 18.477 0.039 5.50 555.0
2455697.61397 18.386 0.043 5.32 976.0
2455697.66135 18.488 0.035 4.36 763.0
2455697.70891 18.423 0.032 4.35 700.0
2455697.74758 18.377 0.032 4.59 702.0
2455697.82885 18.437 0.029 3.84 717.0
2455697.86913 18.463 0.034 4.17 749.0
2455697.91112 18.449 0.035 5.46 711.0
2455698.60653 18.479 0.060 5.64 1584.0
2455698.64388 18.469 0.051 5.38 1260.0
2455698.69456 18.285 0.039 5.09 1059.0
2455698.73456 18.504 0.044 4.64 1006.0
2455698.77272 18.480 0.046 5.54 980.0
2455698.81504 18.419 0.035 4.08 1012.0
2455698.85335 18.528 0.040 4.11 1026.0
2455698.89326 18.387 0.048 5.78 1149.0
2455698.93771 18.503 0.070 6.11 1696.0
2455703.68423 18.485 0.049 7.08 712.0
2455703.71540 18.368 0.046 7.04 827.0
2455703.76306 18.431 0.041 6.11 692.0
2455703.83290 18.515 0.048 6.64 710.0
2455705.71109 18.389 0.040 6.63 619.0
2455705.75341 18.427 0.038 5.95 635.0
2455705.79784 18.366 0.045 7.28 629.0
2455705.85517 18.448 0.040 5.90 523.0
2455705.90186 18.443 0.047 6.92 661.0
2455706.64490 18.472 0.050 7.63 593.0
2455706.74042 18.370 0.041 7.17 564.0
2455706.79215 18.492 0.040 6.31 569.0
2455706.85788 18.372 0.046 7.21 563.0
2455707.59019 18.446 0.038 5.84 583.0
2455707.62834 18.447 0.036 5.75 510.0
2455707.68487 18.401 0.032 5.34 491.0
2455707.72301 18.402 0.035 5.86 506.0
2455707.80259 18.458 0.030 4.45 530.0
2455707.84201 18.457 0.030 4.43 604.0
2455707.88177 18.427 0.040 6.17 613.0
2455707.92873 18.393 0.047 7.11 686.0
2455708.60774 18.456 0.037 5.69 515.0
2455708.66375 18.396 0.031 5.44 456.0
2455708.71415 18.406 0.035 5.96 458.0
2455708.75227 18.515 0.040 6.17 472.0
2455708.80310 18.381 0.035 6.18 586.0
2455708.84675 18.372 0.043 6.73 690.0
2455708.89773 18.218 0.045 7.97 881.0
2455709.58293 18.418 0.040 6.61 500.0
2455709.63589 18.445 0.038 6.43 463.0
2455709.79148 18.422 0.031 5.18 500.0
2455712.59558 18.488 0.045 6.07 963.0
2455712.67030 18.544 0.034 5.16 522.0
2455712.68291 18.486 0.032 5.24 504.0
2455712.72204 18.443 0.028 4.52 516.0
2455712.76370 18.433 0.026 3.96 492.0
2455712.80459 18.401 0.028 4.68 496.0
2455712.84401 18.379 0.030 5.38 514.0
2455712.91972 18.319 0.043 7.32 651.0
2455713.77267 18.503 0.027 4.17 468.0
2455713.81935 18.508 0.031 4.85 487.0
2455713.85994 18.516 0.038 6.05 484.0
2455714.59972 18.343 0.043 7.11 638.0
2455714.61414 18.404 0.035 6.02 572.0
2455714.69041 18.222 0.026 6.05 399.0
2455715.56849 18.389 0.032 5.54 531.0
2455715.61986 18.450 0.029 5.14 464.0
2455715.67189 18.428 0.027 4.52 461.0
2455715.71371 18.448 0.028 5.06 414.0
2455715.76330 18.363 0.027 4.99 432.0
2455715.80490 18.470 0.029 4.83 443.0
2455715.84708 18.471 0.032 5.64 455.0
2455715.90333 18.388 0.038 6.34 615.0
2455716.59011 18.459 0.050 7.31 536.0
2455716.60278 18.400 0.037 6.05 498.0
2455716.61750 18.457 0.038 6.11 476.0
2455716.63012 18.352 0.033 5.75 477.0
2455716.69053 18.472 0.037 6.26 433.0
2455716.74396 18.467 0.029 4.92 408.0
2455716.78764 18.418 0.030 5.22 414.0
2455716.82674 18.417 0.034 5.90 437.0
2455716.86750 18.461 0.038 6.15 483.0
2455716.91458 18.492 0.046 6.99 631.0
2455721.63287 18.361 0.032 5.22 607.0
2455721.71115 18.422 0.033 5.68 507.0
2455721.77948 18.466 0.031 4.75 491.0
2455721.81865 18.394 0.032 5.23 518.0
2455721.87072 18.416 0.038 5.71 586.0
2455721.91186 18.433 0.050 6.83 957.0
2455722.60419 18.461 0.038 5.50 571.0
2455722.61779 18.504 0.034 4.85 520.0
2455722.65860 18.410 0.029 4.35 584.0
2455722.67219 18.418 0.028 4.76 481.0
2455722.77840 18.457 0.029 4.27 530.0
2455722.81794 18.379 0.033 5.16 585.0
2455723.56043 18.415 0.041 5.53 692.0
2455723.60845 18.377 0.031 4.85 537.0
2455723.65587 18.358 0.032 5.53 504.0
2455723.69651 18.408 0.033 5.55 488.0
2455723.73755 18.482 0.031 4.76 471.0
2455723.77598 18.431 0.033 4.65 576.0
2455723.81497 18.378 0.026 4.53 448.0
2455723.85464 18.423 0.037 6.09 520.0
2455724.55529 18.373 0.059 7.41 1002.0
2455724.55801 18.431 0.054 6.56 1154.0
2455724.62411 18.391 0.046 6.40 663.0
2455724.63661 18.392 0.048 6.88 662.0
2455724.67469 18.476 0.039 5.55 571.0
2455724.68875 18.443 0.039 5.63 542.0
2455724.73769 18.476 0.036 4.80 550.0
2455724.78625 18.497 0.041 5.36 580.0
2455724.82695 18.450 0.038 5.22 557.0
2455725.57789 18.466 0.031 4.33 677.0
2455725.59134 18.457 0.028 3.98 641.0
2455725.60480 18.436 0.029 4.30 629.0
2455725.64540 18.473 0.034 4.94 630.0
2455725.65968 18.459 0.030 4.63 624.0
2455725.75180 18.393 0.029 3.83 678.0
2455725.79156 18.424 0.033 4.76 673.0
2455726.55577 18.317 0.044 5.68 1028.0
2455726.60062 18.426 0.045 5.53 907.0
2455726.63848 18.432 0.037 4.92 831.0
2455726.68598 18.404 0.031 4.31 765.0
2455726.76633 18.305 0.053 6.55 922.0
2455726.81124 18.522 0.048 5.06 924.0
2455734.65989 18.347 0.044 7.19 641.0
2455734.70281 18.442 0.052 7.79 612.0
2455734.75098 18.393 0.047 7.51 559.0
2455734.79412 18.394 0.038 6.18 542.0
2455734.84283 18.506 0.055 7.29 599.0
2455734.88749 18.591 0.066 7.75 697.0
2455735.67794 18.349 0.041 7.46 461.0
2455735.74273 18.473 0.035 5.45 501.0
2455735.78952 18.439 0.034 5.59 492.0
2455735.83592 18.427 0.038 5.97 572.0
2455735.88057 18.347 0.048 7.09 666.0
2455736.53867 18.489 0.036 5.31 597.0
2455736.57665 18.422 0.033 5.51 527.0
2455736.61881 18.411 0.024 3.97 426.0
2455736.66244 18.457 0.024 3.94 394.0
2455736.70412 18.462 0.024 3.96 390.0
2455736.78418 18.449 0.026 4.06 462.0
2455736.83121 18.425 0.028 4.18 519.0
2455736.87935 18.506 0.040 5.33 634.0
2455737.52189 18.436 0.040 5.85 617.0
2455737.55998 18.480 0.032 4.81 536.0
2455737.61327 18.482 0.027 4.42 451.0
2455737.65583 18.504 0.028 4.51 405.0
2455737.70995 18.454 0.025 4.10 388.0
2455737.75077 18.401 0.025 4.37 399.0
2455737.78991 18.442 0.029 4.96 427.0
2455737.87789 18.423 0.035 5.31 559.0
2455738.58936 18.417 0.030 4.84 439.0
2455738.63017 18.469 0.027 4.59 417.0
2455738.69745 18.465 0.026 3.99 438.0
2455738.73697 18.464 0.027 4.29 456.0
2455739.50291 18.569 0.051 6.32 680.0
2455739.52815 18.440 0.036 5.48 550.0
2455739.56641 18.399 0.037 5.80 511.0
2455739.60700 18.462 0.033 5.30 437.0
2455739.65571 18.423 0.026 4.65 402.0
2455739.71364 18.461 0.033 5.31 415.0
2455739.75201 18.480 0.029 4.58 435.0
2455739.79077 18.405 0.031 5.24 473.0
2455739.84561 18.445 0.035 5.33 506.0
2455740.49851 18.447 0.052 7.44 635.0
2455740.54605 18.429 0.046 6.36 570.0
2455740.58714 18.307 0.040 6.47 518.0
2455740.64695 18.404 0.032 5.35 438.0
2455740.75014 18.335 0.028 4.83 462.0
2455740.79500 18.387 0.031 5.06 499.0
2455740.83405 18.439 0.041 6.55 549.0
2455740.88147 18.371 0.046 7.74 648.0
2455741.52090 18.481 0.038 5.90 564.0
2455741.56014 18.415 0.032 5.21 494.0
2455741.60432 18.349 0.027 4.77 430.0
2455741.64218 18.444 0.033 5.46 403.0
2455741.70324 18.405 0.031 5.16 408.0
2455741.74230 18.428 0.029 4.86 409.0
2455741.78325 18.395 0.028 4.24 437.0
2455741.82151 18.515 0.034 4.82 464.0
2455741.85949 18.378 0.028 4.64 479.0
2455742.49241 18.401 0.047 6.22 788.0
2455742.53507 18.512 0.038 4.84 617.0
2455742.57743 18.488 0.034 4.96 551.0
2455742.61540 18.437 0.028 4.73 418.0
2455742.67719 18.450 0.026 4.52 395.0
2455742.71602 18.449 0.026 4.37 390.0
2455742.75457 18.468 0.025 3.88 438.0
2455742.79283 18.461 0.028 4.26 447.0
2455742.83084 18.498 0.028 4.17 468.0
2455742.87111 18.499 0.035 5.13 538.0
2455743.62700 18.424 0.038 5.68 456.0
2455743.66677 18.490 0.033 4.84 470.0
2455743.72777 18.422 0.036 5.81 492.0
2455743.76595 18.470 0.036 5.48 520.0
2455743.80401 18.491 0.038 5.22 531.0
2455743.84162 18.594 0.052 6.13 614.0
2455743.87955 18.443 0.057 7.32 677.0
2455744.52367 18.277 0.042 6.88 650.0
2455744.56204 18.451 0.043 6.50 535.0
2455744.60022 18.450 0.042 6.20 561.0
2455744.64869 18.396 0.027 4.51 440.0
2455744.72702 18.399 0.030 5.43 424.0
2455744.77703 18.457 0.030 5.14 422.0
2455744.81875 18.444 0.034 5.54 477.0
2455744.86393 18.399 0.046 6.62 636.0
2455745.51240 18.396 0.038 6.31 547.0
2455745.55858 18.504 0.037 5.71 478.0
2455745.59933 18.379 0.042 6.91 489.0
2455745.63849 18.381 0.032 5.46 471.0
2455745.69903 18.393 0.026 4.58 460.0
2455745.73706 18.409 0.030 5.56 440.0
2455745.77524 18.367 0.034 6.15 443.0
2455745.81315 18.436 0.039 6.36 482.0
2455745.86620 18.384 0.046 7.27 544.0
2455746.56985 18.457 0.035 5.80 716.0
2455746.60960 18.359 0.031 5.54 450.0
2455746.65031 18.390 0.032 5.84 406.0
2455746.71630 18.335 0.032 5.86 435.0
2455746.75409 18.313 0.032 6.09 448.0
2455746.79646 18.304 0.038 6.91 479.0
2455746.84220 18.458 0.046 7.06 489.0
2455747.61270 18.456 0.049 7.39 519.0
2455747.65754 18.398 0.036 6.12 442.0
2455747.70282 18.311 0.038 6.98 457.0
2455747.74655 18.369 0.042 7.24 461.0
2455747.81288 18.311 0.048 7.87 528.0
2455748.63036 18.520 0.031 4.60 519.0
2455748.68773 18.418 0.039 6.53 470.0
2455749.52556 18.455 0.054 7.75 576.0
2455749.56352 18.481 0.037 6.02 475.0
2455749.60290 18.511 0.036 5.53 480.0
2455749.65221 18.313 0.033 6.12 463.0
2455749.69186 18.340 0.038 6.81 434.0
2455749.73014 18.425 0.038 6.50 435.0
2455749.76853 18.478 0.040 6.58 455.0
2455749.80781 18.384 0.042 7.23 474.0
2455752.61384 18.332 0.062 6.71 1334.0
2455752.66483 18.346 0.040 6.70 591.0
2455753.49917 18.244 0.083 7.55 2870.0
2455753.60373 18.394 0.044 6.34 917.0
2455753.76804 18.269 0.051 7.57 820.0
2455759.83090 18.425 0.052 6.18 971.0
2455760.49079 18.230 0.050 7.63 736.0
2455760.53242 18.532 0.048 6.37 595.0
2455760.58501 18.449 0.038 5.56 600.0
2455760.64122 18.367 0.037 6.10 582.0
2455760.68460 18.505 0.038 5.56 591.0
2455760.73586 18.459 0.036 5.37 633.0
2455760.77413 18.387 0.035 5.31 650.0
2455760.81180 18.461 0.042 5.78 717.0
2455761.50523 18.360 0.024 4.79 430.0
2455761.54847 18.473 0.022 4.19 401.0
2455762.51181 18.400 0.034 5.08 498.0
2455762.55010 18.420 0.034 5.32 492.0
2455762.59176 18.494 0.032 4.71 494.0
2455762.63012 18.378 0.036 5.84 486.0
2455762.66987 18.497 0.037 5.46 489.0
2455762.70609 18.484 0.039 5.91 491.0
2455762.74796 18.446 0.053 6.90 597.0
2455762.76747 18.510 0.058 7.19 627.0
2455763.50213 18.443 0.033 5.10 556.0
2455763.54613 18.463 0.026 4.09 482.0
2455763.58777 18.427 0.025 4.23 461.0
2455763.64468 18.425 0.030 5.31 470.0
2455763.68653 18.410 0.035 6.07 517.0
2455763.73411 18.382 0.037 5.93 602.0
2455763.77207 18.360 0.043 6.42 662.0
2455763.81093 18.488 0.048 6.60 701.0
2455764.50997 18.487 0.032 4.75 505.0
2455764.54980 18.467 0.030 4.61 526.0
2455764.59039 18.431 0.029 4.42 498.0
2455764.63860 18.375 0.031 5.94 429.0
2455764.68762 18.450 0.029 4.95 421.0
2455764.73324 18.422 0.028 4.49 471.0
2455765.46895 18.397 0.037 4.65 904.0
2455765.50895 18.396 0.033 5.12 574.0
2455765.66089 18.418 0.029 4.70 535.0
2455765.70511 18.368 0.031 5.08 534.0
2455765.75101 18.371 0.036 6.03 516.0
2455766.48134 18.355 0.034 5.60 515.0
2455766.52026 18.473 0.033 5.26 463.0
2455766.58469 18.410 0.029 5.06 398.0
2455766.66525 18.438 0.027 4.45 400.0
2455766.70645 18.550 0.034 5.37 407.0
2455767.49850 18.518 0.045 6.05 553.0
2455767.54409 18.419 0.035 5.49 528.0
2455767.58743 18.419 0.031 5.06 489.0
2455767.65534 18.446 0.033 5.14 498.0
2455767.71128 18.389 0.032 5.36 481.0
2455767.75201 18.392 0.043 6.84 471.0
2455768.48818 18.430 0.033 5.40 503.0
2455768.52804 18.389 0.029 5.04 480.0
2455768.68002 18.422 0.027 5.12 428.0
2455769.47238 18.434 0.040 5.55 625.0
2455769.51182 18.485 0.034 5.35 496.0
2455769.56577 18.442 0.028 4.95 411.0
2455769.67672 18.474 0.029 4.80 396.0
2455769.72564 18.465 0.035 5.65 458.0
2455769.76783 18.445 0.037 6.16 490.0
2455770.66880 18.379 0.036 6.25 476.0
2455770.75276 18.356 0.035 5.75 478.0
2455775.59508 18.302 0.038 6.95 425.0
2455775.63783 18.486 0.042 6.61 429.0
2455776.53895 18.385 0.049 7.71 521.0
2455776.60617 18.380 0.041 6.77 454.0
2455776.64721 18.500 0.038 5.97 420.0
2455776.72187 18.356 0.047 7.78 452.0
2455777.47873 18.406 0.032 4.98 569.0
2455777.52324 18.465 0.027 4.20 496.0
2455777.57529 18.453 0.028 4.55 464.0
2455777.65570 18.457 0.028 5.07 430.0
2455777.70580 18.378 0.025 4.77 423.0
2455778.50347 18.219 0.040 6.98 600.0
2455778.55991 18.478 0.042 5.77 595.0
2455778.60823 18.439 0.043 5.91 651.0
2455779.59828 18.439 0.031 5.14 456.0
2455779.64221 18.360 0.027 4.79 451.0
2455779.69674 18.487 0.035 5.62 476.0
2455779.74132 18.501 0.034 5.77 425.0
2455784.51576 18.374 0.053 4.52 1766.0
2455784.60166 18.558 0.045 4.63 932.0
2455784.71899 18.293 0.063 6.04 2059.0
2455785.51857 18.406 0.046 5.75 784.0
2455785.57893 18.355 0.043 5.85 721.0
2455785.62547 18.412 0.046 5.92 747.0
2455785.66781 18.449 0.043 5.23 767.0
2455785.70968 18.446 0.051 6.50 801.0
2455786.49204 18.371 0.057 6.88 854.0
2455786.56907 18.424 0.048 6.04 714.0
2455786.61350 18.442 0.047 6.08 699.0
2455786.65613 18.445 0.044 5.59 702.0
2455787.47664 18.352 0.038 5.03 826.0
2455787.54777 18.468 0.033 4.45 667.0
2455787.58987 18.478 0.032 4.49 636.0
2455787.63530 18.452 0.030 3.92 669.0
2455787.67424 18.398 0.037 5.02 713.0
2455787.71993 18.494 0.044 5.38 815.0
2455788.49179 18.399 0.038 5.73 571.0
2455788.55544 18.385 0.039 5.83 577.0
2455788.59501 18.489 0.036 4.76 605.0
2455788.63580 18.485 0.040 5.39 603.0
2455788.67656 18.455 0.045 5.84 653.0
2455788.72032 18.427 0.053 6.94 734.0
2455790.47339 18.284 0.042 6.45 719.0
2455790.52083 18.367 0.037 6.39 456.0
2455790.57293 18.484 0.043 6.61 558.0
2455790.61463 18.401 0.040 6.76 513.0
2455790.65532 18.454 0.036 5.87 501.0
2455790.69550 18.446 0.035 5.75 553.0
2455790.73371 18.565 0.044 5.98 611.0
2455791.51159 18.441 0.040 6.00 504.0
2455791.61361 18.426 0.033 5.19 476.0
2455793.51488 18.431 0.032 5.22 474.0
2455793.56800 18.410 0.034 5.83 449.0
2455793.61028 18.347 0.030 5.47 450.0
2455793.64884 18.466 0.038 6.17 470.0
2455793.68782 18.436 0.036 5.71 503.0
2455793.73204 18.406 0.047 7.19 556.0
2455794.50655 18.451 0.040 6.41 470.0
2455794.57380 18.397 0.033 5.67 437.0
2455794.61493 18.464 0.040 6.44 458.0
2455794.65684 18.420 0.036 6.02 471.0
2455794.70368 18.466 0.033 5.07 505.0
2455795.56710 18.376 0.046 7.41 475.0
2455795.62848 18.387 0.040 6.40 457.0
2455795.71021 18.410 0.037 5.88 482.0
2455796.47671 18.419 0.035 5.19 546.0
2455796.52798 18.373 0.030 5.06 494.0
2455796.59666 18.404 0.033 5.80 482.0
2455796.63561 18.536 0.033 5.61 431.0
2455796.67693 18.457 0.040 6.39 477.0
2455796.71892 18.479 0.059 8.12 634.0
2455799.49139 18.310 0.035 6.48 472.0
2455801.53186 18.469 0.042 6.59 459.0
2455801.57112 18.417 0.036 6.20 436.0
2455801.60924 18.283 0.036 6.82 444.0
2455801.65050 18.457 0.037 6.01 453.0
2455801.69056 18.391 0.040 6.52 491.0
2455802.56221 18.377 0.037 6.28 481.0
2455802.64196 18.360 0.040 6.80 473.0
2455803.53585 18.335 0.035 5.92 504.0
2455804.47911 18.369 0.030 4.96 561.0
2455804.54326 18.411 0.034 5.96 462.0
2455804.58374 18.368 0.031 5.56 455.0
2455804.62153 18.417 0.031 5.15 457.0
2455804.66078 18.352 0.041 6.78 533.0
2455805.49072 18.417 0.024 4.36 438.0
2455805.54398 18.431 0.029 4.85 441.0
2455805.58197 18.450 0.030 4.80 444.0
2455805.62533 18.427 0.034 5.74 482.0
2455805.68106 18.397 0.045 7.29 564.0
2455806.53929 18.318 0.037 5.88 538.0
2455806.62422 18.359 0.035 5.92 496.0
2455807.57912 18.435 0.046 6.92 485.0
2455807.62172 18.441 0.036 5.30 478.0
2455807.65949 18.255 0.043 7.15 526.0
2455812.52308 18.416 0.051 6.04 820.0
2455812.56324 18.376 0.050 6.19 824.0
2455812.60391 18.497 0.050 5.34 837.0
2455812.64504 18.410 0.048 5.55 863.0
2455813.47445 18.495 0.059 5.47 1413.0
2455813.53634 18.327 0.032 4.94 734.0
2455813.57655 18.386 0.030 4.86 687.0
2455813.61442 18.484 0.032 4.38 723.0
2455813.65226 18.419 0.035 4.88 769.0
2455815.51759 18.434 0.032 4.50 618.0
2455815.55600 18.468 0.031 4.23 630.0
2455815.60325 18.418 0.031 4.36 707.0
2455815.64101 18.380 0.029 3.93 738.0
2455816.47785 18.412 0.037 4.14 1128.0
2455816.53619 18.373 0.037 5.33 675.0
2455816.57436 18.324 0.036 5.49 703.0
2455816.61271 18.443 0.041 5.50 734.0
2455817.48059 18.402 0.032 4.13 833.0
2455817.53743 18.406 0.032 4.71 600.0
2455817.57537 18.369 0.039 5.81 638.0
2455817.61444 18.336 0.041 6.15 653.0
2455817.65518 18.416 0.050 7.05 717.0
2455818.51889 18.386 0.037 5.49 597.0
2455818.55697 18.436 0.040 5.37 614.0
2455818.59533 18.410 0.043 5.70 673.0
2455818.63702 18.389 0.052 6.86 796.0
2455819.51848 18.448 0.031 4.60 557.0
2455819.56532 18.406 0.036 5.45 619.0
2455819.60302 18.432 0.036 5.08 690.0
2455819.64289 18.371 0.036 5.11 739.0
2455820.49619 18.397 0.056 8.05 619.0
2455820.54329 18.365 0.034 5.51 567.0
2455820.58098 18.381 0.035 5.22 576.0
2455820.61886 18.361 0.039 5.27 681.0
2455820.65515 18.418 0.051 6.54 722.0
2455822.53829 18.440 0.042 6.30 458.0
2455822.58328 18.358 0.034 5.62 446.0
2455822.62693 18.471 0.043 6.20 495.0
2455823.51499 18.364 0.051 7.79 528.0
2455823.55834 18.249 0.039 6.70 532.0
2455823.60195 18.376 0.038 5.63 547.0
2455824.48243 18.381 0.050 7.14 655.0
2455824.53890 18.518 0.035 5.12 486.0
2455824.57947 18.490 0.034 5.26 456.0
2455824.61942 18.367 0.038 6.17 511.0
2455825.49896 18.420 0.045 6.05 582.0
2455825.55693 18.388 0.036 5.01 556.0
2455825.59542 18.382 0.034 5.05 567.0
2455826.47982 18.395 0.052 6.10 885.0
2455826.51969 18.397 0.043 6.44 538.0
2455826.56719 18.309 0.036 5.73 550.0
2455826.60633 18.443 0.051 7.02 586.0
2455827.50616 18.377 0.052 7.11 654.0
2455827.58662 18.409 0.044 6.34 592.0
2455827.62418 18.355 0.044 7.40 574.0
2455828.51939 18.463 0.033 4.91 468.0
2455828.55737 18.437 0.032 4.81 470.0
2455828.59493 18.457 0.037 5.31 546.0
2455829.48130 18.542 0.061 6.23 942.0
2455829.53033 18.363 0.032 5.18 558.0
2455829.56801 18.443 0.031 5.05 536.0
2455829.60629 18.390 0.032 6.25 524.0
2455830.50525 18.411 0.030 5.05 497.0
2455830.54340 18.403 0.030 5.11 496.0
2455830.58109 18.391 0.038 6.76 518.0
2455831.48355 18.413 0.035 4.30 846.0
2455831.54210 18.363 0.034 5.75 504.0
2455831.57954 18.485 0.036 5.87 496.0
2455831.61523 18.449 0.046 7.51 577.0
2455832.52554 18.363 0.028 4.67 539.0
2455832.56513 18.402 0.035 5.53 556.0
2455832.60339 18.277 0.039 6.92 591.0
2455833.52341 18.431 0.030 4.54 496.0
2455833.56297 18.418 0.031 4.78 488.0
2455833.60090 18.425 0.040 6.13 522.0
2455834.52262 18.374 0.028 4.62 491.0
2455834.56036 18.377 0.031 4.83 489.0
2455834.59652 18.507 0.039 5.48 499.0
2455835.54378 18.466 0.049 6.38 570.0
2455836.50619 18.578 0.057 5.69 893.0
2455836.53940 18.470 0.049 5.09 929.0
2455836.57125 18.363 0.050 6.16 1022.0
2455839.49969 18.346 0.052 5.85 1287.0
2455839.53815 18.383 0.056 6.70 998.0
2455839.57593 18.363 0.056 6.13 1250.0
2455840.48091 18.389 0.083 7.19 1719.0
2455840.52995 18.425 0.040 5.22 674.0
2455840.58240 18.469 0.040 4.78 728.0
2455841.48342 18.293 0.069 7.71 1278.0
2455841.52414 18.373 0.049 6.48 747.0
2455841.56745 18.437 0.045 5.54 774.0
2455841.60347 18.475 0.050 5.76 844.0
2455842.52542 18.390 0.058 7.65 712.0
2455842.57415 18.506 0.057 6.55 776.0
2455843.48343 18.368 0.059 6.19 1403.0
2455843.52715 18.437 0.042 5.81 657.0
2455843.56764 18.327 0.045 6.73 701.0
2455843.60866 18.414 0.053 6.67 814.0
2455844.51206 18.399 0.039 5.31 692.0
2455844.55099 18.465 0.045 5.52 750.0
2455844.59057 18.233 0.055 7.55 849.0
2455845.51150 18.340 0.042 6.43 709.0
2455845.55196 18.350 0.045 6.03 828.0
2455845.59220 18.526 0.068 7.04 972.0
2455846.51515 18.285 0.051 6.66 850.0
2455846.55392 18.493 0.060 6.29 927.0
2455847.54211 18.467 0.070 8.03 853.0
2455850.52619 18.450 0.035 5.28 603.0
2455850.56463 18.372 0.033 5.29 588.0
2455851.51518 18.452 0.039 5.73 555.0
2455851.55294 18.318 0.034 5.79 549.0
2455852.50374 18.423 0.055 7.03 745.0
2455852.54627 18.445 0.052 6.13 775.0
2455854.50767 18.364 0.047 6.48 700.0
2455854.54864 18.331 0.046 6.71 733.0
2455855.53542 18.303 0.041 5.36 747.0
2455856.49170 18.372 0.063 6.18 1357.0
2455856.53996 18.359 0.054 7.26 700.0
2455857.50897 18.231 0.050 8.29 679.0
2455858.50990 18.315 0.062 8.82 639.0
2455859.50639 18.407 0.050 6.66 721.0
2455859.54236 18.367 0.047 6.89 699.0
2455860.52187 18.404 0.046 6.20 663.0
2455862.52305 18.375 0.042 6.22 601.0
2455866.50624 18.277 0.064 5.76 1987.0
2455867.50941 18.379 0.041 5.31 801.0
2455868.50891 18.566 0.066 5.90 902.0
2455868.51075 18.342 0.054 5.96 874.0
2455869.50169 18.328 0.052 5.11 1399.0
2455870.50631 18.475 0.042 4.87 1028.0
2455871.50569 18.515 0.048 5.35 1003.0
2455872.50546 18.461 0.054 6.27 1154.0
2455873.50665 18.516 0.059 5.70 1093.0
2455875.50149 18.294 0.086 5.84 3623.0
2455970.87417 18.437 0.040 6.31 662.0
2455971.87552 18.535 0.036 5.50 641.0
2455972.89038 18.429 0.039 5.13 1121.0
2455976.87959 18.514 0.034 5.28 498.0
2455977.84068 18.463 0.041 6.24 626.0
2455977.87709 18.451 0.037 5.46 575.0
2455978.84281 18.441 0.040 7.00 525.0
2455978.88738 18.540 0.038 5.77 505.0
2455979.84083 18.407 0.046 7.26 601.0
2455979.87930 18.512 0.051 8.23 543.0
2455980.86069 18.478 0.045 7.20 563.0
2455982.82192 18.400 0.046 7.25 534.0
2455982.86526 18.367 0.040 6.86 477.0
2455983.82663 18.400 0.040 6.86 559.0
2455983.85698 18.403 0.027 4.90 481.0
2455983.90464 18.549 0.044 3.72 1503.0
2455984.83918 18.356 0.030 5.49 485.0
2455984.88649 18.404 0.027 4.22 476.0
2455985.82480 18.329 0.040 6.86 612.0
2455985.86141 18.508 0.036 5.51 519.0
2455986.81898 18.511 0.045 6.73 587.0
2455986.83946 18.395 0.034 6.33 534.0
2455986.88739 18.482 0.030 4.66 494.0
2455987.81768 18.431 0.047 6.87 624.0
2455987.85423 18.471 0.034 5.23 518.0
2455987.90420 18.442 0.041 4.88 933.0
2455988.83329 18.425 0.040 6.11 564.0
2455988.88059 18.598 0.032 4.27 506.0
2455989.81080 18.440 0.039 6.75 466.0
2455989.84088 18.390 0.036 6.53 445.0
2455989.88271 18.368 0.037 6.36 428.0
2455990.80914 18.250 0.041 8.15 489.0
2455990.84689 18.461 0.033 6.03 462.0
2455990.88832 18.444 0.030 5.18 433.0
2455991.82196 18.505 0.038 5.68 535.0
2455991.86235 18.463 0.030 5.34 452.0
2455992.81626 18.361 0.036 5.71 668.0
2455992.83896 18.444 0.032 4.98 597.0
2455992.88103 18.364 0.027 4.98 454.0
2455993.80682 18.365 0.044 6.63 688.0
2455993.84601 18.415 0.038 5.55 609.0
2455993.88913 18.389 0.031 4.84 532.0
2455994.80833 18.477 0.044 5.33 880.0
2455994.84009 18.494 0.035 4.44 769.0
2455994.89100 18.411 0.032 4.57 653.0
2455995.80025 18.516 0.036 4.33 797.0
2455995.81978 18.447 0.032 4.22 733.0
2455995.86538 18.420 0.029 4.30 624.0
2455995.90355 18.460 0.035 4.51 739.0
2455996.80799 18.361 0.032 5.31 648.0
2455996.84557 18.494 0.031 4.44 586.0
2455996.89231 18.438 0.025 3.69 543.0
2455997.80140 18.410 0.038 5.98 636.0
2455997.84010 18.345 0.031 5.34 603.0
2455997.88773 18.530 0.033 4.65 557.0
2455998.78829 18.392 0.041 5.73 672.0
2455998.81628 18.386 0.031 4.70 626.0
2455998.86786 18.502 0.032 4.80 553.0
2455998.90558 18.420 0.028 3.97 642.0
2455999.80014 18.378 0.037 5.53 661.0
2455999.84871 18.441 0.032 4.71 599.0
2455999.88691 18.437 0.031 4.58 589.0
2456002.90828 18.344 0.044 4.31 1588.0
2456003.86512 18.393 0.037 5.90 568.0
2456004.76562 18.368 0.043 6.88 599.0
2456004.79780 18.373 0.034 5.94 542.0
2456004.85567 18.440 0.033 5.30 516.0
2456004.89329 18.487 0.029 4.49 487.0
2456005.76106 18.531 0.040 6.12 482.0
2456005.80211 18.433 0.032 5.81 451.0
2456005.85067 18.397 0.030 5.00 463.0
2456005.90744 18.452 0.023 3.50 463.0
2456006.77282 18.468 0.032 5.01 464.0
2456006.82567 18.434 0.026 4.00 427.0
2456006.87662 18.403 0.028 4.86 424.0
2456006.91430 18.360 0.028 3.92 666.0
2456007.77865 18.405 0.029 5.15 430.0
2456007.82556 18.401 0.027 4.50 426.0
2456007.87380 18.408 0.027 4.72 398.0
2456007.91142 18.483 0.028 4.05 522.0
2456008.77040 18.503 0.038 5.62 519.0
2456008.81776 18.459 0.032 5.53 446.0
2456008.86704 18.611 0.034 4.77 458.0
2456008.90453 18.423 0.032 5.38 460.0
2456009.76404 18.536 0.036 5.82 532.0
2456009.80647 18.406 0.027 4.55 485.0
2456009.85489 18.324 0.024 4.27 495.0
2456009.89229 18.426 0.026 4.07 481.0
2456010.74766 18.496 0.040 5.28 696.0
2456010.77623 18.458 0.031 5.15 524.0
2456010.82519 18.478 0.030 5.00 481.0
2456010.87442 18.450 0.023 4.02 426.0
2456010.91268 18.438 0.025 3.70 587.0
2456011.76232 18.540 0.041 5.98 518.0
2456011.82280 18.480 0.042 5.06 812.0
2456011.88025 18.435 0.037 4.44 833.0
2456011.91842 18.386 0.043 4.15 1470.0
2456012.76641 18.451 0.034 6.43 423.0
2456012.80709 18.430 0.028 5.83 396.0
2456012.86542 18.456 0.024 4.48 371.0
2456012.90328 18.413 0.020 3.52 360.0
2456013.76222 18.357 0.030 5.80 434.0
2456013.80099 18.533 0.030 5.07 396.0
2456013.86247 18.504 0.030 5.12 390.0
2456013.90372 18.463 0.027 4.52 392.0
2456014.73844 18.360 0.033 6.06 486.0
2456014.77731 18.473 0.029 5.19 429.0
2456014.83668 18.418 0.031 5.41 399.0
2456014.87611 18.444 0.034 5.66 406.0
2456015.75527 18.397 0.027 5.17 458.0
2456015.79413 18.414 0.023 4.42 396.0
2456015.83258 18.403 0.022 3.95 388.0
2456015.88279 18.431 0.023 3.86 393.0
2456015.92417 18.475 0.054 3.45 2631.0
2456016.73173 18.463 0.030 5.28 467.0
2456016.74823 18.418 0.027 4.51 458.0
2456016.76556 18.444 0.027 4.50 453.0
2456016.78801 18.440 0.028 4.47 440.0
2456016.80590 18.457 0.027 4.16 435.0
2456016.82810 18.380 0.024 3.85 430.0
2456016.86864 18.401 0.023 3.82 424.0
2456016.89144 18.478 0.024 3.79 421.0
2456016.90904 18.450 0.023 3.69 438.0
2456017.74087 18.426 0.028 4.99 466.0
2456017.77901 18.450 0.024 4.16 426.0
2456017.81729 18.474 0.023 3.89 406.0
2456017.87575 18.478 0.022 3.83 364.0
2456017.91628 18.497 0.025 3.70 529.0
2456018.76737 18.430 0.038 6.17 428.0
2456018.80623 18.341 0.038 6.62 416.0
2456018.84614 18.389 0.023 4.02 401.0
2456018.91145 18.489 0.022 3.52 398.0
2456019.74293 18.342 0.038 6.36 525.0
2456019.78233 18.406 0.031 5.39 433.0
2456019.83957 18.406 0.025 4.31 414.0
2456019.87738 18.474 0.022 3.46 394.0
2456019.91731 18.422 0.025 4.01 465.0
2456020.72641 18.462 0.035 5.60 532.0
2456020.76493 18.402 0.029 4.94 482.0
2456020.82107 18.449 0.024 4.14 389.0
2456020.85989 18.512 0.024 3.93 386.0
2456020.89950 18.399 0.033 5.67 435.0
2456021.71580 18.395 0.056 7.76 678.0
2456021.74769 18.423 0.035 5.51 586.0
2456021.78668 18.486 0.034 5.22 522.0
2456021.82534 18.405 0.024 4.10 473.0
2456021.88371 18.445 0.027 4.32 434.0
2456021.92413 18.444 0.036 3.84 1134.0
2456022.73524 18.477 0.037 5.38 660.0
2456022.77350 18.516 0.031 4.36 569.0
2456022.81176 18.362 0.026 4.20 542.0
2456022.86925 18.467 0.029 4.34 516.0
2456022.91150 18.450 0.030 5.04 446.0
2456023.72925 18.306 0.037 5.93 749.0
2456023.76915 18.493 0.032 4.43 678.0
2456023.80975 18.479 0.033 4.61 618.0
2456023.84988 18.426 0.030 4.18 602.0
2456023.91438 18.454 0.031 3.94 625.0
2456024.72276 18.432 0.042 5.62 846.0
2456024.76373 18.496 0.043 5.70 712.0
2456024.82430 18.448 0.030 4.33 651.0
2456024.86486 18.419 0.029 3.82 630.0
2456024.91513 18.445 0.035 4.36 779.0
2456025.71246 18.553 0.057 6.48 848.0
2456025.75294 18.367 0.042 5.90 758.0
2456025.79276 18.416 0.043 5.76 681.0
2456025.84599 18.399 0.039 5.40 674.0
2456025.89826 18.367 0.033 4.75 662.0
2456026.72649 18.255 0.073 7.14 1943.0
2456029.84336 18.455 0.037 4.20 969.0
2456031.76593 18.489 0.039 6.44 505.0
2456031.80537 18.455 0.030 5.20 500.0
2456031.84633 18.475 0.030 4.83 514.0
2456031.88712 18.467 0.042 6.07 567.0
2456032.68226 18.587 0.052 6.56 653.0
2456032.72227 18.423 0.031 5.20 496.0
2456032.77012 18.424 0.027 4.64 491.0
2456032.81855 18.375 0.026 4.67 459.0
2456032.85888 18.415 0.028 4.81 458.0
2456032.90264 18.347 0.023 3.96 459.0
2456033.69432 18.419 0.041 7.12 533.0
2456033.74105 18.468 0.037 6.24 492.0
2456033.78266 18.442 0.036 6.18 472.0
2456033.85370 18.501 0.027 4.15 462.0
2456033.89528 18.479 0.031 4.79 487.0
2456034.69016 18.368 0.031 5.67 506.0
2456034.73683 18.466 0.029 5.17 442.0
2456034.78258 18.477 0.025 4.16 430.0
2456034.83670 18.407 0.027 5.00 430.0
2456034.92494 18.409 0.033 4.73 677.0
2456035.86873 18.463 0.030 4.78 497.0
2456035.93324 18.371 0.057 4.53 2097.0
2456036.72726 18.440 0.027 4.53 459.0
2456036.77127 18.454 0.026 4.28 449.0
2456036.84763 18.418 0.022 3.50 451.0
2456036.90208 18.404 0.025 4.16 514.0
2456037.71314 18.386 0.038 6.84 500.0
2456037.75375 18.586 0.043 6.06 485.0
2456037.79745 18.392 0.029 5.06 475.0
2456038.72205 18.427 0.039 6.93 454.0
2456038.76365 18.433 0.034 6.08 433.0
2456038.82889 18.442 0.027 4.33 476.0
2456038.92461 18.490 0.033 4.77 570.0
2456039.74515 18.512 0.053 7.76 500.0
2456039.79139 18.504 0.040 6.24 475.0
2456039.89597 18.432 0.029 4.72 506.0
2456039.93423 18.534 0.060 4.27 2270.0
2456040.76246 18.438 0.039 6.49 473.0
2456040.80438 18.451 0.032 5.20 479.0
2456040.86744 18.426 0.031 4.88 502.0
2456040.90860 18.443 0.029 4.77 486.0
2456041.71043 18.455 0.041 7.17 492.0
2456041.75518 18.427 0.042 6.96 504.0
2456041.79937 18.398 0.029 5.13 481.0
2456041.86114 18.463 0.028 4.26 502.0
2456041.90146 18.403 0.027 4.29 507.0
2456045.89599 18.514 0.029 4.16 553.0
2456045.93363 18.484 0.041 5.07 863.0
2456046.90722 18.385 0.027 4.45 492.0
2456047.68024 18.362 0.036 6.42 541.0
2456047.71939 18.400 0.032 5.63 476.0
2456047.75889 18.437 0.026 4.56 446.0
2456047.79846 18.448 0.027 4.26 488.0
2456047.87159 18.467 0.032 5.00 516.0
2456047.91292 18.408 0.030 4.97 557.0
2456048.69668 18.340 0.031 4.54 588.0
2456048.73697 18.440 0.031 4.02 498.0
2456048.79804 18.397 0.029 4.43 409.0
2456049.70535 18.431 0.029 4.93 521.0
2456049.75900 18.473 0.025 3.81 487.0
2456049.81760 18.429 0.025 3.57 442.0
2456049.89941 18.436 0.027 4.57 497.0
2456050.65752 18.368 0.045 6.82 652.0
2456050.69470 18.383 0.037 5.89 575.0
2456050.73381 18.461 0.034 4.89 552.0
2456051.66384 18.477 0.041 5.65 716.0
2456051.75317 18.498 0.030 4.29 576.0
2456052.67908 18.356 0.041 5.57 844.0
2456052.72702 18.395 0.035 5.13 688.0
2456052.77522 18.495 0.034 4.65 660.0
2456052.81431 18.397 0.032 4.69 660.0
2456052.85526 18.404 0.030 3.91 711.0
2456052.89405 18.430 0.030 4.03 740.0
2456053.67070 18.435 0.045 5.18 1176.0
2456053.71074 18.383 0.037 4.42 997.0
2456053.75822 18.530 0.035 4.07 865.0
2456053.80612 18.425 0.028 3.45 846.0
2456053.90247 18.423 0.035 3.95 1155.0
2456054.86568 18.446 0.033 3.25 1154.0
2456054.89883 18.468 0.036 4.00 1135.0
2456057.87757 18.437 0.032 4.52 687.0
2456057.92556 18.445 0.042 3.94 1499.0
2456058.67735 18.436 0.051 8.36 558.0
2456058.71736 18.394 0.035 6.18 527.0
2456058.75670 18.463 0.030 4.46 526.0
2456058.84740 18.396 0.032 5.09 529.0
2456058.88903 18.384 0.028 4.26 553.0
2456058.92752 18.398 0.036 5.45 617.0
2456059.69487 18.485 0.038 6.43 477.0
2456059.73350 18.421 0.034 5.71 492.0
2456059.77195 18.417 0.029 5.03 468.0
2456059.83210 18.494 0.028 4.21 490.0
2456059.87092 18.403 0.025 4.06 509.0
2456059.90980 18.459 0.029 4.48 516.0
2456060.77757 18.439 0.029 4.98 445.0
2456061.67136 18.508 0.041 6.54 476.0
2456061.71025 18.391 0.036 6.04 499.0
2456061.76032 18.475 0.027 4.13 503.0
2456061.81087 18.528 0.033 4.95 498.0
2456061.84978 18.491 0.030 4.31 551.0
2456061.88803 18.397 0.035 5.63 596.0
2456061.92659 18.497 0.037 5.48 648.0
2456062.66592 18.563 0.042 6.59 574.0
2456062.70876 18.432 0.038 6.12 606.0
2456062.74778 18.416 0.037 5.67 606.0
2456062.79739 18.528 0.036 4.87 594.0
2456062.84857 18.426 0.030 4.45 587.0
2456062.88687 18.410 0.029 4.35 635.0
2456062.92486 18.471 0.037 4.72 748.0
2456063.77661 18.508 0.046 7.03 462.0
2456063.81772 18.382 0.033 5.79 470.0
2456063.86631 18.388 0.038 6.37 469.0
2456063.91355 18.406 0.032 4.73 623.0
2456064.66419 18.486 0.033 5.58 529.0
2456064.74033 18.451 0.024 3.90 466.0
2456064.80205 18.433 0.024 3.62 490.0
2456064.84377 18.474 0.027 4.25 515.0
2456064.88627 18.486 0.030 4.66 552.0
2456064.92472 18.373 0.029 5.17 590.0
2456065.63522 18.371 0.032 5.27 527.0
2456065.67336 18.385 0.028 4.84 442.0
2456065.71186 18.447 0.026 4.33 408.0
2456065.77260 18.436 0.024 3.48 491.0
2456065.81399 18.417 0.030 4.62 537.0
2456065.86111 18.555 0.032 4.41 543.0
2456066.63767 18.325 0.030 5.31 518.0
2456066.67561 18.415 0.028 4.48 509.0
2456066.71363 18.441 0.027 4.14 510.0
2456066.76403 18.453 0.023 3.54 489.0
2456066.81805 18.525 0.030 4.52 501.0
2456066.85866 18.446 0.028 4.26 543.0
2456066.89887 18.479 0.028 3.92 539.0
2456066.93706 18.409 0.027 3.68 653.0
2456067.62193 18.375 0.029 4.91 477.0
2456067.66257 18.511 0.032 4.74 477.0
2456067.70065 18.365 0.025 3.98 462.0
2456067.74958 18.451 0.023 3.35 460.0
2456067.80084 18.435 0.028 4.27 463.0
2456067.83976 18.418 0.025 3.84 472.0
2456067.87862 18.491 0.030 4.11 549.0
2456067.91644 18.391 0.026 3.63 570.0
2456068.61679 18.387 0.033 5.26 560.0
2456068.66578 18.549 0.031 4.14 511.0
2456068.71252 18.515 0.028 4.28 437.0
2456068.76468 18.522 0.027 4.12 419.0
2456068.84041 18.440 0.024 3.37 455.0
2456068.88516 18.441 0.025 3.23 551.0
2456068.93185 18.462 0.030 4.64 599.0
2456069.60450 18.438 0.032 5.71 489.0
2456069.66499 18.436 0.030 5.16 448.0
2456069.70488 18.571 0.028 4.30 418.0
2456069.74437 18.451 0.025 4.09 411.0
2456069.81155 18.340 0.025 4.41 423.0
2456069.85323 18.422 0.023 3.76 417.0
2456069.89378 18.427 0.024 3.53 448.0
2456069.93190 18.436 0.027 3.88 519.0
2456070.61413 18.308 0.041 6.92 516.0
2456070.65228 18.568 0.046 6.36 509.0
2456070.69204 18.483 0.029 4.50 443.0
2456070.73029 18.410 0.026 4.36 427.0
2456070.77909 18.481 0.029 4.95 438.0
2456070.82911 18.373 0.026 4.48 455.0
2456070.86901 18.358 0.028 4.73 473.0
2456070.90750 18.346 0.029 5.30 462.0
2456070.94666 18.490 0.067 5.30 1988.0
2456071.61412 18.462 0.031 5.26 454.0
2456071.65333 18.405 0.030 5.21 419.0
2456071.69296 18.439 0.028 4.97 393.0
2456071.73171 18.458 0.025 4.26 405.0
2456071.79508 18.388 0.032 5.40 463.0
2456071.83492 18.406 0.027 4.79 439.0
2456071.87300 18.409 0.028 4.83 474.0
2456071.91097 18.397 0.046 7.37 493.0
2456075.60812 18.487 0.029 4.27 482.0
2456075.64625 18.439 0.025 4.03 416.0
2456075.68452 18.468 0.023 3.79 394.0
2456075.73533 18.475 0.027 4.34 418.0
2456075.79012 18.406 0.022 3.68 395.0
2456075.82963 18.413 0.024 4.00 423.0
2456075.87408 18.356 0.025 4.21 470.0
2456076.59924 18.414 0.034 5.34 556.0
2456076.64087 18.467 0.035 5.62 511.0
2456076.68764 18.465 0.036 5.47 479.0
2456076.73487 18.441 0.025 4.13 434.0
2456076.78388 18.434 0.028 4.72 436.0
2456076.82261 18.396 0.030 5.19 460.0
2456076.87193 18.289 0.031 5.96 507.0
2456076.91763 18.327 0.035 6.27 555.0
2456077.69976 18.425 0.030 4.83 484.0
2456077.75887 18.437 0.032 5.59 413.0
2456077.81785 18.558 0.031 4.68 454.0
2456077.85887 18.525 0.028 4.30 451.0
2456077.90025 18.316 0.027 4.63 510.0
2456077.93889 18.435 0.037 5.19 641.0
2456078.62078 18.450 0.030 4.17 591.0
2456078.65888 18.445 0.034 5.12 547.0
2456078.69735 18.411 0.028 4.23 528.0
2456078.76016 18.438 0.028 4.19 498.0
2456078.83950 18.411 0.027 4.38 490.0
2456078.88366 18.417 0.028 3.81 586.0
2456078.92316 18.356 0.026 4.04 595.0
2456079.58600 18.538 0.033 4.18 643.0
2456079.62525 18.412 0.028 4.34 519.0
2456079.66321 18.440 0.026 4.10 471.0
2456079.71658 18.409 0.026 3.98 462.0
2456079.77685 18.461 0.031 4.62 543.0
2456079.81601 18.405 0.030 4.54 562.0
2456079.86665 18.495 0.024 3.56 490.0
2456079.90653 18.414 0.031 4.85 544.0
2456079.94529 18.482 0.051 5.25 1137.0
2456080.59570 18.388 0.044 5.97 732.0
2456080.63382 18.438 0.036 4.85 716.0
2456080.67683 18.488 0.031 4.70 569.0
2456080.72215 18.423 0.028 4.26 560.0
2456080.76224 18.460 0.035 5.18 588.0
2456080.80155 18.509 0.031 4.33 551.0
2456080.85886 18.455 0.033 4.90 556.0
2456080.89979 18.435 0.033 5.36 501.0
2456081.59143 18.474 0.042 4.93 933.0
2456081.62922 18.458 0.036 4.72 766.0
2456081.67027 18.390 0.032 4.64 666.0
2456081.71565 18.417 0.030 4.26 620.0
2456081.75495 18.472 0.039 4.09 1168.0
2456081.80967 18.440 0.029 4.04 632.0
2456081.85291 18.540 0.039 5.02 714.0
2456081.89155 18.506 0.046 5.74 769.0
2456081.93955 18.474 0.056 6.85 852.0
2456082.66236 18.341 0.062 6.97 1155.0
2456082.71309 18.465 0.055 6.13 976.0
2456082.78439 18.389 0.049 5.54 1127.0
2456082.82876 18.435 0.053 5.52 1172.0
2456082.86577 18.358 0.049 5.21 1277.0
2456082.91045 18.440 0.066 6.53 1226.0
2456085.58653 18.374 0.043 5.66 891.0
2456085.63643 18.504 0.039 4.89 767.0
2456085.67270 18.380 0.034 4.73 766.0
2456085.71662 18.471 0.045 4.49 1351.0
2456085.75953 18.424 0.035 5.00 706.0
2456085.79833 18.390 0.033 4.71 698.0
2456085.83717 18.485 0.043 5.09 949.0
2456085.87700 18.276 0.058 5.37 2229.0
2456085.91735 18.495 0.050 5.75 880.0
2456086.56991 18.380 0.036 5.96 530.0
2456086.61032 18.340 0.034 5.45 600.0
2456086.65346 18.476 0.032 4.72 561.0
2456086.69243 18.487 0.028 4.00 532.0
2456086.75554 18.398 0.027 4.24 521.0
2456086.79383 18.472 0.036 5.38 549.0
2456086.83923 18.459 0.031 4.46 587.0
2456086.88572 18.431 0.039 5.41 680.0
2456086.92710 18.335 0.047 6.64 816.0
2456087.58939 18.556 0.034 5.68 408.0
2456087.83377 18.417 0.036 5.43 611.0
2456088.56163 18.440 0.038 6.18 511.0
2456088.59946 18.352 0.028 5.51 403.0
2456088.63785 18.519 0.030 4.95 412.0
2456088.67565 18.438 0.023 3.86 410.0
2456089.64169 18.430 0.028 4.65 500.0
2456089.68048 18.420 0.026 4.62 454.0
2456089.74162 18.445 0.030 4.79 499.0
2456089.79200 18.398 0.031 5.00 486.0
2456089.85314 18.445 0.032 4.98 557.0
2456089.92818 18.447 0.046 6.73 543.0
2456092.59782 18.426 0.031 5.46 461.0
2456092.63590 18.364 0.048 8.30 444.0
2456092.67625 18.583 0.038 5.83 436.0
2456092.80568 18.416 0.029 5.10 450.0
2456092.87525 18.419 0.037 5.67 578.0
2456093.55061 18.499 0.039 6.10 510.0
2456093.59217 18.417 0.032 5.55 455.0
2456093.63023 18.426 0.028 4.98 410.0
2456093.66823 18.498 0.035 5.92 408.0
2456093.72870 18.436 0.026 4.47 412.0
2456093.79067 18.459 0.037 6.12 437.0
2456093.83066 18.415 0.036 6.21 447.0
2456093.87116 18.339 0.041 7.32 469.0
2456094.60416 18.300 0.040 6.98 525.0
2456094.64165 18.463 0.037 5.84 519.0
2456094.67915 18.439 0.034 5.50 523.0
2456094.72897 18.378 0.031 5.16 539.0
2456094.77617 18.400 0.033 5.54 506.0
2456094.81518 18.423 0.033 5.37 513.0
2456094.85444 18.537 0.042 5.83 540.0
2456094.90441 18.408 0.051 6.97 678.0
2456096.60290 18.420 0.035 6.22 463.0
2456096.64848 18.381 0.028 5.38 425.0
2456096.68780 18.405 0.032 5.78 427.0
2456096.76243 18.365 0.032 5.91 462.0
2456096.80176 18.284 0.033 6.06 500.0
2456096.84265 18.471 0.037 5.45 559.0
2456096.88475 18.475 0.051 6.96 645.0
2456097.67659 18.468 0.035 5.72 450.0
2456097.74925 18.452 0.045 6.96 477.0
2456097.78798 18.279 0.031 5.86 481.0
2456097.82562 18.516 0.038 5.51 495.0
2456097.86528 18.328 0.034 5.45 566.0
2456097.90396 18.335 0.041 6.43 635.0
2456098.58302 18.327 0.037 6.55 480.0
2456098.62271 18.495 0.036 5.97 453.0
2456098.66030 18.376 0.034 5.97 474.0
2456098.71191 18.429 0.035 5.98 453.0
2456098.76196 18.427 0.027 4.79 456.0
2456098.80246 18.407 0.031 5.23 482.0
2456098.84120 18.396 0.034 5.59 531.0
2456098.87914 18.406 0.036 5.61 606.0
2456099.63923 18.381 0.047 7.31 554.0
2456099.75011 18.427 0.044 7.01 510.0
2456100.51400 18.540 0.052 6.62 704.0
2456100.56995 18.354 0.043 6.98 556.0
2456100.60988 18.397 0.033 5.28 532.0
2456100.64753 18.436 0.031 4.91 493.0
2456100.70750 18.445 0.026 4.25 473.0
2456100.74675 18.403 0.028 4.73 477.0
2456100.78452 18.324 0.041 7.06 534.0
2456100.83495 18.410 0.034 5.25 596.0
2456100.87266 18.399 0.042 6.34 666.0
2456101.51096 18.491 0.042 5.86 685.0
2456101.54900 18.350 0.033 5.61 555.0
2456101.58656 18.406 0.032 5.10 558.0
2456101.62470 18.438 0.029 4.55 524.0
2456101.66433 18.427 0.024 4.14 431.0
2456101.72609 18.423 0.026 4.42 453.0
2456101.76504 18.367 0.028 4.64 490.0
2456101.80403 18.517 0.035 5.04 584.0
2456101.85156 18.366 0.044 6.42 688.0
2456102.59929 18.421 0.033 5.25 526.0
2456102.64651 18.441 0.030 4.83 466.0
2456102.68607 18.427 0.031 4.80 511.0
2456102.72615 18.431 0.026 3.88 519.0
2456102.76508 18.435 0.026 4.03 519.0
2456102.80488 18.432 0.030 4.54 541.0
2456102.84482 18.515 0.036 5.01 580.0
2456102.88409 18.432 0.042 5.46 757.0
2456103.51697 18.334 0.036 5.85 694.0
2456103.55631 18.463 0.033 4.50 577.0
2456103.59746 18.330 0.026 4.23 510.0
2456103.64685 18.473 0.026 3.48 544.0
2456103.69586 18.408 0.030 4.54 490.0
2456103.73670 18.419 0.030 5.11 463.0
2456103.80218 18.565 0.034 5.78 449.0
2456103.85038 18.429 0.037 6.25 546.0
2456104.51834 18.556 0.037 4.87 639.0
2456104.55625 18.424 0.026 4.13 546.0
2456104.59384 18.323 0.024 3.94 499.0
2456104.62987 18.444 0.025 4.03 448.0
2456104.67935 18.471 0.022 3.58 397.0
2456104.72140 18.418 0.024 3.92 418.0
2456104.76017 18.474 0.027 4.42 422.0
2456104.79981 18.428 0.028 5.01 422.0
2456104.84583 18.438 0.031 5.60 461.0
2456105.50070 18.439 0.043 6.46 605.0
2456105.52869 18.395 0.036 5.69 559.0
2456105.56633 18.461 0.037 6.13 487.0
2456105.62444 18.438 0.029 4.93 454.0
2456105.67944 18.496 0.028 4.67 418.0
2456105.71847 18.465 0.027 4.64 394.0
2456105.75831 18.489 0.038 6.30 425.0
2456106.62427 18.432 0.037 6.10 483.0
2456106.69266 18.324 0.045 6.38 707.0
2456108.52845 18.420 0.038 5.32 763.0
2456108.56733 18.466 0.033 4.87 646.0
2456108.61994 18.493 0.039 4.64 902.0
2456108.67096 18.478 0.028 4.33 527.0
2456108.71358 18.452 0.027 4.14 587.0
2456108.75315 18.477 0.029 3.89 636.0
2456108.79201 18.420 0.033 4.95 677.0
2456108.83395 18.500 0.031 4.13 612.0
2456108.87058 18.448 0.036 5.66 536.0
2456109.68201 18.478 0.043 3.75 1462.0
2456109.71840 18.383 0.035 4.38 854.0
2456109.75628 18.466 0.044 4.74 1030.0
2456109.79913 18.355 0.039 5.10 899.0
2456109.83929 18.377 0.042 5.37 894.0
2456113.53552 18.493 0.054 6.36 846.0
2456113.57778 18.470 0.042 5.36 795.0
2456113.61542 18.497 0.039 4.81 803.0
2456113.65657 18.435 0.039 5.30 807.0
2456113.69733 18.420 0.037 4.72 798.0
2456113.73627 18.480 0.044 5.29 875.0
2456113.77402 18.447 0.035 4.20 847.0
2456113.81188 18.499 0.042 4.73 956.0
2456113.85050 18.404 0.046 5.26 1117.0
2456114.58608 18.334 0.045 6.65 687.0
2456114.62209 18.371 0.038 5.75 640.0
2456114.67149 18.413 0.040 5.76 640.0
2456114.71989 18.479 0.033 4.43 613.0
2456114.75750 18.451 0.038 5.34 646.0
2456114.79654 18.459 0.036 4.70 714.0
2456114.83805 18.381 0.042 5.40 836.0
2456115.48331 18.376 0.037 6.27 576.0
2456115.52253 18.447 0.035 5.75 524.0
2456115.55983 18.463 0.032 5.07 540.0
2456115.61002 18.427 0.028 4.47 566.0
2456115.66658 18.385 0.033 5.97 504.0
2456115.71047 18.309 0.039 7.24 487.0
2456115.77564 18.423 0.042 6.78 496.0
2456116.48141 18.401 0.034 5.49 569.0
2456116.52300 18.374 0.025 4.58 451.0
2456116.56308 18.383 0.025 4.67 426.0
2456116.61122 18.399 0.024 4.23 423.0
2456116.65983 18.485 0.027 4.50 432.0
2456116.69784 18.416 0.028 4.98 451.0
2456116.74510 18.431 0.029 4.87 471.0
2456116.78385 18.410 0.031 5.11 485.0
2456116.82584 18.360 0.031 5.05 547.0
2456117.50334 18.368 0.033 5.04 651.0
2456117.54079 18.453 0.033 5.14 509.0
2456117.57813 18.440 0.030 4.91 444.0
2456117.63006 18.413 0.026 4.71 405.0
2456117.68082 18.390 0.026 4.24 491.0
2456117.71966 18.401 0.028 4.54 506.0
2456117.75883 18.485 0.031 4.54 533.0
2456117.79633 18.390 0.031 4.79 566.0
2456117.83433 18.345 0.036 5.40 637.0
2456118.49337 18.422 0.035 5.43 568.0
2456118.53162 18.359 0.027 4.90 480.0
2456118.57192 18.431 0.026 4.49 443.0
2456118.62224 18.508 0.026 4.45 422.0
2456118.67785 18.470 0.028 4.74 425.0
2456118.71983 18.448 0.025 4.34 400.0
2456118.75861 18.436 0.028 4.81 440.0
2456118.79583 18.423 0.031 5.05 494.0
2456118.83349 18.398 0.032 5.10 545.0
2456119.48165 18.397 0.040 6.51 528.0
2456119.52083 18.392 0.034 6.07 430.0
2456119.56103 18.334 0.032 6.31 387.0
2456119.60835 18.366 0.031 6.19 378.0
2456119.66038 18.373 0.027 5.11 375.0
2456119.69914 18.392 0.025 4.54 383.0
2456119.72650 18.379 0.027 4.92 414.0
2456119.76605 18.467 0.035 5.73 449.0
2456119.80433 18.247 0.033 5.96 563.0
2456120.50974 18.510 0.045 6.23 516.0
2456120.54925 18.458 0.040 6.37 429.0
2456120.60424 18.453 0.029 5.07 370.0
2456120.66531 18.545 0.030 4.96 351.0
2456120.70451 18.380 0.032 6.11 360.0
2456120.74593 18.424 0.028 4.95 380.0
2456120.79165 18.426 0.033 5.80 409.0
2456120.83139 18.424 0.046 7.07 505.0
2456121.50157 18.418 0.026 4.62 434.0
2456121.53931 18.443 0.028 5.03 399.0
2456121.57688 18.403 0.021 4.09 343.0
2456121.64419 18.467 0.024 4.41 356.0
2456121.68225 18.473 0.023 4.17 346.0
2456121.70841 18.407 0.024 4.63 363.0
2456121.74648 18.414 0.022 4.27 354.0
2456121.78600 18.431 0.024 4.37 386.0
2456123.51425 18.464 0.041 5.91 531.0
2456123.55266 18.435 0.033 5.47 454.0
2456123.59977 18.582 0.034 5.42 407.0
2456123.65068 18.540 0.032 5.79 395.0
2456123.69023 18.441 0.027 5.20 367.0
2456123.72797 18.425 0.030 5.65 370.0
2456123.76921 18.434 0.037 6.48 399.0
2456123.80820 18.391 0.034 5.98 452.0
2456124.49816 18.410 0.041 6.51 525.0
2456124.53786 18.457 0.030 5.07 431.0
2456124.59886 18.403 0.028 5.30 383.0
2456124.66884 18.421 0.029 5.52 396.0
2456124.70857 18.402 0.028 5.20 417.0
2456124.74918 18.485 0.032 5.46 459.0
2456124.78947 18.366 0.036 6.24 486.0
2456124.82933 18.454 0.035 5.42 517.0
2456125.55334 18.430 0.030 5.44 427.0
2456125.61512 18.472 0.032 5.66 396.0
2456125.67016 18.413 0.032 5.77 410.0
2456125.71271 18.379 0.030 5.27 407.0
2456125.75800 18.481 0.030 4.90 424.0
2456125.79864 18.461 0.033 5.43 434.0
2456126.49092 18.418 0.034 5.31 483.0
2456126.54229 18.351 0.028 5.01 421.0
2456126.58766 18.348 0.034 6.30 384.0
2456126.64678 18.532 0.034 5.51 390.0
2456126.70548 18.382 0.029 5.28 422.0
2456126.74982 18.487 0.030 5.23 412.0
2456127.49123 18.337 0.033 5.79 518.0
2456127.53316 18.415 0.036 5.81 459.0
2456127.61774 18.334 0.033 6.19 387.0
2456127.78819 18.524 0.032 5.89 370.0
2456128.54232 18.520 0.027 4.17 434.0
2456128.58174 18.340 0.026 4.97 397.0
2456128.68117 18.445 0.030 5.07 448.0
2456129.66050 18.377 0.023 4.25 361.0
2456130.71633 18.382 0.032 5.19 454.0
2456131.51731 18.548 0.040 6.13 410.0
2456131.56503 18.396 0.030 5.43 380.0
2456131.63117 18.324 0.025 4.84 372.0
2456131.67643 18.390 0.026 4.87 371.0
2456131.74593 18.311 0.030 5.23 431.0
2456132.49787 18.409 0.039 6.08 460.0
2456132.56758 18.453 0.052 7.57 446.0
2456132.65418 18.395 0.036 6.22 404.0
2456132.74059 18.496 0.031 4.63 432.0
2456132.77712 18.404 0.034 5.28 479.0
2456133.55127 18.428 0.035 5.84 425.0
2456133.59972 18.377 0.030 5.39 383.0
2456133.66180 18.434 0.030 5.07 417.0
2456133.70493 18.492 0.035 5.55 428.0
2456133.75358 18.500 0.035 5.55 460.0
2456134.51983 18.389 0.040 6.38 523.0
2456134.56294 18.396 0.048 7.35 534.0
2456134.60641 18.232 0.037 7.10 473.0
2456134.67326 18.411 0.037 6.17 430.0
2456135.50371 18.412 0.039 5.80 562.0
2456135.54542 18.327 0.039 6.52 535.0
2456135.60574 18.294 0.032 5.78 475.0
2456135.67267 18.378 0.036 6.23 454.0
2456135.72523 18.415 0.031 5.05 469.0
2456135.76718 18.418 0.033 5.43 457.0
2456135.80867 18.345 0.038 6.42 520.0
2456136.59524 18.366 0.045 6.91 523.0
2456136.62140 18.444 0.049 6.99 538.0
2456136.65188 18.322 0.041 6.85 517.0
2456136.73010 18.385 0.054 7.91 540.0
2456140.50600 18.324 0.044 5.56 1057.0
2456140.55434 18.381 0.043 5.29 970.0
2456140.60735 18.394 0.048 6.31 867.0
2456140.64521 18.339 0.045 5.93 882.0
2456140.68436 18.529 0.050 5.70 919.0
2456140.72752 18.405 0.058 6.91 978.0
2456141.49363 18.379 0.038 5.21 842.0
2456141.53130 18.375 0.036 4.84 802.0
2456141.57957 18.514 0.046 5.63 764.0
2456141.62913 18.443 0.039 5.34 720.0
2456141.66679 18.410 0.036 4.88 736.0
2456141.70771 18.439 0.040 5.30 811.0
2456141.74625 18.306 0.035 4.73 892.0
2456141.78272 18.456 0.048 5.33 1076.0
2456142.53487 18.244 0.040 6.34 677.0
2456142.57738 18.315 0.051 7.48 679.0
2456142.68402 18.309 0.052 7.68 688.0
2456143.71781 18.494 0.054 7.26 576.0
2456147.50472 18.475 0.042 6.84 432.0
2456147.56518 18.330 0.032 6.04 385.0
2456147.60739 18.391 0.042 7.46 388.0
2456147.64868 18.347 0.038 7.41 387.0
2456147.70253 18.271 0.038 7.72 424.0
2456148.49671 18.420 0.025 4.60 396.0
2456148.53490 18.417 0.024 4.43 372.0
2456148.59490 18.362 0.027 5.30 365.0
2456148.63871 18.368 0.023 4.25 373.0
2456148.68062 18.326 0.024 4.74 399.0
2456149.55993 18.318 0.030 5.55 417.0
2456149.60523 18.310 0.031 5.81 424.0
2456150.48298 18.322 0.042 7.30 467.0
2456150.53595 18.284 0.031 5.85 431.0
2456150.58829 18.279 0.033 6.33 425.0
2456150.63848 18.362 0.030 5.53 403.0
2456150.67839 18.279 0.030 5.88 413.0
2456151.53980 18.261 0.041 7.77 458.0
2456151.58089 18.228 0.030 6.29 423.0
2456151.62131 18.367 0.034 6.03 438.0
2456151.66081 18.372 0.032 5.92 404.0
2456151.70221 18.317 0.038 6.84 479.0
2456151.74030 18.375 0.033 5.58 472.0
2456152.51151 18.329 0.030 5.86 387.0
2456152.54985 18.304 0.028 5.73 371.0
2456152.60450 18.354 0.027 5.61 358.0
2456152.65448 18.319 0.025 5.30 367.0
2456153.69330 18.365 0.036 6.19 450.0
2456154.50008 18.203 0.026 5.25 468.0
2456154.54008 18.253 0.027 5.30 433.0
2456154.60938 18.228 0.029 5.59 456.0
2456154.69280 18.277 0.030 5.97 419.0
2456157.64766 18.032 0.028 6.49 453.0
2456157.69099 18.003 0.028 6.66 471.0
2456158.48786 17.903 0.018 4.54 464.0
2456158.53829 17.988 0.018 4.53 445.0
2456158.58877 17.973 0.021 5.30 461.0
2456158.63061 17.927 0.020 5.33 478.0
2456158.67004 17.966 0.023 5.83 513.0
2456158.70949 17.990 0.021 4.91 539.0
2456159.49534 17.925 0.027 6.15 541.0
2456159.55035 17.834 0.021 5.82 456.0
2456159.59126 17.835 0.021 5.61 444.0
2456159.66231 17.803 0.021 5.79 464.0
2456159.71853 17.823 0.025 6.27 515.0
2456160.51911 17.669 0.015 4.59 411.0
2456160.59091 17.702 0.015 4.53 395.0
2456160.63246 17.634 0.015 4.79 430.0
2456160.67257 17.678 0.017 5.23 435.0
2456160.72541 17.647 0.017 5.10 490.0
2456161.51495 17.435 0.018 7.23 414.0
2456161.55642 17.410 0.016 6.07 409.0
2456161.60709 17.437 0.015 5.59 408.0
2456161.67958 17.426 0.017 6.60 416.0
2456164.49238 16.095 0.005 4.71 548.0
2456164.55538 16.101 0.006 5.10 1080.0
2456164.59410 16.117 0.006 5.54 794.0
2456164.65118 16.142 0.006 6.21 594.0
2456164.70463 16.197 0.009 7.35 951.0
2456167.53673 17.450 0.023 4.82 1631.0
2456167.58686 17.562 0.027 3.94 2575.0
2456167.63933 17.491 0.024 4.04 2424.0
2456167.68178 17.532 0.029 4.68 2484.0
2456168.53884 17.753 0.016 3.74 692.0
2456168.60346 17.700 0.016 4.21 695.0
2456168.65981 17.785 0.018 4.32 694.0
2456168.69722 17.769 0.019 4.41 787.0
2456168.70440 17.705 0.019 4.66 845.0
2456169.53094 17.891 0.023 5.25 641.0
2456169.58134 17.906 0.020 4.06 652.0
2456169.62179 17.922 0.022 4.31 718.0
2456169.66164 17.958 0.023 4.02 784.0
2456169.69941 17.889 0.030 6.16 941.0
2456171.53515 18.109 0.023 4.25 669.0
2456171.58418 18.116 0.025 4.57 670.0
2456171.62583 18.188 0.030 5.32 665.0
2456171.67292 18.115 0.032 5.83 727.0
2456172.49410 18.175 0.017 3.15 461.0
2456172.54541 18.153 0.022 4.17 536.0
2456172.59445 18.207 0.023 4.14 545.0
2456172.63435 18.239 0.023 3.94 553.0
2456172.67636 18.342 0.039 5.46 818.0
2456174.60012 18.327 0.045 6.96 603.0
2456174.63398 18.412 0.050 7.07 633.0
2456175.49723 18.320 0.026 4.65 476.0
2456175.54558 18.278 0.026 4.67 490.0
2456175.58385 18.293 0.029 5.05 529.0
2456175.62220 18.357 0.034 5.22 622.0
2456175.66870 18.161 0.033 5.89 633.0
2456179.50000 18.312 0.040 6.88 504.0
2456179.55892 18.383 0.037 6.20 490.0
2456179.60067 18.337 0.041 6.70 507.0
2456179.64149 18.325 0.041 6.86 487.0
2456180.48740 18.216 0.050 8.55 547.0
2456180.54684 18.390 0.037 5.86 512.0
2456180.58469 18.467 0.046 6.62 553.0
2456180.62584 18.348 0.038 6.12 545.0
2456180.66122 18.501 0.048 6.44 584.0
2456181.49182 18.470 0.036 5.28 559.0
2456181.54584 18.343 0.027 4.29 546.0
2456181.58754 18.426 0.028 4.15 542.0
2456181.62661 18.421 0.032 4.85 528.0
2456182.49220 18.363 0.031 5.33 478.0
2456182.54709 18.365 0.030 5.53 445.0
2456182.59529 18.429 0.030 5.00 446.0
2456182.64041 18.392 0.040 6.47 523.0
2456183.48932 18.367 0.039 6.51 493.0
2456183.59232 18.386 0.027 4.13 432.0
2456183.63141 18.390 0.029 4.56 411.0
2456184.52719 18.425 0.026 4.50 425.0
2456184.58566 18.393 0.025 4.57 385.0
2456184.63147 18.424 0.030 5.88 397.0
2456185.49404 18.442 0.026 4.50 414.0
2456185.55288 18.353 0.024 4.34 415.0
2456185.59221 18.419 0.026 4.17 421.0
2456185.64254 18.309 0.032 6.10 481.0
2456186.50685 18.293 0.037 6.81 455.0
2456186.56390 18.427 0.036 5.85 430.0
2456186.60959 18.349 0.032 5.49 457.0
2456190.50386 18.384 0.035 5.85 487.0
2456190.56077 18.380 0.026 4.42 493.0
2456190.60125 18.455 0.030 4.63 499.0
2456191.50080 18.434 0.043 6.60 478.0
2456191.55657 18.454 0.035 5.49 453.0
2456191.59929 18.340 0.033 5.56 460.0
2456191.64253 18.398 0.032 5.39 499.0
2456195.51789 18.403 0.032 4.77 589.0
2456195.55853 18.437 0.035 5.25 660.0
2456195.59721 18.424 0.033 4.29 704.0
2456195.63505 18.408 0.037 4.85 806.0
2456196.51698 18.412 0.040 5.35 685.0
2456196.55555 18.390 0.038 5.30 674.0
2456196.59631 18.396 0.040 5.15 750.0
2456196.63212 18.442 0.046 5.88 809.0
2456197.51866 18.442 0.038 5.30 634.0
2456197.55730 18.406 0.041 5.51 684.0
2456197.59805 18.402 0.046 6.05 771.0
2456198.56370 18.381 0.042 5.91 671.0
2456199.52771 18.398 0.049 7.50 612.0
2456200.59710 18.402 0.053 6.81 747.0
2456200.62024 18.455 0.052 6.27 806.0
2456201.54457 18.367 0.047 7.04 605.0
2456202.57682 18.302 0.048 6.08 925.0
2456203.51642 18.463 0.043 6.40 545.0
2456203.56720 18.380 0.043 6.18 649.0
2456203.60787 18.151 0.049 8.09 777.0
2456204.52068 18.305 0.031 5.21 547.0
2456204.55931 18.520 0.039 5.11 581.0
2456204.59713 18.494 0.040 4.90 691.0
2456205.50061 18.310 0.033 5.92 504.0
2456205.54355 18.441 0.029 4.62 461.0
2456205.58162 18.401 0.031 4.88 461.0
2456208.51319 18.509 0.041 6.00 545.0
2456209.57699 18.557 0.054 6.97 558.0
2456210.51454 18.435 0.034 6.34 494.0
2456210.55271 18.330 0.033 6.13 513.0
2456210.59184 18.351 0.037 6.24 558.0
2456211.51611 18.365 0.029 4.90 486.0
2456211.55831 18.434 0.031 5.02 481.0
2456211.59674 18.378 0.039 6.14 546.0
2456212.51550 18.345 0.031 4.93 565.0
2456212.55430 18.493 0.036 4.90 570.0
2456213.49052 18.437 0.047 6.09 725.0
2456213.53067 18.425 0.032 4.76 511.0
2456213.56917 18.372 0.042 6.42 559.0
2456214.52352 18.354 0.039 6.43 504.0
2456214.55914 18.315 0.037 6.43 502.0
2456215.53499 18.410 0.051 7.44 573.0
2456216.52626 18.416 0.035 5.40 523.0
2456216.56512 18.380 0.032 5.05 551.0
2456217.52084 18.463 0.030 4.45 487.0
2456217.55892 18.365 0.029 4.64 504.0
2456218.49579 18.302 0.033 5.09 621.0
2456218.53426 18.310 0.046 6.86 629.0
2456218.57244 18.429 0.044 6.13 660.0
2456219.52861 18.424 0.032 4.81 509.0
2456219.56727 18.395 0.042 5.60 694.0
2456223.50915 18.545 0.054 6.39 723.0
2456223.56015 18.399 0.049 6.48 830.0
2456224.49617 18.330 0.056 6.95 871.0
2456226.49933 18.405 0.049 6.24 839.0
2456231.51852 18.365 0.049 5.79 896.0
2456233.49943 18.309 0.063 5.99 1503.0
2456233.54899 18.458 0.043 5.87 665.0
2456234.53673 18.443 0.052 6.91 675.0
2456238.53404 18.316 0.041 5.46 784.0
2456242.51164 18.484 0.066 6.77 1126.0
