2455260.85336 16.767 0.010 4.80 754.0
2455260.90029 16.775 0.009 3.86 845.0
2455261.79151 16.792 0.010 4.93 755.0
2455262.82995 16.767 0.018 6.32 2088.0
2455264.81438 16.768 0.010 5.43 665.0
2455264.86761 16.772 0.010 4.60 633.0
2455264.88488 16.786 0.009 4.39 634.0
2455265.79053 16.771 0.009 4.62 602.0
2455266.77867 16.800 0.011 5.81 596.0
2455267.82049 16.770 0.009 4.95 513.0
2455268.79175 16.781 0.010 5.44 536.0
2455269.78659 16.774 0.009 4.58 524.0
2455270.83098 16.777 0.008 4.26 493.0
2455271.78605 16.781 0.009 4.82 556.0
2455272.79290 16.800 0.010 5.78 517.0
2455273.84752 16.765 0.009 4.60 471.0
2455274.79627 16.780 0.010 5.54 534.0
2455275.78200 16.791 0.010 5.14 642.0
2455275.91321 16.796 0.011 4.85 871.0
2455276.81684 16.776 0.008 4.13 495.0
2455277.78307 16.777 0.009 4.83 513.0
2455277.91208 16.761 0.010 4.87 592.0
2455278.79310 16.776 0.009 5.25 522.0
2455279.79366 16.773 0.012 6.62 551.0
2455279.91738 16.755 0.010 4.14 1231.0
2455280.84535 16.789 0.008 3.75 514.0
2455281.78084 16.778 0.009 4.33 589.0
2455281.91750 16.765 0.010 3.57 1249.0
2455282.76133 16.773 0.010 4.39 745.0
2455282.90601 16.760 0.008 3.79 526.0
2455283.76251 16.765 0.012 5.77 762.0
2455284.76449 16.777 0.010 4.78 880.0
2455285.76013 16.775 0.012 5.18 994.0
2455285.88949 16.752 0.009 4.15 761.0
2455286.75136 16.774 0.011 4.54 950.0
2455287.82100 16.791 0.009 3.52 753.0
2455288.75436 16.773 0.010 4.33 910.0
2455292.82453 16.783 0.013 3.87 2353.0
2455293.83250 16.788 0.009 4.30 519.0
2455294.73371 16.782 0.009 5.02 483.0
2455294.77287 16.775 0.008 3.79 460.0
2455294.80995 16.780 0.008 3.43 440.0
2455294.87767 16.759 0.007 2.99 447.0
2455294.91964 16.781 0.009 3.77 686.0
2455295.77456 16.775 0.008 4.20 435.0
2455295.81298 16.767 0.008 4.09 435.0
2455295.85088 16.775 0.008 3.39 445.0
2455295.88972 16.785 0.008 4.05 458.0
2455296.77747 16.761 0.008 4.25 459.0
2455296.81499 16.767 0.008 3.73 451.0
2455296.85240 16.773 0.008 3.34 441.0
2455296.89087 16.772 0.008 3.46 441.0
2455297.77338 16.788 0.008 4.38 478.0
2455297.81144 16.782 0.008 4.15 461.0
2455297.84931 16.769 0.008 3.51 433.0
2455297.88800 16.760 0.008 4.27 456.0
2455298.77428 16.793 0.008 4.56 491.0
2455298.81220 16.783 0.008 4.03 475.0
2455298.84997 16.773 0.008 3.97 464.0
2455298.88952 16.769 0.008 3.69 449.0
2455298.92302 16.756 0.009 3.54 750.0
2455299.75899 16.791 0.007 4.37 423.0
2455299.83442 16.780 0.006 4.11 414.0
2455299.87276 16.794 0.007 4.19 442.0
2455299.91352 16.767 0.008 4.38 495.0
2455300.86771 16.779 0.008 3.48 468.0
2455300.90848 16.782 0.008 4.03 506.0
2455301.76353 16.776 0.009 4.64 480.0
2455301.80103 16.760 0.008 4.67 478.0
2455301.83849 16.781 0.009 5.06 495.0
2455301.87720 16.769 0.009 4.55 492.0
2455301.91698 16.777 0.012 6.80 554.0
2455303.92484 16.771 0.009 4.81 539.0
2455304.76317 16.785 0.009 4.76 583.0
2455306.69682 16.778 0.009 5.13 513.0
2455306.75956 16.778 0.008 4.37 461.0
2455306.79853 16.767 0.008 3.67 458.0
2455306.86215 16.782 0.008 3.99 463.0
2455306.90174 16.769 0.008 3.44 476.0
2455307.68653 16.787 0.009 4.93 534.0
2455307.74961 16.769 0.009 4.68 528.0
2455307.81109 16.785 0.008 3.58 520.0
2455307.84957 16.775 0.008 3.63 552.0
2455307.89046 16.772 0.008 3.70 540.0
2455307.92789 16.771 0.010 4.43 747.0
2455308.73973 16.773 0.010 5.30 532.0
2455308.80123 16.768 0.008 3.81 466.0
2455308.83870 16.782 0.008 3.84 460.0
2455308.88659 16.778 0.008 4.14 473.0
2455309.74043 16.782 0.009 4.44 508.0
2455309.81092 16.777 0.008 4.43 472.0
2455309.85465 16.773 0.008 4.19 484.0
2455309.89362 16.794 0.008 3.87 489.0
2455309.93089 16.779 0.010 3.87 1014.0
2455310.72128 16.784 0.009 4.92 588.0
2455310.77757 16.756 0.009 5.01 516.0
2455310.85893 16.783 0.006 3.69 467.0
2455310.89089 16.774 0.008 3.67 492.0
2455310.92835 16.775 0.008 3.96 760.0
2455311.82142 16.782 0.009 4.36 538.0
2455311.87745 16.781 0.009 4.31 535.0
2455311.92227 16.763 0.009 4.09 607.0
2455312.74745 16.777 0.010 4.93 651.0
2455312.78983 16.771 0.010 4.91 635.0
2455312.82786 16.756 0.010 5.36 647.0
2455312.87211 16.773 0.010 4.64 727.0
2455312.91171 16.779 0.009 4.93 565.0
2455313.78387 16.757 0.012 6.13 762.0
2455313.82273 16.763 0.011 5.63 709.0
2455313.86240 16.771 0.012 5.91 792.0
2455313.90063 16.768 0.010 4.35 828.0
2455314.67151 16.783 0.013 5.42 1206.0
2455314.71197 16.789 0.012 5.51 1032.0
2455314.75125 16.766 0.010 4.58 949.0
2455314.79118 16.785 0.011 5.24 888.0
2455314.84872 16.791 0.010 4.74 922.0
2455314.88615 16.767 0.010 4.22 918.0
2455314.92359 16.771 0.010 4.34 989.0
2455315.68901 16.763 0.012 5.29 1143.0
2455315.73693 16.795 0.013 5.68 1017.0
2455315.77447 16.768 0.012 5.32 956.0
2455315.81220 16.782 0.010 4.56 965.0
2455315.85238 16.787 0.011 5.03 1051.0
2455315.89451 16.772 0.011 4.74 1050.0
2455316.68015 16.778 0.013 5.88 1160.0
2455316.72730 16.774 0.012 5.17 981.0
2455316.77034 16.799 0.014 6.20 964.0
2455316.80769 16.771 0.014 6.33 979.0
2455316.86456 16.757 0.013 5.64 1145.0
2455319.82469 16.756 0.019 4.01 5497.0
2455319.86767 16.761 0.017 3.79 4604.0
2455319.91182 16.781 0.017 4.00 4233.0
2455320.64247 16.769 0.010 4.75 825.0
2455320.68705 16.773 0.010 4.70 757.0
2455320.73097 16.772 0.009 4.53 714.0
2455320.76818 16.761 0.009 4.56 664.0
2455320.80590 16.764 0.011 4.14 1280.0
2455320.84912 16.764 0.009 4.69 685.0
2455320.88751 16.791 0.009 3.90 757.0
2455320.92908 16.767 0.011 4.74 1137.0
2455321.71528 16.765 0.009 4.76 640.0
2455321.75273 16.759 0.009 4.66 615.0
2455321.79238 16.779 0.010 5.16 623.0
2455321.83078 16.763 0.012 6.21 650.0
2455321.87208 16.760 0.010 4.78 639.0
2455321.90947 16.786 0.010 5.19 678.0
2455322.69576 16.780 0.009 4.42 547.0
2455322.76127 16.766 0.008 4.13 1132.0
2455322.83835 16.780 0.009 4.87 667.0
2455322.90886 16.813 0.011 4.66 1601.0
2455323.66592 16.775 0.010 5.53 670.0
2455323.73217 16.776 0.010 5.40 589.0
2455323.77046 16.765 0.009 4.59 584.0
2455323.81056 16.789 0.009 4.94 614.0
2455323.85184 16.780 0.009 4.20 656.0
2455323.89043 16.759 0.009 4.31 703.0
2455323.92789 16.785 0.009 4.16 734.0
2455324.70432 16.772 0.010 5.40 584.0
2455324.74345 16.783 0.009 4.42 526.0
2455324.78085 16.783 0.010 5.20 547.0
2455324.82098 16.775 0.009 4.98 555.0
2455324.85991 16.771 0.009 4.42 594.0
2455324.89727 16.766 0.009 4.97 616.0
2455324.93783 16.783 0.013 4.49 1792.0
2455325.68754 16.769 0.009 4.52 522.0
2455325.72404 16.762 0.008 4.14 479.0
2455325.76221 16.769 0.009 4.17 467.0
2455325.79950 16.789 0.008 3.95 467.0
2455325.84775 16.770 0.009 4.71 540.0
2455325.88781 16.767 0.009 5.29 567.0
2455325.92829 16.773 0.010 5.57 689.0
2455326.63560 16.772 0.011 5.85 578.0
2455326.72205 16.777 0.009 4.89 496.0
2455326.76011 16.774 0.009 4.38 492.0
2455326.79851 16.778 0.008 3.95 482.0
2455326.83783 16.780 0.009 4.23 523.0
2455326.87648 16.776 0.009 4.35 595.0
2455326.91372 16.773 0.009 4.49 637.0
2455327.64480 16.792 0.008 4.01 476.0
2455327.74700 16.774 0.008 3.87 467.0
2455327.78548 16.761 0.009 4.34 498.0
2455327.82433 16.790 0.009 4.89 522.0
2455327.86320 16.780 0.009 4.20 579.0
2455327.90138 16.772 0.009 4.13 596.0
2455327.93912 16.762 0.013 4.09 2165.0
2455328.67215 16.777 0.008 3.86 533.0
2455328.74072 16.763 0.008 4.12 510.0
2455328.77929 16.773 0.008 4.06 507.0
2455328.81926 16.773 0.009 4.40 524.0
2455328.85785 16.784 0.009 4.49 530.0
2455328.89553 16.786 0.008 4.15 602.0
2455328.93302 16.806 0.011 4.80 906.0
2455334.61842 16.786 0.011 6.31 561.0
2455334.68455 16.770 0.014 8.03 559.0
2455334.76488 16.766 0.008 4.19 513.0
2455334.82221 16.765 0.009 4.99 497.0
2455334.86276 16.778 0.009 5.40 529.0
2455334.90329 16.792 0.011 5.77 576.0
2455334.94125 16.748 0.014 6.28 1531.0
2455335.74763 16.777 0.008 4.05 520.0
2455335.78679 16.772 0.009 4.59 511.0
2455335.82682 16.786 0.009 4.58 517.0
2455335.86466 16.775 0.009 4.59 546.0
2455335.90219 16.773 0.011 5.93 602.0
2455335.94126 16.775 0.014 5.31 1661.0
2455336.84609 16.787 0.009 4.32 554.0
2455336.91133 16.777 0.010 4.12 667.0
2455337.75771 16.789 0.008 4.26 489.0
2455337.79713 16.787 0.008 4.44 525.0
2455337.83554 16.766 0.010 5.24 601.0
2455337.87389 16.789 0.012 6.46 658.0
2455337.91253 16.783 0.011 5.54 712.0
2455338.75498 16.784 0.009 4.97 593.0
2455338.79417 16.759 0.011 6.00 631.0
2455338.83580 16.766 0.013 6.89 727.0
2455338.89539 16.739 0.013 7.45 734.0
2455339.67063 16.779 0.011 5.99 722.0
2455339.70836 16.766 0.010 5.03 734.0
2455339.80197 16.781 0.010 4.65 734.0
2455339.86775 16.767 0.011 5.70 812.0
2455339.90795 16.799 0.015 7.09 888.0
2455339.94580 16.813 0.015 5.30 1836.0
2455340.65453 16.763 0.012 6.25 818.0
2455340.69390 16.781 0.010 4.41 926.0
2455340.78121 16.786 0.010 5.16 693.0
2455340.83676 16.768 0.009 4.39 740.0
2455340.87518 16.773 0.011 5.66 801.0
2455340.91296 16.771 0.015 7.58 924.0
2455341.58699 16.741 0.011 5.38 986.0
2455341.62522 16.788 0.010 4.60 781.0
2455341.73171 16.777 0.008 3.64 648.0
2455341.80601 16.778 0.009 3.95 752.0
2455341.84420 16.782 0.010 4.21 751.0
2455341.88201 16.770 0.009 4.06 743.0
2455341.92239 16.783 0.009 4.38 745.0
2455342.59661 16.760 0.014 6.27 1049.0
2455342.63395 16.747 0.014 6.83 931.0
2455342.67157 16.788 0.011 5.06 831.0
2455342.70902 16.773 0.010 4.71 785.0
2455342.74756 16.780 0.010 4.91 766.0
2455342.79172 16.769 0.012 5.56 877.0
2455342.82977 16.777 0.010 4.71 837.0
2455342.86773 16.771 0.012 5.46 930.0
2455342.90552 16.765 0.012 5.68 958.0
2455342.94339 16.809 0.018 7.60 1278.0
2455343.61482 16.802 0.014 5.58 1226.0
2455343.65250 16.768 0.012 5.31 1070.0
2455343.69022 16.782 0.011 4.54 971.0
2455343.72830 16.774 0.010 4.46 899.0
2455343.76714 16.780 0.011 4.69 900.0
2455343.80713 16.786 0.010 4.44 962.0
2455343.84565 16.787 0.010 4.41 1020.0
2455343.89645 16.777 0.011 4.79 1123.0
2455343.93428 16.769 0.013 5.53 1251.0
2455348.66221 16.762 0.009 4.73 629.0
2455348.72743 16.778 0.010 5.52 614.0
2455348.79271 16.787 0.010 5.03 608.0
2455348.83103 16.775 0.009 4.63 649.0
2455348.87487 16.761 0.012 6.06 755.0
2455348.91518 16.781 0.010 5.12 743.0
2455349.59049 16.770 0.011 6.54 631.0
2455349.67309 16.778 0.010 4.95 918.0
2455349.74127 16.784 0.011 4.79 974.0
2455349.80624 16.770 0.010 4.59 925.0
2455349.84401 16.768 0.010 4.91 1126.0
2455350.64374 16.780 0.013 7.62 543.0
2455350.68146 16.775 0.010 5.80 566.0
2455350.71996 16.785 0.012 7.04 567.0
2455351.57996 16.765 0.011 6.14 607.0
2455351.63742 16.779 0.009 4.91 501.0
2455351.71571 16.759 0.009 4.48 494.0
2455351.80032 16.783 0.011 5.45 653.0
2455351.87843 16.775 0.012 6.25 719.0
2455351.91640 16.769 0.011 5.75 886.0
2455352.64101 16.761 0.009 4.78 523.0
2455352.73195 16.777 0.008 3.75 524.0
2455352.88458 16.761 0.010 4.52 731.0
2455352.92220 16.745 0.010 4.57 852.0
2455353.61966 16.774 0.009 4.56 521.0
2455353.69976 16.781 0.008 3.87 481.0
2455353.76962 16.795 0.009 4.52 538.0
2455353.80768 16.799 0.008 3.57 563.0
2455353.85218 16.771 0.009 4.28 618.0
2455353.89646 16.778 0.010 4.84 734.0
2455354.64458 16.773 0.009 4.64 504.0
2455354.73275 16.771 0.009 4.64 509.0
2455354.82850 16.775 0.009 3.96 633.0
2455354.86886 16.783 0.010 4.35 699.0
2455354.90744 16.776 0.012 5.40 841.0
2455355.58542 16.787 0.009 4.18 585.0
2455355.66915 16.792 0.009 4.19 541.0
2455355.75734 16.773 0.009 4.49 572.0
2455355.81297 16.786 0.010 5.19 680.0
2455355.86121 16.763 0.012 6.24 767.0
2455355.89897 16.773 0.011 5.78 724.0
2455357.66794 16.783 0.009 4.84 522.0
2455357.75786 16.776 0.010 5.83 520.0
2455357.87092 16.792 0.013 7.31 647.0
2455358.63614 16.776 0.008 4.57 488.0
2455358.73111 16.778 0.009 5.36 499.0
2455358.83225 16.783 0.009 5.29 513.0
2455359.57655 16.764 0.012 6.08 772.0
2455359.62076 16.753 0.011 6.42 664.0
2455359.67390 16.778 0.009 4.89 527.0
2455359.72111 16.759 0.010 5.59 622.0
2455359.77126 16.791 0.010 5.19 601.0
2455359.81140 16.804 0.009 4.64 599.0
2455359.85711 16.762 0.011 5.78 705.0
2455359.89637 16.775 0.012 6.17 724.0
2455361.66898 16.813 0.011 6.32 538.0
2455362.58360 16.759 0.012 6.06 783.0
2455362.65108 16.764 0.009 4.06 620.0
2455362.74408 16.781 0.009 4.41 564.0
2455362.86208 16.778 0.011 5.73 677.0
2455362.90712 16.770 0.013 6.72 809.0
2455364.55285 16.799 0.010 5.72 591.0
2455364.62513 16.781 0.009 4.68 487.0
2455364.71964 16.786 0.010 5.46 531.0
2455364.78082 16.754 0.011 6.97 530.0
2455364.82026 16.764 0.011 6.31 519.0
2455364.86035 16.780 0.009 5.15 498.0
2455364.89846 16.778 0.011 6.46 549.0
2455365.57055 16.770 0.011 5.37 706.0
2455365.64537 16.758 0.009 4.76 564.0
2455365.74048 16.777 0.009 5.31 530.0
2455365.82874 16.789 0.010 5.53 583.0
2455365.86739 16.785 0.011 5.68 636.0
2455365.90473 16.751 0.012 6.49 790.0
2455368.64642 16.781 0.011 5.23 882.0
2455369.72858 16.804 0.012 6.06 815.0
2455369.77391 16.765 0.013 5.87 1121.0
2455369.81188 16.787 0.012 5.85 865.0
2455369.85266 16.804 0.011 6.54 698.0
2455376.65853 16.746 0.013 7.25 719.0
2455376.69891 16.790 0.011 5.45 693.0
2455376.73714 16.784 0.011 5.40 733.0
2455376.77595 16.764 0.010 5.02 748.0
2455376.81410 16.771 0.013 6.33 860.0
2455376.85206 16.781 0.013 5.31 1275.0
2455377.54863 16.794 0.010 5.05 574.0
2455377.59134 16.766 0.011 6.53 590.0
2455377.62954 16.770 0.009 4.91 549.0
2455377.70322 16.774 0.009 4.79 559.0
2455377.74667 16.772 0.010 5.03 615.0
2455377.78939 16.773 0.010 5.04 678.0
2455377.82710 16.777 0.011 5.88 709.0
2455377.86528 16.787 0.011 5.44 862.0
2455378.54904 16.775 0.009 4.49 514.0
2455378.63370 16.786 0.009 4.22 481.0
2455378.72268 16.773 0.008 3.98 523.0
2455378.76098 16.761 0.008 3.83 542.0
2455378.79951 16.788 0.009 5.00 566.0
2455378.83939 16.774 0.010 5.82 681.0
2455378.87711 16.763 0.011 6.62 787.0
2455379.51614 16.773 0.010 5.31 490.0
2455379.58578 16.757 0.009 5.13 419.0
2455379.67183 16.775 0.010 5.64 497.0
2455379.74434 16.754 0.008 4.32 520.0
2455379.78200 16.790 0.009 4.50 588.0
2455379.81992 16.756 0.010 5.73 650.0
2455379.86049 16.752 0.012 7.21 761.0
2455380.52762 16.764 0.009 5.14 462.0
2455380.56812 16.782 0.009 4.84 425.0
2455380.65217 16.780 0.009 5.44 410.0
2455380.72337 16.779 0.008 4.38 460.0
2455380.76161 16.746 0.009 4.96 492.0
2455380.79947 16.769 0.010 5.90 548.0
2455380.83740 16.759 0.013 7.41 641.0
2455381.53714 16.760 0.010 5.71 613.0
2455381.57471 16.778 0.012 7.07 560.0
2455381.61486 16.798 0.013 7.37 525.0
2455381.67421 16.779 0.011 6.48 469.0
2455381.71252 16.770 0.011 6.65 549.0
2455381.75066 16.753 0.014 7.75 617.0
2455381.79758 16.763 0.011 6.10 635.0
2455381.83571 16.759 0.012 6.83 675.0
2455382.52592 16.760 0.011 6.24 662.0
2455382.56350 16.785 0.014 8.21 547.0
2455382.61292 16.768 0.010 5.74 535.0
2455382.65083 16.769 0.009 4.95 519.0
2455382.69261 16.757 0.010 5.80 499.0
2455382.73245 16.769 0.011 7.08 530.0
2455382.77025 16.740 0.014 8.71 580.0
2455382.82095 16.752 0.013 7.19 633.0
2455383.77655 16.770 0.011 7.17 464.0
2455384.80008 16.791 0.013 6.82 770.0
2455385.47067 16.751 0.011 5.75 893.0
2455385.50989 16.784 0.009 4.11 642.0
2455385.81041 16.785 0.008 4.17 446.0
2455385.84797 16.766 0.009 5.21 498.0
2455386.47831 16.779 0.009 3.95 926.0
2455386.56051 16.764 0.008 3.83 773.0
2455386.60757 16.764 0.008 4.14 431.0
2455386.64396 16.765 0.008 4.78 639.0
2455386.74341 16.777 0.008 3.95 452.0
2455386.78168 16.781 0.008 4.45 459.0
2455386.82469 16.779 0.009 4.92 487.0
2455387.50393 16.789 0.008 3.58 509.0
2455387.61293 16.784 0.007 3.37 352.0
2455387.64770 16.783 0.007 3.08 367.0
2455387.68716 16.785 0.008 4.22 415.0
2455387.72579 16.783 0.007 3.65 405.0
2455387.76655 16.794 0.008 4.27 428.0
2455387.80776 16.765 0.009 5.24 487.0
2455388.46773 16.754 0.012 6.01 785.0
2455388.50533 16.777 0.009 4.91 491.0
2455388.56524 16.782 0.009 4.71 430.0
2455388.67765 16.766 0.009 4.80 378.0
2455388.76433 16.776 0.009 5.04 389.0
2455388.80758 16.776 0.010 5.54 448.0
2455388.84645 16.781 0.011 6.78 512.0
2455389.49504 16.764 0.010 5.63 505.0
2455389.53318 16.787 0.009 5.19 458.0
2455389.61851 16.775 0.008 4.67 383.0
2455389.72375 16.784 0.010 5.75 420.0
2455389.78412 16.773 0.010 6.27 479.0
2455389.82465 16.771 0.009 4.95 520.0
2455390.46950 16.814 0.013 6.97 642.0
2455390.52432 16.773 0.013 8.03 495.0
2455390.56635 16.789 0.010 5.75 449.0
2455390.65192 16.779 0.010 6.08 450.0
2455390.69816 16.775 0.009 5.52 424.0
2455390.74762 16.792 0.009 4.72 408.0
2455390.78557 16.784 0.009 5.36 394.0
2455390.82325 16.765 0.010 6.04 414.0
2455391.51830 16.789 0.011 6.30 526.0
2455391.55708 16.794 0.013 8.05 470.0
2455391.61665 16.775 0.008 4.64 398.0
2455391.72592 16.778 0.009 5.14 483.0
2455391.80920 16.762 0.009 4.84 562.0
2455391.84666 16.782 0.011 5.90 720.0
2455392.49444 16.755 0.010 5.85 519.0
2455392.53316 16.776 0.010 5.86 475.0
2455392.59460 16.770 0.009 4.66 443.0
2455392.70472 16.774 0.009 5.32 441.0
2455392.78668 16.780 0.008 4.55 443.0
2455392.82431 16.774 0.010 5.76 513.0
2455393.63967 16.794 0.010 6.01 433.0
2455393.67939 16.775 0.010 5.97 415.0
2455393.71757 16.759 0.011 6.86 442.0
2455393.76293 16.777 0.012 7.15 485.0
2455393.80104 16.787 0.012 6.95 513.0
2455395.80807 16.775 0.011 5.69 548.0
2455396.52509 16.774 0.013 7.33 620.0
2455396.59938 16.768 0.010 5.48 540.0
2455396.66249 16.778 0.010 5.86 514.0
2455396.76953 16.778 0.009 5.04 462.0
2455396.80769 16.800 0.012 7.33 508.0
2455397.61759 16.784 0.013 7.33 551.0
2455397.66292 16.791 0.010 6.14 499.0
2455397.70073 16.787 0.011 6.59 546.0
2455402.61969 16.740 0.022 7.55 2201.0
2455402.67286 16.787 0.013 6.17 998.0
2455403.48232 16.770 0.009 4.14 914.0
2455403.51993 16.774 0.009 3.84 891.0
2455403.55707 16.774 0.009 4.31 882.0
2455403.59579 16.773 0.010 4.10 1036.0
2455403.63664 16.772 0.009 4.24 863.0
2455403.67492 16.773 0.010 4.30 902.0
2455403.71578 16.761 0.010 4.44 965.0
2455403.75368 16.780 0.011 4.56 1080.0
2455403.79151 16.779 0.013 5.35 1248.0
2455404.49543 16.776 0.010 5.05 675.0
2455404.53323 16.793 0.009 4.39 646.0
2455404.57095 16.776 0.010 4.36 663.0
2455404.61112 16.780 0.010 5.08 648.0
2455404.65290 16.768 0.009 4.63 614.0
2455404.69277 16.788 0.010 4.35 679.0
2455404.73219 16.769 0.011 4.93 742.0
2455404.77597 16.771 0.010 4.72 844.0
2455405.63079 16.783 0.013 7.14 568.0
2455405.67035 16.778 0.010 5.38 546.0
2455405.70844 16.796 0.010 4.37 658.0
2455405.74592 16.777 0.010 4.60 634.0
2455405.78351 16.751 0.009 4.30 675.0
2455407.48529 16.751 0.010 6.34 438.0
2455407.52317 16.765 0.010 6.29 431.0
2455407.56145 16.753 0.010 6.24 415.0
2455407.60051 16.761 0.012 7.20 474.0
2455407.64009 16.758 0.011 6.91 496.0
2455407.67813 16.752 0.011 5.93 508.0
2455407.71732 16.788 0.010 5.28 564.0
2455407.75527 16.754 0.010 4.90 617.0
2455408.51417 16.783 0.013 7.77 539.0
2455408.56585 16.771 0.012 7.81 492.0
2455408.60618 16.780 0.010 5.55 489.0
2455408.64456 16.802 0.010 5.62 529.0
2455408.68328 16.767 0.011 6.22 537.0
2455408.72117 16.771 0.011 6.67 548.0
2455408.75888 16.790 0.011 6.07 681.0
2455409.46896 16.764 0.013 6.43 882.0
2455409.50675 16.774 0.010 6.06 442.0
2455409.59348 16.798 0.008 4.73 415.0
2455409.69993 16.804 0.009 4.97 486.0
2455409.76108 16.765 0.011 6.13 577.0
2455410.46984 16.761 0.012 5.51 905.0
2455410.51145 16.779 0.009 5.20 488.0
2455410.59656 16.793 0.009 5.13 415.0
2455410.70344 16.755 0.009 5.70 478.0
2455410.76535 16.768 0.009 4.88 579.0
2455411.48767 16.790 0.008 4.80 433.0
2455411.52559 16.781 0.008 4.61 409.0
2455411.63244 16.780 0.008 4.65 415.0
2455411.74032 16.783 0.009 5.14 518.0
2455411.77808 16.776 0.011 6.30 606.0
2455412.53990 16.764 0.009 5.45 512.0
2455412.57980 16.772 0.010 5.69 550.0
2455412.61856 16.769 0.010 5.84 508.0
2455412.65633 16.752 0.011 6.67 529.0
2455412.70072 16.762 0.011 6.97 523.0
2455413.48009 16.812 0.012 6.81 588.0
2455413.51947 16.777 0.008 4.56 495.0
2455413.62630 16.762 0.008 4.70 388.0
2455413.73377 16.780 0.008 5.63 413.0
2455413.77154 16.779 0.012 7.44 472.0
2455414.49975 16.789 0.008 4.57 409.0
2455414.56100 16.777 0.008 4.69 404.0
2455414.67097 16.774 0.008 3.92 421.0
2455414.75812 16.798 0.008 5.18 483.0
2455416.61677 16.781 0.011 6.61 440.0
2455416.67350 16.790 0.009 5.42 431.0
2455418.53577 16.780 0.008 4.37 388.0
2455418.58231 16.781 0.008 4.89 397.0
2455418.63248 16.772 0.008 4.80 380.0
2455418.68402 16.766 0.010 6.37 421.0
2455421.49127 16.763 0.009 5.20 459.0
2455421.53534 16.775 0.009 5.04 451.0
2455421.59495 16.782 0.009 5.36 435.0
2455421.64113 16.787 0.009 5.66 406.0
2455421.68343 16.776 0.011 7.26 410.0
2455421.72782 16.778 0.009 5.95 428.0
2455422.51714 16.774 0.009 5.07 484.0
2455422.56319 16.768 0.009 5.49 482.0
2455422.71719 16.776 0.008 4.67 421.0
2455423.50111 16.763 0.008 4.64 430.0
2455423.54343 16.774 0.008 4.02 405.0
2455423.67714 16.761 0.011 6.67 479.0
2455425.50856 16.785 0.009 5.00 503.0
2455425.55026 16.763 0.008 4.67 483.0
2455426.51650 16.773 0.015 4.14 2847.0
2455426.59550 16.772 0.016 3.91 3959.0
2455426.73601 16.793 0.018 4.57 3399.0
2455430.50206 16.761 0.012 5.95 805.0
2455430.54852 16.774 0.011 5.02 743.0
2455430.58679 16.775 0.010 4.71 717.0
2455430.62576 16.787 0.010 4.67 752.0
2455430.66689 16.779 0.013 6.77 838.0
2455431.50323 16.770 0.010 4.63 765.0
2455431.54376 16.776 0.010 5.03 638.0
2455431.58179 16.768 0.009 4.70 658.0
2455431.62318 16.771 0.011 5.77 686.0
2455431.66081 16.785 0.012 6.48 761.0
2455432.52772 16.763 0.016 7.05 1167.0
2455432.64023 16.769 0.012 6.10 757.0
2455433.53811 16.753 0.012 6.87 684.0
2455433.66352 16.770 0.012 5.73 821.0
2455434.48922 16.780 0.011 5.70 559.0
2455434.53429 16.772 0.010 5.21 573.0
2455434.57867 16.761 0.010 5.18 587.0
2455434.62102 16.766 0.009 4.32 620.0
2455434.66576 16.782 0.010 5.15 689.0
2455434.70583 16.773 0.011 5.23 781.0
2455435.50528 16.793 0.010 5.79 520.0
2455435.54809 16.778 0.009 4.10 564.0
2455435.61801 16.781 0.009 4.26 566.0
2455435.67147 16.758 0.009 3.91 592.0
2455435.71042 16.802 0.010 4.71 685.0
2455436.50374 16.765 0.009 5.55 475.0
2455436.64769 16.782 0.009 4.34 578.0
2455437.48634 16.769 0.008 3.90 477.0
2455437.58326 16.769 0.008 4.39 464.0
2455438.49893 16.790 0.011 5.97 561.0
2455438.53838 16.785 0.010 5.84 503.0
2455438.63982 16.770 0.009 3.72 555.0
2455438.67785 16.789 0.009 4.13 530.0
2455439.49128 16.763 0.011 6.18 521.0
2455439.55632 16.771 0.011 6.07 507.0
2455439.59369 16.796 0.010 5.40 498.0
2455439.63171 16.783 0.011 6.14 490.0
2455439.67750 16.752 0.011 5.99 560.0
2455443.52400 16.784 0.010 6.04 473.0
2455443.57011 16.791 0.011 6.55 495.0
2455443.60793 16.779 0.010 6.34 501.0
2455443.65046 16.772 0.010 6.26 487.0
2455444.48256 16.805 0.011 6.38 546.0
2455444.53326 16.753 0.011 7.25 447.0
2455444.58987 16.776 0.009 5.02 441.0
2455444.63189 16.783 0.010 5.30 515.0
2455444.67000 16.772 0.010 5.66 534.0
2455445.53578 16.785 0.010 5.49 496.0
2455445.63973 16.775 0.009 4.76 466.0
2455445.67877 16.789 0.009 4.95 482.0
2455446.51423 16.793 0.009 4.72 490.0
2455446.56003 16.780 0.009 5.34 503.0
2455446.59988 16.792 0.009 4.85 485.0
2455446.63901 16.763 0.009 5.10 470.0
2455447.48634 16.767 0.008 4.83 493.0
2455447.52984 16.777 0.009 4.46 470.0
2455447.56904 16.773 0.009 5.39 460.0
2455447.63446 16.786 0.009 5.87 459.0
2455448.50711 16.768 0.009 4.66 479.0
2455448.54581 16.771 0.010 5.61 487.0
2455448.56056 16.774 0.010 4.74 499.0
2455448.66177 16.765 0.010 6.38 486.0
2455449.50187 16.773 0.011 6.27 500.0
2455449.61606 16.769 0.009 5.20 533.0
2455450.50481 16.766 0.010 5.85 506.0
2455450.54242 16.781 0.011 6.84 513.0
2455450.58573 16.777 0.010 5.38 489.0
2455450.63065 16.786 0.011 6.41 545.0
2455451.49257 16.797 0.013 5.97 1005.0
2455451.54791 16.791 0.011 6.17 566.0
2455451.66117 16.786 0.009 5.31 507.0
2455453.54007 16.760 0.013 6.86 800.0
2455453.65727 16.804 0.010 4.93 623.0
2455457.47328 16.776 0.013 3.63 2977.0
2455457.54105 16.780 0.008 4.19 612.0
2455457.58859 16.786 0.010 4.48 867.0
2455458.47478 16.772 0.016 4.45 2588.0
2455458.52356 16.772 0.013 6.75 703.0
2455458.57380 16.777 0.011 6.08 688.0
2455459.49042 16.781 0.010 5.00 638.0
2455459.53685 16.785 0.010 4.61 639.0
2455459.58899 16.765 0.009 4.78 691.0
2455460.48028 16.774 0.015 6.63 961.0
2455460.52638 16.761 0.011 5.81 614.0
2455460.57543 16.758 0.013 5.11 1534.0
2455461.48053 16.795 0.025 6.92 3260.0
2455461.53615 16.785 0.013 4.86 1757.0
2455461.57851 16.760 0.017 5.80 2072.0
2455461.62165 16.790 0.015 5.25 1832.0
2455462.52930 16.766 0.009 4.34 640.0
2455462.60665 16.795 0.011 4.95 760.0
2455463.50070 16.762 0.009 5.02 637.0
2455463.54275 16.778 0.009 4.55 658.0
2455464.49099 16.779 0.010 5.77 536.0
2455464.53278 16.795 0.010 5.01 607.0
2455465.48411 16.759 0.012 6.53 689.0
2455466.54073 16.756 0.012 7.31 566.0
2455468.53590 16.787 0.011 6.08 551.0
2455469.55190 16.776 0.009 4.45 539.0
2455470.59049 16.776 0.009 4.50 590.0
2455471.57456 16.763 0.009 4.91 509.0
2455472.53071 16.770 0.011 6.77 576.0
2455473.48976 16.758 0.012 7.13 585.0
2455473.58302 16.780 0.010 5.58 545.0
2455477.52107 16.765 0.011 6.20 602.0
2455478.54425 16.761 0.010 5.85 558.0
2455480.48722 16.758 0.014 6.58 981.0
2455480.55625 16.772 0.011 5.65 650.0
2455481.52695 16.779 0.014 6.78 886.0
2455485.49798 16.738 0.014 7.57 750.0
2455486.49533 16.796 0.014 6.60 816.0
2455486.55726 16.735 0.013 6.53 863.0
2455487.54174 16.770 0.010 4.69 744.0
2455488.52890 16.770 0.010 4.85 816.0
2455489.51528 16.767 0.012 5.85 741.0
2455490.51544 16.758 0.014 6.90 856.0
2455492.50065 16.768 0.015 6.55 993.0
2455494.52553 16.721 0.013 6.40 895.0
2455495.52928 16.758 0.010 5.74 662.0
2455497.52854 16.768 0.010 5.47 748.0
2455499.53086 16.763 0.013 6.83 795.0
2455507.50520 16.751 0.019 7.63 1380.0
2455596.87523 16.798 0.010 5.33 735.0
2455597.88165 16.781 0.015 6.46 1131.0
2455598.86375 16.784 0.009 5.69 533.0
2455599.87722 16.784 0.008 6.47 387.0
2455600.87006 16.780 0.009 4.90 579.0
2455602.86448 16.768 0.010 6.57 554.0
2455604.87269 16.779 0.010 6.15 560.0
2455605.87076 16.763 0.008 4.72 505.0
2455606.86851 16.781 0.009 5.37 515.0
2455607.87282 16.789 0.009 5.73 530.0
2455608.86771 16.816 0.011 6.72 488.0
2455610.89296 16.814 0.011 5.04 990.0
2455612.86736 16.779 0.012 6.78 660.0
2455614.85282 16.795 0.010 5.49 674.0
2455615.86110 16.771 0.009 4.88 609.0
2455616.85383 16.787 0.011 6.57 641.0
2455617.88981 16.781 0.018 6.79 2029.0
2455620.84220 16.777 0.009 5.58 507.0
2455621.84502 16.777 0.008 5.08 476.0
2455622.87928 16.788 0.007 4.37 389.0
2455624.83769 16.781 0.009 5.14 467.0
2455625.81687 16.795 0.010 6.60 511.0
2455626.81212 16.773 0.014 8.53 788.0
2455627.84112 16.795 0.009 5.44 452.0
2455628.85186 16.784 0.009 5.28 451.0
2455629.82005 16.784 0.009 5.61 445.0
2455630.79746 16.786 0.009 5.93 484.0
2455631.82351 16.788 0.012 7.27 785.0
2455632.83251 16.782 0.009 4.97 506.0
2455633.78974 16.788 0.009 5.15 503.0
2455634.84460 16.794 0.009 5.61 466.0
2455635.85292 16.770 0.010 6.22 613.0
2455637.81281 16.780 0.011 6.34 730.0
2455638.79195 16.793 0.011 6.34 695.0
2455639.77992 16.764 0.011 5.85 748.0
2455639.85565 16.785 0.008 3.92 585.0
2455640.78760 16.806 0.012 6.22 792.0
2455640.82592 16.754 0.010 4.94 702.0
2455640.87361 16.777 0.009 4.62 639.0
2455640.91448 16.800 0.013 5.95 1269.0
2455641.78041 16.767 0.009 4.93 732.0
2455641.82280 16.774 0.009 4.86 658.0
2455641.86099 16.791 0.009 5.12 628.0
2455641.90569 16.760 0.010 6.70 639.0
2455642.78273 16.799 0.010 5.13 770.0
2455642.84177 16.788 0.009 4.51 687.0
2455642.90161 16.756 0.010 6.71 660.0
2455643.75725 16.790 0.010 5.47 850.0
2455643.79548 16.775 0.010 5.18 749.0
2455643.85532 16.779 0.008 4.15 698.0
2455643.89618 16.787 0.008 4.46 632.0
2455644.76119 16.781 0.017 7.08 1643.0
2455644.80181 16.789 0.011 4.85 1046.0
2455644.87617 16.796 0.012 4.78 1588.0
2455647.80193 16.763 0.012 5.13 1281.0
2455647.84581 16.781 0.010 4.43 1141.0
2455647.87303 16.777 0.011 4.80 1116.0
2455647.88902 16.804 0.012 5.47 1108.0
2455647.90739 16.767 0.012 6.39 1081.0
2455648.74699 16.794 0.011 7.12 487.0
2455648.80952 16.794 0.009 5.16 468.0
2455648.85353 16.772 0.007 4.00 442.0
2455648.89677 16.788 0.009 6.20 452.0
2455649.75280 16.804 0.010 6.53 417.0
2455649.79198 16.772 0.008 5.08 407.0
2455649.85944 16.794 0.008 4.75 402.0
2455649.89793 16.785 0.008 5.38 409.0
2455650.74317 16.784 0.009 6.08 438.0
2455650.78388 16.805 0.008 4.73 395.0
2455650.84624 16.772 0.008 4.72 418.0
2455650.89041 16.769 0.009 7.06 433.0
2455651.76553 16.802 0.008 5.13 438.0
2455651.80817 16.771 0.008 5.07 437.0
2455651.87882 16.776 0.009 5.80 458.0
2455652.74560 16.772 0.008 5.38 421.0
2455652.80704 16.772 0.007 4.11 392.0
2455652.84936 16.790 0.007 4.16 404.0
2455653.77402 16.782 0.007 3.99 430.0
2455653.90312 16.783 0.007 3.49 411.0
2455654.77590 16.800 0.009 4.70 456.0
2455654.82565 16.778 0.008 4.63 410.0
2455654.86720 16.779 0.008 5.05 411.0
2455654.92023 16.759 0.010 6.45 845.0
2455655.76699 16.777 0.009 5.07 502.0
2455655.80502 16.787 0.008 4.32 470.0
2455655.84316 16.797 0.007 3.98 444.0
2455655.89016 16.779 0.008 5.54 419.0
2455656.78503 16.777 0.008 4.94 489.0
2455656.82865 16.769 0.007 3.87 451.0
2455656.87301 16.789 0.008 4.93 433.0
2455657.77632 16.784 0.007 3.71 455.0
2455657.81502 16.789 0.007 3.92 448.0
2455657.86043 16.799 0.008 4.43 438.0
2455657.90507 16.767 0.008 4.67 420.0
2455658.77056 16.780 0.009 6.22 610.0
2455658.81137 16.783 0.010 6.09 426.0
2455658.86829 16.797 0.008 5.08 407.0
2455658.90978 16.788 0.010 6.28 413.0
2455659.72511 16.773 0.009 5.11 481.0
2455659.76265 16.771 0.008 4.83 433.0
2455659.80197 16.780 0.008 5.04 441.0
2455659.84092 16.766 0.009 6.20 434.0
2455659.89070 16.785 0.008 4.75 411.0
2455660.72419 16.772 0.009 6.26 484.0
2455660.77156 16.781 0.008 5.80 416.0
2455660.81490 16.759 0.008 5.24 416.0
2455660.87047 16.803 0.009 5.81 412.0
2455662.72327 16.773 0.011 7.08 506.0
2455662.76364 16.782 0.010 6.50 475.0
2455662.82537 16.789 0.009 5.07 519.0
2455662.86354 16.784 0.008 4.88 506.0
2455662.90552 16.768 0.008 4.69 510.0
2455663.76622 16.799 0.007 5.47 422.0
2455664.76844 16.780 0.010 6.60 576.0
2455664.80949 16.769 0.009 5.15 473.0
2455664.86990 16.746 0.010 6.35 504.0
2455664.91356 16.775 0.008 4.88 465.0
2455665.73756 16.825 0.010 5.72 511.0
2455665.78337 16.780 0.008 5.20 446.0
2455665.84764 16.780 0.008 5.43 422.0
2455665.89526 16.779 0.007 4.17 425.0
2455667.71946 16.775 0.009 4.98 596.0
2455667.77206 16.812 0.009 5.23 549.0
2455667.82452 16.772 0.008 4.90 506.0
2455667.87722 16.790 0.007 4.10 455.0
2455667.92283 16.788 0.008 4.03 485.0
2455668.76099 16.785 0.011 6.30 712.0
2455668.82847 16.736 0.011 5.25 1258.0
2455668.88558 16.768 0.011 4.25 1727.0
2455668.92469 16.784 0.010 4.36 905.0
2455669.77430 16.775 0.009 5.34 749.0
2455669.81307 16.778 0.009 4.80 708.0
2455669.87476 16.768 0.009 4.45 681.0
2455669.91810 16.781 0.010 4.53 821.0
2455670.74884 16.778 0.011 5.79 835.0
2455670.80108 16.769 0.009 4.74 775.0
2455670.85325 16.779 0.010 4.90 788.0
2455670.89465 16.800 0.009 4.24 825.0
2455671.73024 16.778 0.010 4.54 882.0
2455671.77068 16.778 0.009 4.40 768.0
2455675.73277 16.780 0.009 4.34 648.0
2455675.77113 16.790 0.009 4.92 683.0
2455675.81047 16.770 0.010 5.27 712.0
2455675.86983 16.782 0.008 3.56 541.0
2455675.92277 16.766 0.009 5.31 624.0
2455676.69772 16.783 0.005 4.02 204.0
2455676.73690 16.784 0.006 4.67 286.0
2455676.77577 16.785 0.007 5.13 391.0
2455676.82079 16.781 0.008 5.37 461.0
2455676.87665 16.772 0.007 3.55 452.0
2455676.92608 16.789 0.008 4.37 567.0
2455677.73186 16.801 0.009 5.63 460.0
2455677.77545 16.769 0.008 4.39 481.0
2455677.82584 16.790 0.009 5.44 463.0
2455677.87782 16.786 0.008 4.12 467.0
2455677.91771 16.771 0.007 3.61 477.0
2455679.69572 16.777 0.009 5.36 496.0
2455679.73762 16.772 0.008 4.31 486.0
2455679.78957 16.770 0.009 5.21 472.0
2455679.84063 16.784 0.008 4.38 495.0
2455679.88199 16.792 0.008 4.35 492.0
2455679.92019 16.786 0.008 4.31 505.0
2455680.68324 16.811 0.010 5.63 492.0
2455680.72164 16.819 0.011 7.07 468.0
2455680.77031 16.782 0.009 4.85 464.0
2455680.82354 16.789 0.009 5.36 464.0
2455680.86651 16.777 0.008 4.64 448.0
2455680.90732 16.777 0.008 4.35 455.0
2455681.67362 16.767 0.010 6.07 540.0
2455681.71183 16.798 0.009 5.14 490.0
2455681.75113 16.786 0.008 5.03 464.0
2455681.80201 16.768 0.008 4.94 464.0
2455681.85709 16.788 0.010 5.73 528.0
2455681.89877 16.769 0.009 4.77 537.0
2455682.66100 16.776 0.010 5.78 632.0
2455682.70179 16.771 0.010 6.44 600.0
2455682.74908 16.804 0.008 4.60 489.0
2455682.79162 16.788 0.008 4.93 508.0
2455682.88166 16.793 0.008 4.06 541.0
2455682.92134 16.806 0.009 5.37 561.0
2455683.68239 16.773 0.009 4.96 530.0
2455683.73256 16.760 0.008 4.71 476.0
2455683.80239 16.801 0.008 4.19 486.0
2455683.86020 16.791 0.009 4.91 559.0
2455683.90239 16.780 0.008 3.98 553.0
2455684.65260 16.766 0.008 4.95 556.0
2455684.70558 16.773 0.008 4.90 484.0
2455684.76473 16.777 0.008 4.46 465.0
2455684.81717 16.770 0.008 4.45 478.0
2455684.87658 16.769 0.008 4.32 494.0
2455684.91681 16.773 0.009 4.91 499.0
2455685.74328 16.785 0.008 4.48 454.0
2455685.79185 16.788 0.007 3.98 443.0
2455685.84406 16.799 0.007 3.72 446.0
2455685.88765 16.796 0.008 4.01 457.0
2455685.92869 16.786 0.009 5.50 612.0
2455686.69253 16.801 0.009 5.85 504.0
2455686.74127 16.773 0.008 5.15 487.0
2455686.79863 16.779 0.007 3.96 493.0
2455686.84596 16.796 0.009 5.78 518.0
2455686.88790 16.808 0.010 6.18 514.0
2455686.92765 16.776 0.009 5.33 579.0
2455687.68435 16.783 0.010 6.43 655.0
2455687.72767 16.801 0.009 5.56 493.0
2455687.77846 16.765 0.008 5.26 476.0
2455687.83133 16.806 0.007 4.67 471.0
2455688.84455 16.786 0.008 4.15 449.0
2455688.91258 16.790 0.011 5.48 846.0
2455689.67548 16.768 0.007 4.75 477.0
2455689.74007 16.782 0.008 5.01 438.0
2455689.78852 16.776 0.007 4.13 417.0
2455690.62707 16.765 0.007 5.50 488.0
2455690.66618 16.795 0.009 5.39 453.0
2455690.71715 16.792 0.008 5.03 419.0
2455690.77950 16.809 0.009 5.42 462.0
2455690.81934 16.781 0.008 5.12 486.0
2455690.88225 16.774 0.010 6.47 641.0
2455691.62350 16.795 0.012 6.95 874.0
2455691.68831 16.792 0.009 5.50 489.0
2455691.74634 16.805 0.009 5.30 466.0
2455691.79057 16.773 0.010 6.32 492.0
2455691.83994 16.790 0.009 5.13 499.0
2455691.87869 16.798 0.009 5.62 506.0
2455692.63179 16.759 0.013 7.84 796.0
2455692.68335 16.794 0.009 5.01 561.0
2455692.74265 16.768 0.009 5.39 500.0
2455692.78041 16.782 0.009 5.53 532.0
2455692.82092 16.798 0.009 5.04 609.0
2455692.85898 16.791 0.009 4.57 621.0
2455692.89736 16.771 0.009 4.93 674.0
2455692.93715 16.793 0.013 6.73 856.0
2455692.93900 16.782 0.013 6.62 1149.0
2455693.64780 16.781 0.009 5.79 601.0
2455693.70727 16.803 0.008 4.40 523.0
2455693.76644 16.791 0.007 3.84 492.0
2455693.80428 16.772 0.007 3.81 536.0
2455693.84298 16.779 0.008 4.29 600.0
2455693.88087 16.804 0.009 4.82 657.0
2455693.92273 16.777 0.009 5.86 722.0
2455694.62541 16.779 0.009 5.16 710.0
2455694.65985 16.800 0.009 4.69 639.0
2455694.71260 16.764 0.009 4.87 586.0
2455694.76701 16.788 0.008 4.61 586.0
2455694.81310 16.782 0.008 4.00 552.0
2455694.85103 16.785 0.008 4.30 508.0
2455694.88860 16.754 0.009 5.62 595.0
2455694.92605 16.791 0.010 6.10 621.0
2455695.62970 16.773 0.012 6.83 625.0
2455695.68239 16.796 0.010 5.41 794.0
2455695.76480 16.772 0.008 4.89 518.0
2455695.81395 16.794 0.008 3.84 610.0
2455695.85290 16.784 0.007 4.06 463.0
2455695.89064 16.782 0.008 4.92 463.0
2455695.92825 16.771 0.009 6.17 497.0
2455696.61868 16.786 0.011 5.71 832.0
2455696.65983 16.775 0.010 5.30 726.0
2455696.71663 16.772 0.009 4.63 602.0
2455696.75597 16.782 0.008 4.54 558.0
2455696.79780 16.773 0.008 3.94 609.0
2455696.84080 16.767 0.009 4.25 648.0
2455696.88269 16.810 0.010 5.40 595.0
2455696.93870 16.782 0.014 6.91 1159.0
2455697.62797 16.791 0.010 4.46 868.0
2455697.67537 16.757 0.009 5.12 731.0
2455697.72297 16.764 0.009 4.72 709.0
2455697.76189 16.776 0.009 4.53 699.0
2455697.80530 16.791 0.009 4.49 777.0
2455697.84293 16.759 0.008 3.96 752.0
2455697.88757 16.773 0.009 4.85 754.0
2455697.92831 16.766 0.010 6.32 720.0
2455698.62064 16.773 0.012 4.99 1458.0
2455698.66843 16.788 0.011 4.98 1165.0
2455698.70884 16.806 0.011 5.13 1087.0
2455698.74874 16.764 0.011 4.82 1024.0
2455698.78879 16.794 0.011 5.25 992.0
2455698.82992 16.767 0.009 3.94 1091.0
2455698.86779 16.771 0.010 4.93 1125.0
2455698.90935 16.783 0.013 6.40 1245.0
2455702.62816 16.777 0.022 7.01 3067.0
2455702.66225 16.789 0.019 6.46 2784.0
2455702.69872 16.786 0.022 7.57 3050.0
2455702.75072 16.792 0.016 6.19 2155.0
2455702.78142 16.795 0.017 6.01 2050.0
2455702.91486 16.772 0.017 6.52 2190.0
2455703.74436 16.785 0.011 6.86 677.0
2455703.81528 16.767 0.014 8.22 801.0
2455703.86493 16.774 0.013 7.78 876.0
2455705.73722 16.782 0.010 6.25 512.0
2455705.78006 16.776 0.010 5.89 506.0
2455705.83153 16.785 0.010 6.13 508.0
2455705.88530 16.785 0.013 7.89 656.0
2455705.93443 16.759 0.013 7.93 846.0
2455706.71345 16.781 0.010 6.86 530.0
2455706.76912 16.765 0.010 6.31 465.0
2455706.84134 16.770 0.011 7.00 639.0
2455707.57676 16.772 0.010 6.10 675.0
2455707.61422 16.778 0.010 6.39 514.0
2455707.66127 16.774 0.009 5.84 468.0
2455707.70902 16.770 0.009 5.61 482.0
2455707.74752 16.805 0.009 5.25 499.0
2455707.78828 16.799 0.008 4.37 533.0
2455707.82802 16.797 0.009 4.83 619.0
2455707.86779 16.771 0.009 5.60 599.0
2455707.90814 16.751 0.011 6.95 662.0
2455708.57343 16.767 0.011 6.49 812.0
2455708.62309 16.794 0.012 7.53 622.0
2455708.67922 16.793 0.009 5.99 450.0
2455708.72848 16.789 0.008 5.14 439.0
2455708.76947 16.777 0.009 5.63 538.0
2455708.81815 16.816 0.010 6.16 517.0
2455708.86346 16.757 0.011 7.23 571.0
2455708.92206 16.779 0.014 8.70 936.0
2455709.59753 16.778 0.008 5.83 451.0
2455709.65262 16.802 0.007 5.06 423.0
2455709.83600 16.775 0.007 5.22 483.0
2455712.57106 16.792 0.013 7.35 1007.0
2455712.63389 16.789 0.009 5.29 561.0
2455712.64641 16.780 0.010 5.81 543.0
2455712.70745 16.790 0.008 4.77 504.0
2455712.74826 16.778 0.008 4.50 495.0
2455712.78997 16.788 0.008 4.50 526.0
2455712.82903 16.784 0.008 4.94 501.0
2455712.87645 16.777 0.009 6.61 564.0
2455713.75680 16.803 0.008 4.77 469.0
2455713.79293 16.810 0.008 5.01 478.0
2455713.80540 16.760 0.007 4.60 478.0
2455713.84378 16.800 0.008 5.54 456.0
2455714.57976 16.795 0.010 6.45 683.0
2455714.65364 16.791 0.008 5.80 403.0
2455714.66660 16.775 0.006 5.30 364.0
2455714.86817 16.795 0.012 7.81 511.0
2455715.65422 16.775 0.008 4.87 454.0
2455715.69887 16.790 0.008 4.88 404.0
2455715.74387 16.782 0.008 4.64 425.0
2455715.79047 16.777 0.008 4.90 425.0
2455715.83303 16.772 0.009 5.85 463.0
2455715.88820 16.765 0.009 6.16 501.0
2455716.57748 16.803 0.010 6.36 537.0
2455716.66363 16.796 0.009 5.39 424.0
2455716.67638 16.793 0.010 6.47 424.0
2455716.72911 16.780 0.008 5.04 402.0
2455716.77256 16.773 0.009 5.76 417.0
2455716.81242 16.793 0.009 5.55 416.0
2455716.85198 16.785 0.011 7.19 569.0
2455716.89139 16.786 0.010 6.41 511.0
2455721.59403 16.782 0.009 4.87 644.0
2455721.60651 16.817 0.010 5.69 579.0
2455721.61894 16.782 0.009 5.23 562.0
2455721.67129 16.776 0.008 4.88 561.0
2455721.68386 16.777 0.009 5.32 522.0
2455721.69638 16.798 0.008 4.89 514.0
2455721.76422 16.782 0.007 4.41 450.0
2455721.80377 16.821 0.007 4.64 461.0
2455721.84488 16.785 0.010 5.72 557.0
2455721.89478 16.792 0.010 6.02 617.0
2455722.58925 16.783 0.008 4.15 598.0
2455722.64367 16.792 0.008 4.61 532.0
2455722.69829 16.791 0.008 4.57 477.0
2455722.76376 16.781 0.008 4.58 529.0
2455722.80351 16.796 0.009 4.68 579.0
2455723.54475 16.791 0.012 6.14 723.0
2455723.58421 16.777 0.009 4.82 575.0
2455723.63234 16.770 0.009 5.36 520.0
2455723.68231 16.771 0.009 5.48 505.0
2455723.72233 16.785 0.008 4.45 473.0
2455723.76188 16.777 0.008 4.45 512.0
2455723.80047 16.794 0.008 4.33 451.0
2455723.84010 16.788 0.009 5.14 491.0
2455724.54006 16.784 0.013 6.59 873.0
2455724.58314 16.793 0.011 5.45 750.0
2455724.59738 16.801 0.011 5.47 701.0
2455724.60996 16.783 0.010 5.44 671.0
2455724.66065 16.793 0.010 5.63 581.0
2455724.72204 16.795 0.009 5.02 538.0
2455724.77187 16.793 0.009 4.76 556.0
2455724.81292 16.786 0.009 4.96 565.0
2455725.56291 16.781 0.010 5.40 684.0
2455725.63031 16.777 0.008 4.42 612.0
2455725.69694 16.784 0.008 3.93 628.0
2455725.73753 16.793 0.008 3.71 684.0
2455725.77641 16.778 0.009 4.43 663.0
2455726.53945 16.789 0.014 6.05 1390.0
2455726.57727 16.796 0.011 5.39 965.0
2455726.62434 16.773 0.010 5.10 844.0
2455726.67167 16.794 0.010 5.15 839.0
2455726.71114 16.802 0.008 3.85 811.0
2455726.75168 16.791 0.010 4.43 888.0
2455726.79714 16.772 0.011 5.27 928.0
2455734.59742 16.803 0.012 7.57 634.0
2455734.67649 16.788 0.009 5.75 505.0
2455734.72189 16.766 0.010 6.63 595.0
2455734.76755 16.757 0.011 6.91 558.0
2455734.81092 16.792 0.011 6.85 576.0
2455734.86123 16.756 0.014 8.15 641.0
2455735.64930 16.792 0.010 6.40 508.0
2455735.69454 16.786 0.011 6.90 460.0
2455735.75686 16.774 0.009 5.77 489.0
2455735.80576 16.804 0.009 5.45 508.0
2455735.85254 16.791 0.011 6.53 594.0
2455736.50981 16.806 0.013 6.86 740.0
2455736.55281 16.782 0.009 5.51 564.0
2455736.59077 16.780 0.008 4.41 482.0
2455736.63509 16.767 0.007 3.72 404.0
2455736.67511 16.788 0.007 4.35 390.0
2455736.74719 16.783 0.008 4.44 436.0
2455736.80281 16.781 0.008 4.69 489.0
2455736.84990 16.791 0.008 4.47 538.0
2455736.89666 16.805 0.010 5.68 709.0
2455737.53601 16.785 0.009 4.97 534.0
2455737.57600 16.793 0.008 4.22 472.0
2455737.63027 16.791 0.007 3.78 417.0
2455737.67103 16.779 0.007 3.81 384.0
2455737.72556 16.777 0.007 4.22 380.0
2455737.76496 16.783 0.008 4.93 412.0
2455737.80566 16.790 0.008 4.93 441.0
2455737.85125 16.794 0.009 4.86 514.0
2455737.89311 16.803 0.009 5.48 597.0
2455738.60426 16.795 0.008 4.98 427.0
2455738.65740 16.772 0.007 4.19 409.0
2455738.71183 16.785 0.007 4.32 437.0
2455738.75137 16.776 0.008 4.92 442.0
2455739.54245 16.783 0.010 5.60 579.0
2455739.58067 16.794 0.009 5.54 469.0
2455739.62126 16.791 0.008 5.30 418.0
2455739.68843 16.776 0.008 4.85 389.0
2455739.72792 16.791 0.008 5.04 411.0
2455739.76688 16.801 0.009 5.19 455.0
2455739.80934 16.781 0.010 6.37 493.0
2455739.86272 16.803 0.011 6.48 549.0
2455740.51662 16.783 0.010 5.94 591.0
2455740.56129 16.781 0.011 6.58 545.0
2455740.62300 16.780 0.013 8.48 448.0
2455740.66491 16.791 0.010 5.80 453.0
2455740.72561 16.789 0.010 6.23 463.0
2455740.76542 16.790 0.008 4.87 458.0
2455740.81005 16.790 0.009 5.72 509.0
2455740.84829 16.783 0.010 6.53 568.0
2455741.49701 16.758 0.011 6.43 626.0
2455741.53525 16.790 0.009 5.13 535.0
2455741.58054 16.798 0.009 4.86 462.0
2455741.61834 16.773 0.009 5.34 421.0
2455741.65639 16.788 0.009 5.51 398.0
2455741.71759 16.803 0.008 5.16 417.0
2455741.75914 16.777 0.008 4.81 393.0
2455741.79757 16.798 0.008 4.43 444.0
2455741.83559 16.795 0.009 4.69 505.0
2455741.87375 16.800 0.008 4.71 527.0
2455742.50743 16.788 0.009 4.66 625.0
2455742.55039 16.796 0.010 4.89 637.0
2455742.59150 16.804 0.009 5.25 477.0
2455742.64007 16.793 0.008 4.61 421.0
2455742.69186 16.791 0.008 4.30 405.0
2455742.73084 16.772 0.007 4.17 402.0
2455742.76886 16.790 0.008 4.02 446.0
2455742.80717 16.787 0.008 4.22 480.0
2455742.84738 16.768 0.008 4.68 489.0
2455743.60264 16.767 0.011 6.95 559.0
2455743.64114 16.800 0.010 6.07 461.0
2455743.68206 16.795 0.009 5.04 448.0
2455743.74184 16.785 0.009 5.25 512.0
2455743.78005 16.768 0.010 5.88 518.0
2455743.81808 16.779 0.009 4.85 520.0
2455743.85580 16.787 0.011 6.20 634.0
2455744.49968 16.804 0.013 7.31 717.0
2455744.53775 16.784 0.010 5.76 560.0
2455744.57623 16.790 0.011 6.37 533.0
2455744.61438 16.792 0.010 5.59 526.0
2455744.67526 16.786 0.008 5.22 428.0
2455744.74866 16.797 0.008 5.11 403.0
2455744.79475 16.778 0.008 5.23 441.0
2455744.83958 16.801 0.010 6.34 529.0
2455745.48880 16.781 0.011 7.25 555.0
2455745.52727 16.785 0.011 7.43 516.0
2455745.57401 16.773 0.010 6.09 467.0
2455745.61424 16.789 0.010 6.32 486.0
2455745.66371 16.767 0.008 4.58 447.0
2455745.71334 16.770 0.008 5.08 465.0
2455745.75132 16.798 0.009 5.81 439.0
2455745.78941 16.788 0.011 7.13 452.0
2455746.54137 16.779 0.009 6.55 694.0
2455746.59557 16.802 0.009 5.41 453.0
2455746.63346 16.787 0.010 6.58 433.0
2455746.70213 16.789 0.009 5.59 419.0
2455746.73989 16.782 0.009 5.51 431.0
2455746.77750 16.784 0.010 6.40 485.0
2455746.81992 16.761 0.011 6.86 496.0
2455747.58732 16.794 0.014 8.53 575.0
2455747.63067 16.772 0.010 6.38 449.0
2455747.67701 16.808 0.011 7.26 448.0
2455747.72001 16.765 0.011 7.73 457.0
2455747.76409 16.794 0.011 7.40 478.0
2455748.60632 16.795 0.009 5.64 552.0
2455748.65647 16.785 0.008 5.09 465.0
2455749.50179 16.824 0.012 7.15 605.0
2455749.53962 16.800 0.009 5.66 516.0
2455749.57747 16.782 0.009 5.93 459.0
2455749.61699 16.803 0.008 5.06 452.0
2455749.66707 16.789 0.010 6.35 442.0
2455749.70620 16.798 0.011 7.26 434.0
2455749.74441 16.795 0.010 6.86 446.0
2455749.78293 16.792 0.011 7.38 455.0
2455752.54609 16.770 0.012 6.91 676.0
2455752.58395 16.781 0.012 6.98 617.0
2455752.63730 16.784 0.010 6.26 607.0
2455752.69053 16.783 0.009 5.33 753.0
2455752.73503 16.795 0.009 5.81 554.0
2455752.77491 16.779 0.011 6.56 778.0
2455753.52319 16.775 0.019 7.39 2177.0
2455753.57230 16.762 0.015 7.58 1063.0
2455753.62556 16.807 0.019 7.64 1758.0
2455753.71149 16.760 0.012 6.21 1123.0
2455753.78697 16.800 0.015 7.03 1369.0
2455759.80870 16.784 0.014 7.03 881.0
2455760.46670 16.775 0.013 6.36 1083.0
2455760.50463 16.773 0.012 7.00 634.0
2455760.56098 16.806 0.010 5.99 607.0
2455760.66001 16.765 0.009 5.75 557.0
2455760.70131 16.758 0.010 5.78 604.0
2455760.75014 16.794 0.010 5.74 615.0
2455760.78812 16.781 0.009 5.20 667.0
2455760.82575 16.757 0.011 6.16 771.0
2455761.52105 16.824 0.006 4.39 419.0
2455761.56423 16.800 0.005 3.58 400.0
2455762.48531 16.820 0.010 5.72 525.0
2455762.52593 16.801 0.010 5.53 521.0
2455762.56410 16.795 0.009 5.37 493.0
2455762.60595 16.774 0.009 5.21 479.0
2455762.64491 16.781 0.010 6.38 475.0
2455762.72047 16.797 0.011 6.31 528.0
2455763.47624 16.746 0.010 5.77 646.0
2455763.51887 16.759 0.008 4.36 512.0
2455763.56056 16.782 0.007 3.68 465.0
2455763.61463 16.762 0.009 5.89 467.0
2455763.66276 16.805 0.008 4.97 471.0
2455763.70316 16.763 0.010 6.63 542.0
2455763.74811 16.776 0.009 5.47 618.0
2455763.78611 16.769 0.011 6.47 655.0
2455764.48068 16.775 0.009 4.82 571.0
2455764.52473 16.782 0.008 4.79 469.0
2455764.56446 16.773 0.008 4.66 526.0
2455764.60752 16.778 0.007 3.99 442.0
2455764.65480 16.803 0.008 4.58 398.0
2455764.70292 16.793 0.008 5.09 448.0
2455764.74903 16.777 0.009 5.53 491.0
2455765.48330 16.793 0.009 4.82 596.0
2455765.52612 16.766 0.009 5.28 579.0
2455765.57806 16.810 0.008 4.18 559.0
2455765.63374 16.802 0.008 4.23 498.0
2455765.67718 16.777 0.009 5.39 557.0
2455765.72214 16.784 0.009 5.70 507.0
2455765.76539 16.764 0.011 7.25 551.0
2455766.49572 16.800 0.009 5.81 475.0
2455766.53529 16.805 0.008 5.03 448.0
2455766.59954 16.802 0.007 3.98 396.0
2455766.63899 16.769 0.008 4.48 406.0
2455766.67978 16.785 0.008 4.96 400.0
2455766.72444 16.777 0.010 6.75 418.0
2455767.47285 16.748 0.011 6.62 650.0
2455767.51667 16.775 0.009 5.59 513.0
2455767.55980 16.821 0.009 5.34 525.0
2455767.60392 16.797 0.009 5.68 495.0
2455767.67170 16.794 0.009 5.08 500.0
2455767.72551 16.809 0.010 5.80 505.0
2455767.76759 16.793 0.011 6.79 479.0
2455768.47206 16.786 0.009 5.26 604.0
2455768.51239 16.789 0.009 5.31 488.0
2455768.57274 16.809 0.008 4.54 498.0
2455768.61554 16.799 0.008 5.21 469.0
2455768.66220 16.769 0.008 4.98 443.0
2455768.71236 16.787 0.008 4.62 446.0
2455768.75265 16.790 0.010 6.24 499.0
2455768.79133 16.790 0.009 5.21 566.0
2455769.49753 16.779 0.009 4.87 532.0
2455769.53871 16.776 0.008 4.60 436.0
2455769.59382 16.775 0.008 5.09 397.0
2455769.66115 16.784 0.007 4.59 396.0
2455769.71065 16.785 0.008 4.49 445.0
2455769.75302 16.786 0.009 5.26 457.0
2455770.65356 16.784 0.010 6.55 483.0
2455770.73827 16.773 0.009 4.64 478.0
2455775.55273 16.796 0.011 7.31 444.0
2455775.61954 16.786 0.010 6.92 426.0
2455775.69676 16.765 0.007 5.95 348.0
2455776.57478 16.768 0.010 6.24 497.0
2455776.62279 16.790 0.010 6.40 439.0
2455776.68862 16.797 0.010 6.30 454.0
2455776.73800 16.802 0.012 8.01 478.0
2455777.49420 16.767 0.008 4.77 532.0
2455777.54432 16.799 0.007 4.19 469.0
2455777.59080 16.773 0.009 6.51 463.0
2455777.67101 16.797 0.008 5.18 431.0
2455777.72159 16.786 0.008 5.26 445.0
2455778.47765 16.763 0.013 7.32 636.0
2455778.52922 16.779 0.011 6.07 567.0
2455778.57567 16.788 0.010 5.50 600.0
2455778.62383 16.774 0.010 5.99 652.0
2455779.61324 16.799 0.008 4.77 442.0
2455779.65953 16.764 0.009 5.55 460.0
2455779.71206 16.790 0.009 5.81 490.0
2455784.51126 16.797 0.013 4.27 1618.0
2455784.59747 16.788 0.009 4.53 746.0
2455784.70574 16.725 0.017 5.12 3116.0
2455785.47565 16.784 0.013 6.27 820.0
2455785.53962 16.775 0.013 6.56 725.0
2455785.59207 16.783 0.011 5.27 694.0
2455785.64125 16.814 0.013 6.57 721.0
2455785.68222 16.791 0.011 5.82 749.0
2455785.72402 16.780 0.013 7.05 845.0
2455786.52298 16.751 0.012 6.57 767.0
2455786.58523 16.770 0.010 5.22 675.0
2455786.62937 16.771 0.009 4.69 668.0
2455786.67198 16.786 0.011 5.79 701.0
2455786.72893 16.761 0.012 6.43 849.0
2455787.49109 16.772 0.010 5.17 706.0
2455787.56237 16.779 0.009 4.54 650.0
2455787.60651 16.788 0.009 4.72 646.0
2455787.64917 16.778 0.009 4.61 679.0
2455787.69047 16.753 0.009 4.92 727.0
2455787.73757 16.798 0.012 6.69 856.0
2455788.50593 16.769 0.010 5.43 548.0
2455788.57023 16.791 0.010 5.97 568.0
2455788.60889 16.784 0.010 5.28 611.0
2455788.65066 16.773 0.010 5.30 596.0
2455788.69157 16.786 0.013 7.25 685.0
2455788.73309 16.745 0.013 7.76 785.0
2455790.48750 16.759 0.009 5.85 465.0
2455790.53732 16.789 0.009 5.96 451.0
2455790.58930 16.785 0.011 7.31 510.0
2455790.62849 16.786 0.011 6.81 523.0
2455790.66944 16.774 0.009 5.91 516.0
2455790.70971 16.801 0.010 5.88 641.0
2455791.47588 16.749 0.012 7.08 614.0
2455791.52598 16.799 0.011 6.48 497.0
2455793.47605 16.782 0.011 6.25 610.0
2455793.54080 16.787 0.009 5.70 470.0
2455793.58337 16.788 0.009 5.78 449.0
2455793.62420 16.758 0.009 6.03 452.0
2455793.66288 16.793 0.009 5.39 458.0
2455793.70427 16.774 0.009 5.71 519.0
2455794.47807 16.761 0.011 7.13 523.0
2455794.53788 16.770 0.009 5.58 429.0
2455794.59039 16.784 0.009 5.79 444.0
2455794.62906 16.773 0.009 6.04 455.0
2455794.67664 16.778 0.009 5.79 493.0
2455795.52877 16.781 0.011 7.18 467.0
2455795.58587 16.769 0.011 7.62 468.0
2455795.64220 16.795 0.010 5.41 459.0
2455795.72390 16.784 0.010 6.29 487.0
2455796.50208 16.771 0.009 5.59 504.0
2455796.56750 16.792 0.010 6.76 501.0
2455796.61086 16.786 0.009 5.95 473.0
2455796.65091 16.783 0.010 6.54 453.0
2455796.69399 16.791 0.011 6.77 546.0
2455798.67532 16.777 0.012 8.06 512.0
2455801.48139 16.795 0.009 5.59 498.0
2455801.54605 16.806 0.010 6.08 437.0
2455801.58499 16.787 0.010 6.26 421.0
2455801.62312 16.808 0.012 7.64 463.0
2455801.66448 16.791 0.010 6.13 463.0
2455802.52205 16.792 0.011 6.79 495.0
2455802.57890 16.786 0.010 6.26 477.0
2455803.50972 16.787 0.010 5.79 479.0
2455803.59100 16.793 0.011 7.19 526.0
2455804.52873 16.796 0.009 5.14 457.0
2455804.56698 16.770 0.008 4.92 441.0
2455804.60735 16.796 0.009 5.86 442.0
2455804.64526 16.826 0.010 6.13 504.0
2455804.68923 16.778 0.010 6.33 572.0
2455805.50552 16.773 0.008 4.59 443.0
2455805.55801 16.791 0.008 4.09 416.0
2455805.59586 16.785 0.008 4.66 441.0
2455805.64219 16.789 0.010 6.84 510.0
2455806.49857 16.783 0.011 6.49 536.0
2455806.55514 16.802 0.011 6.38 565.0
2455807.55183 16.775 0.011 6.91 486.0
2455807.59339 16.795 0.011 6.60 505.0
2455807.63571 16.779 0.012 6.96 501.0
2455812.49862 16.747 0.013 6.73 769.0
2455812.53891 16.770 0.013 7.13 779.0
2455812.57815 16.799 0.012 5.54 773.0
2455812.61809 16.758 0.012 5.63 789.0
2455812.65778 16.803 0.021 7.00 1955.0
2455813.51994 16.772 0.010 5.36 659.0
2455813.56198 16.791 0.009 4.72 676.0
2455813.60020 16.774 0.009 4.47 704.0
2455813.63796 16.759 0.009 5.06 746.0
2455815.47856 16.803 0.011 5.58 886.0
2455815.53151 16.790 0.008 4.21 618.0
2455815.56997 16.782 0.008 4.10 623.0
2455815.61717 16.778 0.008 3.72 716.0
2455815.65345 16.777 0.008 3.77 781.0
2455816.50286 16.782 0.009 4.53 622.0
2455816.55036 16.788 0.010 5.06 686.0
2455816.58869 16.777 0.010 5.36 696.0
2455816.62671 16.768 0.014 8.02 741.0
2455817.50402 16.796 0.009 4.75 589.0
2455817.55136 16.787 0.010 5.70 618.0
2455817.59054 16.780 0.010 5.65 653.0
2455817.62838 16.774 0.011 6.67 683.0
2455818.48326 16.787 0.010 5.82 616.0
2455818.53278 16.764 0.010 5.55 608.0
2455818.57078 16.776 0.010 5.64 627.0
2455818.61110 16.731 0.012 6.48 738.0
2455819.48331 16.790 0.010 5.67 667.0
2455819.54148 16.781 0.010 5.48 616.0
2455819.57908 16.779 0.009 5.28 628.0
2455819.61837 16.785 0.009 4.60 687.0
2455819.65530 16.769 0.011 5.89 799.0
2455820.51017 16.761 0.011 6.71 602.0
2455820.55714 16.773 0.009 5.24 559.0
2455820.59498 16.773 0.009 4.91 606.0
2455820.63277 16.759 0.012 6.45 707.0
2455822.52378 16.808 0.012 7.13 453.0
2455822.56873 16.776 0.010 6.60 441.0
2455822.61222 16.789 0.009 5.28 483.0
2455823.50035 16.777 0.013 7.68 530.0
2455823.54366 16.786 0.011 6.36 528.0
2455823.58719 16.778 0.010 5.45 533.0
2455823.62766 16.806 0.012 6.94 568.0
2455824.52600 16.776 0.009 5.00 485.0
2455824.56524 16.806 0.009 4.83 471.0
2455824.60646 16.747 0.010 6.04 501.0
2455825.48598 16.780 0.012 7.06 614.0
2455825.53556 16.784 0.010 5.53 548.0
2455825.58191 16.793 0.009 4.98 574.0
2455825.62425 16.770 0.010 6.73 544.0
2455826.50505 16.795 0.011 6.31 513.0
2455826.55373 16.769 0.010 5.79 529.0
2455826.59322 16.801 0.012 6.93 597.0
2455827.49345 16.780 0.013 7.71 618.0
2455827.53113 16.766 0.012 6.71 628.0
2455827.57397 16.779 0.011 6.21 627.0
2455827.61154 16.798 0.011 6.84 579.0
2455828.50460 16.787 0.009 4.92 473.0
2455828.54450 16.798 0.009 4.96 471.0
2455828.58214 16.810 0.010 5.83 506.0
2455828.61686 16.795 0.009 5.38 584.0
2455829.51735 16.802 0.009 5.24 556.0
2455829.55527 16.801 0.009 5.33 561.0
2455829.59355 16.782 0.009 6.15 546.0
2455830.48122 16.781 0.009 4.41 755.0
2455830.53052 16.786 0.008 4.74 488.0
2455830.56818 16.777 0.010 6.43 512.0
2455830.60643 16.804 0.010 7.15 514.0
2455831.52928 16.797 0.009 5.18 499.0
2455831.56683 16.785 0.009 5.78 508.0
2455831.60258 16.796 0.010 7.49 556.0
2455832.51269 16.794 0.008 4.66 532.0
2455832.55226 16.800 0.010 6.11 558.0
2455832.59189 16.770 0.012 7.05 603.0
2455833.51036 16.776 0.009 5.16 521.0
2455833.55024 16.763 0.008 4.79 487.0
2455833.58807 16.787 0.011 6.73 520.0
2455834.50984 16.772 0.008 4.71 488.0
2455834.54751 16.787 0.008 5.44 475.0
2455834.58688 16.791 0.009 5.10 519.0
2455835.53097 16.753 0.012 6.86 589.0
2455836.48452 16.780 0.016 6.22 1592.0
2455836.52807 16.785 0.013 5.13 1274.0
2455839.48425 16.783 0.013 6.06 1114.0
2455839.52416 16.772 0.012 6.74 713.0
2455839.56310 16.775 0.012 6.20 801.0
2455839.59348 16.784 0.018 6.60 1865.0
2455840.51235 16.787 0.011 5.75 663.0
2455840.56479 16.797 0.010 4.72 704.0
2455840.60693 16.789 0.011 5.36 800.0
2455841.51024 16.784 0.013 6.61 749.0
2455841.54982 16.789 0.011 5.30 777.0
2455841.59286 16.745 0.012 5.98 842.0
2455842.51224 16.788 0.015 7.86 703.0
2455842.55637 16.792 0.011 5.81 731.0
2455842.59682 16.790 0.014 7.30 856.0
2455843.51383 16.758 0.011 6.36 672.0
2455843.55466 16.794 0.011 6.39 688.0
2455843.59515 16.761 0.014 7.33 765.0
2455844.49815 16.772 0.010 5.63 706.0
2455844.53760 16.771 0.011 5.85 723.0
2455844.57839 16.765 0.013 6.64 826.0
2455845.49849 16.755 0.012 6.77 705.0
2455845.53830 16.790 0.011 5.30 793.0
2455845.57865 16.802 0.017 7.97 959.0
2455846.50235 16.773 0.014 6.89 851.0
2455846.54034 16.796 0.015 6.96 932.0
2455846.57918 16.755 0.016 7.10 1105.0
2455850.51306 16.786 0.009 5.15 608.0
2455850.55167 16.755 0.010 6.14 600.0
2455851.50198 16.806 0.009 5.71 559.0
2455851.54032 16.777 0.009 5.36 554.0
2455852.48985 16.793 0.016 6.82 1199.0
2455852.52980 16.807 0.015 7.49 812.0
2455854.49335 16.788 0.015 6.39 1074.0
2455854.53655 16.768 0.011 5.24 739.0
2455855.52237 16.794 0.012 5.41 749.0
2455855.55033 16.793 0.012 6.05 743.0
2455856.52237 16.780 0.012 6.22 709.0
2455857.49233 16.786 0.017 7.55 1238.0
2455858.49477 16.774 0.015 7.29 995.0
2455859.49353 16.761 0.015 6.12 1514.0
2455859.53095 16.807 0.011 5.88 708.0
2455860.50703 16.782 0.011 5.95 676.0
2455861.49539 16.794 0.015 6.05 1387.0
2455862.51508 16.775 0.011 6.23 596.0
2455866.50758 16.794 0.015 6.51 1272.0
2455866.52307 16.779 0.015 7.14 1235.0
2455868.51210 16.762 0.013 6.65 873.0
2455869.50303 16.785 0.013 4.92 1268.0
2455870.50767 16.778 0.010 5.13 1029.0
2455871.49642 16.747 0.017 5.56 2629.0
2455871.50864 16.801 0.012 6.18 936.0
2455872.49625 16.788 0.020 6.34 3474.0
2455873.49744 16.767 0.017 5.26 2817.0
2455960.87838 16.776 0.010 5.20 789.0
2455962.87821 16.768 0.010 6.13 625.0
2455963.87886 16.771 0.010 6.75 612.0
2455964.87393 16.802 0.012 6.90 832.0
2455965.88130 16.762 0.009 5.14 822.0
2455967.88636 16.763 0.011 5.55 1332.0
2455968.87934 16.795 0.010 6.04 753.0
2455969.88578 16.787 0.012 6.54 903.0
2455971.86013 16.788 0.009 6.19 620.0
2455972.87575 16.753 0.010 5.63 1000.0
2455976.86561 16.780 0.009 6.07 472.0
2455977.82369 16.757 0.010 6.75 616.0
2455977.86451 16.776 0.009 5.44 564.0
2455978.83656 16.769 0.010 7.47 505.0
2455978.87495 16.777 0.009 6.19 479.0
2455979.82735 16.752 0.010 7.01 568.0
2455979.86679 16.793 0.009 6.54 515.0
2455980.84833 16.787 0.012 7.93 549.0
2455982.81410 16.770 0.009 5.73 510.0
2455982.85275 16.783 0.008 5.45 446.0
2455982.90000 16.748 0.010 4.86 926.0
2455983.84452 16.773 0.009 5.57 502.0
2455983.89207 16.744 0.007 3.64 475.0
2455984.82986 16.743 0.009 5.91 481.0
2455984.86480 16.796 0.007 4.35 441.0
2455985.81385 16.750 0.010 6.51 583.0
2455985.84880 16.744 0.009 6.39 544.0
2455985.89249 16.746 0.009 5.83 501.0
2455986.82707 16.751 0.009 6.20 555.0
2455986.86543 16.767 0.008 5.18 478.0
2455987.81330 16.766 0.010 6.14 588.0
2455987.84189 16.756 0.008 5.08 527.0
2455987.89130 16.759 0.008 4.78 479.0
2455988.81797 16.760 0.010 6.62 533.0
2455988.85892 16.766 0.009 5.52 514.0
2455988.90565 16.736 0.012 4.57 1704.0
2455989.82842 16.786 0.010 6.90 444.0
2455989.87016 16.774 0.009 6.40 410.0
2455990.79926 16.742 0.009 6.58 459.0
2455990.83296 16.758 0.008 5.75 447.0
2455990.87437 16.753 0.009 5.84 443.0
2455991.80663 16.762 0.011 6.86 617.0
2455991.84947 16.771 0.008 5.35 443.0
2455991.90103 16.751 0.008 4.59 525.0
2455992.82456 16.773 0.009 5.56 617.0
2455992.86664 16.763 0.008 5.27 471.0
2455993.78929 16.758 0.013 7.77 718.0
2455993.83209 16.744 0.011 7.07 614.0
2455993.87195 16.770 0.009 5.49 545.0
2455994.80095 16.785 0.010 5.02 878.0
2455994.82633 16.780 0.009 4.61 753.0
2455994.87704 16.741 0.009 5.16 656.0
2455995.78764 16.753 0.009 4.50 823.0
2455995.80896 16.773 0.008 4.30 747.0
2455995.84214 16.754 0.008 4.36 671.0
2455995.89128 16.767 0.008 4.66 596.0
2455996.79574 16.736 0.009 5.29 670.0
2455996.83332 16.765 0.008 4.63 606.0
2455996.88008 16.757 0.007 3.82 532.0
2455997.79120 16.775 0.010 6.35 645.0
2455997.82718 16.778 0.009 5.07 584.0
2455997.87554 16.754 0.008 4.65 561.0
2455997.91327 16.760 0.011 4.14 1771.0
2455998.80303 16.786 0.009 5.02 640.0
2455998.85201 16.757 0.008 4.12 558.0
2455998.89331 16.761 0.008 4.50 539.0
2455999.78743 16.757 0.009 5.58 675.0
2455999.83644 16.771 0.008 4.42 634.0
2455999.87437 16.767 0.008 3.94 576.0
2455999.91237 16.767 0.008 3.83 871.0
2456002.80458 16.773 0.014 5.56 1634.0
2456002.83742 16.755 0.012 4.47 1659.0
2456002.87814 16.787 0.011 4.15 1641.0
2456003.85284 16.766 0.011 6.73 571.0
2456003.89954 16.743 0.009 5.55 561.0
2456004.78467 16.761 0.009 5.88 523.0
2456004.83259 16.772 0.008 4.89 504.0
2456004.88105 16.753 0.008 4.61 477.0
2456004.91899 16.759 0.013 3.70 3036.0
2456005.78719 16.750 0.008 5.62 447.0
2456005.83008 16.755 0.009 5.47 450.0
2456005.89411 16.768 0.006 3.40 399.0
2456006.76094 16.743 0.008 5.16 469.0
2456006.80399 16.795 0.007 4.06 414.0
2456006.86362 16.755 0.007 4.69 422.0
2456006.90197 16.772 0.007 4.21 425.0
2456007.76548 16.762 0.008 5.39 435.0
2456007.81287 16.765 0.008 4.50 425.0
2456007.86090 16.746 0.007 4.12 389.0
2456007.89889 16.769 0.007 4.11 420.0
2456008.75754 16.761 0.009 5.76 518.0
2456008.79641 16.776 0.009 5.68 456.0
2456008.85303 16.788 0.010 6.93 454.0
2456008.89222 16.766 0.008 5.40 434.0
2456009.75194 16.761 0.009 5.73 523.0
2456009.78480 16.769 0.008 4.92 481.0
2456009.84233 16.757 0.008 4.31 492.0
2456009.88012 16.769 0.007 4.28 461.0
2456009.91799 16.779 0.010 3.89 1215.0
2456010.76326 16.755 0.009 5.96 594.0
2456010.81234 16.753 0.007 4.74 459.0
2456010.86231 16.762 0.007 3.96 441.0
2456010.89990 16.748 0.007 4.08 420.0
2456011.74675 16.750 0.010 6.33 527.0
2456011.79246 16.750 0.008 5.08 440.0
2456011.86784 16.746 0.009 4.71 828.0
2456011.90612 16.768 0.009 4.38 849.0
2456012.75098 16.746 0.009 6.25 422.0
2456012.79430 16.757 0.008 5.48 395.0
2456012.84366 16.743 0.007 4.68 376.0
2456012.89073 16.751 0.006 3.76 360.0
2456013.74779 16.740 0.009 6.40 426.0
2456013.74997 16.745 0.009 6.63 426.0
2456013.78774 16.765 0.008 5.24 391.0
2456013.82882 16.760 0.007 4.73 389.0
2456013.88988 16.764 0.007 4.58 379.0
2456014.72512 16.757 0.009 6.63 481.0
2456014.76470 16.766 0.007 4.80 440.0
2456014.80293 16.750 0.007 4.76 409.0
2456014.86309 16.750 0.008 4.97 379.0
2456014.90222 16.729 0.007 4.96 391.0
2456015.74173 16.745 0.007 5.14 463.0
2456015.78116 16.737 0.007 4.70 401.0
2456015.81988 16.763 0.007 4.12 385.0
2456015.86903 16.745 0.007 3.77 379.0
2456015.91099 16.764 0.007 4.02 425.0
2456016.75306 16.747 0.007 4.73 445.0
2456016.79286 16.755 0.007 4.27 422.0
2456016.83297 16.751 0.007 3.95 419.0
2456016.89631 16.745 0.007 3.83 415.0
2456017.72819 16.758 0.008 5.54 474.0
2456017.76651 16.765 0.005 4.38 319.0
2456017.80466 16.744 0.006 3.73 389.0
2456017.84410 16.752 0.006 3.68 363.0
2456017.90177 16.756 0.006 3.63 353.0
2456018.79345 16.752 0.008 5.14 387.0
2456018.83329 16.754 0.007 4.41 391.0
2456018.87509 16.740 0.006 3.69 382.0
2456019.73009 16.732 0.009 6.03 523.0
2456019.76862 16.751 0.008 4.93 442.0
2456019.82724 16.737 0.010 6.47 420.0
2456019.86514 16.759 0.007 3.92 401.0
2456019.90363 16.752 0.007 4.05 388.0
2456020.71376 16.737 0.009 6.17 538.0
2456020.75257 16.743 0.008 5.00 473.0
2456020.80862 16.763 0.007 4.31 412.0
2456020.84686 16.721 0.006 3.69 378.0
2456020.88607 16.753 0.007 4.47 398.0
2456020.92697 16.769 0.012 4.53 1709.0
2456021.73521 16.757 0.009 5.33 581.0
2456021.77426 16.755 0.008 4.95 516.0
2456021.81237 16.746 0.008 4.75 472.0
2456021.85170 16.750 0.007 4.15 444.0
2456021.90979 16.760 0.007 4.08 460.0
2456022.72284 16.760 0.009 5.60 662.0
2456022.76097 16.737 0.008 4.53 575.0
2456022.79928 16.752 0.008 4.36 537.0
2456022.85665 16.734 0.008 4.68 514.0
2456022.89656 16.740 0.007 4.10 454.0
2456023.71586 16.728 0.009 5.62 746.0
2456023.75598 16.719 0.008 4.41 687.0
2456023.79648 16.746 0.007 4.00 614.0
2456023.83757 16.754 0.008 4.10 607.0
2456023.89993 16.725 0.008 3.84 849.0
2456024.71051 16.730 0.011 6.17 890.0
2456024.75080 16.762 0.009 5.32 703.0
2456024.78985 16.734 0.010 5.89 673.0
2456024.85230 16.750 0.007 3.70 624.0
2456024.90213 16.718 0.008 4.05 704.0
2456025.69862 16.723 0.012 6.84 911.0
2456025.74023 16.731 0.011 6.11 747.0
2456025.77820 16.741 0.009 5.08 685.0
2456025.82026 16.744 0.010 5.60 635.0
2456025.88224 16.758 0.009 5.11 627.0
2456026.71358 16.739 0.015 7.79 1068.0
2456031.77899 16.724 0.008 6.04 486.0
2456031.81839 16.732 0.008 5.01 503.0
2456031.85963 16.737 0.008 4.97 520.0
2456031.91085 16.745 0.012 7.31 560.0
2456032.69504 16.738 0.010 6.40 582.0
2456032.73535 16.750 0.008 5.05 488.0
2456032.78336 16.755 0.007 4.68 467.0
2456032.83160 16.763 0.008 4.91 440.0
2456032.87482 16.743 0.007 4.16 431.0
2456032.91564 16.720 0.007 4.26 449.0
2456033.70795 16.749 0.009 6.42 483.0
2456033.75636 16.721 0.009 6.23 480.0
2456033.81287 16.753 0.008 5.13 457.0
2456033.86699 16.738 0.008 4.57 457.0
2456033.90886 16.719 0.009 5.64 496.0
2456034.70433 16.743 0.008 5.31 454.0
2456034.75275 16.717 0.008 5.19 440.0
2456034.79663 16.724 0.006 3.65 415.0
2456034.85934 16.733 0.008 4.70 451.0
2456034.89729 16.748 0.008 4.16 471.0
2456035.83851 16.744 0.008 4.68 469.0
2456035.89607 16.743 0.008 4.93 481.0
2456036.69985 16.743 0.008 5.90 428.0
2456036.74219 16.747 0.007 4.85 457.0
2456036.79410 16.725 0.007 4.11 428.0
2456036.81917 16.732 0.006 3.59 417.0
2456036.86386 16.731 0.006 3.35 464.0
2456036.91903 16.732 0.007 4.34 504.0
2456037.72675 16.722 0.009 6.10 476.0
2456037.76810 16.735 0.008 5.63 464.0
2456037.82171 16.734 0.008 4.49 486.0
2456037.88244 16.702 0.008 4.41 564.0
2456037.92202 16.744 0.010 5.61 678.0
2456038.73700 16.737 0.009 6.05 440.0
2456038.77720 16.733 0.008 5.81 420.0
2456038.82151 16.711 0.007 4.66 462.0
2456038.84429 16.729 0.007 4.47 463.0
2456038.86329 16.734 0.007 4.59 469.0
2456038.87117 16.718 0.007 4.57 469.0
2456038.88764 16.722 0.008 4.97 479.0
2456038.90683 16.740 0.008 5.62 482.0
2456038.93113 16.738 0.011 5.43 997.0
2456039.75798 16.747 0.010 6.74 477.0
2456039.80463 16.735 0.009 5.73 484.0
2456039.86624 16.716 0.008 5.47 492.0
2456039.90939 16.725 0.008 5.08 513.0
2456040.73712 16.710 0.010 6.82 446.0
2456040.77806 16.734 0.009 5.84 454.0
2456040.81819 16.733 0.008 5.02 482.0
2456040.88287 16.746 0.008 4.97 506.0
2456040.92135 16.732 0.008 4.74 508.0
2456041.72484 16.723 0.009 7.08 485.0
2456041.77008 16.730 0.008 5.51 483.0
2456041.82186 16.723 0.008 5.04 486.0
2456041.87463 16.729 0.008 4.47 508.0
2456041.91483 16.742 0.008 4.51 519.0
2456045.90891 16.735 0.008 4.55 536.0
2456046.87926 16.724 0.007 4.40 472.0
2456046.91993 16.741 0.008 4.66 487.0
2456047.69443 16.717 0.009 5.93 484.0
2456047.73207 16.718 0.007 5.03 432.0
2456047.77241 16.730 0.007 4.22 448.0
2456047.82272 16.730 0.007 3.96 475.0
2456047.88552 16.715 0.008 4.76 543.0
2456047.92615 16.719 0.008 4.79 600.0
2456048.71068 16.719 0.008 4.69 531.0
2456048.76282 16.723 0.007 4.19 440.0
2456048.81199 16.725 0.008 5.43 414.0
2456048.85515 16.711 0.007 4.90 394.0
2456048.90115 16.719 0.008 5.11 435.0
2456049.67944 16.714 0.008 5.30 558.0
2456049.73237 16.723 0.007 4.31 483.0
2456049.78288 16.711 0.006 3.68 448.0
2456049.83115 16.720 0.006 3.21 449.0
2456049.87392 16.710 0.007 4.12 480.0
2456049.91300 16.700 0.007 4.25 488.0
2456050.66929 16.706 0.010 6.49 585.0
2456050.70759 16.724 0.009 5.43 546.0
2456050.76791 16.712 0.008 4.58 548.0
2456050.81769 16.724 0.007 4.13 557.0
2456050.85728 16.705 0.008 4.47 533.0
2456050.89621 16.723 0.008 4.23 559.0
2456050.93488 16.696 0.011 5.08 1384.0
2456051.72778 16.717 0.008 4.74 587.0
2456052.65385 16.690 0.010 5.86 935.0
2456052.69203 16.736 0.009 5.09 767.0
2456052.74963 16.714 0.008 4.89 656.0
2456052.78845 16.722 0.008 4.08 655.0
2456052.82900 16.728 0.008 4.53 691.0
2456052.86827 16.700 0.007 3.75 723.0
2456052.90714 16.705 0.008 4.32 736.0
2456053.64944 16.740 0.013 5.90 1297.0
2456053.68554 16.722 0.010 4.88 1060.0
2456053.72346 16.724 0.008 4.14 957.0
2456053.78032 16.700 0.007 3.51 849.0
2456053.83321 16.721 0.008 3.51 908.0
2456053.87593 16.720 0.010 4.18 1350.0
2456053.91575 16.744 0.014 4.44 2592.0
2456054.87758 16.720 0.009 3.83 1125.0
2456054.90900 16.699 0.011 3.64 2627.0
2456057.67568 16.704 0.016 6.02 2830.0
2456057.73767 16.709 0.016 5.71 2566.0
2456057.77095 16.747 0.014 4.96 2310.0
2456057.80863 16.692 0.011 3.99 2107.0
2456057.83599 16.728 0.011 4.29 1654.0
2456057.86889 16.716 0.010 4.05 1458.0
2456057.90032 16.687 0.011 4.58 1864.0
2456057.91532 16.700 0.012 4.44 1835.0
2456057.93359 16.676 0.010 3.85 1982.0
2456058.69148 16.710 0.009 6.38 506.0
2456058.73176 16.734 0.011 7.16 527.0
2456058.76944 16.704 0.007 4.55 493.0
2456058.81897 16.726 0.009 5.90 503.0
2456058.86220 16.727 0.009 5.22 541.0
2456058.90187 16.704 0.008 4.49 562.0
2456059.66787 16.710 0.008 6.26 462.0
2456059.70838 16.709 0.008 5.86 463.0
2456059.74636 16.695 0.008 5.99 470.0
2456059.78522 16.692 0.007 4.33 462.0
2456059.84524 16.696 0.007 3.91 482.0
2456059.88426 16.717 0.008 5.07 514.0
2456059.92314 16.720 0.008 4.56 521.0
2456060.79247 16.699 0.007 4.95 454.0
2456061.68496 16.706 0.009 6.55 497.0
2456061.72331 16.725 0.008 5.17 519.0
2456061.78288 16.694 0.007 4.12 498.0
2456061.82466 16.713 0.007 4.29 499.0
2456061.86277 16.715 0.008 4.81 561.0
2456061.90106 16.716 0.009 5.51 600.0
2456061.93984 16.723 0.010 4.93 1252.0
2456062.68267 16.710 0.009 6.32 547.0
2456062.72191 16.696 0.009 6.11 570.0
2456062.76077 16.700 0.008 5.00 589.0
2456062.82215 16.700 0.008 4.78 587.0
2456062.86170 16.713 0.009 5.30 592.0
2456062.89971 16.702 0.008 4.70 673.0
2456062.93758 16.692 0.009 4.58 1116.0
2456063.79133 16.700 0.011 7.93 459.0
2456063.83054 16.727 0.011 7.27 477.0
2456063.87928 16.704 0.008 5.67 497.0
2456063.92690 16.685 0.008 5.17 653.0
2456064.71484 16.705 0.007 4.25 448.0
2456064.75335 16.706 0.006 3.32 459.0
2456064.81776 16.703 0.007 3.77 503.0
2456064.85745 16.692 0.007 4.55 536.0
2456064.89917 16.704 0.008 4.85 571.0
2456064.93765 16.714 0.009 4.89 889.0
2456065.64807 16.694 0.008 5.14 482.0
2456065.68656 16.702 0.007 4.23 410.0
2456065.73449 16.691 0.007 4.13 413.0
2456065.78638 16.704 0.007 4.29 519.0
2456065.82702 16.690 0.007 4.21 549.0
2456066.61083 16.687 0.008 5.52 568.0
2456066.65039 16.715 0.008 4.97 512.0
2456066.68847 16.685 0.007 4.04 471.0
2456066.72655 16.712 0.008 4.68 521.0
2456066.79154 16.697 0.007 4.47 500.0
2456066.83121 16.677 0.007 4.13 481.0
2456066.87357 16.703 0.007 3.69 534.0
2456066.91186 16.726 0.007 3.89 545.0
2456067.59552 16.697 0.009 5.86 522.0
2456067.63470 16.680 0.007 4.52 454.0
2456067.67549 16.707 0.008 4.96 441.0
2456067.71384 16.685 0.007 4.06 456.0
2456067.76281 16.693 0.007 3.59 456.0
2456067.81427 16.691 0.007 4.12 450.0
2456067.85354 16.714 0.007 3.51 487.0
2456067.89139 16.706 0.008 4.66 572.0
2456067.92923 16.700 0.008 4.28 608.0
2456068.63092 16.678 0.007 5.07 493.0
2456068.68154 16.687 0.007 4.52 459.0
2456068.72844 16.690 0.007 4.21 403.0
2456068.79649 16.688 0.007 4.24 423.0
2456068.85485 16.678 0.007 3.40 486.0
2456068.89957 16.698 0.007 3.29 574.0
2456069.61904 16.683 0.008 5.38 441.0
2456069.67761 16.713 0.007 4.57 434.0
2456069.71933 16.705 0.007 4.66 422.0
2456069.77089 16.710 0.007 3.92 420.0
2456069.82602 16.695 0.007 3.95 408.0
2456069.86854 16.698 0.007 3.69 422.0
2456069.90673 16.715 0.007 3.45 461.0
2456070.58847 16.704 0.009 6.14 516.0
2456070.62702 16.705 0.010 7.00 523.0
2456070.66515 16.703 0.008 5.45 470.0
2456070.70499 16.675 0.007 4.45 423.0
2456070.74295 16.697 0.007 4.45 401.0
2456070.80350 16.696 0.007 4.64 445.0
2456070.84172 16.681 0.008 4.95 459.0
2456070.88197 16.703 0.007 4.16 449.0
2456070.92139 16.700 0.009 5.82 483.0
2456071.58720 16.698 0.009 6.39 498.0
2456071.62706 16.691 0.007 5.17 418.0
2456071.66796 16.705 0.007 4.75 408.0
2456071.70569 16.693 0.007 4.33 382.0
2456071.75352 16.691 0.007 4.80 418.0
2456071.80808 16.665 0.007 4.80 442.0
2456071.84759 16.701 0.008 5.18 449.0
2456071.88576 16.699 0.007 5.08 468.0
2456071.92355 16.718 0.012 7.62 510.0
2456075.62076 16.696 0.007 3.86 429.0
2456075.65919 16.682 0.007 5.08 390.0
2456075.70061 16.671 0.007 4.86 393.0
2456075.75382 16.684 0.006 4.13 392.0
2456075.80315 16.679 0.007 3.92 395.0
2456075.84235 16.689 0.007 3.81 425.0
2456076.57402 16.674 0.008 5.17 599.0
2456076.61218 16.679 0.008 5.30 517.0
2456076.65384 16.679 0.008 5.40 476.0
2456076.70048 16.670 0.007 4.06 443.0
2456076.75756 16.669 0.007 4.47 430.0
2456076.79706 16.690 0.007 4.61 444.0
2456076.83542 16.692 0.008 5.91 472.0
2456076.88479 16.728 0.008 6.05 499.0
2456076.93036 16.678 0.009 6.38 564.0
2456077.71124 16.690 0.007 4.99 468.0
2456077.77380 16.685 0.007 5.59 415.0
2456077.83142 16.715 0.007 4.61 431.0
2456077.87163 16.657 0.008 5.45 475.0
2456077.91304 16.699 0.008 4.62 539.0
2456078.59573 16.662 0.008 4.45 615.0
2456078.63333 16.705 0.009 5.35 561.0
2456078.67185 16.704 0.008 4.42 541.0
2456078.72156 16.687 0.007 4.30 503.0
2456078.77432 16.677 0.007 3.76 571.0
2456078.81430 16.693 0.007 3.73 461.0
2456078.85760 16.683 0.007 3.96 522.0
2456078.89649 16.685 0.007 3.90 592.0
2456079.56099 16.709 0.009 5.23 669.0
2456079.60025 16.700 0.008 4.35 575.0
2456079.63798 16.686 0.007 4.65 473.0
2456079.67893 16.674 0.007 4.92 468.0
2456079.73869 16.717 0.008 4.67 527.0
2456079.79019 16.693 0.007 4.38 552.0
2456079.84137 16.677 0.008 4.94 506.0
2456079.87941 16.697 0.006 3.69 506.0
2456079.91920 16.688 0.007 4.75 570.0
2456080.57045 16.693 0.009 5.56 743.0
2456080.60841 16.677 0.009 5.00 699.0
2456080.64669 16.675 0.008 4.49 683.0
2456080.69336 16.685 0.007 4.22 566.0
2456080.73511 16.688 0.008 4.72 561.0
2456080.77584 16.666 0.008 5.28 593.0
2456080.82406 16.678 0.007 4.66 542.0
2456080.87179 16.686 0.008 5.25 570.0
2456080.91651 16.700 0.007 4.34 474.0
2456081.56607 16.685 0.012 6.35 1038.0
2456081.60402 16.697 0.009 4.96 887.0
2456081.64343 16.696 0.010 5.55 778.0
2456081.68286 16.691 0.008 4.66 693.0
2456081.72837 16.692 0.008 4.76 681.0
2456081.77738 16.682 0.008 4.74 674.0
2456081.82578 16.695 0.008 4.38 712.0
2456081.86596 16.690 0.008 4.68 776.0
2456081.91408 16.707 0.011 6.13 876.0
2456082.59610 16.670 0.012 6.69 1038.0
2456082.63483 16.688 0.013 6.19 1120.0
2456082.67447 16.679 0.013 6.65 1148.0
2456082.72461 16.691 0.012 6.24 1122.0
2456082.80194 16.686 0.012 5.70 1211.0
2456082.84000 16.690 0.011 5.16 1213.0
2456082.87699 16.673 0.013 6.14 1374.0
2456085.56050 16.657 0.010 5.90 903.0
2456085.59952 16.691 0.010 5.97 780.0
2456085.64914 16.673 0.008 4.50 661.0
2456085.68396 16.670 0.008 4.65 698.0
2456085.73354 16.671 0.008 4.95 659.0
2456085.77297 16.691 0.009 5.50 652.0
2456085.81137 16.690 0.009 5.54 643.0
2456085.85015 16.690 0.010 6.06 701.0
2456085.88975 16.658 0.012 6.99 779.0
2456085.93072 16.682 0.013 7.04 939.0
2456086.58483 16.682 0.008 5.46 532.0
2456086.62316 16.696 0.008 5.05 540.0
2456086.66613 16.682 0.007 3.92 520.0
2456086.71502 16.681 0.007 3.80 508.0
2456086.76854 16.692 0.008 4.72 525.0
2456086.80844 16.695 0.008 5.15 519.0
2456086.85697 16.702 0.009 5.56 612.0
2456086.89838 16.652 0.010 6.24 688.0
2456087.54676 16.719 0.010 7.63 463.0
2456087.60211 16.665 0.007 6.01 387.0
2456087.74567 16.672 0.008 5.25 515.0
2456087.80687 16.676 0.008 5.06 683.0
2456087.84656 16.679 0.009 5.65 637.0
2456088.57435 16.669 0.007 5.15 396.0
2456088.61204 16.679 0.007 4.57 383.0
2456088.65049 16.659 0.007 4.61 400.0
2456088.68861 16.679 0.007 4.19 417.0
2456089.65481 16.682 0.007 4.58 474.0
2456089.69308 16.689 0.007 5.01 435.0
2456089.76422 16.666 0.007 4.54 526.0
2456089.80469 16.697 0.008 5.18 547.0
2456089.87107 16.682 0.008 5.02 540.0
2456092.57268 16.668 0.008 5.57 493.0
2456092.61074 16.679 0.007 4.97 426.0
2456092.65087 16.685 0.008 6.03 423.0
2456092.76832 16.683 0.007 4.66 446.0
2456092.84401 16.704 0.007 4.89 506.0
2456092.89558 16.684 0.010 6.61 596.0
2456093.56313 16.683 0.008 5.35 465.0
2456093.60495 16.671 0.007 5.10 424.0
2456093.64282 16.700 0.008 5.94 410.0
2456093.69077 16.690 0.007 5.39 394.0
2456093.76569 16.680 0.008 5.35 426.0
2456093.80339 16.676 0.009 6.57 446.0
2456093.84320 16.689 0.009 6.82 456.0
2456094.55448 16.691 0.010 7.01 574.0
2456094.61659 16.677 0.009 6.10 515.0
2456094.65420 16.721 0.008 5.02 499.0
2456094.69197 16.690 0.008 5.58 502.0
2456094.75117 16.693 0.008 5.07 505.0
2456094.78878 16.714 0.009 5.84 492.0
2456094.82878 16.676 0.008 5.82 496.0
2456094.87510 16.693 0.010 6.72 588.0
2456096.57472 16.659 0.008 6.37 476.0
2456096.61604 16.670 0.008 5.78 424.0
2456096.66119 16.673 0.008 5.70 424.0
2456096.72298 16.694 0.008 6.31 432.0
2456096.73579 16.673 0.009 6.39 442.0
2456096.77507 16.674 0.008 5.77 464.0
2456096.81434 16.653 0.009 6.28 513.0
2456096.85520 16.658 0.009 6.37 566.0
2456096.89609 16.695 0.011 6.92 667.0
2456097.70983 16.692 0.009 5.89 444.0
2456097.76287 16.698 0.009 6.95 442.0
2456097.80069 16.677 0.008 4.90 476.0
2456097.83824 16.682 0.010 6.29 515.0
2456097.87867 16.681 0.010 6.12 611.0
2456098.54889 16.706 0.010 6.76 506.0
2456098.59768 16.689 0.009 6.65 479.0
2456098.63520 16.702 0.009 6.46 456.0
2456098.67363 16.661 0.008 5.46 448.0
2456098.73665 16.684 0.008 5.63 457.0
2456098.77484 16.703 0.008 5.37 450.0
2456098.81591 16.669 0.009 6.38 480.0
2456098.85398 16.692 0.009 5.62 538.0
2456098.89064 16.695 0.011 7.23 641.0
2456099.71225 16.689 0.009 6.52 510.0
2456099.77900 16.682 0.009 6.56 502.0
2456100.52687 16.689 0.009 5.77 634.0
2456100.58491 16.675 0.010 7.29 501.0
2456100.62240 16.692 0.008 4.83 482.0
2456100.66953 16.671 0.007 3.94 474.0
2456100.72090 16.689 0.008 5.61 462.0
2456100.75930 16.698 0.008 5.03 487.0
2456100.80701 16.705 0.010 6.50 560.0
2456100.84769 16.694 0.012 7.16 661.0
2456100.88784 16.688 0.009 5.87 624.0
2456101.52362 16.678 0.008 5.26 605.0
2456101.56160 16.690 0.008 5.38 566.0
2456101.59912 16.671 0.008 4.84 510.0
2456101.63745 16.712 0.007 4.62 476.0
2456101.67723 16.676 0.007 4.13 426.0
2456101.73913 16.683 0.007 4.37 452.0
2456101.77795 16.683 0.007 4.38 512.0
2456101.82121 16.672 0.008 4.75 651.0
2456101.86417 16.692 0.009 5.66 707.0
2456102.52595 16.693 0.011 5.66 841.0
2456102.56336 16.708 0.009 5.49 576.0
2456102.62087 16.678 0.008 5.32 463.0
2456102.66025 16.679 0.007 4.80 458.0
2456102.70079 16.686 0.008 4.92 519.0
2456102.73895 16.685 0.007 3.59 496.0
2456102.77775 16.687 0.007 4.41 515.0
2456102.81828 16.704 0.008 4.85 556.0
2456102.85846 16.695 0.009 5.40 657.0
2456103.48721 16.703 0.011 5.48 865.0
2456103.53018 16.672 0.008 4.38 617.0
2456103.57029 16.683 0.008 4.54 525.0
2456103.61041 16.686 0.007 4.16 496.0
2456103.66877 16.697 0.007 4.10 497.0
2456103.70913 16.680 0.007 3.98 476.0
2456103.74933 16.690 0.008 4.85 474.0
2456103.81543 16.701 0.008 6.62 458.0
2456104.48803 16.699 0.009 5.83 727.0
2456104.53083 16.690 0.007 4.56 589.0
2456104.56889 16.681 0.007 4.18 521.0
2456104.65323 16.707 0.007 4.17 426.0
2456104.69371 16.675 0.006 3.73 405.0
2456104.73395 16.690 0.006 3.89 423.0
2456104.77258 16.691 0.007 5.04 407.0
2456104.81390 16.708 0.007 5.12 427.0
2456104.86256 16.677 0.008 6.64 468.0
2456105.50824 16.707 0.010 6.48 552.0
2456105.54129 16.715 0.009 5.83 607.0
2456105.58159 16.680 0.009 6.01 485.0
2456105.65113 16.713 0.007 4.72 406.0
2456105.69326 16.671 0.008 5.36 434.0
2456105.73288 16.692 0.008 5.25 385.0
2456105.77256 16.722 0.011 7.50 436.0
2456106.63688 16.686 0.009 6.40 456.0
2456108.50351 16.721 0.010 5.69 876.0
2456108.54090 16.686 0.009 5.26 788.0
2456108.57992 16.675 0.008 4.50 849.0
2456108.63345 16.683 0.008 4.33 803.0
2456108.68670 16.664 0.007 4.42 557.0
2456108.72626 16.686 0.008 4.11 841.0
2456108.76571 16.696 0.007 3.75 903.0
2456108.80892 16.686 0.008 4.17 710.0
2456108.84646 16.704 0.008 4.77 523.0
2456109.55397 16.737 0.016 6.23 1668.0
2456109.61107 16.654 0.016 5.32 2732.0
2456109.69279 16.670 0.010 3.58 1815.0
2456109.72944 16.711 0.009 4.24 823.0
2456109.76712 16.677 0.011 4.39 1750.0
2456109.81035 16.670 0.010 4.61 1155.0
2456109.85015 16.696 0.010 5.94 803.0
2456113.54802 16.669 0.010 6.27 777.0
2456113.59036 16.674 0.009 5.04 767.0
2456113.62822 16.678 0.009 5.00 776.0
2456113.67022 16.681 0.009 5.29 760.0
2456113.71012 16.679 0.008 4.04 805.0
2456113.74867 16.695 0.009 4.72 859.0
2456113.78640 16.712 0.008 4.41 841.0
2456113.82544 16.715 0.009 4.54 970.0
2456114.56088 16.704 0.011 6.45 673.0
2456114.59852 16.691 0.009 5.52 624.0
2456114.63707 16.687 0.009 5.47 612.0
2456114.68492 16.705 0.009 5.44 608.0
2456114.73244 16.681 0.008 4.53 602.0
2456114.77013 16.679 0.008 4.75 654.0
2456114.80904 16.690 0.008 4.67 712.0
2456114.85048 16.680 0.011 5.83 909.0
2456115.49651 16.672 0.008 5.99 497.0
2456115.53490 16.700 0.008 5.09 533.0
2456115.57256 16.699 0.008 5.09 561.0
2456115.63228 16.689 0.008 5.66 528.0
2456115.68508 16.678 0.009 6.31 481.0
2456115.75025 16.707 0.008 6.11 469.0
2456115.80225 16.688 0.010 7.01 515.0
2456116.49403 16.681 0.007 4.67 486.0
2456116.53548 16.696 0.007 4.49 432.0
2456116.57638 16.694 0.007 4.60 412.0
2456116.62364 16.692 0.007 4.53 432.0
2456116.67277 16.687 0.008 5.65 423.0
2456116.71437 16.708 0.008 5.26 450.0
2456116.75742 16.682 0.008 5.30 480.0
2456116.79852 16.741 0.008 5.20 490.0
2456116.83070 16.711 0.008 4.64 549.0
2456117.51570 16.678 0.008 4.85 576.0
2456117.55330 16.671 0.007 4.62 476.0
2456117.59173 16.698 0.007 4.23 443.0
2456117.65399 16.694 0.008 5.11 467.0
2456117.69359 16.713 0.008 4.96 485.0
2456117.73205 16.708 0.008 4.96 515.0
2456117.77126 16.681 0.008 4.57 532.0
2456117.80885 16.704 0.009 5.79 588.0
2456117.84065 16.700 0.009 4.91 647.0
2456118.50595 16.697 0.008 5.48 509.0
2456118.54499 16.678 0.007 4.36 437.0
2456118.58467 16.701 0.007 4.41 424.0
2456118.64072 16.690 0.007 4.59 409.0
2456118.69452 16.691 0.007 4.60 410.0
2456118.73356 16.706 0.007 4.39 412.0
2456118.77088 16.683 0.007 4.58 442.0
2456118.80839 16.691 0.008 4.81 503.0
2456119.49411 16.679 0.010 7.40 472.0
2456119.53550 16.713 0.009 6.87 411.0
2456119.57427 16.681 0.008 5.74 366.0
2456119.63039 16.693 0.007 5.26 364.0
2456119.67363 16.690 0.007 4.94 375.0
2456119.71164 16.674 0.008 6.23 404.0
2456119.73884 16.696 0.008 5.17 422.0
2456119.77848 16.699 0.009 5.96 465.0
2456119.81558 16.692 0.007 4.88 582.0
2456120.52224 16.696 0.009 6.05 492.0
2456120.56171 16.695 0.009 5.87 407.0
2456120.62763 16.706 0.008 5.43 351.0
2456120.67804 16.704 0.007 5.08 343.0
2456120.71713 16.694 0.009 6.77 371.0
2456120.75952 16.719 0.009 6.57 402.0
2456120.80421 16.692 0.009 6.55 432.0
2456121.47665 16.818 0.008 4.60 463.0
2456121.51401 16.695 0.007 4.20 409.0
2456121.55178 16.719 0.007 4.32 369.0
2456121.60432 16.692 0.006 4.41 337.0
2456121.65683 16.697 0.007 4.74 352.0
2456121.72093 16.702 0.007 4.50 356.0
2456121.75906 16.708 0.006 4.39 354.0
2456123.52662 16.704 0.009 5.74 491.0
2456123.56507 16.716 0.008 5.13 424.0
2456123.61236 16.679 0.008 5.59 408.0
2456123.66401 16.688 0.007 5.11 382.0
2456123.70291 16.708 0.009 6.62 382.0
2456123.74115 16.714 0.008 6.44 365.0
2456123.78168 16.696 0.007 4.93 391.0
2456123.81651 16.713 0.008 5.36 464.0
2456124.51123 16.702 0.009 6.08 478.0
2456124.55751 16.692 0.008 5.47 415.0
2456124.64087 16.692 0.008 5.55 375.0
2456124.68221 16.698 0.008 5.52 392.0
2456124.72152 16.702 0.007 5.02 416.0
2456124.76362 16.699 0.008 5.36 473.0
2456124.80258 16.708 0.008 5.13 498.0
2456125.51093 16.715 0.009 5.85 486.0
2456125.52385 16.716 0.008 5.44 463.0
2456125.57061 16.705 0.008 5.26 405.0
2456125.63986 16.705 0.008 5.83 406.0
2456125.68440 16.707 0.007 5.13 396.0
2456125.72605 16.699 0.008 5.20 403.0
2456125.77164 16.689 0.008 5.61 428.0
2456125.81308 16.713 0.008 5.78 464.0
2456126.50818 16.706 0.008 5.39 453.0
2456126.55691 16.707 0.008 5.23 396.0
2456126.60318 16.695 0.008 6.06 376.0
2456126.67537 16.702 0.008 4.99 404.0
2456126.71928 16.712 0.008 5.53 402.0
2456126.77023 16.708 0.008 5.90 445.0
2456127.50415 16.704 0.008 5.60 470.0
2456127.54620 16.683 0.010 7.07 445.0
2456127.63423 16.707 0.009 6.25 394.0
2456127.73694 16.695 0.009 6.68 378.0
2456128.51291 16.709 0.007 4.53 449.0
2456128.55561 16.708 0.007 4.41 422.0
2456128.59940 16.710 0.007 5.01 387.0
2456128.64538 16.714 0.007 4.23 426.0
2456128.70127 16.711 0.008 5.43 441.0
2456130.55043 16.706 0.008 5.13 444.0
2456130.74120 16.695 0.009 6.43 445.0
2456131.53226 16.713 0.008 5.66 381.0
2456131.58529 16.723 0.006 4.78 330.0
2456131.64710 16.708 0.007 5.41 344.0
2456131.69335 16.708 0.007 4.93 369.0
2456131.76665 16.720 0.007 4.94 451.0
2456132.53928 16.708 0.008 5.54 426.0
2456132.62225 16.740 0.010 6.77 404.0
2456132.67232 16.715 0.009 6.62 395.0
2456132.71699 16.704 0.008 4.84 397.0
2456132.79621 16.725 0.009 6.13 535.0
2456133.56463 16.717 0.008 5.60 400.0
2456133.61532 16.711 0.008 5.42 412.0
2456133.67649 16.725 0.008 5.04 399.0
2456133.72188 16.728 0.008 5.42 425.0
2456133.77095 16.695 0.009 6.30 496.0
2456134.53566 16.703 0.010 6.66 499.0
2456134.57600 16.715 0.010 6.53 496.0
2456134.62944 16.719 0.009 5.65 430.0
2456134.68699 16.708 0.010 7.05 425.0
2456135.51778 16.715 0.009 5.86 529.0
2456135.56187 16.726 0.009 5.57 494.0
2456135.63797 16.708 0.011 7.02 483.0
2456135.68909 16.735 0.008 5.62 451.0
2456135.74069 16.738 0.008 4.97 486.0
2456135.77972 16.709 0.008 5.49 468.0
2456136.48545 16.711 0.011 6.84 611.0
2456136.60941 16.707 0.012 7.51 557.0
2456136.66847 16.714 0.009 5.30 517.0
2456140.47909 16.716 0.012 6.15 1008.0
2456140.51859 16.741 0.015 5.44 2220.0
2456140.56671 16.684 0.012 5.25 1412.0
2456140.61969 16.720 0.011 6.01 812.0
2456140.65890 16.732 0.011 5.64 873.0
2456140.69831 16.723 0.012 6.55 906.0
2456140.74010 16.750 0.016 7.60 1110.0
2456141.50615 16.715 0.009 4.98 805.0
2456141.54379 16.743 0.009 4.56 770.0
2456141.59441 16.725 0.012 6.88 703.0
2456141.64164 16.703 0.009 5.48 699.0
2456141.67932 16.711 0.009 4.65 738.0
2456141.72033 16.693 0.009 4.71 815.0
2456141.76057 16.719 0.009 4.56 934.0
2456142.48746 16.738 0.012 7.32 660.0
2456142.54979 16.712 0.012 7.59 667.0
2456143.53442 16.715 0.010 6.70 550.0
2456147.52774 16.718 0.008 5.51 378.0
2456147.57851 16.717 0.009 7.05 382.0
2456147.61979 16.712 0.010 7.74 375.0
2456147.67717 16.714 0.010 7.58 395.0
2456147.71511 16.730 0.010 7.69 427.0
2456148.50923 16.717 0.007 4.44 378.0
2456148.55855 16.719 0.007 4.74 368.0
2456148.61166 16.721 0.007 4.70 366.0
2456148.65115 16.727 0.008 5.23 390.0
2456148.69655 16.744 0.007 5.11 416.0
2456149.57931 16.728 0.007 4.79 389.0
2456149.61784 16.725 0.009 6.19 423.0
2456150.50138 16.692 0.011 7.72 451.0
2456150.54943 16.736 0.008 5.45 402.0
2456150.60089 16.745 0.009 6.27 415.0
2456150.65132 16.724 0.008 5.19 386.0
2456151.48529 16.755 0.010 6.94 481.0
2456151.55404 16.736 0.010 6.91 433.0
2456151.59516 16.731 0.009 6.34 418.0
2456151.63405 16.736 0.009 6.44 420.0
2456151.67494 16.739 0.009 6.69 402.0
2456151.71490 16.735 0.010 6.61 481.0
2456152.48456 16.731 0.009 5.98 415.0
2456152.52415 16.724 0.008 5.68 378.0
2456152.56465 16.733 0.009 6.87 388.0
2456152.62907 16.739 0.008 5.50 375.0
2456152.66847 16.723 0.007 5.28 356.0
2456153.72084 16.750 0.009 6.28 471.0
2456154.51275 16.740 0.008 5.47 456.0
2456154.55388 16.737 0.009 5.74 460.0
2456154.63330 16.723 0.009 5.78 424.0
2456154.70535 16.717 0.009 6.26 432.0
2456157.66180 16.732 0.009 6.07 447.0
2456157.70380 16.718 0.010 7.23 484.0
2456158.50191 16.723 0.007 4.39 447.0
2456158.55201 16.737 0.008 5.31 455.0
2456158.60366 16.738 0.008 5.46 460.0
2456158.64424 16.720 0.008 5.66 492.0
2456158.68401 16.734 0.008 5.14 515.0
2456158.72071 16.734 0.008 5.10 546.0
2456159.50818 16.752 0.010 6.48 547.0
2456159.56322 16.751 0.009 5.68 450.0
2456159.61550 16.721 0.008 5.59 442.0
2456159.68545 16.762 0.011 6.91 502.0
2456160.48976 16.737 0.008 5.18 427.0
2456160.54551 16.721 0.008 5.13 412.0
2456160.55947 16.734 0.008 5.07 400.0
2456160.60512 16.734 0.008 5.32 398.0
2456160.64668 16.736 0.007 4.93 415.0
2456160.68518 16.726 0.008 4.97 443.0
2456160.69792 16.724 0.007 4.39 457.0
2456161.48886 16.703 0.009 6.71 431.0
2456161.52915 16.749 0.010 7.25 404.0
2456161.56893 16.744 0.010 6.80 407.0
2456161.62882 16.740 0.008 5.28 390.0
2456161.69222 16.803 0.009 6.01 396.0
2456164.50663 16.719 0.010 5.85 773.0
2456164.57073 16.722 0.011 5.03 1390.0
2456164.60389 16.775 0.013 5.67 1316.0
2456164.68009 16.774 0.020 6.91 2174.0
2456166.57457 16.738 0.010 4.54 1106.0
2456166.63388 16.749 0.009 3.82 1042.0
2456167.51280 16.743 0.014 4.43 2287.0
2456167.55095 16.757 0.010 4.47 1034.0
2456167.60465 16.723 0.014 3.88 3002.0
2456167.65442 16.752 0.015 4.33 3237.0
2456168.49379 16.768 0.009 4.15 986.0
2456168.56345 16.728 0.008 4.12 751.0
2456168.61614 16.733 0.008 3.71 1058.0
2456168.67226 16.745 0.008 4.05 728.0
2456169.49328 16.731 0.010 5.54 687.0
2456169.54338 16.741 0.010 5.34 634.0
2456169.59401 16.742 0.008 4.32 654.0
2456169.63415 16.748 0.009 4.39 749.0
2456169.67710 16.732 0.010 5.08 842.0
2456171.49506 16.738 0.007 3.49 604.0
2456171.54908 16.754 0.008 4.53 664.0
2456171.59847 16.762 0.008 4.25 673.0
2456171.63837 16.680 0.015 6.22 1767.0
2456171.68664 16.748 0.009 5.27 728.0
2456172.50781 16.737 0.007 3.60 498.0
2456172.55782 16.767 0.008 4.25 541.0
2456172.60828 16.757 0.007 3.83 523.0
2456172.64669 16.773 0.008 4.12 568.0
2456174.57997 16.757 0.011 6.80 565.0
2456174.64639 16.746 0.010 6.63 620.0
2456175.51993 16.766 0.009 5.84 486.0
2456175.55804 16.739 0.009 5.91 507.0
2456175.59667 16.749 0.009 5.40 538.0
2456175.63797 16.759 0.009 5.13 586.0
2456175.67185 16.753 0.011 6.87 644.0
2456179.52504 16.758 0.009 6.04 499.0
2456179.57124 16.774 0.010 6.75 504.0
2456179.61464 16.741 0.010 6.61 497.0
2456179.65365 16.740 0.010 6.56 482.0
2456180.50559 16.738 0.009 5.55 513.0
2456180.55968 16.751 0.009 5.68 510.0
2456180.60045 16.743 0.010 6.39 559.0
2456180.63856 16.747 0.010 6.44 568.0
2456180.67028 16.752 0.016 9.52 619.0
2456181.52031 16.747 0.008 4.70 529.0
2456181.55833 16.754 0.008 4.04 548.0
2456181.60075 16.752 0.007 3.96 544.0
2456181.63901 16.744 0.009 5.40 533.0
2456182.52178 16.768 0.008 4.93 437.0
2456182.56632 16.760 0.008 4.77 431.0
2456182.61052 16.758 0.009 5.82 465.0
2456182.65276 16.770 0.010 6.63 524.0
2456183.50191 16.731 0.009 5.86 412.0
2456183.60473 16.753 0.008 4.52 425.0
2456184.48395 16.764 0.009 5.30 542.0
2456184.55653 16.758 0.007 4.27 395.0
2456184.60557 16.742 0.008 5.04 389.0
2456184.64621 16.746 0.009 6.90 414.0
2456185.50672 16.762 0.007 4.23 403.0
2456185.56545 16.770 0.007 4.26 405.0
2456185.60826 16.761 0.007 4.61 419.0
2456186.48089 16.774 0.011 5.87 618.0
2456186.53787 16.761 0.008 4.62 427.0
2456186.57657 16.753 0.009 5.77 424.0
2456187.53731 16.741 0.010 6.90 465.0
2456190.51656 16.745 0.009 5.49 493.0
2456190.57414 16.747 0.008 4.41 497.0
2456190.61404 16.758 0.009 5.64 511.0
2456191.51761 16.758 0.012 6.32 777.0
2456191.56950 16.713 0.009 4.79 613.0
2456191.61172 16.737 0.008 5.28 479.0
2456195.49362 16.736 0.008 5.17 562.0
2456195.54586 16.747 0.008 4.97 607.0
2456195.58400 16.789 0.009 4.99 666.0
2456195.62159 16.774 0.009 4.66 749.0
2456196.49437 16.742 0.010 5.09 677.0
2456196.54270 16.762 0.011 5.81 701.0
2456196.58165 16.755 0.008 4.18 708.0
2456196.62165 16.738 0.011 6.36 822.0
2456197.49621 16.783 0.011 6.44 609.0
2456197.54439 16.781 0.010 5.43 664.0
2456197.58443 16.755 0.010 5.44 741.0
2456198.55053 16.741 0.012 6.77 668.0
2456199.51468 16.729 0.012 8.21 604.0
2456200.58592 16.783 0.011 5.75 737.0
2456201.52575 16.815 0.014 8.00 596.0
2456202.56318 16.763 0.012 6.69 781.0
2456203.50204 16.742 0.011 7.22 547.0
2456203.55413 16.767 0.011 6.50 635.0
2456203.59279 16.741 0.013 7.37 748.0
2456204.50088 16.735 0.009 5.45 543.0
2456204.51497 16.777 0.009 5.02 541.0
2456204.54614 16.755 0.009 4.76 544.0
2456204.58425 16.758 0.011 6.24 652.0
2456205.48733 16.728 0.010 6.28 599.0
2456205.53043 16.752 0.008 4.63 461.0
2456205.56848 16.769 0.008 4.89 448.0
2456205.60474 16.760 0.008 5.35 478.0
2456209.54934 16.714 0.012 7.56 546.0
2456210.50140 16.736 0.009 6.82 496.0
2456210.53977 16.758 0.009 6.28 504.0
2456210.57862 16.758 0.009 6.31 547.0
2456211.50317 16.764 0.009 5.39 509.0
2456211.54552 16.772 0.008 5.16 484.0
2456211.58399 16.771 0.009 5.23 518.0
2456212.50262 16.741 0.009 5.16 564.0
2456212.54102 16.794 0.008 4.46 567.0
2456212.57809 16.768 0.008 4.53 626.0
2456213.51767 16.764 0.009 5.70 515.0
2456213.55548 16.760 0.010 6.33 554.0
2456214.50952 16.754 0.009 5.82 491.0
2456214.55088 16.756 0.011 6.83 514.0
2456216.51328 16.773 0.009 5.88 527.0
2456216.55226 16.781 0.010 5.70 546.0
2456216.57500 16.766 0.009 5.47 572.0
2456217.50806 16.777 0.008 4.33 485.0
2456217.54594 16.778 0.008 4.22 487.0
2456217.58282 16.745 0.009 4.93 572.0
2456218.52097 16.756 0.009 5.26 590.0
2456218.55951 16.762 0.010 5.64 624.0
2456219.50151 16.749 0.009 5.40 560.0
2456219.53963 16.759 0.009 5.30 533.0
2456221.51427 16.781 0.017 5.55 2152.0
2456223.54546 16.739 0.011 6.02 772.0
2456226.52837 16.746 0.012 6.16 797.0
2456231.50129 16.717 0.013 5.84 1207.0
2456232.50243 16.743 0.013 5.98 1037.0
2456233.53144 16.761 0.012 6.69 696.0
2456234.52549 16.783 0.012 6.57 676.0
2456238.52114 16.749 0.011 5.45 789.0
2456239.52285 16.813 0.013 7.48 680.0
