2455960.88277 20.643 0.432 5.16 1783.0
2455962.88258 19.756 0.204 7.65 872.0
2455963.88321 20.367 0.294 6.78 738.0
2455964.87826 19.735 0.211 7.72 913.0
2455965.88564 20.689 0.384 5.75 913.0
2455967.89070 19.801 0.254 5.28 3207.0
2455970.87568 20.241 0.239 6.98 657.0
2455971.87705 20.011 0.158 6.10 635.0
2455972.89191 20.588 0.316 5.33 1215.0
2455976.88110 20.140 0.176 5.55 495.0
2455977.83919 19.914 0.161 5.94 614.0
2455977.87862 20.178 0.193 5.74 564.0
2455978.84433 21.159 0.558 7.35 513.0
2455978.88890 21.114 0.437 5.74 513.0
2455979.84234 19.957 0.217 7.75 594.0
2455979.88081 20.200 0.247 7.04 537.0
2455980.86220 19.875 0.194 7.63 554.0
2455982.82342 20.219 0.252 6.97 519.0
2455982.86678 19.929 0.154 6.05 458.0
2455983.82815 20.390 0.259 6.31 551.0
2455983.85850 20.003 0.139 5.18 483.0
2455984.82298 19.921 0.172 6.79 509.0
2455984.84897 19.818 0.120 5.12 470.0
2455984.89658 19.737 0.115 4.62 651.0
2455985.83281 20.687 0.355 6.48 577.0
2455985.87130 19.832 0.125 5.42 481.0
2455986.82050 19.987 0.197 6.79 580.0
2455986.84098 20.322 0.208 5.73 510.0
2455986.88889 20.454 0.208 4.96 498.0
2455987.81920 20.096 0.213 6.62 605.0
2455987.85574 20.280 0.200 5.64 514.0
2455987.90569 20.337 0.251 4.39 1167.0
2455988.83479 20.779 0.368 6.08 553.0
2455988.88209 20.057 0.142 4.80 505.0
2455989.81261 20.245 0.237 8.01 456.0
2455989.85075 20.026 0.209 7.44 441.0
2455989.89234 20.604 0.325 6.42 443.0
2455990.81064 21.226 0.635 7.42 473.0
2455990.84840 20.027 0.170 6.33 463.0
2455990.88984 20.742 0.288 5.69 432.0
2455991.82347 19.928 0.142 5.48 512.0
2455991.86385 20.127 0.160 5.59 449.0
2455992.81778 20.169 0.259 7.07 661.0
2455992.84048 19.760 0.125 5.65 588.0
2455992.88254 20.152 0.158 5.38 450.0
2455993.80833 19.879 0.213 7.38 679.0
2455993.84753 20.489 0.283 5.76 604.0
2455993.89064 20.310 0.186 4.76 527.0
2455994.80986 20.435 0.258 5.18 857.0
2455994.84161 19.807 0.112 4.17 752.0
2455994.89252 20.159 0.162 4.46 647.0
2455995.79875 20.011 0.152 4.53 798.0
2455995.82131 20.005 0.145 4.48 723.0
2455995.86687 20.046 0.136 4.47 618.0
2455995.90507 19.735 0.121 4.51 817.0
2455996.80951 20.526 0.242 5.18 636.0
2455996.84708 19.944 0.129 4.73 577.0
2455996.89384 20.501 0.170 3.76 546.0
2455997.80292 19.903 0.164 6.00 628.0
2455997.84160 19.807 0.121 4.94 595.0
2455997.88925 20.308 0.185 4.84 559.0
2455998.78678 19.567 0.139 6.45 679.0
2455998.81780 19.821 0.133 5.22 620.0
2455998.86936 20.103 0.152 4.82 556.0
2455998.90710 20.237 0.162 4.21 710.0
2455999.80165 19.969 0.177 5.97 649.0
2455999.85021 19.840 0.132 5.22 596.0
2455999.88841 19.838 0.117 4.66 582.0
2456002.90482 19.739 0.162 4.28 1535.0
2456003.82544 19.591 0.150 7.29 574.0
2456003.88384 20.360 0.238 5.81 562.0
2456004.76893 20.227 0.271 7.23 591.0
2456004.81676 20.172 0.174 5.43 526.0
2456004.86534 20.106 0.204 6.25 521.0
2456004.90294 19.763 0.105 4.58 512.0
2456005.77044 20.598 0.294 6.69 473.0
2456005.81378 21.287 0.606 6.73 461.0
2456005.86926 20.105 0.117 4.04 428.0
2456005.91670 19.856 0.122 3.44 1197.0
2456006.78608 20.226 0.161 4.86 447.0
2456006.83719 19.931 0.119 4.83 421.0
2456006.88620 20.205 0.143 4.14 417.0
2456006.92414 19.664 0.209 4.00 4027.0
2456007.78016 20.713 0.286 5.59 426.0
2456007.82706 20.145 0.165 5.03 423.0
2456007.87531 20.018 0.127 4.79 398.0
2456007.91293 20.513 0.198 4.10 580.0
2456008.77193 20.286 0.226 6.24 514.0
2456008.81928 20.012 0.157 5.59 446.0
2456008.86855 20.478 0.253 5.84 461.0
2456008.90605 19.720 0.109 5.10 466.0
2456009.76253 19.972 0.166 6.25 532.0
2456009.80797 20.019 0.128 4.82 487.0
2456009.85639 20.160 0.150 4.64 489.0
2456009.89380 20.053 0.144 4.82 489.0
2456010.74614 20.277 0.242 5.86 693.0
2456010.77773 20.034 0.146 5.40 507.0
2456010.82671 20.566 0.222 5.26 474.0
2456010.87591 19.971 0.107 4.45 429.0
2456010.91419 20.285 0.162 4.05 698.0
2456011.76383 20.016 0.176 6.15 507.0
2456011.82432 20.370 0.263 5.25 801.0
2456011.88175 19.826 0.160 5.37 818.0
2456011.91994 20.179 0.272 4.62 1779.0
2456012.76793 20.426 0.253 6.81 423.0
2456012.80858 20.157 0.162 5.73 394.0
2456012.86691 20.016 0.109 4.49 366.0
2456012.90480 20.041 0.096 3.89 363.0
2456013.76372 19.952 0.157 6.44 433.0
2456013.80251 20.162 0.169 5.71 399.0
2456013.86397 20.127 0.148 5.14 397.0
2456013.90523 19.601 0.087 4.77 399.0
2456014.73995 20.056 0.181 6.41 480.0
2456014.77882 20.041 0.149 5.46 432.0
2456014.83820 20.107 0.160 5.26 404.0
2456014.87762 20.198 0.181 5.61 407.0
2456014.91728 19.531 0.129 5.32 890.0
2456015.75678 19.763 0.102 5.24 452.0
2456015.79563 19.667 0.083 4.54 395.0
2456015.88429 19.827 0.098 4.26 392.0
2456016.73325 20.532 0.227 5.25 460.0
2456016.77519 19.947 0.110 4.20 442.0
2456016.81546 20.197 0.140 4.11 433.0
2456016.87818 19.885 0.095 4.07 420.0
2456016.91999 20.024 0.138 3.68 1123.0
2456017.75056 19.893 0.109 4.70 447.0
2456017.78869 21.356 0.378 4.60 421.0
2456017.82799 20.471 0.175 4.42 399.0
2456017.88551 20.237 0.129 4.22 389.0
2456018.71800 20.504 0.344 7.26 511.0
2456018.77751 20.109 0.179 5.97 411.0
2456018.81630 20.237 0.207 6.11 417.0
2456018.85667 19.848 0.086 3.95 391.0
2456018.92153 19.709 0.119 3.93 984.0
2456019.74445 20.571 0.304 6.29 517.0
2456019.78385 19.922 0.147 5.81 437.0
2456019.84109 20.175 0.146 4.59 415.0
2456019.87887 20.355 0.144 3.93 405.0
2456019.91880 19.776 0.090 3.89 505.0
2456020.73682 20.893 0.397 6.14 505.0
2456020.77474 20.063 0.127 4.59 467.0
2456020.83067 20.085 0.131 4.73 390.0
2456020.86971 19.902 0.093 4.06 387.0
2456020.91035 20.060 0.163 5.62 435.0
2456021.71922 21.066 0.670 7.73 658.0
2456021.75802 19.923 0.148 5.56 560.0
2456021.79625 20.151 0.170 5.34 505.0
2456021.83582 20.002 0.123 4.66 471.0
2456021.89320 20.320 0.162 4.50 441.0
2456022.70634 20.542 0.454 6.99 1352.0
2456022.74483 20.293 0.202 5.27 614.0
2456022.78305 20.007 0.138 4.72 571.0
2456022.82206 20.121 0.175 5.39 540.0
2456022.87917 20.032 0.122 4.33 500.0
2456022.92119 20.006 0.133 4.52 572.0
2456023.73901 19.983 0.159 5.19 719.0
2456023.77900 19.937 0.122 4.16 664.0
2456023.81927 20.332 0.174 4.19 614.0
2456023.86099 20.256 0.145 3.91 593.0
2456023.92670 20.333 0.292 4.10 1918.0
2456024.72426 20.337 0.298 6.29 832.0
2456024.76524 20.359 0.245 5.69 704.0
2456024.82581 20.112 0.151 4.60 650.0
2456024.86637 19.954 0.126 4.11 633.0
2456024.91663 19.607 0.106 4.15 850.0
2456025.72208 20.259 0.347 7.61 795.0
2456025.76393 19.657 0.126 5.41 720.0
2456025.80256 20.601 0.419 7.16 666.0
2456025.85748 20.374 0.264 5.69 675.0
2456026.69423 20.922 0.716 7.56 1175.0
2456029.84842 20.257 0.215 4.72 958.0
2456031.74690 20.230 0.249 7.42 501.0
2456031.76133 19.785 0.157 6.97 503.0
2456031.77422 20.441 0.269 6.80 501.0
2456031.78678 20.008 0.168 6.61 498.0
2456031.80081 20.213 0.186 5.74 502.0
2456031.81360 20.319 0.220 5.93 523.0
2456031.82635 19.961 0.154 5.68 522.0
2456031.84179 19.846 0.119 5.13 506.0
2456031.85485 19.984 0.169 5.85 525.0
2456031.86766 20.525 0.307 6.40 542.0
2456031.88256 20.071 0.250 7.36 582.0
2456031.90610 20.134 0.224 6.48 560.0
2456032.67774 20.009 0.224 7.36 660.0
2456032.69029 19.865 0.179 6.71 618.0
2456032.70258 20.156 0.240 6.95 602.0
2456032.71772 20.455 0.250 5.86 549.0
2456032.73059 20.033 0.154 5.58 495.0
2456032.74312 20.211 0.171 5.46 509.0
2456032.76555 19.846 0.117 5.10 489.0
2456032.77860 19.782 0.109 5.02 483.0
2456032.80117 20.283 0.214 5.91 485.0
2456032.81399 20.002 0.116 4.40 463.0
2456032.82684 20.010 0.121 4.53 443.0
2456032.84205 20.182 0.142 4.52 449.0
2456032.85431 20.103 0.130 4.49 447.0
2456032.87004 20.155 0.133 4.41 437.0
2456032.88320 19.811 0.100 4.38 453.0
2456032.89787 19.938 0.115 4.43 454.0
2456032.91084 19.954 0.112 4.22 461.0
2456032.92370 19.879 0.103 3.82 592.0
2456033.68977 20.402 0.301 7.67 527.0
2456033.70314 20.407 0.339 8.27 511.0
2456033.72011 20.874 0.390 6.61 490.0
2456033.73647 19.835 0.154 6.71 487.0
2456033.75160 19.771 0.152 6.68 491.0
2456033.76519 19.852 0.146 6.15 479.0
2456033.77811 19.857 0.148 6.13 471.0
2456033.80810 20.502 0.239 5.57 468.0
2456033.83623 19.796 0.140 5.94 479.0
2456033.84911 20.903 0.404 6.15 482.0
2456033.86223 20.047 0.144 4.92 464.0
2456033.87520 20.107 0.130 4.38 466.0
2456033.89052 19.959 0.127 4.72 477.0
2456033.90399 21.072 0.468 5.98 505.0
2456033.91669 20.240 0.182 5.07 514.0
2456034.68559 20.555 0.244 4.95 508.0
2456034.69950 20.196 0.190 5.86 483.0
2456034.71514 20.024 0.154 5.79 461.0
2456034.73224 20.426 0.199 5.30 448.0
2456034.74802 20.251 0.165 5.01 443.0
2456034.76286 19.989 0.120 4.75 449.0
2456034.77800 20.082 0.123 4.48 434.0
2456034.79184 20.060 0.108 3.98 425.0
2456034.81831 19.936 0.096 3.89 418.0
2456034.83215 19.963 0.118 4.62 432.0
2456034.85456 19.907 0.132 5.38 453.0
2456034.89252 20.252 0.144 4.19 468.0
2456034.90787 19.990 0.116 4.10 468.0
2456034.92039 20.362 0.187 4.74 513.0
2456035.83374 19.810 0.106 4.64 474.0
2456035.84672 20.548 0.211 4.44 490.0
2456035.86417 20.237 0.166 4.72 498.0
2456035.89131 19.998 0.130 4.48 485.0
2456035.91603 19.806 0.135 5.66 495.0
2456035.92868 20.121 0.182 4.65 740.0
2456036.69354 19.714 0.130 6.36 455.0
2456036.70660 20.620 0.277 6.15 445.0
2456036.72120 19.710 0.109 5.82 459.0
2456036.73587 19.961 0.136 5.20 470.0
2456036.75076 20.081 0.130 4.59 453.0
2456036.76519 19.569 0.089 4.99 457.0
2456036.78774 20.236 0.158 4.91 454.0
2456036.81287 19.922 0.089 3.90 427.0
2456036.82692 20.193 0.117 3.93 434.0
2456036.84153 19.660 0.068 3.58 446.0
2456036.85689 20.120 0.098 3.40 468.0
2456036.87125 20.017 0.091 3.36 474.0
2456036.89593 20.042 0.108 3.81 507.0
2456036.90906 19.970 0.109 4.05 510.0
2456036.92860 19.923 0.125 4.49 668.0
2456037.70707 20.014 0.201 7.38 501.0
2456037.72040 20.334 0.247 6.80 496.0
2456037.73509 19.846 0.151 6.38 485.0
2456037.74768 19.802 0.138 5.96 475.0
2456037.76176 20.194 0.208 6.10 481.0
2456037.77587 19.892 0.141 5.51 468.0
2456037.79139 19.936 0.129 4.84 467.0
2456037.81542 20.113 0.156 4.82 483.0
2456037.84495 19.802 0.102 4.43 495.0
2456037.86250 20.371 0.185 4.39 521.0
2456037.87608 19.900 0.106 3.80 546.0
2456037.88908 20.192 0.141 3.83 571.0
2456037.90301 19.958 0.121 4.13 603.0
2456037.91563 20.387 0.199 4.34 634.0
2456038.70304 20.226 0.252 7.50 468.0
2456038.71597 20.019 0.192 6.90 455.0
2456038.73065 20.623 0.303 6.34 458.0
2456038.74499 20.274 0.226 6.56 449.0
2456038.75761 20.797 0.379 6.74 441.0
2456038.77086 20.164 0.191 6.15 432.0
2456038.79450 19.822 0.118 5.34 436.0
2456038.82283 20.068 0.146 5.04 475.0
2456038.83800 20.041 0.139 4.79 474.0
2456038.85065 20.017 0.129 4.56 472.0
2456038.86591 19.789 0.105 4.63 476.0
2456038.88131 20.205 0.152 4.64 478.0
2456038.89427 20.347 0.189 4.93 482.0
2456038.91849 20.029 0.142 4.86 509.0
2456038.93245 19.878 0.234 6.11 1306.0
2456039.70583 20.788 0.448 7.46 520.0
2456039.72543 20.181 0.220 6.64 497.0
2456039.73904 19.962 0.171 6.42 481.0
2456039.75160 20.353 0.263 6.73 489.0
2456039.76864 19.846 0.152 6.28 480.0
2456039.78533 20.252 0.229 6.42 473.0
2456039.79831 19.728 0.139 6.26 487.0
2456039.82287 20.089 0.221 6.89 508.0
2456039.84547 19.956 0.140 5.28 448.0
2456039.85929 20.275 0.173 4.88 478.0
2456039.87441 20.131 0.174 5.40 520.0
2456039.88990 19.967 0.126 4.56 508.0
2456039.90303 19.784 0.114 4.88 503.0
2456039.91569 19.759 0.108 4.71 530.0
2456039.92817 19.896 0.137 4.39 832.0
2456040.70300 20.183 0.272 7.92 488.0
2456040.73081 20.773 0.331 6.39 448.0
2456040.74338 19.905 0.149 6.21 460.0
2456040.75639 19.924 0.164 6.50 466.0
2456040.77178 19.825 0.129 5.85 462.0
2456040.78537 19.897 0.154 6.16 470.0
2456040.79831 20.581 0.248 5.41 479.0
2456040.81188 20.082 0.156 5.22 481.0
2456040.83651 19.977 0.139 4.95 500.0
2456040.86096 20.582 0.256 5.33 496.0
2456040.87637 19.747 0.110 4.81 504.0
2456040.88978 20.965 0.360 5.13 514.0
2456040.90253 19.902 0.119 4.71 466.0
2456040.91498 19.813 0.102 4.43 475.0
2456040.92784 20.507 0.248 4.76 710.0
2456041.69092 20.017 0.218 7.41 489.0
2456041.70282 20.408 0.289 7.51 482.0
2456041.71850 19.906 0.194 8.03 498.0
2456041.73494 19.851 0.181 7.35 498.0
2456041.74912 19.857 0.166 7.27 496.0
2456041.76374 20.091 0.198 6.89 503.0
2456041.78041 19.870 0.134 5.80 490.0
2456041.79334 19.949 0.140 5.69 489.0
2456041.81554 20.171 0.158 5.11 488.0
2456041.82938 20.247 0.196 5.59 496.0
2456041.85413 19.834 0.138 5.51 516.0
2456041.86809 20.151 0.158 4.76 512.0
2456041.88277 20.271 0.153 4.15 517.0
2456041.89535 20.197 0.141 4.12 515.0
2456041.90846 19.820 0.113 4.51 517.0
2456041.92117 19.987 0.118 4.25 530.0
2456045.88993 19.725 0.093 4.17 537.0
2456045.90257 19.793 0.114 4.76 545.0
2456045.91517 19.788 0.119 5.10 550.0
2456045.92759 20.239 0.188 5.00 615.0
2456045.94158 20.313 0.408 4.85 3406.0
2456046.87598 20.251 0.190 5.30 481.0
2456046.89023 20.062 0.151 5.10 494.0
2456046.90416 19.915 0.125 4.71 494.0
2456046.91662 20.427 0.188 4.47 484.0
2456046.92914 20.013 0.148 4.80 583.0
2456047.67419 20.449 0.249 6.05 544.0
2456047.68816 20.471 0.283 6.38 510.0
2456047.70062 20.428 0.267 6.32 499.0
2456047.71330 20.893 0.370 5.88 487.0
2456047.72578 19.939 0.140 5.59 465.0
2456047.73953 20.101 0.151 5.14 447.0
2456047.75280 19.745 0.099 4.71 455.0
2456047.76613 20.093 0.126 4.33 456.0
2456047.77855 20.206 0.146 4.41 459.0
2456047.79239 20.057 0.140 4.84 490.0
2456047.81645 20.159 0.128 3.97 499.0
2456047.83921 19.785 0.114 4.64 513.0
2456047.86551 19.760 0.097 4.01 517.0
2456047.87917 19.911 0.133 4.80 541.0
2456047.89199 19.954 0.122 4.48 551.0
2456047.90687 19.715 0.094 4.26 547.0
2456047.91981 19.739 0.099 4.59 550.0
2456047.93248 19.774 0.125 4.47 1061.0
2456048.67938 20.464 0.211 4.34 604.0
2456048.69209 20.124 0.148 3.90 589.0
2456048.70590 20.104 0.161 4.59 557.0
2456048.71849 20.292 0.175 4.17 528.0
2456048.73243 19.742 0.097 3.97 493.0
2456048.75809 20.287 0.159 4.11 454.0
2456048.77066 20.025 0.132 4.30 428.0
2456048.79348 19.868 0.096 3.89 401.0
2456048.80727 19.660 0.089 4.36 417.0
2456048.82083 20.069 0.134 4.61 411.0
2456048.83777 20.179 0.134 4.45 403.0
2456048.85043 20.063 0.117 4.44 391.0
2456048.86478 19.760 0.104 5.06 407.0
2456048.88122 20.155 0.125 4.14 416.0
2456048.89641 19.994 0.138 5.17 442.0
2456048.90954 19.808 0.110 5.24 451.0
2456048.92230 19.991 0.123 4.51 470.0
2456048.93485 20.167 0.242 5.07 1447.0
2456049.67472 19.931 0.160 6.09 597.0
2456049.68836 21.058 0.372 5.10 533.0
2456049.70081 20.170 0.160 4.96 531.0
2456049.72762 20.181 0.157 4.75 530.0
2456049.74118 19.894 0.103 4.26 476.0
2456049.75445 20.020 0.115 4.11 502.0
2456049.77815 20.044 0.112 4.24 459.0
2456049.80032 19.879 0.095 3.97 461.0
2456049.81305 20.091 0.113 4.04 445.0
2456049.82644 20.024 0.098 3.59 447.0
2456049.83923 19.982 0.111 4.10 474.0
2456049.85369 20.300 0.175 4.78 488.0
2456049.86918 20.056 0.123 4.33 483.0
2456049.88200 19.948 0.120 4.59 489.0
2456049.89486 19.845 0.103 4.37 498.0
2456049.90783 19.807 0.098 4.27 492.0
2456049.92123 19.858 0.110 4.99 509.0
2456049.93399 20.041 0.166 4.57 1069.0
2456050.65601 20.119 0.233 6.69 652.0
2456050.66456 19.772 0.185 7.19 621.0
2456050.67719 20.324 0.233 5.81 588.0
2456050.69013 20.009 0.204 6.49 583.0
2456050.70286 20.188 0.196 5.45 559.0
2456050.71642 20.685 0.365 6.27 563.0
2456050.72923 19.901 0.145 5.27 558.0
2456050.76316 20.099 0.159 4.76 553.0
2456050.78610 20.179 0.179 5.28 556.0
2456050.79961 20.031 0.135 4.50 556.0
2456050.81293 20.192 0.162 4.57 559.0
2456050.82637 20.895 0.298 4.38 559.0
2456050.83952 20.168 0.172 4.98 573.0
2456050.85256 20.151 0.183 5.29 539.0
2456050.86552 20.103 0.138 4.29 532.0
2456050.87838 19.924 0.132 4.74 554.0
2456050.89150 19.960 0.154 5.25 558.0
2456050.90422 19.847 0.120 4.52 562.0
2456050.91709 19.880 0.123 4.58 568.0
2456050.93015 20.383 0.233 4.68 771.0
2456051.65271 19.879 0.184 6.50 743.0
2456051.65929 19.748 0.142 5.85 723.0
2456051.67219 20.025 0.161 5.29 679.0
2456051.72308 19.907 0.127 4.83 598.0
2456051.73579 19.864 0.127 4.87 597.0
2456051.74860 19.945 0.140 5.07 587.0
2456051.77102 20.051 0.167 5.05 687.0
2456052.65214 19.560 0.148 6.28 951.0
2456052.66493 20.653 0.341 5.51 891.0
2456052.67758 20.576 0.348 5.99 851.0
2456052.69036 20.512 0.295 5.56 790.0
2456052.70301 20.073 0.196 5.54 748.0
2456052.72552 20.608 0.279 5.18 690.0
2456052.74795 20.017 0.160 5.06 665.0
2456052.76062 20.059 0.165 5.04 669.0
2456052.77371 19.862 0.130 4.84 663.0
2456052.78675 20.251 0.175 4.41 659.0
2456052.79975 20.055 0.150 4.65 660.0
2456052.81278 20.356 0.214 5.02 663.0
2456052.82731 19.672 0.114 4.83 698.0
2456052.84022 19.741 0.117 4.63 709.0
2456052.85377 20.119 0.151 4.16 720.0
2456052.86659 20.134 0.139 3.91 711.0
2456052.87986 19.890 0.132 4.52 749.0
2456052.89255 19.638 0.088 3.94 735.0
2456052.90545 20.136 0.142 4.03 724.0
2456052.91824 20.143 0.166 4.67 715.0
2456052.93107 20.395 0.189 3.95 830.0
2456053.64624 20.085 0.255 5.71 1335.0
2456053.65465 20.542 0.324 5.13 1273.0
2456053.66764 19.777 0.151 4.91 1167.0
2456053.68236 19.634 0.164 6.08 1094.0
2456053.69502 20.087 0.224 5.51 1038.0
2456053.70770 20.174 0.223 5.02 1008.0
2456053.72023 19.942 0.156 4.49 965.0
2456053.73274 20.236 0.192 4.34 919.0
2456053.75515 20.520 0.223 4.13 863.0
2456053.77711 19.789 0.105 3.83 832.0
2456053.79014 19.811 0.103 3.62 843.0
2456053.80307 19.619 0.091 3.77 840.0
2456053.82973 20.152 0.163 3.97 902.0
2456053.84303 20.087 0.146 3.81 858.0
2456053.85846 19.871 0.114 3.72 847.0
2456053.87273 19.925 0.161 4.04 1415.0
2456053.88679 19.968 0.136 4.05 880.0
2456053.89943 20.333 0.184 3.86 906.0
2456053.91254 20.037 0.246 4.51 2207.0
2456053.92585 20.637 0.291 4.27 1016.0
2456054.86261 20.041 0.155 3.56 1340.0
2456054.87441 20.047 0.142 3.46 1077.0
2456054.88422 19.892 0.147 3.75 1399.0
2456054.89578 19.769 0.118 3.99 1054.0
2456054.90581 20.556 0.399 4.13 2964.0
2456054.92099 19.608 0.161 4.19 2765.0
2456055.93057 20.122 0.201 3.54 1750.0
2456057.87981 20.596 0.255 4.50 737.0
2456057.92704 19.566 0.123 3.66 1851.0
2456058.66866 20.613 0.362 7.52 556.0
2456058.68426 20.759 0.378 6.75 540.0
2456058.69804 20.512 0.276 6.60 534.0
2456058.71084 20.140 0.200 6.34 536.0
2456058.72548 19.883 0.180 6.76 548.0
2456058.73796 20.233 0.218 6.06 540.0
2456058.75061 19.985 0.157 5.59 545.0
2456058.76317 20.045 0.154 5.18 524.0
2456058.77781 19.836 0.106 4.60 519.0
2456058.79471 19.929 0.134 5.02 521.0
2456058.81233 20.495 0.241 5.33 525.0
2456058.82767 19.946 0.152 5.23 559.0
2456058.84122 19.744 0.104 4.44 531.0
2456058.85589 20.358 0.205 4.97 556.0
2456058.86860 20.519 0.244 4.94 556.0
2456058.88301 20.166 0.149 4.29 550.0
2456058.89558 20.062 0.138 4.39 556.0
2456058.90855 19.759 0.118 4.86 585.0
2456058.92146 20.364 0.253 5.88 616.0
2456058.93553 19.911 0.164 5.14 765.0
2456059.65744 19.915 0.176 7.27 490.0
2456059.67773 20.721 0.345 6.77 482.0
2456059.69030 19.850 0.189 7.59 493.0
2456059.70366 20.177 0.189 5.98 473.0
2456059.71614 20.724 0.368 6.73 485.0
2456059.72899 20.179 0.196 6.29 489.0
2456059.74166 20.605 0.311 6.35 496.0
2456059.75438 20.756 0.445 7.44 496.0
2456059.76737 19.815 0.135 5.78 485.0
2456059.78052 20.262 0.167 4.95 470.0
2456059.80377 19.872 0.116 4.80 486.0
2456059.82740 20.058 0.126 4.47 494.0
2456059.84050 20.395 0.174 4.25 494.0
2456059.85354 20.277 0.149 4.25 498.0
2456059.86633 19.836 0.115 4.68 521.0
2456059.87956 19.913 0.120 4.51 516.0
2456059.89249 20.011 0.136 4.76 513.0
2456059.90525 20.265 0.181 4.89 527.0
2456059.91843 20.182 0.135 4.15 510.0
2456059.93157 19.942 0.115 4.28 581.0
2456060.71886 19.981 0.135 5.71 456.0
2456060.78778 19.864 0.111 4.78 445.0
2456060.80447 19.748 0.106 5.06 473.0
2456060.82770 20.117 0.158 4.92 560.0
2456061.66679 20.038 0.179 6.24 503.0
2456061.67989 20.221 0.240 7.30 478.0
2456061.69289 20.209 0.222 6.48 511.0
2456061.70573 20.421 0.281 6.78 507.0
2456061.71862 21.653 0.915 6.93 521.0
2456061.73172 19.997 0.146 5.27 521.0
2456061.75535 19.736 0.090 4.14 498.0
2456061.77820 19.859 0.109 4.29 509.0
2456061.79262 19.930 0.110 4.18 495.0
2456061.80632 20.010 0.135 4.60 495.0
2456061.81999 20.084 0.156 5.07 511.0
2456061.83268 20.330 0.159 4.18 502.0
2456061.84523 20.110 0.133 4.13 530.0
2456061.85798 20.012 0.139 4.87 566.0
2456061.87056 20.713 0.265 4.93 559.0
2456061.88349 20.299 0.176 4.83 590.0
2456061.89636 20.591 0.357 6.47 612.0
2456061.90935 20.243 0.223 5.98 610.0
2456061.92202 20.036 0.149 4.95 630.0
2456061.93516 20.141 0.173 4.76 775.0
2456062.64880 20.251 0.277 7.96 572.0
2456062.65983 21.043 0.455 7.23 560.0
2456062.67455 20.373 0.260 7.47 555.0
2456062.68925 19.997 0.168 6.90 560.0
2456062.70236 21.184 0.633 7.28 599.0
2456062.71568 20.241 0.218 6.27 586.0
2456062.72873 20.159 0.235 6.72 606.0
2456062.74170 19.988 0.183 6.16 601.0
2456062.75454 20.355 0.245 5.69 610.0
2456062.76724 20.515 0.248 5.07 598.0
2456062.79131 19.873 0.134 5.00 590.0
2456062.81518 20.009 0.142 4.67 604.0
2456062.82942 19.716 0.106 4.55 590.0
2456062.84250 20.072 0.149 4.70 577.0
2456062.85540 19.800 0.121 4.95 600.0
2456062.86811 19.975 0.130 4.49 597.0
2456062.88081 20.126 0.179 5.12 640.0
2456062.89345 19.994 0.167 5.15 670.0
2456062.90612 19.669 0.123 5.08 696.0
2456062.91877 19.925 0.158 5.11 741.0
2456062.93128 20.248 0.215 5.11 797.0
2456063.73295 20.134 0.264 8.70 463.0
2456063.76989 19.826 0.206 8.55 484.0
2456063.78370 19.834 0.189 7.80 470.0
2456063.79800 20.129 0.213 6.64 463.0
2456063.81142 20.067 0.187 6.29 457.0
2456063.82424 20.547 0.335 7.08 484.0
2456063.83718 20.375 0.298 7.03 487.0
2456063.85998 19.811 0.130 5.71 453.0
2456063.87298 20.625 0.278 5.59 486.0
2456063.89492 19.854 0.135 5.26 562.0
2456063.90749 19.884 0.136 5.08 605.0
2456063.92014 20.200 0.195 5.47 644.0
2456063.93347 19.653 0.127 5.49 745.0
2456064.65811 19.867 0.147 6.29 541.0
2456064.70317 20.270 0.168 5.23 463.0
2456064.70860 19.800 0.111 5.19 456.0
2456064.72138 20.520 0.215 5.01 468.0
2456064.73427 20.030 0.101 4.08 450.0
2456064.74709 19.966 0.104 4.12 462.0
2456064.76985 20.001 0.100 3.80 472.0
2456064.79565 20.031 0.097 3.55 489.0
2456064.81136 19.994 0.113 4.05 503.0
2456064.82424 19.721 0.099 4.43 523.0
2456064.83769 20.068 0.125 4.12 521.0
2456064.85114 19.833 0.102 4.21 530.0
2456064.86420 20.079 0.138 4.46 546.0
2456064.88019 20.066 0.130 4.52 540.0
2456064.89287 19.892 0.115 4.69 562.0
2456064.90620 20.015 0.127 4.50 575.0
2456064.91867 20.392 0.194 4.89 587.0
2456064.93136 19.892 0.126 4.43 637.0
2456065.61413 20.313 0.266 6.55 641.0
2456065.62913 19.925 0.143 5.16 545.0
2456065.64183 20.004 0.166 5.89 526.0
2456065.65441 20.028 0.148 4.96 500.0
2456065.66729 20.239 0.179 5.12 457.0
2456065.68029 20.226 0.181 5.26 444.0
2456065.69300 20.446 0.193 4.68 416.0
2456065.70577 20.126 0.126 4.27 407.0
2456065.72824 20.093 0.125 4.38 412.0
2456065.74105 20.021 0.115 4.00 451.0
2456065.76653 20.338 0.206 4.96 507.0
2456065.77951 20.195 0.133 3.83 517.0
2456065.79457 20.421 0.182 4.27 504.0
2456065.80775 20.074 0.137 4.27 533.0
2456065.82071 19.896 0.126 4.49 552.0
2456065.83392 19.941 0.115 3.96 556.0
2456065.84694 19.745 0.091 3.86 560.0
2456066.60463 19.792 0.146 5.90 605.0
2456066.61906 20.419 0.269 6.17 573.0
2456066.63160 20.535 0.244 5.33 514.0
2456066.64414 20.026 0.143 4.92 513.0
2456066.65685 20.612 0.247 4.95 525.0
2456066.66954 20.376 0.198 4.96 492.0
2456066.68226 20.135 0.139 4.48 494.0
2456066.69494 20.502 0.203 4.59 494.0
2456066.70755 20.167 0.155 4.65 507.0
2456066.72032 20.174 0.158 4.64 531.0
2456066.74503 19.957 0.108 4.10 505.0
2456066.75794 20.222 0.126 3.79 484.0
2456066.78480 19.748 0.092 4.36 508.0
2456066.79875 19.895 0.106 4.04 492.0
2456066.81194 19.800 0.099 4.20 498.0
2456066.82490 19.783 0.101 4.42 491.0
2456066.83991 20.174 0.121 3.78 498.0
2456066.85262 19.883 0.102 3.92 531.0
2456066.86728 19.932 0.101 3.70 537.0
2456066.88025 19.965 0.111 4.04 541.0
2456066.89282 19.804 0.093 3.85 534.0
2456066.90557 20.064 0.134 4.35 546.0
2456066.91846 20.194 0.123 3.57 549.0
2456066.93099 19.834 0.105 4.09 577.0
2456066.94363 19.980 0.152 3.54 1411.0
2456067.59002 19.988 0.170 5.98 546.0
2456067.60474 20.063 0.164 5.29 514.0
2456067.61740 19.602 0.110 5.42 484.0
2456067.62997 20.237 0.157 4.34 467.0
2456067.64514 19.836 0.101 4.15 466.0
2456067.65799 20.038 0.137 4.72 475.0
2456067.67079 20.624 0.231 4.58 469.0
2456067.68335 19.885 0.112 4.53 455.0
2456067.69608 20.157 0.135 4.13 456.0
2456067.70913 20.229 0.142 4.18 459.0
2456067.72184 20.458 0.163 3.77 461.0
2456067.74501 19.948 0.097 3.56 461.0
2456067.75810 20.323 0.147 3.78 475.0
2456067.77165 19.968 0.103 3.79 458.0
2456067.79631 19.995 0.125 4.47 476.0
2456067.80941 19.745 0.094 4.14 464.0
2456067.82246 20.334 0.160 4.33 448.0
2456067.83519 20.178 0.136 3.97 477.0
2456067.84879 20.343 0.141 3.60 492.0
2456067.86139 20.368 0.156 3.75 510.0
2456067.87405 20.413 0.183 4.04 543.0
2456067.88664 19.754 0.099 3.95 555.0
2456067.89939 19.670 0.092 3.88 571.0
2456067.91189 19.935 0.115 3.94 575.0
2456067.92449 19.903 0.137 4.70 585.0
2456067.93713 20.339 0.200 4.08 823.0
2456068.60454 19.665 0.131 5.89 594.0
2456068.62620 19.986 0.139 5.09 522.0
2456068.64072 20.202 0.165 4.57 534.0
2456068.66121 20.395 0.199 5.10 476.0
2456068.67684 20.151 0.146 4.23 495.0
2456068.69398 20.328 0.183 4.87 481.0
2456068.70795 19.911 0.112 4.18 455.0
2456068.72371 20.135 0.136 4.41 431.0
2456068.73816 20.062 0.113 3.90 401.0
2456068.75949 19.825 0.084 3.67 408.0
2456068.78042 20.039 0.097 3.67 417.0
2456068.82160 19.875 0.100 3.87 449.0
2456068.83580 19.955 0.100 3.62 451.0
2456068.85011 19.935 0.114 3.98 481.0
2456068.86453 20.105 0.126 3.86 507.0
2456068.88059 19.888 0.104 3.80 542.0
2456068.89484 20.055 0.126 4.10 544.0
2456068.91062 20.056 0.143 4.65 595.0
2456069.59841 20.911 0.421 6.47 509.0
2456069.61282 20.382 0.216 5.83 471.0
2456069.62764 20.305 0.166 4.86 451.0
2456069.65892 20.878 0.373 6.02 450.0
2456069.67137 20.426 0.225 5.65 462.0
2456069.68404 19.876 0.116 4.89 454.0
2456069.69881 19.715 0.094 4.42 458.0
2456069.71311 19.990 0.128 4.76 436.0
2456069.72584 19.682 0.090 4.65 428.0
2456069.73830 20.013 0.113 4.23 418.0
2456069.76317 20.264 0.130 3.90 430.0
2456069.77821 20.047 0.104 3.70 434.0
2456069.80548 20.190 0.145 4.44 436.0
2456069.81837 20.262 0.142 4.17 422.0
2456069.83442 19.884 0.094 3.72 422.0
2456069.84718 20.039 0.110 3.88 418.0
2456069.86230 19.918 0.102 4.01 428.0
2456069.87502 20.108 0.126 4.02 444.0
2456069.88772 20.052 0.121 3.93 449.0
2456069.90049 19.959 0.102 3.66 462.0
2456069.91328 20.326 0.155 3.89 463.0
2456069.92584 20.379 0.159 3.99 495.0
2456069.93864 19.980 0.145 4.46 764.0
2456070.58222 21.138 0.572 6.42 581.0
2456070.59520 20.392 0.281 6.59 523.0
2456070.60806 20.697 0.405 7.14 512.0
2456070.62080 20.457 0.338 7.22 550.0
2456070.63346 20.357 0.280 6.65 538.0
2456070.64615 21.276 0.565 5.86 520.0
2456070.65890 19.656 0.114 5.43 499.0
2456070.67328 20.443 0.234 5.56 484.0
2456070.68600 19.873 0.125 5.02 456.0
2456070.69878 20.000 0.128 4.67 440.0
2456070.71163 19.891 0.164 6.28 465.0
2456070.72422 19.870 0.122 4.96 441.0
2456070.73673 20.262 0.190 5.52 424.0
2456070.75996 20.094 0.124 4.43 404.0
2456070.77302 19.807 0.104 4.69 432.0
2456070.79725 20.007 0.134 4.80 465.0
2456070.81027 20.366 0.202 5.24 461.0
2456070.82307 20.001 0.121 4.47 450.0
2456070.83551 20.200 0.160 4.79 461.0
2456070.85007 20.266 0.157 4.39 464.0
2456070.86294 19.905 0.111 4.40 465.0
2456070.87566 20.717 0.266 4.90 467.0
2456070.88868 19.903 0.115 4.56 465.0
2456070.90143 20.383 0.203 5.17 467.0
2456070.91511 20.217 0.169 5.03 466.0
2456070.92779 20.053 0.178 5.92 491.0
2456070.94062 20.066 0.188 5.44 695.0
2456071.58102 20.529 0.312 6.73 533.0
2456071.59544 20.228 0.201 5.97 486.0
2456071.60806 20.037 0.162 5.81 476.0
2456071.62079 20.138 0.155 5.16 442.0
2456071.64727 20.700 0.260 5.28 408.0
2456071.66176 20.195 0.162 5.20 419.0
2456071.67434 20.356 0.197 5.45 412.0
2456071.68691 20.168 0.183 5.83 411.0
2456071.69947 19.923 0.109 4.62 377.0
2456071.71300 19.692 0.105 5.11 406.0
2456071.72563 19.849 0.117 5.03 411.0
2456071.74729 20.112 0.154 5.18 425.0
2456071.76091 19.713 0.108 5.13 432.0
2456071.78899 20.122 0.166 5.25 455.0
2456071.80184 20.209 0.182 5.31 458.0
2456071.81466 19.954 0.129 4.92 442.0
2456071.82879 20.148 0.143 4.63 443.0
2456071.84133 19.941 0.120 4.76 441.0
2456071.85400 20.004 0.129 4.84 459.0
2456071.86692 19.951 0.130 5.07 467.0
2456071.87954 20.455 0.202 5.06 470.0
2456071.89236 20.273 0.165 4.93 477.0
2456071.90490 19.944 0.191 6.89 490.0
2456071.91729 19.856 0.185 6.83 499.0
2456071.92985 20.512 0.332 6.82 521.0
2456071.94220 19.722 0.194 6.16 1163.0
2456072.61639 20.544 0.306 7.33 450.0
2456075.59087 19.911 0.119 4.69 491.0
2456075.60507 20.145 0.148 4.60 490.0
2456075.61765 19.970 0.104 3.93 444.0
2456075.63023 20.205 0.159 4.56 435.0
2456075.64319 20.141 0.130 4.17 423.0
2456075.65606 20.175 0.183 5.26 408.0
2456075.66870 19.868 0.093 4.02 408.0
2456075.68148 19.805 0.078 3.68 395.0
2456075.69750 19.803 0.123 5.35 406.0
2456075.71015 19.782 0.115 5.21 414.0
2456075.73226 20.180 0.140 4.48 416.0
2456075.75071 19.940 0.094 3.85 393.0
2456075.77432 19.975 0.116 4.35 400.0
2456075.78697 20.155 0.116 3.75 397.0
2456075.80002 20.087 0.108 3.67 398.0
2456075.81280 19.780 0.083 3.80 400.0
2456075.82658 19.897 0.106 4.15 427.0
2456075.83923 19.960 0.112 4.34 429.0
2456075.85190 19.857 0.108 4.77 459.0
2456075.87104 19.844 0.111 4.82 469.0
2456076.56940 19.937 0.210 6.81 644.0
2456076.58212 20.078 0.171 5.59 599.0
2456076.59468 20.375 0.243 5.81 565.0
2456076.60756 19.967 0.150 5.37 556.0
2456076.62035 19.555 0.101 5.34 526.0
2456076.63628 19.919 0.137 5.39 506.0
2456076.64922 20.053 0.152 5.18 487.0
2456076.67055 19.894 0.117 4.76 478.0
2456076.68308 21.978 1.052 5.80 491.0
2456076.69585 19.991 0.110 4.17 461.0
2456076.71765 19.874 0.096 4.01 447.0
2456076.73030 20.101 0.117 4.06 435.0
2456076.75295 20.136 0.121 4.05 430.0
2456076.76626 20.316 0.185 5.07 437.0
2456076.77918 19.846 0.131 5.53 452.0
2456076.79235 19.888 0.127 4.96 456.0
2456076.80530 20.382 0.188 4.97 447.0
2456076.81804 20.234 0.163 4.90 459.0
2456076.83080 19.799 0.122 5.52 464.0
2456076.84747 20.786 0.335 6.07 496.0
2456076.86592 20.196 0.198 6.31 512.0
2456076.86737 22.396 1.584 6.67 514.0
2456076.88016 20.690 0.319 6.76 512.0
2456076.89393 20.445 0.242 6.83 521.0
2456076.91306 19.731 0.117 5.82 539.0
2456076.92573 19.811 0.173 6.99 562.0
2456076.93813 19.904 0.209 7.34 612.0
2456077.68222 19.922 0.124 4.49 691.0
2456077.70662 19.639 0.104 5.05 620.0
2456077.72127 19.808 0.108 4.80 483.0
2456077.75433 20.098 0.149 5.36 419.0
2456077.76897 19.942 0.138 5.63 428.0
2456077.78784 20.657 0.209 4.67 420.0
2456077.79205 20.097 0.124 4.74 430.0
2456077.81329 19.771 0.093 4.60 450.0
2456077.82678 19.882 0.115 4.91 454.0
2456077.83954 20.013 0.127 4.54 447.0
2456077.85432 19.874 0.106 4.60 456.0
2456077.86697 20.410 0.181 4.57 465.0
2456077.88312 21.159 0.437 5.21 495.0
2456077.89565 19.973 0.149 5.16 527.0
2456077.90840 20.181 0.174 4.96 537.0
2456077.92100 20.243 0.179 4.87 557.0
2456077.93431 20.876 0.397 5.87 598.0
2456078.59109 20.148 0.222 5.86 662.0
2456078.60385 20.023 0.157 4.78 621.0
2456078.61620 19.880 0.131 4.66 599.0
2456078.62871 19.893 0.132 4.68 579.0
2456078.64163 19.951 0.132 4.43 571.0
2456078.65433 20.742 0.298 5.06 547.0
2456078.66722 19.962 0.117 4.21 531.0
2456078.68003 20.066 0.124 3.91 525.0
2456078.69281 20.366 0.181 4.45 529.0
2456078.71488 20.216 0.158 4.24 528.0
2456078.73013 19.773 0.086 3.82 495.0
2456078.75560 19.939 0.103 3.79 496.0
2456078.76969 19.637 0.077 3.52 557.0
2456078.78410 19.888 0.102 3.60 554.0
2456078.79675 20.045 0.108 3.71 473.0
2456078.80966 19.782 0.089 3.88 464.0
2456078.82232 20.272 0.164 4.46 490.0
2456078.83493 19.916 0.119 4.72 502.0
2456078.84993 19.961 0.126 4.91 518.0
2456078.86565 19.821 0.107 4.24 545.0
2456078.87909 19.769 0.107 4.35 580.0
2456078.89187 20.023 0.138 4.44 599.0
2456078.90460 20.041 0.155 4.94 606.0
2456078.91863 20.161 0.202 5.88 627.0
2456079.55480 20.234 0.236 5.75 728.0
2456079.56732 20.014 0.177 5.19 679.0
2456079.57993 20.087 0.147 4.30 632.0
2456079.59406 19.849 0.115 4.25 608.0
2456079.60664 20.063 0.140 4.21 589.0
2456079.61916 20.176 0.141 4.05 527.0
2456079.63179 20.450 0.179 4.09 492.0
2456079.64450 20.338 0.160 4.12 475.0
2456079.65715 20.068 0.117 3.77 469.0
2456079.66993 20.142 0.142 4.49 463.0
2456079.69043 19.924 0.125 4.89 464.0
2456079.71054 19.923 0.116 4.28 472.0
2456079.73251 20.133 0.132 4.05 479.0
2456079.75607 19.896 0.099 4.08 494.0
2456079.77078 19.843 0.111 4.18 547.0
2456079.78399 19.785 0.102 4.08 557.0
2456079.79725 19.734 0.100 4.30 545.0
2456079.80992 20.041 0.145 4.54 583.0
2456079.82640 20.131 0.150 4.69 551.0
2456079.83513 19.795 0.099 4.01 525.0
2456079.84799 19.882 0.119 4.81 500.0
2456079.86059 20.165 0.115 3.73 481.0
2456079.87319 20.281 0.140 4.06 493.0
2456079.88580 20.103 0.127 4.43 503.0
2456079.90044 19.788 0.100 4.42 526.0
2456079.91297 19.875 0.128 4.97 564.0
2456079.92558 20.154 0.159 5.06 566.0
2456079.93871 19.929 0.163 5.89 646.0
2456080.56427 20.664 0.413 6.40 800.0
2456080.57695 19.774 0.174 6.35 762.0
2456080.58960 20.024 0.194 5.74 731.0
2456080.60223 19.873 0.167 5.72 725.0
2456080.61498 19.840 0.156 5.40 729.0
2456080.62777 20.033 0.187 5.61 700.0
2456080.64049 19.991 0.174 5.32 699.0
2456080.65319 20.746 0.298 4.78 660.0
2456080.67075 19.785 0.114 4.76 575.0
2456080.68458 20.316 0.167 4.37 646.0
2456080.70140 20.138 0.137 4.19 558.0
2456080.71611 19.772 0.104 4.35 566.0
2456080.72891 19.848 0.118 4.75 556.0
2456080.74279 20.415 0.197 4.48 579.0
2456080.75617 20.019 0.132 4.35 589.0
2456080.76952 19.788 0.100 4.06 577.0
2456080.78248 19.756 0.111 4.59 567.0
2456080.79547 20.149 0.162 4.95 553.0
2456080.81782 19.949 0.123 4.56 544.0
2456080.83076 19.729 0.098 4.50 525.0
2456080.85280 20.444 0.254 5.71 570.0
2456080.86556 20.337 0.236 5.96 575.0
2456080.87827 20.293 0.228 6.12 570.0
2456080.89372 20.507 0.253 5.93 542.0
2456080.91034 19.789 0.115 5.24 480.0
2456080.92302 20.043 0.137 4.88 498.0
2456080.93551 20.488 0.246 5.40 567.0
2456080.94802 20.172 0.292 5.94 1399.0
2456081.55954 19.602 0.181 6.65 1076.0
2456081.57418 19.948 0.226 6.30 1047.0
2456081.58689 20.259 0.259 5.72 970.0
2456081.59935 19.921 0.176 5.39 906.0
2456081.61198 19.679 0.137 5.31 850.0
2456081.62466 19.977 0.186 5.57 801.0
2456081.63881 20.548 0.276 5.13 753.0
2456081.65286 20.180 0.194 5.20 697.0
2456081.66571 19.775 0.112 4.60 648.0
2456081.67819 20.029 0.161 5.06 674.0
2456081.69831 20.066 0.156 4.88 641.0
2456081.71109 19.882 0.116 4.35 613.0
2456081.72372 19.779 0.120 4.68 655.0
2456081.73671 19.858 0.117 4.58 616.0
2456081.74940 19.771 0.105 4.16 672.0
2456081.77272 19.995 0.122 4.11 633.0
2456081.78531 19.553 0.092 4.51 633.0
2456081.80510 20.082 0.153 4.61 628.0
2456081.82110 19.753 0.120 4.84 668.0
2456081.83407 19.890 0.121 4.40 679.0
2456081.84839 20.137 0.177 4.96 713.0
2456081.86127 20.246 0.196 5.09 724.0
2456081.87418 20.301 0.215 5.21 742.0
2456081.88701 20.363 0.282 6.13 756.0
2456081.92233 20.768 0.553 7.58 840.0
2456081.93500 20.625 0.424 7.23 830.0
2456081.94728 20.501 0.585 8.06 1673.0
2456082.59300 20.223 0.351 6.90 1164.0
2456082.60597 21.022 0.741 6.81 1185.0
2456082.61868 20.718 0.470 6.30 1040.0
2456082.63174 19.925 0.294 7.35 1184.0
2456082.64467 21.074 0.851 7.34 1196.0
2456082.65779 21.772 1.432 6.36 1275.0
2456082.67136 19.882 0.226 6.04 1188.0
2456082.69576 20.056 0.293 6.40 1266.0
2456082.70853 20.023 0.265 6.45 1058.0
2456082.72150 20.276 0.309 5.72 1168.0
2456082.73297 21.595 1.167 6.69 1107.0
2456082.77983 20.467 0.446 6.60 1291.0
2456082.79883 20.190 0.300 6.00 1235.0
2456082.81037 20.455 0.491 5.90 2388.0
2456082.82422 20.014 0.232 5.29 1276.0
2456082.83691 20.207 0.280 5.51 1243.0
2456082.84829 20.005 0.287 6.69 1293.0
2456082.86121 19.929 0.246 5.98 1387.0
2456082.87388 19.544 0.191 6.46 1385.0
2456082.88995 19.867 0.294 7.39 1342.0
2456082.90587 19.625 0.236 7.48 1385.0
2456085.55538 20.037 0.227 6.02 1011.0
2456085.56921 20.767 0.458 6.15 1001.0
2456085.58195 20.249 0.292 6.27 917.0
2456085.59484 19.907 0.183 5.64 884.0
2456085.62075 19.933 0.153 4.99 768.0
2456085.63189 20.110 0.185 5.20 775.0
2456085.64451 19.721 0.131 5.09 752.0
2456085.65710 19.835 0.118 4.33 743.0
2456085.66813 19.925 0.174 4.84 1100.0
2456085.67934 20.753 0.434 4.83 1571.0
2456085.69052 20.277 0.277 5.06 1476.0
2456085.70521 20.102 0.160 4.43 799.0
2456085.72816 19.950 0.166 4.57 1139.0
2456085.74117 19.901 0.156 4.83 848.0
2456085.75500 20.230 0.173 4.51 671.0
2456085.76831 19.903 0.137 4.69 720.0
2456085.78109 20.168 0.192 5.26 697.0
2456085.79376 19.973 0.170 5.47 694.0
2456085.80671 19.982 0.160 5.14 687.0
2456085.81995 20.611 0.390 6.59 708.0
2456085.83262 20.090 0.210 5.96 711.0
2456085.84545 19.845 0.192 6.49 795.0
2456085.85971 19.975 0.181 5.70 746.0
2456085.87243 19.443 0.129 6.02 936.0
2456085.88507 20.056 0.229 6.38 779.0
2456085.89636 19.597 0.198 7.00 1211.0
2456085.91278 21.180 0.783 7.30 863.0
2456085.92535 20.022 0.266 7.07 901.0
2456085.93720 20.482 0.417 6.84 1087.0
2456086.55337 20.241 0.211 6.19 487.0
2456086.56688 20.337 0.212 5.49 531.0
2456086.58171 19.963 0.147 5.26 530.0
2456086.59424 19.868 0.131 4.99 581.0
2456086.60729 20.386 0.283 6.14 609.0
2456086.62001 20.199 0.178 5.01 566.0
2456086.63672 20.323 0.167 4.35 555.0
2456086.65039 19.932 0.123 4.44 561.0
2456086.66304 20.485 0.176 4.02 532.0
2456086.67671 20.102 0.150 4.59 528.0
2456086.68936 19.988 0.116 4.06 532.0
2456086.71193 20.331 0.177 4.47 524.0
2456086.72631 19.941 0.099 3.73 534.0
2456086.75249 19.973 0.113 4.10 521.0
2456086.76538 20.026 0.138 4.73 536.0
2456086.77810 19.932 0.120 4.59 533.0
2456086.79079 20.037 0.144 4.91 537.0
2456086.80525 20.399 0.207 4.99 534.0
2456086.81895 20.177 0.152 4.63 545.0
2456086.83558 19.674 0.104 4.83 583.0
2456086.85379 19.933 0.139 5.01 602.0
2456086.86786 19.537 0.113 5.62 629.0
2456086.88043 20.155 0.204 5.70 651.0
2456086.89523 19.664 0.158 6.49 683.0
2456086.91040 20.076 0.244 6.85 741.0
2456086.92405 20.733 0.466 7.11 801.0
2456087.54302 20.057 0.196 6.48 540.0
2456087.58636 19.586 0.102 6.01 423.0
2456087.59900 20.663 0.284 6.13 418.0
2456087.61151 20.219 0.204 6.55 414.0
2456087.72334 19.891 0.169 5.88 684.0
2456087.74195 19.853 0.154 5.81 580.0
2456087.76686 19.793 0.119 4.82 624.0
2456087.77971 19.895 0.124 4.74 550.0
2456087.80375 19.796 0.126 4.99 669.0
2456087.81734 19.695 0.097 4.28 680.0
2456087.83074 19.892 0.142 5.13 593.0
2456087.84341 19.759 0.158 6.21 621.0
2456087.85775 20.991 0.521 5.99 926.0
2456088.55624 20.058 0.229 7.43 511.0
2456088.57125 20.102 0.159 5.37 436.0
2456088.58382 19.875 0.111 5.08 408.0
2456088.59641 19.813 0.108 5.04 390.0
2456088.60893 19.883 0.101 4.58 397.0
2456088.62211 19.844 0.102 4.77 401.0
2456088.63479 20.001 0.118 4.61 402.0
2456088.64738 19.932 0.105 4.32 402.0
2456088.66000 20.023 0.104 4.05 405.0
2456088.67257 20.232 0.147 4.58 421.0
2456088.68548 19.799 0.092 4.31 424.0
2456089.62599 19.777 0.094 4.16 525.0
2456089.63867 19.951 0.118 4.51 529.0
2456089.65168 20.031 0.123 4.65 468.0
2456089.66508 20.403 0.195 5.03 490.0
2456089.67746 19.789 0.093 4.63 448.0
2456089.68998 20.123 0.112 4.30 427.0
2456089.72463 19.722 0.093 4.45 493.0
2456089.73832 20.171 0.136 4.25 537.0
2456089.76056 20.035 0.139 4.86 502.0
2456089.77408 20.025 0.135 4.67 595.0
2456089.78894 19.837 0.113 4.75 512.0
2456089.80160 20.036 0.143 5.01 541.0
2456089.81428 19.675 0.102 4.98 589.0
2456089.85006 19.571 0.106 5.60 550.0
2456089.86300 20.313 0.208 5.60 557.0
2456089.91321 20.103 0.201 6.32 521.0
2456089.92513 20.375 0.298 7.18 539.0
2456092.56960 20.338 0.236 6.11 509.0
2456092.58218 20.160 0.187 5.73 511.0
2456092.59477 20.247 0.178 5.28 463.0
2456092.60765 20.611 0.250 5.46 458.0
2456092.62022 19.884 0.123 5.48 430.0
2456092.63286 20.741 0.331 6.74 429.0
2456092.64546 20.078 0.191 6.61 444.0
2456092.66059 19.791 0.122 5.68 443.0
2456092.67319 19.889 0.128 5.49 439.0
2456092.76518 19.909 0.104 4.64 460.0
2456092.77837 20.139 0.150 4.99 457.0
2456092.80265 20.229 0.150 4.94 452.0
2456092.84082 19.817 0.117 5.15 503.0
2456092.85847 19.502 0.107 5.85 547.0
2456092.87219 20.566 0.309 6.36 566.0
2456092.89244 19.797 0.167 6.76 594.0
2456092.90527 19.793 0.188 7.44 631.0
2456093.54756 22.028 1.071 5.87 506.0
2456093.56003 20.407 0.222 5.63 477.0
2456093.57531 19.892 0.144 5.83 450.0
2456093.58912 20.147 0.152 5.13 446.0
2456093.60184 20.025 0.146 5.29 435.0
2456093.61464 19.994 0.143 5.45 420.0
2456093.62719 20.375 0.195 5.27 418.0
2456093.63970 20.473 0.237 5.74 420.0
2456093.65249 19.917 0.113 4.68 407.0
2456093.66516 20.244 0.213 6.31 414.0
2456093.68767 19.764 0.102 4.99 394.0
2456093.70026 19.911 0.107 4.55 393.0
2456093.72564 20.008 0.125 4.66 420.0
2456093.76259 20.251 0.172 5.13 433.0
2456093.77518 19.571 0.114 6.08 447.0
2456093.78761 21.018 0.459 6.39 447.0
2456093.80030 19.832 0.144 6.05 444.0
2456093.81484 19.781 0.143 6.27 444.0
2456093.82762 20.263 0.264 7.15 463.0
2456093.84008 19.934 0.176 6.61 458.0
2456093.85363 20.315 0.248 6.59 456.0
2456093.86617 20.864 0.406 6.57 465.0
2456093.88473 20.277 0.260 7.21 488.0
2456094.54971 22.350 1.751 6.78 566.0
2456094.57451 19.651 0.160 7.29 564.0
2456094.59495 20.254 0.269 7.06 540.0
2456094.61348 20.417 0.264 6.18 523.0
2456094.62603 20.366 0.255 6.16 524.0
2456094.63860 20.622 0.286 5.57 513.0
2456094.65111 20.180 0.191 5.60 504.0
2456094.66362 19.741 0.147 6.36 529.0
2456094.67610 20.294 0.186 5.17 523.0
2456094.68890 19.843 0.158 6.38 523.0
2456094.71215 20.436 0.220 5.12 530.0
2456094.72592 20.149 0.163 5.00 526.0
2456094.74810 20.146 0.177 5.34 501.0
2456094.76050 19.910 0.132 5.05 491.0
2456094.77312 20.006 0.144 5.03 509.0
2456094.78565 19.864 0.128 5.25 494.0
2456094.79885 19.581 0.094 5.04 484.0
2456094.81215 20.404 0.208 5.20 505.0
2456094.82568 19.911 0.134 5.30 487.0
2456094.83846 20.094 0.170 5.54 512.0
2456094.85140 21.159 0.632 7.19 542.0
2456094.86420 20.116 0.213 6.36 558.0
2456094.88843 19.859 0.177 6.53 607.0
2456094.90136 20.537 0.365 7.11 662.0
2456094.91288 19.951 0.203 6.62 685.0
2456096.57162 20.103 0.213 6.90 502.0
2456096.58648 19.902 0.162 6.52 466.0
2456096.59984 20.196 0.179 5.68 450.0
2456096.61294 19.654 0.106 5.63 428.0
2456096.62935 20.503 0.258 6.15 433.0
2456096.64545 19.983 0.147 5.69 423.0
2456096.65810 20.394 0.227 5.90 433.0
2456096.67139 19.875 0.146 5.99 441.0
2456096.68478 20.326 0.200 5.52 428.0
2456096.71991 20.911 0.399 6.29 445.0
2456096.73270 20.034 0.181 6.33 445.0
2456096.74673 19.787 0.134 5.85 455.0
2456096.75939 19.794 0.135 5.85 457.0
2456096.77196 19.945 0.146 5.59 466.0
2456096.78461 19.699 0.121 5.58 482.0
2456096.79872 20.479 0.245 5.71 482.0
2456096.81126 19.933 0.162 6.00 505.0
2456096.82623 20.435 0.228 5.37 531.0
2456096.83960 19.940 0.156 5.56 556.0
2456096.85210 20.327 0.253 6.26 557.0
2456096.86680 19.691 0.157 6.77 584.0
2456096.88171 19.553 0.146 6.92 631.0
2456096.89455 19.899 0.195 6.71 648.0
2456096.90460 20.542 0.382 7.05 675.0
2456097.66225 19.953 0.161 5.97 429.0
2456097.67506 20.389 0.262 6.59 454.0
2456097.70829 19.666 0.130 6.16 459.0
2456097.72552 19.775 0.132 5.80 446.0
2456097.74775 19.816 0.166 6.83 472.0
2456097.76134 19.889 0.165 6.72 444.0
2456097.77385 21.927 1.106 6.47 468.0
2456097.78646 19.917 0.144 5.50 468.0
2456097.79919 20.077 0.156 5.08 466.0
2456097.81167 20.528 0.269 5.63 490.0
2456097.82412 20.568 0.282 5.67 497.0
2456097.83672 19.847 0.160 6.00 522.0
2456097.84929 20.315 0.229 5.70 530.0
2456097.86377 19.657 0.121 5.43 556.0
2456097.87715 19.784 0.163 6.33 590.0
2456097.88970 20.028 0.202 6.21 609.0
2456097.90245 20.037 0.205 6.31 627.0
2456098.54581 19.889 0.203 7.51 539.0
2456098.55830 21.149 0.631 7.19 540.0
2456098.57794 20.068 0.225 7.04 495.0
2456098.59458 20.069 0.224 7.06 500.0
2456098.60708 20.082 0.168 5.64 456.0
2456098.61965 20.273 0.236 6.35 473.0
2456098.63212 20.044 0.178 6.10 459.0
2456098.64473 19.929 0.171 6.49 479.0
2456098.65726 20.556 0.275 5.87 478.0
2456098.67053 20.133 0.180 5.69 461.0
2456098.68319 19.877 0.140 5.62 475.0
2456098.70863 20.806 0.373 6.35 469.0
2456098.73359 20.025 0.139 4.94 460.0
2456098.74623 20.486 0.213 5.12 459.0
2456098.75890 20.104 0.155 5.32 463.0
2456098.77174 20.154 0.175 5.76 468.0
2456098.78662 20.221 0.165 5.00 464.0
2456098.79942 20.025 0.136 4.95 473.0
2456098.81227 20.739 0.293 5.52 493.0
2456098.82546 20.247 0.254 6.90 519.0
2456098.83816 20.446 0.231 5.54 517.0
2456098.85087 20.247 0.210 5.85 544.0
2456098.86349 19.610 0.125 6.09 575.0
2456098.87607 19.529 0.142 7.21 615.0
2456098.88912 19.620 0.142 6.42 635.0
2456099.62520 19.919 0.185 6.65 545.0
2456099.63772 20.017 0.243 7.63 562.0
2456099.71073 20.308 0.281 7.06 504.0
2456099.72332 20.600 0.420 8.01 539.0
2456099.74861 20.022 0.213 6.87 532.0
2456099.77748 20.092 0.213 6.64 514.0
2456099.83484 20.105 0.251 7.70 534.0
2456100.51249 20.008 0.203 6.35 686.0
2456100.52536 19.763 0.149 6.07 641.0
2456100.53789 19.825 0.180 6.89 609.0
2456100.56843 21.162 0.614 6.97 545.0
2456100.58101 20.144 0.263 7.42 528.0
2456100.59598 20.399 0.246 5.95 515.0
2456100.60837 20.404 0.213 5.19 514.0
2456100.62089 20.098 0.171 5.47 509.0
2456100.63332 19.931 0.133 5.07 492.0
2456100.64601 20.773 0.293 5.09 488.0
2456100.66802 20.497 0.164 3.88 497.0
2456100.68145 19.892 0.103 4.23 471.0
2456100.70599 19.957 0.110 4.26 449.0
2456100.71940 19.938 0.136 5.15 465.0
2456100.73249 20.185 0.156 4.63 470.0
2456100.74524 19.844 0.108 4.60 484.0
2456100.75779 20.102 0.185 5.93 486.0
2456100.77036 19.774 0.156 6.25 549.0
2456100.78301 19.888 0.191 6.97 545.0
2456100.80550 20.087 0.210 6.64 564.0
2456100.81869 19.205 0.123 8.00 590.0
2456100.83345 19.838 0.156 5.98 599.0
2456100.84617 19.900 0.167 6.18 613.0
2456100.85864 20.014 0.237 7.38 650.0
2456100.87116 20.653 0.361 6.48 644.0
2456100.88632 19.637 0.143 6.47 653.0
2456100.89822 20.037 0.223 6.60 722.0
2456101.50943 19.742 0.147 5.72 698.0
2456101.52211 20.666 0.306 5.37 640.0
2456101.53478 20.239 0.171 4.73 555.0
2456101.54748 20.005 0.155 5.28 555.0
2456101.56007 20.283 0.185 4.95 553.0
2456101.57257 20.268 0.204 5.36 594.0
2456101.58505 20.091 0.160 5.05 559.0
2456101.59761 20.149 0.151 4.69 509.0
2456101.61061 19.933 0.121 4.50 519.0
2456101.62318 20.204 0.137 4.17 506.0
2456101.63595 19.955 0.118 4.49 478.0
2456101.65016 20.001 0.106 4.13 446.0
2456101.66282 19.760 0.085 3.95 435.0
2456101.67573 19.776 0.080 3.74 432.0
2456101.70244 19.963 0.120 4.56 455.0
2456101.72457 19.736 0.091 4.29 450.0
2456101.73764 20.113 0.141 4.67 457.0
2456101.75027 19.739 0.096 4.56 464.0
2456101.76353 19.739 0.100 4.46 487.0
2456101.77643 20.020 0.140 4.92 521.0
2456101.78900 20.361 0.186 4.93 545.0
2456101.80251 19.988 0.148 5.32 584.0
2456101.81971 19.811 0.135 5.40 635.0
2456101.83290 20.135 0.200 5.99 648.0
2456101.85004 20.272 0.256 6.33 675.0
2456101.86266 20.386 0.267 6.04 698.0
2456102.50556 20.603 0.445 6.40 1035.0
2456102.51038 19.559 0.172 6.71 982.0
2456102.52445 20.003 0.251 6.67 904.0
2456102.53691 20.036 0.192 5.24 828.0
2456102.54935 20.896 0.411 5.22 717.0
2456102.56186 19.941 0.161 5.44 617.0
2456102.58482 20.065 0.159 4.99 571.0
2456102.59776 19.925 0.142 5.22 516.0
2456102.61938 20.518 0.241 5.27 484.0
2456102.63251 20.044 0.143 4.86 461.0
2456102.64501 19.933 0.124 4.65 457.0
2456102.65875 19.777 0.114 4.72 478.0
2456102.67150 20.174 0.163 4.62 528.0
2456102.68456 19.701 0.102 4.54 491.0
2456102.69929 19.978 0.137 4.68 544.0
2456102.71203 19.820 0.103 4.17 556.0
2456102.72465 20.114 0.133 4.21 525.0
2456102.73746 19.794 0.091 3.84 509.0
2456102.74998 19.886 0.106 4.15 505.0
2456102.76356 19.882 0.103 4.19 507.0
2456102.77625 19.876 0.117 4.89 521.0
2456102.79009 20.231 0.159 4.46 523.0
2456102.80338 20.386 0.202 4.62 539.0
2456102.81679 20.305 0.208 5.68 564.0
2456102.83055 20.166 0.187 5.45 545.0
2456102.84329 19.673 0.121 5.60 579.0
2456102.85697 19.641 0.132 5.84 639.0
2456102.87415 21.124 0.564 5.57 748.0
2456102.88229 20.219 0.288 6.96 752.0
2456103.49374 21.059 0.665 7.47 888.0
2456103.50157 20.751 0.402 5.52 833.0
2456103.51393 21.525 0.705 5.26 712.0
2456103.52713 20.482 0.236 4.64 650.0
2456103.54085 19.876 0.139 4.44 633.0
2456103.55326 20.029 0.155 4.61 592.0
2456103.56724 20.053 0.149 4.64 534.0
2456103.58044 19.848 0.125 4.88 512.0
2456103.59293 20.135 0.149 4.48 514.0
2456103.60734 20.258 0.147 3.93 509.0
2456103.63114 19.945 0.102 3.81 479.0
2456103.64380 19.962 0.097 3.49 533.0
2456103.66573 20.291 0.136 3.67 496.0
2456103.67827 20.241 0.154 4.32 510.0
2456103.69280 19.756 0.109 4.63 490.0
2456103.70608 20.009 0.133 4.40 488.0
2456103.71896 19.708 0.098 4.42 477.0
2456103.73368 19.637 0.099 4.76 463.0
2456103.74625 19.864 0.126 5.28 474.0
2456103.75881 19.942 0.129 4.68 467.0
2456103.77919 19.984 0.143 5.34 467.0
2456103.79913 19.798 0.131 6.79 455.0
2456103.81238 20.117 0.172 6.64 464.0
2456103.82827 19.952 0.160 5.79 476.0
2456103.84735 20.494 0.303 8.69 538.0
2456104.49895 20.245 0.206 5.23 699.0
2456104.50518 20.221 0.210 5.45 675.0
2456104.51532 19.838 0.128 4.95 643.0
2456104.52778 19.828 0.109 4.38 608.0
2456104.54073 19.835 0.102 4.21 562.0
2456104.55320 19.986 0.109 4.06 538.0
2456104.56582 20.274 0.138 3.82 529.0
2456104.57829 19.892 0.096 3.79 519.0
2456104.59080 20.112 0.126 3.98 504.0
2456104.61443 20.224 0.130 3.95 460.0
2456104.62684 19.790 0.093 4.13 454.0
2456104.65018 20.053 0.106 3.71 435.0
2456104.66361 19.822 0.083 3.75 417.0
2456104.67632 20.073 0.100 3.77 407.0
2456104.69048 19.757 0.083 3.99 405.0
2456104.70363 19.636 0.075 3.82 416.0
2456104.71835 20.131 0.112 3.90 411.0
2456104.73086 19.986 0.097 3.73 421.0
2456104.74476 19.930 0.104 4.17 433.0
2456104.75713 20.013 0.123 4.63 421.0
2456104.76950 20.226 0.145 4.64 410.0
2456104.78427 19.811 0.116 5.51 407.0
2456104.79676 19.863 0.112 5.14 411.0
2456104.81081 19.750 0.103 5.19 425.0
2456104.83031 20.180 0.178 6.02 450.0
2456104.84279 19.915 0.147 6.39 462.0
2456104.85518 20.254 0.193 6.80 457.0
2456104.87548 20.706 0.367 6.60 512.0
2456105.49918 20.048 0.216 6.70 608.0
2456105.50375 19.296 0.106 6.74 579.0
2456105.51148 21.938 1.295 7.33 586.0
2456105.52413 19.924 0.182 6.54 561.0
2456105.53679 19.510 0.119 6.30 545.0
2456105.54940 19.568 0.137 6.67 549.0
2456105.56179 20.131 0.182 5.72 495.0
2456105.57708 20.719 0.294 5.53 541.0
2456105.59773 19.608 0.102 5.11 535.0
2456105.61989 19.760 0.119 5.47 448.0
2456105.64660 19.970 0.130 4.98 419.0
2456105.66121 19.777 0.108 5.12 431.0
2456105.67491 19.590 0.118 6.17 442.0
2456105.68875 20.129 0.159 5.12 429.0
2456105.70151 20.272 0.169 4.89 425.0
2456105.71391 19.788 0.113 5.04 404.0
2456105.72840 20.101 0.149 5.27 389.0
2456105.74112 20.264 0.210 6.23 397.0
2456105.75375 20.348 0.238 6.27 426.0
2456105.76807 20.532 0.337 7.54 428.0
2456106.54593 19.856 0.183 6.52 688.0
2456106.61973 19.953 0.166 6.03 476.0
2456106.63238 19.853 0.157 6.28 474.0
2456106.64498 20.421 0.249 5.91 508.0
2456106.68813 19.797 0.155 6.16 582.0
2456106.77651 20.239 0.210 6.16 516.0
2456108.50204 20.223 0.237 5.65 915.0
2456108.51447 19.901 0.213 6.52 901.0
2456108.52693 20.382 0.259 5.55 798.0
2456108.53941 20.027 0.179 4.91 815.0
2456108.55320 20.155 0.188 5.05 766.0
2456108.56580 19.864 0.135 4.92 690.0
2456108.57844 19.623 0.111 4.80 783.0
2456108.60300 19.630 0.098 4.64 562.0
2456108.61844 19.914 0.128 4.32 725.0
2456108.63196 19.920 0.112 3.95 660.0
2456108.64462 19.923 0.120 3.93 781.0
2456108.66945 20.359 0.170 4.36 533.0
2456108.68523 19.741 0.093 3.92 548.0
2456108.69960 19.704 0.091 4.05 552.0
2456108.71207 19.978 0.111 3.98 568.0
2456108.72477 20.466 0.180 3.68 773.0
2456108.73745 20.051 0.117 3.92 605.0
2456108.75163 20.150 0.153 4.09 859.0
2456108.76426 19.663 0.097 4.05 853.0
2456108.77800 19.889 0.138 4.65 936.0
2456108.79049 20.120 0.156 4.86 627.0
2456108.80743 19.736 0.115 4.76 673.0
2456108.81999 19.881 0.128 4.52 696.0
2456108.83241 19.989 0.138 4.67 597.0
2456108.84500 20.572 0.269 5.71 527.0
2456108.86189 20.004 0.160 5.86 519.0
2456108.87208 20.976 0.398 6.17 540.0
2456109.55100 20.075 0.414 6.67 2125.0
2456109.60810 22.437 3.408 5.68 3002.0
2456109.62593 19.835 0.206 5.23 1518.0
2456109.66075 19.786 0.198 5.14 1573.0
2456109.67746 19.482 0.099 3.98 1082.0
2456109.68983 19.985 0.156 4.33 898.0
2456109.70073 20.026 0.137 3.71 929.0
2456109.71385 20.050 0.174 4.34 978.0
2456109.72646 19.931 0.154 4.50 837.0
2456109.73805 20.071 0.167 4.19 919.0
2456109.75171 20.453 0.374 4.66 2105.0
2456109.76414 20.760 0.465 5.20 1445.0
2456109.78162 20.403 0.280 4.74 1311.0
2456109.79456 20.277 0.270 5.08 1365.0
2456109.80736 20.437 0.320 5.09 1276.0
2456109.81850 20.864 0.483 5.34 1114.0
2456109.83412 19.627 0.141 5.66 827.0
2456109.84716 20.087 0.224 6.33 828.0
2456109.85864 20.339 0.271 5.86 915.0
2456109.87253 20.170 0.277 7.20 939.0
2456113.53244 19.375 0.139 6.88 858.0
2456113.54502 20.701 0.423 6.36 822.0
2456113.56206 19.998 0.205 5.94 861.0
2456113.57473 19.964 0.173 5.23 809.0
2456113.58737 19.988 0.192 5.64 832.0
2456113.59999 20.658 0.313 5.09 797.0
2456113.61237 20.143 0.191 5.14 793.0
2456113.62521 19.853 0.137 4.65 824.0
2456113.63820 19.650 0.110 4.57 804.0
2456113.65354 19.864 0.144 4.99 799.0
2456113.66722 19.574 0.125 4.87 846.0
2456113.68063 20.090 0.194 5.24 805.0
2456113.69430 20.386 0.250 5.11 803.0
2456113.70707 19.798 0.130 4.42 811.0
2456113.71966 20.258 0.213 4.97 817.0
2456113.73322 19.871 0.154 4.96 881.0
2456113.74566 19.859 0.140 4.65 859.0
2456113.75809 19.526 0.106 4.76 840.0
2456113.77098 19.686 0.112 4.37 840.0
2456113.78341 19.625 0.112 4.56 848.0
2456113.79585 20.098 0.186 5.01 876.0
2456113.80882 20.047 0.176 5.07 928.0
2456113.82241 20.043 0.188 4.98 974.0
2456113.83653 19.461 0.114 5.26 1004.0
2456113.84745 19.602 0.144 5.75 1079.0
2456113.86455 19.846 0.253 6.28 1722.0
2456114.55750 19.954 0.209 6.62 684.0
2456114.57054 19.879 0.202 6.69 707.0
2456114.58303 21.105 0.605 6.57 693.0
2456114.59551 19.506 0.129 6.15 652.0
2456114.60817 19.699 0.128 5.21 623.0
2456114.61905 20.132 0.204 5.61 635.0
2456114.63251 19.942 0.139 4.53 622.0
2456114.64681 19.761 0.126 5.02 659.0
2456114.66845 19.898 0.150 5.26 620.0
2456114.68189 20.049 0.186 5.65 631.0
2456114.70424 19.760 0.112 4.55 606.0
2456114.71685 20.038 0.139 4.30 606.0
2456114.72937 19.633 0.103 4.62 616.0
2456114.74210 19.670 0.111 4.68 635.0
2456114.75446 19.800 0.138 5.32 644.0
2456114.76710 19.826 0.120 4.37 657.0
2456114.78046 20.311 0.207 4.97 695.0
2456114.79350 20.121 0.179 4.97 708.0
2456114.80601 19.840 0.146 5.17 716.0
2456114.81863 21.928 1.061 5.29 760.0
2456114.83502 19.826 0.169 5.58 819.0
2456114.84746 19.971 0.242 6.67 903.0
2456114.85857 20.776 0.565 7.21 950.0
2456115.48025 20.452 0.290 6.47 607.0
2456115.49351 20.414 0.244 6.02 532.0
2456115.50700 20.092 0.181 5.95 511.0
2456115.51948 19.816 0.120 5.06 522.0
2456115.53190 20.011 0.164 5.71 542.0
2456115.54443 20.309 0.180 4.66 538.0
2456115.55678 19.978 0.136 4.95 528.0
2456115.56955 20.086 0.164 5.23 556.0
2456115.59445 19.794 0.103 4.38 582.0
2456115.60700 19.941 0.110 4.12 562.0
2456115.62928 20.129 0.179 5.49 557.0
2456115.64252 19.824 0.116 5.10 527.0
2456115.66354 19.771 0.122 5.49 510.0
2456115.68208 19.896 0.146 5.84 493.0
2456115.69472 21.158 0.448 5.63 503.0
2456115.70743 20.717 0.354 6.45 492.0
2456115.74723 20.183 0.190 5.94 474.0
2456115.76007 20.459 0.250 6.13 484.0
2456115.77261 19.708 0.180 8.16 500.0
2456115.79926 19.774 0.180 7.37 519.0
2456115.81218 19.674 0.182 8.23 544.0
2456116.47838 20.193 0.189 5.48 579.0
2456116.49105 19.682 0.096 4.71 520.0
2456116.51342 19.966 0.124 4.71 472.0
2456116.51995 20.102 0.124 4.45 449.0
2456116.53248 19.868 0.103 4.43 443.0
2456116.54752 20.066 0.124 4.62 432.0
2456116.56003 19.884 0.104 4.61 421.0
2456116.57339 19.800 0.094 4.39 422.0
2456116.58637 20.165 0.131 4.46 416.0
2456116.60818 19.868 0.091 4.05 419.0
2456116.62064 19.804 0.090 4.15 433.0
2456116.64292 20.086 0.119 4.35 420.0
2456116.65637 19.951 0.102 4.12 421.0
2456116.66974 19.970 0.122 4.79 424.0
2456116.68234 20.207 0.147 4.71 437.0
2456116.69481 19.633 0.092 4.87 446.0
2456116.71131 19.981 0.129 5.04 455.0
2456116.72792 19.829 0.117 5.26 457.0
2456116.74207 20.138 0.161 5.11 470.0
2456116.75440 20.006 0.141 5.26 477.0
2456116.76696 20.174 0.178 5.32 503.0
2456116.78081 20.214 0.167 4.95 486.0
2456116.79394 19.962 0.142 5.39 484.0
2456116.81000 19.799 0.128 5.25 518.0
2456116.82433 19.877 0.131 5.18 536.0
2456116.83532 19.924 0.154 5.66 564.0
2456117.48753 19.541 0.168 7.35 706.0
2456117.50031 19.613 0.126 5.32 660.0
2456117.51270 19.831 0.114 4.26 594.0
2456117.52521 20.209 0.159 4.48 555.0
2456117.53774 20.118 0.167 5.28 503.0
2456117.55027 19.703 0.138 6.24 509.0
2456117.56266 20.088 0.148 4.85 470.0
2456117.57507 19.978 0.111 4.29 435.0
2456117.58874 20.088 0.122 4.15 450.0
2456117.61256 19.761 0.083 3.97 419.0
2456117.62693 20.024 0.120 4.56 408.0
2456117.65081 20.228 0.157 4.56 453.0
2456117.66422 19.977 0.116 4.26 481.0
2456117.67771 19.621 0.097 4.85 498.0
2456117.69057 20.289 0.172 4.76 484.0
2456117.70311 19.833 0.119 4.82 496.0
2456117.71662 20.022 0.135 4.59 499.0
2456117.72905 19.800 0.122 5.13 518.0
2456117.74271 19.772 0.125 5.18 528.0
2456117.75577 19.767 0.121 4.99 542.0
2456117.76825 19.834 0.122 4.77 527.0
2456117.78083 20.152 0.176 5.07 555.0
2456117.79327 19.801 0.123 4.80 568.0
2456117.80581 19.993 0.152 4.98 563.0
2456117.81845 19.441 0.100 5.42 588.0
2456117.83583 19.654 0.144 6.09 644.0
2456117.84682 19.975 0.193 6.19 663.0
2456118.48139 20.110 0.216 6.61 561.0
2456118.49033 19.871 0.161 5.93 569.0
2456118.50296 19.747 0.128 5.59 525.0
2456118.51552 19.821 0.113 4.53 516.0
2456118.52860 19.913 0.115 4.44 481.0
2456118.54194 19.936 0.112 4.47 448.0
2456118.55446 20.010 0.119 4.41 454.0
2456118.56887 19.943 0.114 4.52 438.0
2456118.58163 20.042 0.114 4.19 430.0
2456118.59511 20.146 0.116 3.92 425.0
2456118.61921 20.029 0.111 4.13 428.0
2456118.63626 20.049 0.118 4.50 409.0
2456118.66133 19.756 0.101 4.39 418.0
2456118.67482 20.431 0.186 4.76 422.0
2456118.69151 20.261 0.135 4.02 413.0
2456118.70411 19.829 0.098 4.34 408.0
2456118.71680 19.848 0.097 4.19 406.0
2456118.73056 20.270 0.130 3.89 402.0
2456118.74311 20.009 0.106 4.00 419.0
2456118.75557 20.260 0.154 4.58 432.0
2456118.76788 19.854 0.121 5.09 448.0
2456118.78049 19.920 0.122 4.83 453.0
2456118.79279 19.885 0.121 4.90 486.0
2456118.80537 20.422 0.232 5.57 495.0
2456118.81793 19.961 0.141 5.13 575.0
2456118.83044 19.775 0.127 5.42 536.0
2456118.84600 20.036 0.161 5.47 548.0
2456119.49110 21.357 0.762 7.41 506.0
2456119.50373 21.700 1.079 7.95 469.0
2456119.51780 20.285 0.243 6.58 443.0
2456119.53248 20.631 0.346 6.82 433.0
2456119.54501 20.018 0.146 5.31 400.0
2456119.55800 20.424 0.253 6.43 389.0
2456119.57126 20.283 0.178 5.44 373.0
2456119.59294 19.923 0.135 5.83 382.0
2456119.60531 19.833 0.131 5.90 376.0
2456119.62740 19.593 0.086 4.92 369.0
2456119.64396 19.796 0.108 5.23 372.0
2456119.65732 19.467 0.081 5.24 380.0
2456119.67065 19.933 0.122 5.04 387.0
2456119.68333 20.221 0.161 5.19 395.0
2456119.69610 19.696 0.092 4.69 389.0
2456119.70865 20.089 0.137 4.78 396.0
2456119.72345 19.968 0.138 5.36 416.0
2456119.73583 20.136 0.143 4.81 420.0
2456119.74847 20.557 0.379 7.71 456.0
2456119.76301 20.335 0.223 5.96 445.0
2456119.77542 20.775 0.424 6.99 470.0
2456119.78811 20.011 0.168 5.80 477.0
2456119.80129 20.206 0.211 6.14 530.0
2456119.81741 19.920 0.143 5.24 602.0
2456120.50371 20.200 0.246 6.51 531.0
2456120.51616 19.829 0.167 6.35 514.0
2456120.54126 20.127 0.205 6.31 437.0
2456120.55565 19.960 0.165 5.84 415.0
2456120.56870 20.321 0.293 7.39 420.0
2456120.59819 19.893 0.108 4.70 366.0
2456120.62162 19.913 0.128 5.23 366.0
2456120.64766 19.776 0.109 5.02 348.0
2456120.65901 20.076 0.121 4.47 342.0
2456120.67196 19.951 0.121 4.92 355.0
2456120.68571 19.878 0.136 5.90 359.0
2456120.69845 20.227 0.236 7.09 371.0
2456120.71104 19.669 0.119 6.23 366.0
2456120.72530 19.967 0.142 5.59 382.0
2456120.73991 21.538 0.626 5.75 388.0
2456120.75347 20.050 0.146 5.32 395.0
2456120.76608 20.592 0.306 6.56 417.0
2456120.77867 20.681 0.392 7.32 429.0
2456120.79818 20.037 0.179 6.43 429.0
2456120.82042 19.946 0.161 6.16 451.0
2456120.83289 19.962 0.189 6.78 509.0
2456120.83798 19.576 0.143 7.23 531.0
2456121.47367 19.952 0.135 5.13 502.0
2456121.48617 19.821 0.111 4.96 463.0
2456121.49855 19.730 0.090 4.47 432.0
2456121.51103 19.900 0.102 4.51 422.0
2456121.52363 20.285 0.226 6.33 452.0
2456121.53627 19.802 0.098 4.66 402.0
2456121.54880 20.145 0.119 4.26 380.0
2456121.56137 19.866 0.093 4.44 365.0
2456121.57386 20.001 0.091 3.88 346.0
2456121.60103 20.025 0.095 3.99 340.0
2456121.61854 19.691 0.072 4.27 343.0
2456121.64114 20.004 0.095 3.92 349.0
2456121.65382 19.983 0.117 4.96 363.0
2456121.66664 19.966 0.097 4.37 362.0
2456121.67919 19.993 0.097 4.13 346.0
2456121.69241 19.730 0.081 4.31 352.0
2456121.70536 19.922 0.107 4.72 357.0
2456121.71791 19.995 0.109 4.64 361.0
2456121.73079 20.311 0.139 4.47 356.0
2456121.74345 20.383 0.162 4.91 357.0
2456121.75607 19.908 0.102 4.87 365.0
2456121.77046 19.791 0.095 4.88 363.0
2456121.78297 19.419 0.065 4.60 381.0
2456123.50967 20.203 0.228 6.39 531.0
2456123.52214 20.132 0.208 6.27 517.0
2456123.53564 19.759 0.141 5.99 501.0
2456123.54810 20.027 0.170 5.86 471.0
2456123.56058 19.981 0.151 5.47 457.0
2456123.57300 19.945 0.134 5.09 442.0
2456123.59522 19.977 0.137 5.19 410.0
2456123.60786 19.669 0.098 5.01 417.0
2456123.63147 20.122 0.151 5.39 403.0
2456123.64587 19.792 0.108 5.19 402.0
2456123.65876 19.853 0.110 5.03 395.0
2456123.67302 19.921 0.109 4.77 373.0
2456123.68568 20.114 0.147 5.19 372.0
2456123.69841 20.476 0.223 5.56 381.0
2456123.71090 20.324 0.209 5.94 392.0
2456123.72341 19.909 0.131 5.54 375.0
2456123.73663 19.928 0.192 7.43 387.0
2456123.74918 20.000 0.151 6.05 377.0
2456123.76466 20.487 0.242 6.03 385.0
2456123.77716 20.151 0.163 5.52 393.0
2456123.79122 20.194 0.169 5.22 424.0
2456123.80362 20.332 0.200 5.42 439.0
2456123.81961 19.924 0.144 5.69 471.0
2456123.83064 20.598 0.251 5.42 483.0
2456124.48263 20.058 0.218 6.85 561.0
2456124.49664 20.102 0.196 6.01 520.0
2456124.50983 20.484 0.298 6.47 495.0
2456124.52301 19.717 0.139 6.19 469.0
2456124.53634 20.052 0.142 4.78 435.0
2456124.55609 19.841 0.119 5.02 430.0
2456124.58229 20.098 0.147 4.93 403.0
2456124.59735 19.762 0.104 5.03 386.0
2456124.63910 19.411 0.083 5.31 382.0
2456124.65337 19.851 0.110 4.90 378.0
2456124.66732 19.848 0.113 5.11 394.0
2456124.68081 19.643 0.102 5.26 405.0
2456124.69411 19.686 0.101 5.24 399.0
2456124.70707 19.791 0.105 5.19 417.0
2456124.72011 19.799 0.105 5.11 426.0
2456124.73355 19.905 0.120 5.03 438.0
2456124.74767 20.221 0.181 5.69 460.0
2456124.76219 19.971 0.149 5.74 473.0
2456124.77487 20.126 0.171 5.59 486.0
2456124.78796 20.238 0.229 6.38 496.0
2456124.80118 20.207 0.180 5.55 500.0
2456124.81533 19.903 0.163 6.33 501.0
2456124.82782 20.221 0.219 6.00 523.0
2456125.50952 19.718 0.128 5.78 503.0
2456125.52244 19.957 0.139 5.18 478.0
2456125.53704 19.903 0.130 5.24 455.0
2456125.55181 20.261 0.170 5.18 425.0
2456125.56920 19.991 0.126 4.96 408.0
2456125.58699 19.837 0.108 5.03 398.0
2456125.61344 19.520 0.121 6.83 404.0
2456125.63847 19.536 0.113 6.56 418.0
2456125.65425 19.884 0.143 5.97 414.0
2456125.66865 20.041 0.150 5.49 410.0
2456125.68299 19.899 0.130 5.56 414.0
2456125.69689 19.716 0.111 5.53 426.0
2456125.71118 19.545 0.106 6.00 409.0
2456125.72465 20.208 0.185 5.83 416.0
2456125.74093 19.747 0.112 5.29 416.0
2456125.75646 19.881 0.134 5.62 426.0
2456125.77024 20.056 0.154 5.52 428.0
2456125.78279 19.784 0.136 6.14 442.0
2456125.79714 20.126 0.185 5.94 438.0
2456125.81165 19.998 0.174 6.35 472.0
2456125.82502 19.660 0.149 7.01 501.0
2456126.48940 19.960 0.161 5.46 483.0
2456126.50679 19.915 0.142 5.16 466.0
2456126.52255 19.924 0.155 5.43 461.0
2456126.54079 19.744 0.119 5.33 432.0
2456126.55550 19.981 0.145 5.41 413.0
2456126.57196 20.141 0.222 6.96 405.0
2456126.58615 20.326 0.226 6.04 392.0
2456126.60176 19.775 0.136 6.35 392.0
2456126.61777 19.743 0.112 5.21 392.0
2456126.64527 20.250 0.178 5.33 395.0
2456126.67396 19.846 0.123 5.26 413.0
2456126.68767 20.025 0.160 5.65 432.0
2456126.70395 19.820 0.124 5.55 417.0
2456126.71788 20.320 0.200 5.59 411.0
2456126.73254 19.958 0.149 5.92 413.0
2456126.74829 20.208 0.169 5.68 408.0
2456126.76414 19.596 0.108 6.07 428.0
2456126.80034 19.645 0.162 8.28 498.0
2456127.47462 20.241 0.244 6.19 636.0
2456127.48972 20.425 0.266 6.15 534.0
2456127.50275 19.754 0.129 5.86 486.0
2456127.51752 20.545 0.259 5.66 468.0
2456127.53165 20.210 0.241 6.71 480.0
2456127.54481 20.438 0.344 7.45 469.0
2456127.56138 19.782 0.130 5.73 439.0
2456127.61624 19.831 0.188 7.65 409.0
2456127.63254 20.349 0.236 6.35 401.0
2456127.65443 20.117 0.179 5.93 408.0
2456127.71847 19.714 0.155 7.23 399.0
2456127.73555 19.884 0.168 6.81 385.0
2456127.75054 20.379 0.241 6.51 382.0
2456127.78669 20.189 0.185 6.73 370.0
2456128.50993 19.622 0.080 4.28 451.0
2456128.52635 19.822 0.096 4.17 443.0
2456128.53930 19.875 0.103 4.46 439.0
2456128.55265 19.759 0.094 4.49 436.0
2456128.56546 20.030 0.108 4.15 409.0
2456128.57867 19.942 0.129 5.25 403.0
2456128.59647 20.016 0.134 4.93 402.0
2456128.61254 19.936 0.113 4.57 407.0
2456128.62760 20.348 0.138 3.96 406.0
2456128.64238 19.593 0.080 4.42 441.0
2456128.65768 19.831 0.100 4.71 414.0
2456128.67813 19.870 0.124 5.47 438.0
2456128.69829 20.318 0.201 5.65 440.0
2456128.71397 20.125 0.164 5.64 440.0
2456129.56465 19.792 0.114 5.46 410.0
2456130.54746 20.045 0.169 5.61 462.0
2456130.57812 20.810 0.397 6.75 431.0
2456130.67455 20.104 0.336 7.29 935.0
2456130.71329 19.964 0.160 5.70 463.0
2456130.72847 20.177 0.194 5.63 468.0
2456130.73824 19.866 0.159 6.16 454.0
2456131.49828 19.929 0.166 6.13 419.0
2456131.51274 20.287 0.227 6.36 416.0
2456131.52786 19.816 0.134 5.90 399.0
2456131.54537 19.595 0.107 5.72 395.0
2456131.56047 20.064 0.157 5.49 395.0
2456131.58086 20.081 0.126 4.95 365.0
2456131.61047 19.533 0.067 4.41 356.0
2456131.62645 19.545 0.072 4.32 372.0
2456131.64262 19.715 0.097 5.07 375.0
2456131.67188 20.041 0.115 4.64 373.0
2456131.68896 19.763 0.095 4.64 383.0
2456131.70847 19.680 0.100 5.11 394.0
2456131.74141 19.524 0.105 5.88 430.0
2456131.76224 19.758 0.111 4.96 445.0
2456131.77562 19.599 0.099 5.19 471.0
2456132.49333 19.935 0.181 7.18 455.0
2456132.53482 20.661 0.327 6.24 437.0
2456132.54760 20.178 0.192 5.60 434.0
2456132.56302 20.725 0.427 7.25 444.0
2456132.61787 20.093 0.199 6.38 415.0
2456132.63342 20.363 0.227 6.03 402.0
2456132.64963 20.766 0.352 6.36 400.0
2456132.66791 20.124 0.240 7.41 414.0
2456132.68119 20.055 0.182 5.88 401.0
2456132.71261 20.005 0.154 5.13 413.0
2456132.73601 20.168 0.163 5.10 424.0
2456132.75564 20.019 0.163 5.41 463.0
2456132.77256 19.734 0.124 5.17 483.0
2456132.78689 19.951 0.158 6.25 501.0
2456133.53152 20.473 0.301 6.53 470.0
2456133.54668 20.032 0.197 6.60 445.0
2456133.56023 20.116 0.207 6.59 423.0
2456133.57725 20.061 0.157 5.37 405.0
2456133.59515 19.743 0.110 5.10 394.0
2456133.61075 19.805 0.126 5.31 400.0
2456133.63352 19.936 0.145 5.36 453.0
2456133.65726 19.936 0.129 4.96 418.0
2456133.67208 19.837 0.145 6.14 406.0
2456133.68523 19.981 0.156 5.77 417.0
2456133.70036 20.041 0.188 6.39 426.0
2456133.71747 19.914 0.150 5.82 432.0
2456133.73452 20.070 0.165 5.61 435.0
2456133.74905 19.621 0.135 6.75 466.0
2456133.76653 19.739 0.127 5.92 480.0
2456133.78127 19.772 0.191 7.82 525.0
2456134.50296 20.277 0.270 6.94 529.0
2456134.51832 20.239 0.234 6.41 523.0
2456134.53429 20.074 0.210 6.55 508.0
2456134.54774 19.946 0.184 6.28 527.0
2456134.56141 19.832 0.213 7.86 544.0
2456134.57463 20.434 0.306 6.77 514.0
2456134.58902 20.270 0.256 6.79 488.0
2456134.60490 19.874 0.167 6.49 481.0
2456134.62805 19.782 0.133 5.51 443.0
2456134.65729 19.772 0.164 6.92 445.0
2456134.67175 19.905 0.156 6.03 433.0
2456134.68562 20.002 0.200 6.96 441.0
2456134.70917 20.320 0.282 7.18 435.0
2456135.48723 19.914 0.199 6.79 596.0
2456135.50220 20.088 0.202 6.16 558.0
2456135.51642 20.370 0.263 6.07 545.0
2456135.53022 19.759 0.140 5.76 533.0
2456135.54391 20.026 0.203 6.59 547.0
2456135.56049 19.909 0.143 5.41 493.0
2456135.58951 20.463 0.237 5.65 493.0
2456135.60423 20.025 0.179 6.08 487.0
2456135.63660 19.914 0.197 7.08 493.0
2456135.65670 19.590 0.148 7.47 480.0
2456135.67117 19.651 0.128 6.21 469.0
2456135.68773 19.988 0.165 6.08 461.0
2456135.70573 19.650 0.108 5.45 467.0
2456135.72371 19.788 0.129 5.51 485.0
2456135.73933 20.140 0.173 5.29 492.0
2456135.75312 20.334 0.227 5.92 477.0
2456135.76568 19.936 0.158 5.99 462.0
2456135.77836 20.010 0.159 5.52 468.0
2456135.79397 19.808 0.161 6.61 522.0
2456135.80715 20.221 0.221 6.29 514.0
2456136.48408 19.586 0.159 6.92 627.0
2456136.49978 19.640 0.183 7.51 617.0
2456136.56621 19.328 0.139 7.95 570.0
2456136.59372 19.778 0.174 6.69 530.0
2456136.60802 19.943 0.200 6.47 558.0
2456136.61989 21.051 0.592 6.79 550.0
2456136.63472 20.287 0.281 6.91 547.0
2456136.66710 20.328 0.232 5.91 514.0
2456136.70226 20.045 0.162 5.10 511.0
2456136.72859 20.780 0.453 6.87 534.0
2456140.47774 19.454 0.150 6.62 1036.0
2456140.49035 19.560 0.182 7.05 1009.0
2456140.50448 19.735 0.185 5.90 1054.0
2456140.51723 19.884 0.196 5.76 1008.0
2456140.52979 19.564 0.138 5.43 998.0
2456140.55284 19.573 0.125 5.00 967.0
2456140.56536 19.800 0.171 5.61 957.0
2456140.57907 20.791 0.822 5.18 4787.0
2456140.60585 19.667 0.142 5.44 855.0
2456140.61835 19.652 0.143 5.58 837.0
2456140.63108 19.838 0.168 5.55 837.0
2456140.64369 19.938 0.185 5.50 874.0
2456140.65755 19.386 0.111 5.43 885.0
2456140.67028 19.868 0.188 5.82 928.0
2456140.68285 20.059 0.210 5.57 917.0
2456140.69694 19.635 0.198 6.38 1392.0
2456140.71342 19.537 0.176 7.09 977.0
2456140.72600 19.928 0.268 7.35 984.0
2456140.73876 20.223 0.367 7.57 1011.0
2456140.75319 19.373 0.162 7.33 1046.0
2456140.76578 20.472 0.575 7.67 1690.0
2456140.77746 20.139 0.392 8.15 1241.0
2456141.47799 19.834 0.220 7.23 896.0
2456141.49211 20.135 0.207 5.43 848.0
2456141.50481 19.890 0.170 5.65 835.0
2456141.51719 19.400 0.102 5.23 821.0
2456141.52977 19.602 0.130 5.50 802.0
2456141.54243 19.657 0.119 4.78 785.0
2456141.55524 19.709 0.130 5.04 773.0
2456141.57807 19.839 0.174 5.87 767.0
2456141.59307 20.551 0.375 6.63 725.0
2456141.60568 19.537 0.125 5.88 712.0
2456141.62761 19.593 0.116 5.15 709.0
2456141.64029 19.538 0.113 5.47 710.0
2456141.65283 19.503 0.115 5.50 721.0
2456141.66526 19.613 0.115 5.06 728.0
2456141.67797 19.623 0.109 4.79 744.0
2456141.69193 19.799 0.133 4.89 776.0
2456141.70619 19.594 0.117 5.03 799.0
2456141.71899 19.555 0.110 4.89 816.0
2456141.73193 20.053 0.238 6.35 862.0
2456141.74474 19.695 0.143 5.32 889.0
2456141.75920 19.484 0.109 4.88 926.0
2456141.77023 19.699 0.145 5.20 990.0
2456141.78122 19.698 0.159 5.58 1053.0
2456142.48452 19.386 0.142 7.62 688.0
2456142.51508 19.647 0.179 7.24 688.0
2456142.53185 19.668 0.151 6.38 672.0
2456142.54452 19.442 0.140 6.93 682.0
2456142.56029 19.480 0.136 6.57 660.0
2456142.57435 20.054 0.286 7.87 682.0
2456142.63875 19.834 0.226 7.76 660.0
2456142.68100 19.628 0.193 7.83 683.0
2456143.47885 20.315 0.295 7.71 505.0
2456143.58681 19.850 0.218 8.06 538.0
2456143.70687 19.878 0.220 7.63 561.0
2456145.69535 19.773 0.178 6.98 508.0
2456147.49823 19.266 0.107 7.42 434.0
2456147.52352 20.316 0.215 5.98 401.0
2456147.53763 19.571 0.098 5.58 386.0
2456147.56214 19.683 0.120 5.94 384.0
2456147.57563 19.573 0.112 6.31 389.0
2456147.58885 19.780 0.140 6.45 390.0
2456147.60434 19.654 0.138 7.23 385.0
2456147.61688 20.996 0.471 7.34 387.0
2456147.63153 20.182 0.237 7.53 390.0
2456147.64562 19.669 0.131 6.87 384.0
2456147.67422 19.818 0.176 7.77 406.0
2456147.68698 19.706 0.141 7.08 411.0
2456147.69947 19.960 0.192 7.43 421.0
2456147.71223 20.239 0.264 7.93 431.0
2456148.47935 19.397 0.064 4.26 427.0
2456148.49366 19.634 0.082 4.40 395.0
2456148.50632 19.587 0.077 4.29 390.0
2456148.51910 19.699 0.077 4.05 382.0
2456148.53186 19.676 0.083 4.43 378.0
2456148.55433 19.459 0.064 4.19 372.0
2456148.56926 19.649 0.082 4.50 378.0
2456148.59185 19.544 0.074 4.54 370.0
2456148.60876 19.785 0.099 4.93 371.0
2456148.62304 19.666 0.091 4.93 379.0
2456148.63567 19.415 0.077 5.05 384.0
2456148.64823 19.697 0.095 4.69 392.0
2456148.66203 19.569 0.076 4.58 386.0
2456148.67757 19.405 0.075 4.96 402.0
2456148.69319 20.497 0.222 5.36 426.0
2456148.70778 19.465 0.087 5.14 442.0
2456149.55687 19.485 0.094 5.53 412.0
2456149.57275 19.554 0.091 5.01 407.0
2456149.58943 19.781 0.127 5.83 412.0
2456149.60218 19.523 0.099 5.65 425.0
2456149.61491 19.697 0.105 5.12 424.0
2456149.62993 19.629 0.114 5.97 425.0
2456150.47993 20.113 0.222 6.87 484.0
2456150.49643 19.413 0.131 7.46 468.0
2456150.52024 19.740 0.168 7.44 455.0
2456150.53291 19.942 0.173 6.54 435.0
2456150.54571 19.807 0.145 6.23 416.0
2456150.55945 19.833 0.141 5.86 434.0
2456150.58515 19.443 0.100 5.92 427.0
2456150.59797 19.505 0.117 6.49 426.0
2456150.61078 19.777 0.137 6.19 429.0
2456150.63543 19.807 0.125 5.51 406.0
2456150.64844 19.742 0.105 4.98 394.0
2456150.66248 19.947 0.148 5.82 401.0
2456150.67534 19.609 0.137 6.98 421.0
2456151.47939 19.604 0.135 6.45 522.0
2456151.52074 19.514 0.135 7.20 481.0
2456151.53373 19.660 0.145 6.91 473.0
2456151.54748 19.598 0.140 7.19 453.0
2456151.56184 19.876 0.174 6.81 451.0
2456151.57481 19.993 0.176 6.20 439.0
2456151.58919 20.068 0.188 6.39 432.0
2456151.60217 19.911 0.161 6.21 443.0
2456151.61528 19.887 0.152 6.10 442.0
2456151.62807 19.792 0.145 6.30 426.0
2456151.64066 20.288 0.242 6.69 426.0
2456151.65473 19.693 0.136 6.61 410.0
2456151.66900 19.982 0.152 5.72 402.0
2456151.68343 19.897 0.199 7.67 450.0
2456151.69613 19.809 0.145 6.10 462.0
2456151.70903 19.789 0.151 6.20 483.0
2456151.72161 19.510 0.105 5.87 468.0
2456151.73425 19.468 0.100 5.85 468.0
2456151.74696 20.512 0.299 6.33 504.0
2456152.47866 19.840 0.133 5.64 450.0
2456152.49267 20.027 0.178 6.33 423.0
2456152.50546 19.778 0.128 5.93 403.0
2456152.51827 19.598 0.137 7.15 408.0
2456152.53136 19.848 0.180 7.35 412.0
2456152.54379 19.977 0.154 6.08 383.0
2456152.55841 20.042 0.188 6.62 401.0
2456152.58459 19.589 0.107 6.02 384.0
2456152.59790 19.876 0.125 5.60 370.0
2456152.62314 19.860 0.122 5.42 382.0
2456152.63568 20.005 0.147 5.64 388.0
2456152.64839 19.526 0.092 5.48 380.0
2456152.66256 19.812 0.115 5.25 379.0
2456152.67567 19.663 0.108 5.73 382.0
2456153.68655 19.817 0.165 6.86 455.0
2456153.70167 19.330 0.096 6.33 460.0
2456154.47969 20.154 0.193 5.75 505.0
2456154.49398 19.781 0.129 5.61 472.0
2456154.50686 19.764 0.119 5.24 468.0
2456154.51974 19.749 0.119 5.05 479.0
2456154.53399 19.800 0.128 5.51 445.0
2456154.54784 19.736 0.134 6.04 463.0
2456154.57294 19.893 0.160 6.03 470.0
2456154.60329 19.809 0.127 5.25 464.0
2456154.62735 19.738 0.126 5.56 435.0
2456154.64677 19.994 0.160 5.87 427.0
2456154.68672 19.394 0.093 5.90 412.0
2456154.69941 19.984 0.150 5.54 425.0
2456154.71537 20.166 0.212 6.43 442.0
2456157.64154 19.720 0.135 6.23 436.0
2456157.65545 20.108 0.199 6.42 448.0
2456157.67031 19.957 0.157 5.96 428.0
2456157.68493 20.015 0.179 6.28 425.0
2456157.69784 19.791 0.174 7.13 469.0
2456157.71076 20.061 0.233 7.51 496.0
2456157.72656 19.634 0.183 8.19 544.0
2456158.48483 19.814 0.116 4.99 474.0
2456158.49906 19.567 0.087 4.70 465.0
2456158.51205 19.465 0.071 4.29 465.0
2456158.53526 19.604 0.080 4.35 457.0
2456158.54912 19.849 0.124 5.42 467.0
2456158.57158 19.890 0.135 5.69 457.0
2456158.58572 19.870 0.119 4.93 465.0
2456158.60077 19.804 0.109 4.90 464.0
2456158.61365 19.614 0.100 5.29 481.0
2456158.62756 19.732 0.108 5.35 474.0
2456158.64136 19.779 0.120 5.24 485.0
2456158.65403 19.384 0.081 5.14 505.0
2456158.66700 19.917 0.137 5.42 510.0
2456158.68113 19.883 0.128 5.34 502.0
2456158.69391 19.871 0.126 5.02 519.0
2456158.70647 19.660 0.113 5.29 545.0
2456158.71942 19.386 0.084 5.16 543.0
2456158.73062 19.734 0.137 5.85 562.0
2456159.49229 19.874 0.159 5.65 540.0
2456159.50534 19.979 0.191 6.18 549.0
2456159.52038 19.928 0.172 6.18 501.0
2456159.54699 19.790 0.125 5.57 455.0
2456159.56033 19.690 0.124 5.64 467.0
2456159.57468 20.103 0.155 4.91 457.0
2456159.58773 19.837 0.133 5.48 464.0
2456159.61261 19.783 0.117 5.13 439.0
2456159.62537 19.872 0.138 5.41 431.0
2456159.63799 19.951 0.237 8.17 457.0
2456159.65928 20.314 0.299 7.64 472.0
2456159.67398 19.987 0.258 8.33 505.0
2456159.69758 20.365 0.247 5.95 487.0
2456159.71009 19.671 0.141 6.26 494.0
2456160.48688 19.383 0.091 5.73 446.0
2456160.50155 19.453 0.093 5.51 442.0
2456160.51607 19.847 0.117 4.87 424.0
2456160.54265 19.843 0.132 5.40 429.0
2456160.55658 19.780 0.117 5.33 421.0
2456160.57456 20.064 0.125 4.23 400.0
2456160.58787 19.592 0.090 4.85 404.0
2456160.60226 20.005 0.144 5.03 413.0
2456160.61639 19.640 0.100 4.95 410.0
2456160.62941 19.605 0.092 4.70 426.0
2456160.64377 20.078 0.151 5.27 428.0
2456160.65673 19.670 0.112 5.52 429.0
2456160.66952 19.368 0.080 5.28 430.0
2456160.68227 20.179 0.270 7.53 466.0
2456160.69505 19.757 0.105 4.44 455.0
2456160.71139 19.778 0.118 5.06 480.0
2456160.72239 19.505 0.099 5.27 490.0
2456160.73224 19.320 0.075 5.45 470.0
2456161.48598 19.839 0.179 7.23 456.0
2456161.49888 19.894 0.155 6.11 426.0
2456161.51192 20.282 0.273 7.31 427.0
2456161.52566 20.112 0.190 6.19 405.0
2456161.53965 19.794 0.155 6.58 415.0
2456161.55231 20.029 0.214 7.15 421.0
2456161.56608 19.725 0.129 5.63 419.0
2456161.58841 20.169 0.270 7.77 443.0
2456161.60403 20.177 0.202 5.75 433.0
2456161.62594 19.636 0.100 4.74 404.0
2456161.64678 19.626 0.111 5.51 398.0
2456161.66105 20.150 0.194 5.71 414.0
2456161.67654 20.000 0.165 5.90 418.0
2456161.68932 19.946 0.160 6.24 416.0
2456161.70619 20.228 0.234 7.05 425.0
2456164.48783 19.626 0.148 5.47 1053.0
2456164.50230 19.541 0.107 5.62 548.0
2456164.52444 19.536 0.105 5.47 532.0
2456164.55081 19.523 0.089 4.86 590.0
2456164.56602 19.623 0.154 5.35 1316.0
2456164.57722 19.640 0.102 4.76 600.0
2456164.58956 19.946 0.170 5.75 640.0
2456164.60066 19.782 0.181 5.97 1002.0
2456164.63150 20.229 0.270 6.26 858.0
2456164.64663 19.590 0.151 6.56 722.0
2456164.67570 19.456 0.156 7.11 830.0
2456164.68698 19.235 0.131 7.10 876.0
2456164.70007 19.513 0.154 7.23 659.0
2456164.71111 19.429 0.202 8.14 1027.0
2456166.69117 19.463 0.130 5.35 1368.0
2456166.71042 19.776 0.205 6.13 1571.0
2456167.49661 19.722 0.223 4.39 3175.0
2456167.51152 19.023 0.114 4.29 3079.0
2456167.52268 19.340 0.087 4.06 984.0
2456167.53521 19.750 0.177 4.99 1306.0
2456167.54966 19.678 0.163 4.44 1729.0
2456167.57227 20.092 0.215 3.92 1614.0
2456167.58536 19.459 0.124 3.84 1899.0
2456167.60336 19.609 0.160 3.82 2297.0
2456167.61601 20.073 0.221 3.76 1824.0
2456167.63782 19.282 0.128 4.25 2395.0
2456167.65314 19.366 0.135 4.21 2366.0
2456167.66449 19.734 0.176 4.62 1786.0
2456167.68026 19.801 0.250 5.13 2556.0
2456167.70646 19.247 0.088 5.19 853.0
2456168.49250 17.794 0.021 4.22 891.0
2456168.51230 17.487 0.013 3.39 826.0
2456168.53720 17.337 0.012 3.59 712.0
2456168.56215 17.334 0.013 3.91 751.0
2456168.57541 17.495 0.014 3.81 683.0
2456168.60036 17.751 0.018 4.16 674.0
2456168.61485 17.887 0.021 3.63 1014.0
2456168.64580 17.954 0.027 4.79 921.0
2456168.65828 17.939 0.023 4.62 694.0
2456168.67097 18.084 0.023 4.00 711.0
2456168.68547 18.105 0.028 4.49 864.0
2456168.69571 18.145 0.029 4.82 783.0
2456168.70259 18.122 0.028 4.73 812.0
2456169.48960 18.552 0.062 6.67 733.0
2456169.50457 18.801 0.059 5.23 693.0
2456169.52789 18.666 0.054 5.49 657.0
2456169.54056 18.809 0.063 5.68 647.0
2456169.56415 18.629 0.042 4.53 641.0
2456169.57828 18.769 0.046 4.14 650.0
2456169.59116 18.693 0.045 4.47 666.0
2456169.60546 18.667 0.044 4.15 687.0
2456169.61874 18.627 0.046 4.76 710.0
2456169.63133 18.659 0.047 4.58 743.0
2456169.64561 18.881 0.063 5.10 761.0
2456169.65860 18.803 0.056 4.88 779.0
2456169.67273 18.805 0.065 5.48 813.0
2456169.68413 18.757 0.070 6.72 863.0
2456169.69636 18.685 0.073 7.20 934.0
2456171.49154 18.858 0.044 3.60 917.0
2456171.50679 18.914 0.043 3.77 624.0
2456171.53184 19.187 0.057 3.95 641.0
2456171.54624 19.039 0.059 4.53 668.0
2456171.55884 18.871 0.052 4.53 667.0
2456171.58115 18.997 0.060 4.55 679.0
2456171.59565 18.897 0.057 4.90 681.0
2456171.61000 18.872 0.051 4.42 677.0
2456171.62280 18.951 0.063 5.26 667.0
2456171.63556 19.103 0.102 5.75 1206.0
2456171.65254 18.988 0.062 4.72 715.0
2456171.66989 19.302 0.092 5.36 709.0
2456171.68537 18.984 0.070 5.61 725.0
2456171.69536 18.937 0.065 5.62 744.0
2456172.49104 19.045 0.038 3.54 452.0
2456172.50443 18.985 0.040 3.51 498.0
2456172.51788 18.959 0.045 3.98 514.0
2456172.54237 18.987 0.051 4.51 536.0
2456172.55499 19.135 0.055 4.16 540.0
2456172.56770 18.900 0.047 4.12 549.0
2456172.59139 18.989 0.047 3.94 547.0
2456172.60546 18.976 0.048 4.14 539.0
2456172.61877 18.985 0.050 4.18 538.0
2456172.63132 19.108 0.058 4.31 552.0
2456172.64387 18.972 0.053 4.54 568.0
2456172.65698 18.913 0.053 4.77 582.0
2456172.67331 18.902 0.064 6.02 643.0
2456174.56972 18.932 0.085 7.32 503.0
2456174.58711 19.043 0.096 7.28 615.0
2456174.59708 18.963 0.082 6.76 609.0
2456174.62147 19.099 0.099 7.22 590.0
2456174.63093 18.992 0.088 6.97 619.0
2456174.64350 19.016 0.081 6.56 592.0
2456175.47629 18.949 0.078 5.63 924.0
2456175.49045 19.016 0.050 4.44 474.0
2456175.51399 18.937 0.058 5.33 494.0
2456175.52674 19.130 0.066 5.04 485.0
2456175.53953 19.014 0.068 5.83 502.0
2456175.55213 19.206 0.074 5.21 501.0
2456175.56500 19.268 0.088 5.87 519.0
2456175.57779 19.052 0.070 5.56 537.0
2456175.59074 18.876 0.055 5.12 548.0
2456175.60347 19.087 0.066 5.14 541.0
2456175.61614 19.136 0.072 5.25 580.0
2456175.63211 19.050 0.071 5.47 576.0
2456175.64791 18.880 0.061 5.51 597.0
2456175.66262 19.018 0.083 6.58 612.0
2456175.67661 19.410 0.128 6.97 681.0
2456179.47893 19.020 0.089 6.49 697.0
2456179.49698 19.033 0.100 7.80 518.0
2456179.52218 19.032 0.067 5.53 501.0
2456179.54331 18.846 0.066 6.35 501.0
2456179.55588 19.078 0.087 6.81 494.0
2456179.56839 19.086 0.086 6.50 502.0
2456179.58517 18.979 0.091 7.39 528.0
2456179.59761 19.066 0.092 6.96 526.0
2456179.61177 19.484 0.134 6.98 502.0
2456179.62605 19.175 0.094 6.51 492.0
2456179.63847 18.961 0.091 7.82 499.0
2456179.65079 19.044 0.089 7.08 497.0
2456179.66350 19.129 0.092 7.04 493.0
2456179.67293 18.954 0.096 8.28 512.0
2456180.48584 19.795 0.202 7.47 553.0
2456180.50432 19.114 0.075 5.66 520.0
2456180.51703 18.899 0.065 6.01 497.0
2456180.54534 18.974 0.074 6.31 521.0
2456180.55840 18.971 0.064 5.54 516.0
2456180.57082 19.199 0.079 5.47 527.0
2456180.58317 19.197 0.101 6.80 561.0
2456180.59919 18.696 0.066 6.96 577.0
2456180.61171 19.204 0.096 6.45 549.0
2456180.62432 18.762 0.063 6.33 554.0
2456180.63730 18.935 0.081 6.91 583.0
2456180.64852 18.808 0.069 6.77 568.0
2456180.65971 18.863 0.066 6.04 589.0
2456180.66899 19.127 0.119 7.95 623.0
2456181.47701 18.846 0.074 5.35 974.0
2456181.49030 18.900 0.060 5.58 565.0
2456181.51904 18.821 0.047 4.45 540.0
2456181.53153 18.878 0.046 4.09 545.0
2456181.54434 18.895 0.046 4.17 550.0
2456181.55706 18.909 0.053 4.62 557.0
2456181.56997 18.959 0.053 4.36 554.0
2456181.58604 19.003 0.050 3.96 545.0
2456181.59947 18.866 0.045 4.13 545.0
2456181.61235 18.815 0.046 4.38 563.0
2456181.62509 18.819 0.050 4.78 545.0
2456181.63773 18.840 0.057 5.68 536.0
2456182.47813 18.840 0.072 5.55 892.0
2456182.49069 18.846 0.054 5.19 476.0
2456182.52052 18.936 0.055 5.22 451.0
2456182.53293 18.886 0.055 5.37 456.0
2456182.54558 18.865 0.060 6.24 447.0
2456182.56505 18.829 0.043 4.45 428.0
2456182.58125 18.796 0.047 4.94 447.0
2456182.59379 18.934 0.055 5.25 443.0
2456182.60926 18.969 0.066 5.79 468.0
2456182.62588 18.850 0.061 5.95 494.0
2456182.63891 19.051 0.075 6.18 519.0
2456182.65150 18.825 0.062 6.34 527.0
2456182.66217 18.732 0.063 7.04 526.0
2456183.48782 19.105 0.081 6.17 496.0
2456183.50063 18.861 0.063 5.79 479.0
2456183.51481 18.869 0.051 5.65 363.0
2456183.56563 18.746 0.040 4.05 450.0
2456183.59081 18.875 0.048 4.48 435.0
2456183.60346 18.778 0.045 4.55 428.0
2456183.61598 18.785 0.051 5.17 418.0
2456183.62989 18.773 0.051 5.14 425.0
2456184.48257 18.843 0.053 4.76 569.0
2456184.49546 18.711 0.042 4.60 468.0
2456184.52567 18.712 0.040 4.57 428.0
2456184.55525 18.748 0.043 4.69 401.0
2456184.56966 18.821 0.042 4.34 398.0
2456184.58415 18.872 0.045 4.59 387.0
2456184.60431 18.809 0.057 6.47 399.0
2456184.61697 18.733 0.045 5.45 399.0
2456184.62997 18.756 0.048 5.83 401.0
2456184.64495 18.836 0.068 7.55 418.0
2456185.47979 18.774 0.046 4.47 589.0
2456185.49252 18.610 0.035 4.62 417.0
2456185.50545 18.596 0.033 4.30 411.0
2456185.53738 18.809 0.042 4.58 424.0
2456185.55137 18.608 0.033 3.91 419.0
2456185.56418 18.630 0.035 4.28 415.0
2456185.57784 18.796 0.046 4.83 432.0
2456185.59070 18.769 0.045 4.78 434.0
2456185.60700 18.883 0.048 5.03 431.0
2456185.62409 18.879 0.054 5.44 446.0
2456185.64104 18.733 0.058 6.72 496.0
2456186.47802 18.587 0.064 6.08 875.0
2456186.49072 18.738 0.061 6.37 470.0
2456186.50382 18.776 0.055 5.60 455.0
2456186.53499 18.794 0.053 5.45 443.0
2456186.54789 18.759 0.055 5.88 439.0
2456186.56086 18.710 0.062 6.83 445.0
2456186.57369 18.702 0.050 5.61 434.0
2456186.58756 18.725 0.053 5.92 435.0
2456186.60654 18.755 0.056 5.94 462.0
2456187.53440 18.488 0.057 7.43 474.0
2456187.57836 18.707 0.078 8.02 489.0
2456190.48644 19.583 0.129 6.20 541.0
2456190.50084 19.623 0.126 6.24 486.0
2456190.51376 19.564 0.118 6.07 503.0
2456190.52713 19.568 0.101 5.30 506.0
2456190.55774 19.760 0.125 5.33 509.0
2456190.57133 19.665 0.102 4.91 498.0
2456190.58576 19.634 0.093 4.60 498.0
2456190.59822 19.549 0.082 4.27 502.0
2456190.61122 19.629 0.123 5.81 525.0
2456191.48525 19.606 0.153 6.86 544.0
2456191.49776 19.326 0.114 7.41 492.0
2456191.51476 20.254 0.264 6.67 584.0
2456191.54094 19.547 0.116 5.88 464.0
2456191.55354 19.614 0.130 5.76 534.0
2456191.56668 19.473 0.108 6.02 466.0
2456191.57939 19.567 0.103 5.14 462.0
2456191.59624 19.466 0.113 6.08 467.0
2456191.60889 19.724 0.134 5.85 472.0
2456191.62189 19.505 0.101 5.31 473.0
2456191.63950 19.683 0.109 5.36 494.0
2456195.47619 19.579 0.215 5.43 2609.0
2456195.52908 19.675 0.110 5.09 602.0
2456195.56843 19.546 0.103 4.92 689.0
2456195.60706 19.500 0.107 4.92 727.0
2456196.47888 19.455 0.143 4.74 1511.0
2456196.52696 19.486 0.131 5.94 712.0
2456196.56593 19.575 0.126 5.27 694.0
2456196.60712 19.647 0.148 5.90 776.0
2456197.47929 19.547 0.157 5.58 1265.0
2456197.52832 19.483 0.110 5.36 643.0
2456197.56733 19.707 0.123 4.68 684.0
2456198.49602 19.591 0.191 8.09 650.0
2456198.58688 19.461 0.160 7.42 707.0
2456199.52922 19.662 0.183 7.87 624.0
2456200.59862 20.166 0.297 7.20 752.0
2456200.62176 19.550 0.167 6.81 811.0
2456201.54609 19.405 0.153 7.78 619.0
2456202.57833 19.697 0.199 6.75 911.0
2456203.51794 20.020 0.189 6.24 544.0
2456203.56872 19.818 0.173 6.20 654.0
2456203.60936 19.533 0.187 8.17 780.0
2456204.52220 19.719 0.117 4.82 544.0
2456204.56082 19.725 0.138 5.38 594.0
2456204.59865 20.042 0.194 5.45 708.0
2456205.50210 19.715 0.132 5.94 505.0
2456205.54506 19.825 0.120 4.84 465.0
2456205.58314 19.988 0.156 5.39 464.0
2456208.51468 19.445 0.113 6.25 541.0
2456209.57849 19.541 0.157 7.46 560.0
2456210.51605 19.966 0.162 6.36 501.0
2456210.55422 20.042 0.180 6.26 519.0
2456210.59334 19.340 0.102 6.51 559.0
2456211.51762 19.904 0.131 4.80 494.0
2456211.55983 20.391 0.221 5.23 490.0
2456211.59824 20.102 0.204 6.20 546.0
2456212.51699 19.841 0.133 5.05 565.0
2456212.55581 19.840 0.144 5.31 577.0
2456213.49202 20.147 0.252 6.44 680.0
2456213.53219 20.003 0.156 5.05 508.0
2456213.57069 19.851 0.193 7.04 570.0
2456214.52503 19.944 0.171 6.21 502.0
2456214.56065 19.981 0.184 6.30 507.0
2456216.49762 19.790 0.152 6.21 536.0
2456216.53582 19.937 0.148 5.23 521.0
2456216.57027 20.296 0.281 6.79 576.0
2456216.58051 19.813 0.255 9.04 613.0
2456217.52234 20.193 0.161 4.46 489.0
2456217.56044 19.825 0.126 4.88 512.0
2456218.50537 19.898 0.161 5.58 580.0
2456218.54387 20.325 0.236 5.48 620.0
2456219.49869 19.897 0.192 5.88 829.0
2456219.51134 20.462 0.239 5.05 537.0
2456219.52406 20.187 0.187 4.95 536.0
2456219.53684 20.273 0.211 5.21 529.0
2456219.54976 20.205 0.206 5.37 535.0
2456219.56272 20.110 0.239 5.79 839.0
2456223.51066 19.775 0.200 7.11 718.0
2456223.56166 19.919 0.196 6.16 826.0
2456224.49768 20.658 0.495 7.12 808.0
2456226.50085 20.502 0.358 6.43 800.0
2456231.52003 19.900 0.224 6.45 897.0
2456233.50095 20.635 0.503 6.45 1170.0
2456233.55049 19.547 0.136 6.88 659.0
2456234.53824 19.673 0.157 6.99 662.0
2456238.53554 20.262 0.274 6.00 781.0
2456239.53637 20.110 0.262 7.85 671.0
2456242.51317 19.736 0.233 7.34 993.0
