2455261.84739 18.207 0.022 3.76 460.0
2455262.88263 18.267 0.056 4.75 2596.0
2455264.85946 18.155 0.027 4.87 532.0
2455266.90600 18.260 0.029 4.50 668.0
2455267.90133 18.177 0.022 4.02 364.0
2455270.84962 18.190 0.020 3.55 302.0
2455272.86599 18.213 0.027 6.03 268.0
2455274.85357 18.220 0.022 4.60 306.0
2455278.88767 18.201 0.019 3.47 319.0
2455282.79421 18.197 0.024 3.82 465.0
2455284.83291 18.164 0.029 5.35 506.0
2455286.83360 18.193 0.031 5.47 585.0
2455294.73221 18.189 0.021 4.31 292.0
2455294.77134 18.209 0.019 3.80 268.0
2455294.80842 18.205 0.018 3.67 258.0
2455294.84599 18.249 0.021 4.11 280.0
2455294.87616 18.200 0.017 3.22 284.0
2455294.91812 18.182 0.021 3.81 424.0
2455295.77302 18.227 0.019 3.92 244.0
2455295.81145 18.192 0.019 4.36 246.0
2455295.84935 18.223 0.019 3.99 262.0
2455295.88819 18.243 0.021 4.13 264.0
2455296.77593 18.180 0.019 3.91 270.0
2455296.81345 18.222 0.018 3.23 267.0
2455296.85086 18.217 0.017 3.27 262.0
2455296.88934 18.160 0.017 3.37 259.0
2455297.77185 18.225 0.020 3.90 293.0
2455297.80991 18.194 0.018 3.50 272.0
2455297.84777 18.188 0.017 3.36 258.0
2455297.88646 18.211 0.017 3.10 268.0
2455298.77274 18.204 0.020 3.94 307.0
2455298.81067 18.228 0.020 3.97 288.0
2455298.84843 18.248 0.021 4.37 282.0
2455298.88799 18.201 0.018 3.69 273.0
2455298.92150 18.200 0.022 3.73 464.0
2455299.75746 18.225 0.019 4.13 244.0
2455299.79500 18.200 0.015 4.37 243.0
2455299.83288 18.231 0.017 3.90 265.0
2455299.87123 18.197 0.017 3.90 254.0
2455299.91200 18.178 0.017 3.35 298.0
2455300.86619 18.188 0.018 3.38 284.0
2455300.90695 18.181 0.019 3.46 316.0
2455301.76200 18.225 0.020 4.05 294.0
2455301.79950 18.207 0.019 3.72 293.0
2455301.83696 18.198 0.024 5.27 306.0
2455301.87567 18.219 0.020 4.09 309.0
2455301.91546 18.190 0.030 6.28 343.0
2455303.92331 18.164 0.022 4.66 333.0
2455304.76165 18.209 0.025 5.46 398.0
2455306.69528 18.162 0.022 5.40 322.0
2455306.75804 18.153 0.020 4.75 264.0
2455306.79699 18.205 0.019 4.00 287.0
2455306.86062 18.173 0.020 4.75 293.0
2455306.90020 18.218 0.019 3.79 310.0
2455307.68499 18.222 0.026 5.84 335.0
2455307.74808 18.158 0.021 4.38 330.0
2455307.80957 18.131 0.019 3.71 342.0
2455307.84804 18.186 0.021 4.38 371.0
2455307.88894 18.207 0.020 3.63 350.0
2455307.92637 18.150 0.021 3.76 487.0
2455308.73820 18.170 0.024 5.74 328.0
2455308.79970 18.190 0.021 4.75 278.0
2455308.83715 18.158 0.020 4.70 266.0
2455308.87845 18.189 0.021 4.87 282.0
2455309.73889 18.203 0.022 5.07 318.0
2455309.80940 18.182 0.020 4.21 281.0
2455309.85312 18.219 0.021 4.66 300.0
2455309.89208 18.183 0.019 3.77 311.0
2455309.92936 18.181 0.024 3.74 611.0
2455310.71976 18.228 0.027 5.47 388.0
2455310.77603 18.203 0.023 5.02 317.0
2455310.85740 18.231 0.017 4.30 319.0
2455310.88934 18.215 0.022 4.66 303.0
2455310.92680 18.204 0.022 4.02 500.0
2455311.81991 18.138 0.023 5.06 344.0
2455311.87592 18.172 0.022 4.91 332.0
2455311.92074 18.158 0.023 5.11 400.0
2455312.74592 18.181 0.027 5.59 446.0
2455312.78829 18.171 0.027 5.27 425.0
2455312.82633 18.231 0.027 5.15 434.0
2455312.87058 18.237 0.026 4.36 512.0
2455312.91018 18.194 0.024 4.79 361.0
2455313.78233 18.187 0.032 6.19 548.0
2455313.82120 18.207 0.031 5.84 503.0
2455313.86086 18.256 0.035 5.73 581.0
2455313.89911 18.186 0.029 4.83 630.0
2455314.66998 18.185 0.039 5.88 982.0
2455314.71043 18.120 0.030 5.01 820.0
2455314.74971 18.246 0.031 4.96 742.0
2455314.78965 18.199 0.033 5.71 678.0
2455314.84718 18.209 0.028 4.61 725.0
2455314.88461 18.156 0.028 4.70 726.0
2455314.92207 18.156 0.026 3.92 782.0
2455315.68748 18.244 0.042 5.83 934.0
2455315.73538 18.207 0.033 4.83 804.0
2455315.77292 18.179 0.030 4.59 747.0
2455315.81068 18.196 0.026 4.02 772.0
2455315.85084 18.244 0.029 3.79 843.0
2455315.89297 18.140 0.032 4.17 1116.0
2455316.67861 18.286 0.041 5.39 942.0
2455316.72578 18.155 0.034 5.32 784.0
2455316.76882 18.237 0.039 5.74 749.0
2455316.80616 18.189 0.041 6.27 758.0
2455316.86302 18.173 0.053 6.10 1443.0
2455319.82317 18.216 0.055 3.97 3869.0
2455319.86616 18.173 0.055 3.74 4227.0
2455319.91028 18.196 0.058 3.78 4576.0
2455320.64093 18.183 0.026 4.43 627.0
2455320.68551 18.228 0.025 4.05 556.0
2455320.72945 18.231 0.026 4.38 513.0
2455320.76664 18.221 0.025 4.68 466.0
2455320.80437 18.228 0.033 4.01 1235.0
2455320.84759 18.197 0.024 4.54 485.0
2455320.88599 18.231 0.024 3.76 574.0
2455320.92754 18.205 0.027 3.82 830.0
2455321.71373 18.240 0.027 5.22 446.0
2455321.75121 18.234 0.027 5.30 420.0
2455321.79083 18.219 0.025 5.01 425.0
2455321.82924 18.271 0.034 6.33 435.0
2455321.87056 18.200 0.025 4.81 443.0
2455321.90792 18.241 0.026 4.50 481.0
2455322.69421 18.259 0.026 5.53 386.0
2455322.83680 18.220 0.025 4.81 552.0
2455323.73063 18.237 0.028 6.11 367.0
2455323.76894 18.200 0.026 5.48 405.0
2455323.80900 18.189 0.023 5.25 434.0
2455323.85031 18.208 0.022 4.06 470.0
2455323.88890 18.195 0.024 4.26 525.0
2455323.92635 18.179 0.024 4.02 555.0
2455324.66866 18.245 0.025 5.11 377.0
2455324.73250 18.223 0.023 4.67 319.0
2455324.76986 18.196 0.022 4.54 334.0
2455324.80866 18.218 0.026 5.60 351.0
2455324.84888 18.215 0.024 4.39 378.0
2455324.88615 18.203 0.021 3.68 408.0
2455324.92693 18.204 0.023 3.72 489.0
2455325.68600 18.198 0.021 3.97 323.0
2455325.72250 18.228 0.021 4.30 283.0
2455325.76068 18.226 0.021 4.18 267.0
2455325.79798 18.236 0.020 3.77 269.0
2455325.84621 18.234 0.022 3.87 338.0
2455325.88627 18.191 0.022 4.11 370.0
2455325.92675 18.168 0.024 4.34 448.0
2455326.63406 18.254 0.031 5.96 374.0
2455326.72051 18.215 0.023 4.73 289.0
2455326.75857 18.210 0.022 4.55 286.0
2455326.79698 18.220 0.020 3.97 293.0
2455326.83630 18.240 0.024 4.59 327.0
2455326.87494 18.243 0.024 4.24 393.0
2455326.91217 18.194 0.024 4.15 435.0
2455327.64329 18.208 0.019 3.76 283.0
2455327.74547 18.193 0.021 4.31 258.0
2455327.78391 18.199 0.023 4.53 281.0
2455327.82278 18.236 0.023 4.17 304.0
2455327.86167 18.232 0.026 4.46 372.0
2455327.89983 18.250 0.023 4.20 395.0
2455327.93758 18.177 0.040 5.05 1413.0
2455328.67062 18.239 0.024 4.61 339.0
2455328.73918 18.239 0.023 4.74 316.0
2455328.77777 18.221 0.021 4.11 312.0
2455328.81772 18.250 0.024 4.89 332.0
2455328.85631 18.157 0.022 4.25 335.0
2455328.89398 18.232 0.023 3.87 404.0
2455328.93149 18.217 0.029 4.55 591.0
2455334.61686 18.209 0.026 5.53 365.0
2455334.68301 18.191 0.033 7.15 320.0
2455334.76334 18.171 0.021 4.20 324.0
2455334.82068 18.190 0.022 4.64 301.0
2455334.86122 18.162 0.025 5.30 335.0
2455334.90175 18.229 0.033 6.64 383.0
2455334.93969 18.230 0.037 5.24 976.0
2455335.74608 18.257 0.021 3.96 336.0
2455335.78525 18.226 0.020 4.11 315.0
2455335.82529 18.204 0.020 3.85 332.0
2455335.86313 18.182 0.023 4.50 357.0
2455335.90066 18.242 0.029 5.39 400.0
2455335.93973 18.248 0.041 5.12 1089.0
2455336.84454 18.168 0.022 4.10 359.0
2455336.90979 18.159 0.025 4.62 458.0
2455337.75616 18.212 0.020 4.37 298.0
2455337.79557 18.226 0.021 4.37 338.0
2455337.83400 18.194 0.026 5.05 401.0
2455337.87236 18.213 0.030 5.77 459.0
2455337.91098 18.201 0.030 5.35 520.0
2455338.75344 18.164 0.024 4.96 416.0
2455338.79264 18.183 0.028 5.66 442.0
2455338.83426 18.297 0.041 6.72 510.0
2455338.89385 18.075 0.036 7.18 551.0
2455339.66908 18.178 0.030 5.34 496.0
2455339.70682 18.180 0.028 4.82 504.0
2455339.80034 18.196 0.028 4.57 518.0
2455339.86621 18.169 0.028 4.79 604.0
2455339.90641 18.296 0.050 7.39 661.0
2455339.94425 18.193 0.042 5.20 1287.0
2455340.65300 18.159 0.032 5.51 620.0
2455340.69236 18.209 0.031 4.38 1004.0
2455340.77965 18.200 0.035 6.17 490.0
2455340.83522 18.238 0.026 4.26 552.0
2455340.87364 18.223 0.031 5.06 586.0
2455340.91142 18.309 0.043 6.22 688.0
2455341.58545 18.209 0.031 4.84 773.0
2455341.62368 18.210 0.025 4.24 583.0
2455341.73018 18.194 0.022 3.87 464.0
2455341.80446 18.177 0.025 4.21 550.0
2455341.84267 18.214 0.026 4.48 563.0
2455341.88049 18.183 0.026 4.31 554.0
2455341.92085 18.173 0.025 4.31 546.0
2455342.59506 18.186 0.038 5.75 826.0
2455342.63241 18.179 0.033 5.55 694.0
2455342.67004 18.173 0.034 5.92 623.0
2455342.70749 18.247 0.028 4.74 576.0
2455342.74602 18.207 0.027 4.83 574.0
2455342.79018 18.213 0.038 6.23 679.0
2455342.82823 18.175 0.027 4.46 637.0
2455342.86620 18.232 0.034 5.32 677.0
2455342.90396 18.213 0.034 5.20 742.0
2455342.94184 18.206 0.048 6.79 852.0
2455343.61327 18.274 0.040 5.27 1012.0
2455343.65096 18.192 0.032 4.92 862.0
2455343.68868 18.211 0.029 4.20 793.0
2455343.72675 18.251 0.028 4.22 706.0
2455343.76560 18.244 0.030 4.59 711.0
2455343.80559 18.152 0.028 4.41 772.0
2455343.84412 18.145 0.030 4.61 831.0
2455343.89492 18.193 0.036 5.18 940.0
2455343.93275 18.203 0.039 5.13 1050.0
2455348.66067 18.215 0.026 5.29 428.0
2455348.72589 18.256 0.030 5.59 420.0
2455348.79116 18.231 0.029 5.34 402.0
2455348.82949 18.219 0.028 4.64 445.0
2455348.87333 18.150 0.033 5.92 542.0
2455348.91363 18.200 0.029 5.29 542.0
2455349.58896 18.220 0.029 5.87 424.0
2455349.67154 18.296 0.038 5.71 684.0
2455349.80468 18.237 0.028 4.16 728.0
2455349.84248 18.212 0.030 4.62 792.0
2455350.64218 18.204 0.029 6.22 305.0
2455350.67991 18.224 0.029 6.08 349.0
2455350.71841 18.178 0.033 6.88 340.0
2455351.57840 18.312 0.030 5.70 399.0
2455351.62447 18.239 0.022 4.52 317.0
2455351.70190 18.227 0.022 4.87 285.0
2455351.78718 18.234 0.024 4.22 427.0
2455351.87689 18.167 0.032 5.96 498.0
2455351.91487 18.224 0.030 4.95 673.0
2455352.63948 18.231 0.024 4.88 305.0
2455352.71427 18.201 0.020 4.08 288.0
2455352.80091 18.249 0.024 4.39 368.0
2455352.87372 18.201 0.026 4.23 516.0
2455352.91122 18.244 0.028 4.62 600.0
2455353.60467 18.190 0.024 4.71 347.0
2455353.68724 18.198 0.019 4.00 287.0
2455353.76807 18.275 0.022 3.90 330.0
2455353.80613 18.199 0.020 3.28 368.0
2455353.84365 18.228 0.024 3.89 419.0
2455353.89492 18.205 0.028 5.17 529.0
2455354.63050 18.207 0.023 4.51 290.0
2455354.71771 18.225 0.024 5.25 268.0
2455354.81440 18.249 0.024 3.85 360.0
2455354.85557 18.243 0.025 3.68 458.0
2455354.89622 18.214 0.032 5.29 604.0
2455355.57350 18.212 0.023 4.39 443.0
2455355.65519 18.199 0.022 4.51 356.0
2455355.74194 18.161 0.023 4.51 384.0
2455355.81142 18.249 0.025 4.17 466.0
2455355.85968 18.203 0.030 5.22 524.0
2455355.89742 18.278 0.035 5.85 561.0
2455357.65411 18.208 0.025 5.46 323.0
2455357.74385 18.252 0.035 7.38 298.0
2455357.83177 18.182 0.037 7.58 356.0
2455357.89792 18.239 0.029 5.40 484.0
2455358.71604 18.131 0.022 5.46 277.0
2455358.81768 18.229 0.026 5.42 322.0
2455358.88733 18.244 0.036 7.03 420.0
2455359.60836 18.208 0.033 6.09 460.0
2455359.65535 18.215 0.022 4.24 361.0
2455359.71122 18.199 0.025 5.26 370.0
2455359.75548 18.210 0.025 4.94 368.0
2455359.80013 18.202 0.025 4.72 400.0
2455359.84462 18.230 0.029 5.18 454.0
2455359.88516 18.240 0.037 6.40 505.0
2455361.65343 18.224 0.030 6.30 299.0
2455362.57227 18.342 0.041 6.16 625.0
2455362.63278 18.173 0.023 4.54 436.0
2455362.72942 18.207 0.021 3.93 369.0
2455362.83183 18.203 0.022 3.97 430.0
2455362.84732 18.179 0.024 4.56 456.0
2455362.90559 18.175 0.035 6.33 575.0
2455364.55130 18.183 0.027 5.55 392.0
2455364.60993 18.210 0.021 4.35 301.0
2455364.70444 18.196 0.026 5.66 321.0
2455364.77926 18.166 0.026 5.74 303.0
2455364.81873 18.272 0.026 5.42 296.0
2455364.85880 18.202 0.026 5.66 298.0
2455364.89691 18.162 0.025 5.71 333.0
2455365.56903 18.205 0.029 5.34 482.0
2455365.63106 18.180 0.026 5.29 362.0
2455365.72612 18.202 0.022 4.66 331.0
2455365.81496 18.162 0.024 4.86 343.0
2455365.85547 18.230 0.028 5.21 403.0
2455365.89382 18.206 0.037 6.80 493.0
2455368.64488 18.119 0.030 5.75 617.0
2455369.72704 18.244 0.034 5.41 672.0
2455369.77236 18.236 0.037 5.00 952.0
2455369.81034 18.197 0.033 5.23 684.0
2455369.85112 18.132 0.031 5.91 527.0
2455376.65697 18.175 0.035 6.52 511.0
2455376.69738 18.215 0.029 5.38 486.0
2455376.73557 18.248 0.029 4.91 544.0
2455376.77441 18.243 0.034 5.74 561.0
2455376.81257 18.210 0.036 5.89 654.0
2455376.85050 18.181 0.051 5.42 1936.0
2455377.54709 18.247 0.027 4.81 385.0
2455377.58979 18.256 0.034 6.64 384.0
2455377.62801 18.271 0.029 5.84 365.0
2455377.70167 18.191 0.022 4.46 369.0
2455377.74514 18.220 0.026 4.88 416.0
2455377.78785 18.233 0.027 4.58 484.0
2455377.82558 18.216 0.027 4.65 521.0
2455377.86374 18.246 0.036 5.81 667.0
2455378.53529 18.236 0.023 4.21 368.0
2455378.61939 18.242 0.021 4.18 302.0
2455378.70829 18.196 0.021 4.33 334.0
2455378.74988 18.212 0.019 3.55 363.0
2455378.78804 18.250 0.023 4.37 379.0
2455378.82627 18.246 0.027 5.82 457.0
2455378.86616 18.250 0.033 6.69 552.0
2455379.50501 18.206 0.024 4.67 305.0
2455379.57148 18.187 0.022 5.14 250.0
2455379.65733 18.215 0.023 4.17 418.0
2455379.74279 18.202 0.021 4.19 341.0
2455379.78045 18.206 0.025 4.71 405.0
2455379.81836 18.284 0.030 5.80 459.0
2455379.85649 18.170 0.035 7.54 558.0
2455380.51643 18.230 0.023 4.79 302.0
2455380.55405 18.220 0.022 4.91 264.0
2455380.63788 18.267 0.021 4.64 224.0
2455380.71200 18.246 0.022 4.40 277.0
2455380.75036 18.226 0.021 4.35 299.0
2455380.78834 18.238 0.023 4.55 338.0
2455380.82633 18.242 0.035 6.70 419.0
2455381.52565 18.240 0.037 6.48 486.0
2455381.56374 18.207 0.042 8.19 397.0
2455381.60152 18.233 0.033 7.02 321.0
2455381.66064 18.205 0.025 5.78 262.0
2455381.70146 18.244 0.032 6.63 323.0
2455381.73943 18.240 0.030 5.84 383.0
2455381.78619 18.221 0.035 6.66 379.0
2455381.82454 18.252 0.037 6.54 491.0
2455381.86254 18.113 0.037 7.02 572.0
2455382.55242 18.325 0.042 8.11 338.0
2455382.60206 18.267 0.033 6.80 332.0
2455382.63964 18.206 0.027 5.96 341.0
2455382.68156 18.233 0.027 6.16 308.0
2455382.72132 18.212 0.029 6.54 311.0
2455382.75922 18.258 0.034 7.03 340.0
2455382.80937 18.232 0.033 6.46 400.0
2455383.69342 18.207 0.032 7.24 280.0
2455383.75163 18.200 0.032 7.17 285.0
2455384.78894 18.171 0.033 6.07 502.0
2455384.84594 18.252 0.043 7.05 570.0
2455385.49873 18.194 0.024 4.29 517.0
2455385.71381 18.221 0.020 4.55 228.0
2455385.83700 18.159 0.021 4.73 304.0
2455386.48245 18.209 0.023 3.90 634.0
2455386.52694 18.168 0.022 4.05 367.0
2455386.56466 18.163 0.021 4.40 473.0
2455386.64812 18.203 0.021 4.96 354.0
2455386.73219 18.191 0.019 3.48 266.0
2455386.77053 18.181 0.019 3.61 269.0
2455386.80975 18.233 0.021 4.11 300.0
2455387.47102 18.192 0.024 3.50 597.0
2455387.57642 18.191 0.019 4.44 240.0
2455387.71453 18.183 0.018 3.96 225.0
2455387.75286 18.225 0.020 3.97 232.0
2455387.79661 18.166 0.023 5.45 292.0
2455387.83669 18.203 0.025 5.92 361.0
2455388.49434 18.135 0.025 5.28 344.0
2455388.53238 18.170 0.022 5.18 251.0
2455388.64140 18.184 0.018 4.06 182.0
2455388.75153 18.204 0.021 4.80 188.0
2455388.79129 18.177 0.023 6.02 225.0
2455388.83540 18.231 0.029 7.22 290.0
2455389.49351 18.222 0.027 5.75 318.0
2455389.53163 18.192 0.026 5.99 266.0
2455389.61697 18.185 0.020 4.99 199.0
2455389.72221 18.132 0.021 4.99 223.0
2455389.78259 18.195 0.027 5.95 275.0
2455389.82311 18.232 0.024 5.02 323.0
2455390.46797 18.197 0.037 6.74 497.0
2455390.52277 18.194 0.034 7.62 282.0
2455390.56479 18.235 0.026 6.00 262.0
2455390.65033 18.192 0.023 5.29 249.0
2455390.69660 18.165 0.021 5.04 234.0
2455390.74608 18.143 0.019 4.34 224.0
2455390.78404 18.204 0.021 5.14 204.0
2455390.82170 18.185 0.023 5.89 219.0
2455391.51675 18.233 0.030 6.43 327.0
2455391.55555 18.203 0.031 6.81 248.0
2455391.61511 18.207 0.020 4.70 217.0
2455391.72438 18.225 0.023 4.77 286.0
2455391.80767 18.211 0.025 4.86 365.0
2455391.84513 18.268 0.034 6.03 524.0
2455392.49289 18.181 0.029 6.19 321.0
2455392.53161 18.215 0.025 5.49 280.0
2455392.59306 18.193 0.021 4.77 260.0
2455392.70318 18.192 0.021 4.73 236.0
2455392.78513 18.164 0.021 4.56 255.0
2455392.82277 18.201 0.025 5.36 322.0
2455393.63813 18.214 0.025 5.70 232.0
2455393.67785 18.177 0.025 5.92 220.0
2455393.71604 18.223 0.032 7.37 241.0
2455393.76139 18.166 0.033 7.43 281.0
2455393.79950 18.225 0.033 7.11 310.0
2455395.83184 18.188 0.036 6.77 421.0
2455396.57378 18.169 0.045 9.02 388.0
2455396.62810 18.202 0.026 5.62 311.0
2455396.72366 18.212 0.021 4.54 292.0
2455396.75843 18.216 0.021 4.45 261.0
2455396.79646 18.244 0.026 5.82 290.0
2455397.60570 18.240 0.028 6.00 334.0
2455397.65174 18.189 0.036 7.53 332.0
2455397.68958 18.230 0.035 7.16 334.0
2455403.48079 18.238 0.026 3.96 735.0
2455403.51838 18.259 0.025 3.86 721.0
2455403.55553 18.233 0.025 3.70 700.0
2455403.59427 18.307 0.033 4.80 922.0
2455403.63511 18.228 0.025 3.77 678.0
2455403.67339 18.195 0.025 3.86 730.0
2455403.71424 18.197 0.028 4.20 787.0
2455403.75215 18.237 0.029 3.82 899.0
2455403.78997 18.356 0.047 5.54 1050.0
2455404.49389 18.226 0.026 3.90 486.0
2455404.53170 18.246 0.027 4.87 464.0
2455404.56941 18.239 0.029 4.93 473.0
2455404.60959 18.270 0.028 4.49 451.0
2455404.65135 18.245 0.028 4.85 429.0
2455404.69124 18.254 0.029 4.74 487.0
2455404.72903 18.225 0.035 5.44 540.0
2455404.77172 18.258 0.033 5.41 641.0
2455405.62927 18.233 0.032 6.17 358.0
2455405.66882 18.237 0.029 5.58 349.0
2455405.70690 18.262 0.029 5.17 398.0
2455405.74436 18.187 0.028 4.82 475.0
2455405.78199 18.270 0.030 4.99 508.0
2455407.48376 18.240 0.027 6.27 239.0
2455407.52163 18.258 0.026 5.68 228.0
2455407.55991 18.245 0.025 5.36 211.0
2455407.59897 18.167 0.030 7.29 260.0
2455407.63855 18.264 0.032 6.51 291.0
2455407.67660 18.200 0.028 5.50 313.0
2455407.71581 18.311 0.031 5.47 369.0
2455407.75374 18.252 0.031 5.71 424.0
2455408.50300 18.219 0.029 6.04 317.0
2455408.54573 18.179 0.029 6.35 301.0
2455408.59469 18.177 0.025 5.94 277.0
2455408.63356 18.280 0.029 5.97 324.0
2455408.67223 18.216 0.026 5.36 338.0
2455408.71011 18.215 0.029 5.89 361.0
2455408.74782 18.206 0.035 6.84 426.0
2455408.78539 18.252 0.036 6.03 542.0
2455409.49559 18.221 0.022 5.08 256.0
2455409.55943 18.236 0.020 4.45 230.0
2455409.66621 18.198 0.019 3.98 255.0
2455409.74990 18.200 0.025 5.01 384.0
2455409.78767 18.198 0.033 6.40 473.0
2455410.50002 18.222 0.024 5.21 327.0
2455410.56169 18.198 0.021 4.77 244.0
2455410.67020 18.221 0.021 4.44 258.0
2455410.75427 18.200 0.028 5.83 379.0
2455411.47661 18.201 0.022 5.20 315.0
2455411.51451 18.185 0.020 4.80 234.0
2455411.59748 18.203 0.019 4.19 237.0
2455411.70573 18.207 0.019 3.83 257.0
2455411.76722 18.271 0.032 5.99 457.0
2455412.53837 18.210 0.026 5.45 334.0
2455412.57826 18.197 0.028 5.90 351.0
2455412.61702 18.159 0.025 5.65 313.0
2455412.65480 18.173 0.029 6.61 327.0
2455412.69919 18.202 0.028 6.19 322.0
2455413.47856 18.230 0.034 6.55 409.0
2455413.51794 18.201 0.020 4.08 327.0
2455413.62478 18.173 0.019 4.45 207.0
2455413.73226 18.140 0.020 5.06 239.0
2455413.77001 18.137 0.030 7.50 271.0
2455414.49822 18.267 0.021 4.56 238.0
2455414.55948 18.238 0.019 4.07 227.0
2455414.66893 18.231 0.019 3.85 257.0
2455414.75660 18.161 0.021 5.52 336.0
2455416.61525 18.172 0.025 5.69 240.0
2455416.67198 18.170 0.023 5.39 236.0
2455418.53425 18.192 0.020 5.15 221.0
2455418.58077 18.196 0.018 4.31 217.0
2455418.63095 18.215 0.020 4.74 205.0
2455418.68251 18.156 0.024 5.89 231.0
2455421.48972 18.222 0.025 5.67 282.0
2455421.53383 18.223 0.021 4.65 265.0
2455421.59342 18.182 0.022 5.20 256.0
2455421.63960 18.221 0.022 5.32 224.0
2455421.68188 18.217 0.023 5.77 208.0
2455421.72629 18.185 0.027 6.37 244.0
2455422.51559 18.199 0.021 4.30 301.0
2455422.56167 18.233 0.024 5.07 298.0
2455422.71566 18.235 0.020 4.38 244.0
2455423.49959 18.238 0.020 4.40 260.0
2455423.54189 18.256 0.019 4.05 239.0
2455423.67561 18.256 0.026 5.69 277.0
2455425.50704 18.223 0.024 4.87 327.0
2455425.54830 18.194 0.022 4.70 319.0
2455426.51498 18.253 0.050 4.08 2741.0
2455426.59398 18.123 0.050 4.12 3551.0
2455426.73447 18.211 0.044 5.16 1485.0
2455430.50053 18.191 0.034 5.26 613.0
2455430.54700 18.219 0.031 5.31 550.0
2455430.58527 18.274 0.030 4.61 532.0
2455430.62425 18.221 0.031 4.94 566.0
2455430.66538 18.271 0.040 6.87 644.0
2455431.50169 18.279 0.028 4.50 572.0
2455431.54225 18.253 0.027 4.84 454.0
2455431.58026 18.287 0.026 4.33 477.0
2455431.62165 18.259 0.035 6.26 489.0
2455431.65931 18.209 0.033 6.05 562.0
2455432.52619 18.279 0.057 6.74 1230.0
2455432.63871 18.307 0.041 6.65 558.0
2455433.53659 18.226 0.039 6.60 586.0
2455433.66200 18.225 0.035 5.38 703.0
2455434.48769 18.204 0.030 5.84 353.0
2455434.53276 18.218 0.027 5.18 385.0
2455434.57713 18.224 0.026 4.54 396.0
2455434.61950 18.204 0.026 4.72 443.0
2455434.66423 18.225 0.030 5.11 501.0
2455434.70431 18.187 0.030 5.40 592.0
2455435.50376 18.238 0.028 5.85 324.0
2455435.54657 18.160 0.024 4.58 384.0
2455435.61648 18.278 0.025 3.99 382.0
2455435.66995 18.166 0.023 4.28 409.0
2455435.70889 18.250 0.031 5.19 497.0
2455436.50223 18.260 0.026 5.53 298.0
2455436.64617 18.262 0.024 3.81 387.0
2455437.48482 18.191 0.020 3.81 319.0
2455437.58175 18.182 0.021 3.95 289.0
2455438.49740 18.201 0.027 5.09 371.0
2455438.53687 18.159 0.026 5.39 306.0
2455438.63831 18.171 0.022 3.31 373.0
2455438.67631 18.209 0.023 4.69 356.0
2455439.48974 18.167 0.031 6.72 330.0
2455439.55480 18.198 0.031 6.56 312.0
2455439.59216 18.175 0.028 6.35 297.0
2455439.63018 18.201 0.030 6.51 288.0
2455439.67598 18.167 0.031 6.47 360.0
2455443.52247 18.244 0.027 6.11 290.0
2455443.56859 18.236 0.027 5.89 307.0
2455443.60642 18.220 0.029 6.22 317.0
2455443.64894 18.141 0.023 5.48 313.0
2455443.68787 18.194 0.024 5.49 333.0
2455444.52050 18.148 0.029 6.84 271.0
2455444.56909 18.205 0.023 5.06 241.0
2455444.62076 18.177 0.025 5.56 315.0
2455444.65883 18.221 0.029 6.14 363.0
2455445.49932 18.189 0.020 4.03 353.0
2455445.62866 18.209 0.021 4.52 259.0
2455445.66791 18.149 0.022 4.88 326.0
2455446.50248 18.184 0.024 5.15 310.0
2455446.54779 18.191 0.023 4.72 313.0
2455446.58895 18.207 0.023 4.47 313.0
2455446.62696 18.242 0.022 4.49 267.0
2455447.47442 18.215 0.037 4.75 1104.0
2455447.51892 18.148 0.019 4.13 292.0
2455447.55805 18.247 0.027 5.79 289.0
2455447.62337 18.201 0.026 6.15 278.0
2455448.48999 18.239 0.019 3.52 289.0
2455448.53410 18.158 0.024 5.39 295.0
2455448.61729 18.242 0.026 5.35 319.0
2455449.49095 18.210 0.029 6.18 324.0
2455449.53166 18.194 0.024 4.96 290.0
2455449.58321 18.161 0.023 4.51 330.0
2455450.49369 18.210 0.024 5.52 313.0
2455450.53135 18.219 0.027 5.83 301.0
2455450.56938 18.231 0.030 6.18 317.0
2455450.61945 18.236 0.030 6.06 339.0
2455451.49105 18.079 0.041 6.37 958.0
2455451.53056 18.308 0.043 5.40 898.0
2455451.65965 18.273 0.027 4.76 370.0
2455453.49332 18.166 0.035 7.04 573.0
2455453.58195 18.225 0.029 5.11 490.0
2455457.50043 18.229 0.021 3.70 480.0
2455457.57173 18.233 0.022 4.04 451.0
2455457.61354 18.217 0.026 4.92 506.0
2455458.49081 18.154 0.032 6.30 535.0
2455458.55577 18.194 0.033 6.06 493.0
2455458.61952 18.231 0.041 6.98 560.0
2455458.62522 18.257 0.039 6.91 566.0
2455459.52100 18.190 0.026 4.43 432.0
2455459.56407 18.185 0.027 4.56 468.0
2455459.60511 18.163 0.025 5.39 555.0
2455460.50967 18.351 0.044 5.68 729.0
2455460.55070 18.170 0.037 6.15 711.0
2455460.59172 18.133 0.050 5.52 1932.0
2455461.51162 18.251 0.052 5.72 1658.0
2455461.60338 18.170 0.033 6.16 552.0
2455462.49790 18.227 0.030 5.46 444.0
2455462.56482 18.217 0.028 4.61 511.0
2455463.51718 18.194 0.025 4.33 469.0
2455463.62762 18.174 0.032 5.72 613.0
2455464.50923 18.227 0.028 5.25 407.0
2455464.59536 18.161 0.031 5.99 479.0
2455465.52263 18.173 0.031 6.70 341.0
2455467.50247 18.212 0.024 4.78 379.0
2455468.57598 18.200 0.033 7.04 367.0
2455470.52687 18.198 0.026 4.90 356.0
2455471.53420 18.192 0.024 5.16 304.0
2455471.59896 18.226 0.026 5.71 357.0
2455472.56563 18.162 0.026 5.36 402.0
2455473.51577 18.280 0.033 6.33 361.0
2455476.50531 18.208 0.027 5.20 370.0
2455478.49344 18.251 0.032 5.91 386.0
2455479.52103 18.275 0.033 6.38 402.0
2455480.50823 18.273 0.036 6.82 385.0
2455480.57191 18.167 0.036 7.02 476.0
2455481.54697 18.222 0.052 7.13 936.0
2455485.52472 18.205 0.031 4.88 538.0
2455486.51114 18.301 0.037 5.54 572.0
2455487.49418 18.233 0.028 4.97 587.0
2455487.55453 18.246 0.037 6.70 598.0
2455488.54449 18.244 0.033 5.43 682.0
2455489.53265 18.178 0.036 7.38 627.0
2455490.53104 18.267 0.048 7.04 686.0
2455492.53595 18.183 0.050 7.10 903.0
2455494.53791 18.242 0.043 6.12 861.0
2455495.54189 18.283 0.041 7.40 511.0
2455497.53942 18.205 0.046 7.54 622.0
2455502.50788 18.337 0.041 6.20 620.0
2455597.86700 18.087 0.028 7.65 333.0
2455598.85621 18.175 0.024 5.54 371.0
2455599.86601 18.171 0.024 5.30 351.0
2455600.86251 18.169 0.024 4.81 383.0
2455602.87055 18.191 0.032 7.14 389.0
2455604.87872 18.164 0.027 5.85 393.0
2455605.87686 18.180 0.019 4.13 350.0
2455606.87457 18.160 0.026 5.65 345.0
2455607.87925 18.185 0.023 4.79 393.0
2455608.87380 18.265 0.030 6.73 312.0
2455611.85819 18.195 0.033 5.92 572.0
2455614.85885 18.198 0.027 5.28 497.0
2455615.86718 18.196 0.022 3.76 423.0
2455616.86044 18.185 0.028 5.57 455.0
2455620.84827 18.240 0.026 5.32 351.0
2455621.85111 18.185 0.020 4.25 301.0
2455622.88882 18.146 0.015 3.73 267.0
2455624.84380 18.135 0.022 4.94 291.0
2455625.82293 18.198 0.022 5.08 319.0
2455626.82367 18.263 0.032 6.59 390.0
2455627.84719 18.160 0.020 4.58 271.0
2455628.85789 18.150 0.019 4.18 259.0
2455629.82610 18.185 0.024 5.52 268.0
2455630.80351 18.231 0.023 5.50 308.0
2455631.83147 18.180 0.029 6.75 404.0
2455632.83857 18.169 0.022 5.13 318.0
2455633.79581 18.224 0.021 4.24 331.0
2455634.85068 18.210 0.023 5.29 283.0
2455635.85990 18.182 0.025 5.55 404.0
2455637.81979 18.206 0.032 6.57 493.0
2455638.79799 18.186 0.028 5.32 491.0
2455639.79563 18.168 0.025 4.41 536.0
2455639.87120 18.171 0.022 4.26 413.0
2455640.78911 18.231 0.035 5.90 600.0
2455640.82746 18.158 0.025 4.63 525.0
2455640.87514 18.204 0.023 4.36 472.0
2455640.91601 18.171 0.042 5.79 1472.0
2455641.78193 18.119 0.023 4.46 559.0
2455641.82433 18.167 0.023 4.26 484.0
2455641.86249 18.224 0.025 4.93 455.0
2455641.90720 18.166 0.028 7.08 486.0
2455642.78424 18.228 0.028 4.64 592.0
2455642.84328 18.159 0.023 4.30 515.0
2455642.90316 18.184 0.029 6.91 485.0
2455643.76696 18.208 0.026 4.10 638.0
2455643.80524 18.231 0.026 4.58 554.0
2455643.86499 18.119 0.020 3.73 512.0
2455643.90623 18.192 0.024 5.28 485.0
2455644.77469 18.161 0.035 4.64 1290.0
2455644.81539 18.125 0.036 4.67 1455.0
2455644.88595 18.200 0.029 4.63 877.0
2455647.80344 18.228 0.032 4.87 829.0
2455647.84880 18.240 0.028 4.37 756.0
2455647.85889 18.166 0.027 4.25 756.0
2455647.87907 18.176 0.029 4.93 745.0
2455647.89506 18.199 0.032 5.54 751.0
2455648.75659 18.189 0.024 5.62 312.0
2455648.82199 18.202 0.020 4.47 287.0
2455648.86411 18.206 0.019 4.20 277.0
2455648.90944 18.175 0.025 6.55 299.0
2455649.76300 18.181 0.022 5.88 231.0
2455649.80498 18.187 0.021 5.39 241.0
2455649.86940 18.205 0.020 4.99 241.0
2455649.90764 18.210 0.021 5.73 262.0
2455650.75478 18.189 0.019 4.86 250.0
2455650.81726 18.166 0.017 4.21 234.0
2455650.86137 18.215 0.021 5.51 248.0
2455650.91022 18.157 0.020 4.80 294.0
2455651.77539 18.170 0.020 4.86 259.0
2455651.81843 18.198 0.021 4.97 261.0
2455651.89462 18.158 0.019 4.80 271.0
2455652.75546 18.184 0.018 4.24 256.0
2455652.81877 18.153 0.017 4.20 235.0
2455652.86068 18.154 0.018 4.63 248.0
2455653.77559 18.207 0.018 4.33 277.0
2455653.90463 18.230 0.017 3.46 261.0
2455654.77793 18.198 0.021 4.28 281.0
2455654.82723 18.200 0.020 4.92 244.0
2455654.86871 18.189 0.020 5.01 245.0
2455655.73770 18.288 0.025 4.79 377.0
2455655.77681 18.208 0.023 4.79 318.0
2455655.81476 18.209 0.023 4.88 294.0
2455655.85556 18.184 0.020 4.92 269.0
2455655.90526 18.148 0.020 6.63 274.0
2455656.79720 18.174 0.020 4.48 319.0
2455656.83808 18.193 0.017 3.69 298.0
2455656.92450 18.244 0.031 3.30 1545.0
2455657.78597 18.196 0.020 4.57 287.0
2455657.82697 18.216 0.018 3.72 284.0
2455657.87246 18.176 0.018 4.44 270.0
2455657.91684 18.193 0.019 3.96 354.0
2455658.78284 18.178 0.026 6.45 256.0
2455658.82083 18.227 0.025 5.89 250.0
2455658.82357 18.220 0.023 5.45 248.0
2455658.83986 18.230 0.022 5.20 250.0
2455658.87825 18.225 0.023 5.31 239.0
2455658.91939 18.180 0.026 5.62 358.0
2455659.73452 18.202 0.020 4.69 291.0
2455659.77213 18.194 0.021 5.03 278.0
2455659.81143 18.171 0.021 5.46 266.0
2455659.85327 18.221 0.024 5.87 370.0
2455659.90165 18.175 0.019 4.58 247.0
2455660.72569 18.179 0.024 6.27 309.0
2455660.77306 18.206 0.022 5.68 252.0
2455660.81641 18.253 0.021 4.95 253.0
2455660.87208 18.156 0.024 6.32 240.0
2455662.72478 18.178 0.028 6.77 320.0
2455662.76515 18.173 0.026 6.32 290.0
2455662.82690 18.242 0.022 4.78 346.0
2455662.86505 18.176 0.020 4.71 340.0
2455662.90701 18.190 0.021 4.48 337.0
2455663.76774 18.187 0.023 5.71 328.0
2455664.77018 18.198 0.027 6.57 355.0
2455664.81099 18.210 0.023 5.04 301.0
2455664.87140 18.222 0.029 6.36 319.0
2455664.91505 18.209 0.022 4.67 299.0
2455665.73905 18.199 0.029 6.33 338.0
2455665.78487 18.182 0.019 4.47 274.0
2455665.84920 18.138 0.020 5.31 253.0
2455665.89677 18.195 0.017 3.78 264.0
2455667.72096 18.199 0.022 4.64 425.0
2455667.77355 18.197 0.022 4.50 375.0
2455667.82601 18.198 0.020 4.70 346.0
2455667.87871 18.204 0.017 3.34 302.0
2455667.92436 18.193 0.019 3.61 369.0
2455668.76249 18.218 0.030 5.20 525.0
2455668.82997 18.105 0.029 5.12 904.0
2455668.88708 18.174 0.033 4.28 1503.0
2455668.92622 18.173 0.030 4.06 946.0
2455669.77582 18.135 0.020 3.68 586.0
2455669.81457 18.160 0.023 4.56 552.0
2455669.87659 18.156 0.026 4.49 633.0
2455669.92060 18.143 0.028 4.95 612.0
2455670.75036 18.148 0.028 5.13 663.0
2455670.80258 18.220 0.027 4.67 611.0
2455670.85474 18.218 0.028 4.84 627.0
2455670.89617 18.133 0.025 4.13 662.0
2455671.73173 18.202 0.030 5.28 713.0
2455671.77218 18.143 0.022 4.00 615.0
2455675.73425 18.200 0.024 4.29 526.0
2455675.77261 18.144 0.029 4.53 899.0
2455675.81197 18.257 0.037 4.78 1002.0
2455675.87133 18.217 0.020 3.54 382.0
2455675.92426 18.147 0.024 4.62 476.0
2455676.69923 18.162 0.014 4.38 176.0
2455676.73840 18.183 0.018 5.09 220.0
2455676.77727 18.224 0.020 4.92 282.0
2455676.82764 18.250 0.021 5.00 289.0
2455676.87815 18.116 0.016 3.34 290.0
2455676.92757 18.184 0.021 4.30 429.0
2455677.73335 18.190 0.020 4.66 297.0
2455677.77695 18.170 0.019 4.35 314.0
2455677.82734 18.189 0.022 5.28 288.0
2455677.87932 18.158 0.020 4.26 299.0
2455677.91921 18.216 0.018 3.60 328.0
2455679.69722 18.200 0.022 4.53 319.0
2455679.73912 18.164 0.019 4.26 313.0
2455679.79107 18.208 0.022 5.07 294.0
2455679.84212 18.191 0.021 4.16 320.0
2455679.88349 18.209 0.020 3.74 310.0
2455679.92241 18.152 0.021 4.70 352.0
2455680.68472 18.248 0.025 5.37 309.0
2455680.72314 18.185 0.026 5.96 279.0
2455680.77181 18.227 0.024 5.36 288.0
2455680.82505 18.201 0.021 4.61 288.0
2455680.86801 18.159 0.020 4.24 279.0
2455680.90881 18.162 0.018 4.18 284.0
2455681.67512 18.162 0.026 5.90 344.0
2455681.71334 18.170 0.021 4.77 318.0
2455681.75263 18.167 0.019 4.23 289.0
2455681.80352 18.190 0.021 4.94 296.0
2455681.85857 18.197 0.030 6.50 345.0
2455681.90025 18.192 0.022 4.63 367.0
2455682.66249 18.190 0.025 5.04 447.0
2455682.70330 18.228 0.025 5.22 417.0
2455682.75057 18.179 0.019 4.30 320.0
2455682.79311 18.248 0.024 5.22 345.0
2455682.88315 18.160 0.019 3.68 377.0
2455682.92283 18.204 0.022 4.64 395.0
2455683.68454 18.220 0.022 4.72 353.0
2455683.73406 18.204 0.022 4.91 304.0
2455683.80389 18.134 0.018 3.90 322.0
2455683.86225 18.233 0.023 4.70 401.0
2455683.90440 18.211 0.021 3.73 398.0
2455684.65410 18.162 0.021 4.64 385.0
2455684.70708 18.192 0.020 4.28 319.0
2455684.76623 18.180 0.020 4.38 293.0
2455684.81867 18.221 0.022 4.70 305.0
2455684.87806 18.179 0.021 4.21 323.0
2455684.91899 18.171 0.022 4.66 328.0
2455685.74478 18.190 0.019 4.18 284.0
2455685.79335 18.208 0.017 3.63 285.0
2455685.84572 18.218 0.017 3.39 290.0
2455685.88914 18.199 0.019 3.91 301.0
2455686.69402 18.217 0.023 5.58 337.0
2455686.74276 18.176 0.019 4.56 323.0
2455686.80013 18.180 0.019 4.28 337.0
2455686.84745 18.220 0.024 5.18 339.0
2455686.88939 18.194 0.026 5.60 333.0
2455686.92913 18.179 0.026 5.40 444.0
2455687.68609 18.138 0.027 6.23 444.0
2455687.72915 18.224 0.023 5.33 333.0
2455687.77996 18.155 0.020 5.01 309.0
2455687.83322 18.138 0.017 3.92 310.0
2455688.84605 18.194 0.020 4.38 280.0
2455688.91407 18.195 0.029 4.79 721.0
2455689.68651 18.154 0.019 4.80 299.0
2455689.75138 18.205 0.023 5.54 275.0
2455689.80070 18.211 0.018 3.98 258.0
2455690.66768 18.242 0.022 5.17 292.0
2455690.71864 18.144 0.019 5.05 267.0
2455690.78098 18.235 0.025 5.72 292.0
2455690.88397 18.146 0.027 6.04 437.0
2455691.64642 18.154 0.025 6.11 356.0
2455691.70778 18.156 0.021 5.18 289.0
2455691.75823 18.192 0.022 5.28 303.0
2455691.80254 18.183 0.021 4.74 322.0
2455691.85105 18.196 0.024 5.19 345.0
2455691.90819 18.140 0.026 6.18 363.0
2455692.64950 18.273 0.033 6.66 484.0
2455692.70640 18.176 0.022 5.08 373.0
2455692.75369 18.138 0.020 4.65 346.0
2455692.79165 18.235 0.020 4.22 397.0
2455692.83199 18.165 0.026 5.45 427.0
2455692.87065 18.166 0.021 3.87 492.0
2455692.90830 18.232 0.027 5.18 505.0
2455693.61618 18.244 0.025 4.96 494.0
2455693.65878 18.102 0.023 5.57 409.0
2455693.72818 18.167 0.020 4.72 347.0
2455693.77722 18.203 0.019 4.05 353.0
2455693.81580 18.195 0.019 3.71 396.0
2455693.85397 18.221 0.021 3.88 473.0
2455693.89184 18.158 0.023 4.77 518.0
2455693.93366 18.157 0.031 6.77 610.0
2455694.63501 18.214 0.026 4.88 513.0
2455694.66997 18.174 0.021 4.07 458.0
2455694.73497 18.139 0.024 5.23 440.0
2455694.78252 18.176 0.025 5.52 422.0
2455694.82476 18.171 0.022 4.71 385.0
2455694.86202 18.161 0.022 4.76 374.0
2455694.89962 18.163 0.024 5.24 450.0
2455694.93876 18.262 0.045 7.16 1011.0
2455695.64516 18.182 0.031 6.65 421.0
2455695.69349 18.176 0.028 5.63 524.0
2455695.78117 18.203 0.022 4.93 373.0
2455695.82504 18.169 0.020 3.87 415.0
2455695.86416 18.166 0.020 4.50 306.0
2455695.90160 18.188 0.021 5.37 304.0
2455695.93959 18.182 0.036 6.93 768.0
2455696.62962 18.186 0.028 4.68 639.0
2455696.68130 18.232 0.025 4.47 495.0
2455696.72876 18.191 0.023 4.45 421.0
2455696.76798 18.242 0.028 6.43 394.0
2455696.81013 18.182 0.024 4.79 469.0
2455696.85266 18.166 0.025 4.66 513.0
2455696.90305 18.160 0.024 5.91 364.0
2455697.60183 18.178 0.031 4.91 827.0
2455697.63895 18.180 0.027 4.41 661.0
2455697.69655 18.143 0.023 4.24 549.0
2455697.73400 18.275 0.030 5.06 553.0
2455697.77497 18.146 0.026 5.95 543.0
2455697.81650 18.124 0.021 3.43 598.0
2455697.85469 18.176 0.023 3.81 602.0
2455697.89876 18.182 0.026 4.99 586.0
2455697.93919 18.127 0.039 7.10 1192.0
2455698.63164 18.098 0.034 4.99 1167.0
2455698.68091 18.182 0.035 5.64 920.0
2455698.71987 18.214 0.036 5.67 892.0
2455698.76008 18.263 0.040 6.31 827.0
2455698.80118 18.187 0.031 4.85 914.0
2455698.84093 18.224 0.029 4.39 909.0
2455698.88070 18.231 0.037 5.59 984.0
2455698.92545 18.079 0.040 6.53 1111.0
2455702.78442 18.200 0.056 5.73 2204.0
2455703.74607 18.243 0.035 7.37 450.0
2455703.81722 18.147 0.036 7.91 526.0
2455703.86688 18.235 0.040 7.67 614.0
2455705.73870 18.244 0.030 6.53 331.0
2455705.78155 18.277 0.025 5.42 328.0
2455705.83302 18.169 0.025 5.58 327.0
2455705.88705 18.207 0.035 7.34 434.0
2455705.93646 18.169 0.039 8.07 607.0
2455706.71516 18.198 0.027 6.58 310.0
2455706.77061 18.221 0.029 6.65 278.0
2455706.84307 18.179 0.027 5.97 417.0
2455707.57326 18.188 0.030 6.36 460.0
2455707.61571 18.267 0.028 5.96 330.0
2455707.66276 18.179 0.024 5.93 284.0
2455707.71050 18.179 0.023 5.47 317.0
2455707.74902 18.188 0.022 5.01 347.0
2455707.78975 18.194 0.019 3.82 368.0
2455707.82951 18.194 0.023 4.33 442.0
2455707.86928 18.208 0.028 5.59 441.0
2455707.90963 18.191 0.036 7.17 495.0
2455708.59436 18.188 0.027 6.16 403.0
2455708.64055 18.153 0.031 7.49 400.0
2455708.69037 18.241 0.023 5.45 263.0
2455708.73951 18.226 0.024 5.77 276.0
2455708.78135 18.183 0.028 6.67 283.0
2455708.83119 18.222 0.023 4.90 375.0
2455708.87858 18.171 0.033 7.06 583.0
2455709.56323 18.181 0.024 5.75 351.0
2455709.61080 18.211 0.025 6.23 290.0
2455709.62353 18.166 0.024 5.91 286.0
2455709.66358 18.245 0.023 5.96 295.0
2455710.73161 18.360 0.027 6.06 314.0
2455712.56497 18.180 0.039 7.68 759.0
2455712.63537 18.202 0.026 5.39 389.0
2455712.64790 18.268 0.026 5.54 358.0
2455712.70893 18.186 0.021 4.81 346.0
2455712.74975 18.237 0.020 4.15 331.0
2455712.79144 18.253 0.021 4.05 361.0
2455712.83051 18.216 0.022 4.82 337.0
2455712.87794 18.198 0.026 6.68 404.0
2455713.75829 18.218 0.019 4.43 304.0
2455713.79442 18.224 0.021 4.82 325.0
2455713.80687 18.227 0.020 4.41 335.0
2455713.84529 18.170 0.025 6.23 321.0
2455714.57431 18.189 0.030 6.49 509.0
2455714.65514 18.211 0.022 5.59 237.0
2455714.66809 18.074 0.016 5.10 242.0
2455714.87271 18.209 0.032 7.43 463.0
2455715.65572 18.200 0.020 4.64 280.0
2455715.70035 18.174 0.018 4.66 241.0
2455715.74538 18.185 0.018 4.55 258.0
2455715.79197 18.175 0.018 4.32 254.0
2455715.83451 18.195 0.021 5.25 289.0
2455715.88970 18.282 0.032 6.83 327.0
2455716.57445 18.214 0.027 6.01 362.0
2455716.66513 18.179 0.024 6.16 252.0
2455716.67787 18.178 0.026 6.40 245.0
2455716.73059 18.228 0.021 5.33 227.0
2455716.77405 18.176 0.025 6.20 237.0
2455716.81391 18.246 0.024 5.58 239.0
2455716.85375 18.210 0.028 6.68 347.0
2455716.89289 18.212 0.029 6.84 340.0
2455721.59551 18.083 0.022 4.33 496.0
2455721.60801 18.162 0.025 5.16 406.0
2455721.62042 18.146 0.025 5.69 419.0
2455721.67277 18.256 0.025 5.20 405.0
2455721.68535 18.137 0.022 5.12 352.0
2455721.69851 18.240 0.024 5.29 357.0
2455721.76570 18.211 0.021 4.74 310.0
2455721.80527 18.195 0.022 5.16 352.0
2455721.84636 18.228 0.027 5.98 386.0
2455721.89625 18.131 0.031 6.77 447.0
2455722.59073 18.151 0.020 3.75 428.0
2455722.64516 18.179 0.022 4.92 348.0
2455722.69976 18.158 0.021 4.79 306.0
2455722.76526 18.200 0.021 3.93 357.0
2455722.80500 18.155 0.022 4.27 407.0
2455723.54622 18.207 0.031 5.40 527.0
2455723.58571 18.177 0.023 4.41 402.0
2455723.63384 18.201 0.023 5.08 344.0
2455723.68379 18.175 0.023 5.26 331.0
2455723.72381 18.213 0.020 4.37 306.0
2455723.76336 18.182 0.019 3.64 353.0
2455723.80194 18.165 0.019 4.28 288.0
2455723.84159 18.184 0.023 5.34 326.0
2455724.53701 18.063 0.036 6.45 690.0
2455724.58463 18.188 0.031 5.35 551.0
2455724.59885 18.181 0.029 5.08 500.0
2455724.66213 18.264 0.027 5.04 400.0
2455724.72354 18.138 0.024 5.57 365.0
2455724.77335 18.212 0.024 4.59 384.0
2455724.81441 18.189 0.027 5.54 389.0
2455725.56441 18.189 0.023 4.35 504.0
2455725.63178 18.181 0.022 4.37 458.0
2455725.69843 18.182 0.019 3.83 472.0
2455725.73901 18.194 0.021 3.57 526.0
2455725.77791 18.184 0.023 4.15 508.0
2455726.53640 18.092 0.042 6.29 1117.0
2455726.57876 18.170 0.033 5.24 778.0
2455726.62583 18.209 0.032 5.45 696.0
2455726.67316 18.134 0.032 5.61 655.0
2455726.71263 18.203 0.023 3.82 668.0
2455726.75316 18.161 0.026 4.06 717.0
2455726.79864 18.261 0.034 5.47 756.0
2455734.61108 18.169 0.027 6.52 335.0
2455734.68830 18.220 0.028 6.00 351.0
2455734.73625 18.238 0.032 6.76 354.0
2455734.77990 18.179 0.027 5.94 331.0
2455734.82990 18.198 0.031 6.45 400.0
2455734.87250 18.304 0.048 8.58 453.0
2455735.66340 18.254 0.031 7.31 268.0
2455735.72326 18.193 0.023 5.37 304.0
2455735.77272 18.190 0.022 5.16 303.0
2455735.81897 18.160 0.021 4.49 358.0
2455735.86584 18.251 0.032 6.16 449.0
2455736.52092 18.166 0.029 6.00 481.0
2455736.56393 18.152 0.022 4.78 372.0
2455736.60447 18.208 0.018 3.92 269.0
2455736.64821 18.174 0.016 3.44 254.0
2455736.68835 18.191 0.018 4.42 231.0
2455736.76977 18.184 0.018 3.59 314.0
2455736.81532 18.165 0.020 4.19 324.0
2455736.86243 18.163 0.022 4.58 425.0
2455737.50735 18.187 0.034 6.90 443.0
2455737.54723 18.220 0.022 4.40 398.0
2455737.59974 18.195 0.018 4.18 276.0
2455737.64212 18.185 0.016 3.68 247.0
2455737.69696 18.183 0.017 3.90 219.0
2455737.73648 18.180 0.017 4.12 224.0
2455737.77709 18.202 0.019 4.28 252.0
2455737.82383 18.187 0.020 4.54 293.0
2455737.86510 18.193 0.025 5.62 375.0
2455738.53725 18.206 0.024 4.99 359.0
2455738.57669 18.193 0.020 4.30 278.0
2455738.61740 18.264 0.023 5.37 256.0
2455738.66885 18.189 0.017 3.85 265.0
2455738.72303 18.224 0.019 4.23 279.0
2455738.76275 18.221 0.018 4.18 306.0
2455739.51558 18.184 0.027 5.27 443.0
2455739.55360 18.110 0.024 5.29 370.0
2455739.59188 18.128 0.024 6.21 271.0
2455739.64286 18.177 0.019 4.90 234.0
2455739.70096 18.173 0.020 5.13 220.0
2455739.73905 18.190 0.020 4.76 252.0
2455739.77811 18.156 0.022 5.24 302.0
2455739.82542 18.205 0.026 6.41 326.0
2455739.87467 18.257 0.039 7.43 432.0
2455740.53063 18.191 0.026 5.55 377.0
2455740.57283 18.206 0.032 6.75 333.0
2455740.63417 18.218 0.025 6.31 246.0
2455740.68816 18.233 0.021 4.48 257.0
2455740.73750 18.177 0.020 4.12 279.0
2455740.77640 18.197 0.021 4.74 290.0
2455740.82131 18.200 0.027 5.82 353.0
2455740.86828 18.181 0.033 6.82 449.0
2455741.50817 18.150 0.025 5.01 447.0
2455741.54638 18.181 0.023 4.87 331.0
2455741.59158 18.222 0.022 4.86 274.0
2455741.62947 18.170 0.019 4.45 233.0
2455741.68012 18.216 0.018 4.26 229.0
2455741.72912 18.169 0.019 4.10 249.0
2455741.77020 18.226 0.020 4.20 241.0
2455741.80879 18.198 0.021 4.32 281.0
2455741.84681 18.192 0.021 4.56 337.0
2455741.88558 18.207 0.024 4.75 425.0
2455742.52121 18.150 0.025 4.67 451.0
2455742.56442 18.145 0.024 4.56 409.0
2455742.60267 18.210 0.021 4.67 263.0
2455742.66174 18.200 0.017 4.08 221.0
2455742.70337 18.184 0.019 4.35 221.0
2455742.74196 18.187 0.017 3.53 282.0
2455742.78023 18.206 0.018 3.75 271.0
2455742.81831 18.153 0.019 3.96 296.0
2455742.85846 18.156 0.021 4.76 345.0
2455743.61447 18.205 0.026 5.47 286.0
2455743.65236 18.229 0.026 5.70 282.0
2455743.70580 18.226 0.026 5.77 277.0
2455743.75333 18.169 0.024 5.23 349.0
2455743.79113 18.219 0.024 4.86 334.0
2455743.82905 18.206 0.025 4.67 387.0
2455743.86684 18.184 0.031 6.17 477.0
2455744.51090 18.143 0.029 5.76 474.0
2455744.54877 18.210 0.026 5.02 382.0
2455744.58734 18.181 0.025 5.65 352.0
2455744.62554 18.196 0.022 4.86 304.0
2455744.70089 18.152 0.019 4.45 249.0
2455744.76209 18.222 0.023 5.26 257.0
2455744.80582 18.155 0.022 4.99 303.0
2455744.85134 18.231 0.035 6.96 390.0
2455745.49983 18.245 0.029 5.91 387.0
2455745.53908 18.251 0.026 5.88 308.0
2455745.58585 18.182 0.026 6.26 300.0
2455745.62557 18.232 0.028 6.23 293.0
2455745.68601 18.190 0.022 5.02 290.0
2455745.72438 18.188 0.019 4.42 279.0
2455745.76254 18.153 0.023 5.94 259.0
2455745.80048 18.216 0.031 7.14 284.0
2455746.54344 18.164 0.027 6.86 475.0
2455746.59707 18.171 0.022 5.09 279.0
2455746.63495 18.231 0.026 6.03 271.0
2455746.70362 18.209 0.024 6.06 239.0
2455746.74138 18.235 0.023 5.40 255.0
2455746.77898 18.209 0.026 5.87 304.0
2455746.82140 18.198 0.033 7.56 298.0
2455747.59841 18.175 0.035 7.48 350.0
2455747.64183 18.208 0.030 7.12 262.0
2455747.68832 18.186 0.034 8.06 275.0
2455747.73149 18.226 0.032 7.42 262.0
2455747.77566 18.227 0.029 6.46 295.0
2455748.61748 18.077 0.026 6.14 396.0
2455748.66892 18.229 0.023 5.21 353.0
2455749.51298 18.167 0.031 6.57 420.0
2455749.55058 18.192 0.025 5.86 334.0
2455749.58838 18.214 0.023 5.53 289.0
2455749.62841 18.135 0.021 5.18 293.0
2455749.67872 18.222 0.028 6.86 242.0
2455749.71728 18.275 0.026 5.89 250.0
2455749.75550 18.206 0.027 6.30 262.0
2455749.79504 18.211 0.030 7.17 284.0
2455752.55708 18.241 0.032 6.37 437.0
2455752.60113 18.167 0.037 7.24 618.0
2455752.65139 18.169 0.025 5.20 497.0
2455752.70171 18.228 0.024 5.06 454.0
2455752.74748 18.155 0.021 4.71 470.0
2455753.53743 18.280 0.040 6.53 729.0
2455753.58585 18.232 0.045 5.71 1421.0
2455753.64241 18.119 0.039 5.38 1596.0
2455753.73739 18.163 0.060 6.89 2031.0
2455759.81956 18.305 0.047 6.64 739.0
2455760.47792 18.298 0.047 7.94 551.0
2455760.51557 18.243 0.033 6.88 375.0
2455760.57204 18.207 0.031 6.38 429.0
2455760.62399 18.167 0.026 5.37 435.0
2455760.67168 18.135 0.023 5.13 401.0
2455760.72312 18.135 0.025 5.34 455.0
2455760.76138 18.163 0.023 4.66 444.0
2455760.79907 18.183 0.024 4.50 534.0
2455761.49261 18.311 0.018 4.56 320.0
2455761.53407 18.161 0.015 4.31 298.0
2455761.59057 18.113 0.018 3.68 632.0
2455762.49914 18.173 0.026 5.22 317.0
2455762.53738 18.155 0.022 4.45 310.0
2455762.57531 18.203 0.026 5.69 321.0
2455762.61691 18.222 0.028 6.16 327.0
2455762.65618 18.184 0.025 5.73 301.0
2455762.69343 18.227 0.024 4.80 315.0
2455762.73166 18.148 0.026 5.30 360.0
2455763.48724 18.197 0.024 4.66 400.0
2455763.53185 18.204 0.019 3.76 353.0
2455763.57331 18.152 0.017 4.03 300.0
2455763.67371 18.156 0.024 5.79 330.0
2455763.72140 18.177 0.022 4.40 406.0
2455763.75910 18.247 0.026 4.84 493.0
2455764.49690 18.187 0.023 4.66 365.0
2455764.53650 18.202 0.021 4.51 342.0
2455764.57644 18.252 0.023 4.78 347.0
2455764.62565 18.169 0.018 4.17 257.0
2455764.66717 18.174 0.018 4.38 220.0
2455764.71512 18.200 0.019 4.13 301.0
2455764.78298 18.119 0.023 5.97 367.0
2455765.49513 18.173 0.023 4.80 419.0
2455765.53832 18.161 0.023 4.77 424.0
2455765.60091 18.156 0.018 3.73 367.0
2455765.64728 18.202 0.020 4.02 353.0
2455765.69041 18.182 0.024 5.24 364.0
2455765.73811 18.170 0.024 5.90 319.0
2455766.46834 18.092 0.029 5.32 641.0
2455766.50703 18.125 0.020 4.95 287.0
2455766.56139 18.160 0.024 5.99 270.0
2455766.61108 18.171 0.019 4.54 259.0
2455766.65191 18.149 0.019 4.33 245.0
2455766.69338 18.149 0.021 5.39 234.0
2455766.73682 18.237 0.028 6.97 244.0
2455767.48396 18.262 0.030 6.23 369.0
2455767.52860 18.124 0.025 5.74 340.0
2455767.57152 18.176 0.022 4.69 334.0
2455767.63211 18.124 0.023 5.70 324.0
2455767.69604 18.202 0.024 5.07 325.0
2455767.73840 18.220 0.024 5.70 285.0
2455767.77966 18.152 0.031 7.13 329.0
2455768.47356 18.225 0.029 5.94 404.0
2455768.51389 18.200 0.022 5.15 313.0
2455768.57423 18.185 0.020 4.61 337.0
2455768.61702 18.218 0.020 4.66 303.0
2455768.66369 18.174 0.018 4.33 273.0
2455768.71386 18.180 0.019 4.21 290.0
2455768.75413 18.186 0.022 4.70 336.0
2455768.79282 18.152 0.024 5.14 415.0
2455769.49901 18.230 0.026 5.56 356.0
2455769.54019 18.184 0.019 4.48 276.0
2455769.59531 18.210 0.022 5.48 251.0
2455769.66265 18.188 0.018 4.11 236.0
2455769.71216 18.202 0.021 4.68 285.0
2455769.75450 18.188 0.023 5.37 306.0
2455770.65505 18.148 0.027 6.28 302.0
2455770.73975 18.182 0.023 4.76 310.0
2455775.55422 18.216 0.028 6.31 251.0
2455775.62102 18.228 0.028 6.84 231.0
2455776.52628 18.252 0.034 7.09 320.0
2455776.58756 18.247 0.034 7.36 299.0
2455776.63410 18.181 0.024 6.00 230.0
2455776.70229 18.195 0.023 5.34 255.0
2455776.75052 18.183 0.033 7.45 309.0
2455777.50656 18.187 0.019 4.05 348.0
2455777.55655 18.182 0.018 4.12 300.0
2455777.63267 18.220 0.021 4.68 274.0
2455777.69300 18.168 0.018 4.15 273.0
2455777.75765 18.208 0.020 4.23 316.0
2455778.49023 18.210 0.035 6.84 428.0
2455778.54228 18.199 0.033 6.98 381.0
2455778.59447 18.193 0.028 5.53 447.0
2455779.58260 18.201 0.020 4.26 305.0
2455779.62815 18.198 0.018 3.83 282.0
2455779.68238 18.179 0.025 5.71 316.0
2455779.72337 18.206 0.023 5.29 312.0
2455784.51276 18.151 0.052 4.54 2895.0
2455784.59897 18.266 0.028 4.27 605.0
2455785.48789 18.275 0.040 6.29 574.0
2455785.55935 18.146 0.034 5.93 612.0
2455785.60997 18.210 0.034 5.74 557.0
2455785.65440 18.155 0.033 6.01 570.0
2455785.69669 18.353 0.040 6.62 605.0
2455786.47713 18.285 0.043 6.11 677.0
2455786.55389 18.187 0.036 6.31 580.0
2455786.59828 18.279 0.027 4.46 492.0
2455786.64133 18.192 0.026 4.80 503.0
2455786.69520 18.220 0.032 5.60 578.0
2455786.74223 18.231 0.045 7.21 737.0
2455787.51854 18.167 0.024 4.65 501.0
2455787.57702 18.138 0.022 4.36 467.0
2455787.61977 18.147 0.021 4.04 476.0
2455787.66055 18.155 0.025 4.74 522.0
2455787.70346 18.142 0.027 5.56 597.0
2455788.47220 18.205 0.037 6.60 599.0
2455788.52760 18.150 0.024 4.76 401.0
2455788.58180 18.184 0.024 4.77 418.0
2455788.62012 18.160 0.023 4.44 422.0
2455788.66276 18.165 0.030 5.73 439.0
2455788.70644 18.255 0.048 8.18 530.0
2455788.74419 18.211 0.047 8.63 647.0
2455790.50792 18.165 0.027 6.62 272.0
2455790.55986 18.216 0.032 7.36 316.0
2455790.60056 18.174 0.026 6.14 324.0
2455790.63947 18.133 0.024 5.59 334.0
2455790.68058 18.183 0.025 4.75 508.0
2455790.72073 18.210 0.026 5.36 423.0
2455791.48847 18.177 0.026 5.77 337.0
2455791.56707 18.179 0.021 4.90 317.0
2455793.48942 18.219 0.025 5.89 311.0
2455793.55481 18.171 0.022 5.26 273.0
2455793.59453 18.221 0.024 5.78 278.0
2455793.63567 18.171 0.022 5.41 281.0
2455793.67491 18.182 0.021 4.84 307.0
2455793.71520 18.184 0.029 6.46 367.0
2455794.49230 18.158 0.025 5.87 294.0
2455794.56027 18.137 0.023 5.87 241.0
2455794.60189 18.218 0.024 5.56 261.0
2455794.64295 18.198 0.023 5.24 283.0
2455794.68851 18.216 0.022 4.70 346.0
2455795.53984 18.163 0.028 6.91 275.0
2455795.60970 18.173 0.037 8.55 282.0
2455795.69665 18.166 0.026 5.98 301.0
2455795.73367 18.096 0.026 6.71 304.0
2455796.51392 18.185 0.020 4.62 313.0
2455796.58350 18.175 0.027 6.55 319.0
2455796.62260 18.164 0.020 4.87 283.0
2455796.66389 18.198 0.023 5.28 269.0
2455796.70534 18.089 0.031 7.04 408.0
2455798.68635 18.224 0.033 7.49 318.0
2455801.50434 18.175 0.021 4.97 281.0
2455801.55731 18.157 0.024 6.04 256.0
2455801.59636 18.114 0.024 6.46 255.0
2455801.63433 18.200 0.032 7.34 282.0
2455801.67590 18.220 0.031 6.88 301.0
2455802.54632 18.208 0.027 6.09 283.0
2455802.59010 18.216 0.028 6.56 282.0
2455803.52275 18.156 0.026 6.01 292.0
2455803.60701 18.255 0.029 6.24 337.0
2455804.53023 18.150 0.021 5.39 292.0
2455804.56849 18.164 0.020 4.82 282.0
2455804.60885 18.222 0.022 5.11 273.0
2455804.64678 18.181 0.026 5.81 335.0
2455804.69076 18.247 0.029 5.95 411.0
2455805.53077 18.185 0.020 4.83 273.0
2455805.56915 18.178 0.018 4.13 267.0
2455805.61016 18.177 0.024 5.76 306.0
2455805.65856 18.181 0.029 7.08 363.0
2455806.52436 18.218 0.030 6.07 367.0
2455806.59476 18.216 0.031 6.42 332.0
2455807.56469 18.150 0.027 6.55 292.0
2455807.60702 18.206 0.033 7.01 328.0
2455807.64676 18.199 0.027 6.02 306.0
2455812.50983 18.197 0.041 6.94 597.0
2455812.55013 18.101 0.034 5.86 614.0
2455812.58951 18.170 0.038 5.32 869.0
2455812.63211 18.196 0.054 5.60 1821.0
2455813.52144 18.198 0.029 5.91 482.0
2455813.56348 18.230 0.023 3.84 507.0
2455813.60171 18.133 0.020 3.52 551.0
2455813.63947 18.148 0.023 4.25 587.0
2455815.50016 18.161 0.022 4.64 427.0
2455815.54280 18.184 0.021 4.10 445.0
2455815.59029 18.179 0.022 3.77 493.0
2455815.62815 18.169 0.021 3.34 572.0
2455815.66457 18.171 0.024 3.77 666.0
2455816.51406 18.186 0.022 4.22 482.0
2455816.56151 18.161 0.025 4.63 530.0
2455816.59971 18.107 0.033 6.37 551.0
2455816.64038 18.175 0.040 7.29 559.0
2455817.51525 18.184 0.022 4.35 431.0
2455817.56250 18.222 0.028 5.04 456.0
2455817.60167 18.227 0.034 7.23 430.0
2455817.64138 18.105 0.034 7.93 542.0
2455818.50609 18.137 0.025 5.13 393.0
2455818.54397 18.197 0.027 4.92 452.0
2455818.58191 18.190 0.034 6.68 475.0
2455818.62238 18.178 0.038 7.11 596.0
2455819.49437 18.154 0.025 5.41 393.0
2455819.55263 18.233 0.026 4.96 450.0
2455819.59011 18.190 0.025 4.47 482.0
2455819.62942 18.106 0.027 5.15 565.0
2455820.48296 18.179 0.036 6.89 492.0
2455820.52120 18.129 0.027 5.73 410.0
2455820.56826 18.215 0.027 5.29 400.0
2455820.60610 18.163 0.027 4.95 476.0
2455820.64400 18.282 0.037 6.40 548.0
2455822.52528 18.136 0.028 6.54 269.0
2455822.57026 18.230 0.028 6.04 278.0
2455822.61374 18.195 0.026 5.68 319.0
2455823.50186 18.265 0.036 6.90 340.0
2455823.54518 18.126 0.030 6.36 345.0
2455823.58869 18.209 0.028 5.53 361.0
2455823.62919 18.258 0.036 6.89 393.0
2455824.52752 18.134 0.022 4.90 322.0
2455824.56675 18.216 0.020 4.13 300.0
2455824.60798 18.103 0.024 5.54 330.0
2455825.48751 18.250 0.034 6.29 417.0
2455825.53707 18.151 0.026 5.16 379.0
2455825.58342 18.131 0.025 5.66 408.0
2455825.62576 18.184 0.027 6.69 374.0
2455826.50657 18.216 0.030 6.14 332.0
2455826.55524 18.202 0.029 5.89 359.0
2455826.59475 18.220 0.034 7.03 425.0
2455827.49497 18.303 0.038 6.66 439.0
2455827.53265 18.256 0.034 5.91 452.0
2455827.57549 18.200 0.032 6.33 454.0
2455827.61306 18.220 0.034 7.63 413.0
2455828.50612 18.180 0.022 4.65 304.0
2455828.54603 18.205 0.023 4.67 308.0
2455828.58365 18.165 0.024 5.10 347.0
2455828.61840 18.205 0.027 5.62 424.0
2455829.51888 18.135 0.023 4.72 392.0
2455829.55681 18.153 0.020 4.61 405.0
2455829.59507 18.218 0.024 5.82 384.0
2455830.48274 18.186 0.023 4.20 486.0
2455830.53203 18.136 0.020 4.96 331.0
2455830.56970 18.151 0.025 6.12 347.0
2455831.48026 18.114 0.032 4.29 1262.0
2455831.53882 18.177 0.022 5.36 340.0
2455831.57626 18.188 0.024 6.22 346.0
2455831.61195 18.179 0.031 8.05 418.0
2455832.52224 18.162 0.021 4.65 379.0
2455832.56185 18.163 0.025 5.76 402.0
2455832.60009 18.065 0.032 8.01 424.0
2455833.52014 18.153 0.021 4.51 345.0
2455833.55967 18.182 0.023 5.44 326.0
2455833.59761 18.193 0.032 7.26 363.0
2455834.51934 18.215 0.021 4.72 334.0
2455834.55710 18.271 0.023 5.45 332.0
2455834.59329 18.136 0.026 6.31 355.0
2455835.54050 18.163 0.034 6.64 405.0
2455836.50291 18.154 0.042 6.03 968.0
2455836.53612 18.138 0.035 4.89 1003.0
2455836.56796 18.134 0.044 7.01 1093.0
2455839.48577 18.271 0.042 6.06 797.0
2455839.52568 18.283 0.036 5.90 541.0
2455839.56462 18.192 0.040 5.88 984.0
2455839.59499 18.148 0.062 6.26 2265.0
2455840.51564 18.208 0.030 5.31 485.0
2455840.56664 18.210 0.028 4.74 542.0
2455840.60845 18.155 0.030 5.50 629.0
2455841.51177 18.132 0.033 6.17 566.0
2455841.55141 18.120 0.031 5.44 606.0
2455841.59440 18.247 0.040 6.22 676.0
2455842.51376 18.154 0.039 7.08 513.0
2455842.55791 18.333 0.043 6.53 557.0
2455843.51535 18.196 0.032 6.09 501.0
2455843.55618 18.194 0.035 6.46 515.0
2455843.59668 18.182 0.040 7.38 590.0
2455844.49966 18.173 0.029 5.49 529.0
2455844.53912 18.192 0.031 5.54 554.0
2455844.57989 18.115 0.038 6.66 649.0
2455845.50002 18.320 0.042 6.96 530.0
2455845.53987 18.204 0.032 5.59 639.0
2455845.58018 18.244 0.049 7.32 785.0
2455846.50386 18.216 0.041 6.45 665.0
2455846.54188 18.271 0.045 6.46 744.0
2455846.58070 18.236 0.055 7.42 922.0
2455850.51457 18.122 0.024 5.09 447.0
2455850.55320 18.171 0.026 5.21 432.0
2455851.50350 18.193 0.025 5.47 391.0
2455851.54185 18.187 0.028 5.86 389.0
2455852.49136 18.151 0.043 6.23 868.0
2455852.53133 18.159 0.038 6.49 637.0
2455854.49488 18.122 0.039 6.16 761.0
2455854.53809 18.166 0.032 5.66 573.0
2455855.52390 18.340 0.039 5.59 584.0
2455855.55186 18.278 0.038 6.62 562.0
2455856.52390 18.200 0.038 6.61 531.0
2455857.49427 18.188 0.055 8.53 827.0
2455858.49630 18.238 0.053 8.27 679.0
2455859.49505 18.224 0.049 6.09 1074.0
2455859.53248 18.129 0.030 6.12 522.0
2455860.50858 18.223 0.033 5.91 491.0
2455861.49692 18.169 0.042 6.27 959.0
2455861.53237 18.293 0.039 7.20 553.0
2455862.51660 18.218 0.030 6.13 420.0
2455866.51063 18.083 0.044 6.99 908.0
2455867.51381 18.183 0.030 5.51 618.0
2455868.51516 18.139 0.041 6.97 680.0
2455869.50608 18.264 0.060 7.49 862.0
2455870.51072 18.154 0.032 6.10 816.0
2455872.49928 18.234 0.056 6.85 1945.0
2455873.50046 18.180 0.050 5.80 1654.0
2455961.87870 18.198 0.033 5.58 769.0
2455969.88731 18.210 0.037 5.95 857.0
2455971.86166 18.196 0.023 4.77 454.0
2455972.87730 18.164 0.027 4.26 919.0
2455976.86712 18.158 0.021 4.82 309.0
2455977.82522 18.117 0.025 5.17 453.0
2455977.86603 18.134 0.022 4.77 396.0
2455978.83807 18.248 0.025 5.79 337.0
2455978.87655 18.121 0.020 5.01 312.0
2455979.82890 18.153 0.030 6.85 412.0
2455979.86837 18.133 0.029 6.64 352.0
2455980.84986 18.220 0.033 7.17 395.0
2455982.81562 18.136 0.023 5.64 344.0
2455982.85429 18.140 0.019 4.83 287.0
2455982.90155 18.109 0.031 4.73 1018.0
2455983.84606 18.118 0.021 5.15 339.0
2455983.89361 18.161 0.017 3.39 339.0
2455984.83637 18.138 0.020 4.87 307.0
2455984.88370 18.138 0.017 3.67 299.0
2455985.81197 18.139 0.024 5.54 398.0
2455985.85862 18.138 0.022 5.30 345.0
2455985.90214 18.156 0.029 4.55 822.0
2455986.82861 18.203 0.024 5.22 386.0
2455986.86698 18.135 0.018 4.42 321.0
2455987.80802 18.199 0.031 6.95 426.0
2455987.84343 18.157 0.021 4.72 361.0
2455987.89284 18.133 0.019 4.09 320.0
2455988.81949 18.198 0.026 5.83 359.0
2455988.86044 18.157 0.021 4.47 344.0
2455989.80350 18.190 0.027 6.57 303.0
2455989.83808 18.203 0.022 5.42 278.0
2455989.87992 18.139 0.024 6.12 251.0
2455990.79776 18.208 0.028 6.69 314.0
2455990.83447 18.115 0.019 5.03 300.0
2455990.87593 18.116 0.023 5.69 291.0
2455991.80814 18.213 0.037 7.20 444.0
2455991.85101 18.150 0.021 5.33 291.0
2455991.90254 18.192 0.022 4.34 433.0
2455992.82608 18.134 0.023 4.67 453.0
2455992.86818 18.134 0.018 4.00 312.0
2455993.78702 18.149 0.035 6.81 541.0
2455993.83361 18.200 0.036 7.14 439.0
2455993.87348 18.120 0.023 5.03 383.0
2455994.80249 18.122 0.025 4.37 706.0
2455994.82785 18.198 0.024 4.20 596.0
2455994.87857 18.080 0.022 4.59 501.0
2455995.78130 18.147 0.023 4.01 663.0
2455995.81050 18.149 0.022 3.86 583.0
2455995.84368 18.160 0.021 3.60 507.0
2455995.89281 18.165 0.020 3.99 442.0
2455996.79728 18.155 0.022 4.31 509.0
2455996.83485 18.132 0.022 4.58 457.0
2455996.88160 18.103 0.016 3.39 393.0
2455997.79271 18.140 0.028 5.95 477.0
2455997.82870 18.102 0.022 5.07 429.0
2455997.87706 18.136 0.021 4.45 403.0
2455997.91478 18.107 0.037 4.11 2216.0
2455998.80457 18.121 0.024 5.03 474.0
2455998.85354 18.200 0.023 5.16 402.0
2455998.89483 18.135 0.020 4.20 393.0
2455999.78896 18.177 0.026 5.28 511.0
2455999.83797 18.151 0.022 4.57 473.0
2455999.87589 18.139 0.020 3.91 419.0
2455999.91389 18.138 0.025 3.87 866.0
2456002.81056 18.046 0.034 4.65 1276.0
2456002.84050 18.165 0.035 4.37 1273.0
2456002.88120 18.120 0.033 4.32 1216.0
2456003.86231 18.240 0.031 6.62 393.0
2456004.75669 18.089 0.027 6.48 425.0
2456004.79502 18.094 0.024 6.09 370.0
2456004.85286 18.198 0.023 5.39 351.0
2456004.89052 18.115 0.019 4.48 326.0
2456005.75827 18.113 0.023 5.78 312.0
2456005.79932 18.143 0.018 4.67 280.0
2456005.84787 18.151 0.020 4.84 289.0
2456005.90464 18.084 0.014 3.25 287.0
2456006.77003 18.111 0.018 4.19 284.0
2456006.82291 18.127 0.016 3.87 257.0
2456006.87384 18.109 0.017 4.17 259.0
2456006.91149 18.168 0.020 3.98 354.0
2456007.76700 18.132 0.020 5.13 273.0
2456007.81439 18.127 0.018 4.27 268.0
2456007.86243 18.116 0.018 4.74 228.0
2456007.90043 18.113 0.017 4.42 272.0
2456008.75906 18.132 0.021 4.85 349.0
2456008.79793 18.171 0.020 4.80 290.0
2456008.85454 18.065 0.020 5.29 286.0
2456008.89376 18.120 0.020 5.04 270.0
2456009.75043 18.113 0.021 5.02 372.0
2456009.78632 18.122 0.018 3.87 330.0
2456009.84384 18.149 0.019 4.05 348.0
2456009.88165 18.109 0.017 4.07 312.0
2456009.91950 18.134 0.031 3.66 1498.0
2456010.76479 18.121 0.022 4.88 429.0
2456010.81389 18.090 0.018 4.30 309.0
2456010.86384 18.140 0.016 3.70 296.0
2456010.90146 18.101 0.015 3.57 277.0
2456011.74371 18.208 0.025 5.56 376.0
2456011.79397 18.149 0.019 4.17 281.0
2456011.86935 18.049 0.022 3.94 722.0
2456011.90764 18.180 0.026 4.09 760.0
2456012.74943 18.141 0.021 5.69 266.0
2456012.79581 18.124 0.018 4.61 249.0
2456012.84517 18.131 0.016 3.96 224.0
2456012.89225 18.117 0.014 3.61 213.0
2456013.75147 18.151 0.021 5.69 266.0
2456013.78924 18.170 0.017 4.36 235.0
2456013.83033 18.122 0.017 4.82 234.0
2456013.89143 18.109 0.016 4.28 230.0
2456014.72713 18.196 0.024 5.77 320.0
2456014.76620 18.124 0.017 4.29 284.0
2456014.80445 18.164 0.018 4.31 256.0
2456014.86460 18.128 0.019 5.33 223.0
2456014.90389 18.146 0.020 5.25 238.0
2456015.74324 18.096 0.018 4.47 315.0
2456015.78269 18.077 0.015 3.90 253.0
2456015.82140 18.098 0.015 3.81 239.0
2456015.87055 18.159 0.015 3.71 235.0
2456015.91250 18.151 0.018 3.85 304.0
2456016.76273 18.150 0.017 4.21 296.0
2456016.80309 18.087 0.016 3.79 271.0
2456016.86585 18.114 0.017 4.24 267.0
2456016.90623 18.127 0.015 3.67 280.0
2456017.73805 18.136 0.021 5.10 310.0
2456017.77619 18.106 0.016 3.91 282.0
2456017.81450 18.106 0.015 3.78 257.0
2456017.87295 18.124 0.015 3.69 221.0
2456017.91310 18.151 0.016 3.79 278.0
2456018.76456 18.107 0.023 6.31 249.0
2456018.80344 18.163 0.022 5.75 234.0
2456018.84332 18.117 0.016 4.05 240.0
2456018.90838 18.155 0.016 3.73 240.0
2456019.73160 18.195 0.025 5.61 352.0
2456019.77014 18.136 0.020 4.91 287.0
2456019.82875 18.103 0.022 5.65 250.0
2456019.86666 18.120 0.015 3.60 251.0
2456019.90516 18.103 0.016 4.17 248.0
2456020.72361 18.159 0.022 5.29 355.0
2456020.76214 18.157 0.018 4.50 313.0
2456020.81829 18.150 0.016 4.03 236.0
2456020.85707 18.103 0.015 3.98 235.0
2456020.89648 18.097 0.022 5.95 258.0
2456021.70812 18.241 0.032 6.24 470.0
2456021.74486 18.161 0.024 5.29 404.0
2456021.78388 18.132 0.018 4.33 352.0
2456021.82251 18.170 0.018 4.15 317.0
2456021.88084 18.099 0.017 4.25 272.0
2456021.92131 18.114 0.023 4.59 568.0
2456022.73241 18.138 0.024 4.92 482.0
2456022.77069 18.113 0.020 4.64 395.0
2456022.80894 18.097 0.018 4.19 389.0
2456022.86645 18.125 0.019 4.27 356.0
2456022.90852 18.142 0.017 4.06 283.0
2456023.72644 18.121 0.028 5.67 561.0
2456023.76635 18.175 0.021 3.97 500.0
2456023.80695 18.158 0.026 5.36 455.0
2456023.84708 18.113 0.019 3.89 442.0
2456023.91158 18.096 0.021 4.61 453.0
2456024.71202 18.099 0.029 5.36 707.0
2456024.75229 18.122 0.023 4.59 547.0
2456024.79135 18.081 0.026 5.83 510.0
2456024.85381 18.069 0.019 3.85 472.0
2456024.90364 18.164 0.023 4.17 543.0
2456025.70965 18.172 0.036 6.54 663.0
2456025.75012 18.141 0.028 5.41 576.0
2456025.78992 18.123 0.026 5.42 502.0
2456025.84318 18.173 0.027 5.08 500.0
2456025.89470 18.090 0.023 4.60 483.0
2456029.83437 18.073 0.033 4.08 1602.0
2456029.88853 18.052 0.020 4.23 482.0
2456031.75171 18.074 0.022 5.98 318.0
2456031.79159 18.123 0.020 5.02 331.0
2456031.83113 18.124 0.024 5.58 350.0
2456031.87242 18.162 0.024 5.41 382.0
2456032.70983 18.134 0.022 4.85 416.0
2456032.74790 18.128 0.018 4.29 343.0
2456032.80594 18.138 0.018 4.46 307.0
2456032.84682 18.089 0.017 4.31 291.0
2456032.88835 18.104 0.016 3.81 292.0
2456032.92847 18.158 0.030 4.33 1017.0
2456033.72485 18.161 0.023 5.73 320.0
2456033.76996 18.120 0.020 5.13 310.0
2456033.84098 18.082 0.026 6.44 318.0
2456033.87994 18.149 0.020 4.54 315.0
2456033.92144 18.044 0.024 5.75 411.0
2456034.71989 18.102 0.018 4.31 291.0
2456034.76762 18.094 0.015 3.51 290.0
2456034.82306 18.072 0.015 3.46 269.0
2456034.91260 18.150 0.019 4.20 307.0
2456035.85148 18.137 0.020 4.27 326.0
2456035.92079 18.097 0.020 4.34 345.0
2456036.71286 18.109 0.019 4.68 280.0
2456036.75702 18.077 0.016 4.11 294.0
2456036.83317 18.094 0.015 3.47 288.0
2456036.87907 18.121 0.016 3.53 335.0
2456036.93484 18.076 0.027 4.15 1271.0
2456037.74133 18.174 0.022 5.15 307.0
2456037.78214 18.138 0.021 5.05 305.0
2456037.85123 18.143 0.021 4.79 355.0
2456037.89536 18.140 0.020 3.95 442.0
2456038.70928 18.206 0.029 7.05 283.0
2456038.75121 18.085 0.020 5.38 272.0
2456038.80077 18.058 0.018 4.77 280.0
2456038.85691 18.149 0.019 4.19 331.0
2456038.90062 18.095 0.019 4.68 319.0
2456039.73169 18.198 0.025 5.95 324.0
2456039.77490 18.102 0.021 5.37 302.0
2456039.82909 18.119 0.023 5.58 309.0
2456039.88065 18.165 0.022 4.68 355.0
2456039.92194 18.077 0.018 3.90 407.0
2456040.74964 18.090 0.021 5.51 285.0
2456040.79160 18.140 0.019 4.80 308.0
2456040.84275 18.097 0.019 4.56 333.0
2456040.89602 18.134 0.021 4.72 346.0
2456040.93410 18.046 0.041 5.19 1695.0
2456041.74119 18.070 0.022 6.16 317.0
2456041.78665 18.125 0.020 4.89 328.0
2456041.83568 18.129 0.021 4.93 337.0
2456041.88913 18.111 0.017 3.52 376.0
2456041.92742 18.119 0.021 4.37 482.0
2456045.92139 18.160 0.022 4.49 422.0
2456046.89343 18.147 0.020 4.66 334.0
2456046.93233 18.082 0.022 4.35 539.0
2456047.70683 18.164 0.023 5.58 312.0
2456047.74575 18.154 0.017 4.09 279.0
2456047.78479 18.137 0.016 3.63 305.0
2456047.84542 18.121 0.020 4.16 340.0
2456047.89827 18.130 0.021 4.47 396.0
2456048.68409 18.162 0.020 3.40 418.0
2456048.72322 18.127 0.019 3.99 340.0
2456048.77540 18.170 0.018 4.14 248.0
2456048.82554 18.100 0.019 4.81 244.0
2456048.86958 18.116 0.019 5.49 246.0
2456048.91426 18.132 0.018 4.22 286.0
2456049.69309 18.126 0.019 4.14 392.0
2456049.74592 18.187 0.017 3.42 362.0
2456049.80504 18.124 0.015 2.93 300.0
2456049.84502 18.133 0.018 3.75 321.0
2456049.88671 18.170 0.019 3.67 338.0
2456049.92592 18.121 0.018 3.70 396.0
2456050.68190 18.158 0.023 4.85 401.0
2456050.72115 18.093 0.022 4.82 381.0
2456050.79081 18.167 0.021 4.21 393.0
2456050.83110 18.098 0.019 3.94 408.0
2456050.87021 18.160 0.020 3.95 379.0
2456050.90894 18.173 0.022 4.35 408.0
2456051.65440 18.036 0.023 4.95 545.0
2456051.74049 18.140 0.020 4.21 431.0
2456052.66661 18.143 0.026 4.46 698.0
2456052.70469 18.156 0.027 5.10 565.0
2456052.76227 18.153 0.022 4.43 510.0
2456052.80141 18.165 0.022 4.22 501.0
2456052.84188 18.189 0.024 4.22 572.0
2456052.88154 18.160 0.022 4.12 575.0
2456052.91992 18.145 0.023 4.31 573.0
2456053.65782 18.127 0.038 5.72 1074.0
2456053.69819 18.156 0.034 5.04 879.0
2456053.73593 18.086 0.020 3.34 772.0
2456053.79331 18.128 0.018 2.89 705.0
2456053.84660 18.174 0.026 4.15 734.0
2456053.88999 18.139 0.025 4.00 756.0
2456053.92904 18.103 0.025 3.76 912.0
2456054.88740 18.068 0.026 3.26 1295.0
2456057.67869 18.143 0.041 4.61 1817.0
2456057.74071 18.214 0.048 5.58 1620.0
2456057.77396 18.034 0.032 4.14 1634.0
2456057.81165 18.161 0.035 3.90 1706.0
2456057.83900 18.078 0.029 4.10 1203.0
2456057.87191 18.182 0.029 3.73 1181.0
2456057.90332 18.124 0.034 3.80 1822.0
2456057.91835 18.060 0.033 3.77 1935.0
2456057.93660 18.193 0.039 3.53 2227.0
2456058.70455 18.146 0.021 5.00 345.0
2456058.74414 18.095 0.020 4.52 363.0
2456058.78403 18.121 0.019 4.05 352.0
2456058.83404 18.130 0.023 5.28 354.0
2456058.87480 18.084 0.019 4.11 390.0
2456058.91471 18.112 0.023 4.77 428.0
2456059.68241 18.129 0.020 5.09 306.0
2456059.72084 18.173 0.021 4.98 308.0
2456059.75908 18.179 0.024 5.51 305.0
2456059.80892 18.087 0.017 4.01 328.0
2456059.85822 18.167 0.018 3.69 345.0
2456059.89717 18.098 0.017 3.67 359.0
2456059.93624 18.115 0.024 4.60 597.0
2456060.80944 18.118 0.019 5.01 314.0
2456061.69757 18.193 0.024 5.44 339.0
2456061.73637 18.112 0.020 4.37 347.0
2456061.79730 18.112 0.017 3.79 347.0
2456061.83735 18.130 0.018 3.88 358.0
2456061.87523 18.162 0.022 4.73 399.0
2456061.91403 18.122 0.023 5.05 450.0
2456062.65346 18.209 0.027 6.01 406.0
2456062.69546 18.106 0.023 5.29 393.0
2456062.73491 18.093 0.023 5.17 425.0
2456062.77337 18.185 0.023 4.47 445.0
2456062.83562 18.156 0.020 4.14 420.0
2456062.87427 18.070 0.019 3.93 472.0
2456062.91229 18.140 0.024 4.50 562.0
2456063.74382 18.192 0.034 8.26 278.0
2456063.80485 18.054 0.025 6.84 277.0
2456063.84341 18.198 0.026 5.91 300.0
2456063.90110 18.137 0.021 4.29 418.0
2456063.93962 18.011 0.032 5.16 1111.0
2456064.72754 18.140 0.018 4.20 299.0
2456064.77604 18.086 0.014 3.13 333.0
2456064.83040 18.115 0.018 3.98 361.0
2456064.87041 18.111 0.019 4.42 384.0
2456064.91239 18.143 0.022 5.08 427.0
2456065.62029 18.137 0.021 4.22 413.0
2456065.66056 18.074 0.020 4.98 310.0
2456065.69914 18.131 0.018 4.80 249.0
2456065.74726 18.146 0.017 3.78 298.0
2456065.80094 18.134 0.020 4.55 367.0
2456065.84011 18.135 0.020 4.14 412.0
2456066.62522 18.115 0.019 4.40 358.0
2456066.66302 18.102 0.019 4.42 334.0
2456066.70110 18.150 0.019 4.55 327.0
2456066.75117 18.143 0.017 3.84 334.0
2456066.80490 18.098 0.019 4.57 346.0
2456066.84612 18.164 0.020 4.13 366.0
2456066.88642 18.105 0.017 3.56 389.0
2456066.92465 18.143 0.018 3.62 413.0
2456067.60938 18.148 0.019 4.16 318.0
2456067.64980 18.096 0.018 4.23 303.0
2456067.68799 18.099 0.019 4.53 293.0
2456067.72647 18.170 0.018 4.25 308.0
2456067.77628 18.142 0.019 4.43 318.0
2456067.82710 18.118 0.017 3.87 294.0
2456067.86602 18.110 0.017 3.54 374.0
2456067.90403 18.091 0.018 3.33 423.0
2456067.94177 18.116 0.030 3.62 1442.0
2456068.60163 18.218 0.023 4.61 406.0
2456068.61383 18.128 0.020 4.39 371.0
2456068.62326 18.115 0.019 4.36 362.0
2456068.63777 18.153 0.020 4.33 348.0
2456068.65677 18.127 0.019 4.14 322.0
2456068.67239 18.137 0.019 3.95 332.0
2456068.69104 18.096 0.018 4.10 307.0
2456068.70501 18.078 0.017 4.03 291.0
2456068.71924 18.130 0.018 4.34 260.0
2456068.73522 18.132 0.016 4.21 237.0
2456068.75656 18.146 0.016 3.94 258.0
2456068.80186 18.130 0.017 4.09 272.0
2456068.82627 18.134 0.017 3.72 288.0
2456068.85633 18.145 0.018 3.51 342.0
2456068.86922 18.160 0.018 3.87 352.0
2456068.87765 18.107 0.018 3.80 387.0
2456068.90769 18.110 0.019 3.99 464.0
2456068.94187 18.169 0.031 6.30 835.0
2456069.63376 18.192 0.021 5.41 275.0
2456069.69023 18.111 0.017 4.13 297.0
2456069.73199 18.179 0.018 4.34 265.0
2456069.78489 18.096 0.015 3.67 287.0
2456069.84059 18.159 0.016 3.54 266.0
2456069.88117 18.139 0.016 3.49 282.0
2456069.91941 18.139 0.016 3.40 341.0
2456070.60136 18.117 0.026 6.07 333.0
2456070.63959 18.143 0.026 6.20 334.0
2456070.67942 18.132 0.019 4.42 292.0
2456070.71777 18.120 0.019 4.85 280.0
2456070.76609 18.120 0.018 4.40 266.0
2456070.81645 18.156 0.019 4.16 297.0
2456070.85626 18.154 0.019 4.31 309.0
2456070.89483 18.198 0.022 4.64 309.0
2456070.93394 18.192 0.021 4.61 355.0
2456071.60160 18.106 0.020 5.03 296.0
2456071.68049 18.126 0.021 5.57 241.0
2456071.71916 18.118 0.018 4.53 245.0
2456071.76707 18.149 0.018 4.42 274.0
2456071.82088 18.155 0.020 4.93 283.0
2456071.86015 18.167 0.021 4.94 309.0
2456071.89850 18.208 0.021 4.73 327.0
2456071.93602 18.151 0.029 6.12 420.0
2456075.59398 18.142 0.018 4.13 315.0
2456075.63334 18.154 0.018 4.36 263.0
2456075.67179 18.141 0.016 3.84 244.0
2456075.71324 18.203 0.021 5.37 245.0
2456075.77741 18.107 0.016 3.63 243.0
2456075.81590 18.123 0.016 3.51 251.0
2456075.86045 18.082 0.017 3.97 305.0
2456076.58672 18.151 0.022 4.88 409.0
2456076.62497 18.125 0.019 4.45 344.0
2456076.67516 18.085 0.021 5.30 322.0
2456076.72232 18.127 0.017 3.88 285.0
2456076.77087 18.145 0.019 4.59 278.0
2456076.80989 18.109 0.017 4.16 287.0
2456076.85208 18.096 0.020 5.02 344.0
2456076.89854 18.097 0.023 6.13 385.0
2456076.94274 18.250 0.040 6.49 709.0
2456077.73468 18.176 0.021 5.01 319.0
2456077.79666 18.141 0.018 4.39 294.0
2456077.84416 18.152 0.018 4.31 303.0
2456077.88774 18.181 0.021 4.61 353.0
2456077.92644 18.200 0.021 4.48 429.0
2456078.60847 18.098 0.022 4.54 455.0
2456078.64624 18.165 0.023 4.85 399.0
2456078.68461 18.177 0.020 4.15 360.0
2456078.73474 18.101 0.016 3.77 336.0
2456078.78868 18.141 0.018 3.69 395.0
2456078.82694 18.076 0.018 4.08 333.0
2456078.87105 18.148 0.020 4.03 422.0
2456078.90919 18.156 0.022 4.61 467.0
2456079.57341 18.116 0.021 4.29 485.0
2456079.61271 18.129 0.020 4.25 382.0
2456079.65064 18.148 0.018 4.13 310.0
2456079.69653 18.199 0.021 4.99 309.0
2456079.76218 18.101 0.018 4.11 353.0
2456079.80334 18.091 0.020 3.67 409.0
2456079.85409 18.140 0.018 3.85 332.0
2456079.89191 18.111 0.019 4.17 373.0
2456079.93168 18.168 0.022 4.90 440.0
2456080.58305 18.217 0.030 5.37 569.0
2456080.62107 18.137 0.028 5.64 516.0
2456080.65929 18.127 0.024 4.92 518.0
2456080.70749 18.172 0.020 4.30 426.0
2456080.74889 18.104 0.024 5.36 425.0
2456080.78855 18.134 0.020 4.22 413.0
2456080.83688 18.143 0.022 4.87 397.0
2456080.88435 18.061 0.024 5.79 415.0
2456080.92911 18.132 0.022 5.21 371.0
2456081.57877 18.133 0.034 5.54 831.0
2456081.61658 18.163 0.030 5.45 676.0
2456081.65748 18.099 0.025 5.27 549.0
2456081.70293 18.142 0.021 4.28 464.0
2456081.74132 18.098 0.020 4.31 463.0
2456081.78989 18.108 0.019 4.00 490.0
2456081.83863 18.066 0.021 4.31 569.0
2456081.87878 18.132 0.026 4.95 635.0
2456081.92694 18.142 0.039 7.13 706.0
2456082.61054 18.247 0.045 6.40 916.0
2456082.64926 18.065 0.040 6.53 860.0
2456082.70033 18.145 0.040 5.93 977.0
2456082.73760 18.138 0.042 6.60 881.0
2456082.81498 18.144 0.039 5.41 1242.0
2456082.85289 18.076 0.040 6.26 1061.0
2456082.89453 18.213 0.049 6.69 1049.0
2456085.57379 18.164 0.032 5.45 747.0
2456085.62532 18.057 0.033 4.75 1459.0
2456085.66169 18.167 0.026 3.87 973.0
2456085.69510 18.181 0.045 5.25 1751.0
2456085.78566 18.146 0.030 4.99 832.0
2456085.82457 18.088 0.026 5.26 521.0
2456086.55642 18.183 0.022 5.29 314.0
2456086.59768 18.128 0.022 4.92 402.0
2456086.64093 18.154 0.020 4.02 386.0
2456086.67978 18.172 0.020 4.15 354.0
2456086.72936 18.158 0.018 3.64 389.0
2456086.78117 18.134 0.021 4.64 364.0
2456086.82201 18.005 0.018 4.20 404.0
2456086.87088 18.150 0.029 5.96 465.0
2456086.91346 18.066 0.031 6.31 604.0
2456087.57668 18.503 0.029 5.86 261.0
2456087.61455 18.083 0.021 5.78 264.0
2456087.76991 18.111 0.021 4.58 442.0
2456087.82041 18.136 0.022 4.37 464.0
2456087.86082 18.103 0.029 4.73 892.0
2456088.58687 18.112 0.017 4.78 243.0
2456088.62516 18.169 0.018 4.90 246.0
2456088.66306 18.162 0.016 3.94 250.0
2456089.62902 18.189 0.019 4.50 372.0
2456089.66812 18.108 0.018 4.82 302.0
2456089.72767 18.096 0.018 4.50 357.0
2456089.77713 18.227 0.023 4.66 479.0
2456089.81733 18.104 0.020 4.59 423.0
2456089.91626 18.183 0.027 5.85 363.0
2456092.58521 18.115 0.021 5.40 311.0
2456092.62326 18.154 0.021 5.55 278.0
2456092.66362 18.154 0.021 5.18 266.0
2456092.78139 18.122 0.016 3.89 301.0
2456092.86150 18.134 0.024 5.53 403.0
2456092.91065 18.156 0.033 6.69 496.0
2456093.57832 18.134 0.021 5.09 304.0
2456093.61767 18.150 0.020 5.35 253.0
2456093.65552 18.139 0.019 5.06 253.0
2456093.70329 18.162 0.019 5.15 234.0
2456093.77820 18.164 0.024 5.89 272.0
2456093.81786 18.085 0.024 6.49 277.0
2456093.85666 18.179 0.024 5.91 292.0
2456094.57757 18.169 0.031 7.23 361.0
2456094.62906 18.125 0.022 5.44 343.0
2456094.66663 18.130 0.023 5.59 352.0
2456094.71567 18.140 0.021 4.86 374.0
2456094.76353 18.117 0.020 4.85 336.0
2456094.80190 18.128 0.022 5.06 346.0
2456094.84148 18.181 0.025 5.19 372.0
2456094.89146 18.155 0.034 7.19 454.0
2456096.58948 18.142 0.023 5.97 280.0
2456096.63235 18.135 0.020 5.56 250.0
2456096.67497 18.155 0.023 5.96 257.0
2456096.74974 18.167 0.024 6.06 283.0
2456096.78761 18.098 0.023 5.85 311.0
2456096.82976 18.167 0.023 5.17 365.0
2456096.86981 18.134 0.029 6.24 416.0
2456097.66376 18.210 0.022 5.31 262.0
2456097.72701 18.089 0.022 6.05 267.0
2456097.77534 18.069 0.022 6.02 277.0
2456097.81315 18.157 0.023 5.25 322.0
2456097.85079 18.217 0.026 5.50 357.0
2456097.89119 18.182 0.030 5.73 467.0
2456098.56628 18.170 0.028 6.68 306.0
2456098.61009 18.087 0.026 6.78 284.0
2456098.64773 18.155 0.023 5.70 299.0
2456098.68619 18.199 0.023 5.50 289.0
2456098.74921 18.153 0.020 5.05 291.0
2456098.78961 18.127 0.021 5.10 294.0
2456098.82848 18.155 0.024 5.55 340.0
2456098.86652 18.131 0.026 5.87 403.0
2456099.62668 18.150 0.024 5.56 361.0
2456099.72714 18.070 0.029 7.02 354.0
2456099.83632 18.242 0.034 7.08 364.0
2456100.53939 18.114 0.029 7.06 388.0
2456100.59748 18.147 0.025 6.15 313.0
2456100.63479 18.132 0.020 5.03 305.0
2456100.68294 18.115 0.017 4.12 295.0
2456100.73396 18.136 0.019 4.47 322.0
2456100.77185 18.127 0.025 5.72 380.0
2456100.82224 18.136 0.032 6.92 442.0
2456100.86013 18.208 0.032 6.05 513.0
2456101.53626 18.182 0.022 4.57 416.0
2456101.57405 18.147 0.024 5.38 398.0
2456101.61210 18.137 0.019 4.65 350.0
2456101.65165 18.130 0.017 4.34 284.0
2456101.70392 18.130 0.017 4.14 284.0
2456101.75174 18.103 0.017 3.89 308.0
2456101.79100 18.146 0.020 3.98 415.0
2456101.83438 18.135 0.026 5.30 479.0
2456102.49641 18.153 0.041 6.51 763.0
2456102.53838 18.093 0.026 5.14 576.0
2456102.58630 18.140 0.022 4.85 354.0
2456102.63399 18.157 0.020 5.05 293.0
2456102.67299 18.090 0.020 5.00 326.0
2456102.71351 18.111 0.018 4.03 372.0
2456102.75145 18.177 0.019 3.82 359.0
2456102.79155 18.164 0.019 3.60 372.0
2456102.83203 18.083 0.021 4.42 391.0
2456102.86958 18.178 0.028 5.48 532.0
2456103.48910 18.255 0.034 5.16 683.0
2456103.54382 18.196 0.023 4.05 432.0
2456103.58341 18.056 0.021 5.82 341.0
2456103.63413 18.118 0.018 4.27 359.0
2456103.68125 18.095 0.018 4.07 342.0
2456103.72195 18.100 0.018 3.90 303.0
2456103.76177 18.133 0.020 4.44 316.0
2456103.78218 18.096 0.019 4.52 318.0
2456103.83124 18.081 0.022 6.50 327.0
2456104.49127 18.184 0.030 5.48 525.0
2456104.54370 18.162 0.018 3.62 384.0
2456104.58127 18.169 0.017 3.76 351.0
2456104.61740 18.154 0.018 4.11 305.0
2456104.66659 18.087 0.015 3.76 266.0
2456104.70682 18.133 0.016 3.37 257.0
2456104.74772 18.114 0.016 3.76 275.0
2456104.78724 18.167 0.017 4.21 245.0
2456104.83328 18.107 0.021 5.58 298.0
2456104.86933 18.193 0.025 6.53 327.0
2456105.51597 18.107 0.026 6.39 371.0
2456105.55390 18.156 0.030 7.06 354.0
2456105.60224 18.186 0.021 4.90 301.0
2456105.66566 18.162 0.021 5.57 252.0
2456105.70601 18.134 0.018 4.65 251.0
2456105.74564 18.139 0.023 6.05 227.0
2456106.56528 18.147 0.027 6.20 394.0
2456106.64948 18.073 0.024 6.00 384.0
2456108.51592 18.107 0.028 5.32 704.0
2456108.55465 18.206 0.026 4.74 615.0
2456108.60445 18.109 0.031 4.46 1210.0
2456108.64615 18.127 0.019 4.11 400.0
2456108.70103 18.160 0.020 4.04 436.0
2456108.73891 18.125 0.020 3.20 665.0
2456108.77946 18.085 0.021 3.39 758.0
2456108.82145 18.159 0.032 4.57 1086.0
2456108.85730 18.182 0.021 4.82 354.0
2456109.66521 18.169 0.035 4.79 1114.0
2456109.70520 18.058 0.023 3.93 811.0
2456109.74255 18.114 0.028 4.14 964.0
2456109.78608 18.095 0.033 4.12 1587.0
2456109.82613 18.074 0.031 5.95 680.0
2456109.86614 18.050 0.030 5.75 830.0
2456113.52784 18.183 0.033 5.76 634.0
2456113.56501 18.173 0.033 5.68 619.0
2456113.60292 18.139 0.026 4.98 610.0
2456113.64277 18.174 0.026 5.02 633.0
2456113.68359 18.158 0.028 4.99 621.0
2456113.72260 18.131 0.026 4.35 695.0
2456113.76102 18.088 0.023 3.93 686.0
2456113.79877 18.049 0.024 4.44 731.0
2456113.83949 18.167 0.029 4.39 878.0
2456113.85679 18.174 0.036 4.70 1314.0
2456114.53870 18.107 0.038 7.92 522.0
2456114.57346 18.223 0.034 6.15 497.0
2456114.63552 18.136 0.025 5.49 443.0
2456114.70721 18.163 0.023 4.74 427.0
2456114.74501 18.148 0.021 4.03 469.0
2456114.78340 18.161 0.022 3.82 545.0
2456114.82404 18.118 0.028 5.14 617.0
2456114.85696 18.112 0.040 6.66 780.0
2456115.47565 18.131 0.026 6.10 423.0
2456115.50992 18.096 0.021 5.24 342.0
2456115.54737 18.134 0.021 4.76 366.0
2456115.59740 18.110 0.019 4.44 408.0
2456115.64546 18.064 0.020 5.46 359.0
2456115.69764 18.160 0.026 6.37 311.0
2456115.76301 18.150 0.025 5.89 314.0
2456115.81512 18.205 0.036 7.63 369.0
2456116.50873 18.187 0.021 4.98 315.0
2456116.55044 18.151 0.019 4.97 266.0
2456116.58928 18.142 0.016 4.08 251.0
2456116.64679 18.126 0.017 4.35 256.0
2456116.68527 18.148 0.020 4.91 276.0
2456116.73085 18.186 0.020 4.76 287.0
2456116.76987 18.185 0.021 4.31 330.0
2456116.81292 18.141 0.023 5.09 362.0
2456117.49046 18.122 0.026 5.18 447.0
2456117.52814 18.131 0.023 5.22 366.0
2456117.56561 18.122 0.020 4.86 303.0
2456117.61550 18.150 0.018 4.53 270.0
2456117.66725 18.129 0.019 4.44 318.0
2456117.70604 18.197 0.020 4.32 319.0
2456117.74562 18.212 0.025 4.98 369.0
2456117.78376 18.148 0.020 3.93 403.0
2456117.82173 18.089 0.023 4.71 442.0
2456118.47526 18.143 0.025 5.53 408.0
2456118.51846 18.131 0.020 4.63 338.0
2456118.55738 18.152 0.020 5.55 282.0
2456118.59805 18.120 0.017 4.68 268.0
2456118.66451 18.146 0.018 4.92 248.0
2456118.70702 18.124 0.018 4.56 244.0
2456118.74602 18.141 0.017 3.86 266.0
2456118.78339 18.129 0.018 4.03 300.0
2456118.82087 18.143 0.022 4.79 380.0
2456118.84286 18.130 0.022 4.88 403.0
2456119.47395 18.120 0.028 6.52 368.0
2456119.50754 18.061 0.025 6.81 267.0
2456119.54792 18.181 0.021 5.96 218.0
2456119.59585 18.149 0.018 5.50 207.0
2456119.64733 18.085 0.017 5.22 212.0
2456119.68625 18.152 0.018 4.59 223.0
2456119.75138 18.179 0.028 6.83 261.0
2456119.79104 18.176 0.025 5.75 318.0
2456119.81903 18.182 0.024 4.82 473.0
2456120.50208 18.132 0.029 6.33 334.0
2456120.53485 18.182 0.025 5.76 272.0
2456120.58803 18.128 0.018 5.05 206.0
2456120.64602 18.231 0.019 4.75 178.0
2456120.69166 18.173 0.020 5.65 187.0
2456120.73125 18.139 0.019 5.33 214.0
2456120.77201 18.100 0.023 6.32 248.0
2456120.81576 18.192 0.023 5.57 276.0
2456121.46905 18.165 0.023 5.09 384.0
2456121.48908 18.140 0.019 4.66 288.0
2456121.52655 18.102 0.021 5.74 269.0
2456121.56429 18.147 0.015 4.36 216.0
2456121.62145 18.113 0.014 4.75 197.0
2456121.66964 18.135 0.015 4.10 201.0
2456121.69531 18.142 0.015 3.92 197.0
2456121.73370 18.143 0.014 3.46 197.0
2456121.77338 18.122 0.017 4.43 212.0
2456122.71655 18.082 0.014 4.68 432.0
2456122.72011 18.125 0.016 4.87 670.0
2456123.50502 18.143 0.026 6.05 337.0
2456123.54005 18.150 0.024 5.66 306.0
2456123.57743 18.186 0.021 5.18 261.0
2456123.63591 18.199 0.021 5.55 229.0
2456123.67742 18.149 0.017 4.66 210.0
2456123.71534 18.239 0.027 6.93 210.0
2456123.75360 18.188 0.022 6.01 206.0
2456123.79566 18.191 0.021 5.18 261.0
2456123.82599 18.147 0.021 5.00 319.0
2456124.48402 18.194 0.028 5.98 373.0
2456124.52441 18.100 0.021 5.12 291.0
2456124.58369 18.123 0.019 5.45 225.0
2456124.65487 18.153 0.019 5.41 210.0
2456124.69550 18.154 0.018 4.64 239.0
2456124.73493 18.188 0.018 4.21 269.0
2456124.77626 18.174 0.022 4.86 326.0
2456124.81670 18.091 0.024 5.85 342.0
2456125.53842 18.162 0.020 5.08 277.0
2456125.58838 18.131 0.018 5.24 241.0
2456125.65565 18.133 0.021 5.33 240.0
2456125.69827 18.104 0.019 5.02 250.0
2456125.74232 18.157 0.019 4.70 245.0
2456125.78418 18.145 0.021 5.15 276.0
2456125.82639 18.193 0.030 6.84 336.0
2456126.52716 18.201 0.025 5.76 266.0
2456126.57333 18.157 0.025 6.37 214.0
2456126.61915 18.156 0.020 5.34 215.0
2456126.68904 18.181 0.022 5.35 251.0
2456126.73393 18.199 0.021 5.32 240.0
2456127.47599 18.162 0.028 5.56 428.0
2456127.51890 18.159 0.021 5.24 291.0
2456127.56277 18.164 0.027 6.53 270.0
2456127.65582 18.065 0.018 4.99 237.0
2456127.75193 18.219 0.029 7.40 210.0
2456128.52924 18.172 0.017 4.19 275.0
2456128.56837 18.154 0.017 4.28 254.0
2456128.61544 18.195 0.022 5.46 244.0
2456128.66054 18.154 0.017 4.20 269.0
2456128.76474 18.154 0.023 6.56 267.0
2456129.64460 18.178 0.020 5.88 638.0
2456130.56572 18.096 0.023 5.99 263.0
2456130.58725 18.108 0.025 6.60 784.0
2456130.70258 18.146 0.024 5.61 421.0
2456130.77435 18.173 0.024 5.28 966.0
2456131.50269 18.145 0.023 5.83 242.0
2456131.54974 18.205 0.024 6.21 223.0
2456131.61533 18.132 0.016 4.44 228.0
2456131.66128 18.053 0.018 6.17 218.0
2456131.72973 18.039 0.019 5.22 257.0
2456131.78004 18.296 0.026 5.55 337.0
2456132.55195 18.100 0.022 5.80 255.0
2456132.63785 18.153 0.023 5.86 225.0
2456132.68555 18.156 0.023 5.68 218.0
2456132.76004 18.138 0.022 4.84 310.0
2456133.53589 18.114 0.027 6.97 282.0
2456133.58167 18.118 0.021 5.80 227.0
2456133.63790 18.154 0.022 5.48 266.0
2456133.68966 18.185 0.024 6.05 236.0
2456133.73890 18.102 0.021 5.46 278.0
2456134.50431 18.176 0.028 6.05 339.0
2456134.54909 18.137 0.026 5.91 355.0
2456134.59037 18.118 0.026 6.40 296.0
2456134.65863 18.138 0.024 6.04 259.0
2456134.71053 18.250 0.033 7.74 241.0
2456135.48858 18.233 0.031 6.27 400.0
2456135.53157 18.192 0.026 5.74 356.0
2456135.59086 18.179 0.025 5.83 321.0
2456135.65804 18.212 0.029 6.31 290.0
2456135.70707 18.185 0.021 4.56 300.0
2456135.75447 18.189 0.024 5.58 314.0
2456135.79533 18.170 0.028 6.63 361.0
2456136.50113 18.235 0.038 7.16 422.0
2456136.70361 18.147 0.025 5.54 362.0
2456140.49171 18.199 0.039 6.12 795.0
2456140.53112 18.109 0.044 5.09 1889.0
2456140.58168 18.078 0.027 5.14 642.0
2456140.63241 18.199 0.029 5.00 658.0
2456140.67160 18.101 0.036 5.93 910.0
2456140.75452 18.223 0.051 7.50 902.0
2456141.47933 18.105 0.032 5.76 674.0
2456141.51854 18.180 0.025 4.13 612.0
2456141.55657 18.136 0.026 4.89 600.0
2456141.60702 18.137 0.028 5.79 514.0
2456141.65418 18.155 0.026 5.10 534.0
2456141.69325 18.153 0.025 4.54 610.0
2456141.73327 18.238 0.034 5.41 681.0
2456141.77157 18.219 0.032 4.87 841.0
2456142.51792 18.324 0.043 7.37 465.0
2456142.56313 18.104 0.034 7.17 471.0
2456142.64698 18.114 0.033 6.94 454.0
2456143.52880 18.119 0.027 6.55 336.0
2456143.63614 18.121 0.032 7.24 363.0
2456143.69311 18.112 0.031 6.98 410.0
2456145.63527 18.241 0.035 7.64 280.0
2456147.50147 18.180 0.024 6.15 246.0
2456147.54047 18.210 0.022 5.69 216.0
2456147.59166 18.171 0.023 6.52 207.0
2456147.63437 18.162 0.027 7.50 205.0
2456147.68979 18.135 0.025 6.82 248.0
2456148.48219 18.160 0.017 4.27 260.0
2456148.52193 18.112 0.016 4.30 227.0
2456148.57208 18.164 0.016 4.17 213.0
2456148.62587 18.106 0.016 4.29 215.0
2456148.66487 18.148 0.017 4.53 248.0
2456148.71063 18.152 0.022 5.35 297.0
2456149.55328 18.179 0.020 4.91 241.0
2456149.59225 18.158 0.022 5.42 248.0
2456149.73830 18.151 0.031 7.22 342.0
2456150.52305 18.151 0.025 6.31 268.0
2456150.56278 18.129 0.024 6.39 253.0
2456150.61359 18.109 0.024 6.31 253.0
2456150.66531 18.153 0.026 6.50 238.0
2456151.52690 18.165 0.029 7.32 284.0
2456151.56789 18.170 0.028 7.04 255.0
2456151.60802 18.178 0.024 5.86 264.0
2456151.64651 18.189 0.023 5.90 235.0
2456151.68929 18.201 0.026 5.99 282.0
2456151.72746 18.193 0.027 6.31 302.0
2456152.49857 18.130 0.020 5.64 227.0
2456152.53722 18.155 0.022 5.93 217.0
2456152.59107 18.143 0.019 5.34 206.0
2456152.64154 18.123 0.019 5.28 206.0
2456152.69592 18.144 0.017 4.65 237.0
2456153.67173 18.128 0.024 6.28 254.0
2456154.48551 18.294 0.027 5.35 317.0
2456154.52558 18.085 0.021 5.24 298.0
2456154.58849 18.173 0.025 5.73 287.0
2456154.67989 18.162 0.021 5.31 245.0
2456154.72121 18.062 0.023 6.35 281.0
2456157.63913 18.176 0.025 5.81 267.0
2456157.67614 18.138 0.021 5.30 251.0
2456157.71910 18.134 0.030 7.28 327.0
2456158.51485 18.174 0.018 4.31 308.0
2456158.57440 18.118 0.021 5.70 303.0
2456158.61645 18.148 0.020 4.99 326.0
2456158.65684 18.110 0.019 4.31 353.0
2456158.69672 18.143 0.021 4.52 391.0
2456158.73342 18.155 0.024 5.01 434.0
2456159.52319 18.107 0.025 6.02 317.0
2456159.57749 18.186 0.022 5.07 281.0
2456159.62817 18.163 0.021 4.87 264.0
2456159.70037 18.139 0.024 5.45 350.0
2456160.50438 18.088 0.021 5.62 270.0
2456160.57737 18.117 0.017 4.32 241.0
2456160.61920 18.179 0.020 4.67 259.0
2456160.65953 18.209 0.022 5.37 270.0
2456160.71421 18.142 0.021 5.01 328.0
2456161.50170 18.145 0.026 6.84 245.0
2456161.54244 18.160 0.025 6.64 225.0
2456161.59408 18.084 0.024 6.18 245.0
2456161.64957 18.184 0.025 6.10 217.0
2456161.66385 18.104 0.024 6.27 235.0
2456161.70901 18.256 0.032 7.79 264.0
2456164.53160 18.078 0.028 4.78 897.0
2456164.58156 18.175 0.032 5.18 836.0
2456164.63583 18.106 0.029 5.57 567.0
2456164.68317 18.163 0.038 7.35 477.0
2456164.69128 18.186 0.043 6.87 718.0
2456165.58733 18.270 0.034 5.00 637.0
2456166.51855 18.168 0.031 5.29 621.0
2456166.59693 18.107 0.025 3.95 723.0
2456166.66420 18.154 0.030 4.86 1023.0
2456167.52396 18.144 0.027 4.14 756.0
2456167.57356 18.187 0.036 3.70 1554.0
2456167.61729 18.179 0.053 3.56 3807.0
2456168.52095 18.096 0.018 3.45 549.0
2456168.57670 18.144 0.019 3.44 532.0
2456168.64708 18.178 0.024 4.43 547.0
2456168.68675 18.176 0.024 4.16 653.0
2456169.50790 18.182 0.025 4.92 474.0
2456169.56695 18.170 0.024 4.81 466.0
2456169.60825 18.163 0.024 4.10 528.0
2456169.64842 18.082 0.025 5.10 591.0
2456169.68694 18.105 0.036 6.95 733.0
2456171.50986 18.141 0.018 3.51 473.0
2456171.56164 18.162 0.024 4.77 496.0
2456171.61279 18.162 0.024 4.39 522.0
2456171.65531 18.126 0.023 4.66 560.0
2456171.69812 18.209 0.030 5.77 622.0
2456172.52067 18.130 0.018 3.86 366.0
2456172.57049 18.169 0.020 3.89 393.0
2456172.62156 18.133 0.019 3.85 393.0
2456172.65979 18.148 0.022 4.99 441.0
2456174.58988 18.156 0.029 5.98 460.0
2456174.62425 18.110 0.031 6.83 439.0
2456175.48210 18.224 0.023 4.73 391.0
2456175.53258 18.104 0.022 5.58 320.0
2456175.57079 18.123 0.032 7.06 369.0
2456175.60929 18.185 0.023 4.72 432.0
2456175.65372 18.195 0.034 6.68 459.0
2456179.48237 18.161 0.027 5.81 390.0
2456179.54609 18.147 0.026 5.85 328.0
2456179.58796 18.118 0.029 6.73 349.0
2456179.62884 18.174 0.029 6.81 318.0
2456179.66630 18.142 0.033 7.83 330.0
2456180.51830 18.146 0.025 5.94 329.0
2456180.57209 18.164 0.024 5.22 368.0
2456180.61298 18.208 0.030 6.39 383.0
2456180.64980 18.173 0.034 7.24 426.0
2456181.47829 18.180 0.030 5.22 654.0
2456181.53281 18.162 0.020 4.16 382.0
2456181.57124 18.092 0.019 3.97 392.0
2456181.61362 18.108 0.020 4.29 407.0
2456182.47938 18.173 0.032 5.94 574.0
2456182.53422 18.136 0.021 5.12 291.0
2456182.58252 18.142 0.019 4.40 291.0
2456182.62715 18.115 0.023 5.76 326.0
2456183.51608 18.235 0.019 4.90 189.0
2456183.56692 18.118 0.017 3.67 292.0
2456183.61727 18.170 0.021 5.08 256.0
2456184.49674 18.128 0.022 5.24 297.0
2456184.57093 18.153 0.016 3.28 243.0
2456184.61823 18.181 0.022 5.82 247.0
2456185.48106 18.136 0.019 3.98 375.0
2456185.53866 18.139 0.017 3.89 266.0
2456185.57912 18.239 0.019 4.07 274.0
2456185.62537 18.177 0.022 5.21 288.0
2456186.49356 18.174 0.026 6.14 288.0
2456186.55068 18.212 0.021 4.86 262.0
2456186.59035 18.177 0.026 6.90 268.0
2456190.48924 18.148 0.025 5.92 333.0
2456190.52992 18.140 0.022 5.00 349.0
2456190.58856 18.165 0.020 4.62 351.0
2456191.48805 18.168 0.030 6.51 346.0
2456191.54376 18.215 0.027 6.27 288.0
2456191.58219 18.128 0.023 5.47 295.0
2456191.62469 18.144 0.022 4.73 321.0
2456195.51460 18.140 0.022 4.47 420.0
2456195.55526 18.139 0.022 4.18 480.0
2456195.59392 18.174 0.026 4.57 528.0
2456195.63178 18.186 0.027 4.72 627.0
2456196.51369 18.215 0.026 4.28 506.0
2456196.55228 18.108 0.026 4.88 519.0
2456196.59161 18.245 0.029 4.97 584.0
2456196.62883 18.200 0.037 7.03 663.0
2456197.51539 18.203 0.028 5.26 462.0
2456197.55403 18.096 0.028 5.56 516.0
2456197.59477 18.163 0.035 6.22 621.0
2456198.56039 18.148 0.033 6.28 497.0
2456199.51620 18.257 0.041 7.53 432.0
2456200.58746 18.108 0.032 6.07 581.0
2456201.52726 18.188 0.040 7.91 415.0
2456202.56474 18.147 0.037 6.56 596.0
2456203.50449 18.187 0.029 6.49 376.0
2456203.55564 18.182 0.036 7.00 473.0
2456203.59433 18.136 0.037 6.98 578.0
2456204.50239 18.195 0.025 5.07 377.0
2456204.51648 18.142 0.021 4.35 385.0
2456204.54766 18.084 0.023 5.06 394.0
2456204.58578 18.154 0.030 5.87 491.0
2456205.48884 18.111 0.026 5.37 435.0
2456205.53201 18.138 0.019 4.04 305.0
2456205.57007 18.110 0.020 4.71 290.0
2456205.60628 18.133 0.021 4.94 325.0
2456209.55087 18.204 0.032 6.59 361.0
2456210.50292 18.166 0.024 5.79 328.0
2456210.54136 18.143 0.024 5.55 340.0
2456210.58016 18.211 0.027 5.65 395.0
2456211.50470 18.148 0.022 4.83 352.0
2456211.54706 18.181 0.023 4.88 328.0
2456211.58553 18.226 0.026 5.22 366.0
2456212.50414 18.193 0.024 4.61 404.0
2456212.54254 18.133 0.022 4.45 414.0
2456212.57962 18.181 0.024 4.47 486.0
2456213.51919 18.218 0.027 5.56 349.0
2456213.55700 18.123 0.034 7.04 392.0
2456214.51105 18.167 0.023 5.13 328.0
2456214.55239 18.235 0.032 6.72 345.0
2456214.57349 18.237 0.031 6.64 372.0
2456216.52301 18.166 0.024 5.21 359.0
2456216.56188 18.233 0.026 5.25 406.0
2456217.50958 18.206 0.019 3.75 326.0
2456217.54744 18.179 0.020 4.10 332.0
2456218.49256 18.184 0.030 5.22 575.0
2456218.53096 18.172 0.031 5.89 454.0
2456218.56916 18.153 0.034 6.95 519.0
2456219.51569 18.143 0.022 5.65 250.0
2456219.55411 18.128 0.023 5.26 341.0
2456221.54784 18.183 0.053 6.14 1524.0
2456223.54699 18.165 0.030 5.43 609.0
2456226.52990 18.080 0.038 7.12 626.0
2456231.50283 18.179 0.036 4.85 885.0
2456232.50397 18.124 0.039 6.92 735.0
2456233.53298 18.074 0.032 6.62 515.0
2456234.52701 18.205 0.039 7.45 514.0
2456238.52267 18.218 0.036 5.89 620.0
2456239.52439 18.136 0.037 7.90 509.0
