2455260.88875 16.030 0.005 3.69 589.0
2455261.81968 16.017 0.006 5.58 559.0
2455262.85726 16.026 0.012 7.04 2778.0
2455265.87580 16.040 0.006 4.58 776.0
2455266.82206 16.041 0.006 5.44 447.0
2455267.84929 16.034 0.006 5.34 425.0
2455268.85170 16.029 0.005 4.54 398.0
2455269.81540 16.044 0.005 4.77 394.0
2455270.82103 16.048 0.005 4.50 378.0
2455271.81661 16.034 0.005 4.36 453.0
2455272.82173 16.037 0.006 5.63 378.0
2455273.80672 16.047 0.005 4.99 387.0
2455274.82526 16.042 0.005 4.82 381.0
2455275.81156 16.029 0.006 4.57 462.0
2455276.78973 16.032 0.005 4.60 399.0
2455277.84577 16.031 0.006 5.50 411.0
2455278.82184 16.033 0.006 5.31 405.0
2455279.82310 16.029 0.006 5.28 381.0
2455280.82972 16.032 0.005 4.16 417.0
2455281.80965 16.042 0.005 3.68 390.0
2455282.83240 16.020 0.005 4.16 443.0
2455283.79240 16.033 0.007 6.62 585.0
2455283.88385 16.034 0.006 6.15 407.0
2455284.79809 16.041 0.006 5.07 667.0
2455285.78890 16.035 0.006 5.25 775.0
2455285.91940 16.038 0.007 4.78 1223.0
2455286.80456 16.033 0.007 6.00 717.0
2455287.85773 16.033 0.006 3.96 611.0
2455288.78310 16.045 0.006 5.44 721.0
2455289.83500 16.043 0.006 5.48 741.0
2455293.86295 16.043 0.005 4.15 413.0
2455294.82357 16.030 0.005 3.71 337.0
2455295.82679 16.031 0.005 4.57 334.0
2455296.86608 16.047 0.005 3.02 327.0
2455297.90227 16.036 0.005 3.36 347.0
2455299.73510 16.025 0.004 4.42 348.0
2455300.84385 16.042 0.005 4.89 365.0
2455301.85218 16.037 0.006 5.32 388.0
2455306.83767 16.035 0.005 4.61 348.0
2455307.83781 16.031 0.005 4.46 416.0
2455308.82737 16.030 0.005 4.83 322.0
2455309.88225 16.031 0.005 4.53 383.0
2455310.88111 16.041 0.004 4.74 377.0
2455312.73770 16.035 0.006 6.00 527.0
2455313.77415 16.026 0.007 6.38 587.0
2455314.70118 16.032 0.007 5.95 927.0
2455314.91387 16.040 0.006 4.35 761.0
2455315.84169 16.030 0.006 4.27 849.0
2455316.79785 16.031 0.007 5.44 739.0
2455319.93952 16.035 0.007 3.62 2561.0
2455320.83688 16.035 0.006 4.45 679.0
2455321.78271 16.029 0.006 4.94 509.0
2455323.66869 16.048 0.007 6.49 558.0
2455323.89323 16.049 0.006 4.90 601.0
2455324.82572 16.029 0.006 5.37 427.0
2455325.73909 16.032 0.005 4.65 361.0
2455326.62608 16.038 0.006 5.90 497.0
2455326.86560 16.039 0.005 4.61 428.0
2455327.81425 16.041 0.005 4.75 376.0
2455328.74352 16.033 0.005 4.98 394.0
2455328.93583 16.034 0.006 4.29 1383.0
2455334.86562 16.031 0.006 5.68 400.0
2455335.84089 16.032 0.005 4.66 402.0
2455336.92663 16.036 0.005 3.80 549.0
2455337.92793 16.022 0.006 5.67 635.0
2455339.68620 16.037 0.006 5.73 584.0
2455340.64480 16.025 0.008 7.07 720.0
2455340.90324 16.032 0.006 5.23 679.0
2455341.83462 16.038 0.006 4.49 592.0
2455342.66196 16.034 0.007 5.66 705.0
2455342.85822 16.041 0.006 4.86 677.0
2455343.69160 16.033 0.006 4.58 809.0
2455343.89785 16.030 0.007 5.62 921.0
2455348.83244 16.032 0.005 4.28 492.0
2455349.74270 16.037 0.006 4.93 886.0
2455350.72139 16.036 0.006 6.15 426.0
2455351.87988 16.034 0.006 5.66 553.0
2455352.87670 16.029 0.006 4.07 549.0
2455353.80913 16.036 0.005 3.32 397.0
2455354.82027 16.042 0.006 4.78 434.0
2455355.74797 16.040 0.006 4.89 430.0
2455357.74968 16.023 0.006 5.88 389.0
2455359.72539 16.042 0.006 5.52 476.0
2455361.67206 16.038 0.007 6.82 399.0
2455362.91012 16.038 0.007 6.87 647.0
2455365.57357 16.022 0.006 5.59 556.0
2455368.61788 16.024 0.006 5.88 436.0
2455376.63535 16.030 0.006 6.33 612.0
2455376.82991 16.042 0.007 5.96 741.0
2455377.52392 16.032 0.007 6.74 502.0
2455377.76231 16.031 0.005 4.56 492.0
2455378.67056 16.023 0.005 4.82 376.0
2455379.49406 16.032 0.006 6.50 417.0
2455379.79771 16.030 0.006 5.59 453.0
2455380.50549 16.034 0.006 6.62 402.0
2455380.68903 16.022 0.005 4.51 305.0
2455381.54189 16.037 0.006 6.15 524.0
2455381.75541 16.036 0.006 6.71 458.0
2455382.63044 16.034 0.007 7.35 424.0
2455382.83829 16.027 0.008 7.85 545.0
2455385.84017 16.027 0.005 4.77 335.0
2455386.54328 16.031 0.005 4.09 651.0
2455386.62481 16.028 0.005 5.07 443.0
2455386.70924 16.031 0.005 4.46 422.0
2455387.47420 16.026 0.005 3.88 625.0
2455387.83989 16.037 0.006 5.66 395.0
2455388.79449 16.019 0.005 5.38 271.0
2455389.72690 16.037 0.006 5.77 278.0
2455390.67562 16.043 0.007 7.63 340.0
2455391.53543 16.045 0.007 7.23 392.0
2455392.47253 16.033 0.006 6.38 498.0
2455392.80257 16.039 0.005 4.75 335.0
2455393.77901 16.034 0.006 6.16 343.0
2455396.72691 16.037 0.006 5.45 361.0
2455396.76167 16.037 0.005 4.17 317.0
2455403.51064 16.029 0.005 3.98 809.0
2455403.70349 16.019 0.005 3.66 822.0
2455404.57420 16.031 0.006 5.12 542.0
2455404.77923 16.022 0.006 5.07 706.0
2455405.78678 16.028 0.005 4.45 544.0
2455407.64338 16.026 0.006 6.45 375.0
2455408.57107 16.028 0.006 6.52 356.0
2455408.76377 16.037 0.006 6.02 566.0
2455409.76598 16.036 0.006 6.15 445.0
2455410.77026 16.027 0.005 5.35 462.0
2455411.78138 16.042 0.006 6.75 466.0
2455412.70399 16.027 0.007 7.28 389.0
2455413.77484 16.032 0.006 6.40 345.0
2455416.62009 16.028 0.006 6.34 326.0
2455418.68732 16.046 0.005 5.82 300.0
2455421.70071 16.030 0.005 5.42 259.0
2455423.51824 16.029 0.005 4.37 313.0
2455426.54436 16.027 0.006 4.69 701.0
2455430.61509 16.026 0.006 5.45 609.0
2455431.61255 16.037 0.006 5.55 556.0
2455432.62812 16.039 0.007 6.12 592.0
2455434.58057 16.046 0.006 5.46 458.0
2455435.54996 16.025 0.006 4.92 445.0
2455436.64960 16.027 0.005 4.30 439.0
2455438.64172 16.032 0.005 4.08 413.0
2455439.64631 16.033 0.006 5.82 372.0
2455443.66488 16.037 0.005 5.49 384.0
2455445.48156 16.032 0.005 4.78 508.0
2455446.57760 16.037 0.005 5.12 370.0
2455447.61120 16.029 0.005 4.70 319.0
2455449.51803 16.027 0.006 6.16 372.0
2455450.60697 16.031 0.006 6.57 397.0
2455453.54658 16.034 0.006 6.02 602.0
2455457.61847 16.014 0.005 5.09 600.0
2455459.51026 16.034 0.006 4.78 504.0
2455460.52982 16.029 0.006 5.27 497.0
2455461.55637 16.032 0.008 5.40 1691.0
2455462.61273 16.013 0.006 5.96 636.0
2455465.55923 16.032 0.008 8.15 505.0
2455469.55378 16.018 0.005 4.51 421.0
2455471.58905 16.034 0.005 5.10 399.0
2455473.51918 16.032 0.006 6.39 428.0
2455478.51272 16.042 0.006 4.87 422.0
2455480.56120 16.033 0.006 5.32 507.0
2455485.55362 16.032 0.006 5.41 681.0
2455487.54664 16.036 0.006 5.98 625.0
2455489.54951 16.031 0.007 6.65 720.0
2455494.51757 16.029 0.007 6.86 671.0
2455497.54122 16.028 0.006 6.01 649.0
2455620.87761 16.047 0.006 6.06 512.0
2455621.89990 16.043 0.005 4.40 819.0
2455624.89109 16.027 0.005 4.14 345.0
2455626.86230 16.040 0.005 4.83 381.0
2455628.82173 16.038 0.005 4.94 395.0
2455629.84838 16.032 0.005 5.33 334.0
2455631.87767 16.027 0.005 4.98 380.0
2455633.83165 16.026 0.005 4.76 408.0
2455635.86454 16.037 0.005 5.32 417.0
2455637.90728 16.031 0.006 6.66 438.0
2455638.86534 16.020 0.005 4.91 461.0
2455639.81887 16.052 0.006 5.27 571.0
2455639.89448 16.035 0.005 4.63 462.0
2455640.81567 16.025 0.006 5.15 612.0
2455640.90365 16.034 0.005 4.82 535.0
2455641.81188 16.033 0.005 4.93 569.0
2455642.77228 16.032 0.006 5.89 704.0
2455642.89303 16.021 0.005 5.68 514.0
2455643.79819 16.030 0.006 5.45 617.0
2455643.89889 16.015 0.005 4.45 497.0
2455644.80448 16.028 0.006 4.84 946.0
2455647.75607 16.029 0.005 5.30 461.0
2455647.79290 16.040 0.005 5.22 423.0
2455647.82912 16.040 0.005 4.73 682.0
2455647.86134 16.034 0.005 4.81 413.0
2455647.91273 16.041 0.007 6.28 806.0
2455648.81224 16.038 0.005 4.92 366.0
2455648.89948 16.035 0.005 5.65 345.0
2455649.79470 16.039 0.005 4.76 314.0
2455649.90064 16.036 0.005 5.25 313.0
2455650.78662 16.031 0.005 4.51 303.0
2455650.89826 16.028 0.005 7.31 320.0
2455651.81089 16.031 0.005 4.97 335.0
2455652.74834 16.025 0.005 4.79 330.0
2455652.85208 16.034 0.005 4.69 309.0
2455653.90734 16.031 0.004 3.93 324.0
2455654.82992 16.026 0.005 4.98 314.0
2455655.74350 16.028 0.005 5.16 442.0
2455655.82053 16.041 0.005 4.65 367.0
2455656.77084 16.023 0.005 4.15 396.0
2455656.85656 16.027 0.004 4.04 334.0
2455657.81777 16.031 0.004 3.77 346.0
2455657.90794 16.032 0.004 3.64 310.0
2455658.81411 16.031 0.005 5.52 323.0
2455658.91253 16.025 0.005 5.53 316.0
2455659.76539 16.029 0.005 4.64 337.0
2455659.84365 16.040 0.005 5.68 325.0
2455660.72994 16.035 0.005 6.20 370.0
2455660.82063 16.026 0.005 5.15 309.0
2455662.72900 16.052 0.006 7.29 407.0
2455662.83112 16.040 0.005 5.36 406.0
2455662.91125 16.027 0.005 4.96 393.0
2455664.77511 16.028 0.005 6.32 436.0
2455664.87562 16.034 0.006 6.40 378.0
2455665.75614 16.031 0.005 5.93 392.0
2455665.86607 16.030 0.005 5.60 318.0
2455667.77476 16.033 0.005 5.02 441.0
2455668.76428 16.034 0.006 5.41 586.0
2455669.77703 16.043 0.005 4.51 628.0
2455670.75158 16.035 0.006 5.06 796.0
2455671.73348 16.032 0.005 4.81 730.0
2455675.81320 16.042 0.005 4.88 485.0
2455676.73965 16.036 0.003 5.42 184.0
2455676.92879 16.035 0.005 4.24 616.0
2455677.88056 16.028 0.005 3.99 350.0
2455679.79244 16.028 0.005 5.22 360.0
2455680.68599 16.026 0.006 6.06 383.0
2455680.86928 16.024 0.005 4.11 338.0
2455681.75390 16.039 0.005 4.44 346.0
2455682.66374 16.027 0.005 5.51 535.0
2455682.88441 16.019 0.005 4.00 426.0
2455683.81802 16.020 0.004 4.29 380.0
2455684.73223 16.027 0.005 4.70 369.0
2455684.93309 16.009 0.006 5.21 826.0
2455685.90395 16.037 0.005 4.23 362.0
2455686.81506 16.018 0.005 4.40 393.0
2455687.70221 16.028 0.005 5.95 494.0
2455689.81686 16.028 0.004 4.46 316.0
2455690.80920 16.023 0.005 5.64 363.0
2455691.74767 16.022 0.005 5.81 351.0
2455692.64058 16.024 0.007 7.65 648.0
2455692.82221 16.024 0.005 4.89 483.0
2455693.64912 16.038 0.005 5.76 501.0
2455693.84431 16.021 0.005 3.80 488.0
2455694.66120 16.032 0.005 5.05 530.0
2455694.85237 16.034 0.005 4.27 402.0
2455695.68374 16.009 0.006 5.90 695.0
2455695.89199 16.024 0.005 4.69 355.0
2455696.71798 16.032 0.005 4.91 478.0
2455697.72434 16.037 0.005 4.98 583.0
2455697.88893 16.034 0.005 4.50 610.0
2455698.72275 16.041 0.007 6.71 890.0
2455698.88359 16.025 0.006 5.35 946.0
2455703.84997 16.031 0.006 7.16 577.0
2455705.87380 16.038 0.006 6.31 496.0
2455706.80870 16.032 0.006 6.53 454.0
2455707.69906 16.023 0.005 5.38 399.0
2455707.85639 16.023 0.005 5.21 522.0
2455708.68065 16.032 0.005 6.45 337.0
2455708.86566 16.031 0.006 7.09 549.0
2455710.78800 16.045 0.005 5.39 414.0
2455712.76538 16.027 0.005 4.41 400.0
2455713.77415 16.026 0.004 3.99 357.0
2455714.69187 16.051 0.004 5.54 295.0
2455715.71530 16.040 0.005 4.61 308.0
2455715.90503 16.030 0.005 6.47 467.0
2455716.78912 16.027 0.005 5.48 305.0
2455721.63436 16.018 0.005 5.46 474.0
2455721.87221 16.031 0.005 4.84 459.0
2455722.70127 16.027 0.005 4.79 372.0
2455723.58722 16.024 0.005 4.97 469.0
2455723.76487 16.035 0.005 4.17 397.0
2455724.58615 16.041 0.006 5.89 622.0
2455724.60038 16.014 0.006 5.59 592.0
2455724.61296 16.026 0.006 6.35 538.0
2455724.81593 16.038 0.005 4.85 435.0
2455725.74052 16.025 0.005 3.73 544.0
2455726.63998 16.016 0.006 5.36 685.0
2455726.81274 16.032 0.006 5.31 771.0
2455734.79714 16.031 0.005 5.34 418.0
2455735.63986 16.048 0.006 7.35 392.0
2455735.65702 16.047 0.006 6.44 337.0
2455735.67153 16.044 0.006 7.30 349.0
2455735.68600 16.043 0.005 5.90 350.0
2455735.70329 16.032 0.005 5.88 356.0
2455735.72537 16.035 0.005 5.25 369.0
2455735.74576 16.030 0.005 4.89 383.0
2455735.76478 16.025 0.005 4.90 362.0
2455735.78298 16.026 0.005 5.42 377.0
2455735.79763 16.026 0.005 5.41 373.0
2455735.81254 16.026 0.005 4.67 404.0
2455735.82915 16.035 0.005 5.22 427.0
2455735.84446 16.034 0.006 6.12 469.0
2455735.85934 16.037 0.005 5.38 476.0
2455735.87410 16.011 0.006 6.29 516.0
2455735.88895 16.023 0.006 5.99 572.0
2455736.61246 16.034 0.004 4.26 318.0
2455736.62671 16.031 0.004 3.83 330.0
2455736.64183 16.033 0.005 4.61 326.0
2455736.66093 16.033 0.004 4.15 297.0
2455736.68210 16.035 0.004 3.98 275.0
2455736.69770 16.032 0.004 3.73 275.0
2455736.70584 16.029 0.004 3.64 293.0
2455736.71883 16.039 0.004 4.12 291.0
2455736.72816 16.040 0.004 4.05 284.0
2455736.73719 16.041 0.004 3.85 307.0
2455736.74569 16.044 0.005 4.32 325.0
2455736.75407 16.030 0.005 4.24 361.0
2455736.76830 16.035 0.004 3.64 367.0
2455736.77813 16.032 0.004 3.75 363.0
2455736.78569 16.030 0.004 3.96 355.0
2455736.79355 16.026 0.004 3.79 355.0
2455736.80131 16.037 0.005 4.33 367.0
2455736.80927 16.031 0.005 4.01 386.0
2455736.81718 16.039 0.005 4.09 368.0
2455736.82511 16.035 0.005 4.54 393.0
2455736.83273 16.019 0.005 3.92 410.0
2455736.84067 16.032 0.005 3.89 417.0
2455736.84841 16.037 0.005 4.24 420.0
2455736.85642 16.036 0.005 4.09 423.0
2455736.86402 16.020 0.005 4.15 446.0
2455736.87326 16.027 0.005 4.76 474.0
2455736.88088 16.028 0.005 5.59 522.0
2455736.88747 16.030 0.005 5.39 519.0
2455736.89518 16.039 0.005 4.93 536.0
2455736.90164 16.041 0.006 6.16 581.0
2455737.51550 16.034 0.006 6.54 472.0
2455737.56812 16.025 0.005 4.95 411.0
2455737.62879 16.020 0.004 4.30 324.0
2455737.67263 16.032 0.004 3.73 289.0
2455737.74424 16.029 0.004 3.88 282.0
2455737.79758 16.037 0.005 4.94 322.0
2455737.85285 16.038 0.005 4.79 386.0
2455738.71343 16.027 0.004 4.20 335.0
2455739.58228 16.032 0.006 6.36 378.0
2455739.76849 16.028 0.005 5.01 347.0
2455740.56291 16.022 0.006 6.65 402.0
2455740.76702 16.029 0.005 5.21 354.0
2455741.53687 16.029 0.005 5.66 414.0
2455741.71920 16.040 0.005 4.46 299.0
2455741.87536 16.027 0.005 4.29 427.0
2455742.64170 16.029 0.005 5.35 323.0
2455742.80880 16.029 0.004 3.72 362.0
2455743.68366 16.039 0.005 5.60 350.0
2455743.85745 16.033 0.006 5.78 512.0
2455744.61602 16.024 0.006 7.06 409.0
2455744.84122 16.032 0.005 5.70 413.0
2455745.61588 16.039 0.006 6.50 361.0
2455745.79104 16.027 0.006 7.43 338.0
2455746.63662 16.038 0.004 5.53 302.0
2455746.82305 16.012 0.006 7.17 362.0
2455747.72162 16.035 0.006 7.10 331.0
2455749.50346 16.028 0.007 7.56 534.0
2455749.66871 16.035 0.005 5.98 321.0
2455752.54778 16.028 0.006 6.78 582.0
2455752.73671 16.050 0.004 5.19 360.0
2455753.62749 16.027 0.007 6.31 1321.0
2455759.84180 16.023 0.007 6.31 887.0
2455760.63035 16.038 0.006 5.82 487.0
2455760.80231 16.031 0.005 4.85 579.0
2455762.50237 16.015 0.005 5.72 390.0
2455762.66020 16.035 0.005 5.63 369.0
2455763.53510 16.022 0.005 4.55 398.0
2455763.72464 16.027 0.005 5.03 472.0
2455764.53977 16.035 0.005 4.84 407.0
2455764.71836 16.023 0.004 4.05 354.0
2455765.60417 16.027 0.004 3.89 396.0
2455766.47160 16.024 0.006 5.71 534.0
2455766.65519 16.034 0.005 4.58 293.0
2455767.53187 16.030 0.005 5.91 422.0
2455767.74165 16.016 0.005 6.15 351.0
2455768.59013 16.032 0.005 5.20 334.0
2455768.76928 16.024 0.005 5.18 406.0
2455769.62516 16.024 0.004 4.88 307.0
2455770.67039 16.029 0.005 5.70 365.0
2455776.54203 16.024 0.006 6.86 380.0
2455777.48182 16.029 0.006 6.08 462.0
2455777.70891 16.030 0.005 4.46 328.0
2455778.61132 16.042 0.006 5.58 510.0
2455779.74442 16.028 0.005 6.01 322.0
2455785.58202 16.022 0.006 5.91 588.0
2455786.49515 16.045 0.007 6.79 708.0
2455786.71459 16.032 0.006 5.91 663.0
2455787.56420 16.022 0.005 4.00 545.0
2455787.73940 16.022 0.006 6.36 732.0
2455788.65251 16.023 0.005 4.89 481.0
2455790.53916 16.026 0.005 5.42 339.0
2455790.71157 16.022 0.005 5.43 482.0
2455793.55833 16.043 0.005 5.22 332.0
2455793.71857 16.029 0.006 6.07 420.0
2455794.63094 16.028 0.005 5.56 343.0
2455795.64408 16.020 0.005 5.52 352.0
2455796.61274 16.019 0.005 5.28 354.0
2455801.53498 16.035 0.006 6.58 335.0
2455801.69369 16.028 0.006 6.96 375.0
2455804.50688 16.027 0.005 5.09 349.0
2455804.68021 16.025 0.005 5.44 436.0
2455805.64409 16.034 0.005 5.88 393.0
2455807.59529 16.030 0.006 7.38 396.0
2455812.58006 16.047 0.007 6.32 693.0
2455813.56537 16.036 0.005 4.56 560.0
2455815.53342 16.024 0.005 3.99 507.0
2455816.50478 16.038 0.005 4.46 510.0
2455817.50594 16.024 0.005 4.45 479.0
2455818.48518 16.022 0.005 5.27 448.0
2455819.48523 16.038 0.005 5.28 496.0
2455819.65720 16.020 0.006 5.68 654.0
2455820.63469 16.021 0.006 6.24 563.0
2455822.57366 16.035 0.006 6.28 337.0
2455823.50527 16.037 0.006 7.17 404.0
2455823.59209 16.024 0.006 5.78 418.0
2455824.53096 16.035 0.005 4.95 377.0
2455824.61139 16.038 0.005 5.78 388.0
2455825.54048 16.034 0.005 4.74 427.0
2455825.62919 16.027 0.005 5.45 415.0
2455826.55911 16.029 0.005 5.02 419.0
2455827.49838 16.035 0.007 7.07 502.0
2455827.57889 16.025 0.006 5.65 489.0
2455828.50954 16.031 0.005 4.71 361.0
2455828.58708 16.024 0.005 5.09 399.0
2455829.52227 16.017 0.005 5.01 452.0
2455829.59848 16.033 0.005 5.30 423.0
2455830.53543 16.032 0.005 5.22 387.0
2455831.49269 16.037 0.005 4.88 403.0
2455831.58268 16.017 0.005 5.71 387.0
2455832.52868 16.026 0.005 4.66 420.0
2455832.60655 16.042 0.006 7.41 493.0
2455833.56612 16.029 0.005 5.08 385.0
2455834.52575 16.028 0.005 5.11 386.0
2455834.59969 16.035 0.005 5.91 393.0
2455836.50935 16.036 0.006 5.83 558.0
2455836.57440 16.024 0.006 5.42 660.0
2455839.52907 16.036 0.008 5.61 1533.0
2455839.59839 16.010 0.008 6.69 1323.0
2455840.57163 16.028 0.005 4.32 604.0
2455841.50247 16.030 0.007 6.72 605.0
2455841.58556 16.032 0.006 5.89 677.0
2455842.54848 16.038 0.006 6.34 582.0
2455843.50085 16.029 0.006 5.99 528.0
2455843.58838 16.035 0.008 8.58 612.0
2455844.52972 16.021 0.006 6.05 590.0
2455845.49066 16.039 0.007 6.94 627.0
2455845.57038 16.018 0.006 6.10 722.0
2455846.53237 16.027 0.007 6.18 740.0
2455850.55658 16.035 0.005 5.12 473.0
2455851.51981 16.027 0.006 6.10 451.0
2455851.57399 16.028 0.006 7.34 445.0
2455852.55093 16.040 0.006 6.12 618.0
2455854.54196 16.034 0.006 6.31 600.0
2455855.52875 16.021 0.006 5.47 615.0
2455856.53034 16.024 0.007 7.10 568.0
2455858.50172 16.038 0.008 8.92 554.0
2455859.54614 16.027 0.006 7.42 569.0
2455861.51875 16.029 0.005 5.26 494.0
2455862.52617 16.027 0.006 5.73 487.0
2455866.51847 16.033 0.009 6.57 1525.0
2455867.52198 16.037 0.006 5.52 1012.0
2455868.52297 16.024 0.008 7.31 716.0
2455869.51390 16.030 0.006 5.80 744.0
2455870.51955 16.032 0.005 6.01 785.0
2455971.89203 16.030 0.006 5.06 1452.0
2455976.90008 16.037 0.005 5.23 766.0
2455977.89416 16.036 0.005 5.01 606.0
2455979.84870 16.030 0.005 6.07 464.0
2455980.85263 16.033 0.006 8.00 475.0
2455982.85701 16.039 0.005 5.42 373.0
2455983.85991 16.032 0.004 4.67 382.0
2455984.85344 16.031 0.004 5.14 373.0
2455985.83732 16.018 0.005 5.79 471.0
2455986.82190 16.033 0.005 6.32 473.0
2455986.90458 16.017 0.006 5.34 820.0
2455987.87181 16.028 0.005 4.91 393.0
2455988.86164 16.035 0.005 5.08 418.0
2455989.84228 16.039 0.005 6.54 346.0
2455990.81204 16.040 0.005 6.54 376.0
2455990.89124 16.022 0.005 5.56 344.0
2455991.86524 16.018 0.004 4.54 347.0
2455992.84186 16.026 0.005 4.85 487.0
2455993.82388 16.019 0.006 6.87 552.0
2455994.80517 16.019 0.006 5.52 781.0
2455994.88124 16.029 0.006 5.97 571.0
2455995.81317 16.021 0.005 4.49 654.0
2455995.89548 16.026 0.005 4.50 512.0
2455996.83750 16.020 0.005 4.94 514.0
2455997.79536 16.023 0.006 6.79 546.0
2455997.87975 16.032 0.005 5.34 455.0
2455998.82073 16.027 0.005 5.51 509.0
2455998.91002 16.033 0.005 4.28 861.0
2455999.85316 16.023 0.005 4.65 493.0
2456003.83213 16.036 0.007 7.85 467.0
2456004.77340 16.024 0.006 7.19 475.0
2456004.86978 16.027 0.005 5.27 398.0
2456005.78839 16.016 0.005 5.98 370.0
2456005.89531 16.028 0.004 3.94 323.0
2456006.80671 16.029 0.004 4.71 328.0
2456006.90470 16.025 0.004 4.04 345.0
2456007.81710 16.032 0.004 4.68 343.0
2456007.90317 16.036 0.004 5.00 342.0
2456008.80210 16.039 0.005 4.88 353.0
2456008.89798 16.022 0.004 4.38 342.0
2456009.81241 16.030 0.004 3.97 390.0
2456009.89825 16.026 0.004 4.08 390.0
2456010.79603 16.024 0.004 4.12 399.0
2456010.89311 16.023 0.004 3.37 337.0
2456011.78467 16.040 0.005 5.25 358.0
2456011.89897 16.018 0.005 4.08 895.0
2456012.79998 16.035 0.005 5.05 308.0
2456012.89647 16.037 0.004 3.71 269.0
2456013.79341 16.032 0.005 5.55 301.0
2456013.89565 16.026 0.004 4.43 291.0
2456014.77038 16.027 0.004 4.63 340.0
2456014.86921 16.033 0.005 6.47 296.0
2456015.74835 16.023 0.004 5.44 371.0
2456015.82558 16.029 0.004 4.26 298.0
2456015.91672 16.030 0.005 4.00 590.0
2456016.80882 16.024 0.004 4.40 338.0
2456016.91196 16.035 0.004 3.87 384.0
2456017.79461 16.028 0.004 4.49 316.0
2456017.89145 16.028 0.004 3.75 273.0
2456018.78350 16.036 0.005 5.64 304.0
2456018.86263 16.042 0.005 5.88 315.0
2456019.76172 16.022 0.005 6.57 382.0
2456019.85813 16.028 0.004 4.29 315.0
2456020.71650 16.017 0.006 6.59 465.0
2456020.81134 16.034 0.004 4.76 322.0
2456020.88880 16.028 0.004 4.10 308.0
2456021.74909 16.040 0.005 5.77 481.0
2456021.82675 16.025 0.004 4.49 376.0
2456021.92551 16.032 0.006 4.20 1336.0
2456022.77490 16.030 0.005 4.74 471.0
2456022.87069 16.038 0.005 4.59 410.0
2456023.73064 16.042 0.006 5.79 637.0
2456023.81116 16.032 0.005 4.45 508.0
2456023.91627 16.025 0.005 4.49 684.0
2456024.76818 16.027 0.005 5.24 587.0
2456024.87189 16.028 0.005 3.72 520.0
2456025.74295 16.027 0.006 6.15 647.0
2456025.82303 16.040 0.005 5.04 517.0
2456026.71632 16.034 0.008 8.27 928.0
2456031.84935 16.032 0.005 4.93 407.0
2456032.78605 16.025 0.005 4.97 384.0
2456033.71065 16.022 0.005 6.91 395.0
2456033.91155 16.027 0.005 5.70 392.0
2456034.86207 16.020 0.004 3.90 349.0
2456034.90002 16.036 0.005 4.20 373.0
2456036.75826 16.038 0.005 4.86 358.0
2456037.74256 16.040 0.005 5.67 375.0
2456038.71051 16.034 0.006 7.60 370.0
2456038.90187 16.038 0.005 4.74 366.0
2456039.89737 16.031 0.005 4.45 397.0
2456040.88413 16.021 0.005 4.77 397.0
2456041.70729 16.035 0.005 6.65 382.0
2456041.73332 16.025 0.005 6.73 384.0
2456041.76213 16.024 0.005 6.08 392.0
2456041.82314 16.021 0.005 5.24 390.0
2456041.88115 16.027 0.004 4.09 405.0
2456046.88054 16.025 0.005 4.87 372.0
2456047.77371 16.025 0.004 4.17 351.0
2456048.71344 16.021 0.005 4.79 439.0
2456048.90389 16.019 0.005 5.74 336.0
2456050.71033 16.030 0.005 5.98 444.0
2456050.89900 16.029 0.004 3.97 432.0
2456052.70750 16.020 0.005 5.23 608.0
2456052.88434 16.023 0.005 4.20 581.0
2456053.73873 16.028 0.005 3.66 784.0
2456053.93185 16.032 0.006 4.50 1136.0
2456058.77078 16.030 0.005 4.55 404.0
2456059.67102 16.031 0.005 5.72 370.0
2456059.84806 16.026 0.004 3.97 386.0
2456061.72614 16.030 0.005 5.11 409.0
2456061.90388 16.022 0.005 5.26 491.0
2456062.77473 16.024 0.005 4.51 494.0
2456063.74518 16.022 0.006 7.87 370.0
2456063.94098 16.027 0.006 4.66 1368.0
2456064.87178 16.038 0.005 4.86 437.0
2456065.70050 16.022 0.005 4.99 320.0
2456066.63913 16.029 0.005 4.81 423.0
2456066.81949 16.019 0.005 5.00 392.0
2456067.62338 16.034 0.005 5.91 377.0
2456067.80230 16.029 0.004 4.43 359.0
2456068.61823 16.035 0.005 5.46 447.0
2456068.84185 16.029 0.004 3.87 355.0
2456069.77225 16.023 0.004 3.79 330.0
2456070.58987 16.030 0.006 7.33 451.0
2456070.74436 16.036 0.004 5.08 306.0
2456070.92279 16.027 0.005 6.49 373.0
2456071.72057 16.024 0.004 4.51 303.0
2456071.89990 16.024 0.005 4.99 375.0
2456075.70351 16.018 0.004 5.11 309.0
2456076.57693 16.033 0.005 5.46 511.0
2456076.76047 16.032 0.004 4.29 326.0
2456076.93327 16.021 0.005 5.48 458.0
2456077.87452 16.016 0.005 4.85 368.0
2456078.67478 16.016 0.005 5.30 437.0
2456078.86051 16.021 0.004 3.35 412.0
2456079.65210 16.024 0.004 4.55 375.0
2456079.85554 16.015 0.004 4.21 377.0
2456080.62254 16.026 0.006 5.60 570.0
2456080.79002 16.017 0.005 4.61 443.0
2456081.58022 16.016 0.006 5.54 854.0
2456081.74299 16.031 0.005 5.28 497.0
2456081.92841 16.022 0.006 6.38 694.0
2456082.73906 16.035 0.007 6.50 860.0
2456082.87034 16.015 0.006 5.24 1093.0
2456085.57528 16.024 0.006 5.97 835.0
2456085.74825 16.020 0.005 4.67 653.0
2456086.68127 16.015 0.005 4.57 434.0
2456086.87238 16.029 0.005 5.55 516.0
2456087.77143 16.029 0.005 5.03 453.0
2456088.62666 16.035 0.005 5.24 307.0
2456089.73006 16.000 0.004 4.56 432.0
2456092.58674 16.020 0.005 6.11 415.0
2456092.86304 16.022 0.005 5.39 435.0
2456093.65706 16.026 0.005 5.59 310.0
2456093.85819 16.033 0.005 5.94 345.0
2456094.71773 16.015 0.005 5.02 427.0
2456094.89301 16.043 0.006 7.03 494.0
2456096.72452 16.017 0.005 5.97 326.0
2456096.73733 16.017 0.005 6.39 335.0
2456096.89761 16.029 0.006 6.85 540.0
2456097.82873 16.015 0.005 5.23 391.0
2456098.62421 16.014 0.005 6.01 346.0
2456098.80398 16.011 0.005 5.18 371.0
2456099.75325 16.028 0.006 6.69 378.0
2456100.65069 16.015 0.004 4.61 394.0
2456100.83810 16.022 0.005 5.62 480.0
2456101.60263 16.012 0.005 5.36 440.0
2456101.78101 16.011 0.004 4.14 401.0
2456102.56641 16.009 0.005 5.80 447.0
2456102.74202 16.000 0.004 3.88 376.0
2456103.50461 16.000 0.006 5.91 701.0
2456103.67038 16.006 0.004 4.44 417.0
2456104.50673 16.011 0.005 5.17 555.0
2456104.65483 16.007 0.004 4.54 334.0
2456104.81549 16.007 0.004 4.22 330.0
2456105.56949 16.001 0.005 6.92 385.0
2456105.76151 16.006 0.005 5.76 316.0
2456108.57052 16.001 0.005 4.57 672.0
2456108.75635 15.997 0.004 4.04 486.0
2456109.74419 16.001 0.005 4.24 903.0
2456109.84390 15.997 0.005 5.09 736.0
2456113.54969 15.991 0.006 6.20 718.0
2456113.71177 15.982 0.005 4.13 676.0
2456114.56255 15.979 0.007 7.75 568.0
2456114.73411 15.985 0.005 4.44 503.0
2456115.49818 15.976 0.005 5.72 423.0
2456115.68674 15.981 0.005 6.20 390.0
2456116.53716 15.976 0.005 5.54 355.0
2456116.71606 15.976 0.004 4.77 352.0
2456117.51739 15.968 0.005 4.95 503.0
2456117.69528 15.973 0.005 5.39 383.0
2456117.84838 15.969 0.005 5.13 544.0
2456118.64239 15.955 0.004 4.67 317.0
2456118.81007 15.928 0.004 4.57 406.0
2456119.59756 15.964 0.004 5.70 276.0
2456119.75307 15.951 0.005 6.00 329.0
2456120.62933 15.955 0.005 5.89 261.0
2456120.80590 15.944 0.005 5.54 319.0
2456121.60603 15.939 0.004 5.18 260.0
2456121.76078 15.954 0.003 3.82 271.0
2456123.65222 15.927 0.004 5.28 290.0
2456123.80976 15.935 0.004 4.97 342.0
2456124.65810 15.917 0.004 5.50 280.0
2456124.81994 15.914 0.005 5.37 393.0
2456125.65887 15.916 0.004 5.49 306.0
2456125.82964 15.902 0.005 6.41 396.0
2456126.69228 15.898 0.004 4.99 305.0
2456127.56600 15.903 0.005 6.77 333.0
2456128.58332 15.876 0.004 5.01 297.0
2456130.71791 15.859 0.005 5.60 347.0
2456131.66456 15.844 0.003 5.04 264.0
2456131.73302 15.834 0.003 4.82 309.0
2456132.68881 15.833 0.005 7.78 303.0
2456133.64117 15.812 0.005 6.15 329.0
2456134.55236 15.795 0.005 6.24 412.0
2456135.52103 15.758 0.004 5.57 423.0
2456135.63210 15.765 0.005 8.00 371.0
2456135.74394 15.750 0.004 4.85 376.0
2456136.67174 15.735 0.004 4.89 400.0
2456140.52187 15.612 0.005 5.76 955.0
2456140.70160 15.621 0.005 5.95 799.0
2456141.54706 15.590 0.004 4.81 654.0
2456141.72361 15.579 0.004 5.53 710.0
2456147.60899 15.412 0.004 8.36 286.0
2456148.53651 15.376 0.003 4.56 274.0
2456149.56154 15.350 0.003 5.12 307.0
2456150.58989 15.349 0.004 7.12 312.0
2456151.58251 15.351 0.003 6.51 312.0
2456151.74189 15.341 0.003 5.50 363.0
2456152.64339 15.354 0.003 5.26 267.0
2456154.59038 15.386 0.003 6.38 349.0
2456157.72097 15.469 0.004 6.81 415.0
2456158.65870 15.491 0.003 5.04 398.0
2456159.57936 15.518 0.004 5.61 334.0
2456160.57926 15.540 0.003 4.65 292.0
2456160.73421 15.602 0.003 5.59 324.0
2456161.68122 15.587 0.004 6.83 308.0
2456164.65279 15.707 0.004 5.63 463.0
2456168.66299 15.775 0.004 4.12 619.0
2456169.63603 15.810 0.004 4.42 630.0
2456171.60034 15.838 0.004 4.19 569.0
2456172.55970 15.862 0.004 4.06 438.0
2456175.52183 15.896 0.004 5.50 378.0
2456179.48542 15.932 0.005 6.51 411.0
2456179.66819 15.930 0.006 7.51 388.0
2456180.65320 15.938 0.006 6.95 488.0
2456181.61705 15.941 0.004 4.25 438.0
2456182.63054 15.946 0.005 5.39 378.0
2456184.53048 15.959 0.004 4.82 318.0
2456185.62879 15.962 0.004 4.58 343.0
2456190.49117 15.993 0.005 6.39 376.0
2456191.54566 15.983 0.005 6.09 343.0
2456195.51955 15.989 0.005 4.64 479.0
2456195.59885 15.987 0.005 4.27 592.0
2456196.51864 16.009 0.005 4.91 563.0
2456196.59795 16.008 0.005 4.78 630.0
2456197.52029 16.001 0.005 4.93 517.0
2456197.59968 15.986 0.006 6.63 649.0
2456199.53084 16.011 0.006 7.48 495.0
2456200.62340 16.022 0.007 7.36 691.0
2456202.57995 16.002 0.007 6.59 758.0
2456203.57188 16.006 0.006 6.47 536.0
2456204.52535 16.022 0.005 5.38 439.0
2456204.60179 16.020 0.005 5.39 590.0
2456205.54827 16.007 0.005 4.48 359.0
2456210.51919 16.029 0.005 5.50 383.0
2456210.59649 16.010 0.005 5.85 448.0
2456211.55045 16.025 0.005 4.52 369.0
2456212.54589 16.020 0.005 4.24 450.0
2456213.49677 16.000 0.005 5.98 467.0
2456213.57392 16.010 0.005 5.89 454.0
2456214.55724 16.017 0.005 5.73 391.0
2456216.55564 16.016 0.005 4.54 427.0
2456217.51143 16.023 0.004 4.13 374.0
2456217.58636 16.022 0.005 4.52 443.0
2456218.56288 16.017 0.005 5.75 511.0
2456223.54882 16.020 0.006 5.72 646.0
2456233.50557 16.016 0.007 6.86 610.0
2456234.54523 16.017 0.006 6.66 558.0
2456239.52917 16.007 0.006 6.81 550.0
