2455260.87170 19.266 0.055 3.42 599.0
2455261.80655 19.330 0.070 4.66 573.0
2455265.80574 19.147 0.053 4.95 408.0
2455266.79373 19.174 0.058 4.72 461.0
2455267.83554 19.206 0.057 4.99 390.0
2455268.80676 19.168 0.050 4.59 400.0
2455269.80166 19.221 0.047 4.06 394.0
2455270.84603 19.478 0.064 4.09 377.0
2455271.80105 19.210 0.054 4.58 432.0
2455272.80792 19.306 0.067 5.48 381.0
2455273.86254 19.241 0.047 3.93 365.0
2455274.81126 19.218 0.071 5.82 404.0
2455275.79781 19.339 0.073 4.67 523.0
2455276.83195 19.168 0.046 3.86 363.0
2455277.79806 19.215 0.080 6.51 415.0
2455278.80808 19.235 0.057 4.76 404.0
2455279.80934 19.310 0.080 6.23 394.0
2455280.86090 19.230 0.047 3.43 411.0
2455281.79585 19.295 0.057 4.80 402.0
2455282.77634 19.277 0.069 4.15 591.0
2455283.77747 19.268 0.074 5.02 607.0
2455284.77949 19.285 0.078 5.04 729.0
2455285.77517 19.195 0.074 4.48 825.0
2455285.90471 19.338 0.076 4.73 651.0
2455286.76637 19.240 0.080 4.51 785.0
2455287.83602 19.288 0.066 3.99 650.0
2455288.76935 19.203 0.067 3.89 746.0
2455292.83951 19.187 0.071 3.48 1291.0
2455293.84746 19.229 0.068 4.79 655.0
2455294.78656 19.271 0.045 3.85 337.0
2455295.78855 19.249 0.046 4.20 319.0
2455296.82890 19.255 0.042 3.42 345.0
2455297.86350 19.247 0.041 3.65 325.0
2455298.90387 19.331 0.050 3.67 369.0
2455299.88773 19.333 0.047 3.77 341.0
2455301.81487 19.274 0.051 4.27 383.0
2455304.77721 19.201 0.058 5.53 477.0
2455306.77470 19.242 0.054 4.92 365.0
2455307.80000 19.222 0.047 3.89 405.0
2455308.79009 19.211 0.051 4.72 379.0
2455309.83787 19.208 0.048 4.25 365.0
2455310.83505 19.274 0.056 5.01 390.0
2455311.91224 19.266 0.067 5.15 462.0
2455312.90222 19.295 0.062 4.73 445.0
2455313.92848 19.268 0.097 5.41 944.0
2455314.87668 19.259 0.077 4.72 811.0
2455315.80226 19.256 0.073 4.30 855.0
2455316.76095 19.430 0.128 6.36 805.0
2455319.90226 19.132 0.146 3.89 5199.0
2455320.79636 19.236 0.137 4.88 2683.0
2455321.74309 19.227 0.065 5.05 518.0
2455322.69864 19.334 0.072 5.67 474.0
2455323.85483 19.310 0.065 4.72 574.0
2455324.78530 19.207 0.066 5.76 426.0
2455325.70264 19.239 0.053 4.61 391.0
2455325.90322 19.258 0.060 4.46 466.0
2455326.82808 19.308 0.057 4.23 406.0
2455327.77540 19.348 0.057 4.13 357.0
2455328.67502 19.191 0.051 3.81 415.0
2455328.89840 19.318 0.067 4.20 508.0
2455334.82519 19.188 0.047 4.18 379.0
2455335.80192 19.219 0.051 4.39 405.0
2455336.86163 19.231 0.055 4.00 451.0
2455337.88947 19.327 0.079 5.20 592.0
2455339.64639 19.301 0.099 6.45 609.0
2455339.92344 19.385 0.124 6.40 788.0
2455340.86546 19.162 0.066 4.76 647.0
2455341.79633 19.255 0.059 3.88 597.0
2455342.62426 19.271 0.101 5.87 818.0
2455342.82012 19.148 0.067 4.63 713.0
2455343.65390 19.182 0.081 4.86 920.0
2455343.84704 19.322 0.081 4.40 910.0
2455348.79413 19.408 0.069 4.57 475.0
2455349.67449 19.188 0.084 5.76 725.0
2455350.68288 19.222 0.078 6.36 448.0
2455351.79223 19.269 0.058 4.19 496.0
2455352.80587 19.254 0.060 4.23 467.0
2455353.77111 19.281 0.054 3.92 404.0
2455354.72439 19.392 0.070 5.26 345.0
2455355.66124 19.229 0.056 4.62 438.0
2455357.65995 19.259 0.070 5.91 418.0
2455358.82346 19.189 0.067 6.00 389.0
2455359.67690 19.216 0.058 4.90 441.0
2455359.89935 19.155 0.068 5.30 581.0
2455362.86968 19.173 0.074 5.78 549.0
2455364.90295 19.235 0.083 6.78 419.0
2455365.87040 19.214 0.072 5.30 514.0
2455369.82740 19.278 0.076 4.78 683.0
2455376.79155 19.269 0.080 4.99 671.0
2455377.71911 19.251 0.056 4.35 429.0
2455378.58301 19.266 0.055 4.74 321.0
2455378.85506 19.160 0.069 5.56 568.0
2455379.75990 19.216 0.055 4.24 428.0
2455380.60185 19.288 0.052 4.64 303.0
2455380.84194 19.255 0.096 7.23 521.0
2455381.71708 19.313 0.098 6.98 440.0
2455382.58738 19.194 0.086 7.29 414.0
2455382.79438 19.272 0.112 8.08 472.0
2455385.71682 19.229 0.049 4.43 294.0
2455386.50796 19.289 0.056 3.99 632.0
2455386.59004 19.242 0.053 4.81 508.0
2455386.67430 19.298 0.049 4.44 406.0
2455386.81275 19.251 0.050 3.87 350.0
2455387.79963 19.187 0.054 5.49 343.0
2455388.75454 19.284 0.052 4.63 247.0
2455389.62161 19.338 0.070 6.23 275.0
2455390.58970 19.234 0.078 7.13 322.0
2455391.48543 19.291 0.095 7.40 435.0
2455391.82487 19.084 0.051 4.19 490.0
2455392.74263 19.204 0.048 4.44 293.0
2455393.73332 19.240 0.076 6.47 337.0
2455396.63114 19.338 0.066 5.21 373.0
2455397.69261 19.435 0.103 6.89 408.0
2455403.47296 19.321 0.074 4.10 897.0
2455403.66545 19.338 0.072 3.78 794.0
2455404.53626 19.168 0.066 5.11 548.0
2455404.73522 19.219 0.096 6.15 622.0
2455405.74893 19.165 0.065 4.46 517.0
2455407.60355 19.324 0.085 7.17 343.0
2455408.52380 19.266 0.086 6.93 405.0
2455408.72580 19.313 0.067 5.12 432.0
2455409.70458 19.308 0.067 5.37 389.0
2455410.70804 19.271 0.057 4.56 360.0
2455411.74492 19.113 0.061 5.61 436.0
2455412.65942 19.162 0.080 7.01 403.0
2455413.73682 19.311 0.060 5.52 311.0
2455414.76117 19.428 0.070 4.93 404.0
2455418.63555 19.253 0.054 5.16 275.0
2455421.65804 19.182 0.057 5.94 283.0
2455422.76172 19.168 0.055 5.27 348.0
2455426.50508 19.309 0.082 4.62 823.0
2455430.57566 19.254 0.076 4.82 602.0
2455431.57090 19.256 0.075 5.15 598.0
2455434.53600 19.162 0.071 5.93 458.0
2455435.50696 19.321 0.071 5.42 401.0
2455436.50551 19.280 0.069 5.81 367.0
2455438.54005 19.239 0.070 5.85 385.0
2455439.60792 19.357 0.081 5.71 365.0
2455443.62224 19.330 0.068 5.45 380.0
2455444.64790 19.199 0.055 4.35 411.0
2455446.53690 19.253 0.056 4.29 372.0
2455447.54708 19.232 0.054 4.69 356.0
2455449.47993 19.273 0.096 6.44 561.0
2455450.55808 19.378 0.087 6.40 385.0
2455453.49650 19.463 0.124 5.68 1145.0
2455457.59025 19.174 0.050 3.62 517.0
2455459.47994 19.344 0.113 6.71 904.0
2455460.49654 19.235 0.091 6.77 523.0
2455461.52798 19.401 0.174 5.68 2270.0
2455462.56646 19.367 0.078 4.47 578.0
2455465.52732 19.300 0.081 6.45 409.0
2455469.52200 19.221 0.050 4.14 399.0
2455471.56521 19.252 0.059 4.73 387.0
2455473.49296 19.333 0.088 6.17 443.0
2455477.54395 19.321 0.091 6.03 488.0
2455480.53747 19.344 0.084 5.70 481.0
2455485.53916 19.208 0.077 4.96 645.0
2455487.52276 19.216 0.061 4.55 574.0
2455489.52155 19.134 0.091 6.39 643.0
2455492.54217 19.388 0.147 6.80 955.0
2455497.52701 19.216 0.069 5.21 600.0
2455598.85464 19.306 0.063 5.29 430.0
2455599.85690 19.395 0.071 5.01 408.0
2455600.85337 19.249 0.070 6.68 428.0
2455616.89617 19.213 0.081 5.42 698.0
2455622.89544 19.282 0.047 3.67 383.0
2455625.82906 19.260 0.058 4.75 374.0
2455627.82204 19.065 0.061 6.46 363.0
2455628.90523 19.395 0.073 4.72 534.0
2455629.83260 19.247 0.060 5.60 327.0
2455631.86127 19.445 0.072 5.46 382.0
2455632.91187 19.416 0.144 5.71 1397.0
2455633.81634 19.224 0.049 4.28 394.0
2455634.81012 19.081 0.057 6.09 353.0
2455637.84606 19.273 0.071 6.12 455.0
2455639.80958 19.290 0.074 5.16 579.0
2455640.90848 19.224 0.074 5.59 638.0
2455643.76321 19.251 0.067 4.29 697.0
2455644.91215 19.242 0.084 6.70 649.0
2455648.76558 19.185 0.058 5.52 379.0
2455649.90395 19.308 0.049 4.79 309.0
2455651.87092 19.407 0.068 5.47 344.0
2455654.80323 19.267 0.059 5.30 330.0
2455656.77409 19.192 0.049 4.14 382.0
2455658.76177 19.258 0.099 8.40 501.0
2455659.82043 19.292 0.056 5.28 323.0
2455662.73223 19.398 0.091 7.07 392.0
2455664.80587 19.220 0.063 5.77 363.0
2455665.92952 19.201 0.078 3.68 1489.0
2455669.80461 19.190 0.058 4.49 611.0
2455675.76294 19.395 0.114 4.99 1374.0
2455677.72266 19.121 0.046 5.32 349.0
2455679.91186 19.263 0.056 5.10 399.0
2455681.79377 19.262 0.066 6.09 351.0
2455683.73703 19.281 0.055 5.10 366.0
2455685.74772 19.226 0.051 4.77 352.0
2455687.65930 19.047 0.065 6.53 470.0
2455690.65757 19.089 0.060 6.40 382.0
2455693.68689 19.201 0.052 4.62 441.0
2455694.80296 19.148 0.047 4.15 451.0
2455695.93115 19.090 0.054 5.92 412.0
2455697.67826 19.247 0.061 4.31 619.0
2455698.76464 19.095 0.080 5.44 903.0
2455705.80141 19.250 0.060 5.25 466.0
2455707.72612 19.266 0.074 6.26 397.0
2455708.80854 19.146 0.059 5.30 392.0
2455712.80763 19.142 0.049 4.56 400.0
2455715.68845 19.267 0.047 4.57 320.0
2455716.85722 19.121 0.060 6.03 431.0
2455722.70286 19.300 0.055 4.65 368.0
2455723.84454 19.233 0.057 5.19 404.0
2455725.74215 19.251 0.055 3.80 572.0
2455734.87698 19.114 0.093 7.53 564.0
2455736.69328 19.173 0.037 3.96 279.0
2455737.78158 19.279 0.048 4.49 304.0
2455739.59642 19.132 0.055 5.39 361.0
2455740.69286 19.202 0.054 5.53 314.0
2455741.74675 19.221 0.045 3.97 304.0
2455742.75904 19.266 0.045 3.64 332.0
2455743.87136 19.095 0.070 5.61 558.0
2455745.54355 19.303 0.079 6.64 385.0
2455746.73179 19.234 0.067 6.31 324.0
2455748.69245 19.240 0.082 6.99 359.0
2455752.61829 19.116 0.074 6.20 528.0
2455760.77857 19.175 0.058 4.64 563.0
2455762.55454 19.334 0.079 6.24 380.0
2455763.69097 19.225 0.059 5.13 422.0
2455765.47337 19.291 0.070 4.93 581.0
2455766.61570 19.283 0.048 4.49 311.0
2455767.77070 19.186 0.067 6.37 360.0
2455769.54328 19.101 0.044 4.58 339.0
2455776.57804 19.637 0.119 6.74 384.0
2455778.54695 19.314 0.096 6.70 479.0
2455785.58337 19.235 0.087 6.00 597.0
2455787.55260 19.274 0.058 3.93 568.0
2455788.73617 19.293 0.107 7.23 663.0
2455793.57246 19.140 0.050 5.24 332.0
2455795.58913 19.280 0.080 6.50 348.0
2455801.57551 19.113 0.061 6.57 320.0
2455804.63740 19.399 0.081 6.05 384.0
2455807.65143 19.173 0.078 6.95 372.0
2455815.50939 19.443 0.073 5.06 501.0
2455817.59371 19.422 0.089 5.73 540.0
2455820.48779 19.170 0.095 7.37 500.0
2455822.60549 19.199 0.061 5.18 366.0
2455827.59410 19.034 0.068 6.46 480.0
2455829.56298 19.105 0.049 4.76 443.0
2455831.57308 19.201 0.055 5.38 396.0
2455833.58161 18.960 0.055 5.80 402.0
2455836.57572 19.297 0.088 6.13 623.0
2455840.60346 19.135 0.070 5.10 647.0
2455842.56420 19.186 0.081 5.56 626.0
2455844.57222 19.068 0.081 6.25 680.0
2455847.56283 19.328 0.171 8.53 938.0
2455852.56350 19.150 0.096 6.84 647.0
2455858.50465 18.889 0.091 8.65 526.0
2455977.89751 19.216 0.075 4.96 792.0
2455983.83775 19.345 0.065 5.06 419.0
2455986.83459 19.270 0.056 4.94 426.0
2455989.82029 19.192 0.055 5.66 340.0
2455991.86856 19.279 0.049 4.53 329.0
2455994.82125 19.254 0.065 4.35 687.0
2455996.82975 19.207 0.057 4.60 513.0
2455998.84859 19.132 0.051 4.93 459.0
2456003.90404 19.266 0.078 6.06 496.0
2456005.89861 19.218 0.039 3.63 317.0
2456007.86686 19.145 0.043 4.57 287.0
2456009.79225 19.199 0.049 4.44 384.0
2456010.90745 19.226 0.039 3.47 345.0
2456012.85109 19.176 0.042 4.34 281.0
2456014.77215 19.171 0.044 4.35 329.0
2456015.87695 19.122 0.037 3.96 291.0
2456017.78367 19.246 0.043 4.11 322.0
2456018.87960 19.236 0.043 4.39 289.0
2456020.75700 19.174 0.049 4.76 373.0
2456021.81715 19.162 0.045 4.29 374.0
2456022.88849 19.221 0.054 4.94 392.0
2456025.71861 19.144 0.086 6.20 686.0
2456031.82291 19.190 0.052 4.73 419.0
2456033.77435 19.226 0.065 6.27 369.0
2456036.73035 19.163 0.041 3.99 353.0
2456038.76675 19.212 0.073 7.05 332.0
2456040.84584 19.177 0.047 4.31 390.0
2456047.76200 19.160 0.042 4.05 353.0
2456049.71000 19.197 0.054 4.24 548.0
2456050.88770 19.224 0.057 4.71 452.0
2456053.64319 19.092 0.087 5.27 1226.0
2456057.90662 19.354 0.123 4.20 2228.0
2456058.68272 19.207 0.064 5.86 421.0
2456058.81078 19.280 0.063 5.17 411.0
2456058.93398 19.096 0.068 5.56 590.0
2456061.81579 19.355 0.060 4.67 402.0
2456062.94055 19.356 0.110 4.32 1611.0
2456065.62320 18.512 0.033 4.84 498.0
2456066.82116 18.653 0.036 5.33 402.0
2456067.88166 18.773 0.034 3.77 450.0
2456069.70789 18.783 0.030 3.97 338.0
2456070.78255 18.785 0.038 5.40 334.0
2456071.85053 18.860 0.036 4.64 360.0
2456076.60385 19.004 0.045 4.72 434.0
2456077.83587 19.055 0.041 4.23 343.0
2456078.90093 19.037 0.046 4.22 495.0
2456080.58600 19.061 0.073 6.15 637.0
2456081.61952 19.130 0.079 5.77 723.0
2456082.70332 19.304 0.105 5.73 866.0
2456085.81430 19.207 0.079 6.01 559.0
2456086.82497 19.360 0.066 4.74 474.0
2456088.67863 19.192 0.041 4.08 312.0
2456092.86448 19.151 0.065 5.86 466.0
2456094.63202 19.147 0.059 5.71 404.0
2456096.76539 19.258 0.067 6.26 355.0
2456098.56925 19.312 0.091 7.35 382.0
2456099.84083 19.211 0.086 7.17 412.0
2456101.55349 19.222 0.062 5.10 471.0
2456102.60381 19.217 0.063 5.60 393.0
2456103.61337 19.281 0.058 5.05 404.0
2456104.69689 19.201 0.040 3.79 319.0
2456105.75020 19.170 0.059 6.11 308.0
2456108.82596 19.248 0.059 4.57 508.0
2456109.70819 19.271 0.059 3.74 641.0
2456113.77694 19.226 0.064 4.15 727.0
2456115.48623 19.086 0.058 5.98 421.0
2456116.61419 19.334 0.053 4.69 346.0
2456117.69667 19.320 0.063 5.11 399.0
2456118.74905 19.272 0.050 4.57 338.0
2456119.75443 19.077 0.065 6.80 338.0
2456121.51701 19.242 0.047 4.68 323.0
2456123.65367 19.275 0.057 6.08 298.0
2456124.76811 19.244 0.059 5.18 381.0
2456126.51273 19.403 0.073 5.27 361.0
2456128.53229 19.167 0.043 4.33 340.0
2456132.62689 19.225 0.066 6.33 288.0
2456134.58069 19.418 0.098 7.18 400.0
2456136.61409 19.571 0.120 6.95 426.0
2456141.52311 19.110 0.060 4.44 696.0
2456150.48588 19.306 0.099 7.99 352.0
2456152.52731 19.152 0.056 6.13 289.0
2456157.70693 19.127 0.060 5.94 388.0
2456159.58067 19.193 0.054 5.01 352.0
2456161.60998 19.282 0.067 5.76 320.0
2456179.61781 19.439 0.092 6.41 391.0
2456182.53886 19.300 0.060 5.21 358.0
2456191.54695 19.217 0.068 6.16 354.0
2456196.54888 19.121 0.064 4.69 592.0
2456204.53936 19.100 0.056 5.08 444.0
2456211.52219 19.198 0.055 4.77 390.0
2456213.57535 19.247 0.075 5.88 467.0
2456218.55141 19.128 0.063 5.17 530.0
2456221.50084 19.225 0.107 5.78 1172.0
2456233.55500 19.263 0.094 7.17 547.0
2456238.54162 19.064 0.066 4.87 691.0
