2455977.87232 19.310 0.061 4.66 403.0
2455982.89373 18.555 0.029 4.81 372.0
2455986.80069 18.187 0.032 6.57 412.0
2455988.89943 17.999 0.021 4.57 523.0
2455991.84313 17.952 0.016 4.52 306.0
2455994.78707 18.226 0.031 5.13 786.0
2455996.80503 18.369 0.029 5.08 499.0
2455998.81242 18.656 0.042 5.87 484.0
2456003.87006 19.053 0.058 5.71 420.0
2456005.85556 19.219 0.048 4.69 313.0
2456007.83199 19.248 0.059 5.24 282.0
2456009.75528 19.274 0.056 4.99 364.0
2456010.88238 19.542 0.053 4.05 309.0
2456012.81504 19.618 0.064 4.62 247.0
2456014.74643 19.440 0.074 5.88 311.0
2456017.75850 19.721 0.064 4.28 302.0
2456018.85106 19.575 0.050 3.66 261.0
2456020.73228 19.774 0.089 5.12 352.0
2456021.79158 19.901 0.089 4.65 356.0
2456022.86295 19.759 0.083 4.66 391.0
2456024.92472 19.524 0.113 4.35 1216.0
2456031.77089 20.026 0.128 6.03 349.0
2456033.71258 19.865 0.116 6.28 337.0
2456035.90073 19.963 0.099 4.41 347.0
2456038.71244 20.123 0.133 5.90 304.0
2456040.78117 20.237 0.158 6.00 320.0
2456047.70995 20.199 0.134 5.26 326.0
2456048.91888 19.772 0.081 4.55 326.0
2456050.83568 19.980 0.103 4.40 441.0
2456052.89895 20.094 0.120 4.11 608.0
2456061.74109 20.253 0.106 3.75 373.0
2456062.89003 19.799 0.121 5.11 549.0
2456064.90226 20.207 0.110 4.26 449.0
2456066.75429 20.239 0.116 4.30 358.0
2456067.83020 20.169 0.094 3.72 328.0
2456069.63679 19.996 0.110 5.67 304.0
2456070.72084 20.410 0.145 4.86 301.0
2456071.79829 20.132 0.125 5.16 320.0
2456075.86347 20.684 0.164 4.48 332.0
2456077.76419 20.398 0.151 5.62 284.0
2456078.84427 20.532 0.147 4.38 380.0
2456079.92218 20.226 0.147 5.45 458.0
2456081.56913 20.284 0.259 6.11 881.0
2456085.76260 20.403 0.181 5.06 506.0
2456086.77155 20.984 0.239 4.39 383.0
2456088.62819 20.420 0.118 4.41 271.0
2456092.77133 20.471 0.160 4.93 328.0
2456094.55750 20.029 0.158 6.35 406.0
2456096.67801 20.870 0.241 5.72 277.0
2456096.70620 20.183 0.141 5.16 415.0
2456097.88315 21.312 0.506 5.79 480.0
2456099.71679 20.608 0.288 6.79 402.0
2456100.89229 19.945 0.163 6.74 530.0
2456103.55922 20.112 0.121 4.10 411.0
2456104.63284 20.197 0.090 3.70 327.0
2456105.69794 20.355 0.129 4.89 271.0
2456108.77017 20.502 0.165 4.08 547.0
2456113.72555 20.329 0.182 4.42 716.0
2456114.82852 20.421 0.251 5.58 664.0
2456116.55340 20.434 0.116 4.40 272.0
2456117.63312 20.321 0.112 4.56 280.0
2456118.69742 20.282 0.091 3.69 277.0
2456119.71456 20.821 0.184 4.50 260.0
2456120.82659 20.429 0.262 7.38 348.0
2456123.58036 20.357 0.138 5.01 281.0
2456124.71293 20.344 0.120 4.58 287.0
2456125.80307 20.099 0.134 5.97 321.0
2456127.72438 20.073 0.136 6.48 246.0
2456132.50224 20.637 0.260 6.50 307.0
2456134.52568 20.786 0.298 6.28 362.0
2456135.79976 20.801 0.328 6.64 396.0
2456142.70664 20.129 0.254 7.73 565.0
2456149.59518 20.004 0.119 5.91 277.0
2456151.74969 20.292 0.197 6.59 367.0
2456157.65035 19.862 0.118 5.88 311.0
2456157.65035 19.862 0.118 5.88 311.0
2456159.51120 20.587 0.243 5.91 394.0
2456161.54544 19.734 0.121 7.30 260.0
2456179.56158 20.143 0.178 6.74 349.0
2456181.64343 20.518 0.214 5.95 423.0
2456184.65064 20.699 0.329 8.57 290.0
2456190.61702 21.101 0.380 6.30 382.0
2456196.52275 21.087 0.427 5.64 544.0
2456199.52074 20.836 0.448 7.95 469.0
2456204.50689 20.591 0.202 4.86 399.0
2456211.49589 20.347 0.165 5.14 398.0
2456213.55050 20.789 0.284 5.76 395.0
2456218.52557 21.071 0.394 5.62 471.0
