2455264.85029 15.329 0.004 4.20 1210.0
2455268.78843 15.337 0.004 6.06 344.0
2455271.78249 15.332 0.004 4.35 361.0
2455273.79177 15.324 0.004 4.71 302.0
2455277.77991 15.340 0.004 4.56 329.0
2455279.89834 15.327 0.004 4.09 279.0
2455283.75903 15.323 0.004 5.30 545.0
2455285.88498 15.331 0.004 4.48 613.0
2455288.75104 15.325 0.004 4.08 719.0
2455292.90871 15.312 0.004 3.29 1090.0
2455294.73547 15.324 0.004 4.17 294.0
2455294.92142 15.314 0.004 3.31 642.0
2455296.77922 15.328 0.004 3.85 282.0
2455297.81317 15.317 0.003 3.49 285.0
2455298.85175 15.325 0.004 4.01 298.0
2455299.83614 15.323 0.003 3.49 269.0
2455301.76527 15.325 0.004 4.31 306.0
2455303.92657 15.329 0.004 5.07 366.0
2455306.69855 15.324 0.004 4.90 329.0
2455307.70068 15.328 0.004 4.63 339.0
2455308.69196 15.329 0.004 5.21 356.0
2455309.75474 15.325 0.004 4.77 289.0
2455310.73692 15.330 0.004 4.82 375.0
2455311.85227 15.331 0.004 5.44 312.0
2455312.84633 15.325 0.004 5.04 486.0
2455314.80704 15.324 0.004 5.21 690.0
2455315.75268 15.321 0.004 5.40 797.0
2455316.70114 15.328 0.005 5.66 880.0
2455319.84580 15.327 0.005 3.97 3004.0
2455320.74663 15.330 0.004 4.94 509.0
2455321.66301 15.334 0.004 5.63 529.0
2455321.88779 15.320 0.004 4.40 481.0
2455323.80102 15.316 0.004 5.25 442.0
2455324.73574 15.332 0.004 4.72 333.0
2455324.93016 15.324 0.004 3.66 573.0
2455325.85107 15.338 0.004 4.63 362.0
2455326.77607 15.329 0.004 3.83 303.0
2455327.69196 15.326 0.004 4.88 282.0
2455327.91717 15.325 0.004 3.72 452.0
2455328.84850 15.331 0.004 4.13 350.0
2455334.75540 15.326 0.004 4.09 322.0
2455335.74930 15.325 0.003 3.61 352.0
2455335.94284 15.320 0.005 4.69 2191.0
2455337.83873 15.333 0.004 4.92 435.0
2455338.83899 15.346 0.005 6.94 527.0
2455339.87089 15.341 0.005 6.08 648.0
2455340.81463 15.341 0.005 6.47 576.0
2455341.67603 15.326 0.004 3.87 522.0
2455341.93808 15.329 0.004 4.20 846.0
2455342.76745 15.329 0.004 4.69 600.0
2455343.60383 15.333 0.004 5.15 1057.0
2455343.79559 15.322 0.006 4.34 4769.0
2455348.71628 15.334 0.004 5.04 497.0
2455350.63265 15.335 0.004 6.37 321.0
2455351.68117 15.321 0.004 4.46 292.0
2455352.69272 15.336 0.004 3.89 267.0
2455353.66673 15.326 0.004 4.10 308.0
2455354.60312 15.322 0.004 4.16 328.0
2455354.92469 15.326 0.004 5.29 708.0
2455355.88791 15.330 0.004 5.97 613.0
2455358.68614 15.325 0.003 4.27 308.0
2455359.84611 15.327 0.004 5.68 481.0
2455362.72005 15.324 0.004 4.82 424.0
2455364.69488 15.335 0.004 6.03 398.0
2455364.84902 15.328 0.004 5.31 310.0
2455365.80679 15.328 0.004 4.75 336.0
2455369.77534 15.334 0.005 6.03 908.0
2455376.74016 15.328 0.004 5.45 568.0
2455377.63267 15.331 0.004 5.54 372.0
2455377.86828 15.333 0.005 6.53 735.0
2455378.80248 15.330 0.004 4.24 426.0
2455379.67781 15.326 0.004 4.75 325.0
2455380.79135 15.339 0.004 5.48 366.0
2455381.66455 15.335 0.004 6.34 306.0
2455382.53041 15.329 0.004 6.09 426.0
2455382.73694 15.329 0.004 6.15 362.0
2455385.48889 15.327 0.004 4.05 597.0
2455385.55491 15.328 0.003 4.07 495.0
2455385.65822 15.327 0.003 4.14 367.0
2455385.75654 15.325 0.003 4.28 405.0
2455387.74293 15.332 0.004 4.21 245.0
2455388.61001 15.332 0.003 4.26 213.0
2455389.52339 15.328 0.004 5.55 308.0
2455390.53116 15.331 0.004 6.48 310.0
2455390.78848 15.327 0.004 5.23 228.0
2455391.72883 15.321 0.004 4.83 317.0
2455392.59771 15.328 0.004 5.05 283.0
2455393.68238 15.325 0.004 5.99 244.0
2455396.54202 15.329 0.004 6.51 433.0
2455397.64196 15.337 0.004 6.15 389.0
2455403.61329 15.330 0.004 4.23 686.0
2455404.48565 15.324 0.004 4.37 529.0
2455404.68194 15.322 0.004 4.72 492.0
2455405.69862 15.328 0.004 4.70 421.0
2455407.55141 15.324 0.004 5.98 242.0
2455407.74552 15.326 0.004 4.98 467.0
2455408.67513 15.329 0.004 5.17 371.0
2455409.56288 15.320 0.003 4.70 252.0
2455410.56537 15.319 0.003 4.57 267.0
2455411.60057 15.328 0.003 4.13 259.0
2455412.60868 15.325 0.004 6.42 362.0
2455413.59387 15.319 0.003 4.25 254.0
2455414.63767 15.326 0.003 4.98 244.0
2455418.57157 15.330 0.003 4.71 246.0
2455421.59791 15.327 0.004 5.69 282.0
2455422.56628 15.324 0.004 4.81 321.0
2455425.51192 15.326 0.004 4.71 355.0
2455430.51688 15.336 0.004 6.33 616.0
2455431.51794 15.331 0.004 4.47 571.0
2455433.69047 15.334 0.005 5.87 1930.0
2455434.69450 15.326 0.004 4.89 599.0
2455435.69772 15.334 0.004 4.29 505.0
2455437.67708 15.327 0.004 5.09 428.0
2455439.55761 15.330 0.004 6.26 351.0
2455443.57139 15.330 0.004 5.93 350.0
2455444.59274 15.328 0.004 5.42 290.0
2455445.68170 15.331 0.004 4.83 358.0
2455447.48961 15.324 0.004 4.84 341.0
2455448.54870 15.330 0.004 4.91 343.0
2455448.56345 15.324 0.004 4.89 343.0
2455451.63419 15.337 0.003 5.36 375.0
2455457.51632 15.328 0.003 4.31 481.0
2455458.56025 15.329 0.004 5.56 528.0
2455459.59378 15.326 0.004 4.51 553.0
2455460.60646 15.325 0.004 5.49 1867.0
2455462.48447 15.320 0.004 5.77 608.0
2455463.59127 15.318 0.004 4.30 599.0
2455464.55101 15.334 0.004 5.57 478.0
2455465.48545 15.330 0.005 7.17 483.0
2455468.55536 15.335 0.004 6.65 395.0
2455471.53702 15.324 0.004 5.73 338.0
2455472.58691 15.324 0.004 5.71 447.0
2455476.55158 15.324 0.005 8.19 431.0
2455480.50958 15.331 0.004 5.92 423.0
2455483.50787 15.315 0.005 5.91 1756.0
2455487.49552 15.328 0.004 4.49 589.0
2455489.49440 15.325 0.004 5.86 797.0
2455492.51967 15.330 0.005 7.01 880.0
2455497.49823 15.327 0.005 6.59 897.0
2455596.86013 15.342 0.004 6.40 452.0
2455597.85502 15.336 0.003 5.57 347.0
2455598.85029 15.340 0.004 6.21 400.0
2455599.85257 15.332 0.003 4.90 354.0
2455600.84905 15.332 0.004 5.87 376.0
2455606.88455 15.332 0.004 5.03 418.0
2455612.88844 15.328 0.004 6.09 530.0
2455615.89724 15.331 0.004 4.38 623.0
2455621.86569 15.325 0.003 4.32 298.0
2455624.79326 15.324 0.003 5.00 366.0
2455626.88456 15.321 0.003 4.61 325.0
2455628.79822 15.331 0.004 5.51 361.0
2455629.87830 15.334 0.004 5.62 277.0
2455631.85370 15.328 0.003 5.29 342.0
2455633.80867 15.320 0.003 4.15 340.0
2455634.88513 15.331 0.004 5.21 277.0
2455637.79610 15.329 0.004 6.24 563.0
2455639.79740 15.331 0.004 4.82 547.0
2455640.87994 15.327 0.004 5.16 497.0
2455642.91117 15.337 0.004 7.61 674.0
2455644.88097 15.328 0.005 5.19 2000.0
2455647.83527 15.329 0.004 4.89 651.0
2455648.73023 15.332 0.004 6.90 337.0
2455649.87725 15.322 0.003 4.65 257.0
2455651.81308 15.328 0.003 4.61 277.0
2455654.76770 15.321 0.003 4.20 301.0
2455655.88191 15.327 0.003 5.07 271.0
2455657.91059 15.319 0.003 3.69 282.0
2455659.79304 15.329 0.003 5.04 304.0
2455660.90764 15.332 0.004 5.58 258.0
2455664.77748 15.326 0.004 5.34 373.0
2455665.90315 15.326 0.003 5.11 296.0
2455668.92998 15.330 0.004 4.90 1427.0
2455671.77540 15.332 0.003 4.00 652.0
2455676.88142 15.312 0.003 3.42 313.0
2455679.84586 15.326 0.003 4.99 336.0
2455681.71655 15.324 0.003 4.77 324.0
2455682.92609 15.325 0.003 4.26 458.0
2455684.89486 15.326 0.003 4.53 359.0
2455686.87984 15.333 0.004 5.16 376.0
2455689.79180 15.318 0.003 4.19 278.0
2455691.81198 15.324 0.003 4.72 355.0
2455692.94261 15.322 0.005 6.01 1751.0
2455694.71572 15.325 0.003 4.72 455.0
2455695.86886 15.320 0.003 4.23 330.0
2455697.59887 15.324 0.004 4.79 882.0
2455698.69935 15.325 0.004 5.31 964.0
2455702.68110 15.332 0.007 6.77 3727.0
2455705.74250 15.327 0.004 6.46 431.0
2455707.65349 15.324 0.003 5.34 313.0
2455708.73169 15.319 0.003 4.67 292.0
2455712.73889 15.316 0.003 4.14 365.0
2455716.79078 15.330 0.003 5.53 267.0
2455722.60725 15.325 0.003 5.13 375.0
2455722.62086 15.327 0.003 5.05 358.0
2455723.77910 15.321 0.003 3.85 354.0
2455725.64847 15.320 0.003 4.55 493.0
2455725.66271 15.318 0.003 4.45 493.0
2455729.74233 15.324 0.005 6.47 1061.0
2455729.79994 15.324 0.007 5.89 3939.0
2455734.79857 15.321 0.004 5.63 386.0
2455736.62326 15.325 0.003 4.03 287.0
2455737.71442 15.312 0.003 3.83 236.0
2455739.53264 15.332 0.004 5.31 412.0
2455740.59154 15.326 0.004 7.95 324.0
2455741.65943 15.332 0.003 4.81 247.0
2455742.69484 15.321 0.003 4.17 251.0
2455743.82102 15.326 0.004 4.80 378.0
2455744.86830 15.322 0.004 5.42 552.0
2455746.63804 15.330 0.003 5.44 288.0
2455748.60923 15.330 0.004 5.38 423.0
2455752.54906 15.332 0.004 6.42 616.0
2455753.79031 15.326 0.005 6.15 1399.0
2455760.70418 15.329 0.004 5.48 461.0
2455762.48829 15.324 0.004 5.22 378.0
2455763.61925 15.325 0.003 5.51 330.0
2455764.70583 15.320 0.003 4.16 314.0
2455766.53814 15.331 0.003 5.03 295.0
2455767.71549 15.331 0.004 5.77 342.0
2455769.47506 15.328 0.004 5.37 420.0
2455775.62390 15.325 0.004 6.26 266.0
2455777.76200 15.324 0.003 4.55 339.0
2455783.60180 15.314 0.005 4.81 2891.0
2455784.57778 15.324 0.003 4.21 610.0
2455784.68236 15.329 0.005 4.70 2145.0
2455785.47846 15.333 0.004 6.02 607.0
2455786.73177 15.326 0.004 5.88 707.0
2455788.66711 15.348 0.005 7.39 501.0
2455793.47889 15.329 0.004 6.38 384.0
2455794.69283 15.336 0.004 5.99 384.0
2455801.48440 15.325 0.004 5.58 330.0
2455804.57136 15.330 0.003 5.17 317.0
2455807.58318 15.341 0.004 7.17 345.0
2455813.64228 15.318 0.003 4.05 623.0
2455817.51964 15.319 0.003 4.19 464.0
2455819.60708 15.323 0.004 4.69 585.0
2455822.57460 15.323 0.004 5.92 300.0
2455827.56697 15.329 0.004 5.80 512.0
2455829.53594 15.325 0.003 4.58 391.0
2455831.49677 15.325 0.003 4.33 358.0
2455831.54625 15.334 0.003 5.76 379.0
2455832.49293 15.317 0.003 3.89 411.0
2455832.54382 15.322 0.004 5.59 407.0
2455832.58502 15.329 0.004 6.49 454.0
2455833.48856 15.324 0.004 5.91 466.0
2455833.55459 15.328 0.003 5.16 354.0
2455834.48895 15.321 0.003 4.65 383.0
2455836.54507 15.331 0.004 5.75 1079.0
2455840.55752 15.328 0.004 4.65 563.0
2455842.53686 15.334 0.004 6.99 557.0
2455844.54351 15.333 0.004 5.94 610.0
2455852.52459 15.340 0.004 6.50 661.0
2455857.51602 15.341 0.005 9.90 539.0
2455977.87086 15.271 0.003 4.48 389.0
2455982.87338 15.266 0.003 4.63 286.0
2455985.89886 15.254 0.003 4.79 497.0
2455988.88868 15.244 0.003 4.33 344.0
2455991.83004 15.242 0.003 4.65 327.0
2455993.90993 15.237 0.004 4.60 917.0
2455996.80364 15.244 0.003 4.47 496.0
2455998.81103 15.236 0.003 5.18 485.0
2456002.86412 15.247 0.003 4.87 596.0
2456003.85922 15.247 0.004 6.64 432.0
2456005.83637 15.249 0.003 5.21 302.0
2456007.82084 15.235 0.003 4.15 276.0
2456009.74615 15.242 0.003 5.55 395.0
2456010.87165 15.243 0.003 3.70 287.0
2456012.80366 15.247 0.003 4.51 242.0
2456014.73538 15.245 0.003 5.06 318.0
2456015.82922 15.232 0.003 3.67 248.0
2456017.74738 15.238 0.003 3.86 307.0
2456018.83958 15.243 0.003 4.16 256.0
2456020.72021 15.260 0.004 6.82 373.0
2456021.78054 15.248 0.003 4.34 361.0
2456022.86156 15.240 0.003 4.24 385.0
2456024.92332 15.243 0.003 4.64 983.0
2456031.75795 15.250 0.003 6.00 327.0
2456033.69947 15.244 0.003 6.71 340.0
2456035.87462 15.238 0.003 4.78 360.0
2456037.92535 15.240 0.003 5.10 593.0
2456040.76586 15.225 0.003 5.19 309.0
2456047.69758 15.223 0.003 5.18 336.0
2456048.83652 15.225 0.003 5.34 266.0
2456048.90584 15.224 0.003 4.65 304.0
2456050.82273 15.225 0.003 4.38 430.0
2456052.88625 15.208 0.003 4.30 602.0
2456057.79432 15.203 0.003 4.38 882.0
2456061.72796 15.180 0.003 4.95 364.0
2456062.87744 15.186 0.003 3.94 497.0
2456064.88953 15.182 0.003 4.70 438.0
2456066.72963 15.180 0.003 4.43 383.0
2456067.81747 15.173 0.003 4.05 315.0
2456069.62213 15.175 0.003 5.65 296.0
2456070.70809 15.168 0.003 4.71 297.0
2456071.77048 15.179 0.003 5.25 300.0
2456075.84694 15.166 0.003 3.43 300.0
2456077.74735 15.166 0.003 5.22 296.0
2456078.83155 15.168 0.003 4.24 359.0
2456079.90967 15.172 0.003 5.09 446.0
2456080.94468 15.172 0.003 5.56 774.0
2456085.74998 15.164 0.003 5.19 520.0
2456086.75864 15.172 0.003 4.07 370.0
2456088.61515 15.173 0.003 4.70 251.0
2456092.67928 15.175 0.003 5.53 279.0
2456093.87819 15.177 0.003 6.84 333.0
2456096.66418 15.171 0.003 5.39 280.0
2456097.87036 15.182 0.003 5.73 427.0
2456099.64645 15.182 0.003 6.56 385.0
2456100.87716 15.180 0.003 5.56 464.0
2456102.53043 15.187 0.003 4.99 632.0
2456103.54679 15.187 0.003 4.07 421.0
2456104.62037 15.178 0.003 4.42 321.0
2456105.68509 15.182 0.003 6.23 274.0
2456108.75771 15.169 0.003 3.68 762.0
2456113.71308 15.183 0.003 4.32 680.0
2456114.81194 15.175 0.003 4.67 595.0
2456116.53847 15.167 0.003 4.61 285.0
2456117.61847 15.177 0.003 4.98 287.0
2456118.68071 15.176 0.003 4.38 272.0
2456119.70192 15.175 0.003 4.15 247.0
2456120.81256 15.178 0.003 5.62 302.0
2456123.56794 15.172 0.003 5.67 274.0
2456124.69989 15.177 0.003 4.39 272.0
2456125.78859 15.181 0.003 5.38 295.0
2456127.66022 15.176 0.003 5.36 259.0
2456131.78441 15.167 0.003 5.26 359.0
2456134.50868 15.185 0.004 7.08 356.0
2456135.78405 15.189 0.003 5.19 366.0
2456140.75886 15.200 0.004 7.01 924.0
2456142.67344 15.189 0.004 7.12 513.0
2456149.58225 15.189 0.003 5.70 264.0
2456151.74291 15.193 0.003 6.58 361.0
2456154.72401 15.201 0.003 6.75 312.0
2456159.49796 15.185 0.003 6.46 378.0
2456161.53226 15.176 0.003 6.53 251.0
2456179.54888 15.176 0.003 6.10 353.0
2456181.63081 15.177 0.003 5.08 428.0
2456184.63563 15.174 0.003 5.63 270.0
2456190.60382 15.167 0.003 4.96 390.0
2456196.52112 15.170 0.003 4.91 545.0
2456198.59551 15.172 0.004 7.69 578.0
2456204.49574 15.164 0.003 5.65 402.0
2456210.59900 15.168 0.003 6.27 435.0
2456213.53935 15.158 0.003 5.64 384.0
2456218.51419 15.160 0.003 5.45 443.0
