2455376.63221 16.519 0.010 5.53 741.0
2455376.67234 16.551 0.010 6.06 744.0
2455376.71208 16.548 0.010 5.89 718.0
2455376.75034 16.569 0.011 6.00 786.0
2455376.78860 16.544 0.009 5.31 805.0
2455376.82680 16.559 0.011 6.34 912.0
2455376.86477 16.542 0.012 6.43 1083.0
2455377.52078 16.528 0.010 6.50 615.0
2455377.57531 16.550 0.009 5.62 621.0
2455377.60412 16.567 0.010 6.25 600.0
2455377.65052 16.552 0.008 4.88 574.0
2455377.67144 16.542 0.009 5.17 573.0
2455377.71614 16.548 0.008 4.97 594.0
2455377.75923 16.562 0.009 5.09 641.0
2455377.80195 16.554 0.009 5.63 698.0
2455377.84013 16.545 0.009 5.48 784.0
2455378.49444 16.547 0.009 4.68 634.0
2455378.57704 16.560 0.007 4.31 449.0
2455378.66361 16.557 0.008 4.08 512.0
2455378.73560 16.566 0.007 3.78 550.0
2455378.77365 16.563 0.007 3.80 559.0
2455378.81214 16.567 0.008 3.98 617.0
2455378.85206 16.562 0.008 4.61 711.0
2455379.49096 16.571 0.010 6.30 476.0
2455379.52890 16.565 0.010 5.88 511.0
2455379.61360 16.562 0.008 5.00 457.0
2455379.70054 16.546 0.008 4.63 517.0
2455379.75697 16.554 0.008 4.72 569.0
2455379.79459 16.553 0.008 4.25 610.0
2455379.83239 16.578 0.009 5.70 693.0
2455379.87345 16.548 0.010 6.08 804.0
2455380.50240 16.571 0.009 6.17 520.0
2455380.54027 16.557 0.008 5.32 453.0
2455380.59599 16.553 0.008 4.67 426.0
2455380.68282 16.550 0.008 4.86 436.0
2455380.73613 16.546 0.009 5.89 492.0
2455380.77413 16.535 0.008 5.12 530.0
2455380.81223 16.569 0.010 5.79 587.0
2455380.85026 16.553 0.013 7.83 713.0
2455381.54976 16.561 0.010 6.22 569.0
2455381.58725 16.551 0.012 7.71 542.0
2455381.64603 16.562 0.012 8.26 505.0
2455381.68726 16.553 0.009 6.39 502.0
2455381.72526 16.580 0.011 6.71 570.0
2455381.76353 16.574 0.011 6.99 615.0
2455381.81033 16.531 0.012 7.43 691.0
2455381.84847 16.552 0.012 7.00 720.0
2455382.53849 16.559 0.012 7.57 600.0
2455382.58289 16.545 0.011 7.52 551.0
2455382.62580 16.571 0.010 6.66 551.0
2455382.66713 16.565 0.010 6.55 527.0
2455382.70711 16.538 0.009 6.23 506.0
2455382.74514 16.553 0.010 6.72 536.0
2455382.78991 16.564 0.011 7.25 631.0
2455382.83369 16.565 0.011 7.14 694.0
2455384.77498 16.564 0.010 6.19 641.0
2455384.81310 16.563 0.013 7.66 784.0
2455385.48445 16.554 0.008 4.22 825.0
2455385.56626 16.533 0.007 3.63 469.0
2455385.82299 16.550 0.007 4.34 459.0
2455386.46980 16.539 0.009 4.50 755.0
2455386.49966 16.572 0.008 3.91 846.0
2455386.58178 16.555 0.008 4.37 718.0
2455386.66583 16.541 0.008 4.89 609.0
2455386.69182 16.565 0.008 4.49 409.0
2455386.75617 16.547 0.007 4.34 447.0
2455386.79562 16.559 0.008 4.41 477.0
2455386.83752 16.546 0.008 4.32 511.0
2455387.54071 16.565 0.008 3.88 461.0
2455387.70007 16.555 0.007 4.22 414.0
2455387.73849 16.561 0.007 3.74 411.0
2455387.77935 16.557 0.008 4.33 449.0
2455387.82271 16.539 0.008 4.38 536.0
2455388.48027 16.560 0.010 5.92 586.0
2455388.51817 16.567 0.008 4.73 467.0
2455388.60536 16.555 0.008 4.56 384.0
2455388.71269 16.561 0.008 5.36 383.0
2455388.77713 16.577 0.009 5.44 415.0
2455388.82027 16.561 0.009 5.58 469.0
2455389.46888 16.549 0.012 7.31 739.0
2455389.50776 16.545 0.009 5.24 471.0
2455389.54625 16.545 0.008 4.87 470.0
2455389.65357 16.561 0.009 5.69 410.0
2455389.75873 16.571 0.010 6.76 459.0
2455389.79799 16.563 0.010 6.62 501.0
2455389.83756 16.553 0.009 5.33 559.0
2455390.54103 16.588 0.010 6.57 492.0
2455390.58674 16.549 0.010 6.96 479.0
2455390.67245 16.558 0.011 7.61 510.0
2455390.72214 16.573 0.009 5.68 418.0
2455390.76042 16.558 0.008 4.87 416.0
2455390.79822 16.552 0.008 5.86 415.0
2455391.47317 16.583 0.013 8.11 629.0
2455391.53228 16.555 0.010 6.44 522.0
2455391.56961 16.533 0.012 7.71 470.0
2455391.65315 16.546 0.009 6.39 450.0
2455391.76027 16.572 0.010 6.54 537.0
2455391.82192 16.561 0.010 5.52 642.0
2455392.46931 16.558 0.011 6.71 701.0
2455392.50714 16.558 0.009 5.57 507.0
2455392.54614 16.566 0.009 5.76 492.0
2455392.63056 16.556 0.008 5.25 446.0
2455392.73967 16.550 0.008 5.16 434.0
2455392.79939 16.549 0.008 4.70 472.0
2455392.83693 16.567 0.011 7.20 582.0
2455393.65399 16.565 0.010 6.98 444.0
2455393.69241 16.547 0.009 6.15 404.0
2455393.73035 16.547 0.010 6.98 469.0
2455393.77586 16.539 0.010 6.31 465.0
2455393.81374 16.555 0.010 6.74 526.0
2455395.81798 16.590 0.010 6.21 571.0
2455396.53765 16.565 0.012 7.74 649.0
2455396.61285 16.556 0.009 5.84 528.0
2455396.67515 16.551 0.008 5.33 488.0
2455396.70973 16.561 0.008 5.16 487.0
2455396.78232 16.555 0.009 6.22 481.0
2455397.58751 16.550 0.011 7.46 561.0
2455397.63734 16.582 0.012 7.49 580.0
2455397.67555 16.569 0.010 7.10 532.0
2455397.71700 16.535 0.012 7.60 590.0
2455402.65216 16.558 0.013 6.66 1269.0
2455402.68203 16.554 0.017 6.85 1986.0
2455403.49505 16.568 0.009 4.32 948.0
2455403.53222 16.553 0.008 3.97 920.0
2455403.56974 16.558 0.008 4.27 919.0
2455403.61022 16.548 0.009 4.58 909.0
2455403.64957 16.571 0.009 4.59 922.0
2455403.68764 16.544 0.009 4.92 958.0
2455403.72859 16.541 0.009 4.49 1036.0
2455403.76639 16.533 0.011 5.73 1177.0
2455404.47031 16.545 0.009 4.02 966.0
2455404.50823 16.543 0.009 4.46 711.0
2455404.54602 16.551 0.009 4.66 688.0
2455404.58383 16.555 0.009 5.36 701.0
2455404.62701 16.566 0.009 4.57 635.0
2455404.66644 16.551 0.009 4.57 646.0
2455404.70536 16.550 0.009 4.14 720.0
2455404.74487 16.541 0.009 4.20 782.0
2455404.78865 16.576 0.009 4.46 912.0
2455405.64334 16.574 0.010 5.43 550.0
2455405.68320 16.565 0.010 5.76 590.0
2455405.72104 16.559 0.009 4.51 617.0
2455405.75862 16.538 0.009 4.94 684.0
2455405.79620 16.559 0.010 4.27 1318.0
2455407.49781 16.569 0.010 6.14 434.0
2455407.53584 16.552 0.010 6.52 428.0
2455407.57414 16.570 0.010 6.82 460.0
2455407.61479 16.566 0.010 6.20 490.0
2455407.65300 16.548 0.010 5.94 494.0
2455407.69201 16.552 0.010 6.03 531.0
2455407.73009 16.548 0.009 5.19 595.0
2455407.76805 16.551 0.009 5.08 600.0
2455408.53184 16.571 0.011 6.89 534.0
2455408.57918 16.585 0.010 6.96 497.0
2455408.61946 16.546 0.009 5.54 536.0
2455408.65723 16.553 0.010 6.63 572.0
2455408.69595 16.531 0.010 6.42 513.0
2455408.73387 16.563 0.010 6.04 568.0
2455408.77154 16.563 0.010 6.28 840.0
2455409.48178 16.552 0.009 6.27 454.0
2455409.52303 16.553 0.009 5.77 442.0
2455409.62889 16.559 0.008 5.16 398.0
2455409.73591 16.563 0.008 4.74 561.0
2455409.77367 16.547 0.009 5.80 623.0
2455410.48598 16.561 0.009 5.78 550.0
2455410.52412 16.561 0.009 5.51 471.0
2455410.63242 16.556 0.009 5.72 411.0
2455410.73959 16.548 0.009 5.79 545.0
2455410.77805 16.555 0.008 4.85 624.0
2455411.50057 16.539 0.008 5.32 436.0
2455411.56091 16.547 0.007 4.14 425.0
2455411.66913 16.551 0.007 4.29 421.0
2455411.75309 16.563 0.008 5.45 604.0
2455412.51319 16.577 0.009 6.09 576.0
2455412.55267 16.556 0.009 5.38 553.0
2455412.59289 16.553 0.010 6.57 547.0
2455412.63130 16.554 0.010 6.21 521.0
2455412.67457 16.544 0.009 6.26 498.0
2455412.73540 16.560 0.010 6.66 543.0
2455413.49430 16.545 0.008 5.08 532.0
2455413.55499 16.558 0.008 5.19 464.0
2455413.66204 16.552 0.007 4.30 368.0
2455413.74649 16.568 0.008 5.75 435.0
2455414.47471 16.563 0.008 4.57 537.0
2455414.51246 16.555 0.007 4.43 404.0
2455414.59768 16.550 0.007 4.30 421.0
2455414.70937 16.546 0.007 4.06 460.0
2455414.76956 16.514 0.006 4.26 508.0
2455416.63226 16.559 0.009 6.37 432.0
2455416.68738 16.566 0.009 5.48 455.0
2455418.54944 16.572 0.007 4.65 404.0
2455418.59953 16.550 0.007 4.60 402.0
2455418.64967 16.557 0.007 4.92 392.0
2455418.69907 16.557 0.008 5.36 446.0
2455421.50767 16.560 0.009 5.46 454.0
2455421.55129 16.547 0.008 5.46 464.0
2455421.56737 16.561 0.008 5.30 449.0
2455421.61211 16.554 0.008 6.30 416.0
2455421.65506 16.549 0.009 6.58 414.0
2455421.69747 16.592 0.009 6.55 391.0
2455422.49167 16.551 0.009 5.80 501.0
2455422.53238 16.561 0.010 6.13 505.0
2455422.63092 16.568 0.008 5.20 416.0
2455422.75872 16.547 0.009 5.87 485.0
2455423.51498 16.528 0.007 4.44 426.0
2455423.58661 16.553 0.008 4.97 435.0
2455423.69447 16.588 0.011 7.07 511.0
2455425.52333 16.551 0.008 4.63 496.0
2455426.49093 16.556 0.013 4.70 2347.0
2455426.52943 16.549 0.014 5.13 2553.0
2455426.64439 16.546 0.015 5.12 3434.0
2455430.47670 16.566 0.011 5.59 1001.0
2455430.51544 16.565 0.010 5.37 828.0
2455430.56154 16.562 0.010 5.13 766.0
2455430.59958 16.545 0.009 4.93 749.0
2455430.63863 16.530 0.009 4.63 810.0
2455431.47762 16.567 0.010 5.71 897.0
2455431.51634 16.556 0.009 5.20 779.0
2455431.55664 16.543 0.009 5.19 702.0
2455431.59437 16.552 0.009 4.86 685.0
2455431.63586 16.559 0.010 5.70 741.0
2455431.67502 16.564 0.010 5.88 802.0
2455432.55851 16.558 0.012 7.45 708.0
2455432.65300 16.544 0.011 6.30 808.0
2455433.63138 16.548 0.011 6.67 747.0
2455433.67690 16.547 0.011 5.87 1073.0
2455434.50815 16.571 0.010 6.64 592.0
2455434.55286 16.537 0.009 5.16 574.0
2455434.59132 16.567 0.009 4.76 613.0
2455434.63849 16.548 0.009 4.41 661.0
2455434.68093 16.555 0.009 4.74 729.0
2455435.47983 16.576 0.010 5.39 606.0
2455435.51981 16.563 0.010 5.62 564.0
2455435.56496 16.533 0.010 5.76 585.0
2455435.63582 16.554 0.008 3.96 594.0
2455435.68405 16.550 0.009 4.60 629.0
2455436.47777 16.545 0.009 5.01 633.0
2455436.54484 16.549 0.009 5.90 494.0
2455436.66206 16.554 0.008 4.57 591.0
2455437.50096 16.546 0.008 5.35 499.0
2455437.62398 16.532 0.007 3.37 490.0
2455438.51288 16.557 0.009 5.08 527.0
2455438.57749 16.540 0.009 5.09 493.0
2455438.65302 16.566 0.008 4.24 601.0
2455438.69062 16.564 0.008 4.24 553.0
2455439.52260 16.570 0.012 7.30 535.0
2455439.56892 16.578 0.010 6.20 516.0
2455439.60641 16.563 0.010 6.05 495.0
2455439.64455 16.544 0.010 5.71 508.0
2455443.49813 16.566 0.009 6.31 489.0
2455443.53706 16.570 0.010 6.96 481.0
2455443.58293 16.564 0.009 6.17 499.0
2455443.62074 16.549 0.009 6.35 495.0
2455443.66311 16.540 0.009 6.64 492.0
2455444.50358 16.553 0.010 5.44 493.0
2455444.60675 16.564 0.009 5.71 481.0
2455444.64485 16.553 0.008 4.75 528.0
2455445.47830 16.550 0.008 4.33 771.0
2455445.57616 16.550 0.008 4.92 449.0
2455445.65228 16.547 0.008 4.63 493.0
2455446.48272 16.549 0.009 5.35 575.0
2455446.53384 16.555 0.009 6.08 500.0
2455446.57431 16.568 0.009 6.17 509.0
2455446.61303 16.551 0.008 4.34 484.0
2455446.65285 16.532 0.008 4.70 486.0
2455447.50144 16.549 0.007 4.13 467.0
2455447.54403 16.538 0.008 4.80 474.0
2455447.60794 16.546 0.008 5.07 454.0
2455448.47524 16.546 0.011 5.11 1198.0
2455448.52004 16.541 0.009 5.68 478.0
2455448.57414 16.553 0.009 4.79 485.0
2455449.47640 16.570 0.012 6.13 992.0
2455449.51476 16.534 0.009 5.69 500.0
2455449.54575 16.539 0.008 4.58 473.0
2455449.62936 16.549 0.008 4.67 546.0
2455450.51751 16.559 0.010 6.65 498.0
2455450.55503 16.571 0.010 6.75 509.0
2455450.60370 16.551 0.009 5.80 516.0
2455450.64359 16.540 0.010 6.52 543.0
2455451.63298 16.522 0.007 5.54 523.0
2455453.47772 16.555 0.015 7.66 1479.0
2455453.54324 16.560 0.011 6.82 645.0
2455457.47659 16.532 0.009 3.61 1628.0
2455457.55377 16.549 0.007 3.39 602.0
2455457.60102 16.541 0.008 4.26 877.0
2455458.47810 16.548 0.011 4.98 1481.0
2455458.54245 16.559 0.011 6.54 694.0
2455458.58541 16.569 0.008 4.28 722.0
2455459.50391 16.554 0.010 5.92 639.0
2455459.54824 16.548 0.008 4.21 641.0
2455459.59243 16.541 0.008 3.87 701.0
2455460.49190 16.554 0.011 6.25 656.0
2455460.53789 16.524 0.011 5.39 1080.0
2455460.57896 16.543 0.013 4.77 2371.0
2455461.49866 16.552 0.011 6.13 906.0
2455461.53966 16.544 0.015 5.38 3033.0
2455461.59065 16.559 0.009 5.15 732.0
2455462.47980 16.553 0.012 6.07 1271.0
2455463.50396 16.552 0.009 5.68 661.0
2455463.58358 16.556 0.009 5.26 739.0
2455463.58701 16.554 0.009 5.06 752.0
2455464.49418 16.567 0.009 6.38 545.0
2455464.54678 16.549 0.010 5.74 638.0
2455465.50992 16.576 0.012 7.64 550.0
2455467.48309 16.556 0.012 7.01 896.0
2455468.55264 16.562 0.010 6.74 557.0
2455469.60745 16.552 0.008 4.99 569.0
2455471.51736 16.556 0.008 5.00 500.0
2455471.58580 16.546 0.008 4.93 519.0
2455472.50441 16.579 0.011 6.38 602.0
2455472.54542 16.566 0.010 5.92 571.0
2455472.55147 16.566 0.009 5.67 581.0
2455473.50113 16.580 0.010 5.68 550.0
2455476.49234 16.569 0.009 5.10 601.0
2455476.52038 16.556 0.010 5.84 565.0
2455477.53934 16.568 0.009 4.66 610.0
2455479.50853 16.577 0.010 5.95 560.0
2455480.49041 16.548 0.010 5.63 739.0
2455480.55947 16.573 0.010 5.75 656.0
2455481.53015 16.571 0.016 7.84 1063.0
2455485.51210 16.547 0.013 7.34 754.0
2455486.49854 16.565 0.012 6.65 794.0
2455486.55889 16.575 0.011 5.36 875.0
2455487.54489 16.578 0.009 4.96 763.0
2455488.53211 16.549 0.009 4.29 830.0
2455489.51848 16.554 0.010 5.31 768.0
2455490.51862 16.546 0.013 6.89 877.0
2455492.52826 16.553 0.013 6.97 1052.0
2455494.52872 16.571 0.013 6.80 943.0
2455495.53092 16.570 0.009 5.22 655.0
2455497.53017 16.544 0.009 4.81 758.0
2455499.53247 16.576 0.011 6.61 789.0
2455507.50881 16.570 0.013 6.52 998.0
2455596.86737 16.552 0.009 6.44 652.0
2455596.87362 16.553 0.009 5.70 728.0
2455597.88005 16.561 0.012 6.88 1011.0
2455598.86217 16.571 0.009 5.90 555.0
2455599.87564 16.557 0.008 6.17 471.0
2455600.86847 16.563 0.008 5.16 583.0
2455602.86893 16.544 0.010 6.76 578.0
2455604.87711 16.553 0.009 6.14 594.0
2455605.87524 16.543 0.007 4.58 530.0
2455606.87295 16.546 0.008 5.12 526.0
2455607.87763 16.551 0.008 5.70 566.0
2455608.87216 16.543 0.009 6.77 505.0
2455611.85656 16.570 0.012 7.32 811.0
2455612.87180 16.526 0.011 7.14 696.0
2455614.85723 16.559 0.009 5.39 691.0
2455615.86555 16.551 0.008 5.04 615.0
2455616.85861 16.531 0.009 6.27 657.0
2455619.87643 16.513 0.010 5.16 1412.0
2455620.84666 16.544 0.008 5.76 535.0
2455621.84948 16.570 0.007 4.66 480.0
2455622.88718 16.547 0.006 4.17 380.0
2455624.84217 16.572 0.008 5.82 473.0
2455625.82130 16.561 0.008 4.87 502.0
2455626.81827 16.551 0.011 7.43 803.0
2455627.84554 16.557 0.008 5.14 461.0
2455628.85627 16.562 0.008 4.99 453.0
2455629.82446 16.569 0.009 6.56 461.0
2455630.80188 16.553 0.008 5.52 490.0
2455631.82960 16.546 0.009 6.45 646.0
2455632.83692 16.551 0.008 5.59 513.0
2455633.79417 16.540 0.008 5.23 515.0
2455634.84905 16.555 0.009 6.27 490.0
2455635.85804 16.564 0.009 6.20 647.0
2455637.81792 16.554 0.011 7.09 763.0
2455638.79635 16.550 0.010 6.65 714.0
2455639.78284 16.570 0.010 5.50 777.0
2455639.85857 16.564 0.008 4.30 615.0
2455640.75578 16.556 0.013 7.24 976.0
2455640.79862 16.550 0.010 5.62 799.0
2455640.83706 16.586 0.011 6.93 727.0
2455640.88564 16.556 0.008 5.45 660.0
2455641.75198 16.560 0.010 6.12 888.0
2455641.79254 16.559 0.009 5.72 736.0
2455641.87208 16.574 0.009 5.94 639.0
2455642.75832 16.550 0.010 6.30 901.0
2455642.79384 16.555 0.008 4.72 778.0
2455642.85284 16.542 0.008 5.45 685.0
2455642.87414 16.560 0.009 5.77 671.0
2455642.91621 16.556 0.013 7.34 1614.0
2455643.76836 16.552 0.009 5.38 840.0
2455643.80665 16.557 0.008 4.64 737.0
2455643.86639 16.536 0.007 4.44 698.0
2455643.90762 16.559 0.009 6.14 689.0
2455644.77609 16.553 0.012 5.69 1687.0
2455644.81681 16.568 0.010 5.15 1443.0
2455644.88734 16.572 0.009 5.37 920.0
2455647.85726 16.532 0.009 4.97 1205.0
2455647.87746 16.546 0.010 5.49 1183.0
2455647.89342 16.558 0.011 5.62 1176.0
2455648.75797 16.545 0.008 6.00 505.0
2455648.82338 16.555 0.007 4.60 476.0
2455648.86551 16.566 0.008 5.07 459.0
2455648.91085 16.567 0.010 7.66 529.0
2455649.76439 16.550 0.008 5.79 410.0
2455649.80637 16.555 0.007 4.55 411.0
2455649.87079 16.539 0.007 5.15 415.0
2455649.90902 16.554 0.008 6.15 456.0
2455650.75616 16.560 0.008 6.11 429.0
2455650.81866 16.559 0.007 4.70 411.0
2455650.86276 16.567 0.008 6.11 428.0
2455650.91163 16.542 0.007 4.97 521.0
2455651.77677 16.567 0.008 6.20 448.0
2455651.81982 16.538 0.008 4.74 438.0
2455651.89602 16.553 0.007 4.58 460.0
2455652.75686 16.545 0.007 4.89 428.0
2455652.82016 16.573 0.007 4.40 408.0
2455652.86205 16.558 0.007 4.92 426.0
2455653.78546 16.553 0.007 4.74 442.0
2455653.91590 16.559 0.007 3.57 547.0
2455654.79018 16.553 0.009 5.76 472.0
2455654.83687 16.541 0.007 4.83 433.0
2455654.88106 16.560 0.007 5.17 420.0
2455655.73911 16.541 0.008 4.98 562.0
2455655.77821 16.536 0.008 5.57 507.0
2455655.81617 16.570 0.008 5.28 485.0
2455655.85696 16.541 0.008 5.41 450.0
2455655.90667 16.558 0.009 8.08 464.0
2455656.79861 16.548 0.007 4.92 502.0
2455656.83949 16.540 0.007 4.10 465.0
2455656.92590 16.561 0.011 4.08 2500.0
2455657.78739 16.556 0.007 4.70 468.0
2455657.82837 16.542 0.007 4.10 457.0
2455657.87386 16.545 0.007 5.13 442.0
2455657.91824 16.557 0.008 4.43 601.0
2455658.78424 16.553 0.009 6.48 449.0
2455658.84127 16.549 0.008 5.10 429.0
2455658.87967 16.551 0.008 6.36 421.0
2455658.92080 16.554 0.010 6.10 645.0
2455659.73591 16.534 0.007 4.97 464.0
2455659.77355 16.564 0.008 5.51 462.0
2455659.81283 16.564 0.008 6.00 449.0
2455659.85515 16.567 0.009 6.52 639.0
2455659.90305 16.563 0.008 4.93 432.0
2455660.72711 16.565 0.009 6.68 495.0
2455660.77446 16.542 0.008 6.52 437.0
2455660.81780 16.573 0.008 5.61 431.0
2455660.87347 16.567 0.009 6.19 429.0
2455662.72618 16.553 0.010 6.82 523.0
2455662.76656 16.559 0.011 7.40 504.0
2455662.82830 16.550 0.008 5.54 538.0
2455662.86647 16.547 0.008 5.22 533.0
2455662.90842 16.551 0.007 4.62 517.0
2455663.76915 16.573 0.008 6.06 506.0
2455664.77181 16.559 0.010 6.43 603.0
2455664.81241 16.551 0.008 5.28 494.0
2455664.87281 16.544 0.009 6.55 518.0
2455664.91646 16.538 0.008 5.27 503.0
2455665.74045 16.566 0.009 6.15 531.0
2455665.78626 16.549 0.007 4.55 448.0
2455665.85061 16.566 0.008 6.16 467.0
2455665.89817 16.554 0.007 4.46 442.0
2455667.73285 16.547 0.008 5.77 613.0
2455667.78656 16.555 0.008 5.57 553.0
2455667.83832 16.571 0.008 5.44 527.0
2455667.89283 16.554 0.007 4.12 440.0
2455668.72037 16.558 0.009 5.75 769.0
2455668.77751 16.576 0.010 5.93 740.0
2455668.84401 16.559 0.009 4.63 824.0
2455668.89898 16.568 0.010 4.20 1591.0
2455669.73716 16.575 0.010 6.25 873.0
2455669.73945 16.568 0.009 5.57 864.0
2455669.78756 16.507 0.008 5.10 783.0
2455669.83662 16.549 0.008 5.15 735.0
2455669.88841 16.539 0.008 4.56 803.0
2455670.72157 16.543 0.009 4.98 920.0
2455670.76133 16.588 0.009 5.71 845.0
2455670.82524 16.570 0.009 5.69 821.0
2455670.86611 16.557 0.008 4.47 804.0
2455670.90749 16.554 0.008 4.41 835.0
2455671.74350 16.564 0.009 4.85 858.0
2455675.70732 16.538 0.008 4.37 722.0
2455675.74580 16.538 0.008 5.28 720.0
2455675.78364 16.548 0.009 5.56 647.0
2455675.82449 16.561 0.009 6.10 614.0
2455675.89393 16.553 0.008 4.82 599.0
2455676.67183 16.569 0.007 6.25 270.0
2455676.71036 16.559 0.005 4.21 268.0
2455676.74948 16.578 0.006 4.81 341.0
2455676.78909 16.571 0.008 5.30 485.0
2455676.85366 16.549 0.007 3.98 481.0
2455676.89974 16.537 0.007 4.29 478.0
2455677.70123 16.545 0.008 5.59 516.0
2455677.74654 16.545 0.007 4.76 490.0
2455677.78796 16.547 0.008 5.56 501.0
2455677.83811 16.557 0.008 6.31 476.0
2455677.89048 16.559 0.007 4.34 467.0
2455679.66910 16.565 0.009 6.57 564.0
2455679.70973 16.559 0.008 5.10 513.0
2455679.75117 16.545 0.008 5.20 515.0
2455679.80327 16.558 0.008 5.59 508.0
2455679.85429 16.541 0.007 4.10 490.0
2455679.89461 16.523 0.007 4.46 491.0
2455680.65669 16.534 0.010 6.49 555.0
2455680.69573 16.574 0.009 6.06 494.0
2455680.73445 16.568 0.008 5.34 477.0
2455680.78395 16.564 0.010 7.16 494.0
2455680.83683 16.550 0.008 4.80 480.0
2455680.88076 16.555 0.007 4.00 455.0
2455680.92102 16.572 0.008 4.65 473.0
2455681.68619 16.537 0.009 5.87 573.0
2455681.72435 16.556 0.008 5.66 514.0
2455681.76409 16.559 0.008 5.29 450.0
2455681.82672 16.538 0.008 5.60 524.0
2455681.87140 16.538 0.009 5.54 565.0
2455681.91136 16.551 0.008 4.67 547.0
2455682.67338 16.556 0.009 5.96 629.0
2455682.71517 16.537 0.009 6.00 590.0
2455682.76282 16.556 0.008 5.25 509.0
2455682.81462 16.554 0.008 5.68 547.0
2455682.89482 16.536 0.007 4.30 562.0
2455682.93381 16.551 0.009 4.70 1114.0
2455683.69596 16.564 0.008 6.02 535.0
2455683.76666 16.552 0.007 4.66 503.0
2455683.81515 16.538 0.006 3.57 504.0
2455683.87590 16.535 0.007 3.79 586.0
2455683.91676 16.535 0.007 4.02 531.0
2455684.67808 16.556 0.008 5.37 528.0
2455684.72844 16.568 0.008 5.24 504.0
2455684.77934 16.559 0.007 4.84 475.0
2455684.83144 16.554 0.007 4.57 481.0
2455684.88999 16.537 0.007 3.94 493.0
2455684.93018 16.543 0.008 4.29 704.0
2455685.76519 16.551 0.007 4.40 456.0
2455685.80472 16.542 0.007 4.12 448.0
2455685.85701 16.554 0.006 3.54 454.0
2455685.90106 16.543 0.007 4.06 474.0
2455686.65346 16.549 0.010 7.18 539.0
2455686.71542 16.556 0.008 5.29 510.0
2455686.76082 16.547 0.007 3.81 498.0
2455686.81166 16.564 0.007 4.26 513.0
2455686.86186 16.568 0.009 5.53 530.0
2455686.90049 16.565 0.009 5.76 525.0
2455687.65478 16.565 0.010 7.27 619.0
2455687.69855 16.563 0.010 6.90 659.0
2455687.75095 16.574 0.008 5.40 516.0
2455687.79293 16.557 0.007 5.34 467.0
2455687.84521 16.546 0.006 4.80 489.0
2455688.86815 16.549 0.006 4.75 494.0
2455688.92568 16.530 0.009 5.10 1016.0
2455689.68797 16.520 0.006 4.70 482.0
2455689.75280 16.549 0.008 5.41 459.0
2455689.80215 16.553 0.007 4.49 427.0
2455690.64054 16.537 0.008 6.02 531.0
2455690.69075 16.552 0.007 5.00 430.0
2455690.74754 16.538 0.009 6.49 499.0
2455690.79204 16.559 0.009 5.89 488.0
2455690.83581 16.554 0.010 6.50 526.0
2455690.90396 16.551 0.009 6.27 696.0
2455691.64786 16.551 0.009 6.60 555.0
2455691.70920 16.546 0.008 5.30 472.0
2455691.75967 16.539 0.008 5.61 497.0
2455691.80397 16.545 0.008 5.28 507.0
2455691.85247 16.558 0.007 5.15 540.0
2455691.90965 16.551 0.008 5.76 539.0
2455692.65117 16.559 0.011 7.14 756.0
2455692.70785 16.563 0.008 5.43 575.0
2455692.75513 16.555 0.008 5.32 544.0
2455692.79309 16.540 0.008 5.25 586.0
2455692.83344 16.535 0.008 5.55 602.0
2455692.87209 16.533 0.007 4.23 676.0
2455692.90976 16.551 0.008 5.02 697.0
2455693.62375 16.527 0.010 6.91 731.0
2455693.66022 16.564 0.008 5.43 602.0
2455693.72961 16.566 0.008 5.16 535.0
2455693.77867 16.546 0.007 4.26 524.0
2455693.81725 16.536 0.007 4.18 578.0
2455693.85542 16.548 0.007 4.04 641.0
2455693.89330 16.545 0.008 4.46 699.0
2455693.93509 16.525 0.009 5.69 840.0
2455694.63646 16.528 0.009 5.59 731.0
2455694.67143 16.549 0.008 4.82 638.0
2455694.73642 16.559 0.008 5.16 656.0
2455694.78397 16.561 0.008 5.33 613.0
2455694.82621 16.565 0.007 4.57 556.0
2455694.86346 16.558 0.008 4.53 550.0
2455694.90107 16.551 0.008 4.63 627.0
2455694.94021 16.559 0.011 5.57 1531.0
2455695.64660 16.558 0.009 6.03 618.0
2455695.69494 16.563 0.008 5.23 717.0
2455695.78262 16.551 0.008 5.16 545.0
2455695.82648 16.547 0.007 4.28 607.0
2455695.86561 16.534 0.007 3.93 469.0
2455695.90305 16.545 0.007 4.37 466.0
2455695.94104 16.551 0.010 5.29 1214.0
2455696.63107 16.573 0.009 5.78 834.0
2455696.68275 16.543 0.008 4.94 694.0
2455696.73020 16.572 0.008 4.94 613.0
2455696.76944 16.541 0.008 5.45 584.0
2455696.81158 16.549 0.008 4.27 676.0
2455696.85412 16.525 0.008 4.91 711.0
2455696.90448 16.556 0.007 4.31 535.0
2455697.60480 16.571 0.010 5.74 1053.0
2455697.64040 16.564 0.009 5.02 865.0
2455697.69801 16.547 0.008 4.71 742.0
2455697.73545 16.570 0.009 5.91 754.0
2455697.77643 16.541 0.008 5.00 727.0
2455697.81794 16.549 0.007 3.68 775.0
2455697.85613 16.541 0.007 3.83 772.0
2455697.90022 16.534 0.007 4.25 753.0
2455697.94065 16.528 0.011 5.00 1829.0
2455698.63311 16.558 0.010 4.77 1393.0
2455698.68238 16.570 0.009 4.62 1132.0
2455698.72133 16.570 0.011 5.52 1096.0
2455698.76154 16.550 0.010 5.17 1019.0
2455698.80264 16.542 0.008 4.17 1108.0
2455698.84236 16.526 0.008 3.82 1087.0
2455698.88217 16.561 0.010 5.00 1168.0
2455698.92692 16.549 0.011 5.53 1287.0
2455702.63473 16.577 0.019 6.81 3405.0
2455702.66392 16.534 0.017 6.76 3102.0
2455702.75241 16.530 0.015 6.54 2524.0
2455702.78285 16.532 0.014 6.43 2092.0
2455702.91940 16.572 0.013 5.79 1854.0
2455703.68183 16.573 0.010 6.86 853.0
2455703.71339 16.571 0.011 7.16 859.0
2455703.76133 16.556 0.009 6.19 710.0
2455703.83120 16.551 0.010 6.76 715.0
2455705.70937 16.563 0.009 6.36 627.0
2455705.75169 16.534 0.009 6.41 644.0
2455705.79568 16.551 0.010 7.38 523.0
2455705.85368 16.579 0.010 6.40 527.0
2455705.90016 16.575 0.010 6.46 673.0
2455706.58246 16.573 0.013 8.33 819.0
2455706.73870 16.555 0.011 7.80 577.0
2455706.79043 16.556 0.010 6.92 573.0
2455706.85640 16.574 0.010 6.43 562.0
2455707.58869 16.579 0.009 5.97 600.0
2455707.62684 16.550 0.009 6.00 530.0
2455707.68338 16.553 0.008 5.51 498.0
2455707.72153 16.565 0.009 6.07 498.0
2455707.76071 16.553 0.007 4.78 531.0
2455707.80108 16.550 0.008 5.19 546.0
2455707.84052 16.544 0.007 4.31 630.0
2455707.88026 16.566 0.009 6.02 629.0
2455707.92723 16.559 0.009 6.12 687.0
2455708.59659 16.570 0.009 6.42 543.0
2455708.64248 16.561 0.010 6.62 689.0
2455708.69184 16.547 0.008 5.63 453.0
2455708.74098 16.572 0.010 6.52 478.0
2455708.78328 16.577 0.010 6.84 577.0
2455708.83267 16.555 0.008 5.52 568.0
2455708.88050 16.550 0.010 6.68 862.0
2455709.57003 16.555 0.008 6.66 520.0
2455709.61227 16.527 0.008 6.51 483.0
2455709.62501 16.565 0.009 6.48 474.0
2455709.66506 16.581 0.007 5.22 471.0
2455710.73306 16.503 0.007 6.12 474.0
2455712.58395 16.579 0.012 7.89 732.0
2455712.66880 16.539 0.008 5.39 534.0
2455712.68141 16.556 0.008 5.41 526.0
2455712.72053 16.547 0.007 4.54 529.0
2455712.76175 16.542 0.007 4.02 530.0
2455712.80309 16.567 0.008 4.59 531.0
2455712.84251 16.544 0.007 5.00 513.0
2455712.90684 16.547 0.008 6.40 643.0
2455713.77117 16.549 0.007 4.30 472.0
2455713.81783 16.551 0.007 4.67 495.0
2455713.85843 16.570 0.007 5.65 514.0
2455714.59798 16.561 0.010 7.18 649.0
2455714.61240 16.561 0.009 6.39 595.0
2455714.68889 16.563 0.007 6.63 413.0
2455715.56226 16.574 0.009 6.02 562.0
2455715.61835 16.549 0.008 5.64 487.0
2455715.67031 16.539 0.008 5.40 485.0
2455715.71219 16.548 0.007 5.34 424.0
2455715.76180 16.521 0.007 5.18 435.0
2455715.80338 16.553 0.007 4.75 441.0
2455715.84556 16.545 0.007 5.08 456.0
2455715.90159 16.554 0.008 5.39 619.0
2455716.58860 16.564 0.011 7.86 540.0
2455716.60126 16.572 0.008 5.66 501.0
2455716.61599 16.534 0.009 6.18 480.0
2455716.62861 16.553 0.009 6.04 482.0
2455716.68903 16.550 0.009 6.38 441.0
2455716.74245 16.551 0.008 5.21 424.0
2455716.78613 16.540 0.008 5.42 420.0
2455716.82522 16.556 0.009 6.74 438.0
2455716.86598 16.572 0.009 6.20 491.0
2455716.91285 16.558 0.010 7.01 655.0
2455721.63134 16.556 0.008 5.75 624.0
2455721.70960 16.525 0.007 5.55 532.0
2455721.77795 16.568 0.007 4.51 504.0
2455721.81711 16.547 0.006 4.80 524.0
2455721.86919 16.547 0.008 4.98 601.0
2455721.90985 16.570 0.011 6.65 987.0
2455722.60267 16.566 0.008 5.20 570.0
2455722.61626 16.553 0.008 5.43 542.0
2455722.65706 16.564 0.008 4.93 570.0
2455722.67065 16.548 0.007 4.90 492.0
2455722.71181 16.554 0.009 5.97 518.0
2455722.77687 16.555 0.007 4.34 546.0
2455722.81641 16.549 0.008 4.65 606.0
2455723.55890 16.549 0.009 5.83 682.0
2455723.60693 16.541 0.008 5.35 560.0
2455723.65435 16.567 0.008 5.70 525.0
2455723.69498 16.558 0.008 5.39 502.0
2455723.73601 16.568 0.008 5.27 493.0
2455723.77446 16.548 0.008 4.29 619.0
2455723.81345 16.538 0.007 4.02 455.0
2455723.85312 16.563 0.008 4.72 526.0
2455724.55352 16.561 0.013 7.55 1031.0
2455724.62257 16.575 0.010 6.30 685.0
2455724.63508 16.581 0.011 7.10 673.0
2455724.67317 16.573 0.009 6.02 598.0
2455724.68628 16.544 0.009 6.00 577.0
2455724.73616 16.549 0.008 4.38 568.0
2455724.78473 16.554 0.009 5.55 593.0
2455724.82542 16.557 0.009 4.93 578.0
2455725.57634 16.549 0.008 4.42 689.0
2455725.58980 16.550 0.007 4.19 664.0
2455725.60327 16.541 0.007 4.28 654.0
2455725.64386 16.551 0.008 5.08 656.0
2455725.65814 16.552 0.008 5.05 656.0
2455725.71062 16.546 0.007 4.22 674.0
2455725.75027 16.554 0.007 3.70 711.0
2455725.79002 16.543 0.007 4.27 697.0
2455726.55121 16.567 0.010 5.71 1079.0
2455726.59908 16.561 0.009 5.29 938.0
2455726.63694 16.547 0.009 5.18 869.0
2455726.68445 16.550 0.008 4.42 808.0
2455726.72519 16.554 0.008 4.36 909.0
2455726.76479 16.567 0.010 5.42 989.0
2455726.80971 16.548 0.009 4.76 971.0
2455734.61284 16.563 0.009 6.60 568.0
2455734.68983 16.550 0.010 6.79 527.0
2455734.73790 16.555 0.011 7.88 576.0
2455734.78143 16.543 0.009 6.56 530.0
2455734.83145 16.548 0.010 6.86 600.0
2455734.87402 16.532 0.010 6.48 653.0
2455735.66493 16.537 0.010 7.15 459.0
2455735.73141 16.557 0.008 5.25 493.0
2455735.77425 16.547 0.008 6.24 489.0
2455735.82050 16.564 0.008 5.70 533.0
2455735.86736 16.557 0.010 6.30 640.0
2455736.52244 16.538 0.009 6.10 674.0
2455736.56546 16.567 0.008 5.07 546.0
2455736.60600 16.558 0.007 4.34 435.0
2455736.64974 16.561 0.007 4.19 411.0
2455736.68989 16.562 0.007 4.87 394.0
2455736.77130 16.548 0.007 4.10 484.0
2455736.81865 16.558 0.007 3.67 497.0
2455736.86551 16.547 0.007 4.23 579.0
2455737.50888 16.532 0.011 7.47 594.0
2455737.54877 16.560 0.008 4.90 585.0
2455737.60128 16.562 0.007 4.58 462.0
2455737.64365 16.534 0.007 4.00 422.0
2455737.69851 16.551 0.007 3.99 391.0
2455737.73800 16.545 0.007 4.04 397.0
2455737.77863 16.547 0.007 4.74 427.0
2455737.82536 16.541 0.007 4.55 470.0
2455737.86663 16.553 0.008 5.20 554.0
2455738.57824 16.566 0.008 5.00 464.0
2455738.61893 16.556 0.008 5.86 451.0
2455738.67039 16.560 0.007 4.40 444.0
2455738.72457 16.550 0.007 4.66 462.0
2455738.76429 16.544 0.007 4.50 481.0
2455739.51711 16.550 0.009 5.95 638.0
2455739.55514 16.551 0.008 5.29 560.0
2455739.59343 16.544 0.008 5.45 461.0
2455739.64440 16.548 0.008 5.15 419.0
2455739.70250 16.561 0.008 5.23 409.0
2455739.74060 16.549 0.007 4.31 426.0
2455739.77965 16.546 0.008 4.85 485.0
2455739.82695 16.539 0.008 5.18 505.0
2455739.87621 16.546 0.010 6.37 614.0
2455740.53217 16.550 0.009 5.18 590.0
2455740.57435 16.549 0.010 6.78 542.0
2455740.63570 16.553 0.009 6.46 459.0
2455740.68969 16.546 0.007 4.30 441.0
2455740.73904 16.544 0.007 4.48 463.0
2455740.77793 16.548 0.008 4.74 469.0
2455740.82285 16.562 0.009 5.67 542.0
2455740.86980 16.547 0.009 6.28 636.0
2455741.50971 16.550 0.009 6.66 647.0
2455741.54793 16.560 0.009 5.93 512.0
2455741.59313 16.559 0.008 5.05 461.0
2455741.63100 16.560 0.008 4.92 417.0
2455741.68167 16.551 0.007 4.90 406.0
2455741.73066 16.553 0.007 4.61 414.0
2455741.77176 16.544 0.008 5.39 435.0
2455741.81033 16.542 0.008 5.12 468.0
2455741.84835 16.560 0.007 4.54 499.0
2455741.88713 16.555 0.008 4.93 593.0
2455742.52276 16.533 0.009 5.90 667.0
2455742.56596 16.570 0.008 4.79 602.0
2455742.60421 16.564 0.008 5.33 456.0
2455742.66329 16.553 0.007 4.32 402.0
2455742.70492 16.562 0.007 4.73 411.0
2455742.74350 16.541 0.007 3.95 442.0
2455742.78176 16.555 0.007 3.80 452.0
2455742.81985 16.546 0.007 3.95 471.0
2455742.86001 16.538 0.007 4.56 510.0
2455743.61600 16.565 0.010 6.17 487.0
2455743.65391 16.569 0.009 5.84 487.0
2455743.70733 16.537 0.008 5.44 473.0
2455743.75488 16.566 0.008 5.32 538.0
2455743.79268 16.561 0.009 5.38 519.0
2455743.83061 16.555 0.008 4.64 573.0
2455743.86838 16.557 0.009 5.36 663.0
2455744.51246 16.522 0.010 6.58 691.0
2455744.55032 16.575 0.010 6.33 589.0
2455744.58889 16.540 0.009 5.57 567.0
2455744.62709 16.549 0.009 5.74 525.0
2455744.70244 16.565 0.008 5.67 431.0
2455744.76363 16.555 0.008 5.87 444.0
2455744.80736 16.554 0.008 5.81 483.0
2455744.85289 16.538 0.010 6.68 580.0
2455745.50137 16.546 0.010 6.88 595.0
2455745.54061 16.565 0.010 7.10 514.0
2455745.58740 16.543 0.009 6.44 499.0
2455745.62712 16.564 0.009 6.49 499.0
2455745.68756 16.549 0.008 5.29 477.0
2455745.72592 16.560 0.008 5.35 468.0
2455745.76408 16.575 0.009 6.35 449.0
2455745.80203 16.542 0.010 7.07 476.0
2455746.55873 16.572 0.009 6.13 736.0
2455746.56770 16.560 0.009 6.16 731.0
2455746.60804 16.543 0.008 5.70 461.0
2455746.64872 16.536 0.008 6.24 422.0
2455746.71472 16.553 0.009 6.63 445.0
2455746.75252 16.551 0.009 6.86 459.0
2455746.79488 16.537 0.009 6.79 496.0
2455746.84062 16.512 0.011 8.19 510.0
2455747.60149 16.574 0.011 7.57 553.0
2455747.64488 16.578 0.011 8.05 469.0
2455747.69139 16.578 0.012 8.32 484.0
2455747.73456 16.551 0.010 7.52 463.0
2455747.77875 16.566 0.010 7.13 495.0
2455748.61905 16.518 0.009 5.76 571.0
2455748.67049 16.556 0.007 5.87 471.0
2455749.51454 16.552 0.011 7.57 624.0
2455749.55214 16.545 0.009 6.71 524.0
2455749.58994 16.550 0.008 5.81 487.0
2455749.62994 16.569 0.008 5.72 484.0
2455749.68027 16.556 0.010 7.50 440.0
2455749.71883 16.532 0.009 7.22 449.0
2455749.75704 16.549 0.010 7.36 456.0
2455749.79659 16.587 0.012 8.40 478.0
2455752.55864 16.558 0.010 6.61 661.0
2455752.60268 16.571 0.012 7.61 845.0
2455752.65296 16.540 0.008 5.69 590.0
2455752.70985 16.552 0.008 5.97 622.0
2455752.74902 16.573 0.009 6.07 642.0
2455753.48576 16.549 0.017 7.71 2156.0
2455753.53920 16.576 0.011 6.96 926.0
2455753.58838 16.550 0.015 6.59 2669.0
2455753.64422 16.537 0.014 6.07 2775.0
2455753.73919 16.533 0.013 8.04 955.0
2455753.80158 16.602 0.015 6.93 1902.0
2455759.82114 16.572 0.011 6.28 939.0
2455760.51714 16.558 0.010 6.98 608.0
2455760.52459 16.553 0.010 6.43 706.0
2455760.57362 16.560 0.010 6.70 633.0
2455760.62557 16.556 0.009 6.24 621.0
2455760.67326 16.560 0.010 6.80 605.0
2455760.72470 16.530 0.009 6.19 648.0
2455760.76296 16.571 0.009 5.59 638.0
2455760.80065 16.530 0.008 5.46 728.0
2455761.49420 16.547 0.005 5.06 413.0
2455761.53565 16.524 0.005 4.68 421.0
2455762.50071 16.553 0.009 5.95 523.0
2455762.53895 16.573 0.009 5.40 511.0
2455762.57689 16.544 0.009 5.74 520.0
2455762.61850 16.581 0.010 6.56 519.0
2455762.65776 16.559 0.009 6.00 501.0
2455762.69501 16.558 0.009 5.74 510.0
2455762.73325 16.553 0.009 6.06 562.0
2455763.48883 16.573 0.009 5.98 607.0
2455763.53343 16.550 0.007 4.75 529.0
2455763.57490 16.552 0.007 4.18 468.0
2455763.67529 16.550 0.009 6.55 511.0
2455763.72297 16.549 0.008 5.55 610.0
2455763.76069 16.546 0.009 5.96 682.0
2455763.79875 16.562 0.011 6.99 678.0
2455764.49848 16.552 0.008 5.22 548.0
2455764.53808 16.534 0.007 4.55 534.0
2455764.57802 16.562 0.008 5.11 528.0
2455764.62724 16.539 0.007 4.83 437.0
2455764.66877 16.569 0.007 5.28 408.0
2455764.71670 16.560 0.007 4.43 483.0
2455764.78456 16.547 0.008 5.03 533.0
2455765.49672 16.546 0.008 5.04 616.0
2455765.53991 16.545 0.008 5.37 626.0
2455765.60250 16.551 0.007 3.88 540.0
2455765.64887 16.537 0.007 4.42 524.0
2455765.69199 16.542 0.008 5.29 542.0
2455765.73970 16.545 0.008 5.58 506.0
2455766.46993 16.554 0.009 5.74 731.0
2455766.50861 16.537 0.008 5.65 469.0
2455766.56298 16.547 0.008 6.06 447.0
2455766.61264 16.558 0.007 5.06 431.0
2455766.65350 16.548 0.007 4.42 412.0
2455766.69496 16.559 0.008 5.35 417.0
2455766.73841 16.549 0.008 5.64 420.0
2455767.48555 16.561 0.009 6.01 559.0
2455767.53019 16.565 0.009 6.27 549.0
2455767.57310 16.539 0.008 5.25 527.0
2455767.63370 16.535 0.009 6.30 516.0
2455767.69763 16.572 0.009 5.52 508.0
2455767.73998 16.562 0.009 5.87 474.0
2455767.78124 16.509 0.009 6.34 504.0
2455768.48656 16.540 0.008 5.66 521.0
2455768.52642 16.546 0.008 5.42 516.0
2455768.58693 16.558 0.007 5.12 454.0
2455768.63379 16.556 0.007 4.95 497.0
2455768.67840 16.557 0.007 5.05 453.0
2455768.72531 16.559 0.007 5.16 453.0
2455768.76609 16.558 0.008 5.44 555.0
2455769.47077 16.543 0.009 5.59 683.0
2455769.51021 16.531 0.008 5.08 520.0
2455769.56418 16.559 0.008 5.29 434.0
2455769.62196 16.561 0.008 5.83 425.0
2455769.67510 16.562 0.007 4.92 407.0
2455769.72402 16.554 0.008 4.77 459.0
2455769.76621 16.562 0.008 5.38 503.0
2455770.66719 16.593 0.010 7.10 485.0
2455770.75115 16.571 0.008 5.25 491.0
2455775.59346 16.577 0.010 6.86 425.0
2455775.63621 16.559 0.010 7.09 436.0
2455776.52788 16.577 0.011 7.49 532.0
2455776.58916 16.594 0.012 8.58 505.0
2455776.63572 16.578 0.010 7.22 422.0
2455776.70390 16.553 0.009 6.83 442.0
2455776.75213 16.554 0.011 8.09 509.0
2455777.50816 16.542 0.007 4.60 533.0
2455777.55817 16.548 0.007 4.87 476.0
2455777.63429 16.566 0.008 5.47 455.0
2455777.69461 16.569 0.007 4.77 442.0
2455777.75926 16.561 0.007 4.95 489.0
2455778.49184 16.536 0.011 7.17 633.0
2455778.54387 16.574 0.010 6.47 614.0
2455778.59608 16.552 0.010 6.37 640.0
2455779.58421 16.549 0.007 4.57 477.0
2455779.62976 16.572 0.007 4.75 454.0
2455779.68399 16.551 0.009 6.31 498.0
2455779.72498 16.554 0.008 5.35 486.0
2455784.50927 16.553 0.009 4.54 985.0
2455784.60630 16.575 0.008 4.12 876.0
2455784.71668 16.553 0.013 4.65 2251.0
2455785.48949 16.538 0.011 6.08 799.0
2455785.56097 16.548 0.011 6.47 830.0
2455785.61159 16.543 0.010 5.67 770.0
2455785.65602 16.532 0.009 5.19 775.0
2455785.69831 16.558 0.009 5.10 806.0
2455786.47875 16.553 0.011 5.97 895.0
2455786.55550 16.579 0.012 6.59 812.0
2455786.59989 16.533 0.008 4.76 708.0
2455786.64292 16.547 0.009 5.30 710.0
2455786.69682 16.553 0.010 5.61 796.0
2455786.74384 16.596 0.011 6.04 952.0
2455787.52016 16.553 0.009 5.78 708.0
2455787.57864 16.548 0.008 5.00 664.0
2455787.62139 16.543 0.008 4.43 673.0
2455787.66217 16.560 0.008 4.25 713.0
2455787.70508 16.553 0.008 4.58 789.0
2455788.47384 16.570 0.010 6.18 709.0
2455788.52922 16.542 0.009 5.34 609.0
2455788.58341 16.547 0.009 5.26 620.0
2455788.62174 16.547 0.009 5.31 615.0
2455788.66439 16.544 0.010 6.29 649.0
2455788.70808 16.575 0.013 7.92 750.0
2455788.74579 16.557 0.011 6.53 853.0
2455790.50954 16.571 0.010 7.26 478.0
2455790.56147 16.544 0.011 8.00 545.0
2455790.60219 16.571 0.011 7.84 518.0
2455790.64108 16.581 0.011 7.50 532.0
2455790.68221 16.584 0.009 6.05 651.0
2455790.72233 16.559 0.009 6.48 615.0
2455791.49008 16.561 0.009 6.21 520.0
2455791.56869 16.573 0.007 5.41 492.0
2455793.49106 16.551 0.009 6.07 506.0
2455793.55658 16.562 0.009 6.27 458.0
2455793.59617 16.554 0.009 6.22 461.0
2455793.63729 16.550 0.008 5.92 464.0
2455793.67654 16.554 0.008 5.79 491.0
2455793.71682 16.534 0.009 6.24 545.0
2455794.49393 16.540 0.009 6.53 495.0
2455794.56189 16.570 0.009 6.60 435.0
2455794.60350 16.552 0.009 6.50 450.0
2455794.64456 16.555 0.009 5.77 465.0
2455794.69014 16.530 0.008 5.70 528.0
2455795.54146 16.569 0.010 6.76 482.0
2455795.61134 16.579 0.012 7.89 492.0
2455795.69826 16.555 0.009 5.64 488.0
2455795.73527 16.565 0.009 5.65 483.0
2455796.51555 16.577 0.008 5.39 501.0
2455796.58513 16.541 0.010 7.97 511.0
2455796.62421 16.561 0.008 6.08 462.0
2455796.66549 16.586 0.008 6.19 447.0
2455796.70697 16.544 0.011 7.73 599.0
2455798.68798 16.578 0.012 8.56 510.0
2455801.50597 16.512 0.008 5.58 465.0
2455801.55894 16.578 0.009 6.49 441.0
2455801.59799 16.554 0.010 7.00 446.0
2455801.63596 16.555 0.011 7.99 481.0
2455801.67752 16.526 0.010 6.87 494.0
2455802.54795 16.556 0.009 6.56 474.0
2455802.59173 16.548 0.011 7.77 484.0
2455803.52438 16.559 0.009 6.60 492.0
2455804.47747 16.557 0.009 5.82 612.0
2455804.54162 16.557 0.009 6.25 461.0
2455804.58210 16.562 0.009 6.08 461.0
2455804.61988 16.554 0.008 5.82 464.0
2455804.65913 16.557 0.010 6.65 541.0
2455804.70057 16.565 0.009 5.64 596.0
2455805.53241 16.559 0.007 5.11 442.0
2455805.57078 16.539 0.007 3.99 429.0
2455805.61178 16.555 0.008 5.07 478.0
2455805.66019 16.560 0.009 6.38 539.0
2455806.52599 16.579 0.010 6.33 559.0
2455806.59639 16.543 0.010 6.96 516.0
2455807.56630 16.553 0.010 7.02 471.0
2455807.60866 16.580 0.010 6.57 515.0
2455807.64839 16.563 0.010 6.23 484.0
2455812.51145 16.586 0.013 7.28 839.0
2455812.55176 16.572 0.012 7.07 841.0
2455812.59113 16.543 0.012 6.31 1066.0
2455812.63374 16.570 0.014 5.98 1692.0
2455813.47281 16.568 0.012 5.21 1894.0
2455813.53470 16.545 0.009 5.51 739.0
2455813.57490 16.547 0.008 5.71 705.0
2455813.61276 16.534 0.008 4.86 742.0
2455813.65063 16.529 0.008 5.56 786.0
2455815.50633 16.556 0.008 5.21 621.0
2455815.54443 16.563 0.008 4.56 629.0
2455815.59193 16.565 0.008 4.66 685.0
2455815.62979 16.536 0.007 4.31 745.0
2455815.66620 16.550 0.008 4.28 838.0
2455816.51570 16.565 0.008 4.61 659.0
2455816.56315 16.537 0.008 4.65 707.0
2455816.60135 16.564 0.009 5.58 740.0
2455816.64200 16.560 0.012 7.46 757.0
2455817.51689 16.547 0.008 5.04 609.0
2455817.56414 16.582 0.009 5.38 645.0
2455817.60331 16.537 0.009 6.02 617.0
2455817.64301 16.572 0.009 5.83 722.0
2455818.50773 16.540 0.009 5.41 581.0
2455818.54562 16.560 0.009 5.24 643.0
2455818.58354 16.567 0.010 6.12 662.0
2455818.62402 16.563 0.011 5.99 788.0
2455819.49601 16.548 0.009 5.75 580.0
2455819.55426 16.550 0.009 5.56 632.0
2455819.59176 16.554 0.008 5.19 658.0
2455819.63106 16.533 0.008 4.63 739.0
2455820.48458 16.534 0.011 7.71 671.0
2455820.52284 16.574 0.009 5.78 599.0
2455820.56990 16.568 0.009 5.49 586.0
2455820.60774 16.577 0.009 5.32 665.0
2455820.64563 16.529 0.009 5.27 727.0
2455822.53664 16.567 0.010 7.38 464.0
2455822.58162 16.561 0.009 5.76 450.0
2455822.62526 16.550 0.008 5.82 483.0
2455823.51333 16.596 0.012 7.58 533.0
2455823.55669 16.564 0.010 6.69 534.0
2455823.60030 16.565 0.009 5.53 551.0
2455824.47835 16.548 0.014 7.65 1031.0
2455824.53725 16.559 0.008 5.25 494.0
2455824.57780 16.546 0.008 5.15 454.0
2455824.61778 16.540 0.008 5.63 512.0
2455825.49733 16.563 0.010 6.82 592.0
2455825.55526 16.558 0.009 5.50 564.0
2455825.59337 16.544 0.007 4.37 584.0
2455826.47817 16.562 0.013 6.26 1171.0
2455826.51804 16.570 0.010 6.23 544.0
2455826.56554 16.583 0.009 5.45 551.0
2455826.60468 16.555 0.011 6.88 606.0
2455827.50451 16.571 0.012 7.26 664.0
2455827.54249 16.536 0.011 6.96 665.0
2455827.58497 16.533 0.009 5.64 601.0
2455827.62253 16.584 0.010 6.06 584.0
2455828.51774 16.556 0.008 4.88 468.0
2455828.55574 16.564 0.008 4.47 469.0
2455828.59327 16.527 0.008 4.61 547.0
2455829.47966 16.559 0.012 5.99 1244.0
2455829.52868 16.565 0.008 4.48 575.0
2455829.56639 16.572 0.007 4.41 543.0
2455829.60466 16.555 0.007 5.05 528.0
2455830.50361 16.547 0.007 4.60 501.0
2455830.54177 16.544 0.007 4.92 507.0
2455830.57943 16.535 0.008 5.86 520.0
2455831.48191 16.532 0.009 4.42 1114.0
2455831.54045 16.540 0.008 5.10 512.0
2455831.57789 16.570 0.008 5.64 514.0
2455831.61360 16.573 0.009 6.38 583.0
2455832.52388 16.543 0.007 4.27 545.0
2455832.56349 16.569 0.008 5.11 571.0
2455832.60173 16.547 0.009 5.80 597.0
2455833.52178 16.555 0.008 4.73 513.0
2455833.56132 16.548 0.008 4.70 498.0
2455833.59926 16.567 0.008 5.35 530.0
2455834.52097 16.551 0.007 4.17 500.0
2455834.55874 16.546 0.007 4.58 501.0
2455834.59490 16.540 0.007 4.89 512.0
2455835.54214 16.551 0.011 6.66 596.0
2455836.50455 16.546 0.012 6.21 1028.0
2455836.53777 16.569 0.010 5.16 1055.0
2455836.56959 16.564 0.010 5.16 1158.0
2455839.49805 16.558 0.011 6.54 909.0
2455839.53649 16.551 0.011 6.73 770.0
2455839.57430 16.571 0.012 6.15 1195.0
2455840.47930 16.608 0.022 8.12 2451.0
2455840.52832 16.571 0.010 6.24 696.0
2455840.58075 16.558 0.008 4.56 735.0
2455841.48178 16.577 0.017 7.77 1664.0
2455841.52252 16.570 0.011 6.81 771.0
2455841.56583 16.552 0.010 5.69 806.0
2455841.60184 16.539 0.010 5.51 868.0
2455842.52378 16.569 0.013 7.45 733.0
2455842.57241 16.577 0.011 6.47 794.0
2455843.48179 16.582 0.016 6.76 2022.0
2455843.52551 16.567 0.010 6.17 685.0
2455843.56602 16.550 0.010 6.32 720.0
2455843.60699 16.588 0.010 5.83 816.0
2455844.51044 16.573 0.010 5.97 717.0
2455844.54937 16.541 0.010 5.80 773.0
2455844.58892 16.579 0.013 7.29 876.0
2455845.50987 16.543 0.010 6.74 729.0
2455845.55033 16.527 0.011 6.37 859.0
2455845.59058 16.597 0.016 8.13 1011.0
2455846.51352 16.569 0.012 6.85 879.0
2455846.55228 16.584 0.012 6.18 959.0
2455847.54046 16.573 0.014 8.17 879.0
2455850.52458 16.552 0.008 5.47 617.0
2455850.56302 16.544 0.008 5.38 601.0
2455851.51355 16.556 0.009 6.06 573.0
2455851.55133 16.560 0.009 5.85 559.0
2455852.50212 16.537 0.012 7.49 782.0
2455852.54265 16.576 0.011 6.37 798.0
2455854.49034 16.577 0.015 6.48 1633.0
2455854.50454 16.551 0.011 6.43 728.0
2455854.51881 16.550 0.011 6.86 733.0
2455854.53360 16.552 0.009 4.80 729.0
2455854.54703 16.525 0.010 5.90 749.0
2455854.55823 16.582 0.011 6.24 814.0
2455855.52552 16.539 0.010 5.34 765.0
2455855.55349 16.534 0.010 5.39 741.0
2455856.52709 16.577 0.011 6.20 717.0
2455857.50734 16.559 0.012 7.67 696.0
2455858.50829 16.576 0.013 8.14 648.0
2455859.50479 16.577 0.010 5.84 769.0
2455859.54075 16.531 0.009 6.13 709.0
2455860.52026 16.534 0.010 6.21 681.0
2455861.51403 16.556 0.009 5.57 680.0
2455862.52146 16.548 0.009 5.68 614.0
2455866.50920 16.569 0.012 5.65 1244.0
2455867.51238 16.556 0.009 5.63 799.0
2455868.51373 16.531 0.011 5.38 869.0
2455869.50465 16.558 0.010 4.71 1123.0
2455870.50929 16.535 0.008 4.15 1000.0
2455871.50409 16.540 0.009 4.94 1114.0
2455872.50388 16.536 0.010 5.16 1317.0
2455873.50507 16.552 0.010 4.67 1207.0
2455961.88313 16.550 0.013 5.91 2039.0
2455970.87275 16.556 0.009 6.33 668.0
2455971.87412 16.537 0.008 5.19 644.0
2455972.88897 16.527 0.009 4.75 1424.0
2455976.87817 16.545 0.007 5.06 500.0
2455977.83779 16.550 0.008 5.64 623.0
2455977.87567 16.538 0.008 5.59 586.0
2455978.84140 16.521 0.008 6.31 519.0
2455978.88598 16.538 0.007 5.36 494.0
2455979.83437 16.546 0.009 6.54 599.0
2455979.87789 16.537 0.008 5.78 525.0
2455980.85929 16.533 0.009 6.48 571.0
2455982.82051 16.542 0.009 6.97 526.0
2455982.86387 16.551 0.008 5.93 463.0
2455983.81917 16.548 0.010 6.99 582.0
2455983.85558 16.553 0.007 5.42 492.0
2455983.90325 16.538 0.008 3.75 1192.0
2455984.83777 16.539 0.007 5.24 481.0
2455984.88509 16.565 0.007 4.15 478.0
2455985.82341 16.549 0.009 6.56 618.0
2455985.86002 16.546 0.008 5.74 531.0
2455985.90354 16.523 0.010 5.10 1387.0
2455986.83000 16.562 0.008 5.92 568.0
2455986.86838 16.556 0.007 4.87 504.0
2455987.81472 16.553 0.010 6.84 618.0
2455987.84480 16.553 0.008 5.44 538.0
2455987.89424 16.527 0.007 5.10 516.0
2455988.83187 16.561 0.009 5.98 561.0
2455988.87918 16.554 0.007 4.30 522.0
2455989.80489 16.545 0.009 7.34 474.0
2455989.83949 16.520 0.008 6.20 449.0
2455989.88131 16.573 0.010 7.21 440.0
2455990.80773 16.550 0.009 6.94 478.0
2455990.84549 16.553 0.008 5.59 468.0
2455990.88693 16.553 0.007 5.07 441.0
2455991.82056 16.506 0.008 5.83 544.0
2455991.84783 16.540 0.007 4.87 457.0
2455992.80038 16.535 0.009 5.73 714.0
2455992.83756 16.553 0.008 5.01 606.0
2455992.87963 16.520 0.007 4.54 459.0
2455993.79720 16.552 0.011 7.29 726.0
2455993.83500 16.516 0.010 6.61 635.0
2455993.87488 16.535 0.009 5.93 580.0
2455994.80388 16.539 0.009 5.41 906.0
2455994.82924 16.560 0.008 4.76 816.0
2455994.87994 16.532 0.008 5.20 702.0
2455995.79056 16.537 0.008 4.76 857.0
2455995.81188 16.518 0.008 4.98 773.0
2455995.84506 16.556 0.008 4.92 699.0
2455995.89421 16.531 0.007 4.78 624.0
2455996.79867 16.538 0.008 5.31 689.0
2455996.83624 16.537 0.007 4.49 633.0
2455996.88298 16.532 0.006 3.77 549.0
2455997.79408 16.555 0.009 5.71 666.0
2455997.83009 16.558 0.008 5.15 618.0
2455997.87845 16.530 0.007 4.67 580.0
2455997.91616 16.511 0.011 3.83 3586.0
2455998.80596 16.531 0.008 5.24 667.0
2455998.85494 16.526 0.007 4.17 573.0
2455998.89623 16.542 0.007 4.17 565.0
2455999.79035 16.564 0.008 5.23 684.0
2455999.83935 16.540 0.008 4.79 645.0
2455999.87728 16.528 0.007 4.20 584.0
2455999.91528 16.532 0.009 3.87 1350.0
2456002.80893 16.500 0.011 5.13 1510.0
2456002.83886 16.534 0.011 4.99 1551.0
2456002.87958 16.533 0.010 4.39 1550.0
2456003.86372 16.533 0.009 6.14 584.0
2456004.75964 16.533 0.009 6.47 613.0
2456004.79640 16.544 0.008 5.76 552.0
2456004.85427 16.542 0.008 5.19 532.0
2456004.89191 16.557 0.007 4.86 507.0
2456005.75966 16.539 0.008 6.13 496.0
2456005.80072 16.535 0.007 5.13 444.0
2456005.84926 16.541 0.007 4.94 468.0
2456005.90605 16.549 0.006 3.42 456.0
2456006.77142 16.545 0.008 5.71 459.0
2456006.82429 16.541 0.007 4.61 429.0
2456006.87522 16.537 0.007 4.26 432.0
2456006.91289 16.558 0.008 4.50 594.0
2456007.77724 16.559 0.008 5.55 434.0
2456007.82414 16.558 0.007 4.77 434.0
2456007.87240 16.548 0.007 4.33 400.0
2456007.91001 16.534 0.006 3.89 499.0
2456008.76046 16.530 0.008 5.53 536.0
2456008.79931 16.539 0.008 5.50 459.0
2456008.85777 16.538 0.008 6.03 479.0
2456008.89517 16.543 0.008 5.12 454.0
2456009.75334 16.533 0.008 5.28 539.0
2456009.78772 16.564 0.007 4.73 504.0
2456009.84522 16.540 0.007 3.91 512.0
2456009.88304 16.536 0.007 4.10 481.0
2456009.92088 16.530 0.011 4.10 2291.0
2456010.76618 16.534 0.008 5.27 614.0
2456010.81530 16.530 0.007 4.59 476.0
2456010.86523 16.537 0.006 3.97 453.0
2456010.90285 16.539 0.006 4.09 437.0
2456011.74814 16.568 0.009 6.34 548.0
2456011.79537 16.565 0.008 5.43 464.0
2456011.87076 16.525 0.008 5.15 863.0
2456011.90900 16.571 0.009 4.60 913.0
2456012.75390 16.556 0.008 6.05 440.0
2456012.79719 16.556 0.007 5.21 418.0
2456012.84654 16.554 0.007 4.89 394.0
2456012.89365 16.535 0.006 3.82 372.0
2456013.75285 16.518 0.008 6.55 447.0
2456013.79062 16.532 0.007 4.80 403.0
2456013.83173 16.537 0.007 4.95 411.0
2456013.89282 16.566 0.007 4.39 397.0
2456014.72853 16.519 0.008 6.42 498.0
2456014.76760 16.537 0.007 4.46 444.0
2456014.80585 16.543 0.007 4.47 424.0
2456014.86600 16.526 0.007 5.22 399.0
2456014.90527 16.534 0.008 6.23 430.0
2456015.74556 16.544 0.007 5.51 476.0
2456015.78408 16.523 0.006 4.48 413.0
2456015.82279 16.536 0.006 3.78 395.0
2456015.87241 16.536 0.006 4.04 395.0
2456015.91390 16.522 0.007 3.98 520.0
2456016.76414 16.531 0.006 4.44 460.0
2456016.80448 16.551 0.007 4.48 446.0
2456016.86723 16.519 0.007 4.08 433.0
2456016.90763 16.546 0.006 4.32 444.0
2456017.73947 16.510 0.007 5.16 477.0
2456017.77760 16.541 0.006 3.97 433.0
2456017.81590 16.537 0.006 3.76 410.0
2456017.87434 16.549 0.006 4.26 375.0
2456017.91450 16.538 0.007 4.30 478.0
2456018.76597 16.568 0.009 6.64 437.0
2456018.80483 16.536 0.008 6.02 419.0
2456018.84474 16.516 0.006 4.00 407.0
2456018.90979 16.551 0.007 4.48 412.0
2456019.73299 16.537 0.008 5.80 537.0
2456019.77154 16.546 0.008 5.36 462.0
2456019.83014 16.551 0.008 5.68 428.0
2456019.86804 16.542 0.006 3.91 408.0
2456019.90654 16.537 0.007 4.52 414.0
2456020.72500 16.548 0.008 6.01 539.0
2456020.76352 16.539 0.006 4.02 476.0
2456020.81968 16.536 0.007 4.67 404.0
2456020.85848 16.538 0.006 3.81 385.0
2456020.89788 16.553 0.008 5.57 439.0
2456021.70952 16.516 0.010 6.85 681.0
2456021.74628 16.529 0.008 5.18 596.0
2456021.78529 16.550 0.007 4.94 530.0
2456021.82391 16.535 0.006 4.06 485.0
2456021.88225 16.522 0.007 4.53 442.0
2456021.92271 16.533 0.008 4.14 930.0
2456022.73382 16.545 0.008 5.06 682.0
2456022.77210 16.529 0.007 4.20 575.0
2456022.81034 16.537 0.007 4.03 560.0
2456022.86786 16.546 0.007 4.61 540.0
2456022.90993 16.551 0.007 4.99 445.0
2456023.72785 16.538 0.009 5.70 759.0
2456023.76776 16.546 0.007 4.26 689.0
2456023.80835 16.540 0.008 4.66 643.0
2456023.84847 16.530 0.007 3.93 616.0
2456023.91297 16.545 0.008 4.46 639.0
2456024.71342 16.528 0.009 6.02 914.0
2456024.75369 16.519 0.008 4.92 745.0
2456024.79275 16.567 0.008 4.98 698.0
2456024.85521 16.549 0.007 3.96 650.0
2456024.90504 16.531 0.008 4.43 685.0
2456025.71103 16.557 0.011 6.41 867.0
2456025.75152 16.579 0.010 6.15 790.0
2456025.79133 16.514 0.008 5.00 706.0
2456025.84457 16.528 0.009 5.52 686.0
2456025.89612 16.528 0.008 5.12 667.0
2456026.72468 16.574 0.020 6.70 3437.0
2456029.83917 16.517 0.009 4.61 1192.0
2456029.91400 16.539 0.009 4.81 966.0
2456031.75463 16.518 0.008 6.16 503.0
2456031.79453 16.539 0.008 5.41 517.0
2456031.83403 16.544 0.008 5.03 533.0
2456031.87573 16.530 0.009 6.36 579.0
2456031.93475 16.533 0.015 5.93 2687.0
2456032.71124 16.527 0.008 5.64 590.0
2456032.74932 16.528 0.007 4.55 513.0
2456032.80735 16.539 0.007 4.52 478.0
2456032.84821 16.548 0.007 4.77 459.0
2456032.88976 16.540 0.006 4.01 451.0
2456032.92988 16.537 0.010 4.78 1659.0
2456033.72626 16.523 0.008 6.26 502.0
2456033.77137 16.557 0.008 5.68 490.0
2456033.84239 16.553 0.008 5.41 495.0
2456033.88137 16.532 0.007 5.10 495.0
2456033.92286 16.521 0.010 7.00 660.0
2456034.72130 16.546 0.007 4.90 459.0
2456034.76904 16.546 0.006 4.24 455.0
2456034.82448 16.551 0.007 4.56 438.0
2456034.91400 16.532 0.008 5.72 493.0
2456035.85288 16.535 0.007 4.53 508.0
2456035.92219 16.526 0.008 5.01 538.0
2456036.72583 16.526 0.006 4.36 462.0
2456036.76985 16.539 0.007 4.25 461.0
2456036.84620 16.522 0.006 3.34 462.0
2456036.90065 16.555 0.007 4.40 529.0
2456037.71170 16.532 0.008 6.50 504.0
2456037.75233 16.533 0.008 6.01 491.0
2456037.79602 16.544 0.007 4.47 486.0
2456037.86714 16.525 0.007 3.95 544.0
2456037.90763 16.549 0.007 4.28 647.0
2456038.72063 16.539 0.008 6.10 449.0
2456038.76223 16.521 0.008 6.09 447.0
2456038.82745 16.540 0.007 4.16 492.0
2456038.87257 16.527 0.007 4.64 496.0
2456038.92317 16.543 0.008 5.16 571.0
2456039.74372 16.545 0.009 6.78 508.0
2456039.78995 16.527 0.008 5.74 485.0
2456039.85012 16.555 0.008 5.38 471.0
2456039.89454 16.543 0.007 5.08 527.0
2456039.93279 16.542 0.011 4.75 1796.0
2456040.76104 16.545 0.008 5.75 479.0
2456040.80293 16.516 0.007 4.62 485.0
2456040.86601 16.537 0.008 5.09 516.0
2456040.90716 16.544 0.007 4.99 488.0
2456041.70900 16.548 0.009 7.17 505.0
2456041.75374 16.525 0.010 7.38 527.0
2456041.79795 16.539 0.007 4.34 493.0
2456041.85945 16.546 0.007 4.60 528.0
2456041.90003 16.532 0.007 4.22 527.0
2456045.89454 16.544 0.007 4.21 565.0
2456045.93219 16.513 0.008 4.90 786.0
2456046.90577 16.519 0.007 4.14 500.0
2456047.67881 16.530 0.008 5.99 548.0
2456047.71794 16.538 0.008 5.78 487.0
2456047.75745 16.535 0.007 4.34 451.0
2456047.79701 16.529 0.007 4.19 499.0
2456047.87014 16.548 0.007 4.38 525.0
2456047.91147 16.521 0.007 4.82 574.0
2456048.68552 16.535 0.008 3.98 610.0
2456048.72466 16.549 0.008 4.51 523.0
2456048.77682 16.538 0.007 4.84 428.0
2456048.82698 16.539 0.008 5.22 426.0
2456048.87101 16.538 0.008 6.17 429.0
2456048.91569 16.529 0.008 6.01 467.0
2456049.69453 16.521 0.007 4.84 535.0
2456049.74733 16.528 0.006 3.93 507.0
2456049.80647 16.523 0.006 3.63 459.0
2456049.84645 16.554 0.007 4.36 500.0
2456049.88815 16.535 0.007 5.09 514.0
2456049.92734 16.529 0.007 5.07 604.0
2456050.68333 16.544 0.008 5.25 595.0
2456050.72256 16.527 0.008 5.00 562.0
2456050.79224 16.550 0.008 4.91 576.0
2456050.83253 16.528 0.008 4.89 594.0
2456050.87162 16.520 0.007 4.69 558.0
2456050.91037 16.530 0.008 5.44 591.0
2456051.65583 16.507 0.008 5.70 747.0
2456051.74191 16.523 0.007 4.93 611.0
2456052.66803 16.543 0.009 5.31 902.0
2456052.70612 16.530 0.009 5.41 756.0
2456052.76370 16.523 0.008 5.12 689.0
2456052.80283 16.544 0.008 4.69 677.0
2456052.84332 16.550 0.008 4.65 754.0
2456052.88297 16.512 0.008 5.16 756.0
2456052.92135 16.520 0.008 5.21 748.0
2456053.65926 16.553 0.009 4.91 1288.0
2456053.69962 16.532 0.009 5.13 1091.0
2456053.73738 16.532 0.007 4.01 963.0
2456053.79474 16.547 0.007 3.72 887.0
2456053.84803 16.559 0.008 4.39 916.0
2456053.89143 16.556 0.009 4.82 931.0
2456053.93047 16.531 0.009 4.73 1155.0
2456054.88884 16.536 0.008 4.29 1250.0
2456057.67711 16.539 0.014 5.57 2855.0
2456057.73910 16.524 0.013 5.59 2474.0
2456057.77237 16.539 0.011 4.43 2250.0
2456057.81005 16.525 0.010 3.95 2099.0
2456057.83741 16.508 0.010 4.58 1713.0
2456057.87032 16.522 0.010 4.86 1564.0
2456057.90175 16.512 0.010 4.55 1799.0
2456057.91676 16.530 0.010 4.47 1879.0
2456057.93500 16.523 0.010 4.27 2085.0
2456058.67589 16.530 0.009 7.13 565.0
2456058.71591 16.521 0.008 6.18 539.0
2456058.75523 16.529 0.007 4.67 556.0
2456058.79929 16.535 0.007 4.94 527.0
2456058.84593 16.521 0.007 5.24 547.0
2456058.88758 16.518 0.008 4.81 584.0
2456058.92606 16.530 0.009 6.09 646.0
2456059.68384 16.525 0.008 6.02 493.0
2456059.72229 16.555 0.008 5.88 496.0
2456059.76053 16.531 0.008 6.10 497.0
2456059.81037 16.530 0.007 4.28 502.0
2456059.85966 16.523 0.007 4.66 523.0
2456059.89862 16.497 0.007 4.61 532.0
2456059.93768 16.537 0.008 5.03 915.0
2456060.81089 16.514 0.007 5.71 507.0
2456061.69900 16.531 0.008 5.86 530.0
2456061.73782 16.534 0.007 4.82 530.0
2456061.79875 16.537 0.007 4.52 533.0
2456061.83880 16.538 0.007 5.08 534.0
2456061.87668 16.521 0.008 6.41 602.0
2456061.91547 16.545 0.009 6.35 648.0
2456062.66445 16.532 0.008 6.10 601.0
2456062.70694 16.540 0.008 5.82 602.0
2456062.74629 16.517 0.008 5.11 624.0
2456062.79592 16.517 0.008 4.79 627.0
2456062.84709 16.529 0.008 5.09 604.0
2456062.88541 16.518 0.008 4.91 671.0
2456062.92339 16.535 0.009 5.55 785.0
2456063.77513 16.528 0.009 6.66 480.0
2456063.81625 16.532 0.008 5.56 477.0
2456063.86484 16.509 0.007 5.16 456.0
2456063.91208 16.529 0.007 4.48 634.0
2456064.66271 16.523 0.007 5.56 540.0
2456064.73886 16.519 0.006 3.62 472.0
2456064.80057 16.507 0.006 3.69 512.0
2456064.84229 16.530 0.007 4.69 537.0
2456064.88478 16.519 0.007 4.93 571.0
2456064.92324 16.542 0.008 6.30 615.0
2456065.63373 16.528 0.008 5.62 563.0
2456065.67188 16.523 0.007 5.16 467.0
2456065.71038 16.526 0.007 4.36 409.0
2456065.77112 16.513 0.007 4.26 517.0
2456065.81250 16.535 0.007 4.93 556.0
2456065.85963 16.563 0.007 5.20 586.0
2456066.63620 16.531 0.007 5.19 523.0
2456066.67413 16.540 0.007 5.10 509.0
2456066.71214 16.515 0.007 4.33 521.0
2456066.76254 16.530 0.007 4.10 506.0
2456066.81656 16.514 0.007 5.17 514.0
2456066.85719 16.515 0.007 4.45 555.0
2456066.89741 16.530 0.007 4.23 549.0
2456066.93559 16.526 0.007 4.16 654.0
2456067.62045 16.514 0.008 5.67 486.0
2456067.66109 16.528 0.007 4.56 485.0
2456067.69916 16.526 0.007 4.28 468.0
2456067.74810 16.524 0.006 3.77 481.0
2456067.79936 16.512 0.008 5.96 493.0
2456067.83828 16.533 0.007 4.29 492.0
2456067.87713 16.520 0.007 4.39 565.0
2456067.91496 16.520 0.007 3.83 583.0
2456068.60916 16.528 0.009 5.96 600.0
2456068.66430 16.539 0.007 4.65 524.0
2456068.71103 16.526 0.007 4.68 449.0
2456068.76319 16.536 0.007 4.78 420.0
2456068.83892 16.529 0.006 3.36 462.0
2456068.88366 16.525 0.006 3.21 560.0
2456068.92768 16.531 0.006 3.79 588.0
2456069.60301 16.544 0.008 7.18 499.0
2456069.66350 16.522 0.008 5.64 452.0
2456069.70338 16.526 0.006 4.22 460.0
2456069.74288 16.510 0.006 4.08 428.0
2456069.81006 16.493 0.007 4.58 443.0
2456069.85175 16.522 0.006 3.61 430.0
2456069.89231 16.532 0.006 3.56 462.0
2456069.93041 16.514 0.006 3.79 532.0
2456070.61264 16.546 0.010 6.90 524.0
2456070.65078 16.521 0.009 6.31 535.0
2456070.69055 16.513 0.007 4.49 460.0
2456070.72881 16.505 0.007 4.19 443.0
2456070.77761 16.518 0.007 5.29 445.0
2456070.82763 16.509 0.007 4.80 476.0
2456070.86753 16.532 0.007 4.82 478.0
2456070.90600 16.517 0.007 4.99 468.0
2456070.94518 16.524 0.012 5.87 1498.0
2456071.61263 16.520 0.007 5.11 464.0
2456071.65183 16.528 0.007 4.88 425.0
2456071.69148 16.536 0.007 5.34 408.0
2456071.73021 16.519 0.006 4.36 416.0
2456071.79356 16.525 0.008 5.58 475.0
2456071.83342 16.544 0.007 5.29 459.0
2456071.87151 16.512 0.007 5.27 488.0
2456071.90947 16.519 0.011 7.92 509.0
2456075.59544 16.523 0.007 4.49 491.0
2456075.63482 16.532 0.007 4.50 443.0
2456075.67325 16.506 0.006 3.85 401.0
2456075.71472 16.515 0.007 5.34 418.0
2456075.77889 16.519 0.007 4.62 412.0
2456075.81736 16.531 0.007 4.38 425.0
2456075.85644 16.533 0.006 3.66 473.0
2456076.58820 16.506 0.007 5.19 584.0
2456076.62644 16.516 0.008 5.57 541.0
2456076.67664 16.540 0.007 5.17 495.0
2456076.72380 16.525 0.007 4.54 453.0
2456076.77235 16.512 0.007 5.11 453.0
2456076.81136 16.526 0.007 4.84 464.0
2456076.85356 16.539 0.007 5.10 504.0
2456076.90001 16.508 0.008 6.48 561.0
2456076.94422 16.478 0.010 6.04 1205.0
2456077.74396 16.520 0.007 5.55 504.0
2456077.79815 16.525 0.007 5.28 460.0
2456077.84563 16.526 0.006 4.44 465.0
2456077.88921 16.519 0.007 5.53 528.0
2456077.92792 16.539 0.006 4.70 591.0
2456078.60996 16.519 0.008 4.66 648.0
2456078.64773 16.527 0.008 4.75 578.0
2456078.68611 16.536 0.007 4.72 524.0
2456078.73622 16.517 0.007 4.57 512.0
2456078.79018 16.537 0.007 3.62 568.0
2456078.82843 16.508 0.007 4.27 508.0
2456078.87254 16.522 0.007 3.95 606.0
2456078.91068 16.552 0.006 3.95 637.0
2456079.58448 16.519 0.007 4.32 655.0
2456079.62374 16.524 0.007 4.51 531.0
2456079.66171 16.536 0.007 4.57 485.0
2456079.71509 16.509 0.007 4.12 480.0
2456079.77533 16.523 0.008 4.84 570.0
2456079.81449 16.511 0.007 4.12 588.0
2456079.86515 16.524 0.006 3.61 505.0
2456079.90503 16.515 0.007 4.58 559.0
2456079.94380 16.528 0.008 4.76 976.0
2456080.59418 16.506 0.009 6.04 739.0
2456080.63233 16.498 0.009 5.53 751.0
2456080.67532 16.538 0.007 4.48 594.0
2456080.72065 16.510 0.007 4.37 587.0
2456080.76073 16.508 0.007 4.92 615.0
2456080.80003 16.529 0.007 4.53 583.0
2456080.85735 16.515 0.007 4.94 588.0
2456080.89828 16.532 0.007 4.66 528.0
2456080.94007 16.538 0.007 4.45 679.0
2456081.58993 16.530 0.010 5.73 989.0
2456081.62773 16.529 0.008 4.97 812.0
2456081.66877 16.520 0.008 4.80 702.0
2456081.71414 16.526 0.007 4.24 646.0
2456081.75343 16.511 0.008 4.39 1243.0
2456081.80816 16.500 0.007 4.11 668.0
2456081.85141 16.515 0.008 4.52 750.0
2456081.89004 16.511 0.008 5.02 807.0
2456081.93803 16.519 0.009 5.88 873.0
2456082.62170 16.532 0.011 6.60 947.0
2456082.66085 16.537 0.013 6.74 1251.0
2456082.71157 16.540 0.012 6.67 1051.0
2456082.78286 16.529 0.012 6.06 1260.0
2456082.82724 16.522 0.011 5.51 1256.0
2456082.86424 16.525 0.010 5.03 1382.0
2456082.90893 16.516 0.013 6.56 1348.0
2456085.58502 16.542 0.010 6.11 914.0
2456085.63491 16.515 0.008 5.15 785.0
2456085.67117 16.504 0.008 4.67 789.0
2456085.71274 16.524 0.011 5.16 1844.0
2456085.75802 16.483 0.008 5.34 734.0
2456085.79680 16.506 0.009 5.53 766.0
2456085.83566 16.518 0.011 5.51 1384.0
2456085.87547 16.527 0.014 5.71 2658.0
2456085.91582 16.479 0.010 6.45 912.0
2456086.56840 16.538 0.009 6.52 548.0
2456086.60881 16.531 0.009 5.96 623.0
2456086.65192 16.512 0.008 5.03 589.0
2456086.69089 16.503 0.007 4.32 552.0
2456086.75402 16.521 0.007 4.23 540.0
2456086.79231 16.509 0.008 5.09 564.0
2456086.83710 16.522 0.007 4.80 611.0
2456086.88420 16.526 0.009 6.11 711.0
2456086.92558 16.503 0.010 6.52 855.0
2456087.58787 16.534 0.007 5.92 425.0
2456087.72486 16.481 0.009 6.12 742.0
2456087.78124 16.527 0.007 4.86 590.0
2456087.83226 16.518 0.008 5.24 641.0
2456088.56010 16.530 0.009 6.62 490.0
2456088.59794 16.498 0.007 5.51 404.0
2456088.63632 16.512 0.007 4.63 411.0
2456088.67410 16.515 0.007 4.47 430.0
2456089.64018 16.518 0.006 4.69 514.0
2456089.67896 16.503 0.006 5.13 467.0
2456089.74009 16.495 0.007 5.17 559.0
2456089.79046 16.515 0.007 5.28 515.0
2456089.85159 16.501 0.007 5.62 574.0
2456089.92665 16.527 0.009 6.67 566.0
2456092.59629 16.511 0.008 5.79 470.0
2456092.67471 16.504 0.007 5.54 449.0
2456092.80415 16.482 0.006 5.49 466.0
2456092.87370 16.499 0.008 5.79 598.0
2456093.54906 16.521 0.009 6.67 515.0
2456093.59063 16.496 0.008 5.78 467.0
2456093.62869 16.510 0.008 5.84 429.0
2456093.66668 16.535 0.008 6.18 422.0
2456093.72716 16.521 0.007 4.86 430.0
2456093.78912 16.516 0.008 5.88 448.0
2456093.82912 16.528 0.009 6.64 465.0
2456093.86768 16.503 0.008 6.39 473.0
2456094.60261 16.494 0.009 6.77 550.0
2456094.64011 16.501 0.008 5.66 537.0
2456094.67760 16.520 0.008 6.03 549.0
2456094.72743 16.525 0.008 5.92 574.0
2456094.77463 16.527 0.008 5.72 534.0
2456094.81366 16.502 0.007 5.32 529.0
2456094.85291 16.503 0.010 6.95 576.0
2456094.90286 16.490 0.010 6.68 688.0
2456096.60135 16.514 0.008 6.18 470.0
2456096.64694 16.489 0.008 6.09 437.0
2456096.68627 16.535 0.009 6.66 443.0
2456096.76089 16.495 0.008 6.53 475.0
2456096.80022 16.501 0.009 6.62 511.0
2456096.84110 16.495 0.008 5.49 579.0
2456096.88322 16.532 0.010 6.36 646.0
2456097.66528 16.520 0.008 5.75 442.0
2456097.72852 16.498 0.008 6.38 466.0
2456097.77687 16.536 0.009 6.57 471.0
2456097.81467 16.519 0.008 6.07 506.0
2456097.85232 16.495 0.008 5.41 546.0
2456097.89269 16.501 0.009 5.83 627.0
2456098.58147 16.484 0.009 7.30 499.0
2456098.62116 16.513 0.008 6.22 478.0
2456098.65875 16.511 0.009 6.49 494.0
2456098.71014 16.518 0.009 6.82 474.0
2456098.76041 16.505 0.008 6.31 472.0
2456098.80091 16.510 0.007 5.45 476.0
2456098.83964 16.482 0.008 5.99 524.0
2456098.87758 16.515 0.009 6.48 614.0
2456099.62820 16.526 0.010 6.82 595.0
2456099.72867 16.498 0.011 7.71 562.0
2456099.83785 16.510 0.010 7.15 563.0
2456100.54093 16.517 0.010 7.12 600.0
2456100.59901 16.524 0.009 6.49 521.0
2456100.63632 16.501 0.007 5.19 503.0
2456100.68446 16.505 0.007 4.85 467.0
2456100.73550 16.499 0.007 4.86 495.0
2456100.77338 16.490 0.010 7.50 568.0
2456100.82379 16.499 0.009 6.07 633.0
2456100.86167 16.495 0.009 6.26 691.0
2456100.89971 16.506 0.009 5.84 751.0
2456101.53779 16.492 0.007 5.31 592.0
2456101.57558 16.489 0.008 5.57 607.0
2456101.61363 16.520 0.007 4.89 549.0
2456101.65318 16.505 0.007 4.38 459.0
2456101.70545 16.498 0.007 5.04 474.0
2456101.75327 16.482 0.006 4.36 489.0
2456101.79253 16.508 0.007 4.30 584.0
2456101.83590 16.503 0.008 5.46 677.0
2456102.53991 16.501 0.008 5.32 797.0
2456102.58783 16.512 0.008 5.46 566.0
2456102.63550 16.511 0.007 5.38 471.0
2456102.67451 16.495 0.008 5.30 513.0
2456102.71505 16.489 0.007 4.33 569.0
2456102.75298 16.510 0.007 4.32 531.0
2456102.79309 16.516 0.007 4.33 534.0
2456102.83357 16.509 0.008 5.92 573.0
2456102.87261 16.497 0.008 4.88 753.0
2456103.51542 16.496 0.009 5.78 714.0
2456103.55474 16.509 0.008 4.86 596.0
2456103.59443 16.497 0.007 4.61 525.0
2456103.64528 16.500 0.006 3.87 566.0
2456103.69430 16.515 0.007 4.88 503.0
2456103.73516 16.504 0.007 4.87 485.0
2456103.80062 16.476 0.007 5.07 471.0
2456103.84883 16.491 0.007 5.79 555.0
2456104.51680 16.522 0.008 4.96 660.0
2456104.55469 16.502 0.007 4.12 569.0
2456104.59228 16.512 0.007 4.25 525.0
2456104.62831 16.505 0.006 4.29 467.0
2456104.67779 16.491 0.006 3.69 418.0
2456104.71984 16.503 0.006 3.84 421.0
2456104.75861 16.499 0.006 4.30 428.0
2456104.79824 16.502 0.006 4.53 422.0
2456104.84427 16.493 0.007 5.40 479.0
2456104.88376 16.498 0.007 5.97 568.0
2456105.51750 16.534 0.009 6.11 565.0
2456105.55546 16.529 0.009 6.14 561.0
2456105.60377 16.508 0.007 4.71 476.0
2456105.66721 16.499 0.007 5.20 435.0
2456105.70755 16.509 0.007 5.26 435.0
2456105.74718 16.492 0.008 6.11 415.0
2456106.56682 16.498 0.008 5.55 582.0
2456106.65101 16.477 0.008 6.13 615.0
2456108.51747 16.497 0.009 5.75 980.0
2456108.55618 16.503 0.008 4.87 977.0
2456108.60668 16.489 0.008 4.27 1364.0
2456108.64770 16.491 0.007 5.20 569.0
2456108.70257 16.501 0.007 4.29 818.0
2456108.74046 16.490 0.007 4.24 756.0
2456108.78099 16.489 0.007 4.58 777.0
2456108.82298 16.492 0.008 4.58 858.0
2456108.86034 16.484 0.007 4.98 532.0
2456109.68043 16.477 0.009 4.09 1571.0
2456109.71683 16.491 0.008 4.14 916.0
2456109.75470 16.507 0.009 4.81 1127.0
2456109.79756 16.523 0.009 5.07 1002.0
2456109.83770 16.504 0.009 5.28 889.0
2456113.53391 16.484 0.010 6.38 878.0
2456113.57620 16.515 0.008 4.89 826.0
2456113.61384 16.468 0.008 4.95 831.0
2456113.65501 16.508 0.009 5.88 841.0
2456113.69577 16.500 0.008 5.33 843.0
2456113.73469 16.511 0.009 5.33 914.0
2456113.77244 16.467 0.007 4.22 875.0
2456113.81030 16.486 0.008 4.26 991.0
2456113.84891 16.504 0.009 4.73 1148.0
2456113.85986 16.492 0.011 4.98 1997.0
2456114.58450 16.478 0.010 6.45 726.0
2456114.62053 16.484 0.008 5.80 659.0
2456114.66991 16.469 0.009 6.30 657.0
2456114.71831 16.513 0.008 5.06 634.0
2456114.75593 16.491 0.008 5.42 662.0
2456114.79497 16.493 0.008 4.97 738.0
2456114.83648 16.490 0.009 5.70 869.0
2456115.48172 16.503 0.009 6.55 616.0
2456115.52095 16.502 0.007 5.30 526.0
2456115.55824 16.490 0.007 4.95 551.0
2456115.60845 16.501 0.007 5.22 586.0
2456115.66500 16.509 0.009 6.97 527.0
2456115.70889 16.494 0.009 7.23 514.0
2456115.77406 16.516 0.009 7.10 507.0
2456116.47984 16.490 0.007 5.12 583.0
2456116.52141 16.493 0.007 4.96 473.0
2456116.56150 16.490 0.007 4.90 432.0
2456116.60964 16.494 0.006 4.36 438.0
2456116.65784 16.489 0.007 5.15 454.0
2456116.69626 16.498 0.007 4.96 467.0
2456116.74352 16.498 0.007 5.30 483.0
2456116.78228 16.494 0.007 5.36 506.0
2456116.82276 16.490 0.007 5.28 560.0
2456117.50175 16.515 0.009 5.56 666.0
2456117.53920 16.499 0.007 5.11 510.0
2456117.57654 16.498 0.007 5.01 470.0
2456117.62839 16.482 0.007 5.37 429.0
2456117.67925 16.501 0.007 4.84 511.0
2456117.71808 16.492 0.007 5.06 523.0
2456117.75723 16.496 0.008 5.14 561.0
2456117.79473 16.479 0.007 4.71 599.0
2456117.83274 16.478 0.008 4.78 659.0
2456118.49179 16.525 0.009 6.16 588.0
2456118.53005 16.500 0.007 4.95 504.0
2456118.57033 16.496 0.007 4.70 459.0
2456118.62064 16.496 0.007 5.22 447.0
2456118.67627 16.503 0.007 5.27 438.0
2456118.71825 16.483 0.007 5.06 411.0
2456118.75703 16.476 0.007 5.16 458.0
2456118.79424 16.487 0.007 5.03 505.0
2456118.83191 16.485 0.007 5.10 553.0
2456119.48005 16.492 0.009 6.83 533.0
2456119.51926 16.502 0.008 6.00 447.0
2456119.55946 16.515 0.009 6.96 397.0
2456119.60677 16.511 0.008 6.36 390.0
2456119.65879 16.491 0.007 5.82 391.0
2456119.69755 16.510 0.007 5.20 395.0
2456119.72491 16.480 0.007 5.39 419.0
2456119.76446 16.485 0.008 5.79 456.0
2456119.80275 16.484 0.008 5.85 581.0
2456120.50816 16.485 0.009 6.30 521.0
2456120.54766 16.506 0.009 6.03 434.0
2456120.60265 16.512 0.007 4.92 371.0
2456120.66371 16.493 0.007 5.99 361.0
2456120.70292 16.499 0.008 6.33 364.0
2456120.74435 16.491 0.007 5.44 391.0
2456120.79006 16.507 0.007 5.22 410.0
2456120.82981 16.496 0.009 6.80 506.0
2456121.49999 16.470 0.006 4.92 446.0
2456121.53772 16.497 0.007 4.91 410.0
2456121.57529 16.493 0.006 4.54 359.0
2456121.64259 16.488 0.007 5.08 369.0
2456121.68064 16.479 0.006 4.39 356.0
2456121.70681 16.487 0.006 5.39 374.0
2456121.74489 16.487 0.006 4.37 363.0
2456121.78443 16.487 0.005 4.13 385.0
2456123.51264 16.508 0.009 6.71 552.0
2456123.55107 16.492 0.008 5.90 472.0
2456123.59817 16.478 0.007 5.61 418.0
2456123.64910 16.489 0.007 6.48 410.0
2456123.68862 16.498 0.007 5.60 370.0
2456123.72638 16.490 0.008 6.19 377.0
2456123.76761 16.474 0.008 6.70 405.0
2456123.80659 16.478 0.008 6.25 459.0
2456124.48557 16.494 0.009 6.12 565.0
2456124.52598 16.511 0.008 5.56 484.0
2456124.58527 16.483 0.007 5.57 404.0
2456124.65645 16.474 0.008 6.16 394.0
2456124.69708 16.499 0.007 5.43 412.0
2456124.73650 16.505 0.007 5.22 449.0
2456124.77783 16.525 0.008 6.03 504.0
2456124.81828 16.501 0.008 6.38 518.0
2456125.54000 16.488 0.007 5.81 456.0
2456125.58995 16.488 0.007 6.00 415.0
2456125.65723 16.514 0.008 6.02 420.0
2456125.69986 16.486 0.007 5.75 419.0
2456125.74390 16.496 0.007 5.12 420.0
2456125.78576 16.489 0.007 5.14 443.0
2456125.82798 16.507 0.008 6.75 516.0
2456126.52874 16.491 0.008 6.07 457.0
2456126.57488 16.515 0.009 6.95 403.0
2456126.62073 16.488 0.007 5.80 396.0
2456126.69062 16.490 0.007 5.60 426.0
2456126.73551 16.489 0.007 5.18 411.0
2456127.47757 16.474 0.009 6.43 631.0
2456127.52049 16.492 0.008 5.61 476.0
2456127.56435 16.478 0.008 6.60 454.0
2456127.65740 16.497 0.007 5.03 415.0
2456127.75352 16.492 0.008 6.18 386.0
2456128.54072 16.494 0.006 4.11 452.0
2456128.58014 16.511 0.006 4.70 410.0
2456128.62905 16.485 0.006 4.12 408.0
2456128.67957 16.479 0.007 5.59 452.0
2456129.65883 16.485 0.006 4.29 376.0
2456130.71473 16.498 0.008 5.57 473.0
2456131.50428 16.502 0.008 6.45 428.0
2456131.55133 16.478 0.008 5.91 406.0
2456131.61689 16.471 0.006 5.33 373.0
2456131.73133 16.490 0.006 4.86 425.0
2456131.78163 16.471 0.006 4.84 511.0
2456132.55356 16.485 0.008 5.71 449.0
2456132.63944 16.500 0.008 5.95 407.0
2456132.68714 16.513 0.008 6.27 406.0
2456132.76164 16.473 0.007 5.19 492.0
2456133.53749 16.469 0.009 7.02 477.0
2456133.58326 16.488 0.008 6.29 423.0
2456133.63949 16.497 0.008 6.17 468.0
2456133.69125 16.507 0.008 6.10 426.0
2456133.74048 16.472 0.008 5.69 463.0
2456134.50591 16.527 0.011 7.98 553.0
2456134.55068 16.516 0.009 6.43 548.0
2456134.59195 16.520 0.010 7.70 496.0
2456134.66023 16.491 0.009 6.94 447.0
2456134.71212 16.482 0.010 8.02 429.0
2456135.49018 16.477 0.009 6.25 610.0
2456135.53316 16.513 0.009 6.03 549.0
2456135.59245 16.483 0.008 6.40 507.0
2456135.65964 16.487 0.009 6.79 477.0
2456135.70866 16.480 0.007 5.38 475.0
2456135.75607 16.467 0.007 5.05 483.0
2456135.79692 16.482 0.008 5.99 537.0
2456136.50273 16.511 0.011 7.70 627.0
2456136.70520 16.479 0.008 5.81 542.0
2456140.49330 16.504 0.012 7.16 1060.0
2456140.53273 16.472 0.012 5.37 1856.0
2456140.58328 16.495 0.010 6.38 893.0
2456140.63402 16.482 0.009 5.41 887.0
2456140.67320 16.479 0.010 5.91 1201.0
2456140.71636 16.503 0.020 7.30 3194.0
2456140.75613 16.480 0.013 7.42 1173.0
2456141.48093 16.514 0.011 6.72 917.0
2456141.52013 16.488 0.008 4.78 845.0
2456141.55816 16.492 0.008 5.07 829.0
2456141.60862 16.490 0.010 6.45 747.0
2456141.65577 16.471 0.008 5.50 750.0
2456141.69485 16.484 0.009 5.41 824.0
2456141.73486 16.487 0.009 5.47 902.0
2456141.77315 16.467 0.010 5.66 1064.0
2456142.53326 16.481 0.010 6.58 701.0
2456142.57574 16.477 0.010 7.11 699.0
2456142.68240 16.487 0.012 8.09 710.0
2456143.71058 16.484 0.011 7.98 594.0
2456147.50308 16.450 0.008 6.49 432.0
2456147.56355 16.480 0.008 6.04 389.0
2456147.60576 16.499 0.009 7.31 388.0
2456147.64705 16.475 0.009 7.72 394.0
2456147.70089 16.490 0.010 8.79 441.0
2456148.49507 16.484 0.007 4.86 406.0
2456148.53328 16.491 0.006 4.88 386.0
2456148.59327 16.483 0.006 4.83 372.0
2456148.63709 16.485 0.007 4.84 388.0
2456148.67899 16.471 0.006 4.66 406.0
2456149.55829 16.458 0.007 5.66 428.0
2456149.60360 16.478 0.008 6.14 433.0
2456150.48135 16.488 0.009 7.00 484.0
2456150.53431 16.452 0.008 6.03 445.0
2456150.58657 16.487 0.009 6.53 439.0
2456150.63684 16.487 0.008 5.96 415.0
2456150.67675 16.481 0.008 6.04 426.0
2456151.53816 16.475 0.009 7.60 475.0
2456151.57927 16.473 0.008 7.20 437.0
2456151.61968 16.492 0.008 6.61 452.0
2456151.65918 16.492 0.008 6.37 415.0
2456151.70058 16.448 0.008 6.46 486.0
2456151.73867 16.489 0.008 5.78 485.0
2456152.50987 16.467 0.008 6.22 396.0
2456152.54823 16.488 0.008 6.27 383.0
2456152.60234 16.477 0.007 6.20 367.0
2456152.65284 16.490 0.006 5.47 380.0
2456153.69167 16.482 0.008 6.31 467.0
2456154.49845 16.491 0.007 5.29 475.0
2456154.53845 16.474 0.007 5.85 455.0
2456154.60772 16.479 0.008 5.71 474.0
2456154.69116 16.475 0.008 6.32 430.0
2456157.64600 16.467 0.008 6.09 460.0
2456157.68935 16.476 0.009 6.72 467.0
2456158.48623 16.471 0.007 4.96 485.0
2456158.53666 16.460 0.007 5.17 474.0
2456158.58713 16.483 0.008 6.45 488.0
2456158.62896 16.465 0.007 6.24 497.0
2456158.66840 16.477 0.008 5.88 536.0
2456158.70786 16.481 0.007 5.54 573.0
2456159.49371 16.469 0.008 5.83 554.0
2456159.54839 16.457 0.008 5.99 459.0
2456159.58961 16.452 0.008 5.74 463.0
2456159.66067 16.464 0.009 6.84 496.0
2456159.71149 16.461 0.009 6.25 523.0
2456160.51747 16.455 0.006 4.41 427.0
2456160.58927 16.456 0.007 5.00 406.0
2456160.63081 16.471 0.007 5.11 437.0
2456160.67092 16.474 0.006 4.99 447.0
2456160.72379 16.482 0.007 4.74 506.0
2456161.51332 16.478 0.009 6.80 426.0
2456161.55476 16.467 0.008 6.59 421.0
2456161.60544 16.476 0.008 5.67 425.0
2456161.67794 16.502 0.008 6.37 435.0
2456164.49075 16.487 0.008 5.09 629.0
2456164.55373 16.471 0.009 5.38 1334.0
2456164.59245 16.440 0.010 6.37 1083.0
2456164.64954 16.438 0.009 6.93 738.0
2456164.70300 16.511 0.016 8.67 1285.0
2456166.53403 16.471 0.010 5.19 1086.0
2456166.61093 16.455 0.007 4.28 1023.0
2456166.68598 16.430 0.009 5.55 1215.0
2456167.52559 16.469 0.008 5.08 843.0
2456167.57518 16.444 0.009 4.76 1180.0
2456167.61892 16.441 0.011 4.33 2293.0
2456167.66737 16.437 0.011 4.04 2619.0
2456168.52259 16.445 0.006 3.55 730.0
2456168.57833 16.456 0.006 3.90 713.0
2456168.64871 16.455 0.007 4.29 727.0
2456168.68838 16.455 0.006 3.64 812.0
2456169.52929 16.446 0.008 5.95 676.0
2456169.57969 16.469 0.007 4.23 672.0
2456169.62014 16.446 0.007 4.46 748.0
2456169.66000 16.463 0.007 3.82 816.0
2456169.69776 16.461 0.009 5.51 980.0
2456171.53350 16.453 0.007 4.40 795.0
2456171.58254 16.451 0.007 4.84 698.0
2456171.62420 16.437 0.008 5.33 700.0
2456171.67127 16.465 0.008 5.31 748.0
2456172.49244 16.456 0.006 3.39 472.0
2456172.54376 16.461 0.007 4.74 561.0
2456172.59279 16.476 0.006 3.80 565.0
2456172.63270 16.460 0.006 3.85 572.0
2456172.67471 16.441 0.007 4.93 692.0
2456174.59847 16.462 0.009 6.49 655.0
2456174.63234 16.438 0.009 6.79 659.0
2456175.49558 16.451 0.007 4.75 487.0
2456175.54393 16.457 0.008 5.92 511.0
2456175.58221 16.453 0.007 5.15 557.0
2456175.62055 16.430 0.007 5.29 631.0
2456175.66705 16.454 0.008 5.50 647.0
2456179.49837 16.498 0.009 6.89 521.0
2456179.55728 16.443 0.009 6.76 508.0
2456179.59902 16.461 0.010 7.73 538.0
2456179.63986 16.466 0.009 6.60 504.0
2456179.67434 16.487 0.010 7.95 525.0
2456180.51995 16.447 0.008 6.22 501.0
2456180.57373 16.477 0.008 5.57 541.0
2456180.61462 16.463 0.008 6.26 565.0
2456180.65143 16.449 0.009 6.27 618.0
2456181.47991 16.474 0.009 5.92 750.0
2456181.53443 16.445 0.007 4.45 564.0
2456181.57287 16.433 0.007 4.51 558.0
2456181.61527 16.454 0.007 4.21 576.0
2456182.48101 16.451 0.009 6.20 661.0
2456182.53584 16.455 0.007 5.69 462.0
2456182.58416 16.442 0.007 4.97 455.0
2456182.62876 16.472 0.008 5.51 501.0
2456182.66356 16.449 0.007 5.62 540.0
2456183.51771 16.465 0.007 6.37 335.0
2456183.56855 16.462 0.006 4.12 455.0
2456183.61890 16.457 0.007 4.95 426.0
2456184.49837 16.469 0.008 5.61 481.0
2456184.57258 16.440 0.006 3.83 404.0
2456184.61986 16.463 0.007 5.29 415.0
2456185.48270 16.455 0.007 4.44 505.0
2456185.54028 16.444 0.006 4.78 428.0
2456185.58075 16.451 0.006 4.24 438.0
2456185.62701 16.457 0.007 4.68 456.0
2456186.50521 16.454 0.008 6.00 463.0
2456186.56224 16.478 0.008 6.12 434.0
2456186.60793 16.450 0.007 4.75 460.0
2456190.50223 16.465 0.008 6.39 496.0
2456190.55913 16.468 0.007 5.36 510.0
2456190.59962 16.435 0.006 4.60 521.0
2456191.49916 16.457 0.009 6.82 488.0
2456191.55494 16.467 0.008 5.93 470.0
2456191.59764 16.453 0.008 5.62 473.0
2456191.64089 16.447 0.006 4.42 502.0
2456195.51624 16.448 0.007 5.25 609.0
2456195.55689 16.472 0.008 5.55 680.0
2456195.59555 16.469 0.008 5.08 713.0
2456195.63341 16.443 0.008 4.81 807.0
2456196.51533 16.453 0.008 5.25 704.0
2456196.55390 16.425 0.008 5.31 706.0
2456196.59325 16.436 0.008 4.65 773.0
2456196.63047 16.462 0.008 4.94 837.0
2456197.51701 16.447 0.009 6.18 719.0
2456197.55566 16.464 0.008 5.48 712.0
2456197.59642 16.487 0.010 6.00 815.0
2456198.56203 16.458 0.009 5.94 694.0
2456199.52608 16.464 0.011 8.39 638.0
2456200.59545 16.463 0.011 7.61 784.0
2456200.61860 16.464 0.010 6.56 834.0
2456201.54294 16.445 0.009 6.64 632.0
2456202.57519 16.482 0.011 6.79 907.0
2456203.51478 16.466 0.010 7.27 572.0
2456203.56556 16.457 0.009 6.60 683.0
2456203.60617 16.478 0.012 8.10 811.0
2456204.51904 16.465 0.008 5.60 569.0
2456204.55767 16.443 0.007 4.89 589.0
2456204.59549 16.450 0.008 5.34 716.0
2456205.49897 16.464 0.008 6.37 514.0
2456205.54191 16.465 0.007 5.01 477.0
2456205.57994 16.457 0.007 5.20 474.0
2456208.51158 16.454 0.009 6.46 565.0
2456209.57537 16.473 0.010 6.87 577.0
2456210.51291 16.455 0.008 6.84 519.0
2456210.55106 16.471 0.008 7.00 537.0
2456210.59020 16.443 0.008 6.30 576.0
2456211.51442 16.458 0.007 5.53 513.0
2456211.55670 16.459 0.007 4.73 498.0
2456211.59512 16.458 0.007 5.29 550.0
2456212.51382 16.434 0.007 5.15 593.0
2456212.55268 16.481 0.007 4.55 596.0
2456212.58650 16.463 0.007 4.46 655.0
2456213.50264 16.470 0.009 6.23 570.0
2456213.52082 16.467 0.008 5.84 530.0
2456213.55861 16.434 0.009 6.63 574.0
2456214.50438 16.461 0.008 5.61 510.0
2456214.51268 16.451 0.008 5.54 517.0
2456214.55401 16.468 0.008 6.34 520.0
2456214.57898 16.447 0.008 6.02 547.0
2456215.52945 16.493 0.011 7.84 620.0
2456216.49231 16.453 0.009 6.64 705.0
2456216.52465 16.466 0.008 6.08 541.0
2456216.56351 16.477 0.008 5.34 576.0
2456217.49222 16.458 0.007 4.91 589.0
2456217.51922 16.455 0.007 4.56 503.0
2456217.55731 16.461 0.007 4.58 512.0
2456218.48918 16.458 0.010 5.95 1133.0
2456218.49418 16.449 0.008 4.94 687.0
2456218.53258 16.457 0.010 6.74 650.0
2456218.57077 16.471 0.008 5.52 688.0
2456219.49406 16.477 0.010 5.76 1060.0
2456219.52699 16.448 0.007 5.11 533.0
2456219.56566 16.463 0.009 5.28 816.0
2456221.50304 16.463 0.014 6.66 2092.0
2456221.52275 16.490 0.013 5.32 2087.0
2456221.54994 16.489 0.014 6.10 2014.0
2456223.50704 16.440 0.011 7.50 754.0
2456223.58063 16.465 0.009 5.66 912.0
2456225.55066 16.527 0.012 7.37 863.0
2456226.53152 16.483 0.011 7.24 816.0
2456227.51351 16.482 0.009 5.94 712.0
2456231.51695 16.464 0.010 5.74 927.0
2456232.52417 16.486 0.009 5.73 750.0
2456233.51423 16.494 0.010 6.14 689.0
2456233.53458 16.487 0.009 5.66 684.0
2456234.52084 16.502 0.009 5.71 666.0
2456238.50076 16.511 0.016 5.38 2597.0
2456238.53246 16.468 0.009 4.73 787.0
2456239.50311 16.450 0.014 6.30 2016.0
2456239.52597 16.459 0.009 6.12 670.0
2456241.50560 16.511 0.020 7.83 2360.0
2456242.50620 16.459 0.013 5.56 2395.0
