2455261.81526 18.370 0.032 4.69 523.0
2455265.86974 18.357 0.029 4.16 542.0
2455267.84333 18.357 0.031 5.40 397.0
2455268.84576 18.374 0.028 4.75 374.0
2455269.80945 18.384 0.027 4.74 374.0
2455270.81513 18.378 0.028 4.44 359.0
2455271.81065 18.363 0.027 4.22 425.0
2455272.81579 18.365 0.033 5.77 363.0
2455273.80079 18.405 0.029 5.09 366.0
2455275.80561 18.374 0.036 5.50 477.0
2455276.78378 18.384 0.028 4.15 375.0
2455276.91127 18.320 0.030 4.00 606.0
2455277.83979 18.376 0.030 5.27 395.0
2455278.81589 18.359 0.034 6.14 380.0
2455279.81715 18.399 0.033 5.60 366.0
2455280.82377 18.409 0.028 4.43 395.0
2455281.80370 18.348 0.025 4.22 367.0
2455282.82642 18.353 0.026 3.79 457.0
2455283.78648 18.366 0.032 4.45 577.0
2455283.87781 18.387 0.028 4.02 428.0
2455284.79213 18.386 0.034 4.41 673.0
2455285.78294 18.415 0.038 4.73 789.0
2455285.91309 18.367 0.032 4.12 700.0
2455287.85174 18.425 0.029 3.58 609.0
2455288.77712 18.393 0.034 3.85 723.0
2455294.80029 18.377 0.022 3.65 306.0
2455296.84275 18.366 0.022 3.59 310.0
2455306.78871 18.333 0.023 3.80 329.0
2455307.81389 18.339 0.024 3.95 393.0
2455308.80403 18.375 0.026 4.13 333.0
2455310.86710 18.327 0.020 3.36 353.0
2455312.71725 18.397 0.037 5.59 545.0
2455312.92545 18.409 0.032 5.14 484.0
2455314.68529 18.383 0.044 5.19 967.0
2455314.89995 18.336 0.031 4.07 762.0
2455315.82613 18.411 0.043 5.44 825.0
2455316.78407 18.348 0.046 6.08 791.0
2455320.82219 18.410 0.051 4.38 1814.0
2455321.76761 18.371 0.030 4.56 493.0
2455322.93501 18.292 0.033 4.27 1064.0
2455323.87939 18.392 0.029 4.07 560.0
2455324.81000 18.412 0.032 5.10 416.0
2455325.72538 18.358 0.024 4.08 340.0
2455325.92962 18.334 0.035 6.15 577.0
2455326.85183 18.316 0.026 4.55 395.0
2455327.79991 18.338 0.027 4.17 353.0
2455328.72959 18.386 0.027 4.27 361.0
2455328.92191 18.407 0.028 4.30 526.0
2455334.85153 18.423 0.030 5.28 371.0
2455335.81656 18.353 0.026 4.48 379.0
2455336.91269 18.328 0.036 5.67 523.0
2455339.67200 18.330 0.036 5.60 564.0
2455340.63085 18.398 0.064 7.85 911.0
2455340.88929 18.416 0.040 5.75 682.0
2455341.82018 18.402 0.032 4.29 612.0
2455342.84374 18.385 0.036 4.76 677.0
2455343.66794 18.325 0.037 4.77 865.0
2455343.86130 18.317 0.040 5.43 884.0
2455343.87401 18.365 0.038 4.63 913.0
2455348.80859 18.343 0.031 4.99 491.0
2455350.69690 18.364 0.039 6.74 417.0
2455351.83595 18.403 0.034 5.19 530.0
2455352.84853 18.411 0.032 4.52 548.0
2455353.78540 18.375 0.025 3.60 381.0
2455355.70376 18.357 0.026 4.00 412.0
2455359.69350 18.456 0.032 4.78 407.0
2455361.64036 18.385 0.041 6.92 392.0
2455362.89583 18.385 0.046 6.93 583.0
2455365.55952 18.371 0.036 5.57 575.0
2455365.88443 18.369 0.038 6.08 496.0
2455369.84161 18.360 0.049 7.32 614.0
2455376.81561 18.385 0.043 5.90 716.0
2455377.74818 18.390 0.031 4.92 468.0
2455378.62547 18.345 0.025 4.04 344.0
2455379.78354 18.406 0.031 5.06 442.0
2455380.64405 18.349 0.025 4.98 270.0
2455381.52721 18.372 0.047 7.02 551.0
2455381.74100 18.441 0.046 7.33 436.0
2455382.61603 18.419 0.045 7.59 405.0
2455382.82411 18.321 0.042 7.33 497.0
2455386.53396 18.357 0.028 4.44 642.0
2455386.61627 18.356 0.025 4.62 443.0
2455389.69093 18.334 0.024 4.50 253.0
2455390.65350 18.319 0.037 7.40 329.0
2455391.51987 18.389 0.033 5.86 371.0
2455391.84822 18.319 0.035 6.06 550.0
2455392.78826 18.333 0.025 4.76 308.0
2455393.76451 18.422 0.040 7.01 329.0
2455396.67822 18.333 0.026 4.86 332.0
2455396.71280 18.382 0.028 5.14 340.0
2455397.76232 18.335 0.044 7.38 449.0
2455403.49662 18.377 0.030 3.78 800.0
2455403.68919 18.382 0.036 4.75 804.0
2455404.56004 18.336 0.030 4.28 558.0
2455404.75900 18.383 0.035 4.51 635.0
2455405.77264 18.376 0.034 5.25 522.0
2455407.62904 18.397 0.041 6.94 359.0
2455408.54741 18.347 0.038 7.12 363.0
2455408.74945 18.380 0.042 7.05 472.0
2455409.75157 18.373 0.032 5.65 413.0
2455410.75595 18.404 0.033 5.52 423.0
2455411.76889 18.307 0.037 6.78 511.0
2455412.68870 18.398 0.037 6.71 360.0
2455413.76073 18.403 0.034 6.61 308.0
2455416.60561 18.330 0.034 6.74 302.0
2455418.66936 18.373 0.026 5.35 267.0
2455421.68512 18.380 0.033 6.90 268.0
2455423.50281 18.352 0.024 4.26 302.0
2455426.51978 18.350 0.043 4.77 1126.0
2455430.59001 18.383 0.037 5.33 597.0
2455431.58502 18.375 0.032 4.88 535.0
2455432.53093 18.418 0.056 6.65 811.0
2455434.55599 18.336 0.031 5.01 423.0
2455435.52333 18.343 0.029 4.69 415.0
2455436.54796 18.382 0.034 5.74 351.0
2455438.58063 18.462 0.035 5.80 349.0
2455439.62226 18.376 0.038 6.74 356.0
2455443.63639 18.351 0.027 5.02 354.0
2455444.66210 18.390 0.035 6.26 388.0
2455446.55104 18.420 0.033 5.67 364.0
2455447.56131 18.341 0.027 5.15 325.0
2455449.49426 18.403 0.036 5.92 373.0
2455450.57264 18.377 0.032 5.69 355.0
2455453.53385 18.306 0.039 6.73 495.0
2455457.60571 18.397 0.033 5.00 606.0
2455459.49539 18.387 0.034 4.94 504.0
2455460.51594 18.364 0.034 5.29 470.0
2455461.54280 18.314 0.076 5.31 3211.0
2455462.59726 18.417 0.033 4.39 583.0
2455465.54076 18.389 0.040 6.60 410.0
2455469.54074 18.417 0.029 4.76 388.0
2455471.57634 18.426 0.031 5.08 374.0
2455473.50429 18.340 0.036 5.90 412.0
2455478.49669 18.345 0.033 5.84 408.0
2455480.54860 18.346 0.037 5.85 482.0
2455485.54075 18.394 0.041 5.33 631.0
2455487.53386 18.412 0.038 5.45 582.0
2455489.53439 18.376 0.040 5.63 642.0
2455493.52100 18.371 0.056 7.20 727.0
2455497.53180 18.306 0.035 5.93 602.0
2455598.87987 18.374 0.042 6.25 644.0
2455599.88737 18.469 0.062 5.25 1600.0
2455600.87595 18.373 0.031 5.14 478.0
2455616.90213 18.310 0.054 5.56 1758.0
2455622.90140 18.340 0.034 4.26 897.0
2455625.83511 18.357 0.030 5.76 362.0
2455627.82843 18.391 0.029 5.49 339.0
2455628.91116 18.485 0.060 4.83 1829.0
2455629.83887 18.374 0.029 5.83 314.0
2455631.86721 18.394 0.030 5.63 366.0
2455633.82227 18.313 0.026 4.70 386.0
2455634.81605 18.326 0.031 6.07 342.0
2455637.85287 18.346 0.032 6.50 402.0
2455639.81099 18.333 0.035 5.73 573.0
2455640.80311 18.319 0.036 5.34 635.0
2455640.89007 18.366 0.032 5.42 510.0
2455641.79849 18.349 0.033 5.49 578.0
2455642.76424 18.417 0.039 5.63 706.0
2455642.86018 18.322 0.029 5.12 521.0
2455642.88007 18.446 0.034 4.97 515.0
2455643.78564 18.356 0.032 4.96 635.0
2455643.88391 18.407 0.028 4.39 514.0
2455644.79314 18.337 0.047 5.46 1254.0
2455644.90894 18.370 0.034 5.41 605.0
2455648.77605 18.338 0.031 6.16 369.0
2455648.88397 18.348 0.025 4.90 333.0
2455649.78142 18.351 0.026 5.80 293.0
2455649.88789 18.330 0.022 4.76 292.0
2455650.77354 18.383 0.023 4.69 277.0
2455650.88019 18.380 0.025 5.58 297.0
2455651.79580 18.342 0.025 5.05 312.0
2455651.91432 18.344 0.023 3.82 392.0
2455652.83850 18.356 0.020 3.79 274.0
2455653.89434 18.312 0.022 4.38 297.0
2455654.81707 18.351 0.025 4.96 299.0
2455654.90004 18.383 0.026 5.24 294.0
2455655.80780 18.387 0.027 4.63 348.0
2455655.89305 18.336 0.023 4.91 302.0
2455656.84392 18.362 0.022 3.78 333.0
2455657.80532 18.362 0.023 4.09 334.0
2455657.89225 18.361 0.020 3.64 290.0
2455658.80142 18.273 0.026 5.69 301.0
2455658.89873 18.379 0.028 5.63 280.0
2455659.75286 18.372 0.027 5.36 314.0
2455659.83106 18.362 0.028 5.69 308.0
2455659.92159 18.374 0.028 4.59 439.0
2455660.80516 18.338 0.025 5.23 294.0
2455660.92008 18.334 0.039 6.71 459.0
2455662.79633 18.347 0.025 4.38 373.0
2455662.89812 18.336 0.026 4.74 375.0
2455664.76068 18.299 0.037 7.30 431.0
2455664.86255 18.352 0.029 5.40 366.0
2455665.74336 18.390 0.045 7.58 397.0
2455665.85350 18.346 0.025 5.18 300.0
2455667.74846 18.380 0.032 5.48 473.0
2455668.72329 18.343 0.033 5.12 610.0
2455669.74238 18.345 0.034 5.53 699.0
2455670.72448 18.369 0.037 5.47 751.0
2455670.91043 18.392 0.034 4.92 676.0
2455675.78659 18.344 0.030 5.06 487.0
2455676.71329 18.328 0.020 4.38 243.0
2455676.90266 18.383 0.023 4.44 348.0
2455677.84104 18.324 0.024 4.59 330.0
2455679.75416 18.306 0.023 4.15 365.0
2455680.65964 18.363 0.038 6.93 408.0
2455680.83977 18.393 0.025 4.51 336.0
2455681.72769 18.304 0.024 4.69 360.0
2455681.91429 18.408 0.028 4.72 406.0
2455682.81754 18.356 0.024 4.38 395.0
2455683.79219 18.356 0.025 4.34 376.0
2455684.69508 18.391 0.026 5.07 359.0
2455684.90648 18.378 0.026 4.54 364.0
2455685.87581 18.308 0.021 4.04 333.0
2455686.78746 18.361 0.022 3.79 372.0
2455687.67224 18.347 0.035 6.74 513.0
2455688.83172 18.300 0.027 5.53 341.0
2455689.78986 18.399 0.022 4.16 297.0
2455690.78236 18.395 0.030 5.57 338.0
2455691.71061 18.358 0.029 5.76 337.0
2455691.91107 18.307 0.030 6.44 396.0
2455692.79450 18.381 0.025 4.32 443.0
2455693.62517 18.257 0.034 6.20 595.0
2455693.81866 18.339 0.025 4.24 442.0
2455694.63788 18.431 0.034 4.96 581.0
2455694.82763 18.382 0.027 4.74 420.0
2455695.64802 18.378 0.036 6.20 471.0
2455695.86702 18.359 0.023 4.56 338.0
2455696.68416 18.282 0.029 4.89 540.0
2455696.85554 18.388 0.032 4.61 557.0
2455697.69944 18.317 0.029 4.50 582.0
2455697.85753 18.412 0.029 4.33 623.0
2455698.69755 18.270 0.038 5.01 918.0
2455698.85635 18.377 0.033 4.29 894.0
2455703.81906 18.352 0.043 7.61 599.0
2455705.83440 18.339 0.029 5.45 375.0
2455706.77200 18.381 0.039 7.30 346.0
2455706.77528 18.402 0.039 7.56 406.0
2455707.66423 18.389 0.029 5.65 334.0
2455707.83090 18.372 0.029 5.02 473.0
2455708.64440 18.314 0.026 5.13 463.0
2455708.83411 18.322 0.030 5.77 422.0
2455709.79465 18.326 0.023 5.01 369.0
2455712.73700 18.313 0.023 4.32 390.0
2455713.74455 18.447 0.026 4.79 357.0
2455714.63035 18.343 0.029 6.17 369.0
2455714.64381 18.372 0.028 5.80 281.0
2455715.68695 18.368 0.024 4.84 305.0
2455715.86299 18.328 0.031 7.15 350.0
2455716.75898 18.347 0.025 5.24 279.0
2455721.56266 18.400 0.033 4.87 555.0
2455721.57661 18.393 0.032 4.75 613.0
2455721.83310 18.394 0.033 6.10 416.0
2455722.66008 18.356 0.026 4.80 416.0
2455722.67366 18.379 0.027 4.65 420.0
2455723.56192 18.387 0.032 4.90 531.0
2455723.73901 18.357 0.026 4.81 350.0
2455724.55996 18.300 0.042 6.03 965.0
2455724.78771 18.373 0.033 5.64 434.0
2455725.71361 18.300 0.022 3.56 534.0
2455726.61473 18.329 0.037 5.24 750.0
2455726.78717 18.342 0.038 5.37 760.0
2455734.76917 18.399 0.038 6.71 430.0
2455735.69642 18.359 0.030 6.02 324.0
2455736.63662 18.358 0.021 4.15 294.0
2455736.85139 18.348 0.027 4.94 413.0
2455737.64513 18.386 0.021 4.02 281.0
2455737.82687 18.393 0.025 4.91 336.0
2455738.67189 18.330 0.021 3.91 303.0
2455739.55663 18.438 0.030 4.87 394.0
2455739.74210 18.348 0.024 4.69 290.0
2455740.53367 18.369 0.032 5.45 431.0
2455740.74055 18.353 0.025 4.85 321.0
2455741.51122 18.427 0.036 5.71 503.0
2455741.68318 18.376 0.023 4.06 269.0
2455741.84987 18.369 0.029 5.44 372.0
2455742.60572 18.344 0.027 5.19 313.0
2455742.78328 18.393 0.023 4.09 307.0
2455743.65542 18.308 0.029 5.38 341.0
2455743.83210 18.303 0.031 5.45 436.0
2455744.59040 18.329 0.031 5.35 412.0
2455744.80887 18.400 0.030 5.70 345.0
2455745.58893 18.322 0.031 6.19 349.0
2455745.76559 18.299 0.029 6.33 316.0
2455746.61111 18.328 0.029 5.85 321.0
2455746.79792 18.370 0.041 7.79 350.0
2455747.69288 18.380 0.039 7.79 326.0
2455748.67201 18.372 0.026 4.82 364.0
2455749.63151 18.335 0.027 5.22 337.0
2455749.79813 18.388 0.039 7.78 330.0
2455752.71142 18.354 0.035 6.86 391.0
2455753.59107 18.235 0.055 6.05 2224.0
2455759.83389 18.322 0.041 5.83 816.0
2455760.58798 18.366 0.034 5.82 478.0
2455760.77712 18.326 0.029 4.94 541.0
2455761.61730 18.312 0.025 3.56 882.0
2455762.63309 18.353 0.036 6.86 355.0
2455763.50661 18.379 0.028 5.00 419.0
2455763.68953 18.339 0.029 5.62 391.0
2455764.51293 18.381 0.028 5.19 377.0
2455764.69061 18.349 0.024 4.92 301.0
2455765.55484 18.335 0.027 4.56 482.0
2455765.75400 18.409 0.039 7.32 393.0
2455766.62751 18.381 0.025 4.83 292.0
2455767.50147 18.336 0.032 5.61 417.0
2455767.71425 18.367 0.029 5.62 352.0
2455768.55362 18.360 0.027 5.08 388.0
2455768.74163 18.408 0.029 5.79 357.0
2455769.58214 18.342 0.031 6.31 293.0
2455769.78713 18.409 0.035 7.73 363.0
2455775.68373 18.381 0.029 5.73 287.0
2455776.73969 18.294 0.037 7.89 344.0
2455777.67268 18.330 0.024 5.35 314.0
2455778.57773 18.309 0.033 5.72 459.0
2455779.71377 18.371 0.029 5.89 355.0
2455785.54132 18.368 0.047 6.61 658.0
2455785.72571 18.406 0.052 7.90 747.0
2455786.67367 18.369 0.040 6.22 580.0
2455787.52177 18.349 0.033 5.26 565.0
2455787.70668 18.419 0.037 5.47 637.0
2455788.62336 18.353 0.033 5.54 465.0
2455790.51114 18.402 0.043 7.79 341.0
2455790.68380 18.411 0.034 5.68 503.0
2455793.51799 18.361 0.027 5.20 344.0
2455793.69084 18.401 0.030 5.57 377.0
2455794.60511 18.396 0.030 5.93 312.0
2455795.61300 18.358 0.041 7.51 339.0
2455796.58675 18.428 0.035 6.65 364.0
2455801.48313 18.385 0.032 5.94 363.0
2455801.66624 18.378 0.032 6.19 336.0
2455803.59275 18.470 0.043 7.19 394.0
2455804.64852 18.496 0.040 6.86 380.0
2455805.61341 18.364 0.028 5.45 352.0
2455807.56801 18.325 0.030 5.82 334.0
2455812.55338 18.382 0.049 6.54 680.0
2455813.53786 18.362 0.032 4.75 599.0
2455815.50797 18.300 0.026 4.71 480.0
2455815.66784 18.362 0.031 4.50 691.0
2455816.64364 18.274 0.045 7.14 602.0
2455817.64507 18.365 0.041 6.68 559.0
2455818.62567 18.318 0.047 7.28 642.0
2455819.63269 18.373 0.034 5.34 588.0
2455820.60938 18.410 0.035 4.94 520.0
2455822.55925 18.380 0.034 6.56 323.0
2455823.48645 18.471 0.050 7.40 444.0
2455823.57735 18.337 0.033 5.78 398.0
2455824.50275 18.316 0.030 5.64 370.0
2455824.59661 18.387 0.030 5.33 355.0
2455825.51613 18.439 0.038 5.53 436.0
2455825.62095 18.319 0.033 6.93 402.0
2455826.54589 18.352 0.032 5.18 401.0
2455827.48555 18.433 0.053 7.26 551.0
2455827.56443 18.446 0.041 6.01 497.0
2455828.48526 18.362 0.032 5.10 494.0
2455828.57448 18.422 0.035 5.89 376.0
2455829.50042 18.407 0.035 5.90 403.0
2455829.58537 18.383 0.029 6.38 431.0
2455830.52244 18.382 0.026 4.92 374.0
2455830.59855 18.319 0.033 7.39 407.0
2455831.57015 18.351 0.028 6.12 373.0
2455832.51599 18.384 0.029 5.17 419.0
2455832.59520 18.368 0.038 7.45 451.0
2455833.55352 18.325 0.026 5.01 358.0
2455834.51314 18.362 0.025 4.56 364.0
2455834.59018 18.423 0.032 5.54 387.0
2455836.48784 18.401 0.046 6.19 692.0
2455836.56179 18.316 0.038 6.04 642.0
2455839.51793 18.282 0.038 6.00 624.0
2455839.59152 18.353 0.060 6.08 1680.0
2455840.55496 18.354 0.035 5.19 568.0
2455841.48955 18.351 0.043 6.03 670.0
2455841.57200 18.344 0.040 5.56 642.0
2455842.53574 18.262 0.041 6.24 566.0
2455843.48805 18.399 0.043 6.13 659.0
2455843.57221 18.354 0.034 5.33 557.0
2455844.51661 18.340 0.037 5.71 563.0
2455844.59512 18.328 0.051 7.27 690.0
2455845.55650 18.451 0.049 6.21 700.0
2455846.51970 18.305 0.045 6.34 706.0
2455850.54345 18.337 0.029 5.08 457.0
2455851.50676 18.290 0.028 5.37 423.0
2455852.53613 18.389 0.047 6.43 640.0
2455854.52723 18.298 0.037 5.62 573.0
2455855.51577 18.415 0.039 5.00 591.0
2455856.51443 18.391 0.047 6.75 550.0
2455857.53239 18.431 0.058 9.31 530.0
2455859.53421 18.334 0.033 5.13 535.0
2455862.51834 18.438 0.038 6.01 445.0
2455971.87859 18.299 0.027 5.55 517.0
2455976.88412 18.309 0.027 5.90 370.0
2455977.88164 18.358 0.031 6.02 436.0
2455978.89194 18.275 0.028 5.78 410.0
2455979.89649 18.441 0.064 6.78 1194.0
2455982.83442 18.279 0.028 6.21 367.0
2455983.84737 18.335 0.026 5.35 380.0
2455984.84074 18.300 0.026 5.62 355.0
2455985.82635 18.380 0.035 6.59 463.0
2455986.81695 18.392 0.035 6.38 450.0
2455986.89196 18.362 0.027 5.02 377.0
2455987.85882 18.372 0.027 5.08 382.0
2455988.84873 18.322 0.028 5.46 401.0
2455989.82973 18.336 0.031 6.99 332.0
2455990.80611 18.293 0.031 7.10 348.0
2455990.87721 18.371 0.027 5.57 327.0
2455991.85229 18.321 0.026 5.44 337.0
2455992.82787 18.350 0.032 5.64 509.0
2455993.81138 18.255 0.037 6.79 541.0
2455993.90326 18.275 0.030 5.24 481.0
2455994.86863 18.300 0.032 5.23 566.0
2455995.80522 18.298 0.029 4.54 650.0
2455995.88255 18.356 0.029 4.98 475.0
2455996.82502 18.394 0.032 5.16 502.0
2455996.90940 18.278 0.027 3.72 878.0
2455997.86717 18.320 0.028 4.73 460.0
2455998.80737 18.384 0.033 5.23 518.0
2455998.89762 18.328 0.026 4.63 437.0
2455999.84081 18.315 0.028 5.06 490.0
2455999.91676 18.325 0.042 4.31 1602.0
2456004.76256 18.334 0.034 6.43 465.0
2456004.85720 18.340 0.028 5.22 395.0
2456005.77499 18.414 0.028 6.08 342.0
2456005.87381 18.333 0.022 4.17 313.0
2456006.79428 18.413 0.025 4.78 321.0
2456006.89225 18.320 0.022 4.22 299.0
2456007.79556 18.356 0.027 5.68 313.0
2456007.89073 18.351 0.022 4.04 280.0
2456008.78914 18.301 0.027 5.71 367.0
2456008.88564 18.360 0.027 5.46 323.0
2456009.79062 18.286 0.024 5.14 381.0
2456009.88594 18.314 0.023 4.44 349.0
2456010.78229 18.390 0.025 5.17 396.0
2456010.88048 18.321 0.022 4.65 327.0
2456011.76838 18.366 0.030 6.02 373.0
2456011.88631 18.263 0.031 4.91 685.0
2456012.78665 18.307 0.025 6.05 290.0
2456012.88402 18.339 0.019 3.90 254.0
2456013.78075 18.361 0.023 5.32 280.0
2456013.88296 18.361 0.025 5.04 285.0
2456014.75772 18.300 0.034 7.25 350.0
2456014.85629 18.282 0.023 5.32 267.0
2456015.73486 18.327 0.027 5.77 383.0
2456015.81300 18.339 0.020 4.25 276.0
2456015.90366 18.330 0.020 3.80 274.0
2456016.79565 18.297 0.024 4.90 316.0
2456016.89918 18.341 0.021 4.06 309.0
2456017.78202 18.366 0.022 4.42 313.0
2456017.87875 18.361 0.020 4.09 257.0
2456018.77038 18.271 0.027 5.92 301.0
2456018.84916 18.351 0.021 4.10 280.0
2456019.74901 18.323 0.033 6.47 391.0
2456019.84561 18.386 0.023 4.36 290.0
2456019.92401 18.349 0.030 3.99 725.0
2456020.78078 18.327 0.022 4.40 350.0
2456020.87575 18.354 0.020 4.04 276.0
2456021.73652 18.408 0.036 6.30 482.0
2456021.81390 18.411 0.027 5.04 362.0
2456021.91156 18.271 0.024 4.61 361.0
2456022.76225 18.349 0.026 4.56 465.0
2456022.85794 18.353 0.026 4.67 407.0
2456023.71714 18.431 0.038 5.75 640.0
2456023.79777 18.340 0.025 4.12 519.0
2456023.90163 18.377 0.026 3.94 458.0
2456024.75507 18.395 0.034 5.29 596.0
2456024.85660 18.357 0.025 3.85 510.0
2456025.72812 18.313 0.037 6.06 626.0
2456025.80860 18.369 0.047 7.07 520.0
2456026.70211 18.345 0.052 6.85 942.0
2456031.82118 18.398 0.028 5.29 398.0
2456032.75073 18.329 0.025 5.04 388.0
2456032.93126 18.308 0.043 3.93 2045.0
2456033.88276 18.329 0.026 5.02 358.0
2456034.82588 18.374 0.024 4.95 316.0
2456036.72876 18.311 0.022 4.88 339.0
2456037.71465 18.401 0.033 6.67 373.0
2456037.91057 18.385 0.029 4.50 509.0
2456038.87549 18.350 0.023 4.34 358.0
2456039.86793 18.359 0.027 5.12 385.0
2456040.84406 18.335 0.025 5.01 372.0
2456041.78795 18.305 0.026 5.71 369.0
2456045.92270 18.287 0.026 4.69 451.0
2456047.74707 18.379 0.023 4.50 325.0
2456048.68693 18.372 0.025 3.83 467.0
2456048.87242 18.386 0.024 4.66 297.0
2456049.80788 18.316 0.019 3.65 330.0
2456050.68475 18.325 0.030 5.33 456.0
2456050.87302 18.299 0.025 4.47 420.0
2456052.68215 18.323 0.035 5.44 692.0
2456052.85832 18.352 0.030 4.61 599.0
2456053.71377 18.325 0.032 4.59 855.0
2456053.90558 18.322 0.033 4.21 937.0
2456058.74550 18.357 0.033 6.23 416.0
2456058.91607 18.299 0.030 5.38 470.0
2456060.81231 18.331 0.024 4.89 381.0
2456061.70042 18.342 0.030 5.75 390.0
2456061.87811 18.365 0.029 4.99 448.0
2456062.74926 18.365 0.032 5.72 472.0
2456062.92634 18.291 0.033 5.32 631.0
2456063.91504 18.381 0.030 5.16 499.0
2456064.84526 18.278 0.022 3.89 396.0
2456065.67483 18.356 0.026 5.07 324.0
2456066.61219 18.289 0.029 5.37 469.0
2456066.79338 18.337 0.027 4.93 390.0
2456067.59689 18.294 0.028 5.79 395.0
2456067.76418 18.270 0.020 3.55 348.0
2456067.93063 18.347 0.026 4.22 484.0
2456068.80324 18.367 0.022 3.89 314.0
2456069.73339 18.318 0.022 4.59 299.0
2456069.92078 18.374 0.021 3.74 367.0
2456070.71918 18.325 0.024 4.87 323.0
2456070.89625 18.333 0.025 4.75 342.0
2456071.69444 18.370 0.026 5.55 272.0
2456071.87447 18.343 0.026 5.17 348.0
2456075.67469 18.281 0.019 3.94 283.0
2456075.85788 18.336 0.022 4.33 343.0
2456075.86186 18.346 0.022 4.64 343.0
2456076.72525 18.356 0.021 4.17 327.0
2456076.90145 18.437 0.035 7.01 418.0
2456077.84709 18.319 0.022 4.72 333.0
2456078.64918 18.413 0.028 4.50 425.0
2456078.82988 18.312 0.025 4.91 378.0
2456079.62673 18.308 0.024 4.35 385.0
2456079.81749 18.332 0.025 4.28 444.0
2456080.59717 18.264 0.033 5.81 572.0
2456080.76405 18.354 0.026 4.37 461.0
2456080.94307 18.338 0.034 5.52 610.0
2456081.71711 18.395 0.031 4.85 517.0
2456081.89302 18.271 0.039 6.39 658.0
2456082.71460 18.357 0.044 5.81 780.0
2456082.91193 18.333 0.055 6.74 1077.0
2456085.71809 18.268 0.065 4.45 4008.0
2456085.87847 18.333 0.063 6.11 1610.0
2456086.65494 18.352 0.028 4.87 428.0
2456086.84587 18.299 0.028 5.18 471.0
2456087.72787 18.255 0.032 5.61 516.0
2456088.60095 18.285 0.023 5.39 265.0
2456089.68197 18.374 0.024 4.69 328.0
2456089.92966 18.261 0.035 7.10 415.0
2456092.80716 18.270 0.021 4.82 338.0
2456093.83212 18.411 0.031 6.13 317.0
2456094.68063 18.381 0.030 5.40 391.0
2456094.85592 18.348 0.032 6.04 401.0
2456096.67654 18.369 0.027 5.55 295.0
2456096.87131 18.360 0.039 6.83 459.0
2456097.80370 18.319 0.029 5.82 335.0
2456098.59916 18.263 0.032 6.45 357.0
2456098.77633 18.329 0.027 5.32 338.0
2456099.71526 18.372 0.037 6.51 406.0
2456100.62542 18.208 0.023 4.73 357.0
2456100.81073 18.343 0.041 7.33 452.0
2456101.57708 18.222 0.026 4.82 460.0
2456101.75478 18.335 0.024 4.86 355.0
2456102.54142 18.230 0.032 5.33 613.0
2456102.71652 18.332 0.024 4.23 402.0
2456102.87562 18.274 0.033 5.86 604.0
2456103.63566 18.344 0.023 3.77 388.0
2456103.83276 18.350 0.030 6.20 359.0
2456104.61891 18.287 0.021 4.12 338.0
2456104.78876 18.312 0.022 5.15 274.0
2456105.54432 18.309 0.037 6.81 458.0
2456105.73594 18.297 0.026 5.95 273.0
2456108.54392 18.307 0.032 4.92 697.0
2456108.72928 18.294 0.026 3.88 685.0
2456108.87839 18.311 0.031 6.12 440.0
2456109.71988 18.335 0.048 4.56 1579.0
2456109.87558 18.285 0.040 6.69 793.0
2456113.68512 18.314 0.034 4.98 668.0
2456113.84106 18.329 0.037 5.28 893.0
2456114.70877 18.385 0.030 4.83 481.0
2456114.86154 18.277 0.056 7.86 816.0
2456115.64701 18.271 0.025 5.26 400.0
2456116.51491 18.288 0.023 4.83 346.0
2456116.68685 18.370 0.023 4.62 314.0
2456117.49206 18.234 0.029 5.13 508.0
2456117.66882 18.305 0.024 4.41 361.0
2456117.82639 18.276 0.030 5.47 477.0
2456118.59964 18.274 0.021 4.32 301.0
2456118.78499 18.276 0.023 4.76 331.0
2456119.56251 18.257 0.025 5.86 249.0
2456119.72797 18.294 0.023 4.87 293.0
2456120.59266 18.308 0.022 4.51 251.0
2456120.77361 18.278 0.029 6.37 292.0
2456121.56589 18.290 0.019 4.26 245.0
2456121.73528 18.288 0.018 4.25 231.0
2456123.61395 18.309 0.027 5.75 289.0
2456123.78330 18.283 0.022 5.07 276.0
2456124.60191 18.317 0.023 5.13 253.0
2456124.79254 18.307 0.028 6.05 357.0
2456125.61829 18.297 0.027 6.16 269.0
2456125.80176 18.289 0.026 5.99 321.0
2456126.64988 18.264 0.024 5.39 266.0
2456127.53620 18.268 0.027 5.74 324.0
2456128.55721 18.226 0.020 4.39 308.0
2456130.55204 18.344 0.029 5.61 324.0
2456131.63428 18.253 0.019 4.68 255.0
2456132.65723 18.299 0.027 6.24 267.0
2456133.60381 18.266 0.026 5.99 260.0
2456134.52441 18.267 0.032 6.65 384.0
2456135.49174 18.264 0.033 6.39 449.0
2456135.71023 18.300 0.026 5.25 339.0
2456140.49487 18.204 0.042 6.26 886.0
2456140.67478 18.311 0.054 5.86 1404.0
2456141.52170 18.244 0.031 5.19 680.0
2456141.69643 18.219 0.029 4.72 662.0
2456142.56492 18.271 0.037 6.33 531.0
2456147.58051 18.304 0.027 6.16 257.0
2456148.51092 18.217 0.020 4.59 270.0
2456148.69826 18.229 0.021 4.75 306.0
2456150.55127 18.218 0.024 5.88 284.0
2456151.55612 18.242 0.031 6.95 311.0
2456151.71663 18.297 0.027 5.50 331.0
2456152.60606 18.250 0.023 5.64 234.0
2456154.54174 18.210 0.025 5.76 316.0
2456157.69248 18.176 0.030 6.90 336.0
2456158.63211 18.231 0.025 5.30 355.0
2456159.55207 18.247 0.026 5.61 323.0
2456160.52077 18.197 0.022 4.79 291.0
2456160.72691 18.172 0.026 5.73 366.0
2456161.63151 18.216 0.022 4.56 266.0
2456164.60560 18.202 0.046 5.63 1497.0
2456167.60789 18.286 0.055 3.97 2855.0
2456168.61937 18.107 0.035 4.26 1638.0
2456169.60999 18.224 0.026 4.25 575.0
2456171.56338 18.191 0.027 4.99 546.0
2456172.52241 18.168 0.020 3.94 405.0
2456175.48407 18.173 0.024 5.17 396.0
2456175.65547 18.121 0.031 6.36 501.0
2456179.64301 18.153 0.031 6.86 360.0
2456180.62902 18.125 0.033 7.24 426.0
2456181.59067 18.165 0.021 3.94 422.0
2456182.59841 18.118 0.023 5.41 334.0
2456184.48723 18.096 0.023 4.89 384.0
2456185.59535 18.192 0.021 4.67 305.0
2456186.61111 18.120 0.024 5.79 338.0
2456191.50231 18.093 0.029 6.96 349.0
2456195.49540 18.121 0.023 4.96 458.0
2456195.58581 18.071 0.024 4.72 557.0
2456196.49615 18.143 0.028 4.91 563.0
2456196.58346 18.087 0.024 4.62 576.0
2456197.49800 18.159 0.030 5.78 485.0
2456197.58623 18.105 0.029 5.48 605.0
2456199.51799 18.037 0.033 7.44 483.0
2456200.61694 18.192 0.038 6.23 649.0
2456202.56650 18.033 0.030 5.74 604.0
2456203.55893 18.189 0.038 7.04 520.0
2456204.50570 18.060 0.023 5.05 408.0
2456204.58906 18.164 0.028 5.16 532.0
2456205.53527 18.187 0.021 4.73 348.0
2456205.60954 18.086 0.022 5.33 348.0
2456209.55420 18.223 0.038 7.54 407.0
2456210.50619 18.136 0.026 6.49 363.0
2456210.58342 18.094 0.026 6.47 422.0
2456211.53348 18.067 0.021 5.03 349.0
2456212.53279 18.095 0.023 4.76 434.0
2456212.59340 18.035 0.024 5.24 523.0
2456213.56174 18.092 0.028 6.06 421.0
2456214.54231 18.091 0.028 6.49 378.0
2456216.54191 18.078 0.024 5.36 398.0
2456217.49860 18.145 0.021 4.39 371.0
2456217.57464 18.120 0.023 4.85 408.0
2456218.54998 18.072 0.026 5.56 494.0
2456221.53699 18.148 0.060 6.16 1965.0
2456223.53894 18.038 0.031 6.31 586.0
2456224.51775 18.112 0.039 5.99 861.0
2456227.52167 18.030 0.028 6.04 583.0
2456232.50719 18.131 0.034 6.24 627.0
2456234.53026 18.115 0.037 7.38 531.0
2456239.51648 18.094 0.033 6.58 534.0
2456334.85933 18.180 0.026 6.38 361.0
2456334.89343 18.140 0.041 5.80 1286.0
2456335.87084 18.196 0.023 5.18 363.0
2456337.88318 18.215 0.026 6.10 396.0
2456338.86077 18.214 0.027 6.19 344.0
2456339.87717 18.212 0.020 4.61 302.0
2456340.88730 18.178 0.022 4.92 376.0
2456344.83339 18.207 0.019 5.30 260.0
2456345.84905 18.251 0.023 5.16 273.0
2456347.85556 18.168 0.024 4.78 448.0
2456348.84958 18.207 0.023 4.60 497.0
2456350.87043 18.106 0.023 4.82 466.0
2456351.87087 18.163 0.025 5.03 442.0
2456352.86673 18.214 0.022 4.17 468.0
2456353.84209 18.133 0.022 4.68 428.0
2456354.85719 18.210 0.023 4.51 467.0
2456358.86282 18.137 0.023 4.86 448.0
2456360.84827 18.132 0.020 4.38 346.0
2456361.83381 18.151 0.020 4.57 355.0
2456362.83166 18.082 0.020 4.52 351.0
2456362.85770 18.097 0.021 5.20 315.0
2456363.82750 18.089 0.024 5.87 346.0
2456367.84638 18.065 0.017 4.43 254.0
2456368.78248 18.029 0.021 5.82 296.0
2456368.87479 18.018 0.018 4.73 306.0
2456369.81397 17.990 0.017 4.82 285.0
2456370.76623 18.013 0.019 5.92 306.0
2456370.86061 17.996 0.016 4.24 295.0
2456371.78193 17.992 0.017 5.69 249.0
2456371.86969 17.983 0.014 4.53 243.0
2456372.77468 17.962 0.019 5.39 335.0
2456372.86323 17.972 0.016 4.38 296.0
2456373.79126 17.956 0.022 6.08 368.0
2456373.88021 17.938 0.019 5.33 318.0
2456374.79776 17.957 0.022 6.18 365.0
2456374.88689 17.935 0.016 4.78 317.0
2456375.79426 17.929 0.017 4.66 358.0
2456375.90310 17.891 0.013 3.31 297.0
2456376.81822 17.921 0.018 4.68 428.0
2456376.89992 17.891 0.015 4.10 304.0
2456377.83018 17.870 0.015 4.42 432.0
2456377.91241 17.849 0.016 4.42 461.0
2456378.82562 17.814 0.015 3.85 546.0
2456378.90625 17.817 0.014 3.40 509.0
2456379.81174 17.819 0.017 4.22 595.0
2456379.89779 17.804 0.018 4.17 508.0
2456380.80270 17.767 0.015 3.93 470.0
2456380.82630 17.758 0.015 4.08 444.0
2456380.91303 17.708 0.014 3.27 536.0
2456381.83392 17.664 0.013 3.96 431.0
2456381.91365 17.711 0.014 3.71 498.0
2456382.81841 17.652 0.017 5.24 499.0
2456382.89964 17.653 0.017 5.07 526.0
2456387.71753 17.155 0.013 7.04 340.0
2456387.80314 17.135 0.009 5.08 291.0
2456387.88196 17.130 0.010 5.52 299.0
2456388.72248 16.966 0.010 6.52 358.0
2456388.82418 16.959 0.008 4.88 295.0
2456389.71354 16.820 0.011 7.50 410.0
2456389.81440 16.829 0.008 4.87 321.0
2456389.89450 16.812 0.008 5.14 326.0
2456390.75876 16.834 0.008 5.07 338.0
2456390.84510 16.859 0.008 4.85 299.0
2456391.73204 17.034 0.011 6.64 342.0
2456393.72828 17.384 0.014 5.18 397.0
2456394.87451 17.510 0.014 5.41 343.0
2456395.83703 17.556 0.011 3.85 363.0
2456396.78369 17.650 0.011 3.75 303.0
2456397.72441 17.704 0.013 4.43 334.0
2456397.90086 17.728 0.013 3.75 301.0
2456398.83166 17.816 0.015 4.31 291.0
2456399.73753 17.796 0.018 5.82 311.0
2456400.70371 17.865 0.015 4.96 286.0
2456400.91487 17.879 0.018 5.15 357.0
2456401.84728 17.880 0.014 3.74 308.0
2456402.76741 17.878 0.018 5.27 338.0
2456403.68597 17.929 0.018 5.12 371.0
2456403.84793 17.928 0.016 4.43 313.0
2456404.77479 17.969 0.017 4.36 365.0
2456404.79352 17.964 0.019 4.62 491.0
2456405.83114 18.009 0.021 4.16 811.0
2456406.80584 17.980 0.024 4.40 1263.0
2456407.73969 17.950 0.022 5.10 544.0
2456407.91545 18.011 0.024 4.80 619.0
2456409.78556 18.063 0.034 6.45 668.0
2456415.75096 17.982 0.026 7.01 344.0
2456415.93075 18.045 0.026 5.86 489.0
2456416.82844 18.062 0.016 3.89 332.0
2456417.74194 18.036 0.019 4.58 387.0
2456417.91685 18.045 0.021 4.97 404.0
2456418.76364 18.045 0.018 4.40 315.0
2456418.93856 18.121 0.034 4.08 1609.0
2456419.82712 18.110 0.019 4.25 345.0
2456420.67964 18.066 0.017 4.48 300.0
2456420.85161 18.094 0.017 4.10 288.0
2456421.88057 18.063 0.021 5.01 363.0
2456422.83773 18.074 0.031 7.32 395.0
2456423.80227 18.109 0.020 4.29 423.0
2456424.64256 18.007 0.020 5.25 459.0
2456424.83638 18.061 0.018 4.28 402.0
2456426.68317 18.197 0.018 5.20 275.0
2456426.92353 18.089 0.019 4.48 384.0
2456428.72304 18.032 0.021 5.91 335.0
2456428.91121 18.132 0.027 6.41 382.0
2456431.72116 18.133 0.022 5.48 365.0
2456431.89674 18.108 0.023 5.39 412.0
2456432.74640 18.051 0.024 5.79 410.0
2456432.91850 18.122 0.022 5.11 396.0
2456433.73254 18.062 0.021 5.22 423.0
2456434.64380 18.035 0.025 5.91 500.0
2456434.82844 18.116 0.021 4.39 523.0
2456435.67441 18.065 0.022 5.02 518.0
2456435.86230 18.036 0.020 4.16 604.0
2456436.66129 18.065 0.022 4.84 603.0
2456436.85080 18.106 0.023 4.11 778.0
2456441.70756 18.067 0.028 6.26 521.0
2456441.88967 18.026 0.031 5.68 964.0
2456442.66593 18.132 0.022 5.06 412.0
2456442.85015 18.088 0.018 4.36 408.0
2456443.64682 18.056 0.015 4.35 481.0
2456443.77981 18.010 0.022 4.64 1018.0
2456444.71931 18.126 0.022 5.57 340.0
2456444.86999 18.108 0.024 5.71 437.0
2456445.68724 18.126 0.019 4.45 358.0
2456445.88185 18.090 0.026 6.26 432.0
2456446.66107 18.145 0.017 4.09 330.0
2456446.85118 18.140 0.019 4.10 396.0
2456447.63499 18.147 0.019 4.32 325.0
2456447.82221 18.166 0.019 3.82 359.0
2456448.58479 18.128 0.023 5.39 414.0
2456448.76843 18.158 0.017 3.84 310.0
2456448.93431 18.083 0.030 6.78 543.0
2456449.70865 18.121 0.018 4.15 371.0
2456449.89261 18.280 0.041 7.83 443.0
2456450.66135 18.153 0.018 4.28 332.0
2456450.84350 18.141 0.022 4.99 416.0
2456451.61025 18.099 0.022 5.13 406.0
2456451.79538 18.139 0.019 4.56 340.0
2456452.57192 18.155 0.020 5.05 338.0
2456452.80749 18.165 0.017 4.14 284.0
2456454.58341 18.174 0.022 5.50 290.0
2456454.76806 18.175 0.020 4.96 301.0
2456455.54024 18.073 0.023 5.89 361.0
