2455265.81563 17.794 0.015 3.89 325.0
2455266.79920 17.817 0.017 4.16 362.0
2455267.79001 17.796 0.016 4.26 308.0
2455268.82945 17.794 0.015 4.01 311.0
2455269.77563 17.819 0.016 3.90 339.0
2455270.76471 17.793 0.017 4.14 322.0
2455271.84708 17.787 0.015 3.60 350.0
2455272.76098 17.842 0.024 6.57 340.0
2455273.81998 17.789 0.015 4.05 276.0
2455274.78574 17.790 0.020 5.75 323.0
2455275.83261 17.788 0.018 4.69 338.0
2455276.76735 17.796 0.018 4.51 303.0
2455276.89484 17.788 0.016 4.08 293.0
2455277.80374 17.824 0.018 4.93 304.0
2455278.77534 17.777 0.018 5.23 325.0
2455279.78301 17.800 0.024 6.85 327.0
2455280.86642 17.786 0.014 3.39 324.0
2455281.76953 17.805 0.017 3.81 411.0
2455281.90431 17.772 0.015 3.44 340.0
2455282.78197 17.806 0.020 4.39 474.0
2455283.73270 17.803 0.028 6.48 588.0
2455284.88518 17.828 0.022 5.39 441.0
2455285.73409 17.848 0.026 5.09 893.0
2455286.73850 17.795 0.023 4.39 778.0
2455287.74764 17.819 0.019 3.82 677.0
2455288.72417 17.810 0.022 3.98 814.0
2455292.79180 17.809 0.018 3.85 579.0
2455293.80259 17.820 0.019 4.78 309.0
2455295.85606 17.822 0.015 3.76 258.0
2455298.77947 17.796 0.014 3.58 296.0
2455300.87359 17.788 0.015 3.56 285.0
2455304.78238 17.806 0.016 4.29 367.0
2455307.80522 17.765 0.014 3.64 330.0
2455309.86028 17.775 0.014 3.50 294.0
2455312.72249 17.757 0.022 6.17 470.0
2455314.69048 17.806 0.025 5.08 910.0
2455315.83125 17.785 0.026 5.37 927.0
2455319.84765 17.814 0.042 4.04 3975.0
2455321.67724 17.796 0.022 5.45 495.0
2455324.74991 17.797 0.017 4.48 312.0
2455325.86650 17.822 0.018 4.73 338.0
2455327.70613 17.826 0.016 3.91 250.0
2455328.86273 17.781 0.017 4.25 348.0
2455335.76684 17.838 0.016 4.08 310.0
2455337.86770 17.812 0.021 5.14 483.0
2455339.91429 17.832 0.027 5.51 692.0
2455341.75060 17.826 0.021 5.06 496.0
2455342.81096 17.824 0.024 5.32 669.0
2455343.83929 17.785 0.025 4.73 966.0
2455349.62357 17.873 0.036 7.38 776.0
2455352.65940 17.796 0.017 4.43 312.0
2455354.82204 17.780 0.018 4.01 399.0
2455358.76695 17.828 0.021 5.74 333.0
2455364.63267 17.789 0.015 4.13 274.0
2455376.67760 17.794 0.022 5.48 473.0
2455377.56873 17.824 0.021 5.08 399.0
2455379.63582 17.791 0.016 3.89 338.0
2455381.73128 17.842 0.023 5.86 387.0
2455385.52922 17.787 0.015 3.62 533.0
2455385.62870 17.794 0.014 4.15 349.0
2455385.73104 17.819 0.015 4.08 332.0
2455386.81424 17.819 0.017 4.60 315.0
2455390.59111 17.823 0.020 6.06 242.0
2455393.73471 17.834 0.024 6.60 273.0
2455402.65990 17.820 0.033 5.98 990.0
2455403.75799 17.826 0.030 5.98 954.0
2455407.69631 17.840 0.021 4.85 346.0
2455411.51891 17.797 0.015 4.37 229.0
2455418.55428 17.781 0.014 4.26 216.0
2455430.50645 17.811 0.024 4.83 600.0
2455435.70058 17.826 0.020 4.34 533.0
2455444.62500 17.779 0.020 5.40 352.0
2455450.53555 17.840 0.022 6.14 318.0
2455458.56638 17.806 0.028 6.43 515.0
2455461.57417 17.800 0.035 5.84 1458.0
2455468.58471 17.844 0.027 6.92 410.0
2455476.55784 17.775 0.037 9.26 434.0
2455486.51844 17.791 0.026 5.28 630.0
2455602.85090 17.807 0.019 5.66 410.0
2455604.85882 17.809 0.021 6.31 375.0
2455605.85496 17.824 0.018 5.18 354.0
2455606.85412 17.853 0.019 5.48 340.0
2455607.85811 17.822 0.019 6.15 346.0
2455608.84668 17.882 0.027 7.20 387.0
2455611.84473 17.827 0.032 6.97 590.0
2455612.85399 17.835 0.022 5.57 489.0
2455613.88506 17.814 0.029 7.67 517.0
2455615.84552 17.748 0.019 4.80 473.0
2455616.83965 17.766 0.024 6.39 519.0
2455621.83067 17.812 0.018 5.63 331.0
2455622.78622 17.814 0.021 6.18 338.0
2455624.77501 17.837 0.018 5.08 349.0
2455626.83386 17.781 0.021 6.13 317.0
2455628.77455 17.800 0.027 7.68 392.0
2455629.77047 17.846 0.023 6.59 301.0
2455631.83534 17.818 0.022 6.34 333.0
2455632.86449 17.805 0.017 5.12 270.0
2455633.76363 17.813 0.019 5.68 346.0
2455635.79510 17.805 0.023 7.20 421.0
2455637.77356 17.827 0.028 7.28 745.0
2455638.90500 17.801 0.017 5.79 318.0
2455639.78815 17.789 0.020 5.09 530.0
2455641.88034 17.805 0.020 6.26 441.0
2455643.87323 17.776 0.017 4.09 537.0
2455647.75985 17.808 0.017 5.08 309.0
2455648.88630 17.777 0.016 5.85 280.0
2455650.82545 17.823 0.015 4.75 230.0
2455652.81217 17.806 0.013 3.86 225.0
2455654.90300 17.813 0.020 6.15 246.0
2455656.87815 17.808 0.015 5.88 260.0
2455658.87332 17.782 0.017 5.72 236.0
2455659.92393 17.807 0.018 4.36 499.0
2455662.84613 17.808 0.017 5.34 355.0
2455664.92171 17.851 0.018 4.58 392.0
2455667.92793 17.779 0.017 4.19 607.0
2455670.80611 17.826 0.022 5.06 638.0
2455676.70274 17.786 0.010 3.98 140.0
2455677.92440 17.815 0.015 3.78 380.0
2455680.82876 17.817 0.016 4.64 282.0
2455682.70670 17.810 0.020 5.70 407.0
2455684.68377 17.825 0.017 5.26 322.0
2455686.67396 17.823 0.021 6.61 343.0
2455688.83377 17.808 0.018 5.75 301.0
2455690.89106 17.777 0.021 6.79 476.0
2455692.78380 17.819 0.017 5.32 373.0
2455693.88423 17.833 0.019 4.88 519.0
2455695.65008 17.843 0.020 5.69 410.0
2455696.77285 17.815 0.019 5.47 404.0
2455697.85955 17.773 0.017 3.76 634.0
2455702.58690 17.852 0.029 6.37 880.0
2455702.76646 17.833 0.041 5.34 2557.0
2455706.75873 17.861 0.022 7.00 350.0
2455707.90032 17.860 0.024 6.06 513.0
2455709.67423 17.796 0.015 5.84 299.0
2455713.83562 17.811 0.016 5.32 327.0
2455715.89294 17.796 0.022 6.67 343.0
2455721.78273 17.795 0.016 4.70 330.0
2455723.61167 17.808 0.018 5.25 349.0
2455724.74089 17.841 0.019 4.52 385.0
2455726.65433 17.775 0.025 5.34 853.0
2455735.84054 17.844 0.021 5.44 444.0
2455737.52640 17.823 0.018 4.61 413.0
2455738.63472 17.806 0.014 4.24 247.0
2455739.79523 17.792 0.017 5.35 315.0
2455741.50000 17.796 0.021 6.00 413.0
2455742.51039 17.821 0.021 4.92 503.0
2455743.64413 17.834 0.020 5.81 261.0
2455744.66430 17.797 0.017 5.41 275.0
2455745.74152 17.814 0.017 5.35 263.0
2455747.63360 17.872 0.023 6.95 260.0
2455749.67012 17.870 0.021 6.67 255.0
2455759.81159 17.736 0.032 7.29 783.0
2455760.50746 17.823 0.026 7.26 386.0
2455762.72327 17.765 0.021 5.86 341.0
2455764.52767 17.798 0.016 4.71 300.0
2455765.67995 17.790 0.018 4.89 403.0
2455767.50268 17.797 0.019 5.59 337.0
2455768.63807 17.809 0.016 4.66 322.0
2455769.77440 17.831 0.021 6.07 347.0
2455777.51084 17.820 0.015 4.23 334.0
2455779.70081 17.845 0.019 5.65 314.0
2455784.48689 17.810 0.027 4.61 1149.0
2455784.61808 17.793 0.021 4.60 607.0
2455786.52564 17.853 0.029 6.60 562.0
2455788.47650 17.793 0.024 6.96 387.0
2455790.64370 17.842 0.024 6.66 344.0
2455794.49649 17.804 0.019 5.84 291.0
2455796.58773 17.783 0.020 6.09 321.0
2455802.58159 17.900 0.024 6.56 304.0
2455805.61436 17.810 0.020 6.19 315.0
2455816.50556 17.816 0.017 4.28 467.0
2455818.58606 17.833 0.027 6.35 514.0
2455823.56535 17.785 0.022 5.81 358.0
2455824.57238 17.807 0.019 5.38 308.0
2455825.57644 17.774 0.019 5.01 413.0
2455826.56140 17.831 0.023 6.14 375.0
2455828.53761 17.839 0.018 4.60 302.0
2455830.51072 17.834 0.016 4.74 344.0
2455832.52943 17.764 0.016 4.82 387.0
2455834.55162 17.824 0.017 5.30 330.0
2455839.53138 17.787 0.024 5.84 578.0
2455841.53113 17.797 0.026 5.99 598.0
2455843.53109 17.796 0.024 6.08 503.0
2455845.54405 17.831 0.028 5.93 711.0
2455851.49638 17.824 0.020 5.36 460.0
2455860.50139 17.841 0.026 5.27 649.0
2455959.87724 17.798 0.022 6.03 519.0
2455962.86991 17.839 0.019 5.73 365.0
2455963.88911 17.864 0.023 5.05 803.0
2455964.88456 17.783 0.025 5.96 769.0
2455965.89181 17.836 0.024 4.88 858.0
2455968.88980 17.825 0.031 5.10 1674.0
2455969.87942 17.828 0.021 5.69 492.0
2455979.83650 17.841 0.019 5.74 396.0
2455984.81519 17.798 0.018 5.54 328.0
2455987.80543 17.794 0.022 6.33 416.0
2455989.90267 17.863 0.027 5.96 567.0
2455992.84734 17.788 0.015 4.29 389.0
2455995.76840 17.803 0.021 4.91 703.0
2455997.79008 17.813 0.019 5.20 474.0
2455999.79557 17.829 0.021 5.00 577.0
2456002.76982 17.773 0.023 5.31 722.0
2456002.89114 17.796 0.019 4.56 565.0
2456004.84096 17.785 0.015 4.53 336.0
2456006.83250 17.827 0.014 3.99 247.0
2456008.76718 17.805 0.017 5.21 340.0
2456009.88978 17.749 0.014 3.96 311.0
2456011.80207 17.749 0.016 4.84 273.0
2456013.75955 17.780 0.015 5.40 253.0
2456014.87315 17.823 0.016 5.10 220.0
2456016.77243 17.768 0.013 3.92 276.0
2456017.88255 17.797 0.012 3.91 211.0
2456019.77831 17.723 0.018 5.87 263.0
2456020.85338 17.778 0.012 3.90 230.0
2456021.91817 17.812 0.016 4.08 400.0
2456023.76138 17.780 0.016 4.16 505.0
2456024.74462 17.775 0.019 5.16 567.0
2456025.81092 17.721 0.024 6.70 487.0
2456032.77552 17.819 0.014 4.11 312.0
2456034.74207 17.743 0.014 4.30 268.0
2456037.73035 17.756 0.017 5.83 300.0
2456039.77842 17.845 0.022 6.89 293.0
2456041.82544 17.766 0.015 4.67 323.0
2456048.71563 17.789 0.016 4.03 353.0
2456049.91797 17.766 0.015 4.43 352.0
2456052.70967 17.724 0.019 4.95 565.0
2456053.85353 17.764 0.020 4.17 802.0
2456057.69575 17.782 0.017 5.10 424.0
2456057.85510 17.701 0.014 3.87 452.0
2456058.85093 17.793 0.017 4.99 354.0
2456059.85016 17.763 0.014 4.12 335.0
2456062.69881 17.786 0.016 5.08 376.0
2456064.66770 17.750 0.014 4.83 333.0
2456065.81743 17.786 0.016 4.39 384.0
2456066.60340 17.773 0.018 5.30 413.0
2456066.61784 17.839 0.018 4.95 369.0
2456066.74378 17.734 0.014 3.88 344.0
2456067.63810 17.762 0.013 3.84 296.0
2456068.74619 17.769 0.013 4.91 230.0
2456069.91008 17.716 0.013 3.66 327.0
2456071.60488 17.759 0.015 4.66 287.0
2456075.66397 17.756 0.014 4.69 230.0
2456076.80177 17.758 0.015 4.73 284.0
2456078.65103 17.732 0.016 4.77 384.0
2456079.71988 17.732 0.014 3.98 314.0
2456080.76598 17.761 0.016 4.38 448.0
2456081.81298 17.704 0.016 3.95 602.0
2456085.57702 17.749 0.022 5.55 643.0
2456086.57310 17.733 0.016 5.25 319.0
2456087.73366 17.726 0.018 5.34 399.0
2456089.80779 17.640 0.015 4.95 461.0
2456093.67135 17.714 0.014 5.11 239.0
2456094.81832 17.696 0.017 5.59 342.0
2456097.68122 17.748 0.018 6.01 261.0
2456098.76508 17.683 0.014 5.25 295.0
2456100.71256 17.661 0.014 4.63 290.0
2456101.74370 17.700 0.013 3.86 299.0
2456102.78227 17.694 0.014 3.58 370.0
2456103.83432 17.691 0.016 5.59 336.0
2456105.47896 17.664 0.025 7.17 487.0
2456108.57195 17.645 0.019 4.19 1071.0
2456113.55107 17.672 0.019 5.01 572.0
2456114.63996 17.642 0.017 5.45 429.0
2456115.68809 17.660 0.018 6.93 311.0
2456116.80144 17.669 0.015 4.69 352.0
2456118.49624 17.649 0.015 4.92 340.0
2456119.52368 17.706 0.017 5.77 245.0
2456120.65510 17.663 0.012 4.45 168.0
2456121.69823 17.668 0.012 4.24 191.0
2456124.48836 17.684 0.018 5.96 346.0
2456125.59279 17.777 0.015 5.38 231.0
2456126.73830 17.634 0.014 5.75 241.0
2456131.50701 17.732 0.017 6.23 227.0
2456133.58600 17.613 0.015 6.08 219.0
2456135.56622 17.714 0.019 6.17 327.0
2456140.58608 17.665 0.022 6.26 605.0
2456141.71196 17.653 0.020 5.30 626.0
2456147.59446 17.665 0.015 6.03 201.0
2456148.56200 17.710 0.013 4.52 206.0
2456151.58347 17.703 0.017 6.05 241.0
2456154.48824 17.695 0.016 5.47 302.0
2456158.57708 17.732 0.017 5.81 302.0
2456160.59338 17.683 0.014 4.60 238.0
2456164.66167 17.751 0.022 6.06 498.0
2456167.57770 17.673 0.016 4.26 523.0
2456168.60737 17.718 0.015 3.87 513.0
2456169.58371 17.719 0.016 4.00 482.0
2456171.58656 17.717 0.018 4.87 531.0
2456172.57313 17.724 0.015 3.96 401.0
2456175.56088 17.757 0.017 5.07 354.0
2456180.61718 17.663 0.023 7.25 408.0
2456183.59632 17.746 0.014 4.03 284.0
2456185.56965 17.808 0.015 4.12 266.0
2456186.56631 17.762 0.018 5.52 269.0
2456195.52335 17.749 0.017 4.70 420.0
2456197.48779 17.842 0.028 6.91 494.0
2456201.51810 17.797 0.030 7.94 431.0
2456205.49456 17.765 0.018 5.21 378.0
2456209.55664 17.815 0.026 7.42 395.0
2456212.52261 17.772 0.017 4.12 433.0
2456216.53175 17.784 0.019 5.22 393.0
2456221.54438 17.874 0.032 6.40 834.0
2456226.52062 17.840 0.032 6.78 705.0
