2455961.88313 20.106 0.277 5.59 1901.0
2455970.87275 20.495 0.243 6.08 651.0
2455971.87412 20.116 0.141 4.75 628.0
2455972.88897 20.246 0.203 4.41 1299.0
2455976.87817 20.076 0.133 5.05 493.0
2455977.83779 20.695 0.285 5.52 610.0
2455977.87567 20.167 0.168 5.23 575.0
2455978.84140 20.529 0.243 6.14 515.0
2455978.88597 20.171 0.143 5.03 492.0
2455979.83437 20.373 0.223 6.08 587.0
2455979.87789 21.359 0.483 5.60 521.0
2455980.85929 20.584 0.292 6.28 560.0
2455982.82050 19.987 0.184 7.15 525.0
2455982.86387 19.829 0.113 5.46 460.0
2455983.81917 20.828 0.372 6.62 573.0
2455983.85558 20.445 0.179 4.95 492.0
2455983.90325 19.930 0.124 3.45 1130.0
2455984.83777 20.648 0.229 5.11 479.0
2455984.88509 20.862 0.232 3.91 476.0
2455985.82341 20.269 0.215 6.27 608.0
2455985.86002 20.232 0.174 5.44 529.0
2455985.90354 20.353 0.288 5.03 1315.0
2455986.83000 20.089 0.158 5.59 557.0
2455986.86838 20.432 0.172 4.61 498.0
2455987.81472 20.511 0.291 6.41 607.0
2455987.84480 20.878 0.301 5.36 533.0
2455987.89424 20.153 0.138 4.49 509.0
2455988.83187 20.603 0.267 5.70 562.0
2455988.87918 20.095 0.121 4.20 522.0
2455989.80489 20.282 0.216 7.09 471.0
2455989.83949 20.021 0.156 6.11 450.0
2455989.88131 20.240 0.238 7.55 447.0
2455990.80773 20.812 0.341 6.56 474.0
2455990.84549 19.987 0.127 5.46 465.0
2455990.88693 19.976 0.121 5.15 439.0
2455991.82056 20.316 0.184 5.26 534.0
2455991.84783 20.226 0.143 4.65 451.0
2455992.80038 19.797 0.134 5.46 689.0
2455992.83756 20.057 0.133 4.62 587.0
2455992.87963 20.387 0.155 4.44 454.0
2455993.79720 20.279 0.282 7.04 704.0
2455993.83500 20.383 0.278 6.46 621.0
2455993.87488 20.772 0.336 5.95 570.0
2455994.80388 20.164 0.195 5.29 863.0
2455994.82924 20.504 0.235 4.61 780.0
2455994.87994 20.194 0.181 4.96 679.0
2455995.79056 21.692 0.693 4.42 824.0
2455995.81189 19.834 0.121 4.41 746.0
2455995.84506 20.569 0.220 4.31 677.0
2455995.89421 20.149 0.142 4.28 611.0
2455996.79867 19.759 0.113 4.84 667.0
2455996.83624 20.305 0.167 4.47 620.0
2455996.88298 19.850 0.085 3.50 535.0
2455997.79408 19.935 0.151 5.90 652.0
2455997.83009 20.529 0.229 5.16 607.0
2455997.87845 20.348 0.175 4.72 572.0
2455997.91616 20.493 0.377 3.78 3338.0
2455998.80596 20.671 0.280 5.52 656.0
2455998.85494 20.015 0.123 4.66 574.0
2455998.89623 20.486 0.180 4.30 568.0
2455999.79035 20.269 0.194 5.18 674.0
2455999.83935 20.416 0.200 4.78 633.0
2455999.87728 19.977 0.115 4.09 576.0
2455999.91528 20.033 0.166 3.74 1281.0
2456002.80893 20.371 0.317 5.01 1513.0
2456002.83886 20.019 0.218 4.68 1522.0
2456002.87958 21.027 0.487 4.10 1497.0
2456004.75964 20.648 0.307 6.33 601.0
2456004.79640 20.685 0.272 5.73 545.0
2456004.85427 20.826 0.292 5.09 523.0
2456004.89191 20.498 0.192 4.74 497.0
2456005.75966 20.272 0.190 5.93 490.0
2456005.80072 20.693 0.221 5.02 448.0
2456005.84926 20.092 0.137 4.96 468.0
2456005.90605 20.209 0.105 3.46 455.0
2456006.77142 20.619 0.215 5.03 446.0
2456006.82429 20.191 0.124 4.14 426.0
2456006.87522 20.397 0.150 4.11 433.0
2456006.91289 20.140 0.140 4.11 586.0
2456007.77724 20.187 0.153 5.50 433.0
2456007.82415 19.894 0.108 4.71 436.0
2456007.87240 20.433 0.164 4.89 407.0
2456007.91001 20.075 0.111 4.01 500.0
2456008.76046 20.778 0.258 4.99 528.0
2456008.79931 20.043 0.130 5.00 457.0
2456008.85777 19.825 0.119 5.51 476.0
2456008.89516 20.149 0.141 4.74 456.0
2456009.75334 20.460 0.191 4.80 531.0
2456009.78772 20.269 0.140 4.38 495.0
2456009.84522 20.027 0.108 3.93 508.0
2456009.88304 20.134 0.119 4.05 478.0
2456009.92088 19.987 0.218 3.98 2203.0
2456010.76618 20.348 0.184 5.10 599.0
2456010.81530 20.249 0.131 4.38 469.0
2456010.86523 20.047 0.093 3.76 447.0
2456010.90285 20.025 0.092 3.69 432.0
2456011.74814 19.833 0.140 5.87 537.0
2456011.79537 19.883 0.118 5.09 457.0
2456011.87076 20.203 0.187 4.50 905.0
2456011.90900 19.901 0.146 4.30 975.0
2456012.75390 20.048 0.145 5.87 438.0
2456012.79719 20.147 0.138 4.95 414.0
2456012.84654 20.300 0.142 4.57 397.0
2456012.89365 20.070 0.091 3.64 375.0
2456013.75285 20.146 0.167 6.18 445.0
2456013.79062 20.508 0.174 4.85 405.0
2456013.83173 20.462 0.180 5.12 416.0
2456013.89282 20.132 0.114 4.41 403.0
2456014.72853 20.290 0.192 6.12 492.0
2456014.76760 20.152 0.117 4.27 443.0
2456014.80585 20.216 0.131 4.59 428.0
2456014.86600 20.401 0.185 5.56 412.0
2456014.90527 20.770 0.308 6.07 444.0
2456015.74556 20.077 0.126 5.16 470.0
2456015.78408 20.165 0.112 4.00 410.0
2456015.82279 20.052 0.092 3.86 396.0
2456015.87241 20.115 0.102 3.89 396.0
2456015.91390 20.479 0.168 3.86 517.0
2456016.76414 20.384 0.145 4.25 455.0
2456016.80448 20.243 0.129 4.07 443.0
2456016.86723 20.035 0.108 4.04 435.0
2456016.90763 20.026 0.093 3.85 439.0
2456017.73947 20.438 0.172 4.81 471.0
2456017.77760 20.185 0.107 3.88 431.0
2456017.81590 20.317 0.113 3.71 408.0
2456017.87434 20.193 0.103 3.85 377.0
2456017.91450 20.154 0.111 3.85 474.0
2456018.76597 20.224 0.191 6.50 439.0
2456018.80483 20.303 0.202 6.35 429.0
2456018.84474 20.203 0.120 4.10 411.0
2456018.90979 19.996 0.095 4.11 414.0
2456019.73299 20.158 0.167 5.62 531.0
2456019.77154 19.973 0.130 5.41 465.0
2456019.83014 19.905 0.139 5.88 440.0
2456019.86804 20.030 0.091 3.67 411.0
2456019.90654 20.246 0.124 4.30 419.0
2456020.72500 21.534 0.616 5.88 531.0
2456020.76352 20.003 0.099 4.04 469.0
2456020.81967 20.207 0.130 4.56 405.0
2456020.85847 20.131 0.097 3.78 387.0
2456020.89788 20.570 0.230 5.46 440.0
2456021.70952 20.024 0.205 6.93 663.0
2456021.74628 19.924 0.124 5.07 582.0
2456021.78529 20.337 0.169 4.91 524.0
2456021.82391 20.260 0.129 4.16 481.0
2456021.88225 20.409 0.154 4.38 442.0
2456021.92271 19.942 0.128 3.95 893.0
2456022.73382 20.462 0.208 4.91 662.0
2456022.77210 20.156 0.135 4.29 565.0
2456022.81034 20.876 0.237 4.04 553.0
2456022.86786 20.145 0.137 4.46 533.0
2456022.90993 20.329 0.147 4.46 448.0
2456023.72785 20.007 0.166 5.47 733.0
2456023.76776 20.088 0.127 3.98 670.0
2456023.80835 20.559 0.223 4.45 631.0
2456023.84847 20.288 0.152 3.96 608.0
2456023.91297 20.263 0.166 4.27 633.0
2456024.71342 20.493 0.283 5.61 877.0
2456024.75370 19.951 0.140 4.96 723.0
2456024.79275 20.700 0.281 4.93 681.0
2456024.85521 20.703 0.213 3.72 635.0
2456024.90504 20.325 0.178 4.02 673.0
2456025.71103 20.168 0.243 6.40 839.0
2456025.75152 20.102 0.210 6.15 766.0
2456025.79133 20.031 0.152 4.85 689.0
2456025.84457 20.173 0.196 5.44 674.0
2456025.89612 20.076 0.155 4.73 658.0
2456026.72468 20.318 0.562 6.64 3013.0
2456029.83917 20.678 0.349 4.43 1323.0
2456029.91400 19.991 0.150 4.47 894.0
2456031.75463 19.783 0.120 6.18 500.0
2456031.79453 20.005 0.133 5.33 511.0
2456031.83403 20.195 0.160 5.07 529.0
2456031.87573 20.531 0.294 6.31 574.0
2456032.71124 20.393 0.204 5.47 578.0
2456032.74932 20.024 0.112 4.47 504.0
2456032.80735 20.105 0.125 4.60 472.0
2456032.84821 20.146 0.133 4.69 461.0
2456032.88976 20.246 0.118 3.71 449.0
2456032.92988 20.311 0.253 4.31 1575.0
2456033.72626 20.242 0.192 6.39 495.0
2456033.77137 20.047 0.144 5.63 484.0
2456033.84239 20.475 0.216 5.39 494.0
2456033.88137 20.001 0.123 4.72 491.0
2456033.92286 20.724 0.395 6.78 649.0
2456034.72130 19.846 0.094 4.70 456.0
2456034.76904 20.006 0.093 3.86 450.0
2456034.82448 20.387 0.135 4.00 437.0
2456034.91400 20.266 0.160 4.93 489.0
2456035.85288 20.004 0.125 4.46 504.0
2456035.92219 20.745 0.254 4.49 539.0
2456036.72583 20.245 0.121 4.12 460.0
2456036.76985 20.413 0.157 4.36 464.0
2456036.84620 20.020 0.081 3.22 460.0
2456036.90064 20.219 0.125 3.91 531.0
2456037.71170 20.701 0.288 6.24 496.0
2456037.75233 20.083 0.153 5.63 486.0
2456037.79602 20.612 0.203 4.49 486.0
2456037.86714 20.127 0.112 3.66 539.0
2456037.90763 20.340 0.167 4.00 640.0
2456038.72063 20.552 0.236 5.98 447.0
2456038.76223 20.300 0.197 6.16 447.0
2456038.82745 21.005 0.255 4.08 484.0
2456038.87257 20.270 0.137 4.21 490.0
2456038.92317 20.577 0.221 4.78 559.0
2456039.74372 20.033 0.179 6.73 507.0
2456039.78995 20.347 0.199 5.89 485.0
2456039.85012 20.404 0.181 5.09 472.0
2456039.89454 20.191 0.141 4.54 527.0
2456039.93279 19.805 0.169 4.33 1703.0
2456040.76104 20.123 0.158 5.71 478.0
2456040.80293 20.623 0.203 4.65 483.0
2456040.86601 20.209 0.150 4.71 516.0
2456040.90716 20.035 0.127 4.87 490.0
2456041.70900 19.920 0.166 7.23 505.0
2456041.75374 19.620 0.133 7.23 525.0
2456041.79795 19.965 0.107 4.64 492.0
2456041.85945 20.264 0.154 4.50 528.0
2456041.90003 20.312 0.143 4.08 526.0
2456045.89454 19.888 0.099 4.03 550.0
2456045.93219 20.407 0.207 4.52 757.0
2456046.90577 19.958 0.108 4.15 499.0
2456047.67881 20.181 0.179 5.86 541.0
2456047.71794 19.894 0.116 5.27 485.0
2456047.75744 19.779 0.080 3.89 451.0
2456047.79701 20.229 0.132 4.18 502.0
2456047.87014 20.091 0.122 3.80 530.0
2456047.91147 20.016 0.121 4.15 565.0
2456048.68552 19.722 0.087 3.47 590.0
2456048.72466 20.131 0.133 4.15 513.0
2456048.77681 20.081 0.116 4.30 429.0
2456048.82698 19.981 0.116 4.67 432.0
2456048.87101 20.069 0.130 5.32 438.0
2456048.91569 19.923 0.113 5.04 470.0
2456049.69453 20.059 0.120 4.43 526.0
2456049.74733 19.948 0.091 3.60 497.0
2456049.80647 19.985 0.082 3.19 456.0
2456049.84645 19.924 0.097 3.73 500.0
2456049.88815 20.211 0.134 4.39 504.0
2456049.92734 19.929 0.107 4.18 589.0
2456050.68333 20.008 0.143 5.13 586.0
2456050.72256 19.932 0.124 4.83 556.0
2456050.79224 20.039 0.129 4.43 572.0
2456050.83253 20.369 0.178 4.56 588.0
2456050.87162 20.209 0.144 4.32 561.0
2456050.91037 20.567 0.232 4.87 596.0
2456051.65583 20.045 0.172 5.51 722.0
2456051.74191 19.802 0.101 4.46 592.0
2456052.66803 19.790 0.133 4.92 867.0
2456052.70612 20.453 0.238 5.17 730.0
2456052.76370 19.976 0.134 4.67 676.0
2456052.80283 20.003 0.130 4.39 668.0
2456052.84332 20.049 0.135 4.18 739.0
2456052.88297 19.905 0.133 4.73 741.0
2456052.92135 19.553 0.092 4.58 735.0
2456053.65926 19.715 0.136 4.62 1218.0
2456053.69962 19.654 0.131 4.85 1039.0
2456053.73738 19.670 0.093 3.66 922.0
2456053.79474 20.097 0.128 3.41 849.0
2456053.84803 19.715 0.108 3.99 883.0
2456053.89143 19.868 0.134 4.37 905.0
2456053.93047 20.134 0.181 4.17 1110.0
2456054.88884 19.636 0.101 3.42 1189.0
2456057.67711 19.607 0.199 5.24 2746.0
2456057.73910 19.679 0.218 5.50 2369.0
2456057.77237 19.899 0.201 4.21 2155.0
2456057.81005 19.420 0.110 3.62 2005.0
2456057.83741 19.606 0.136 4.16 1681.0
2456057.87032 19.647 0.135 4.21 1541.0
2456057.90175 19.380 0.109 4.10 1695.0
2456057.91676 19.603 0.138 4.02 1773.0
2456057.93500 19.372 0.108 3.73 1988.0
2456058.67589 19.808 0.148 6.93 556.0
2456058.71591 19.625 0.104 5.77 537.0
2456058.75523 19.581 0.083 4.54 547.0
2456058.79929 19.577 0.081 4.45 521.0
2456058.84593 19.540 0.082 4.60 542.0
2456058.88758 19.635 0.093 4.32 578.0
2456058.92606 19.503 0.108 5.78 642.0
2456059.68384 19.442 0.081 5.54 485.0
2456059.72229 19.428 0.080 5.40 491.0
2456059.76053 19.414 0.089 5.86 493.0
2456059.81037 19.346 0.061 4.02 496.0
2456059.85966 19.518 0.074 4.29 517.0
2456059.89862 19.433 0.069 4.26 527.0
2456059.93768 19.383 0.087 4.58 884.0
2456060.81089 19.495 0.076 4.95 503.0
2456061.69900 19.412 0.085 5.36 520.0
2456061.73782 19.258 0.060 4.38 518.0
2456061.79875 19.253 0.057 4.15 518.0
2456061.83880 19.345 0.065 4.46 521.0
2456061.87668 19.422 0.088 5.50 586.0
2456061.91547 19.075 0.064 5.29 626.0
2456062.66445 19.042 0.060 5.76 584.0
2456062.70694 19.171 0.069 5.45 588.0
2456062.74629 18.995 0.058 5.10 610.0
2456062.79591 19.168 0.064 4.65 619.0
2456062.84709 18.956 0.052 4.65 596.0
2456062.88541 18.877 0.048 4.38 656.0
2456062.92339 18.947 0.065 5.20 770.0
2456063.77512 18.645 0.052 6.90 481.0
2456063.81625 18.673 0.042 5.34 478.0
2456063.86484 18.624 0.037 4.94 461.0
2456063.91208 18.643 0.036 4.06 627.0
2456064.66271 18.486 0.033 5.12 528.0
2456064.73886 18.465 0.023 3.52 463.0
2456064.80057 18.468 0.025 3.55 503.0
2456064.84229 18.527 0.031 4.28 531.0
2456064.88478 18.467 0.030 4.28 561.0
2456064.92324 18.621 0.038 5.16 603.0
2456065.63373 18.677 0.046 5.71 554.0
2456065.67188 18.577 0.037 5.03 465.0
2456065.71038 18.590 0.032 4.38 413.0
2456065.77112 18.637 0.033 4.14 514.0
2456065.81250 18.750 0.040 4.38 552.0
2456065.85964 18.782 0.044 4.75 571.0
2456066.63620 18.757 0.041 4.75 509.0
2456066.67413 18.790 0.042 4.74 498.0
2456066.71214 18.856 0.039 4.00 505.0
2456066.76254 18.900 0.038 3.83 494.0
2456066.81656 18.898 0.046 4.84 508.0
2456066.85719 18.827 0.039 3.95 547.0
2456066.89741 18.957 0.042 3.80 544.0
2456066.93559 18.779 0.037 3.47 638.0
2456067.62045 18.917 0.050 5.04 478.0
2456067.66109 18.957 0.045 4.18 477.0
2456067.69916 18.922 0.042 4.12 466.0
2456067.74810 18.977 0.038 3.54 477.0
2456067.79936 18.934 0.051 5.35 495.0
2456067.83828 19.094 0.048 3.82 496.0
2456067.87713 19.009 0.048 3.98 556.0
2456067.91496 19.065 0.047 3.61 574.0
2456068.60916 19.326 0.095 6.28 587.0
2456068.66430 19.276 0.061 4.22 511.0
2456068.71103 19.145 0.048 4.05 443.0
2456068.76319 19.159 0.046 4.23 415.0
2456068.83892 19.290 0.052 3.41 465.0
2456068.88366 19.301 0.054 3.43 556.0
2456068.92768 19.328 0.060 4.08 589.0
2456069.60301 19.176 0.071 6.40 490.0
2456069.66350 19.369 0.072 5.16 445.0
2456069.70338 19.387 0.059 3.99 446.0
2456069.74288 19.265 0.051 3.80 423.0
2456069.81006 19.268 0.056 4.21 444.0
2456069.85175 19.361 0.051 3.32 430.0
2456069.89231 19.462 0.060 3.47 464.0
2456069.93041 19.468 0.066 3.80 517.0
2456070.61264 19.493 0.118 6.69 513.0
2456070.65078 19.576 0.111 6.06 520.0
2456070.69055 19.377 0.065 4.49 451.0
2456070.72881 19.461 0.062 4.04 437.0
2456070.77761 19.579 0.081 5.06 439.0
2456070.82763 19.413 0.067 4.39 470.0
2456070.86753 19.749 0.092 4.28 473.0
2456070.90600 19.543 0.081 4.67 465.0
2456070.94518 19.243 0.120 5.45 1425.0
2456071.61263 19.609 0.080 4.71 454.0
2456071.65183 19.349 0.061 4.66 418.0
2456071.69148 19.624 0.083 4.96 406.0
2456071.73021 19.440 0.060 4.15 414.0
2456071.79356 19.491 0.084 5.35 469.0
2456071.83342 19.597 0.084 4.86 456.0
2456071.87151 19.749 0.097 4.73 483.0
2456071.90947 19.925 0.205 7.93 506.0
2456075.59544 19.733 0.085 4.12 478.0
2456075.63482 19.574 0.077 4.50 436.0
2456075.67325 19.885 0.080 3.70 401.0
2456075.71472 19.557 0.074 4.64 411.0
2456075.77889 19.833 0.085 4.06 407.0
2456075.81736 19.727 0.079 3.79 422.0
2456075.85644 19.615 0.070 3.78 470.0
2456076.58820 20.051 0.133 4.88 568.0
2456076.62644 19.756 0.105 5.13 524.0
2456076.67664 19.930 0.122 5.08 488.0
2456076.72380 19.867 0.091 4.23 444.0
2456076.77235 19.967 0.114 4.84 450.0
2456076.81136 19.770 0.092 4.51 459.0
2456076.85356 20.080 0.129 4.93 489.0
2456076.90001 19.650 0.116 6.37 542.0
2456076.94422 20.173 0.246 5.60 1163.0
2456077.74396 19.573 0.088 5.27 485.0
2456077.79815 20.346 0.162 4.86 449.0
2456077.84563 19.824 0.083 3.85 457.0
2456077.88921 19.882 0.120 4.98 523.0
2456077.92792 20.825 0.257 4.34 571.0
2456078.60996 20.315 0.176 4.39 625.0
2456078.64773 20.096 0.144 4.59 564.0
2456078.68611 19.947 0.112 4.29 511.0
2456078.73621 20.026 0.110 4.09 500.0
2456078.79018 20.054 0.111 3.70 548.0
2456078.82843 19.881 0.102 4.12 507.0
2456078.87254 20.020 0.122 4.00 603.0
2456078.91068 20.564 0.204 4.05 616.0
2456079.58448 19.968 0.114 3.87 627.0
2456079.62374 20.079 0.123 4.18 517.0
2456079.66171 19.788 0.089 4.27 475.0
2456079.71509 19.992 0.106 3.97 477.0
2456079.77533 20.159 0.146 4.38 555.0
2456079.81449 20.324 0.157 4.01 576.0
2456079.86515 19.943 0.087 3.53 496.0
2456079.90503 20.186 0.143 4.65 549.0
2456079.94380 19.627 0.125 5.42 945.0
2456080.59418 19.601 0.122 5.73 711.0
2456080.63233 19.874 0.149 5.29 717.0
2456080.67531 20.176 0.137 4.41 580.0
2456080.72065 20.124 0.115 3.92 569.0
2456080.76074 20.128 0.138 4.50 600.0
2456080.80003 20.422 0.170 4.19 574.0
2456080.85735 20.083 0.139 4.71 588.0
2456080.89828 20.158 0.137 4.67 530.0
2456080.94007 19.642 0.096 4.53 679.0
2456081.58992 19.812 0.167 5.54 950.0
2456081.62773 19.900 0.139 4.70 774.0
2456081.66877 19.784 0.110 4.57 673.0
2456081.71414 20.029 0.115 3.90 624.0
2456081.75343 19.994 0.142 3.84 1071.0
2456081.80816 19.835 0.103 4.09 648.0
2456081.85141 19.741 0.109 4.53 728.0
2456081.89004 19.801 0.132 5.21 793.0
2456081.93803 20.034 0.214 6.42 868.0
2456082.62170 19.826 0.193 6.67 891.0
2456082.66085 19.790 0.225 6.72 1180.0
2456082.71157 20.325 0.316 6.23 1003.0
2456082.78286 19.806 0.201 6.05 1198.0
2456082.82724 19.744 0.173 5.34 1197.0
2456082.86424 20.116 0.242 5.23 1320.0
2456082.90893 20.254 0.342 6.51 1299.0
2456085.58502 21.055 0.495 5.80 863.0
2456085.63491 19.937 0.148 5.03 744.0
2456085.67117 19.781 0.110 4.47 742.0
2456085.71274 20.013 0.217 4.78 1814.0
2456085.75802 20.104 0.158 4.84 697.0
2456085.79680 20.271 0.203 5.01 744.0
2456085.83566 20.369 0.307 5.07 1382.0
2456085.87547 21.877 1.783 5.34 2797.0
2456085.91582 21.137 0.591 6.25 872.0
2456086.56840 20.133 0.186 6.20 537.0
2456086.60881 20.562 0.270 5.55 602.0
2456086.65192 20.337 0.181 4.73 569.0
2456086.69089 20.122 0.122 4.02 533.0
2456086.75402 20.076 0.111 3.86 522.0
2456086.79231 20.046 0.136 4.77 548.0
2456086.83710 20.281 0.165 4.55 592.0
2456086.88420 20.039 0.187 5.77 688.0
2456086.92558 19.862 0.182 6.35 826.0
2456087.58787 20.213 0.163 5.67 408.0
2456087.72486 20.275 0.226 5.74 706.0
2456087.78124 20.116 0.140 4.56 572.0
2456087.83226 20.252 0.174 4.73 620.0
2456088.56010 19.877 0.141 6.20 481.0
2456088.59794 20.241 0.150 5.32 403.0
2456088.63632 19.870 0.095 4.56 408.0
2456088.67410 20.371 0.142 4.35 425.0
2456089.64018 20.143 0.125 4.51 499.0
2456089.67896 20.447 0.174 4.91 453.0
2456089.74009 20.495 0.194 4.68 538.0
2456089.79046 20.321 0.172 4.95 503.0
2456089.85159 20.959 0.328 5.13 557.0
2456089.92665 21.603 0.739 6.37 561.0
2456092.59629 20.727 0.260 5.52 463.0
2456092.63437 19.736 0.125 6.51 435.0
2456092.67471 20.083 0.133 5.20 438.0
2456092.80415 20.558 0.199 5.02 446.0
2456092.87370 20.491 0.246 5.63 586.0
2456093.54906 20.326 0.217 6.30 505.0
2456093.59063 20.074 0.139 5.37 460.0
2456093.62869 20.311 0.174 5.54 428.0
2456093.66668 20.576 0.240 6.03 421.0
2456093.72716 20.143 0.125 4.63 429.0
2456093.78912 20.074 0.146 5.68 451.0
2456093.82912 20.517 0.260 6.49 470.0
2456093.86768 20.147 0.177 6.15 484.0
2456094.60261 20.345 0.243 6.66 539.0
2456094.64011 20.212 0.176 5.47 527.0
2456094.67760 20.710 0.282 5.72 537.0
2456094.72743 20.415 0.210 5.45 557.0
2456094.77463 20.336 0.190 5.26 523.0
2456094.81366 20.054 0.135 4.86 524.0
2456094.85290 21.102 0.520 6.74 569.0
2456094.90286 21.102 0.543 6.67 677.0
2456096.60135 20.590 0.238 5.85 464.0
2456096.64694 20.159 0.154 5.70 434.0
2456096.68627 20.140 0.164 6.08 442.0
2456096.76089 20.482 0.234 6.17 472.0
2456096.80022 20.774 0.331 6.22 506.0
2456096.84110 21.519 0.576 5.33 569.0
2456096.88322 20.694 0.339 6.20 639.0
2456097.66528 20.412 0.200 5.51 439.0
2456097.72852 20.532 0.243 5.89 458.0
2456097.77687 20.498 0.251 6.25 470.0
2456097.81467 21.202 0.451 5.68 502.0
2456097.85232 20.125 0.161 5.09 539.0
2456097.89269 20.341 0.239 5.89 636.0
2456098.58147 20.953 0.456 7.15 494.0
2456098.62116 20.497 0.240 6.08 472.0
2456098.65875 20.677 0.283 6.11 488.0
2456098.71014 20.099 0.167 6.31 475.0
2456098.76041 21.101 0.380 5.72 473.0
2456098.80091 20.331 0.168 4.95 494.0
2456098.83965 20.907 0.329 5.44 538.0
2456098.87758 19.612 0.120 6.06 626.0
2456099.62820 20.265 0.239 6.70 578.0
2456099.72867 19.752 0.166 7.45 558.0
2456099.83785 21.650 0.840 6.89 556.0
2456100.54093 20.297 0.245 6.78 579.0
2456100.59901 20.804 0.339 6.26 513.0
2456100.63632 20.399 0.176 4.75 496.0
2456100.68446 20.230 0.126 4.39 459.0
2456100.73550 20.261 0.139 4.29 489.0
2456100.82379 20.842 0.354 5.65 619.0
2456100.86167 20.533 0.297 5.93 681.0
2456100.89971 19.940 0.169 5.97 704.0
2456101.53779 20.197 0.157 4.87 575.0
2456101.57558 21.415 0.539 5.44 588.0
2456101.61363 20.529 0.196 4.77 533.0
2456101.65318 20.230 0.123 4.18 452.0
2456101.70545 20.031 0.117 4.64 471.0
2456101.75327 20.142 0.114 3.82 483.0
2456101.79253 20.377 0.167 4.07 572.0
2456101.83590 20.248 0.205 5.47 665.0
2456102.50095 20.152 0.280 6.54 986.0
2456102.53991 19.496 0.099 4.85 768.0
2456102.58783 20.368 0.196 5.07 564.0
2456102.63550 20.101 0.134 5.02 466.0
2456102.67451 20.451 0.192 4.85 503.0
2456102.71505 20.596 0.190 4.06 553.0
2456102.75298 20.224 0.130 3.75 523.0
2456102.79309 20.561 0.183 3.85 527.0
2456102.83357 21.313 0.518 5.28 566.0
2456102.87261 20.318 0.211 4.85 729.0
2456103.51542 20.204 0.206 5.74 693.0
2456103.55474 19.991 0.131 4.49 579.0
2456103.59443 21.291 0.431 5.17 519.0
2456103.64528 20.215 0.123 3.81 553.0
2456103.69430 20.150 0.146 4.75 498.0
2456103.73516 20.000 0.127 4.73 481.0
2456103.80062 20.180 0.146 5.27 469.0
2456103.84883 20.538 0.231 6.38 549.0
2456104.51680 20.389 0.185 4.63 637.0
2456104.55469 20.254 0.125 3.77 546.0
2456104.59228 20.302 0.137 3.93 510.0
2456104.62831 20.061 0.106 4.00 458.0
2456104.67779 20.190 0.095 3.34 411.0
2456104.71984 20.653 0.154 3.44 415.0
2456104.75861 20.103 0.108 3.98 427.0
2456104.79824 19.949 0.095 4.11 421.0
2456104.84427 20.748 0.260 5.62 475.0
2456104.88376 20.498 0.225 5.67 560.0
2456105.51751 21.364 0.591 6.33 552.0
2456105.55546 19.952 0.176 6.49 549.0
2456105.60377 20.118 0.134 4.74 467.0
2456105.66721 20.026 0.127 5.18 432.0
2456105.70755 20.154 0.148 5.26 436.0
2456105.74718 20.536 0.235 6.05 415.0
2456106.56682 20.656 0.285 5.64 569.0
2456106.65101 20.902 0.365 5.86 588.0
2456108.51747 19.793 0.157 5.55 933.0
2456108.55618 20.176 0.187 4.62 929.0
2456108.60668 19.986 0.169 4.20 1276.0
2456108.64770 20.764 0.267 4.89 558.0
2456108.70257 20.149 0.139 3.66 779.0
2456108.74046 20.492 0.175 3.60 725.0
2456108.78099 20.173 0.144 3.94 746.0
2456108.82298 19.816 0.128 4.39 815.0
2456108.86034 20.732 0.252 4.91 517.0
2456109.68043 20.029 0.188 3.95 1505.0
2456109.71683 19.880 0.122 3.75 884.0
2456109.75470 20.386 0.246 4.41 1071.0
2456109.79756 20.056 0.190 4.99 969.0
2456109.83770 20.437 0.285 5.57 855.0
2456113.57620 20.451 0.244 4.95 782.0
2456113.61384 20.386 0.212 4.72 782.0
2456113.65501 20.373 0.224 5.21 802.0
2456113.69577 20.321 0.206 4.71 801.0
2456113.73469 20.821 0.352 4.86 870.0
2456113.77245 20.405 0.189 3.76 838.0
2456113.81030 20.296 0.182 3.86 938.0
2456113.84891 20.104 0.185 4.38 1087.0
2456113.85986 20.171 0.271 4.50 1934.0
2456114.58450 20.009 0.203 6.38 695.0
2456114.62053 20.069 0.175 5.76 636.0
2456114.66991 20.035 0.179 5.91 634.0
2456114.71831 20.165 0.149 4.54 611.0
2456114.75593 20.941 0.341 4.89 641.0
2456114.79497 20.154 0.162 4.51 707.0
2456114.83648 20.341 0.250 5.39 834.0
2456115.48172 20.161 0.190 6.20 594.0
2456115.52095 20.610 0.225 5.00 514.0
2456115.55824 20.281 0.160 4.80 538.0
2456115.60845 20.108 0.132 4.67 569.0
2456115.66500 20.234 0.187 6.25 517.0
2456115.70889 21.675 0.796 6.58 507.0
2456115.77406 22.093 1.143 6.57 502.0
2456116.47984 20.644 0.238 4.95 567.0
2456116.52141 20.516 0.181 4.68 462.0
2456116.56150 20.740 0.205 4.68 425.0
2456116.60964 20.240 0.116 3.97 432.0
2456116.65784 20.279 0.141 4.68 448.0
2456116.69626 20.115 0.128 4.60 460.0
2456116.74352 20.390 0.175 4.79 478.0
2456116.78229 20.715 0.237 4.78 500.0
2456116.82276 20.641 0.239 4.84 551.0
2456117.50176 20.410 0.226 5.19 638.0
2456117.53920 19.993 0.139 5.55 504.0
2456117.57654 20.179 0.143 4.86 462.0
2456117.62839 20.354 0.165 5.04 426.0
2456117.67925 20.407 0.172 4.48 501.0
2456117.71808 20.233 0.158 4.70 518.0
2456117.75723 21.031 0.357 4.99 548.0
2456117.79473 20.047 0.138 4.54 588.0
2456117.83274 20.026 0.146 4.79 648.0
2456118.49179 20.758 0.315 5.82 571.0
2456118.53004 20.101 0.140 5.08 496.0
2456118.57033 20.092 0.120 4.49 450.0
2456118.62064 20.199 0.126 4.68 439.0
2456118.67627 20.235 0.142 4.84 435.0
2456118.71825 20.579 0.172 4.37 410.0
2456118.75703 20.502 0.182 4.70 452.0
2456118.79424 20.607 0.206 4.49 497.0
2456118.83191 20.434 0.190 4.66 545.0
2456119.48005 21.203 0.527 6.49 524.0
2456119.51926 21.166 0.408 5.81 444.0
2456119.55946 20.329 0.228 7.06 401.0
2456119.60677 20.998 0.332 5.94 392.0
2456119.65879 20.128 0.134 5.29 390.0
2456119.69755 20.276 0.140 4.67 394.0
2456119.72491 20.340 0.162 5.00 420.0
2456119.76446 20.664 0.250 5.33 455.0
2456119.80275 21.376 0.545 5.53 559.0
2456120.50816 20.654 0.313 6.00 517.0
2456120.54766 20.488 0.248 6.02 436.0
2456120.60265 20.195 0.139 4.85 377.0
2456120.66371 20.233 0.143 5.30 365.0
2456120.70293 20.421 0.197 5.97 373.0
2456120.74435 20.572 0.194 4.93 393.0
2456120.79006 20.380 0.165 4.96 412.0
2456120.82981 20.152 0.224 7.50 510.0
2456121.49999 20.161 0.122 4.52 437.0
2456121.53772 20.129 0.118 4.57 405.0
2456121.57529 20.071 0.093 4.21 357.0
2456121.64259 20.230 0.125 4.67 370.0
2456121.68064 20.416 0.121 3.84 356.0
2456121.70681 20.121 0.115 4.63 372.0
2456121.74489 20.279 0.115 3.95 364.0
2456121.78443 20.061 0.094 3.87 378.0
2456123.51264 20.506 0.297 6.80 544.0
2456123.55107 20.393 0.217 5.94 469.0
2456123.59817 20.401 0.176 5.25 418.0
2456123.64910 20.361 0.164 5.65 410.0
2456123.68863 20.244 0.141 5.14 376.0
2456123.72638 20.283 0.169 5.84 383.0
2456123.76761 20.267 0.185 6.20 407.0
2456123.80660 20.358 0.202 5.96 460.0
2456124.48557 22.266 1.292 5.69 551.0
2456124.52598 20.227 0.170 5.21 479.0
2456124.58527 20.632 0.220 5.50 409.0
2456124.65645 20.040 0.134 5.58 396.0
2456124.69708 20.211 0.134 4.78 415.0
2456124.73650 20.184 0.128 4.38 447.0
2456124.77783 20.365 0.205 5.60 500.0
2456124.81828 20.649 0.287 5.97 518.0
2456125.54000 20.509 0.213 5.62 452.0
2456125.58995 20.156 0.140 5.50 414.0
2456125.65723 20.212 0.166 5.57 426.0
2456125.69986 20.736 0.241 5.15 429.0
2456125.74390 20.432 0.169 4.57 421.0
2456125.78576 20.581 0.218 5.07 447.0
2456125.82798 20.818 0.338 5.96 518.0
2456126.52874 20.507 0.253 6.17 458.0
2456126.57488 21.085 0.469 6.89 411.0
2456126.62073 20.085 0.144 5.64 405.0
2456126.69062 20.775 0.274 5.52 438.0
2456126.73551 20.062 0.131 5.34 414.0
2456127.47757 20.834 0.377 6.15 614.0
2456127.52049 20.176 0.161 5.49 474.0
2456127.56435 20.718 0.310 6.38 458.0
2456127.65740 20.097 0.125 4.73 423.0
2456127.75352 20.820 0.308 6.16 410.0
2456128.54072 20.274 0.130 4.11 444.0
2456128.58014 19.996 0.106 4.54 407.0
2456128.62905 20.208 0.113 3.96 411.0
2456128.67957 20.434 0.197 5.44 445.0
2456129.65883 22.149 0.698 4.19 375.0
2456130.71473 20.157 0.172 5.63 482.0
2456131.50428 20.684 0.286 6.12 422.0
2456131.55133 20.081 0.160 6.23 411.0
2456131.61689 19.857 0.102 5.12 362.0
2456131.66288 21.292 0.417 5.97 350.0
2456131.73133 20.466 0.198 4.90 417.0
2456131.78163 19.933 0.124 4.90 494.0
2456132.55356 20.195 0.181 5.82 451.0
2456132.63944 20.279 0.193 6.00 411.0
2456132.68714 20.371 0.217 6.12 415.0
2456132.76164 20.182 0.149 4.53 483.0
2456133.53749 20.048 0.199 7.08 478.0
2456133.58326 20.736 0.305 6.36 429.0
2456133.63949 20.025 0.158 6.06 466.0
2456133.69125 20.307 0.192 5.90 425.0
2456133.74048 20.209 0.172 5.65 461.0
2456134.50590 21.691 1.074 7.65 546.0
2456134.55068 20.202 0.206 6.15 543.0
2456134.59195 20.033 0.194 7.17 495.0
2456134.66023 20.160 0.186 6.49 454.0
2456134.71212 20.048 0.212 7.88 443.0
2456135.49018 20.114 0.201 6.41 597.0
2456135.53316 20.350 0.225 6.15 545.0
2456135.59245 19.971 0.147 6.03 506.0
2456135.65964 20.002 0.167 6.32 486.0
2456135.70866 20.439 0.184 4.82 481.0
2456135.75607 20.328 0.172 4.88 479.0
2456135.79692 20.326 0.214 5.89 531.0
2456136.50273 20.104 0.252 7.45 617.0
2456136.70520 20.537 0.257 5.58 535.0
2456140.49330 20.144 0.295 6.98 997.0
2456140.53273 20.428 0.362 5.11 1772.0
2456140.58328 20.298 0.251 5.96 846.0
2456140.63402 20.540 0.269 5.07 837.0
2456140.67321 20.546 0.352 5.56 1191.0
2456140.71636 20.306 0.630 7.10 3319.0
2456140.75613 19.853 0.251 7.23 1163.0
2456141.48093 20.296 0.295 6.55 865.0
2456141.52013 20.004 0.146 4.55 797.0
2456141.55816 20.339 0.207 4.83 786.0
2456141.60862 20.411 0.260 5.96 707.0
2456141.65577 20.125 0.169 5.03 716.0
2456141.69485 20.011 0.160 4.94 788.0
2456141.73486 20.325 0.236 5.18 864.0
2456141.77315 20.532 0.337 5.45 1023.0
2456142.53326 20.318 0.259 6.41 675.0
2456142.57575 21.221 0.634 6.76 674.0
2456142.68241 20.900 0.569 7.99 686.0
2456143.71058 19.738 0.181 7.84 579.0
2456147.50308 20.368 0.214 6.26 432.0
2456147.56355 19.893 0.116 5.52 391.0
2456147.60576 20.240 0.200 6.94 394.0
2456147.64705 20.119 0.183 7.02 396.0
2456147.70089 22.119 1.346 7.85 440.0
2456148.49507 20.863 0.226 4.52 407.0
2456148.53328 20.777 0.206 4.58 391.0
2456148.59327 20.259 0.125 4.54 381.0
2456148.63709 20.224 0.131 4.58 391.0
2456148.67899 20.144 0.117 4.32 406.0
2456149.55829 20.808 0.288 5.76 428.0
2456149.60360 20.271 0.182 5.80 434.0
2456150.48135 20.422 0.266 6.78 481.0
2456150.53431 20.535 0.235 5.93 447.0
2456150.58657 20.748 0.310 6.31 443.0
2456150.63684 20.181 0.165 5.74 421.0
2456150.67675 21.021 0.374 6.00 427.0
2456151.53816 20.347 0.250 7.20 478.0
2456151.57927 20.896 0.352 6.44 447.0
2456151.61968 20.856 0.334 6.10 453.0
2456151.65918 20.253 0.178 6.05 417.0
2456151.70058 20.303 0.205 6.15 485.0
2456151.73868 21.659 0.636 5.48 484.0
2456152.50987 20.219 0.171 6.04 403.0
2456152.54823 20.550 0.213 5.79 392.0
2456152.60234 20.801 0.250 5.64 381.0
2456152.65284 20.264 0.148 5.23 378.0
2456153.69167 20.446 0.235 6.07 465.0
2456154.49845 20.658 0.230 4.93 472.0
2456154.53845 20.264 0.168 5.37 456.0
2456154.60772 20.399 0.196 5.29 479.0
2456154.69115 21.048 0.389 6.15 433.0
2456157.64600 20.343 0.205 5.86 458.0
2456157.68935 21.028 0.421 6.56 457.0
2456158.48623 20.570 0.200 4.74 477.0
2456158.53666 20.316 0.148 4.73 469.0
2456158.58713 20.444 0.207 5.77 486.0
2456158.62896 20.394 0.178 5.17 488.0
2456158.66840 20.482 0.202 5.01 524.0
2456158.70786 20.526 0.214 4.81 563.0
2456159.49371 19.881 0.148 5.89 547.0
2456159.54839 20.122 0.163 6.02 463.0
2456159.58961 20.450 0.217 5.41 470.0
2456159.66067 20.101 0.190 6.54 490.0
2456159.71149 20.642 0.322 6.53 522.0
2456160.51748 20.339 0.150 4.46 429.0
2456160.58927 20.141 0.128 4.58 413.0
2456160.63081 20.479 0.193 5.02 438.0
2456160.67092 20.452 0.181 4.76 436.0
2456160.72379 20.475 0.206 4.89 500.0
2456161.51332 20.298 0.226 6.96 432.0
2456161.55476 20.754 0.324 6.63 429.0
2456161.60544 21.321 0.492 5.67 436.0
2456161.67794 20.441 0.243 6.31 431.0
2456164.49075 20.626 0.247 5.10 601.0
2456164.55373 20.097 0.199 4.81 1215.0
2456164.59245 20.182 0.226 5.54 990.0
2456164.64954 20.059 0.195 6.25 706.0
2456164.70300 19.633 0.250 8.53 1163.0
2456166.53403 22.113 1.456 4.74 1052.0
2456166.61093 21.237 0.470 3.87 983.0
2456166.68598 22.948 3.273 6.05 1226.0
2456167.52559 20.016 0.154 4.62 794.0
2456167.57518 20.651 0.337 4.30 1254.0
2456167.61892 20.418 0.376 4.28 2546.0
2456167.66737 20.552 0.427 4.09 2883.0
2456168.52259 20.060 0.110 3.35 694.0
2456168.57833 20.174 0.124 3.43 686.0
2456168.64871 20.242 0.157 4.13 701.0
2456168.68838 20.143 0.135 3.82 781.0
2456169.52929 20.940 0.372 5.39 659.0
2456169.57969 20.002 0.123 3.74 655.0
2456169.62014 19.865 0.124 4.18 722.0
2456169.65999 20.296 0.182 4.03 793.0
2456169.69776 20.213 0.249 6.09 949.0
2456171.53350 20.140 0.148 4.17 772.0
2456171.58254 19.851 0.120 4.58 679.0
2456171.62420 20.120 0.169 5.08 679.0
2456171.67127 20.558 0.261 5.22 729.0
2456172.49244 20.140 0.091 3.24 462.0
2456172.54376 20.587 0.197 4.28 551.0
2456172.59279 20.258 0.131 3.59 559.0
2456172.63270 20.647 0.200 3.92 564.0
2456172.67471 20.069 0.158 5.47 681.0
2456174.59847 20.794 0.385 6.35 636.0
2456174.63234 20.839 0.418 6.54 641.0
2456175.49558 20.017 0.121 4.70 481.0
2456175.54393 20.612 0.261 5.63 512.0
2456175.58221 20.590 0.232 4.90 552.0
2456175.62055 19.702 0.115 5.22 619.0
2456175.66705 19.733 0.132 5.77 637.0
2456179.49837 20.512 0.290 6.87 519.0
2456179.55727 20.094 0.190 6.52 505.0
2456179.59902 20.012 0.214 7.65 536.0
2456179.63986 19.979 0.173 6.63 504.0
2456179.67434 102.699 9.999 8.03 526.0
2456180.51995 20.045 0.169 6.22 504.0
2456180.57373 20.182 0.167 5.33 541.0
2456180.61462 20.302 0.219 6.02 568.0
2456180.65143 20.272 0.240 6.44 622.0
2456181.47991 20.194 0.204 5.55 727.0
2456181.53443 20.661 0.212 4.22 558.0
2456181.57287 20.380 0.163 4.15 556.0
2456181.61527 20.136 0.135 4.16 572.0
2456182.48101 19.806 0.148 6.07 645.0
2456182.53584 21.004 0.324 5.22 462.0
2456182.58416 20.545 0.199 4.70 455.0
2456182.62876 20.066 0.153 5.49 501.0
2456182.66356 20.989 0.368 5.70 544.0
2456183.51771 20.996 0.291 5.53 319.0
2456183.56856 20.382 0.142 3.68 452.0
2456183.61890 20.218 0.160 4.96 432.0
2456184.49837 20.309 0.177 5.09 479.0
2456184.57258 20.454 0.133 3.42 402.0
2456184.61986 20.410 0.183 5.22 420.0
2456185.48270 20.147 0.134 4.25 500.0
2456185.54028 20.070 0.110 4.16 431.0
2456185.58075 20.155 0.123 3.99 448.0
2456185.62701 20.725 0.237 4.67 474.0
2456186.50521 20.708 0.292 5.87 468.0
2456186.56224 20.368 0.220 6.23 446.0
2456186.60793 20.634 0.236 5.15 470.0
2456190.50223 20.928 0.365 6.15 497.0
2456190.55913 20.540 0.206 4.83 508.0
2456190.59962 20.776 0.231 4.30 521.0
2456191.49916 20.393 0.252 6.32 491.0
2456191.55494 20.203 0.180 5.55 477.0
2456191.59764 19.971 0.145 5.55 482.0
2456191.64089 20.226 0.145 4.46 510.0
2456195.51624 20.618 0.233 4.57 595.0
2456195.55689 20.042 0.140 4.56 664.0
2456195.59555 19.900 0.128 4.49 699.0
2456195.63342 20.113 0.173 4.68 794.0
2456196.51533 20.097 0.173 4.89 683.0
2456196.55390 20.655 0.288 4.90 691.0
2456196.59325 20.214 0.192 4.61 757.0
2456196.63047 21.309 0.581 5.34 823.0
2456197.51701 20.081 0.195 5.79 707.0
2456197.55566 20.101 0.184 5.29 696.0
2456197.59642 20.112 0.217 6.02 794.0
2456198.56203 20.157 0.212 5.91 674.0
2456199.52608 20.120 0.250 7.78 626.0
2456200.59545 20.105 0.287 7.63 761.0
2456200.61860 20.877 0.507 6.75 813.0
2456201.54294 21.007 0.476 6.43 622.0
2456202.57519 19.939 0.229 6.58 875.0
2456203.51478 21.496 0.761 6.91 563.0
2456203.56556 20.468 0.298 6.41 667.0
2456203.60617 20.563 0.457 7.96 788.0
2456204.51904 21.023 0.366 5.29 561.0
2456204.55767 20.858 0.309 4.74 583.0
2456204.59549 20.574 0.281 5.23 705.0
2456205.49897 20.112 0.170 5.79 510.0
2456205.54191 20.203 0.144 4.47 473.0
2456205.57994 20.193 0.158 4.98 477.0
2456208.51158 20.742 0.333 6.21 555.0
2456209.57537 20.753 0.391 6.68 571.0
2456210.51291 20.875 0.323 6.05 513.0
2456210.55106 21.165 0.428 5.99 534.0
2456210.59020 20.343 0.221 6.10 572.0
2456211.51442 20.073 0.133 4.56 508.0
2456211.55670 20.344 0.165 4.40 500.0
2456211.59512 22.114 1.034 5.22 554.0
2456212.51382 20.263 0.176 4.72 582.0
2456212.55268 20.514 0.205 4.25 587.0
2456212.58650 20.236 0.166 4.36 646.0
2456213.50264 21.071 0.454 5.93 564.0
2456213.52082 20.201 0.180 5.47 526.0
2456213.55861 20.852 0.410 6.57 570.0
2456214.50438 20.469 0.213 5.32 506.0
2456214.51267 20.591 0.243 5.21 512.0
2456214.55401 20.101 0.180 6.06 521.0
2456214.57898 20.444 0.247 6.16 546.0
2456215.52945 21.577 0.988 7.85 612.0
2456216.49231 20.631 0.333 6.12 688.0
2456216.52465 21.931 0.900 5.64 538.0
2456216.56351 21.012 0.348 4.86 572.0
2456217.49222 21.097 0.345 4.25 577.0
2456217.51922 20.258 0.144 3.94 499.0
2456217.55731 20.397 0.168 4.10 510.0
2456218.48918 21.617 0.975 5.65 1090.0
2456218.49418 20.107 0.162 4.60 669.0
2456218.53258 20.556 0.367 6.88 644.0
2456218.57077 20.502 0.274 5.64 683.0
2456219.49406 21.393 0.743 5.40 1022.0
2456219.52699 20.342 0.189 4.88 528.0
2456219.56566 20.108 0.206 5.36 811.0
2456221.50304 20.039 0.337 6.26 1974.0
2456221.52275 20.046 0.285 5.03 1957.0
2456221.54994 21.961 1.861 6.11 1885.0
2456223.50705 20.483 0.355 6.86 743.0
2456223.58063 20.133 0.222 5.69 893.0
2456225.55066 24.625 18.383 7.73 848.0
2456226.53151 20.730 0.479 7.12 808.0
2456227.51351 20.212 0.216 5.75 706.0
2456231.51695 21.743 1.057 5.71 902.0
2456232.52417 21.641 0.935 6.17 743.0
2456233.51423 21.782 1.061 6.43 684.0
2456233.53458 20.769 0.376 5.88 676.0
2456234.52084 20.174 0.225 6.23 662.0
2456238.50076 20.660 0.624 5.36 2298.0
2456238.53246 20.183 0.222 5.38 781.0
2456239.50311 23.803 10.839 6.64 1796.0
2456239.52597 20.665 0.344 6.42 676.0
2456241.50560 20.452 0.663 7.65 2104.0
2456242.50620 20.828 0.621 5.32 2168.0
