2455265.83249 15.423 0.004 3.91 358.0
2455268.86791 15.427 0.004 4.15 319.0
2455272.77777 15.430 0.004 5.68 342.0
2455275.89797 15.429 0.004 4.60 308.0
2455279.76407 15.436 0.004 6.27 363.0
2455284.90248 15.431 0.004 5.14 443.0
2455286.89266 15.424 0.004 4.32 564.0
2455287.76448 15.428 0.004 4.09 652.0
2455292.91868 15.413 0.004 3.53 1627.0
2455293.90120 15.426 0.004 4.26 347.0
2455295.88166 15.427 0.003 3.70 265.0
2455298.80450 15.423 0.003 3.70 288.0
2455300.90081 15.422 0.004 3.85 322.0
2455307.83047 15.429 0.004 4.42 359.0
2455309.88595 15.426 0.003 3.68 316.0
2455312.75377 15.430 0.004 4.88 440.0
2455314.72038 15.440 0.004 5.16 791.0
2455315.85886 15.423 0.004 4.20 901.0
2455319.87264 15.429 0.006 3.72 4947.0
2455321.73258 15.430 0.004 4.46 425.0
2455324.77474 15.423 0.004 4.84 347.0
2455325.89267 15.429 0.004 4.02 391.0
2455327.76454 15.427 0.004 3.97 271.0
2455328.88781 15.424 0.004 4.44 401.0
2455335.79386 15.434 0.004 4.49 332.0
2455337.89289 15.431 0.004 6.02 523.0
2455339.93957 15.434 0.004 5.19 876.0
2455341.81230 15.422 0.004 3.89 569.0
2455342.83608 15.424 0.004 4.91 676.0
2455343.86469 15.430 0.004 4.69 1012.0
2455343.87740 15.430 0.004 4.50 1071.0
2455349.69220 15.430 0.004 4.66 563.0
2455352.72171 15.420 0.003 3.66 315.0
2455354.87527 15.427 0.004 5.05 528.0
2455358.84384 15.422 0.004 5.04 355.0
2455364.69724 15.430 0.004 5.40 345.0
2455376.72931 15.424 0.004 4.99 530.0
2455377.62135 15.434 0.004 5.57 380.0
2455379.69403 15.422 0.004 4.39 322.0
2455381.79078 15.439 0.005 6.89 437.0
2455387.51002 15.431 0.003 3.19 303.0
2455390.68954 15.425 0.004 5.43 268.0
2455393.79306 15.434 0.004 7.09 318.0
2455404.48728 15.434 0.004 4.36 491.0
2455407.74716 15.425 0.004 6.09 473.0
2455411.63894 15.427 0.003 3.98 236.0
2455418.61706 15.428 0.003 4.91 219.0
2455430.56594 15.423 0.004 5.54 556.0
2455436.58057 15.433 0.004 5.81 366.0
2455444.67617 15.439 0.005 7.90 413.0
2455450.59173 15.431 0.004 5.31 321.0
2455458.59444 15.437 0.005 8.13 579.0
2455461.60126 15.424 0.004 6.45 660.0
2455469.54641 15.421 0.003 4.59 372.0
2455477.54824 15.430 0.004 6.78 464.0
2455486.54409 15.433 0.005 7.44 695.0
2455604.88586 15.427 0.004 5.80 539.0
2455608.88085 15.427 0.004 6.43 340.0
2455611.87106 15.424 0.004 5.19 540.0
2455614.82993 15.431 0.004 5.79 615.0
2455620.82253 15.439 0.004 7.67 350.0
2455623.85763 15.429 0.003 5.01 291.0
2455624.79977 15.429 0.003 5.33 361.0
2455625.79706 15.431 0.004 5.77 368.0
2455627.78607 15.432 0.004 5.73 323.0
2455629.80023 15.434 0.004 6.40 297.0
2455630.83660 15.423 0.003 5.51 292.0
2455632.79480 15.419 0.004 5.83 529.0
2455634.77436 15.434 0.003 5.07 332.0
2455635.81093 15.432 0.004 6.08 407.0
2455638.76997 15.428 0.004 6.25 703.0
2455639.80053 15.427 0.004 4.84 528.0
2455641.89754 15.433 0.004 5.95 441.0
2455643.88771 15.427 0.003 4.03 506.0
2455647.78348 15.424 0.004 5.08 745.0
2455648.90352 15.428 0.003 5.32 283.0
2455650.83961 15.435 0.003 4.12 251.0
2455652.82843 15.425 0.003 4.01 237.0
2455655.74741 15.427 0.003 4.65 356.0
2455657.77014 15.424 0.003 3.89 288.0
2455658.88876 15.427 0.004 5.92 237.0
2455660.73388 15.433 0.004 6.22 292.0
2455662.86030 15.432 0.003 4.30 342.0
2455665.72742 15.431 0.004 6.40 350.0
2455668.76640 15.430 0.004 4.95 529.0
2455670.85841 15.432 0.004 4.73 719.0
2455676.74180 15.430 0.003 4.95 231.0
2455679.70116 15.428 0.003 4.77 323.0
2455680.87197 15.433 0.003 4.46 278.0
2455682.75394 15.422 0.003 5.00 301.0
2455684.73426 15.432 0.003 3.78 313.0
2455686.73327 15.435 0.003 4.82 312.0
2455688.88758 15.431 0.003 5.14 302.0
2455691.65124 15.426 0.004 5.77 338.0
2455692.82425 15.428 0.003 4.39 418.0
2455693.92599 15.424 0.004 7.21 579.0
2455695.69831 15.431 0.003 4.99 558.0
2455696.81496 15.431 0.003 3.92 483.0
2455697.90360 15.435 0.004 6.49 621.0
2455702.61160 15.437 0.004 5.70 904.0
2455703.75006 15.434 0.004 6.24 440.0
2455706.81084 15.438 0.004 6.95 367.0
2455708.57576 15.426 0.004 6.19 487.0
2455711.71792 15.433 0.003 4.83 261.0
2455714.57803 15.425 0.004 6.44 517.0
2455716.59347 15.445 0.004 6.56 326.0
2455716.60613 15.430 0.003 5.49 302.0
2455716.62082 15.425 0.004 5.91 291.0
2455716.63342 15.428 0.004 5.81 282.0
2455721.82195 15.435 0.003 5.34 379.0
2455723.65909 15.433 0.003 4.99 330.0
2455724.78946 15.435 0.004 5.47 417.0
2455726.70240 15.434 0.004 4.04 2406.0
2455734.66587 15.430 0.004 6.34 376.0
2455735.88524 15.420 0.005 7.93 541.0
2455737.56453 15.427 0.003 4.18 348.0
2455738.70207 15.421 0.003 4.04 277.0
2455739.85018 15.434 0.004 6.81 390.0
2455741.53833 15.435 0.003 4.28 330.0
2455742.55346 15.426 0.003 4.12 435.0
2455743.68516 15.429 0.004 5.44 275.0
2455744.73302 15.430 0.003 4.59 254.0
2455745.77978 15.423 0.004 6.49 273.0
2455746.50032 15.454 0.003 6.60 483.0
2455746.53230 15.425 0.003 6.13 505.0
2455746.64198 15.422 0.003 5.86 257.0
2455746.82786 15.434 0.004 7.89 336.0
2455747.68011 15.423 0.004 8.00 257.0
2455749.70928 15.436 0.004 6.43 262.0
2455753.57578 15.439 0.005 6.47 953.0
2455760.56396 15.433 0.004 5.92 451.0
2455763.47921 15.430 0.004 5.37 433.0
2455764.56748 15.435 0.003 4.06 344.0
2455765.72514 15.427 0.004 6.44 328.0
2455767.54834 15.430 0.004 5.34 357.0
2455768.68285 15.428 0.003 4.69 284.0
2455770.67162 15.428 0.004 6.20 305.0
2455777.56134 15.424 0.003 3.99 298.0
2455779.74563 15.429 0.004 6.37 332.0
2455784.53816 15.428 0.004 3.99 695.0
2455784.54315 15.413 0.004 4.33 1631.0
2455784.64291 15.429 0.004 4.37 626.0
2455786.58826 15.427 0.004 4.75 496.0
2455788.53257 15.426 0.004 4.85 393.0
2455790.68503 15.426 0.003 5.16 496.0
2455794.56470 15.434 0.004 5.79 246.0
2455796.62698 15.430 0.003 4.47 290.0
2455803.51352 15.424 0.004 6.61 299.0
2455805.66299 15.422 0.004 9.05 396.0
2455813.52427 15.423 0.004 5.95 511.0
2455816.55320 15.427 0.004 5.83 533.0
2455818.62676 15.427 0.005 10.05 662.0
2455823.59306 15.426 0.004 6.37 387.0
2455824.59771 15.437 0.004 6.04 340.0
2455825.60114 15.432 0.004 6.85 423.0
2455826.58559 15.422 0.004 7.92 432.0
2455828.55192 15.428 0.003 5.46 319.0
2455830.52514 15.426 0.003 5.87 345.0
2455832.54535 15.432 0.004 6.83 386.0
2455834.56607 15.424 0.004 7.21 375.0
2455839.55641 15.430 0.004 5.72 692.0
2455841.55574 15.429 0.004 5.32 679.0
2455843.54748 15.435 0.004 6.38 527.0
2455845.55924 15.431 0.004 5.55 723.0
2455851.52085 15.429 0.004 5.49 418.0
2455855.50266 15.433 0.004 6.32 649.0
2455861.50285 15.435 0.004 7.19 630.0
2455970.88238 15.430 0.003 5.64 527.0
2455979.86194 15.425 0.003 5.54 364.0
2455984.85711 15.427 0.003 4.11 288.0
2455987.84975 15.432 0.003 4.95 348.0
2455990.80505 15.421 0.004 7.12 311.0
2455992.87345 15.421 0.003 4.52 297.0
2455995.79467 15.436 0.003 4.25 639.0
2455997.81119 15.432 0.003 5.57 456.0
2455999.80998 15.421 0.003 4.69 520.0
2456002.82675 15.434 0.004 4.49 1282.0
2456004.87351 15.422 0.003 5.37 325.0
2456006.86854 15.428 0.003 4.13 257.0
2456008.79122 15.418 0.003 5.02 289.0
2456009.91324 15.422 0.003 4.24 458.0
2456011.85301 15.423 0.003 4.50 704.0
2456013.78284 15.424 0.003 4.73 236.0
2456014.89768 15.429 0.003 6.03 239.0
2456016.79774 15.426 0.003 3.63 265.0
2456017.90745 15.428 0.003 3.11 218.0
2456019.82160 15.429 0.003 5.68 247.0
2456020.87800 15.417 0.003 3.92 234.0
2456022.71659 15.438 0.004 5.86 1197.0
2456023.77596 15.421 0.003 4.32 495.0
2456024.76046 15.431 0.004 5.80 536.0
2456025.82691 15.430 0.003 4.90 500.0
2456032.82378 15.421 0.003 4.48 288.0
2456034.78769 15.426 0.003 4.21 275.0
2456037.77145 15.419 0.003 5.59 298.0
2456039.83264 15.420 0.003 5.47 313.0
2456041.87815 15.414 0.003 4.14 349.0
2456048.76767 15.420 0.003 3.92 262.0
2456050.67407 15.414 0.003 5.29 410.0
2456052.76721 15.411 0.003 4.78 507.0
2456053.89486 15.407 0.003 3.68 821.0
2456057.71941 15.402 0.005 5.88 1832.0
2456058.89251 15.406 0.003 3.61 392.0
2456059.88906 15.411 0.003 4.53 353.0
2456062.73821 15.415 0.003 5.68 433.0
2456064.74380 15.404 0.003 3.84 311.0
2456066.61406 15.395 0.003 4.67 400.0
2456067.67873 15.390 0.003 4.27 281.0
2456068.82965 15.394 0.003 4.00 284.0
2456070.59172 15.384 0.004 6.21 350.0
2456075.70533 15.380 0.003 4.56 234.0
2456076.84018 15.366 0.003 5.92 325.0
2456078.68935 15.360 0.003 4.12 341.0
2456079.78034 15.352 0.003 4.30 390.0
2456080.80488 15.347 0.003 4.38 410.0
2456081.85622 15.341 0.003 5.45 686.0
2456085.62852 15.329 0.003 4.27 570.0
2456086.61355 15.312 0.003 4.81 404.0
2456087.78600 15.307 0.003 4.14 455.0
2456089.90641 15.288 0.003 6.57 370.0
2456093.73185 15.239 0.003 4.62 254.0
2456094.85768 15.227 0.003 6.85 404.0
2456097.75393 15.192 0.003 5.73 280.0
2456098.80561 15.176 0.003 4.52 306.0
2456100.75137 15.148 0.003 4.60 329.0
2456101.78257 15.128 0.003 4.30 357.0
2456102.82290 15.115 0.003 4.81 389.0
2456104.49433 15.074 0.003 5.09 513.0
2456105.53332 15.065 0.003 6.80 383.0
2456108.62465 15.016 0.003 4.54 926.0
2456113.59346 14.973 0.003 4.35 546.0
2456114.68815 14.964 0.003 4.99 410.0
2456115.75334 14.971 0.003 6.35 311.0
2456117.49351 14.978 0.003 4.87 450.0
2456118.53458 14.991 0.003 4.26 296.0
2456119.56394 15.000 0.003 5.61 199.0
2456120.69469 15.019 0.003 6.06 186.0
2456121.73672 15.048 0.003 3.68 192.0
2456124.52891 15.087 0.003 5.05 282.0
2456125.66022 15.108 0.003 5.58 241.0
2456127.48048 15.125 0.003 5.72 399.0
2456131.55421 15.195 0.003 5.21 219.0
2456133.64240 15.224 0.003 6.36 259.0
2456135.64250 15.254 0.003 6.85 320.0
2456140.63689 15.301 0.003 5.31 657.0
2456141.75070 15.298 0.003 5.25 764.0
2456147.63730 15.346 0.003 7.07 207.0
2456148.61456 15.348 0.003 4.36 210.0
2456151.62406 15.370 0.003 6.04 262.0
2456154.52996 15.374 0.003 5.13 274.0
2456158.61936 15.393 0.003 4.12 314.0
2456160.63515 15.399 0.003 4.76 274.0
2456164.62387 15.403 0.003 5.79 452.0
2456167.62161 15.403 0.003 4.04 767.0
2456168.66392 15.402 0.003 5.42 588.0
2456169.62435 15.412 0.003 4.40 589.0
2456171.62840 15.402 0.004 5.94 525.0
2456172.62440 15.404 0.003 4.66 405.0
2456175.59949 15.411 0.003 5.20 392.0
2456181.49604 15.423 0.003 4.61 374.0
2456183.63560 15.419 0.003 6.68 278.0
2456185.61263 15.429 0.003 6.99 286.0
2456186.61219 15.425 0.004 7.95 331.0
2456195.55018 15.431 0.003 4.50 477.0
2456197.52278 15.419 0.004 5.30 483.0
2456202.55622 15.439 0.005 7.55 649.0
2456205.52042 15.426 0.003 4.54 322.0
2456209.56945 15.422 0.004 7.34 409.0
2456212.54690 15.422 0.003 5.57 447.0
2456216.55666 15.434 0.003 5.24 435.0
2456223.51636 15.418 0.004 6.49 595.0
2456227.53245 15.417 0.005 7.73 716.0
