2455265.81251 19.905 0.080 3.91 428.0
2455266.79609 19.947 0.103 4.43 487.0
2455267.78687 20.028 0.096 4.29 425.0
2455268.82630 19.948 0.086 3.97 421.0
2455269.77248 20.116 0.105 4.11 454.0
2455270.76156 19.923 0.097 4.19 449.0
2455271.84391 19.999 0.087 3.38 468.0
2455272.75785 20.098 0.157 6.09 469.0
2455273.81683 20.020 0.088 3.89 382.0
2455274.78262 20.253 0.143 4.78 451.0
2455275.82946 19.878 0.103 4.50 466.0
2455276.76422 19.851 0.089 4.12 424.0
2455276.89165 19.926 0.085 3.84 400.0
2455277.80062 20.052 0.116 4.65 429.0
2455278.77220 20.117 0.138 5.47 457.0
2455279.77987 20.279 0.183 5.90 455.0
2455280.86331 20.259 0.104 3.32 438.0
2455281.76642 20.000 0.109 4.17 552.0
2455281.90119 20.363 0.117 3.24 447.0
2455282.77882 19.782 0.102 4.08 611.0
2455283.72958 19.957 0.174 5.88 754.0
2455284.88205 20.059 0.126 4.54 574.0
2455285.72410 20.136 0.248 6.38 1130.0
2455285.73097 20.096 0.221 5.55 1087.0
2455286.73537 19.885 0.132 4.05 952.0
2455287.74451 19.880 0.115 4.04 827.0
2455288.72103 20.020 0.141 3.63 994.0
2455292.78867 19.786 0.122 3.70 1262.0
2455293.79948 19.853 0.098 4.48 433.0
2455294.74662 20.030 0.101 4.19 389.0
2455294.78402 20.073 0.080 3.38 366.0
2455294.82121 19.926 0.069 3.45 364.0
2455294.85128 20.209 0.096 3.68 389.0
2455294.89105 19.877 0.069 3.44 387.0
2455295.74759 19.886 0.085 4.38 365.0
2455295.78596 20.121 0.093 4.24 347.0
2455295.82442 19.969 0.086 4.04 367.0
2455295.86236 19.984 0.076 3.54 369.0
2455295.90194 20.027 0.086 3.57 385.0
2455296.79185 20.103 0.082 3.33 372.0
2455296.82632 19.832 0.062 3.17 382.0
2455296.86373 19.875 0.060 3.01 360.0
2455296.90385 20.088 0.101 4.12 379.0
2455297.78498 19.837 0.073 3.70 387.0
2455297.82301 20.049 0.084 3.53 380.0
2455297.86080 20.035 0.069 2.93 351.0
2455297.89991 19.988 0.076 3.45 386.0
2455298.78586 19.970 0.080 3.49 409.0
2455298.82372 20.083 0.095 3.80 402.0
2455298.86166 19.999 0.101 4.43 408.0
2455298.90113 19.922 0.076 3.55 400.0
2455299.73268 20.041 0.077 3.92 314.0
2455299.77031 20.131 0.091 4.04 329.0
2455299.80807 19.694 0.057 3.84 313.0
2455299.84581 19.803 0.059 3.70 287.0
2455299.88472 19.966 0.074 3.65 349.0
2455300.84144 20.070 0.092 3.85 401.0
2455300.88113 20.040 0.090 3.68 411.0
2455300.91999 20.005 0.091 3.43 481.0
2455301.77494 20.128 0.116 4.75 403.0
2455301.81227 20.087 0.091 3.69 406.0
2455301.84979 20.045 0.109 4.63 425.0
2455301.89003 19.981 0.101 4.49 436.0
2455303.89765 20.612 0.206 4.88 544.0
2455304.73529 20.066 0.159 6.09 553.0
2455304.77462 19.925 0.100 4.77 491.0
2455306.70802 19.945 0.089 4.26 441.0
2455306.77213 20.078 0.097 4.27 382.0
2455306.83524 19.962 0.078 3.88 390.0
2455306.87443 20.213 0.105 3.95 401.0
2455306.91332 19.847 0.073 3.46 447.0
2455307.69778 20.173 0.112 4.15 447.0
2455307.76131 19.961 0.094 4.38 444.0
2455307.82270 20.068 0.096 3.96 465.0
2455307.86205 20.105 0.099 3.71 493.0
2455307.90172 19.982 0.091 3.97 480.0
2455308.68905 19.962 0.107 4.91 468.0
2455308.75090 19.920 0.100 4.80 428.0
2455308.81243 20.072 0.094 4.09 379.0
2455308.85033 19.908 0.079 4.22 377.0
2455309.68680 20.234 0.163 5.34 511.0
2455309.75184 19.991 0.092 4.49 395.0
2455309.82240 20.010 0.092 4.26 396.0
2455309.86649 19.833 0.077 3.80 420.0
2455309.90485 19.819 0.074 3.52 444.0
2455310.66651 20.188 0.154 5.08 636.0
2455310.73246 20.161 0.131 4.94 493.0
2455310.78882 20.002 0.098 4.37 411.0
2455310.86427 19.804 0.066 3.69 379.0
2455310.90226 19.984 0.094 4.12 444.0
2455311.78765 20.304 0.176 5.66 479.0
2455311.84602 20.246 0.127 4.75 410.0
2455311.89492 20.092 0.126 5.09 479.0
2455312.70926 20.323 0.206 6.06 614.0
2455312.75862 20.033 0.135 5.34 562.0
2455312.80116 20.130 0.148 5.10 557.0
2455312.84095 19.789 0.107 5.22 588.0
2455312.88579 20.145 0.137 4.69 508.0
2455312.92293 20.118 0.126 4.44 529.0
2455313.79500 20.162 0.170 5.32 670.0
2455313.83400 20.022 0.154 5.42 652.0
2455313.87423 19.993 0.172 5.77 751.0
2455313.91205 19.895 0.146 5.24 745.0
2455314.68275 20.212 0.196 4.54 1106.0
2455314.72519 20.196 0.218 5.56 968.0
2455314.76486 19.852 0.122 4.42 900.0
2455314.80241 20.086 0.148 4.61 824.0
2455314.86021 20.059 0.165 4.85 926.0
2455314.89739 20.032 0.149 4.34 957.0
2455315.65143 19.735 0.192 5.84 1425.0
2455315.70019 19.899 0.223 6.18 1090.0
2455315.74817 19.885 0.167 5.36 961.0
2455315.78570 19.816 0.121 4.24 940.0
2455315.82358 19.965 0.150 4.37 981.0
2455315.86368 19.909 0.178 5.04 1230.0
2455315.90567 20.220 0.220 4.61 1227.0
2455316.78152 20.360 0.287 5.65 1009.0
2455316.82074 19.754 0.158 5.44 1064.0
2455320.65919 19.980 0.117 4.29 695.0
2455320.69815 20.043 0.145 4.87 653.0
2455320.74212 20.074 0.119 4.00 624.0
2455320.77958 19.978 0.105 3.95 596.0
2455320.81899 20.102 0.117 4.38 551.0
2455320.86126 19.889 0.109 4.19 660.0
2455320.89872 19.958 0.117 4.18 702.0
2455321.65853 20.021 0.167 6.09 616.0
2455321.72647 19.922 0.097 4.21 539.0
2455321.76502 19.971 0.113 4.76 551.0
2455321.80424 19.893 0.101 4.49 553.0
2455321.84571 19.764 0.110 5.56 575.0
2455321.88333 19.840 0.108 4.59 608.0
2455321.92056 19.926 0.130 4.76 669.0
2455322.70688 20.067 0.126 5.17 493.0
2455322.85445 19.808 0.101 4.75 608.0
2455322.87966 20.209 0.136 4.07 620.0
2455322.92005 20.049 0.124 4.00 717.0
2455323.67738 19.835 0.123 5.85 545.0
2455323.74331 20.105 0.142 5.57 506.0
2455323.78165 19.900 0.103 4.80 542.0
2455323.82491 20.045 0.117 4.63 553.0
2455323.86434 20.189 0.136 4.17 641.0
2455323.90180 20.342 0.169 4.43 717.0
2455323.93910 20.081 0.267 4.89 2169.0
2455324.70612 20.188 0.151 5.31 479.0
2455324.74525 19.924 0.088 3.94 423.0
2455324.78262 20.429 0.205 5.71 474.0
2455324.82299 20.014 0.115 4.70 468.0
2455324.86172 20.081 0.124 4.31 520.0
2455324.89905 20.202 0.122 3.81 557.0
2455325.64429 19.936 0.099 3.86 508.0
2455325.69846 19.966 0.092 4.08 418.0
2455325.73499 20.139 0.105 4.00 393.0
2455325.77331 19.988 0.087 3.70 372.0
2455325.81282 20.055 0.105 4.11 397.0
2455325.86031 19.842 0.097 4.50 474.0
2455325.89904 19.873 0.096 4.04 516.0
2455326.67331 19.962 0.097 4.27 416.0
2455326.73399 19.979 0.101 4.43 398.0
2455326.77138 19.965 0.092 4.13 398.0
2455326.81092 20.057 0.093 3.79 418.0
2455326.84917 19.997 0.107 4.27 458.0
2455326.88763 19.966 0.106 3.83 548.0
2455326.92636 20.118 0.142 4.64 664.0
2455327.68748 20.033 0.096 4.16 377.0
2455327.75841 20.226 0.112 3.64 375.0
2455327.79730 20.135 0.117 4.04 410.0
2455327.83560 20.093 0.144 4.96 453.0
2455327.87455 19.961 0.107 3.98 529.0
2455327.91268 20.168 0.130 4.02 561.0
2455328.60940 19.880 0.096 3.75 579.0
2455328.68340 20.087 0.108 3.66 446.0
2455328.75228 20.259 0.113 4.00 402.0
2455328.79064 20.119 0.110 3.85 411.0
2455328.83137 19.969 0.111 4.82 447.0
2455328.86913 19.967 0.102 3.85 490.0
2455328.90691 20.265 0.145 4.12 576.0
2455329.70711 20.015 0.119 5.44 412.0
2455334.62965 19.917 0.103 5.08 443.0
2455334.69575 19.984 0.115 5.32 407.0
2455334.77654 19.999 0.092 4.09 417.0
2455334.83630 19.854 0.086 4.28 419.0
2455334.87400 19.879 0.101 4.92 466.0
2455334.91463 19.900 0.135 6.14 517.0
2455335.71991 20.012 0.085 4.05 387.0
2455335.75915 19.877 0.075 3.77 425.0
2455335.79880 19.883 0.088 4.41 444.0
2455335.83820 19.875 0.098 4.49 453.0
2455335.87591 19.899 0.124 5.17 516.0
2455335.91360 19.939 0.120 4.99 549.0
2455336.79303 20.101 0.127 4.80 462.0
2455336.85744 19.988 0.105 4.03 480.0
2455336.92243 20.100 0.145 4.34 657.0
2455337.76900 19.966 0.095 4.35 409.0
2455337.80890 19.718 0.094 5.05 480.0
2455337.84728 19.974 0.128 5.00 559.0
2455337.88522 20.199 0.172 5.30 622.0
2455337.92367 19.940 0.173 6.16 699.0
2455338.76654 19.918 0.113 4.71 554.0
2455338.84704 19.596 0.138 6.66 649.0
2455339.64214 20.147 0.185 5.88 642.0
2455339.68196 19.882 0.134 5.27 627.0
2455339.74836 20.120 0.149 4.55 683.0
2455339.81362 19.815 0.111 4.47 693.0
2455339.87925 20.166 0.189 5.42 786.0
2455339.91917 19.671 0.142 6.10 844.0
2455340.66579 20.086 0.149 4.76 695.0
2455340.75234 20.120 0.170 5.73 584.0
2455340.81005 20.306 0.287 7.37 728.0
2455340.84807 19.968 0.170 5.97 676.0
2455340.88654 20.121 0.155 4.50 809.0
2455340.92415 20.360 0.254 5.58 912.0
2455341.59832 20.005 0.140 4.51 827.0
2455341.67149 19.997 0.106 3.96 624.0
2455341.74287 20.119 0.128 4.23 606.0
2455341.81744 20.261 0.146 3.86 694.0
2455341.85564 20.001 0.115 3.83 699.0
2455341.89338 19.718 0.092 4.03 669.0
2455341.93357 19.908 0.154 5.24 817.0
2455342.60766 20.118 0.208 5.36 943.0
2455342.64514 20.039 0.191 5.71 827.0
2455342.68276 19.943 0.134 4.58 765.0
2455342.72027 19.984 0.136 4.65 710.0
2455342.76133 20.012 0.137 4.82 697.0
2455342.80325 20.402 0.241 5.42 818.0
2455342.84099 19.872 0.132 4.69 826.0
2455342.87886 20.006 0.174 4.82 1066.0
2455343.58840 20.183 0.256 5.27 1403.0
2455343.62601 19.982 0.195 5.26 1166.0
2455343.66369 19.790 0.128 4.39 1047.0
2455343.70143 20.150 0.178 4.42 978.0
2455343.73943 20.195 0.184 4.71 922.0
2455343.77984 19.920 0.145 4.79 1020.0
2455343.81892 20.301 0.191 4.06 1084.0
2455343.85702 20.015 0.155 4.05 1161.0
2455343.86975 20.301 0.236 4.72 1219.0
2455343.90785 19.848 0.177 5.18 1359.0
2455348.60385 20.165 0.170 5.49 606.0
2455348.67332 19.937 0.114 4.55 557.0
2455348.76604 19.950 0.110 4.49 502.0
2455348.80431 20.106 0.144 5.06 541.0
2455348.84220 19.860 0.104 4.31 587.0
2455348.88672 20.508 0.236 5.12 700.0
2455348.92636 20.397 0.262 6.01 739.0
2455349.60280 20.300 0.244 6.99 557.0
2455349.68458 19.871 0.125 5.30 609.0
2455349.77939 19.779 0.147 4.18 1532.0
2455349.81740 19.780 0.104 4.09 823.0
2455349.85661 19.969 0.158 5.00 952.0
2455350.65501 19.903 0.137 6.02 464.0
2455350.69256 20.254 0.213 6.69 489.0
2455350.73127 19.842 0.121 5.93 479.0
2455351.59336 19.968 0.107 4.91 447.0
2455351.65050 19.911 0.087 4.28 389.0
2455351.72964 19.864 0.092 4.27 505.0
2455351.81565 20.132 0.141 4.72 581.0
2455351.88988 20.323 0.256 6.57 705.0
2455352.60457 20.175 0.186 6.05 508.0
2455352.65291 19.839 0.096 4.73 412.0
2455352.74657 19.858 0.094 4.25 439.0
2455352.81599 20.213 0.130 3.71 521.0
2455352.83087 20.241 0.139 3.80 561.0
2455352.88622 19.985 0.139 4.64 699.0
2455352.92384 20.111 0.177 4.68 872.0
2455353.63610 19.930 0.096 4.29 417.0
2455353.71286 19.891 0.078 4.01 391.0
2455353.78104 20.007 0.101 3.99 448.0
2455353.81874 19.936 0.110 4.35 523.0
2455353.86352 19.810 0.102 4.48 564.0
2455354.57684 19.967 0.121 4.54 497.0
2455354.65862 20.243 0.138 4.83 406.0
2455354.75393 20.097 0.126 4.71 457.0
2455354.83017 20.040 0.122 3.94 584.0
2455354.87051 19.952 0.132 4.47 663.0
2455354.90909 19.921 0.158 5.63 749.0
2455355.59969 19.900 0.097 4.32 521.0
2455355.68424 19.882 0.092 4.39 465.0
2455355.77130 20.030 0.128 4.97 519.0
2455355.82404 19.858 0.112 4.63 600.0
2455355.87259 19.947 0.162 5.79 731.0
2455357.61272 19.861 0.118 5.52 498.0
2455357.68183 20.082 0.126 5.51 414.0
2455357.77227 20.002 0.130 5.68 433.0
2455357.87253 19.815 0.154 6.57 618.0
2455358.65069 19.987 0.099 4.55 394.0
2455358.74524 20.108 0.124 4.98 415.0
2455358.85541 20.231 0.159 5.33 495.0
2455359.57813 20.051 0.157 5.45 661.0
2455359.62235 20.141 0.151 5.11 578.0
2455359.67552 19.989 0.108 4.57 473.0
2455359.72347 19.891 0.120 5.47 501.0
2455359.77289 20.054 0.123 4.49 520.0
2455359.81301 20.101 0.126 4.50 541.0
2455359.85869 20.097 0.169 5.46 663.0
2455359.89795 20.425 0.263 6.14 698.0
2455361.67055 19.793 0.111 5.89 429.0
2455362.58518 19.964 0.171 5.94 718.0
2455362.66595 19.951 0.090 3.87 514.0
2455362.76045 20.209 0.119 4.24 489.0
2455362.88043 20.055 0.209 6.85 665.0
2455364.52304 20.025 0.134 5.07 577.0
2455364.56802 20.149 0.113 4.36 433.0
2455364.63942 20.035 0.081 3.56 384.0
2455364.73525 20.199 0.165 6.10 448.0
2455364.79226 20.186 0.193 6.99 433.0
2455364.83164 20.186 0.145 5.35 435.0
2455364.87163 19.935 0.123 5.80 435.0
2455365.54087 20.115 0.185 6.20 634.0
2455365.58529 20.065 0.126 4.68 558.0
2455365.65977 19.931 0.118 5.18 472.0
2455365.75562 20.130 0.129 5.42 435.0
2455365.83031 19.966 0.120 4.87 497.0
2455365.86896 20.234 0.210 6.35 562.0
2455368.61480 19.929 0.118 5.55 435.0
2455368.79293 19.983 0.126 5.03 567.0
2455369.78516 20.081 0.241 5.43 1403.0
2455369.82442 20.003 0.159 5.10 789.0
2455376.63062 19.980 0.163 6.03 638.0
2455376.67023 20.297 0.244 6.64 594.0
2455376.71048 19.995 0.147 5.21 620.0
2455376.74874 20.530 0.271 5.63 699.0
2455376.78701 19.932 0.136 4.84 726.0
2455376.82520 19.735 0.145 5.64 862.0
2455376.86316 19.914 0.218 6.35 1162.0
2455377.51919 20.221 0.167 5.39 515.0
2455377.56121 19.955 0.138 5.32 524.0
2455377.60253 20.041 0.163 6.02 491.0
2455377.64892 19.888 0.090 4.02 474.0
2455377.66934 19.992 0.123 5.26 450.0
2455377.71456 20.020 0.110 4.45 481.0
2455377.75764 20.065 0.123 4.41 545.0
2455377.80034 19.964 0.140 5.12 621.0
2455377.83855 20.080 0.162 5.18 721.0
2455378.49282 19.961 0.112 4.36 549.0
2455378.56315 19.778 0.080 4.31 393.0
2455378.64782 20.031 0.105 4.12 429.0
2455378.72418 20.074 0.095 3.72 457.0
2455378.76246 20.171 0.104 3.52 483.0
2455378.80100 20.459 0.182 4.98 518.0
2455378.84087 19.875 0.138 5.96 671.0
2455378.87858 19.757 0.158 7.17 811.0
2455379.51759 20.133 0.148 5.50 401.0
2455379.59958 19.724 0.082 4.86 341.0
2455379.68612 20.188 0.124 4.27 422.0
2455379.75536 19.999 0.114 4.46 480.0
2455379.79298 20.060 0.138 5.25 545.0
2455379.83076 20.128 0.197 7.01 658.0
2455379.87183 19.882 0.207 8.33 842.0
2455380.52908 19.856 0.089 4.81 372.0
2455380.58206 20.031 0.089 4.21 330.0
2455380.66844 20.073 0.088 4.25 323.0
2455380.72484 20.004 0.097 4.51 383.0
2455380.76309 19.936 0.113 5.14 428.0
2455380.80096 20.150 0.188 6.52 488.0
2455381.53860 20.402 0.194 5.49 494.0
2455381.57614 20.115 0.199 7.04 449.0
2455381.61629 20.040 0.187 7.33 428.0
2455381.67572 20.173 0.154 5.99 382.0
2455381.71401 20.206 0.193 6.49 453.0
2455381.75216 20.277 0.260 7.52 503.0
2455381.79907 20.037 0.166 5.85 579.0
2455381.83720 20.034 0.216 7.01 697.0
2455382.52737 19.820 0.130 5.82 570.0
2455382.56493 20.225 0.239 7.56 499.0
2455382.61437 20.127 0.162 6.12 441.0
2455382.65295 20.436 0.199 5.91 447.0
2455382.69407 19.947 0.109 5.35 409.0
2455382.73389 20.296 0.181 6.12 430.0
2455382.77170 19.910 0.189 7.80 501.0
2455382.82244 20.022 0.192 6.86 581.0
2455385.47211 19.894 0.117 3.83 821.0
2455385.51133 19.868 0.093 4.11 550.0
2455385.52508 20.024 0.105 4.59 716.0
2455385.62458 20.088 0.097 4.32 492.0
2455385.72691 20.088 0.089 3.73 467.0
2455385.81184 19.942 0.095 4.50 381.0
2455385.84940 19.823 0.108 5.40 432.0
2455386.60899 20.100 0.107 4.46 343.0
2455386.74484 20.028 0.094 3.72 375.0
2455386.78315 19.991 0.097 4.08 378.0
2455386.82614 20.079 0.129 5.49 432.0
2455387.50533 19.825 0.073 3.17 424.0
2455387.61434 20.048 0.067 3.08 266.0
2455387.64965 20.106 0.072 3.10 294.0
2455387.68860 19.892 0.075 3.67 329.0
2455387.72720 19.902 0.069 3.42 324.0
2455387.76799 19.859 0.089 4.70 350.0
2455387.80918 19.851 0.120 6.58 431.0
2455388.46914 19.831 0.130 5.35 594.0
2455388.50676 19.996 0.114 4.88 377.0
2455388.56664 20.067 0.108 4.94 347.0
2455388.67908 19.943 0.095 5.16 279.0
2455388.76573 20.100 0.123 5.47 291.0
2455388.80902 19.642 0.093 6.06 357.0
2455389.46717 19.737 0.146 5.91 701.0
2455389.50607 20.634 0.242 6.03 402.0
2455389.54455 20.154 0.122 5.06 354.0
2455389.65186 20.085 0.118 5.45 300.0
2455389.75702 19.904 0.122 5.86 374.0
2455389.79629 19.752 0.134 7.07 422.0
2455389.83585 20.165 0.173 6.11 495.0
2455390.53932 20.073 0.142 6.03 386.0
2455390.58504 20.248 0.190 7.05 360.0
2455390.67075 19.974 0.134 6.15 392.0
2455390.72045 19.995 0.101 5.01 312.0
2455390.75870 19.943 0.089 4.67 321.0
2455390.79652 20.332 0.147 5.61 308.0
2455391.47145 19.873 0.169 6.55 575.0
2455391.53056 20.090 0.131 5.49 394.0
2455391.56790 20.228 0.184 6.66 354.0
2455391.65144 20.168 0.131 5.44 342.0
2455391.75856 19.840 0.116 5.39 455.0
2455391.82019 20.160 0.170 5.37 593.0
2455392.46759 19.721 0.128 5.70 653.0
2455392.50542 20.009 0.120 5.40 404.0
2455392.54442 20.226 0.142 5.24 394.0
2455392.62834 20.008 0.095 4.51 360.0
2455392.73796 19.883 0.080 4.16 337.0
2455392.79768 20.042 0.120 5.02 393.0
2455392.83520 20.143 0.210 6.96 510.0
2455393.65227 20.043 0.136 6.17 346.0
2455393.69069 20.203 0.146 5.82 315.0
2455393.72862 20.258 0.191 6.56 379.0
2455393.77412 19.791 0.122 6.26 392.0
2455395.80949 20.314 0.236 6.78 499.0
2455396.52650 20.042 0.178 6.47 540.0
2455396.60076 20.066 0.130 5.06 463.0
2455396.66389 20.175 0.153 5.61 431.0
2455396.77094 20.087 0.107 4.55 397.0
2455396.80908 20.182 0.227 7.89 434.0
2455397.61959 20.400 0.280 7.51 482.0
2455397.66426 19.897 0.133 6.20 438.0
2455397.70206 19.742 0.129 6.42 484.0
2455402.64042 19.971 0.218 6.63 876.0
2455402.65695 20.180 0.242 6.16 902.0
2455403.49325 20.129 0.132 3.98 804.0
2455403.53041 20.346 0.150 3.69 791.0
2455403.56793 20.114 0.136 4.12 796.0
2455403.60841 19.960 0.121 4.07 787.0
2455403.64776 20.187 0.154 4.33 798.0
2455403.68583 20.238 0.167 4.06 866.0
2455403.72679 20.016 0.154 4.44 973.0
2455403.76458 19.997 0.216 5.83 1156.0
2455404.46850 20.009 0.163 4.22 989.0
2455404.50641 20.082 0.129 4.04 588.0
2455404.54421 19.821 0.110 4.65 577.0
2455404.58202 20.184 0.164 4.79 581.0
2455404.62520 20.008 0.123 4.17 536.0
2455404.66462 20.153 0.142 4.27 556.0
2455404.70355 19.930 0.139 4.84 656.0
2455404.74304 19.786 0.135 5.32 724.0
2455404.78684 20.297 0.266 7.03 918.0
2455405.64154 19.836 0.134 5.75 468.0
2455405.68137 19.966 0.144 5.10 500.0
2455405.71923 19.963 0.135 5.05 542.0
2455405.75680 20.206 0.181 5.15 630.0
2455405.79438 19.846 0.189 5.14 1379.0
2455407.49599 20.011 0.133 6.01 338.0
2455407.53401 20.354 0.193 6.40 330.0
2455407.57230 20.307 0.202 6.81 348.0
2455407.61295 20.179 0.187 6.53 395.0
2455407.65116 20.166 0.157 5.33 408.0
2455407.69019 20.215 0.181 5.58 457.0
2455407.72824 20.119 0.173 5.47 527.0
2455407.76621 20.192 0.188 5.56 569.0
2455408.52023 19.990 0.160 6.65 436.0
2455408.56752 19.918 0.139 6.71 390.0
2455408.60754 20.086 0.130 5.36 405.0
2455408.64587 19.767 0.108 5.56 462.0
2455408.68460 20.248 0.157 5.26 461.0
2455408.72250 20.144 0.176 6.16 497.0
2455408.76023 19.813 0.156 6.38 655.0
2455409.47027 20.064 0.164 5.72 631.0
2455409.50804 20.198 0.151 6.01 360.0
2455409.59476 20.322 0.114 4.37 329.0
2455409.70129 20.173 0.135 5.04 423.0
2455409.76243 20.018 0.147 5.73 529.0
2455410.47113 19.987 0.159 5.31 701.0
2455410.51278 20.143 0.126 4.89 406.0
2455410.59790 19.969 0.091 4.66 323.0
2455410.70473 19.997 0.118 5.13 407.0
2455410.76668 20.140 0.151 5.25 563.0
2455411.48896 20.107 0.096 4.18 350.0
2455411.52687 20.074 0.096 4.38 329.0
2455411.63373 20.092 0.087 3.75 338.0
2455411.74160 19.827 0.101 5.00 468.0
2455412.51134 20.050 0.126 5.26 445.0
2455412.55080 19.945 0.119 4.99 524.0
2455412.59102 20.110 0.168 6.43 465.0
2455412.62943 19.953 0.123 5.63 411.0
2455412.67271 20.028 0.132 5.56 422.0
2455412.73356 20.174 0.168 6.11 452.0
2455413.49242 19.848 0.096 4.77 446.0
2455413.55313 20.188 0.118 4.73 369.0
2455413.66017 19.991 0.074 3.69 287.0
2455413.74462 19.898 0.102 5.58 332.0
2455414.47284 20.098 0.119 4.15 484.0
2455414.51059 20.089 0.098 4.19 334.0
2455414.59583 19.952 0.091 4.82 330.0
2455414.70747 20.205 0.127 4.85 376.0
2455416.63038 20.797 0.270 6.13 351.0
2455416.68548 19.818 0.116 6.50 374.0
2455418.54755 20.073 0.082 4.00 298.0
2455418.59763 19.981 0.089 4.61 298.0
2455418.64776 20.080 0.101 4.81 291.0
2455418.69717 20.244 0.142 5.24 346.0
2455421.50575 19.898 0.105 5.59 372.0
2455421.54891 20.142 0.111 4.69 365.0
2455421.56546 20.107 0.109 4.72 373.0
2455421.61019 19.893 0.089 5.03 336.0
2455421.65313 19.966 0.109 5.75 326.0
2455421.69555 20.109 0.119 5.86 300.0
2455422.48974 20.297 0.173 5.64 426.0
2455422.53047 20.025 0.135 5.80 413.0
2455422.62900 19.913 0.076 4.04 327.0
2455422.75679 19.922 0.149 6.95 421.0
2455423.51306 20.110 0.094 4.03 350.0
2455423.58468 20.200 0.108 4.36 344.0
2455423.69254 20.060 0.146 6.35 392.0
2455425.52139 19.989 0.097 4.26 422.0
2455430.51350 19.852 0.140 5.07 718.0
2455430.55959 19.936 0.132 4.70 654.0
2455430.59763 19.924 0.132 4.71 635.0
2455430.63666 20.201 0.185 4.96 697.0
2455431.47565 20.140 0.196 5.37 867.0
2455431.51438 20.063 0.126 4.37 674.0
2455431.55467 20.290 0.158 4.50 580.0
2455431.59242 20.240 0.150 4.51 588.0
2455431.63389 19.834 0.150 6.19 651.0
2455431.67305 19.882 0.183 6.93 717.0
2455432.65104 19.877 0.171 6.31 727.0
2455433.62940 20.716 0.299 5.50 652.0
2455433.67492 20.374 0.258 5.64 824.0
2455434.50557 20.247 0.176 5.26 501.0
2455434.55086 20.260 0.175 5.84 489.0
2455434.58930 20.250 0.171 4.56 547.0
2455434.63652 19.968 0.130 4.45 593.0
2455434.67895 20.002 0.172 5.73 686.0
2455435.47787 19.922 0.131 4.73 576.0
2455435.51785 19.894 0.122 5.48 474.0
2455435.56298 20.183 0.165 5.54 508.0
2455435.63384 20.075 0.129 4.06 537.0
2455435.68206 20.185 0.153 4.40 582.0
2455436.47574 20.006 0.167 5.72 661.0
2455436.54285 20.307 0.186 5.74 414.0
2455436.66003 19.638 0.094 4.48 534.0
2455437.49841 20.280 0.151 5.25 434.0
2455437.62199 20.020 0.096 3.55 421.0
2455438.51090 20.087 0.145 5.02 460.0
2455438.57316 20.530 0.235 5.72 418.0
2455438.65099 19.943 0.113 4.09 544.0
2455438.68862 19.997 0.120 4.54 515.0
2455439.52063 20.110 0.176 6.25 446.0
2455439.56693 20.098 0.151 5.32 440.0
2455439.60440 20.174 0.179 6.24 411.0
2455439.64256 20.015 0.157 6.11 426.0
2455443.49609 19.845 0.126 6.62 424.0
2455443.53503 20.433 0.194 6.09 406.0
2455443.58089 20.016 0.128 5.58 427.0
2455443.61870 19.916 0.130 6.11 443.0
2455443.66110 20.179 0.148 5.55 436.0
2455444.48441 20.248 0.185 6.17 445.0
2455444.53449 20.413 0.204 6.23 354.0
2455444.59109 19.880 0.111 5.59 369.0
2455444.63315 19.925 0.130 5.75 467.0
2455444.67127 20.161 0.204 6.92 503.0
2455445.53703 20.031 0.132 5.59 427.0
2455445.64092 20.199 0.135 4.72 431.0
2455445.68006 20.127 0.128 5.03 464.0
2455446.51547 19.928 0.112 5.02 420.0
2455446.56125 20.004 0.120 4.96 426.0
2455446.60107 19.727 0.101 5.42 402.0
2455446.64029 20.209 0.152 5.61 396.0
2455447.48776 20.091 0.102 3.95 423.0
2455447.53100 20.121 0.125 4.71 400.0
2455447.57026 19.925 0.106 5.33 396.0
2455447.63569 20.186 0.159 6.48 387.0
2455448.50832 20.076 0.141 6.04 404.0
2455448.54703 20.057 0.132 5.02 430.0
2455448.56181 20.013 0.123 4.74 427.0
2455448.66308 19.566 0.108 7.49 468.0
2455449.50309 19.656 0.108 6.18 421.0
2455449.61735 19.708 0.100 5.38 484.0
2455450.50599 20.024 0.130 5.54 435.0
2455450.54362 19.970 0.131 5.69 436.0
2455450.58690 20.240 0.162 5.50 426.0
2455450.63182 20.084 0.187 6.79 504.0
2455451.63095 20.738 0.248 5.38 389.0
2455453.54121 19.936 0.255 5.65 1763.0
2455453.65853 19.660 0.172 5.01 1713.0
2455457.47452 20.263 0.251 3.59 2398.0
2455457.54227 20.109 0.115 4.83 542.0
2455457.59897 20.160 0.153 5.73 639.0
2455458.47602 20.049 0.273 4.90 2073.0
2455458.52487 19.997 0.196 6.63 641.0
2455458.58336 20.171 0.173 5.40 677.0
2455459.49169 19.844 0.126 5.48 579.0
2455459.54618 20.140 0.146 4.33 580.0
2455459.59036 19.775 0.114 5.00 665.0
2455460.53584 19.868 0.199 5.73 1118.0
2455461.49659 19.577 0.169 6.46 1218.0
2455462.47773 20.107 0.286 5.50 1779.0
2455462.53116 19.718 0.110 4.76 609.0
2455462.62159 19.773 0.156 5.82 844.0
2455463.50192 19.861 0.112 4.50 615.0
2455463.54398 19.752 0.106 4.68 623.0
2455464.49217 19.871 0.119 5.46 479.0
2455464.53397 19.779 0.102 4.48 569.0
2455465.50788 20.100 0.183 6.86 467.0
2455467.48107 20.095 0.227 5.63 1078.0
2455468.55061 20.288 0.226 7.09 502.0
2455469.60543 19.975 0.122 4.89 548.0
2455471.51534 20.149 0.149 5.33 445.0
2455471.58377 19.861 0.112 5.15 475.0
2455472.54340 20.322 0.210 6.11 517.0
2455472.54945 20.371 0.238 6.33 601.0
2455473.49911 19.703 0.122 5.96 494.0
2455476.49032 19.982 0.175 5.71 607.0
2455477.53733 20.471 0.239 5.34 572.0
2455479.50653 19.910 0.147 6.17 492.0
2455480.48841 19.714 0.150 5.56 851.0
2455480.55745 19.832 0.169 6.98 643.0
2455481.52814 19.953 0.207 7.17 636.0
2455487.54293 19.679 0.137 6.17 761.0
2455488.53012 19.740 0.137 5.28 857.0
2455489.51650 19.888 0.181 5.93 748.0
2455490.51665 20.102 0.292 7.22 823.0
2455492.50211 19.528 0.186 7.33 962.0
2455494.52675 19.692 0.194 6.91 917.0
2455595.86387 20.125 0.194 6.33 578.0
2455596.85861 19.752 0.119 6.27 516.0
2455597.85811 20.005 0.123 5.69 407.0
2455598.85338 19.983 0.115 5.06 442.0
2455599.85414 19.857 0.103 4.67 416.0
2455600.85062 19.827 0.111 6.09 443.0
2455601.88615 20.049 0.179 5.55 752.0
2455602.85867 20.041 0.176 6.96 475.0
2455604.86694 19.835 0.137 6.48 452.0
2455605.86501 20.109 0.105 4.40 402.0
2455606.86274 19.966 0.116 5.31 408.0
2455607.86594 19.666 0.082 5.11 416.0
2455608.85911 19.951 0.154 7.39 383.0
2455610.88722 20.052 0.152 4.76 705.0
2455612.86163 20.156 0.164 5.37 567.0
2455614.84706 19.957 0.131 5.13 595.0
2455615.85538 20.157 0.137 4.45 529.0
2455616.84754 19.781 0.133 5.72 585.0
2455620.81205 20.017 0.154 6.58 402.0
2455621.83898 19.827 0.093 4.92 378.0
2455622.87358 19.913 0.079 4.16 307.0
2455624.83191 20.255 0.142 4.90 379.0
2455625.81114 20.301 0.159 5.35 401.0
2455626.80149 19.923 0.166 7.50 625.0
2455627.83542 19.921 0.094 4.72 344.0
2455628.84616 20.087 0.113 4.89 346.0
2455629.81434 20.157 0.123 4.95 337.0
2455630.79175 19.925 0.103 5.34 381.0
2455631.79753 20.246 0.236 7.77 639.0
2455632.82678 19.771 0.094 5.09 394.0
2455633.78248 20.180 0.121 4.85 391.0
2455634.83889 19.901 0.108 5.39 357.0
2455635.84628 20.057 0.135 5.78 472.0
2455637.79983 19.862 0.140 6.13 518.0
2455638.78624 20.241 0.192 5.62 586.0
2455639.78180 20.390 0.202 4.89 622.0
2455639.85754 20.081 0.106 3.71 482.0
2455640.78645 19.916 0.163 5.77 678.0
2455640.82477 20.056 0.141 4.60 597.0
2455640.87244 20.025 0.118 4.34 548.0
2455640.91334 20.020 0.183 5.79 945.0
2455641.77926 20.222 0.159 4.81 633.0
2455641.82164 20.279 0.158 4.59 560.0
2455641.85984 20.895 0.268 4.71 537.0
2455641.90448 20.117 0.145 6.05 534.0
2455642.78157 19.869 0.121 4.63 666.0
2455642.84059 20.054 0.135 4.87 606.0
2455642.90047 20.268 0.181 6.16 561.0
2455643.75611 20.040 0.151 4.82 757.0
2455643.79430 20.081 0.145 4.67 657.0
2455643.85416 19.923 0.099 3.75 615.0
2455643.89501 20.313 0.141 4.43 559.0
2455644.81347 20.170 0.159 4.59 699.0
2455644.87124 19.807 0.110 4.33 745.0
2455647.76726 19.993 0.121 4.60 564.0
2455647.85069 19.977 0.103 4.42 475.0
2455647.86732 20.134 0.141 5.10 553.0
2455647.88331 19.792 0.111 5.33 621.0
2455647.90114 20.253 0.203 6.50 680.0
2455648.74585 19.840 0.130 6.81 372.0
2455648.80837 20.010 0.095 4.49 350.0
2455648.85239 19.903 0.078 3.93 342.0
2455648.89561 20.052 0.113 5.69 344.0
2455649.75165 20.133 0.110 5.29 304.0
2455649.79083 20.044 0.091 4.42 304.0
2455649.85827 19.847 0.076 4.49 299.0
2455649.89678 20.336 0.127 5.42 313.0
2455650.74200 20.106 0.117 5.48 333.0
2455650.78271 19.989 0.078 4.10 290.0
2455650.84507 20.109 0.098 4.84 315.0
2455650.88925 20.079 0.122 6.92 329.0
2455651.76436 20.104 0.107 4.59 331.0
2455651.80703 19.877 0.084 4.27 321.0
2455651.87765 20.180 0.125 5.19 342.0
2455652.74445 20.036 0.097 4.83 322.0
2455652.80589 19.918 0.072 3.96 291.0
2455652.84819 20.100 0.091 4.28 300.0
2455653.77283 20.022 0.083 3.97 328.0
2455653.90196 19.876 0.064 3.49 310.0
2455654.77425 20.179 0.121 4.72 344.0
2455654.82449 20.120 0.108 5.22 308.0
2455654.86604 20.004 0.089 4.70 303.0
2455654.91906 20.055 0.149 6.71 582.0
2455655.76581 19.947 0.110 4.96 395.0
2455655.80383 20.111 0.112 4.20 372.0
2455655.84200 19.925 0.078 4.03 343.0
2455655.88898 19.970 0.099 5.73 323.0
2455656.78386 19.931 0.094 4.54 383.0
2455656.82747 19.860 0.069 3.64 349.0
2455656.87183 19.984 0.084 4.73 333.0
2455657.77515 20.008 0.080 3.55 348.0
2455657.81386 19.935 0.076 3.67 342.0
2455657.85926 19.908 0.078 4.18 335.0
2455657.90390 20.180 0.117 5.13 319.0
2455658.76894 19.902 0.108 5.78 462.0
2455658.81018 20.321 0.148 5.50 311.0
2455658.86713 20.427 0.148 5.21 305.0
2455658.90861 20.117 0.127 5.64 302.0
2455659.72394 20.139 0.121 5.07 372.0
2455659.76148 20.007 0.093 4.48 327.0
2455659.80080 20.204 0.115 4.83 340.0
2455659.83975 20.381 0.158 5.78 320.0
2455659.88880 19.955 0.087 4.51 308.0
2455660.76227 20.250 0.133 5.92 317.0
2455660.80271 20.195 0.114 5.23 305.0
2455660.85908 19.988 0.125 6.35 313.0
2455660.91748 19.803 0.108 5.68 361.0
2455662.75358 20.420 0.201 6.47 367.0
2455662.79385 20.093 0.103 4.44 370.0
2455662.85394 19.814 0.086 4.86 410.0
2455662.89521 20.142 0.113 4.45 407.0
2455663.75182 20.161 0.124 5.01 365.0
2455664.75775 20.103 0.153 6.38 446.0
2455664.80027 20.261 0.130 4.96 347.0
2455664.86002 20.112 0.141 5.95 382.0
2455664.90390 19.901 0.093 4.61 363.0
2455665.72117 20.035 0.141 6.01 420.0
2455665.76650 20.012 0.136 6.04 360.0
2455665.83686 20.099 0.092 4.70 300.0
2455665.88370 19.943 0.090 4.79 320.0
2455665.92389 19.818 0.084 3.89 523.0
2455667.76059 19.976 0.095 4.23 451.0
2455667.81253 20.070 0.105 4.69 408.0
2455667.85477 19.958 0.088 4.49 382.0
2455667.90820 19.870 0.076 4.12 305.0
2455668.73812 19.890 0.126 5.10 595.0
2455668.81464 19.690 0.091 4.48 602.0
2455668.87369 19.836 0.118 4.84 640.0
2455668.91386 20.064 0.151 4.77 713.0
2455669.76206 20.288 0.159 4.30 667.0
2455669.80198 19.915 0.117 4.67 644.0
2455669.85225 19.891 0.111 4.76 621.0
2455669.90366 20.043 0.148 4.53 676.0
2455670.73765 20.161 0.276 4.85 2136.0
2455670.77657 19.987 0.126 4.43 718.0
2455670.84037 19.823 0.136 5.42 731.0
2455670.88280 20.174 0.160 4.18 779.0
2455670.92280 19.791 0.114 4.53 796.0
2455671.75976 20.167 0.148 4.14 780.0
2455675.72188 19.961 0.102 3.88 514.0
2455675.76032 20.075 0.121 4.28 516.0
2455675.79880 19.952 0.113 4.77 460.0
2455675.85706 20.276 0.152 4.83 469.0
2455675.91195 20.070 0.153 5.87 478.0
2455676.68657 20.545 0.101 4.29 139.0
2455676.72555 19.809 0.062 4.31 220.0
2455676.76501 19.969 0.074 4.57 252.0
2455676.80437 19.897 0.078 4.22 362.0
2455676.86463 20.032 0.095 4.42 360.0
2455676.91466 19.842 0.084 4.51 379.0
2455677.71950 19.840 0.082 4.68 360.0
2455677.76161 20.179 0.105 4.14 377.0
2455677.80386 20.397 0.172 5.74 373.0
2455677.86522 19.997 0.097 4.48 366.0
2455677.90673 20.206 0.108 4.06 366.0
2455679.68411 20.192 0.138 4.97 393.0
2455679.72572 20.001 0.098 4.26 359.0
2455679.77755 20.125 0.117 5.00 359.0
2455679.81880 20.277 0.154 5.52 387.0
2455679.87067 20.057 0.104 4.07 387.0
2455679.90912 19.891 0.094 4.88 407.0
2455680.67168 19.882 0.105 4.89 390.0
2455680.71025 19.831 0.111 5.90 350.0
2455680.74954 20.069 0.114 4.89 348.0
2455680.79943 19.868 0.090 4.95 340.0
2455680.85396 19.983 0.102 4.67 363.0
2455680.89592 19.968 0.094 4.46 355.0
2455681.66254 19.886 0.119 5.68 451.0
2455681.70087 20.268 0.135 4.99 377.0
2455681.73967 20.111 0.096 4.08 364.0
2455681.79096 19.936 0.105 5.55 348.0
2455681.84482 20.123 0.123 4.73 429.0
2455681.88708 20.237 0.134 4.48 455.0
2455681.92654 19.730 0.096 5.04 499.0
2455682.68940 20.102 0.134 5.19 479.0
2455682.73077 20.347 0.147 4.99 415.0
2455682.77937 20.094 0.108 4.67 399.0
2455682.83213 20.075 0.106 4.26 423.0
2455682.85779 19.940 0.099 4.44 452.0
2455682.86796 19.909 0.093 4.25 452.0
2455682.91034 20.050 0.153 5.96 473.0
2455683.66024 20.222 0.135 5.01 436.0
2455683.71174 19.853 0.082 4.46 385.0
2455683.79104 20.134 0.106 4.25 394.0
2455683.83174 19.885 0.081 3.94 414.0
2455683.89152 20.220 0.127 4.09 480.0
2455683.93299 19.865 0.136 4.73 928.0
2455684.69402 20.003 0.109 5.09 385.0
2455684.74431 20.180 0.100 4.10 360.0
2455684.79428 20.257 0.125 4.88 361.0
2455684.86489 19.840 0.097 4.77 392.0
2455684.90541 20.086 0.120 4.74 399.0
2455685.65687 19.755 0.093 5.46 397.0
2455685.78096 19.847 0.068 3.78 339.0
2455685.81988 19.868 0.066 3.62 334.0
2455685.87471 20.128 0.098 3.86 360.0
2455685.91691 19.902 0.096 5.05 396.0
2455686.67083 19.966 0.117 5.58 419.0
2455686.73022 20.259 0.125 4.84 378.0
2455686.78638 19.930 0.070 3.31 383.0
2455686.83481 19.897 0.105 5.30 408.0
2455686.87694 19.958 0.105 4.52 408.0
2455686.91592 19.792 0.110 5.99 419.0
2455687.67092 20.091 0.153 6.20 526.0
2455687.71572 19.982 0.103 5.00 464.0
2455687.76656 19.814 0.087 5.08 379.0
2455687.81857 19.722 0.073 4.59 357.0
2455688.83062 19.912 0.105 5.45 359.0
2455688.88404 20.444 0.150 4.64 371.0
2455689.67419 20.255 0.146 5.49 381.0
2455689.73880 19.986 0.098 4.95 330.0
2455689.78722 20.011 0.078 3.86 314.0
2455689.82766 19.590 0.074 5.78 300.0
2455690.65488 20.298 0.140 5.17 364.0
2455690.70503 19.978 0.096 5.18 317.0
2455690.76653 20.723 0.225 5.57 346.0
2455690.80744 20.475 0.163 4.97 357.0
2455691.61978 20.106 0.180 6.91 689.0
2455691.68702 19.917 0.096 5.14 378.0
2455691.74505 20.043 0.108 5.06 352.0
2455691.78928 20.062 0.125 5.75 391.0
2455691.83863 20.203 0.140 5.06 401.0
2455691.87739 20.170 0.130 5.26 403.0
2455692.68205 20.275 0.139 4.85 448.0
2455692.74136 19.980 0.109 5.43 395.0
2455692.77911 19.832 0.100 5.56 433.0
2455692.81964 20.102 0.129 4.75 508.0
2455692.85768 20.152 0.125 4.19 524.0
2455692.89605 20.102 0.139 4.88 605.0
2455692.93585 20.043 0.205 6.81 726.0
2455693.64649 20.312 0.173 5.64 491.0
2455693.70597 19.796 0.078 4.16 422.0
2455693.76515 20.071 0.088 3.85 389.0
2455693.80298 19.935 0.084 3.79 436.0
2455693.84167 19.979 0.093 3.68 500.0
2455693.87957 19.936 0.111 4.50 575.0
2455693.92143 20.183 0.170 6.06 668.0
2455694.62410 20.030 0.128 4.62 586.0
2455694.65856 19.824 0.102 4.63 552.0
2455694.71128 20.618 0.209 4.80 493.0
2455694.76569 20.324 0.155 4.65 488.0
2455694.81179 19.852 0.085 4.15 461.0
2455694.84972 20.008 0.108 4.83 425.0
2455694.88731 20.224 0.159 5.45 511.0
2455694.92475 19.736 0.116 6.39 539.0
2455695.60975 20.060 0.194 6.78 816.0
2455695.62840 19.885 0.147 6.52 519.0
2455695.68109 20.342 0.180 4.77 666.0
2455695.76263 19.982 0.105 4.86 425.0
2455695.81265 19.896 0.089 3.63 546.0
2455695.85156 20.069 0.091 4.09 366.0
2455695.88934 19.894 0.092 4.89 383.0
2455695.92693 20.004 0.117 6.39 402.0
2455696.61735 20.391 0.224 4.87 726.0
2455696.65850 19.824 0.114 4.65 618.0
2455696.71531 19.991 0.115 4.46 504.0
2455696.75467 19.861 0.098 4.69 464.0
2455696.79649 20.161 0.128 4.37 510.0
2455696.83949 20.083 0.129 4.20 564.0
2455696.88137 20.162 0.159 5.62 512.0
2455696.93737 20.046 0.217 7.41 892.0
2455697.62665 19.709 0.109 4.42 770.0
2455697.67405 19.845 0.101 3.96 643.0
2455697.72165 19.882 0.117 4.62 629.0
2455697.76057 20.061 0.130 4.61 617.0
2455697.80398 20.121 0.130 3.93 704.0
2455697.84160 20.227 0.139 3.77 674.0
2455697.88625 19.812 0.110 4.69 697.0
2455697.92700 19.921 0.143 6.54 680.0
2455698.61933 19.723 0.156 4.92 1398.0
2455698.66709 20.397 0.237 4.49 1111.0
2455698.70750 20.194 0.211 4.89 1030.0
2455698.74741 20.464 0.264 4.81 976.0
2455698.78595 20.347 0.240 5.41 951.0
2455698.82861 19.911 0.149 4.47 1064.0
2455698.86646 20.131 0.185 4.97 1111.0
2455698.90800 20.137 0.277 6.77 1267.0
2455702.59562 19.801 0.165 5.87 1063.0
2455702.61894 19.721 0.155 6.38 782.0
2455702.68890 19.799 0.184 7.32 842.0
2455702.74392 20.006 0.236 6.23 1403.0
2455702.77487 19.898 0.146 5.83 634.0
2455702.87216 20.231 0.206 6.12 675.0
2455703.73145 19.939 0.155 7.20 522.0
2455703.78134 20.221 0.217 7.51 544.0
2455703.84851 19.933 0.188 7.60 597.0
2455705.72497 20.333 0.156 5.41 395.0
2455705.76732 20.308 0.182 6.29 414.0
2455705.82064 20.043 0.111 4.66 404.0
2455705.87231 19.837 0.132 6.26 517.0
2455705.91782 20.017 0.213 8.52 578.0
2455706.65863 20.070 0.133 5.95 431.0
2455706.75515 20.164 0.170 6.94 458.0
2455706.80720 20.042 0.175 7.27 465.0
2455706.87276 20.089 0.180 6.72 583.0
2455707.60326 20.167 0.129 5.16 391.0
2455707.65054 20.330 0.133 4.84 353.0
2455707.69778 20.059 0.117 5.06 385.0
2455707.73595 19.910 0.112 5.49 410.0
2455707.77630 19.955 0.095 4.12 439.0
2455707.81597 20.032 0.101 4.19 436.0
2455707.85512 20.595 0.236 5.55 548.0
2455707.89713 20.019 0.153 6.01 587.0
2455708.56912 20.023 0.209 7.60 573.0
2455708.62149 20.752 0.290 6.44 466.0
2455708.67784 19.701 0.082 5.20 343.0
2455708.72711 20.111 0.116 5.28 339.0
2455708.76786 20.304 0.169 6.14 412.0
2455708.81677 20.073 0.128 5.32 413.0
2455708.86208 19.925 0.143 6.53 465.0
2455709.59615 20.130 0.139 5.99 351.0
2455709.65123 20.242 0.119 5.07 310.0
2455711.78176 19.586 0.106 6.98 385.0
2455712.61228 20.039 0.110 4.48 467.0
2455712.69596 19.933 0.094 4.77 402.0
2455712.73570 19.920 0.081 4.07 404.0
2455712.77833 20.088 0.102 4.08 418.0
2455712.81813 20.090 0.135 5.63 401.0
2455712.86093 20.227 0.181 6.39 475.0
2455713.74255 20.281 0.123 4.63 345.0
2455713.83250 20.204 0.137 5.39 367.0
2455714.62880 20.145 0.133 5.98 375.0
2455714.64247 20.006 0.107 5.69 291.0
2455714.85716 20.099 0.160 6.60 405.0
2455715.57520 19.971 0.127 5.96 395.0
2455715.59207 19.927 0.103 5.33 372.0
2455715.63279 20.031 0.097 4.54 345.0
2455715.68563 20.279 0.118 4.82 328.0
2455715.73211 20.288 0.114 4.53 321.0
2455715.77802 20.046 0.094 4.44 323.0
2455715.82191 19.794 0.091 5.55 364.0
2455715.86164 19.980 0.125 6.46 391.0
2455715.91814 20.438 0.263 7.47 532.0
2455716.65264 20.060 0.113 5.42 326.0
2455716.71705 19.821 0.080 5.01 289.0
2455716.75727 20.232 0.137 5.64 311.0
2455716.80101 20.139 0.123 5.45 307.0
2455716.83994 20.468 0.188 5.98 350.0
2455716.88041 20.012 0.137 6.28 411.0
2455721.56127 19.865 0.116 4.60 573.0
2455721.57523 20.112 0.129 3.92 624.0
2455721.72749 20.235 0.141 5.42 389.0
2455721.74193 20.339 0.151 4.95 384.0
2455721.79260 20.005 0.119 5.24 391.0
2455721.83169 20.026 0.153 6.18 453.0
2455721.88363 20.242 0.212 6.42 544.0
2455722.55866 19.890 0.100 4.42 542.0
2455722.57200 20.426 0.139 3.54 518.0
2455722.63147 20.057 0.104 4.12 437.0
2455722.68634 19.918 0.100 4.70 377.0
2455722.72799 20.058 0.105 3.96 433.0
2455722.74210 20.041 0.098 3.75 428.0
2455722.79129 19.925 0.099 4.27 478.0
2455722.83277 20.246 0.152 5.22 493.0
2455723.57298 20.124 0.134 4.52 487.0
2455723.62116 20.043 0.115 4.84 409.0
2455723.66876 19.998 0.106 4.73 389.0
2455723.71010 20.040 0.098 4.34 375.0
2455723.75080 20.078 0.107 3.91 406.0
2455723.78922 20.025 0.097 4.25 385.0
2455723.82836 20.379 0.159 5.20 389.0
2455723.86780 19.962 0.157 7.79 456.0
2455724.57217 20.118 0.179 5.09 666.0
2455724.64917 19.939 0.134 5.24 497.0
2455724.70131 20.409 0.202 5.61 444.0
2455724.75123 20.336 0.167 4.66 450.0
2455724.80170 20.612 0.252 5.63 487.0
2455725.54227 19.945 0.128 4.68 647.0
2455725.61839 19.988 0.093 3.67 503.0
2455725.68494 20.188 0.119 4.20 558.0
2455725.72560 20.177 0.115 3.42 618.0
2455725.76479 20.044 0.123 4.28 615.0
2455725.81110 19.822 0.125 5.51 660.0
2455726.56622 20.170 0.207 4.98 989.0
2455726.61330 20.430 0.231 4.89 869.0
2455726.65115 20.066 0.166 4.96 831.0
2455726.69895 19.859 0.101 3.64 786.0
2455726.74023 19.572 0.153 4.90 1585.0
2455726.78572 19.600 0.162 5.52 1363.0
2455734.59342 19.935 0.147 6.97 372.0
2455734.67496 20.008 0.120 5.26 395.0
2455734.72014 19.716 0.116 6.61 465.0
2455734.76591 20.173 0.165 6.28 447.0
2455734.80935 20.451 0.234 6.39 464.0
2455735.64751 19.959 0.127 6.79 380.0
2455735.69300 20.228 0.144 5.89 344.0
2455735.75532 20.107 0.127 5.29 399.0
2455735.80422 20.013 0.124 5.40 418.0
2455735.85100 19.727 0.120 5.87 534.0
2455736.50826 20.151 0.175 5.73 601.0
2455736.55126 19.814 0.101 5.12 438.0
2455736.58923 19.966 0.092 4.24 376.0
2455736.63354 19.982 0.078 4.10 299.0
2455736.67356 19.963 0.088 4.73 308.0
2455736.72654 20.134 0.084 4.10 286.0
2455736.74329 19.988 0.085 4.28 317.0
2455736.79968 20.033 0.106 4.49 391.0
2455736.84678 20.201 0.143 4.92 457.0
2455736.89355 20.287 0.233 6.77 620.0
2455737.53446 20.140 0.125 4.44 474.0
2455737.57444 20.103 0.100 4.17 369.0
2455737.62714 19.973 0.073 3.55 320.0
2455737.66947 19.972 0.069 3.66 271.0
2455737.72399 20.229 0.095 4.01 273.0
2455737.76340 20.052 0.092 4.44 311.0
2455737.80411 19.771 0.075 4.48 342.0
2455737.84969 20.117 0.132 5.06 439.0
2455737.89035 20.387 0.208 5.69 544.0
2455738.60270 19.992 0.096 4.72 318.0
2455738.65582 20.204 0.093 3.76 310.0
2455738.71026 20.266 0.115 4.51 329.0
2455738.74978 19.802 0.074 4.35 340.0
2455739.54088 19.883 0.117 5.24 448.0
2455739.57909 19.856 0.108 5.51 358.0
2455739.61968 20.314 0.120 4.72 302.0
2455739.68684 20.250 0.118 4.86 282.0
2455739.72635 19.914 0.082 4.31 306.0
2455739.76529 20.061 0.104 4.81 357.0
2455739.80777 19.752 0.110 6.17 410.0
2455740.51502 19.930 0.122 5.11 479.0
2455740.55971 20.152 0.175 5.91 445.0
2455740.62142 20.396 0.238 7.72 321.0
2455740.66332 19.932 0.107 5.43 321.0
2455740.72404 20.094 0.111 4.69 334.0
2455740.76383 20.058 0.103 4.39 365.0
2455740.80847 20.121 0.143 5.61 427.0
2455740.84670 19.586 0.115 6.74 498.0
2455741.49542 19.788 0.125 5.92 503.0
2455741.53364 19.908 0.098 4.45 414.0
2455741.57896 20.051 0.106 4.48 346.0
2455741.61676 20.201 0.127 5.16 307.0
2455741.65482 20.214 0.111 4.62 283.0
2455741.71602 20.221 0.116 4.21 319.0
2455741.75756 19.977 0.084 4.07 292.0
2455741.79598 19.817 0.081 4.08 349.0
2455741.83399 20.043 0.115 4.59 410.0
2455741.87217 19.638 0.081 4.76 461.0
2455742.50583 20.026 0.141 4.69 605.0
2455742.54879 20.439 0.199 4.86 525.0
2455742.58992 19.885 0.100 4.98 365.0
2455742.63846 20.024 0.085 4.18 304.0
2455742.69027 20.093 0.090 3.96 299.0
2455742.72926 19.939 0.076 3.78 298.0
2455742.76727 20.012 0.082 3.50 349.0
2455742.80559 19.947 0.082 3.71 359.0
2455742.84579 20.264 0.131 4.62 421.0
2455743.60081 19.895 0.126 6.07 408.0
2455743.63954 20.092 0.140 5.93 338.0
2455743.68048 20.420 0.163 5.00 339.0
2455743.74025 20.387 0.186 5.75 425.0
2455743.77845 20.219 0.174 5.96 432.0
2455743.81649 20.047 0.145 5.31 454.0
2455743.85421 20.104 0.197 6.24 576.0
2455744.49807 19.978 0.177 6.44 593.0
2455744.53614 20.379 0.198 5.46 459.0
2455744.57462 19.968 0.140 6.08 410.0
2455744.61279 19.826 0.102 5.19 410.0
2455744.67365 19.972 0.101 4.99 349.0
2455744.74558 19.790 0.083 4.82 329.0
2455744.79165 19.847 0.086 4.52 354.0
2455744.83798 19.963 0.153 6.43 455.0
2455745.52567 20.115 0.163 6.65 396.0
2455745.57241 19.673 0.093 5.97 349.0
2455745.61263 19.935 0.147 7.00 379.0
2455745.66209 20.022 0.099 4.51 347.0
2455745.71173 20.018 0.105 5.02 355.0
2455745.74971 20.237 0.126 4.96 343.0
2455745.78778 19.905 0.129 6.51 342.0
2455745.87616 20.109 0.241 7.69 559.0
2455746.58455 20.106 0.105 4.52 344.0
2455746.62222 19.917 0.108 5.62 331.0
2455746.67788 20.647 0.236 6.39 321.0
2455746.72873 19.783 0.097 5.91 323.0
2455746.76645 20.412 0.190 5.91 371.0
2455746.80880 19.704 0.114 6.42 415.0
2455747.62754 20.272 0.183 6.62 347.0
2455747.67387 20.274 0.211 7.58 340.0
2455747.71686 19.869 0.113 6.14 340.0
2455748.60470 19.850 0.098 4.69 462.0
2455748.65484 19.979 0.119 5.74 366.0
2455749.50016 20.494 0.297 7.34 484.0
2455749.53798 20.103 0.134 5.69 403.0
2455749.57586 20.179 0.143 5.81 351.0
2455749.61537 19.830 0.084 4.63 352.0
2455749.66542 19.909 0.125 6.76 330.0
2455749.70456 20.399 0.193 6.50 317.0
2455749.74279 20.284 0.185 6.70 338.0
2455749.78129 20.165 0.176 7.02 355.0
2455752.54445 20.102 0.198 6.59 571.0
2455752.58230 20.455 0.267 6.56 550.0
2455752.63564 19.714 0.120 5.62 582.0
2455752.68273 20.080 0.222 5.58 1203.0
2455752.73338 19.803 0.097 5.38 431.0
2455752.77328 20.364 0.281 6.25 853.0
2455753.51931 19.450 0.248 6.98 3254.0
2455753.70959 20.275 0.228 5.51 941.0
2455760.46500 19.679 0.171 6.02 1153.0
2455760.50293 19.760 0.127 6.23 504.0
2455760.55928 20.235 0.177 5.52 529.0
2455760.65368 19.881 0.121 5.83 465.0
2455760.69961 19.877 0.131 5.85 522.0
2455760.74844 20.144 0.134 4.69 519.0
2455760.78643 19.774 0.106 4.82 588.0
2455760.82406 20.231 0.220 5.86 731.0
2455761.51936 20.007 0.078 3.94 341.0
2455761.56253 20.009 0.066 3.32 333.0
2455762.48360 19.864 0.105 4.71 406.0
2455762.52423 19.741 0.104 5.41 396.0
2455762.56241 19.922 0.115 5.55 381.0
2455762.60424 19.904 0.098 4.76 368.0
2455762.64321 20.107 0.145 6.02 363.0
2455762.71876 19.858 0.124 5.55 417.0
2455763.47451 19.889 0.113 4.65 539.0
2455763.51716 20.147 0.107 4.00 413.0
2455763.55885 20.083 0.082 3.38 360.0
2455763.61291 20.134 0.131 5.58 354.0
2455763.66104 19.978 0.097 4.58 375.0
2455763.70144 20.525 0.208 5.60 445.0
2455763.74641 20.540 0.212 5.03 563.0
2455763.78440 20.137 0.201 6.53 596.0
2455764.47895 19.832 0.095 4.27 456.0
2455764.52302 20.150 0.110 4.44 359.0
2455764.56273 20.125 0.118 4.61 418.0
2455764.60508 20.181 0.115 4.73 352.0
2455764.65307 19.858 0.078 4.67 298.0
2455764.70121 20.068 0.098 4.26 344.0
2455764.74730 19.844 0.108 5.37 414.0
2455765.48159 20.143 0.132 4.76 496.0
2455765.52438 20.094 0.131 4.99 471.0
2455765.57634 20.002 0.086 3.75 410.0
2455765.63203 20.121 0.110 4.07 450.0
2455765.67545 20.173 0.132 4.74 456.0
2455765.72043 20.082 0.131 5.46 417.0
2455765.76367 19.755 0.130 7.08 451.0
2455766.49399 20.275 0.157 5.64 373.0
2455766.53357 19.948 0.104 5.32 338.0
2455766.59782 19.851 0.067 3.83 291.0
2455766.63726 20.305 0.120 4.47 304.0
2455766.67806 20.078 0.103 4.91 299.0
2455766.72272 20.545 0.223 6.69 314.0
2455767.47112 19.742 0.143 6.42 569.0
2455767.51494 19.910 0.118 5.53 404.0
2455767.55806 20.309 0.152 4.89 424.0
2455767.60217 19.896 0.124 6.33 390.0
2455767.66998 20.053 0.113 4.65 409.0
2455767.72379 19.713 0.097 5.55 392.0
2455767.76586 20.183 0.207 7.51 396.0
2455767.80699 20.213 0.236 8.01 479.0
2455768.50048 20.070 0.115 5.18 382.0
2455768.55175 19.826 0.088 4.80 399.0
2455768.60242 20.046 0.095 4.81 341.0
2455768.64948 19.998 0.089 4.42 344.0
2455768.69724 19.878 0.079 4.39 338.0
2455768.73975 19.729 0.084 4.95 400.0
2455768.78007 20.291 0.146 4.71 485.0
2455769.48527 20.201 0.157 5.67 422.0
2455769.52741 20.033 0.091 4.37 341.0
2455769.58023 20.294 0.132 5.16 304.0
2455769.63597 19.714 0.067 4.62 288.0
2455769.69268 20.011 0.095 4.54 311.0
2455769.78523 19.898 0.149 7.41 444.0
2455770.72504 20.004 0.123 4.97 411.0
2455775.60765 19.924 0.114 6.07 304.0
2455776.62101 20.377 0.206 6.80 347.0
2455776.68684 20.104 0.136 5.75 348.0
2455776.73620 20.416 0.243 7.44 356.0
2455777.49243 20.107 0.116 4.73 428.0
2455777.54252 20.017 0.080 3.82 369.0
2455777.58902 19.930 0.104 5.72 353.0
2455777.66923 19.955 0.083 4.45 326.0
2455777.71981 20.036 0.101 4.70 350.0
2455778.47586 19.984 0.173 6.26 528.0
2455778.52744 19.967 0.151 6.11 457.0
2455778.57389 20.204 0.174 5.59 490.0
2455778.62205 20.084 0.163 5.48 554.0
2455779.61145 19.789 0.075 4.28 347.0
2455779.65775 19.753 0.089 5.10 371.0
2455779.71026 19.944 0.108 5.32 377.0
2455784.49663 20.237 0.276 4.71 1592.0
2455784.60831 19.758 0.093 3.79 632.0
2455784.70108 19.609 0.124 5.86 756.0
2455785.47384 19.745 0.165 6.13 751.0
2455785.59027 19.919 0.138 5.10 581.0
2455785.63943 19.976 0.166 5.76 609.0
2455785.68041 19.786 0.140 6.00 656.0
2455786.52115 20.052 0.207 6.45 648.0
2455786.58342 19.855 0.133 5.29 578.0
2455786.67016 19.970 0.158 5.58 599.0
2455786.72712 19.510 0.146 7.31 786.0
2455787.48927 20.143 0.146 4.60 594.0
2455787.56055 19.998 0.111 4.06 547.0
2455787.60469 19.944 0.102 3.87 547.0
2455787.64732 20.519 0.198 4.42 590.0
2455787.68865 20.396 0.204 5.38 646.0
2455788.50409 19.884 0.115 5.03 432.0
2455788.56840 20.286 0.185 5.69 468.0
2455788.60706 20.488 0.200 4.75 510.0
2455788.64884 20.287 0.177 5.10 508.0
2455790.48568 20.224 0.149 5.70 360.0
2455790.53477 19.935 0.120 6.29 342.0
2455790.58746 19.901 0.126 6.30 399.0
2455790.62668 20.256 0.176 6.04 422.0
2455790.66760 19.853 0.099 5.00 416.0
2455790.70789 20.283 0.186 5.38 577.0
2455791.47404 20.304 0.259 6.94 555.0
2455791.52413 20.339 0.185 5.69 391.0
2455793.47420 19.933 0.163 6.22 575.0
2455793.53895 19.920 0.109 5.47 366.0
2455793.58153 19.872 0.099 5.47 344.0
2455793.62235 20.291 0.145 5.33 352.0
2455793.66104 20.120 0.117 4.87 366.0
2455793.70241 20.138 0.147 5.48 443.0
2455794.47622 19.826 0.152 7.35 433.0
2455794.53603 20.027 0.115 5.39 321.0
2455794.58856 20.298 0.174 6.21 343.0
2455794.62721 19.932 0.112 5.52 353.0
2455794.67479 19.960 0.122 5.47 399.0
2455795.52598 20.196 0.186 6.84 347.0
2455795.58403 20.228 0.191 6.61 360.0
2455795.64035 19.956 0.128 5.69 360.0
2455796.50022 20.118 0.129 5.02 403.0
2455796.56565 20.646 0.245 6.33 395.0
2455796.60899 20.097 0.123 5.39 373.0
2455796.64906 19.826 0.100 5.47 354.0
2455796.69215 20.483 0.290 7.35 463.0
2455801.47952 20.411 0.186 5.55 419.0
2455801.54418 20.159 0.135 5.72 334.0
2455801.58314 20.065 0.136 6.28 321.0
2455801.62126 20.619 0.253 6.72 350.0
2455801.66262 20.411 0.227 7.02 381.0
2455802.52018 19.890 0.132 6.17 393.0
2455802.57704 20.143 0.156 6.03 382.0
2455803.50785 19.882 0.121 5.87 389.0
2455803.58913 19.839 0.127 6.61 411.0
2455804.50439 20.003 0.106 5.13 367.0
2455804.55544 20.220 0.155 6.03 357.0
2455804.59590 20.062 0.117 5.11 345.0
2455804.63382 19.782 0.102 5.42 384.0
2455804.67795 20.321 0.191 5.73 500.0
2455805.50365 19.794 0.071 3.97 347.0
2455805.55612 19.980 0.084 4.04 330.0
2455805.59399 19.875 0.094 4.88 357.0
2455805.64029 19.822 0.140 7.29 433.0
2455806.49670 19.922 0.129 5.59 429.0
2455806.55325 19.694 0.129 6.37 467.0
2455807.54994 20.201 0.178 6.46 387.0
2455807.59152 20.245 0.239 7.49 410.0
2455807.63380 19.909 0.162 7.02 412.0
2455812.49672 20.083 0.233 6.85 651.0
2455812.53702 19.921 0.174 5.96 655.0
2455812.57626 20.262 0.215 5.19 670.0
2455812.61619 19.567 0.140 6.27 705.0
2455813.50422 19.962 0.114 4.61 551.0
2455813.55033 19.717 0.088 3.89 589.0
2455813.58866 20.110 0.120 3.89 598.0
2455813.62647 19.875 0.117 4.58 661.0
2455815.47667 20.405 0.276 5.30 992.0
2455815.52961 20.012 0.104 3.83 519.0
2455815.56808 20.194 0.113 3.43 523.0
2455815.61529 20.232 0.137 3.82 641.0
2455816.50098 20.010 0.115 4.35 528.0
2455816.54846 20.118 0.146 4.68 604.0
2455816.58677 19.844 0.111 4.68 628.0
2455816.62481 20.077 0.230 7.12 669.0
2455817.50214 20.448 0.172 4.60 507.0
2455817.54946 20.051 0.147 5.16 528.0
2455817.58865 20.057 0.172 5.89 586.0
2455817.62648 20.111 0.207 7.26 623.0
2455818.48136 20.585 0.288 5.48 613.0
2455818.53087 20.210 0.171 5.33 514.0
2455818.56890 19.740 0.129 6.05 543.0
2455818.60921 19.899 0.187 7.19 666.0
2455819.48141 19.827 0.138 5.63 672.0
2455819.53958 20.062 0.142 5.03 532.0
2455819.57718 20.053 0.146 5.01 562.0
2455819.61647 20.000 0.138 5.16 637.0
2455820.50828 19.850 0.142 6.07 507.0
2455820.55524 19.915 0.116 4.91 454.0
2455820.59307 19.682 0.105 4.83 533.0
2455820.63087 19.887 0.181 6.65 670.0
2455822.52189 20.073 0.160 6.64 340.0
2455822.56684 20.028 0.144 6.19 348.0
2455822.61032 19.988 0.131 5.66 405.0
2455823.49845 20.113 0.212 7.15 430.0
2455823.58529 19.947 0.135 5.42 455.0
2455824.52235 20.026 0.126 5.26 395.0
2455824.56334 20.125 0.127 4.71 381.0
2455824.60455 20.035 0.145 5.80 421.0
2455825.48163 20.409 0.254 6.09 583.0
2455825.53367 19.964 0.135 5.25 462.0
2455825.57999 20.216 0.168 5.56 487.0
2455826.50315 20.267 0.191 6.03 411.0
2455826.55182 19.693 0.112 6.19 430.0
2455826.59130 19.974 0.189 7.86 523.0
2455827.49155 20.385 0.276 6.94 519.0
2455827.57206 19.768 0.142 6.38 554.0
2455827.60965 19.972 0.177 7.42 522.0
2455828.50271 19.939 0.103 4.43 381.0
2455828.54260 20.166 0.128 4.62 376.0
2455828.58024 19.952 0.132 5.74 424.0
2455829.51545 19.971 0.125 5.17 465.0
2455829.55337 20.067 0.125 5.26 477.0
2455829.59123 19.834 0.111 6.48 487.0
2455830.47931 20.138 0.164 4.26 907.0
2455830.52862 20.066 0.109 5.12 413.0
2455830.56628 19.527 0.092 6.89 435.0
2455830.60453 19.811 0.149 8.42 453.0
2455831.52738 19.936 0.115 5.77 414.0
2455831.56494 20.092 0.145 6.64 434.0
2455832.51079 20.128 0.127 4.81 455.0
2455832.55037 20.066 0.161 6.48 479.0
2455832.58999 19.848 0.174 8.52 530.0
2455833.50845 19.934 0.112 4.97 432.0
2455833.54834 19.830 0.101 5.51 406.0
2455833.58617 19.727 0.132 7.39 443.0
2455834.50794 19.979 0.102 4.68 401.0
2455834.54563 19.887 0.108 6.08 392.0
2455834.58498 19.654 0.105 7.04 459.0
2455835.52908 19.962 0.183 6.95 491.0
2455836.48264 20.014 0.260 5.25 1588.0
2455839.52226 19.912 0.160 6.17 626.0
2455839.56120 19.988 0.240 6.02 1273.0
2455840.50866 19.875 0.158 5.93 575.0
2455840.51048 20.108 0.174 5.22 574.0
2455840.56289 19.930 0.142 4.98 640.0
2455841.50829 19.949 0.170 5.61 660.0
2455841.54790 19.674 0.134 5.47 711.0
2455843.51195 20.180 0.194 6.04 592.0
2455843.55278 19.931 0.165 6.08 618.0
2455844.49626 19.972 0.149 5.22 638.0
2455844.57647 20.200 0.269 6.80 783.0
2455845.49662 20.107 0.210 6.61 640.0
2455845.53643 20.121 0.171 5.00 729.0
2455845.57675 19.823 0.168 5.94 916.0
2455846.50048 19.878 0.200 6.37 790.0
2455846.53845 20.188 0.245 5.65 879.0
2455846.57730 19.459 0.174 6.91 1125.0
2455850.51119 19.760 0.098 4.67 542.0
2455850.54981 20.102 0.174 5.95 541.0
2455851.50012 19.655 0.094 5.18 491.0
2455851.53846 20.141 0.174 6.04 490.0
2455852.52793 19.796 0.198 7.28 754.0
2455854.49151 19.769 0.222 5.87 1362.0
2455854.53471 20.173 0.214 6.02 700.0
2455856.51023 20.275 0.276 6.88 625.0
2455860.50520 19.994 0.177 5.98 636.0
2455867.49775 20.059 0.232 5.08 1481.0
2455960.87561 18.306 0.024 4.43 488.0
2455961.87078 18.319 0.035 6.67 495.0
2455962.87487 18.485 0.033 5.44 448.0
2455963.87611 18.585 0.039 6.13 485.0
2455964.87117 18.547 0.051 6.74 694.0
2455965.87854 18.586 0.039 4.80 671.0
2455967.88361 18.954 0.056 4.94 790.0
2455968.87661 19.128 0.069 6.18 618.0
2455969.88455 18.870 0.060 6.05 675.0
2455971.85889 19.181 0.069 5.80 523.0
2455972.87453 19.540 0.124 4.97 1502.0
2455976.86440 19.371 0.059 4.97 357.0
2455977.82246 19.184 0.063 4.94 512.0
2455977.86332 19.422 0.077 5.51 447.0
2455978.83533 19.360 0.072 6.05 397.0
2455978.87375 19.432 0.065 5.42 369.0
2455979.82386 18.854 0.066 7.68 464.0
2455979.86559 19.418 0.070 5.60 404.0
2455980.84671 19.381 0.113 8.11 457.0
2455982.81292 19.527 0.080 5.61 403.0
2455982.85155 19.679 0.072 4.75 344.0
2455982.89880 19.665 0.100 4.84 610.0
2455983.84333 19.411 0.061 4.70 395.0
2455983.89089 19.716 0.059 3.49 357.0
2455984.81207 19.678 0.099 6.16 401.0
2455984.86363 19.639 0.060 3.65 331.0
2455985.80769 19.401 0.080 5.79 469.0
2455985.84763 19.634 0.092 5.70 425.0
2455985.89093 19.553 0.078 5.50 377.0
2455986.80245 19.897 0.127 6.01 476.0
2455986.85615 19.811 0.081 4.48 364.0
2455986.90369 19.539 0.086 4.73 599.0
2455987.83250 19.618 0.083 5.08 443.0
2455987.87094 19.801 0.082 4.30 371.0
2455988.81678 19.442 0.087 6.25 423.0
2455988.85772 19.681 0.091 5.23 402.0
2455988.90449 19.664 0.123 4.23 1125.0
2455989.82724 19.482 0.078 6.09 341.0
2455989.86899 19.569 0.080 5.82 298.0
2455990.79255 19.632 0.080 5.32 376.0
2455990.80358 19.630 0.083 5.72 357.0
2455990.81764 19.827 0.092 5.45 344.0
2455990.83179 19.727 0.084 5.32 347.0
2455990.84441 19.601 0.068 4.79 338.0
2455990.85909 19.652 0.076 5.22 346.0
2455990.87321 19.520 0.071 5.55 340.0
2455990.88587 19.740 0.080 5.20 320.0
2455991.79582 19.915 0.151 6.46 553.0
2455991.80546 19.545 0.113 6.85 511.0
2455991.83362 19.688 0.082 5.01 363.0
2455991.86141 19.609 0.066 4.62 334.0
2455991.88525 19.922 0.091 4.93 323.0
2455991.89986 19.615 0.064 4.31 376.0
2455992.79472 19.945 0.147 6.40 573.0
2455992.80310 19.626 0.103 6.00 544.0
2455992.82338 20.344 0.176 5.10 507.0
2455992.83648 19.734 0.086 4.54 472.0
2455992.85075 19.919 0.094 4.40 438.0
2455992.86548 19.902 0.088 4.42 375.0
2455992.87857 19.496 0.061 4.50 344.0
2455992.89784 19.859 0.073 3.77 335.0
2455992.90583 19.622 0.070 3.89 437.0
2455992.91205 19.752 0.121 4.13 992.0
2455993.78583 19.795 0.184 7.92 598.0
2455993.80587 19.849 0.150 6.35 533.0
2455993.82302 19.603 0.125 6.71 506.0
2455993.84505 19.589 0.087 4.93 467.0
2455993.88818 19.763 0.090 4.71 406.0
2455993.90697 19.746 0.114 4.98 607.0
2455994.78423 19.335 0.086 4.96 851.0
2455994.79871 19.670 0.096 4.28 767.0
2455994.81690 19.639 0.097 4.72 688.0
2455994.83125 19.596 0.094 4.77 653.0
2455994.86769 19.840 0.106 4.52 570.0
2455994.88355 19.757 0.095 4.34 553.0
2455994.90721 19.822 0.098 3.77 702.0
2455995.77493 19.774 0.112 4.35 736.0
2455995.83450 20.007 0.100 3.40 566.0
2455995.86443 19.850 0.087 3.66 516.0
2455995.88160 19.641 0.088 5.10 495.0
2455996.78519 19.954 0.169 6.25 619.0
2455996.82406 19.688 0.086 4.52 516.0
2455996.87102 19.849 0.083 4.04 450.0
2455996.90845 19.625 0.077 3.55 706.0
2455997.81782 19.730 0.098 5.06 508.0
2455997.86623 19.747 0.092 4.86 479.0
2455997.90410 19.955 0.102 4.08 510.0
2455998.79376 19.925 0.119 4.84 543.0
2455998.84292 19.757 0.081 3.98 471.0
2455998.88421 19.788 0.078 3.95 446.0
2455999.77326 19.540 0.142 5.53 1379.0
2455999.81649 19.922 0.113 4.33 572.0
2455999.86490 19.860 0.094 3.80 532.0
2455999.90326 19.852 0.090 3.80 530.0
2456002.77726 19.784 0.216 6.59 1219.0
2456002.78014 19.633 0.212 7.10 1230.0
2456002.83174 19.617 0.114 4.07 1070.0
2456002.87203 19.654 0.114 4.34 990.0
2456002.89863 19.902 0.132 3.92 916.0
2456003.85167 19.558 0.113 6.97 452.0
2456003.89839 19.879 0.102 4.84 447.0
2456004.78350 19.946 0.118 5.54 421.0
2456004.83145 19.774 0.084 4.60 403.0
2456004.87988 19.959 0.090 4.31 372.0
2456004.91784 19.445 0.105 3.41 2050.0
2456005.78604 19.915 0.088 4.83 330.0
2456005.82891 19.667 0.087 5.43 340.0
2456005.89295 19.795 0.054 3.24 301.0
2456006.75979 19.830 0.085 4.41 351.0
2456006.80284 19.730 0.066 3.90 312.0
2456006.86248 19.954 0.078 3.79 312.0
2456006.90083 19.784 0.070 3.97 320.0
2456007.76431 19.834 0.084 4.57 323.0
2456007.81172 19.842 0.076 3.97 318.0
2456007.85976 20.025 0.088 4.29 291.0
2456007.89773 19.764 0.064 4.07 311.0
2456008.74553 20.027 0.118 5.33 394.0
2456008.78672 19.968 0.108 5.04 372.0
2456008.83498 20.056 0.110 5.16 338.0
2456008.88319 19.935 0.105 5.42 323.0
2456009.77574 20.028 0.099 4.53 407.0
2456009.82402 19.902 0.079 3.84 372.0
2456009.87109 19.853 0.075 3.99 378.0
2456009.90846 19.988 0.100 4.21 422.0
2456010.75157 19.735 0.098 5.19 518.0
2456010.79364 19.783 0.074 4.52 390.0
2456010.85223 19.749 0.076 4.67 349.0
2456010.89075 19.976 0.071 3.62 336.0
2456011.73620 19.974 0.128 5.54 451.0
2456011.78231 19.731 0.082 4.87 342.0
2456011.84845 20.097 0.140 4.08 748.0
2456011.89662 20.239 0.156 3.78 773.0
2456012.73888 20.106 0.126 5.97 337.0
2456012.78421 19.927 0.093 5.51 301.0
2456012.83307 19.932 0.077 4.27 267.0
2456012.88162 19.893 0.060 3.66 258.0
2456012.91994 19.988 0.089 3.26 579.0
2456013.77832 19.958 0.085 4.97 293.0
2456013.81754 19.921 0.081 4.60 283.0
2456013.88051 20.101 0.101 4.87 292.0
2456013.92099 19.917 0.155 4.11 1230.0
2456014.75528 19.797 0.083 4.99 343.0
2456014.79368 19.928 0.083 4.45 307.0
2456014.85327 20.121 0.100 4.77 276.0
2456014.89273 19.896 0.096 5.48 287.0
2456015.73244 20.018 0.103 5.03 388.0
2456015.77166 20.012 0.081 3.99 314.0
2456015.81058 19.843 0.065 4.17 282.0
2456015.83879 19.918 0.068 3.78 281.0
2456015.90031 19.912 0.068 3.62 283.0
2456016.75191 19.849 0.076 4.14 343.0
2456016.79170 19.828 0.075 4.12 318.0
2456016.83180 19.800 0.067 3.59 315.0
2456016.89514 19.903 0.068 3.48 318.0
2456017.72701 19.963 0.097 4.81 375.0
2456017.76533 20.131 0.095 4.44 314.0
2456017.80348 19.924 0.066 3.63 292.0
2456017.84294 20.047 0.074 3.72 282.0
2456017.90061 20.078 0.068 3.41 258.0
2456018.75386 19.931 0.151 7.80 300.0
2456018.79228 20.315 0.130 5.15 284.0
2456018.83212 19.940 0.082 4.29 291.0
2456018.87393 20.136 0.079 3.47 283.0
2456019.72066 19.858 0.111 5.53 422.0
2456019.75930 20.038 0.135 6.06 364.0
2456019.81705 19.875 0.076 4.36 293.0
2456019.85575 19.943 0.068 3.57 297.0
2456019.89412 19.947 0.069 3.57 287.0
2456020.71259 19.997 0.117 5.13 421.0
2456020.75140 19.715 0.078 4.70 363.0
2456020.80745 19.984 0.085 4.50 317.0
2456020.84569 19.936 0.068 3.79 280.0
2456020.88491 19.821 0.075 4.48 302.0
2456020.92558 19.927 0.163 4.50 1143.0
2456021.73404 20.240 0.172 5.93 470.0
2456021.77308 19.808 0.084 4.66 403.0
2456021.81121 19.700 0.068 4.26 367.0
2456021.85054 19.969 0.079 3.94 347.0
2456021.90860 19.850 0.079 4.20 356.0
2456022.72168 19.654 0.103 5.58 557.0
2456022.75979 19.903 0.089 4.17 460.0
2456022.79811 20.145 0.112 4.26 425.0
2456022.85550 19.995 0.092 4.14 406.0
2456022.89433 19.835 0.075 4.07 375.0
2456023.71349 20.241 0.177 5.21 639.0
2456023.75479 19.979 0.107 4.25 573.0
2456023.79529 20.094 0.107 3.84 517.0
2456023.83641 20.001 0.104 3.84 514.0
2456023.89875 20.083 0.108 3.47 567.0
2456024.70128 20.045 0.178 5.44 827.0
2456024.73986 19.938 0.136 5.20 646.0
2456024.77987 19.863 0.106 4.74 573.0
2456024.84054 19.950 0.091 3.67 543.0
2456024.89100 20.019 0.114 3.55 606.0
2456025.69745 19.858 0.168 6.16 795.0
2456025.73904 19.676 0.115 5.54 646.0
2456025.77703 19.992 0.135 5.00 601.0
2456025.81908 20.043 0.143 5.24 538.0
2456025.88107 20.265 0.174 4.92 550.0
2456026.71241 19.398 0.148 7.40 975.0
2456029.82929 20.011 0.105 3.97 549.0
2456031.76802 19.965 0.122 6.19 378.0
2456031.80747 19.903 0.087 4.76 382.0
2456031.84843 20.194 0.115 4.36 397.0
2456031.88936 19.726 0.106 5.64 448.0
2456032.68436 19.904 0.125 5.79 486.0
2456032.72451 19.751 0.082 4.97 387.0
2456032.77220 20.135 0.097 4.16 374.0
2456032.82069 19.864 0.076 4.01 358.0
2456032.86100 19.847 0.087 4.86 348.0
2456032.90475 20.040 0.089 3.98 360.0
2456033.69644 19.795 0.108 6.50 388.0
2456033.74318 19.908 0.104 5.67 364.0
2456033.78480 20.038 0.113 5.31 348.0
2456033.85579 19.830 0.073 3.87 365.0
2456033.89743 19.694 0.085 5.05 387.0
2456034.69224 20.136 0.113 4.85 375.0
2456034.73891 20.044 0.089 4.25 325.0
2456034.78466 19.845 0.067 3.80 323.0
2456034.83879 20.009 0.085 3.89 323.0
2456034.92706 19.904 0.119 4.17 725.0
2456035.87132 19.983 0.099 4.48 398.0
2456036.69865 20.090 0.108 5.22 320.0
2456036.74098 20.148 0.106 4.62 353.0
2456036.79289 19.853 0.071 3.99 334.0
2456036.81796 20.064 0.076 3.55 320.0
2456036.86266 20.253 0.089 3.16 365.0
2456036.91779 20.045 0.094 3.93 427.0
2456037.72554 19.793 0.107 5.87 369.0
2456037.76689 19.852 0.104 5.55 357.0
2456037.82050 20.038 0.100 4.27 374.0
2456037.88122 19.997 0.099 4.00 464.0
2456037.92080 19.875 0.123 5.04 572.0
2456038.73579 19.774 0.094 5.80 325.0
2456038.77600 20.197 0.151 6.29 319.0
2456038.84309 19.947 0.090 4.43 368.0
2456038.88645 19.970 0.095 4.35 385.0
2456039.75675 20.141 0.145 6.00 363.0
2456039.80339 19.810 0.100 5.59 372.0
2456039.86502 20.122 0.118 4.76 386.0
2456039.90818 20.451 0.158 4.53 418.0
2456040.73591 19.850 0.136 7.21 338.0
2456040.77685 19.776 0.094 5.71 347.0
2456040.81698 19.911 0.090 4.49 375.0
2456040.88165 20.094 0.106 4.17 407.0
2456040.92014 19.839 0.087 4.45 404.0
2456041.72362 19.609 0.090 6.82 373.0
2456041.76885 19.804 0.091 5.43 374.0
2456041.82063 20.224 0.126 4.84 384.0
2456041.87342 19.943 0.097 4.46 414.0
2456041.91359 20.166 0.106 3.94 426.0
2456045.90767 20.048 0.110 4.48 457.0
2456046.87801 19.954 0.097 4.51 376.0
2456046.91867 19.901 0.093 4.38 395.0
2456047.69319 19.811 0.095 5.42 380.0
2456047.73082 19.990 0.095 4.85 330.0
2456047.77117 20.155 0.100 4.13 351.0
2456047.82149 19.773 0.065 3.50 380.0
2456047.88428 19.901 0.103 4.90 448.0
2456047.92491 19.986 0.100 4.01 496.0
2456048.69873 20.189 0.127 4.02 433.0
2456048.73902 19.858 0.084 4.21 355.0
2456048.80004 20.072 0.088 3.83 286.0
2456048.84450 20.117 0.098 4.55 288.0
2456048.88786 19.699 0.068 4.05 304.0
2456048.92890 20.028 0.114 4.04 492.0
2456049.70737 19.846 0.083 4.15 414.0
2456049.76102 19.986 0.072 3.25 384.0
2456049.81958 19.861 0.059 2.98 337.0
2456049.86027 20.154 0.110 4.16 383.0
2456049.90143 20.020 0.094 3.90 401.0
2456050.65492 20.345 0.211 6.07 514.0
2456050.69667 19.777 0.101 5.12 443.0
2456050.73580 19.996 0.111 4.57 433.0
2456050.80619 20.094 0.111 4.17 461.0
2456050.84609 20.119 0.126 4.43 452.0
2456050.88500 19.969 0.103 4.14 464.0
2456050.92371 19.859 0.109 4.68 514.0
2456051.66586 20.127 0.141 4.73 581.0
2456051.75519 19.937 0.091 3.94 468.0
2456052.68106 19.645 0.111 5.10 720.0
2456052.72901 20.665 0.259 5.03 606.0
2456052.77722 19.809 0.090 3.94 572.0
2456052.81686 20.171 0.150 4.40 626.0
2456052.85724 19.979 0.115 3.99 646.0
2456052.89607 19.760 0.084 3.62 654.0
2456052.93461 19.852 0.119 3.73 1055.0
2456053.67266 20.109 0.168 4.24 1092.0
2456053.71269 19.871 0.120 3.89 940.0
2456053.76016 19.938 0.111 3.52 817.0
2456053.80843 19.954 0.091 2.92 811.0
2456053.86352 20.047 0.129 3.74 858.0
2456053.90447 19.983 0.137 3.60 1094.0
2456057.67136 20.040 0.169 5.24 855.0
2456057.70327 19.814 0.146 5.22 910.0
2456057.73336 19.772 0.122 5.52 607.0
2456057.76445 19.608 0.168 4.82 1859.0
2456057.80348 20.174 0.124 4.26 469.0
2456057.86259 20.038 0.105 3.75 545.0
2456057.86456 20.091 0.116 3.88 564.0
2456057.89600 20.003 0.177 4.32 1219.0
2456057.91063 20.226 0.185 3.86 1075.0
2456057.92929 19.852 0.142 3.62 1482.0
2456058.68921 19.768 0.096 5.71 395.0
2456058.73045 19.903 0.140 6.55 405.0
2456058.76812 20.007 0.095 4.19 394.0
2456058.81766 19.735 0.088 4.85 389.0
2456058.86092 19.895 0.103 4.59 434.0
2456058.90056 19.861 0.096 4.36 472.0
2456059.69762 20.267 0.137 5.36 352.0
2456059.73546 20.001 0.111 5.21 365.0
2456059.77389 19.999 0.094 4.43 356.0
2456059.83407 19.900 0.079 3.79 389.0
2456059.87286 19.917 0.084 3.89 417.0
2456059.91174 19.987 0.092 3.89 432.0
2456060.77993 20.065 0.098 4.52 336.0
2456061.67329 19.968 0.114 5.36 390.0
2456061.71218 20.083 0.134 5.31 403.0
2456061.76227 19.954 0.079 3.39 400.0
2456061.81277 19.850 0.099 4.96 403.0
2456061.85175 19.973 0.097 4.04 472.0
2456061.88997 20.211 0.153 4.99 497.0
2456061.92850 19.783 0.102 4.63 579.0
2456062.68135 20.222 0.147 5.81 437.0
2456062.72060 19.896 0.122 5.58 464.0
2456062.75945 20.190 0.142 4.75 497.0
2456062.82081 19.952 0.105 4.21 506.0
2456062.86036 20.035 0.128 4.80 505.0
2456062.89840 20.011 0.132 4.66 609.0
2456062.93626 20.439 0.255 4.94 928.0
2456063.78929 19.647 0.125 7.62 352.0
2456063.82922 19.954 0.158 7.03 401.0
2456063.87796 20.120 0.126 4.94 383.0
2456063.92557 19.984 0.146 5.58 570.0
2456064.71352 20.114 0.094 4.23 358.0
2456064.75203 20.047 0.077 3.39 365.0
2456064.81644 20.057 0.084 3.41 405.0
2456064.85611 19.834 0.090 4.48 445.0
2456064.89782 20.045 0.104 4.21 484.0
2456064.93633 19.924 0.121 4.48 739.0
2456065.64674 19.919 0.112 5.33 399.0
2456065.68521 20.376 0.131 4.67 311.0
2456065.73315 19.935 0.077 3.98 307.0
2456065.78504 19.883 0.088 4.32 417.0
2456065.82568 19.680 0.083 4.57 451.0
2456066.60950 19.941 0.109 4.84 450.0
2456066.64906 20.151 0.119 4.68 394.0
2456066.68714 19.882 0.078 3.98 374.0
2456066.72521 19.961 0.093 4.07 416.0
2456066.79019 20.302 0.109 3.78 404.0
2456066.82986 20.132 0.096 3.73 391.0
2456066.87222 19.767 0.074 3.74 459.0
2456066.91051 19.976 0.095 3.80 466.0
2456067.59417 19.738 0.081 4.30 402.0
2456067.63335 20.205 0.107 4.03 340.0
2456067.67414 19.943 0.094 4.54 341.0
2456067.71247 19.828 0.069 3.63 339.0
2456067.76147 20.129 0.089 3.58 360.0
2456067.81291 20.178 0.097 3.60 355.0
2456067.85220 19.928 0.076 3.23 398.0
2456067.89006 19.947 0.099 3.83 488.0
2456067.92789 20.692 0.279 5.21 533.0
2456068.62956 20.308 0.129 4.31 390.0
2456068.68020 20.120 0.112 4.41 364.0
2456068.72710 19.883 0.073 3.97 309.0
2456068.79512 20.216 0.101 4.07 317.0
2456068.85348 20.024 0.090 3.61 397.0
2456068.89822 20.115 0.105 3.75 501.0
2456069.61767 20.068 0.102 4.80 342.0
2456069.67626 20.204 0.114 4.40 333.0
2456069.71798 19.928 0.082 4.32 315.0
2456069.76882 19.864 0.073 3.85 319.0
2456069.82467 20.028 0.082 3.68 315.0
2456069.86719 20.275 0.101 3.48 331.0
2456069.90538 19.982 0.083 3.52 373.0
2456070.58710 19.659 0.100 5.93 397.0
2456070.62566 20.434 0.217 6.43 403.0
2456070.66380 20.162 0.118 4.68 361.0
2456070.70364 19.878 0.082 4.40 327.0
2456070.74159 20.099 0.097 4.61 304.0
2456070.80213 20.158 0.112 4.53 355.0
2456070.84038 19.771 0.081 4.53 359.0
2456070.88059 20.139 0.109 4.25 364.0
2456070.92002 20.034 0.133 5.62 393.0
2456071.58583 19.930 0.129 6.19 402.0
2456071.62566 20.295 0.119 4.60 312.0
2456071.66660 20.063 0.098 4.73 310.0
2456071.70433 20.120 0.094 4.43 285.0
2456071.75214 19.975 0.088 4.51 313.0
2456071.80671 19.813 0.087 4.74 350.0
2456071.84621 19.886 0.092 4.92 353.0
2456071.88440 19.923 0.092 4.43 380.0
2456071.92218 20.018 0.203 7.67 420.0
2456075.60993 19.933 0.080 3.94 354.0
2456075.64802 19.835 0.063 3.49 297.0
2456075.68628 19.998 0.100 5.21 293.0
2456075.73977 19.968 0.079 3.79 294.0
2456075.79190 20.094 0.079 3.40 294.0
2456075.83141 19.975 0.085 3.99 326.0
2456075.87589 19.966 0.094 4.23 379.0
2456076.60103 19.871 0.096 4.75 417.0
2456076.64266 20.301 0.137 5.03 385.0
2456076.68944 20.010 0.095 4.27 364.0
2456076.73661 19.751 0.068 4.09 333.0
2456076.78571 20.012 0.101 4.66 343.0
2456076.82443 19.857 0.104 5.36 369.0
2456076.87371 19.856 0.111 5.95 411.0
2456077.70154 19.955 0.104 5.08 361.0
2456077.76097 20.724 0.208 5.61 305.0
2456077.81964 20.289 0.131 4.66 355.0
2456077.86064 20.050 0.101 4.36 369.0
2456077.90202 19.875 0.100 4.58 413.0
2456077.94066 20.510 0.273 6.02 667.0
2456078.62252 19.962 0.111 4.37 484.0
2456078.66066 19.619 0.078 4.58 435.0
2456078.69912 20.028 0.100 3.99 432.0
2456078.76249 20.124 0.100 3.53 432.0
2456078.80312 20.073 0.084 3.29 374.0
2456078.84132 19.859 0.082 4.19 414.0
2456078.88546 20.041 0.111 3.87 522.0
2456079.55957 19.719 0.108 5.01 586.0
2456079.59883 19.707 0.080 4.07 463.0
2456079.63655 20.099 0.106 4.32 374.0
2456079.67752 20.037 0.104 4.90 372.0
2456079.73728 19.800 0.077 4.03 375.0
2456079.78879 20.126 0.120 4.27 465.0
2456079.83996 19.928 0.097 4.17 429.0
2456079.87799 20.183 0.105 3.97 431.0
2456079.91779 19.921 0.126 5.65 522.0
2456080.56901 19.981 0.145 5.25 660.0
2456080.60700 19.763 0.110 4.87 596.0
2456080.64528 20.044 0.130 4.50 631.0
2456080.69194 20.026 0.099 3.97 480.0
2456080.73368 20.361 0.144 4.39 470.0
2456080.77442 19.901 0.114 4.83 510.0
2456080.82264 20.100 0.127 4.79 473.0
2456080.87036 19.674 0.103 5.65 511.0
2456080.91509 20.218 0.128 4.76 420.0
2456081.56274 19.922 0.192 5.82 990.0
2456081.60259 19.874 0.146 5.10 817.0
2456081.64201 19.947 0.146 5.30 685.0
2456081.68144 20.223 0.166 4.96 627.0
2456081.72694 20.138 0.140 4.39 608.0
2456081.77596 20.211 0.134 4.09 625.0
2456081.82435 19.824 0.109 4.45 676.0
2456081.86453 20.133 0.171 5.02 757.0
2456081.91264 19.647 0.164 6.82 890.0
2456085.55906 19.911 0.167 5.93 766.0
2456085.59806 19.950 0.140 5.22 646.0
2456085.64769 20.014 0.118 4.47 553.0
2456085.68252 19.834 0.104 4.60 577.0
2456085.73208 20.037 0.123 4.86 553.0
2456085.77150 19.864 0.104 4.46 554.0
2456085.80992 19.837 0.120 5.32 537.0
2456085.84869 19.803 0.144 5.83 612.0
2456085.88829 20.025 0.205 6.50 676.0
2456086.58337 19.930 0.102 4.70 417.0
2456086.62170 19.997 0.109 4.47 436.0
2456086.66469 19.998 0.090 3.88 402.0
2456086.71358 19.937 0.080 3.77 405.0
2456086.76707 20.465 0.159 4.42 416.0
2456086.80698 20.327 0.161 5.01 433.0
2456086.85550 20.031 0.129 4.84 514.0
2456087.54531 19.354 0.073 5.82 385.0
2456087.60065 19.559 0.071 5.33 289.0
2456087.74366 20.274 0.145 4.79 428.0
2456087.80540 19.925 0.102 4.15 531.0
2456087.84509 20.353 0.215 5.72 540.0
2456088.57288 19.688 0.080 4.99 369.0
2456088.61057 19.912 0.074 4.23 285.0
2456088.64902 20.024 0.089 4.54 301.0
2456088.68713 20.219 0.102 4.16 320.0
2456089.65333 20.159 0.107 4.33 362.0
2456089.69159 21.109 0.254 4.67 331.0
2456089.76222 19.796 0.084 4.43 390.0
2456089.80322 19.858 0.102 5.02 436.0
2456089.86467 20.624 0.242 5.45 467.0
2456092.57120 20.178 0.132 5.17 390.0
2456092.60924 19.803 0.080 4.85 312.0
2456092.64937 19.985 0.123 6.11 328.0
2456092.76682 19.874 0.079 4.22 351.0
2456092.84251 20.201 0.136 4.91 422.0
2456092.89407 19.793 0.150 6.80 544.0
2456093.56163 19.954 0.106 5.14 378.0
2456093.60345 20.055 0.100 4.71 324.0
2456093.64132 20.041 0.114 5.72 307.0
2456093.68927 20.139 0.103 4.93 294.0
2456093.76419 19.924 0.091 4.70 328.0
2456093.80188 20.743 0.260 6.14 345.0
2456093.84170 20.311 0.198 6.68 360.0
2456094.55297 19.572 0.112 6.78 469.0
2456094.61509 19.800 0.116 6.07 411.0
2456094.65268 20.267 0.160 5.54 400.0
2456094.69047 19.973 0.111 5.28 398.0
2456094.74967 19.555 0.080 5.29 432.0
2456094.78727 20.180 0.126 4.97 394.0
2456094.82728 20.028 0.130 5.55 415.0
2456094.86581 19.949 0.156 6.48 490.0
2456096.57320 20.002 0.120 5.88 373.0
2456096.61452 19.866 0.095 5.56 311.0
2456096.65967 19.802 0.085 5.12 316.0
2456096.70401 19.993 0.112 6.39 336.0
2456096.72146 19.951 0.115 5.63 479.0
2456096.73425 20.289 0.172 6.06 330.0
2456096.77354 19.957 0.104 5.09 360.0
2456096.81283 20.185 0.163 5.98 412.0
2456096.85366 20.007 0.163 6.43 480.0
2456097.67812 20.176 0.131 5.52 321.0
2456097.75081 20.033 0.151 6.78 350.0
2456097.78956 19.869 0.101 5.24 360.0
2456097.82716 20.063 0.129 5.12 405.0
2456097.86687 19.740 0.117 5.60 489.0
2456098.54735 19.860 0.118 6.05 366.0
2456098.59614 19.794 0.109 5.93 375.0
2456098.63367 19.992 0.121 5.78 353.0
2456098.67209 19.702 0.090 5.58 348.0
2456098.73513 20.204 0.137 5.44 348.0
2456098.77331 19.989 0.099 4.70 353.0
2456098.81439 20.061 0.131 5.46 394.0
2456098.85243 20.344 0.182 5.45 456.0
2456099.64118 20.180 0.195 6.92 419.0
2456099.75166 20.042 0.145 6.19 409.0
2456100.51552 20.092 0.154 5.69 515.0
2456100.57149 19.958 0.117 5.69 363.0
2456100.61141 19.991 0.117 5.50 377.0
2456100.64908 20.223 0.119 4.42 373.0
2456100.70900 19.930 0.083 4.22 346.0
2456100.74825 20.049 0.111 4.61 417.0
2456100.79586 20.000 0.138 5.83 434.0
2456100.83650 20.186 0.168 5.18 569.0
2456100.87421 20.029 0.157 5.81 519.0
2456101.51246 20.366 0.175 4.90 514.0
2456101.55050 20.603 0.215 5.34 440.0
2456101.58808 19.814 0.094 4.88 410.0
2456101.62621 20.036 0.096 4.31 371.0
2456101.66584 20.170 0.096 4.06 313.0
2456101.72762 19.924 0.083 4.14 335.0
2456101.76656 20.171 0.115 4.32 373.0
2456101.80556 19.737 0.095 4.76 506.0
2456101.85307 19.948 0.166 6.26 609.0
2456102.55233 19.849 0.126 5.18 578.0
2456102.60078 20.197 0.135 4.95 403.0
2456102.64802 20.118 0.109 4.31 354.0
2456102.68811 20.110 0.100 4.05 392.0
2456102.72768 20.050 0.091 3.59 423.0
2456102.76662 19.858 0.081 3.64 430.0
2456102.80638 20.165 0.116 3.98 449.0
2456102.84635 19.928 0.129 5.19 543.0
2456103.48414 19.855 0.143 4.82 777.0
2456103.52863 19.936 0.111 4.30 505.0
2456103.56873 20.101 0.121 4.36 414.0
2456103.60885 19.955 0.092 4.17 386.0
2456103.66721 19.922 0.080 3.64 405.0
2456103.70757 19.999 0.097 4.01 365.0
2456103.74776 20.003 0.102 4.38 379.0
2456103.81387 19.964 0.111 6.38 369.0
2456104.48497 20.063 0.137 4.80 597.0
2456104.52927 19.699 0.077 4.23 470.0
2456104.56733 20.180 0.102 3.94 410.0
2456104.65166 19.972 0.084 4.14 331.0
2456104.69216 19.946 0.071 3.65 303.0
2456104.73239 19.973 0.072 3.46 325.0
2456104.77100 19.716 0.066 4.20 311.0
2456104.81232 19.907 0.094 5.00 342.0
2456104.86099 19.990 0.128 6.21 392.0
2456105.48053 20.436 0.289 7.12 574.0
2456105.53019 20.004 0.122 5.26 408.0
2456105.56781 20.048 0.123 5.46 369.0
2456105.62592 19.998 0.094 4.60 332.0
2456105.68146 19.971 0.095 4.91 310.0
2456105.72000 20.100 0.095 4.55 282.0
2456105.75984 19.915 0.127 6.74 318.0
2456106.62577 19.871 0.115 5.90 367.0
2456108.52990 20.117 0.158 5.01 681.0
2456108.56878 20.049 0.116 4.07 584.0
2456108.62143 19.756 0.124 4.48 950.0
2456108.67294 19.866 0.094 4.24 467.0
2456108.71504 19.908 0.114 3.74 845.0
2456108.75462 20.134 0.114 3.86 519.0
2456108.79348 20.690 0.237 4.32 651.0
2456108.83541 19.767 0.103 4.35 634.0
2456113.54640 20.049 0.173 5.61 646.0
2456113.58875 19.866 0.126 4.85 638.0
2456113.62659 20.260 0.173 4.79 662.0
2456113.66860 19.720 0.114 4.68 692.0
2456113.70849 20.016 0.127 3.91 725.0
2456113.74704 20.051 0.163 4.46 785.0
2456113.78477 19.714 0.103 4.28 765.0
2456113.82383 19.904 0.136 4.44 912.0
2456114.55926 20.494 0.252 5.90 543.0
2456114.59688 19.824 0.121 5.38 515.0
2456114.63390 19.864 0.105 4.71 501.0
2456114.68327 20.626 0.248 5.47 499.0
2456114.73081 19.928 0.101 4.06 501.0
2456114.76850 19.832 0.104 4.50 571.0
2456114.80741 20.101 0.155 4.87 639.0
2456114.84885 20.286 0.266 6.11 857.0
2456115.49487 20.121 0.120 5.04 389.0
2456115.53327 20.045 0.115 4.76 431.0
2456115.57092 19.814 0.095 4.86 437.0
2456115.63065 19.803 0.097 5.37 432.0
2456115.68342 19.963 0.133 6.25 383.0
2456115.74860 20.082 0.127 5.59 374.0
2456115.80061 20.338 0.231 6.92 431.0
2456116.49240 20.017 0.098 4.53 384.0
2456116.53385 19.982 0.089 4.53 337.0
2456116.57475 19.918 0.075 4.19 311.0
2456116.62200 19.862 0.072 4.04 327.0
2456116.67112 19.955 0.087 4.66 313.0
2456116.71273 20.182 0.120 4.83 349.0
2456116.75578 20.121 0.129 5.10 385.0
2456116.79529 19.983 0.109 4.80 405.0
2456117.51405 19.856 0.094 4.39 458.0
2456117.55163 19.723 0.084 4.90 377.0
2456117.59008 20.092 0.090 4.01 341.0
2456117.65233 19.949 0.094 4.72 352.0
2456117.69194 19.987 0.101 4.75 388.0
2456117.73039 20.015 0.106 4.31 421.0
2456117.76960 20.009 0.106 4.45 425.0
2456117.80720 19.815 0.116 5.27 512.0
2456118.50429 20.111 0.130 5.22 403.0
2456118.54332 20.112 0.096 4.27 342.0
2456118.58300 19.943 0.079 4.14 320.0
2456118.63835 19.864 0.086 5.01 313.0
2456118.69287 20.058 0.086 4.26 311.0
2456118.73190 20.076 0.081 3.68 307.0
2456118.76925 19.877 0.080 4.02 351.0
2456118.80673 19.891 0.107 5.08 410.0
2456119.49244 19.986 0.148 6.76 360.0
2456119.53382 19.976 0.118 6.08 300.0
2456119.57261 19.897 0.087 5.30 257.0
2456119.62871 20.250 0.109 5.07 252.0
2456119.67198 19.886 0.081 4.80 269.0
2456119.70998 19.993 0.087 4.41 286.0
2456119.73716 19.996 0.091 4.40 320.0
2456119.77680 20.032 0.147 6.25 367.0
2456119.81238 20.800 0.287 5.14 527.0
2456120.52058 20.574 0.247 6.02 392.0
2456120.56003 19.743 0.099 6.04 297.0
2456120.62598 19.756 0.075 5.27 247.0
2456120.67638 20.115 0.090 4.47 241.0
2456120.71545 19.827 0.097 6.06 261.0
2456120.75785 20.063 0.132 6.20 300.0
2456120.80254 19.935 0.132 6.71 334.0
2456121.47498 19.934 0.092 4.69 362.0
2456121.51234 20.060 0.081 4.00 308.0
2456121.55010 20.206 0.088 4.05 266.0
2456121.60236 19.873 0.063 4.24 238.0
2456121.65516 19.949 0.075 4.40 252.0
2456121.71925 20.170 0.083 3.82 255.0
2456121.75740 19.876 0.066 3.95 255.0
2456123.52493 19.946 0.132 6.17 391.0
2456123.56337 20.144 0.119 4.97 321.0
2456123.61066 20.397 0.150 5.59 303.0
2456123.66232 19.882 0.076 4.50 280.0
2456123.70123 19.737 0.090 6.21 274.0
2456123.73946 20.000 0.105 5.79 259.0
2456123.78000 20.108 0.103 4.77 305.0
2456124.49944 19.838 0.107 5.44 382.0
2456124.53917 20.054 0.109 4.95 309.0
2456124.60014 19.902 0.089 5.29 270.0
2456124.67011 19.874 0.085 5.03 280.0
2456124.70984 19.940 0.093 5.07 313.0
2456124.75044 20.030 0.104 4.51 363.0
2456124.79074 19.983 0.143 6.10 412.0
2456124.83067 19.925 0.157 6.53 483.0
2456125.55463 20.151 0.131 5.73 313.0
2456125.61637 20.004 0.103 5.57 283.0
2456125.67146 20.153 0.124 5.42 299.0
2456125.71401 19.950 0.099 5.05 289.0
2456125.75929 19.870 0.094 5.01 327.0
2456125.79995 20.096 0.122 5.30 355.0
2456126.49218 19.968 0.114 5.35 349.0
2456126.54357 20.153 0.119 5.12 304.0
2456126.58892 20.111 0.137 6.26 269.0
2456126.64810 19.944 0.092 5.01 279.0
2456126.70677 19.672 0.073 5.11 309.0
2456126.75112 19.949 0.101 5.60 319.0
2456127.49248 19.841 0.109 5.61 389.0
2456127.53442 19.831 0.098 5.41 322.0
2456127.61965 20.179 0.146 6.57 277.0
2456127.72129 19.974 0.119 6.14 275.0
2456128.51120 20.338 0.114 3.79 344.0
2456128.55389 20.146 0.102 4.36 320.0
2456128.59770 20.009 0.101 5.08 286.0
2456128.64366 19.962 0.091 4.56 321.0
2456128.69956 19.818 0.096 5.56 353.0
2456130.54869 19.921 0.108 4.96 336.0
2456130.72970 19.858 0.107 5.34 358.0
2456130.73949 19.573 0.091 5.81 345.0
2456131.51852 20.170 0.137 6.00 278.0
2456131.56627 20.040 0.101 5.31 260.0
2456131.63244 20.954 0.228 4.91 248.0
2456131.67770 20.435 0.128 4.45 255.0
2456131.74718 19.519 0.081 5.77 319.0
2456132.49911 20.331 0.188 6.26 337.0
2456132.56882 19.989 0.162 7.42 319.0
2456132.65540 20.157 0.134 5.63 286.0
2456132.74186 20.031 0.112 4.88 332.0
2456132.77835 19.972 0.118 5.41 411.0
2456133.55247 19.898 0.113 6.20 299.0
2456133.60155 20.410 0.186 6.43 283.0
2456133.66302 20.010 0.100 4.89 301.0
2456133.70617 19.966 0.114 5.62 324.0
2456133.75480 19.795 0.109 5.87 379.0
2456134.52254 20.517 0.233 6.15 402.0
2456134.56414 20.242 0.221 7.18 426.0
2456134.60840 19.817 0.125 6.65 357.0
2456134.67451 20.354 0.172 5.98 319.0
2456135.50490 20.081 0.149 5.55 449.0
2456135.54659 19.913 0.142 6.47 425.0
2456135.60692 20.335 0.168 5.55 373.0
2456135.67388 20.050 0.134 5.83 361.0
2456135.72644 19.828 0.091 4.58 396.0
2456135.76837 20.071 0.133 5.55 377.0
2456135.80992 20.033 0.169 6.57 482.0
2456136.59706 20.491 0.282 6.80 483.0
2456136.65460 20.128 0.164 6.02 461.0
2456136.75663 20.330 0.279 7.79 537.0
2456140.50717 20.168 0.185 5.10 759.0
2456140.55547 20.044 0.158 4.82 747.0
2456140.60851 19.890 0.155 5.90 672.0
2456140.64637 20.210 0.197 5.51 691.0
2456140.68553 19.758 0.135 5.49 739.0
2456141.49478 19.897 0.122 4.70 660.0
2456141.53244 20.138 0.146 4.46 640.0
2456141.58124 20.222 0.183 5.49 578.0
2456141.63030 20.140 0.149 4.88 574.0
2456141.66795 20.126 0.137 4.46 607.0
2456141.70887 19.938 0.128 4.57 692.0
2456141.74741 20.483 0.260 5.14 814.0
2456142.48567 20.222 0.260 7.66 541.0
2456142.54568 19.651 0.135 6.82 551.0
2456143.53264 19.933 0.123 5.80 381.0
2456147.52459 19.629 0.074 5.35 282.0
2456147.57671 20.055 0.131 6.62 273.0
2456147.61797 19.909 0.114 6.76 267.0
2456147.67535 20.156 0.156 6.92 298.0
2456147.71331 20.377 0.207 7.15 333.0
2456148.50742 20.109 0.092 4.34 281.0
2456148.55603 20.017 0.076 3.94 263.0
2456148.60986 20.080 0.088 4.56 267.0
2456148.64934 20.218 0.110 4.73 288.0
2456148.69474 19.431 0.067 5.32 327.0
2456149.57397 20.360 0.149 5.31 297.0
2456149.61601 20.154 0.144 5.91 327.0
2456150.49752 19.764 0.132 7.54 340.0
2456150.54677 20.014 0.110 5.39 296.0
2456150.59907 19.707 0.099 6.18 311.0
2456150.64952 20.332 0.125 4.75 288.0
2456151.48347 20.175 0.166 6.22 372.0
2456151.55223 20.190 0.170 6.64 323.0
2456151.59334 19.775 0.102 6.11 319.0
2456151.63222 19.888 0.106 5.85 323.0
2456151.67309 19.959 0.125 6.59 297.0
2456151.71309 20.188 0.168 6.14 401.0
2456152.48276 19.993 0.109 5.62 308.0
2456152.52234 19.899 0.090 5.19 277.0
2456152.56282 20.118 0.133 6.44 280.0
2456152.62724 19.814 0.090 5.52 281.0
2456152.66666 19.989 0.095 5.17 265.0
2456154.51091 20.194 0.140 5.54 347.0
2456154.55206 19.979 0.125 6.12 361.0
2456154.63148 20.133 0.135 5.45 332.0
2456154.70351 20.175 0.170 6.77 341.0
2456157.65956 20.153 0.143 5.73 346.0
2456157.70194 19.648 0.127 7.48 385.0
2456158.50009 19.836 0.078 4.35 343.0
2456158.55018 19.823 0.086 4.97 362.0
2456158.60183 19.784 0.085 4.80 361.0
2456158.64240 19.927 0.104 5.03 409.0
2456158.68218 19.815 0.093 4.59 454.0
2456159.50634 20.071 0.161 6.10 438.0
2456159.56136 20.066 0.125 5.23 341.0
2456159.61366 20.233 0.136 5.10 343.0
2456159.68360 19.439 0.103 6.75 447.0
2456160.48790 20.203 0.129 4.89 336.0
2456160.54366 20.444 0.153 5.12 307.0
2456160.55764 20.255 0.118 4.52 308.0
2456160.60329 19.950 0.096 4.92 297.0
2456160.64482 19.830 0.100 5.43 324.0
2456160.68331 20.159 0.170 6.07 356.0
2456160.69605 20.076 0.110 4.51 373.0
2456161.48700 20.229 0.174 6.55 332.0
2456161.52731 20.305 0.163 5.74 290.0
2456161.56709 20.132 0.146 6.22 300.0
2456161.62697 20.192 0.117 4.55 296.0
2456161.69035 19.969 0.126 6.05 313.0
2456164.61347 19.826 0.110 5.55 433.0
2456166.62865 19.964 0.115 3.70 647.0
2456167.53808 20.036 0.128 4.29 579.0
2456167.58782 20.218 0.143 3.86 607.0
2456167.64029 20.067 0.145 3.91 855.0
2456168.53979 20.137 0.120 3.65 602.0
2456168.60441 20.069 0.124 4.04 599.0
2456168.66075 20.414 0.183 4.27 711.0
2456169.49056 19.913 0.137 5.17 589.0
2456169.54152 20.568 0.239 5.03 537.0
2456169.59214 19.915 0.112 4.07 561.0
2456169.63228 20.006 0.143 4.64 670.0
2456169.66762 19.789 0.131 5.35 765.0
2456171.49321 20.299 0.117 3.54 519.0
2456171.54720 19.993 0.108 4.03 573.0
2456171.59660 20.013 0.110 3.82 603.0
2456171.67871 19.485 0.110 5.83 727.0
2456172.50545 19.980 0.075 3.16 404.0
2456172.55595 20.142 0.106 3.69 452.0
2456172.60640 20.106 0.113 4.09 457.0
2456172.64482 20.099 0.122 4.43 509.0
2456174.64450 19.762 0.161 7.12 556.0
2456175.51805 19.899 0.107 5.17 391.0
2456175.55615 20.455 0.203 5.66 415.0
2456175.59478 19.789 0.104 5.20 460.0
2456175.63610 19.829 0.118 5.33 529.0
2456179.52316 19.934 0.139 6.77 408.0
2456179.56935 19.872 0.130 6.22 406.0
2456179.61275 20.126 0.182 6.75 401.0
2456179.65177 20.013 0.177 7.37 411.0
2456180.48839 19.885 0.172 7.52 438.0
2456180.54783 19.955 0.125 5.59 416.0
2456180.58566 20.239 0.218 6.94 472.0
2456180.62685 19.819 0.159 7.03 482.0
2456181.49283 19.984 0.117 5.05 454.0
2456181.54682 19.955 0.102 4.14 464.0
2456181.58851 19.803 0.082 3.67 464.0
2456181.62757 19.725 0.100 5.07 478.0
2456182.49316 20.156 0.123 4.79 373.0
2456182.54803 19.948 0.100 4.95 352.0
2456182.59624 20.007 0.111 5.08 360.0
2456182.64137 19.736 0.130 6.98 449.0
2456183.49025 19.816 0.115 6.21 321.0
2456183.59332 20.116 0.109 4.25 343.0
2456183.63233 19.888 0.106 5.42 333.0
2456184.52818 19.897 0.084 4.25 327.0
2456184.58660 20.007 0.094 4.71 293.0
2456184.63244 19.789 0.092 6.59 319.0
2456185.49505 19.898 0.095 5.14 323.0
2456185.55385 20.018 0.086 3.83 328.0
2456185.59318 20.101 0.110 4.65 342.0
2456186.47898 20.081 0.207 6.33 661.0
2456186.53596 20.480 0.164 4.66 338.0
2456186.57466 20.055 0.136 5.70 337.0
2456187.53539 20.070 0.172 6.87 369.0
2456190.51467 20.019 0.116 5.17 400.0
2456190.57225 20.129 0.127 5.03 425.0
2456190.61215 20.102 0.148 5.80 442.0
2456191.51570 19.839 0.137 4.96 626.0
2456191.56761 20.170 0.204 5.49 717.0
2456191.60981 19.861 0.151 5.60 624.0
2456195.49172 20.124 0.123 4.32 477.0
2456195.54397 19.744 0.090 4.19 531.0
2456195.58210 19.886 0.121 4.63 602.0
2456196.49249 20.486 0.206 4.36 592.0
2456196.54082 20.045 0.210 6.54 639.0
2456196.57975 20.300 0.190 4.98 656.0
2456197.49432 20.413 0.234 6.17 516.0
2456197.54249 20.199 0.191 5.46 587.0
2456197.58252 19.969 0.166 5.68 685.0
2456198.54864 20.007 0.194 6.65 594.0
2456199.51279 20.210 0.216 6.66 519.0
2456200.58404 20.082 0.195 5.86 697.0
2456203.50016 20.372 0.233 6.54 461.0
2456203.55225 20.140 0.213 6.69 566.0
2456204.49899 20.207 0.150 4.94 462.0
2456204.51307 20.273 0.149 4.61 461.0
2456204.54424 20.443 0.204 5.16 471.0
2456204.58237 20.265 0.207 5.75 559.0
2456205.48545 20.497 0.245 5.49 595.0
2456205.52853 20.085 0.117 4.57 379.0
2456205.56660 20.150 0.132 5.01 374.0
2456209.54745 20.273 0.253 7.31 463.0
2456210.49953 20.035 0.146 6.40 415.0
2456210.53788 20.136 0.145 5.55 422.0
2456210.57673 19.806 0.129 6.23 491.0
2456211.50130 20.013 0.115 4.65 432.0
2456211.54365 19.998 0.122 5.02 409.0
2456211.58211 19.904 0.132 5.89 460.0
2456212.50076 20.000 0.122 4.71 489.0
2456212.53915 19.820 0.103 4.49 499.0
2456213.50720 20.357 0.215 6.23 461.0
2456213.54563 19.823 0.122 5.69 459.0
2456214.49430 20.013 0.135 5.45 484.0
2456216.51140 20.075 0.143 5.47 448.0
2456216.55039 19.771 0.116 5.47 487.0
2456217.50621 20.060 0.107 3.99 413.0
2456217.54408 20.301 0.153 4.61 421.0
2456218.51911 20.092 0.161 5.45 536.0
2456218.55766 19.923 0.154 6.17 587.0
2456221.51242 20.164 0.297 5.61 1492.0
2456223.53230 19.545 0.125 6.04 673.0
2456226.51453 20.219 0.284 7.24 739.0
2456227.53583 19.906 0.204 6.86 791.0
2456231.49947 19.726 0.219 5.86 1537.0
2456233.51898 19.658 0.149 6.42 664.0
