2455260.89328 16.668 0.008 4.20 654.0
2455261.82419 16.664 0.009 4.27 599.0
2455262.86182 16.660 0.019 6.29 2621.0
2455265.88037 16.666 0.009 4.72 741.0
2455266.82656 16.658 0.009 5.14 478.0
2455267.85383 16.659 0.009 5.48 462.0
2455268.85624 16.669 0.008 4.98 444.0
2455269.81992 16.666 0.007 4.33 421.0
2455270.82559 16.663 0.008 4.11 418.0
2455271.82114 16.656 0.008 4.41 490.0
2455272.82626 16.664 0.009 5.87 413.0
2455273.81123 16.675 0.008 4.84 415.0
2455274.82981 16.669 0.008 4.70 407.0
2455275.81612 16.681 0.009 4.96 490.0
2455276.79425 16.655 0.008 4.25 428.0
2455277.85027 16.670 0.008 4.94 453.0
2455278.82635 16.678 0.009 5.45 440.0
2455279.82761 16.664 0.009 5.44 429.0
2455280.83427 16.659 0.008 4.73 461.0
2455281.81421 16.662 0.008 4.29 435.0
2455282.83693 16.655 0.008 4.78 473.0
2455283.79694 16.677 0.009 4.48 629.0
2455283.88839 16.688 0.008 5.22 439.0
2455284.80261 16.669 0.010 5.60 730.0
2455285.79344 16.647 0.010 5.11 858.0
2455286.80911 16.670 0.012 5.90 794.0
2455287.86229 16.657 0.009 4.51 693.0
2455288.78766 16.653 0.009 4.60 802.0
2455289.83953 16.680 0.010 5.36 752.0
2455293.86750 16.643 0.008 3.83 519.0
2455294.83760 16.659 0.008 4.42 385.0
2455295.84101 16.650 0.008 4.66 368.0
2455296.88043 16.645 0.007 3.59 367.0
2455297.91636 16.656 0.007 3.59 462.0
2455299.74914 16.642 0.007 4.06 417.0
2455300.85790 16.672 0.008 4.60 400.0
2455301.86677 16.645 0.010 6.04 428.0
2455306.85189 16.661 0.008 5.53 421.0
2455307.85227 16.670 0.008 4.58 497.0
2455308.84142 16.675 0.008 4.81 385.0
2455309.89632 16.655 0.008 4.34 432.0
2455310.90468 16.659 0.008 4.25 482.0
2455312.76487 16.666 0.010 6.55 573.0
2455313.79747 16.690 0.010 5.73 676.0
2455314.72766 16.672 0.012 6.28 941.0
2455315.65389 16.679 0.016 6.81 1428.0
2455315.86623 16.685 0.011 5.14 985.0
2455316.82320 16.654 0.012 6.12 929.0
2455320.66170 16.649 0.009 4.68 856.0
2455320.86378 16.653 0.008 4.00 670.0
2455321.80682 16.663 0.009 5.02 559.0
2455322.82679 16.672 0.009 5.17 600.0
2455323.71904 16.690 0.011 6.58 533.0
2455323.91675 16.675 0.009 4.62 689.0
2455324.85017 16.679 0.009 5.18 508.0
2455325.76347 16.660 0.008 4.29 386.0
2455326.67589 16.661 0.009 5.67 433.0
2455326.89020 16.661 0.008 3.83 538.0
2455327.83816 16.656 0.009 4.76 458.0
2455328.76822 16.675 0.008 4.22 451.0
2455329.72211 16.693 0.010 6.22 413.0
2455334.89194 16.674 0.009 4.88 481.0
2455335.85496 16.672 0.008 3.97 456.0
2455337.75903 16.671 0.008 4.81 423.0
2455338.75630 16.696 0.009 4.85 586.0
2455339.70971 16.663 0.010 5.04 642.0
2455340.66850 16.651 0.010 5.05 831.0
2455340.92686 16.695 0.010 5.10 800.0
2455341.85836 16.666 0.009 4.85 679.0
2455342.68551 16.680 0.010 5.30 754.0
2455342.88158 16.663 0.011 5.46 829.0
2455343.70567 16.676 0.010 4.49 899.0
2455343.91209 16.661 0.011 4.76 1088.0
2455348.84649 16.682 0.009 4.44 602.0
2455349.78371 16.665 0.009 4.01 1179.0
2455350.73562 16.670 0.010 5.96 485.0
2455351.89423 16.657 0.010 5.47 675.0
2455352.90000 16.655 0.009 3.97 678.0
2455353.82313 16.665 0.009 4.37 515.0
2455354.84438 16.657 0.008 3.76 578.0
2455355.79105 16.651 0.009 4.82 553.0
2455357.79237 16.665 0.011 6.82 455.0
2455359.74177 16.656 0.009 5.24 480.0
2455361.68638 16.663 0.011 7.23 433.0
2455365.60736 16.662 0.009 5.18 502.0
2455368.63334 16.674 0.012 6.25 769.0
2455376.66010 16.669 0.012 7.07 665.0
2455376.85361 16.635 0.010 4.96 1013.0
2455377.55020 16.658 0.009 4.93 514.0
2455377.79095 16.660 0.009 4.84 604.0
2455378.71448 16.663 0.008 4.15 447.0
2455379.50813 16.665 0.009 4.94 417.0
2455379.82148 16.667 0.009 6.08 582.0
2455380.51953 16.669 0.009 5.33 401.0
2455380.71361 16.673 0.007 4.19 376.0
2455381.56536 16.672 0.013 8.10 539.0
2455381.78779 16.682 0.010 6.22 493.0
2455382.65522 16.651 0.009 5.30 446.0
2455383.79383 16.646 0.010 6.94 355.0
2455386.47289 16.660 0.009 4.39 614.0
2455386.54951 16.667 0.008 4.12 740.0
2455386.63139 16.664 0.008 4.52 548.0
2455386.71548 16.652 0.007 4.01 519.0
2455387.54381 16.662 0.007 4.11 380.0
2455388.48339 16.670 0.009 5.17 484.0
2455388.82340 16.668 0.009 5.83 367.0
2455389.77299 16.678 0.008 5.06 369.0
2455390.69979 16.661 0.008 5.37 334.0
2455391.55873 16.649 0.012 8.49 384.0
2455392.49609 16.703 0.010 6.09 454.0
2455392.82597 16.663 0.009 6.06 432.0
2455393.80271 16.673 0.010 6.87 407.0
2455396.78546 16.661 0.008 5.00 377.0
2455403.53385 16.662 0.008 3.93 862.0
2455403.73023 16.669 0.009 3.79 958.0
2455404.59853 16.675 0.010 5.58 615.0
2455405.61826 16.651 0.011 6.78 497.0
2455407.47218 16.677 0.010 6.09 491.0
2455407.66732 16.662 0.011 6.84 433.0
2455408.59644 16.684 0.009 6.03 383.0
2455408.78718 16.669 0.010 5.58 645.0
2455409.78944 16.658 0.009 5.22 569.0
2455411.47839 16.658 0.007 4.40 401.0
2455412.52897 16.676 0.009 5.95 452.0
2455412.76299 16.683 0.011 7.09 457.0
2455414.48902 16.671 0.008 5.01 357.0
2455416.65158 16.674 0.009 5.49 338.0
2455421.49308 16.676 0.009 6.19 400.0
2455421.72961 16.655 0.008 5.41 334.0
2455423.54524 16.669 0.007 3.86 332.0
2455426.59884 16.657 0.009 3.83 1108.0
2455430.62909 16.666 0.010 5.05 715.0
2455431.62651 16.665 0.010 5.85 632.0
2455432.64355 16.681 0.011 6.17 697.0
2455434.59460 16.659 0.009 4.68 531.0
2455435.58790 16.664 0.009 4.58 495.0
2455435.59290 16.671 0.009 4.56 493.0
2455436.66535 16.661 0.008 4.14 504.0
2455438.65631 16.657 0.008 4.42 505.0
2455439.66034 16.663 0.009 4.93 408.0
2455443.68022 16.658 0.008 4.95 424.0
2455445.50274 16.679 0.007 4.22 427.0
2455446.59235 16.667 0.008 4.55 409.0
2455447.62676 16.671 0.008 5.37 383.0
2455449.53509 16.659 0.009 6.16 397.0
2455450.62290 16.651 0.009 5.37 446.0
2455453.62310 16.669 0.009 5.16 469.0
2455458.49273 16.670 0.010 5.78 656.0
2455459.53878 16.672 0.009 4.72 582.0
2455463.50572 16.651 0.008 4.33 572.0
2455464.49592 16.675 0.008 4.92 456.0
2455466.55174 16.647 0.011 7.17 463.0
2455469.61223 16.639 0.008 4.70 501.0
2455471.60384 16.670 0.008 4.85 446.0
2455473.53501 16.675 0.010 6.91 435.0
2455478.53483 16.669 0.009 5.34 459.0
2455480.57529 16.678 0.010 6.38 576.0
2455486.50029 16.690 0.013 6.85 698.0
2455487.55790 16.666 0.009 5.63 714.0
2455490.49648 16.643 0.013 6.49 887.0
2455494.53195 16.670 0.012 6.21 883.0
2455499.50456 16.661 0.013 6.92 712.0
2455598.88581 16.672 0.015 6.48 1880.0
2455620.88215 16.639 0.011 6.90 524.0
2455621.90447 16.644 0.012 4.21 2240.0
2455624.89560 16.659 0.007 4.44 427.0
2455626.86684 16.667 0.008 4.90 423.0
2455629.85521 16.655 0.009 6.15 382.0
2455631.88226 16.668 0.008 4.92 428.0
2455633.83618 16.656 0.008 4.71 455.0
2455635.86906 16.655 0.009 5.43 470.0
2455637.91184 16.654 0.010 5.35 779.0
2455639.83461 16.656 0.009 4.83 611.0
2455641.77188 16.666 0.009 4.87 730.0
2455643.78855 16.642 0.009 4.94 719.0
2455648.81529 16.644 0.007 4.82 414.0
2455650.73713 16.656 0.008 5.80 389.0
2455651.90369 16.641 0.007 4.40 384.0
2455654.83306 16.658 0.008 5.02 355.0
2455656.80599 16.647 0.007 4.82 425.0
2455658.79163 16.651 0.008 5.76 365.0
2455659.84668 16.655 0.008 6.16 375.0
2455662.75899 16.638 0.011 8.44 417.0
2455664.85237 16.642 0.009 5.98 430.0
2455667.77627 16.648 0.008 4.95 489.0
2455669.87966 16.662 0.008 3.71 673.0
2455675.81541 16.643 0.009 5.79 640.0
2455677.77969 16.629 0.007 4.88 427.0
2455680.68749 16.643 0.009 6.03 423.0
2455681.86134 16.650 0.008 4.97 459.0
2455683.81951 16.635 0.007 4.04 440.0
2455685.80909 16.625 0.007 3.97 375.0
2455687.71873 16.631 0.008 5.62 537.0
2455690.72146 16.636 0.008 5.45 353.0
2455692.63881 16.612 0.011 7.57 704.0
2455693.76923 16.630 0.007 4.00 438.0
2455694.85387 16.635 0.007 4.11 461.0
2455696.63394 16.637 0.009 4.85 759.0
2455697.73834 16.641 0.009 5.55 676.0
2455698.81953 16.625 0.009 4.45 1029.0
2455705.87553 16.647 0.010 6.23 549.0
2455707.77940 16.642 0.008 5.14 502.0
2455708.86740 16.637 0.012 7.97 628.0
2455712.86373 16.636 0.009 5.93 498.0
2455715.74831 16.640 0.007 4.68 354.0
2455722.78141 16.623 0.007 3.90 486.0
2455724.56194 16.638 0.011 6.22 1083.0
2455725.79459 16.612 0.007 3.95 637.0
2455735.68246 16.622 0.008 6.02 379.0
2455736.79019 16.620 0.007 4.00 396.0
2455737.84158 16.642 0.008 4.74 433.0
2455739.66040 16.623 0.007 4.60 333.0
2455740.75469 16.638 0.007 4.31 392.0
2455741.80064 16.636 0.007 3.81 380.0
2455742.81029 16.613 0.007 3.61 421.0
2455744.52824 16.609 0.010 6.37 569.0
2455745.60386 16.587 0.010 7.16 423.0
2455746.78209 16.601 0.009 6.57 404.0
2455749.54275 16.621 0.008 5.66 469.0
2455760.82895 16.634 0.011 6.49 723.0
2455762.60913 16.604 0.008 5.53 422.0
2455763.75133 16.614 0.009 5.11 567.0
2455765.52933 16.618 0.008 5.29 534.0
2455766.66982 16.610 0.007 4.46 345.0
2455768.49124 16.625 0.008 5.96 450.0
2455769.62666 16.607 0.007 5.35 388.0
2455776.63896 16.594 0.008 6.34 338.0
2455778.61284 16.619 0.009 5.70 593.0
2455785.64458 16.590 0.010 5.88 725.0
2455787.60990 16.609 0.008 4.63 618.0
2455790.51277 16.598 0.010 7.23 394.0
2455793.62760 16.610 0.008 5.70 387.0
2455795.70154 16.609 0.008 5.67 415.0
2455801.62650 16.613 0.009 6.67 404.0
2455804.69417 16.582 0.008 5.62 500.0
2455812.52768 16.594 0.013 7.68 793.0
2455815.56066 16.571 0.007 4.34 571.0
2455817.64671 16.571 0.010 7.03 651.0
2455820.54799 16.556 0.008 5.55 506.0
2455822.63466 16.553 0.008 6.02 430.0
2455823.50682 16.558 0.010 6.65 455.0
2455824.50439 16.555 0.008 5.88 439.0
2455825.50515 16.563 0.009 6.09 511.0
2455826.49883 16.567 0.009 5.93 441.0
2455827.61948 16.533 0.009 6.80 524.0
2455829.58852 16.518 0.007 5.32 498.0
2455831.59810 16.538 0.007 6.26 474.0
2455833.60713 16.568 0.009 6.79 484.0
2455836.59648 16.546 0.009 6.04 699.0
2455840.62299 16.502 0.010 6.30 802.0
2455842.59358 16.506 0.010 6.54 779.0
2455844.59827 16.526 0.014 8.72 817.0
2455850.53390 16.468 0.007 4.85 535.0
2455852.57238 16.454 0.010 6.86 729.0
2455858.52932 16.419 0.012 9.19 561.0
