2455260.87976 18.617 0.036 4.08 773.0
2455261.81072 18.700 0.040 4.07 745.0
2455262.84831 18.683 0.107 5.76 2996.0
2455265.86523 18.655 0.038 4.15 833.0
2455266.81156 18.683 0.044 5.31 645.0
2455267.83879 18.641 0.038 4.77 584.0
2455268.84123 18.675 0.038 4.81 585.0
2455269.80490 18.710 0.034 4.33 569.0
2455270.81056 18.726 0.037 4.10 567.0
2455271.80608 18.703 0.038 4.46 634.0
2455272.81126 18.707 0.054 6.27 598.0
2455273.79625 18.771 0.041 4.96 567.0
2455274.81475 18.762 0.044 5.05 588.0
2455275.80107 18.625 0.044 4.88 725.0
2455276.77925 18.777 0.041 4.14 592.0
2455276.90674 18.664 0.035 3.93 617.0
2455277.81581 18.725 0.059 6.42 632.0
2455278.81137 18.737 0.044 5.26 594.0
2455279.81261 18.722 0.064 7.27 614.0
2455280.81924 18.734 0.037 4.04 597.0
2455281.79917 18.688 0.033 3.93 570.0
2455282.82189 18.657 0.036 3.91 678.0
2455283.78200 18.753 0.054 5.14 816.0
2455283.87332 18.688 0.037 4.19 647.0
2455284.78761 18.776 0.053 5.06 904.0
2455285.77846 18.608 0.049 4.96 1003.0
2455285.90844 18.763 0.045 4.48 822.0
2455286.79404 18.801 0.070 5.45 937.0
2455287.84723 18.668 0.035 3.21 810.0
2455288.77261 18.714 0.045 3.81 940.0
2455289.82447 18.751 0.042 4.02 867.0
2455293.85240 18.686 0.040 4.67 613.0
2455294.76021 18.686 0.035 4.44 540.0
2455294.79728 18.689 0.028 3.45 493.0
2455294.83469 18.735 0.033 3.98 515.0
2455294.86478 18.646 0.025 3.13 498.0
2455294.90579 18.719 0.031 3.66 538.0
2455295.76169 18.676 0.034 4.44 516.0
2455295.80017 18.723 0.036 4.56 504.0
2455295.83811 18.720 0.032 3.85 506.0
2455295.87625 18.681 0.029 3.51 505.0
2455295.91527 18.775 0.034 3.59 569.0
2455296.80526 18.670 0.029 3.70 514.0
2455296.83975 18.679 0.029 3.57 500.0
2455296.87753 18.687 0.028 3.58 497.0
2455297.75858 18.680 0.033 4.25 551.0
2455297.79858 18.674 0.033 4.58 539.0
2455297.83649 18.685 0.029 3.52 498.0
2455297.87453 18.711 0.031 4.01 496.0
2455297.91345 18.677 0.033 4.16 571.0
2455298.79940 18.731 0.034 3.98 542.0
2455298.83714 18.668 0.035 4.41 542.0
2455298.87535 18.671 0.029 3.74 514.0
2455298.91489 18.762 0.037 3.91 581.0
2455299.74624 18.673 0.029 3.97 496.0
2455299.82158 18.770 0.032 4.08 485.0
2455299.85956 18.722 0.030 3.90 481.0
2455299.89998 18.825 0.035 4.03 539.0
2455300.85501 18.709 0.031 3.65 524.0
2455300.89565 18.670 0.033 3.85 578.0
2455301.75067 18.691 0.038 4.94 556.0
2455301.78835 18.758 0.037 4.38 546.0
2455301.82566 18.668 0.036 4.65 555.0
2455301.86388 18.669 0.044 5.60 578.0
2455301.90412 18.707 0.047 5.64 601.0
2455304.74961 18.758 0.053 5.97 699.0
2455306.68428 18.731 0.043 5.25 610.0
2455306.72137 18.758 0.035 4.15 569.0
2455306.78573 18.686 0.034 4.33 539.0
2455306.84899 18.706 0.031 3.95 536.0
2455306.88890 18.707 0.032 3.89 545.0
2455306.92691 18.706 0.039 3.97 813.0
2455307.73480 18.727 0.036 4.13 583.0
2455307.79840 18.691 0.030 3.57 555.0
2455307.83639 18.728 0.036 4.16 607.0
2455307.87760 18.645 0.031 3.74 598.0
2455307.91522 18.719 0.033 3.63 617.0
2455308.72725 18.637 0.044 5.64 609.0
2455308.78851 18.695 0.031 3.67 538.0
2455308.82595 18.742 0.033 4.03 507.0
2455308.86636 18.718 0.035 4.40 541.0
2455309.70068 18.719 0.048 5.53 676.0
2455309.79364 18.728 0.038 4.62 555.0
2455309.83614 18.677 0.031 3.88 530.0
2455309.88083 18.743 0.034 3.68 572.0
2455309.91830 18.742 0.035 3.79 591.0
2455310.68566 18.689 0.046 5.25 736.0
2455310.76952 18.712 0.046 5.61 605.0
2455310.83190 18.823 0.036 4.38 508.0
2455310.91565 18.694 0.035 4.16 594.0
2455311.80592 18.677 0.041 5.08 617.0
2455311.86433 18.705 0.039 4.69 579.0
2455311.90914 18.759 0.042 4.65 635.0
2455312.73476 18.736 0.050 5.28 744.0
2455312.77585 18.763 0.050 5.27 710.0
2455312.81498 18.755 0.047 5.01 709.0
2455312.85954 18.741 0.041 4.20 732.0
2455312.89912 18.716 0.041 4.74 634.0
2455313.77122 18.715 0.054 5.45 818.0
2455313.84859 18.671 0.046 4.98 761.0
2455313.88789 18.796 0.059 5.54 893.0
2455313.92540 18.677 0.055 5.42 923.0
2455314.69825 18.610 0.054 5.32 1167.0
2455314.73860 18.691 0.055 5.23 1032.0
2455314.77861 18.700 0.055 5.22 987.0
2455314.82214 18.757 0.043 4.24 893.0
2455314.87356 18.740 0.050 4.67 992.0
2455314.91095 18.700 0.045 4.27 990.0
2455315.67647 18.761 0.078 6.13 1301.0
2455315.72414 18.685 0.066 5.79 1129.0
2455315.76175 18.728 0.056 5.01 1013.0
2455315.79914 18.728 0.045 4.08 1005.0
2455315.83841 18.766 0.060 5.12 1056.0
2455315.91933 18.779 0.060 4.92 1159.0
2455316.71482 18.712 0.064 5.57 1087.0
2455316.75789 18.812 0.078 6.16 1028.0
2455316.79489 18.687 0.063 5.81 989.0
2455316.83874 18.761 0.077 6.27 1084.0
2455319.81089 18.711 0.050 3.38 1679.0
2455319.85489 18.719 0.066 3.85 2369.0
2455319.89918 18.727 0.089 4.37 3770.0
2455320.67449 18.689 0.052 4.65 1215.0
2455320.71688 18.806 0.056 4.63 1017.0
2455320.75556 18.638 0.045 4.73 892.0
2455320.79325 18.751 0.047 4.63 818.0
2455320.83394 18.722 0.040 4.08 796.0
2455320.87476 18.771 0.051 4.14 1171.0
2455320.91429 18.693 0.049 4.36 1215.0
2455321.67215 18.632 0.059 6.60 806.0
2455321.74003 18.705 0.041 4.58 702.0
2455321.77977 18.655 0.037 4.43 694.0
2455321.81775 18.685 0.050 5.63 723.0
2455321.85950 18.741 0.042 4.48 699.0
2455321.89684 18.716 0.040 4.30 727.0
2455321.93396 18.761 0.068 5.22 1371.0
2455322.82538 18.680 0.038 4.41 727.0
2455322.86797 18.591 0.036 4.27 730.0
2455322.93352 18.696 0.042 3.71 1092.0
2455323.71763 18.715 0.046 5.47 664.0
2455323.75766 18.691 0.040 4.98 658.0
2455323.79701 18.767 0.041 4.71 680.0
2455323.83897 18.698 0.039 4.29 723.0
2455323.87789 18.673 0.037 4.00 757.0
2455323.91535 18.727 0.050 5.16 825.0
2455324.66700 18.711 0.044 5.15 655.0
2455324.73084 18.702 0.040 4.64 598.0
2455324.76820 18.706 0.037 4.24 601.0
2455324.80698 18.748 0.046 5.05 647.0
2455324.84722 18.735 0.043 4.62 655.0
2455324.88448 18.724 0.040 4.44 681.0
2455324.92527 18.772 0.043 4.39 739.0
2455325.65174 18.670 0.039 4.55 668.0
2455325.71173 18.703 0.036 4.39 566.0
2455325.74971 18.771 0.038 4.13 558.0
2455325.78691 18.709 0.036 4.32 535.0
2455325.82875 18.696 0.036 4.13 591.0
2455325.87386 18.773 0.038 3.81 617.0
2455325.91267 18.811 0.052 5.30 687.0
2455326.62314 18.811 0.068 6.49 716.0
2455326.68681 18.688 0.038 4.48 559.0
2455326.74762 18.681 0.036 4.51 554.0
2455326.78529 18.682 0.029 3.53 518.0
2455326.82495 18.618 0.035 4.32 587.0
2455326.86265 18.750 0.041 4.25 636.0
2455326.90108 18.749 0.040 3.91 690.0
2455327.63040 18.691 0.034 4.08 553.0
2455327.70111 18.715 0.039 4.85 538.0
2455327.77233 18.757 0.038 4.13 550.0
2455327.81131 18.777 0.045 5.05 588.0
2455327.84950 18.712 0.036 3.80 619.0
2455327.88856 18.684 0.037 3.98 667.0
2455327.92641 18.765 0.041 3.84 731.0
2455328.62302 18.699 0.041 4.36 724.0
2455328.72810 18.828 0.044 4.73 577.0
2455328.76680 18.697 0.035 3.80 578.0
2455328.80424 18.758 0.038 4.31 590.0
2455328.84507 18.719 0.041 4.64 609.0
2455328.88282 18.671 0.040 4.34 642.0
2455328.92044 18.815 0.042 3.97 696.0
2455329.72069 18.695 0.044 5.49 564.0
2455334.67181 18.623 0.060 7.46 659.0
2455334.75190 18.753 0.039 4.67 572.0
2455334.80864 18.792 0.043 5.10 574.0
2455334.85004 18.741 0.044 5.66 587.0
2455334.89050 18.735 0.049 5.79 643.0
2455334.92830 18.802 0.053 6.21 646.0
2455335.73422 18.673 0.030 3.66 562.0
2455335.77287 18.701 0.051 6.22 613.0
2455335.81358 18.717 0.035 4.24 582.0
2455335.85203 18.821 0.037 3.98 580.0
2455335.88965 18.613 0.042 5.20 661.0
2455335.92868 18.622 0.045 5.44 692.0
2455336.80694 18.735 0.045 5.10 634.0
2455336.89860 18.771 0.052 5.27 713.0
2455336.93621 18.811 0.057 4.76 850.0
2455337.78301 18.690 0.038 4.55 583.0
2455337.82279 18.752 0.045 4.96 634.0
2455337.86120 18.725 0.056 6.14 731.0
2455337.89902 18.632 0.050 5.59 771.0
2455337.93743 18.699 0.066 5.75 1126.0
2455338.82328 18.709 0.059 6.14 769.0
2455338.87996 18.673 0.067 7.18 775.0
2455339.65781 18.682 0.058 6.19 833.0
2455339.69576 18.647 0.044 4.68 774.0
2455339.76239 18.699 0.035 3.68 747.0
2455339.85514 18.705 0.057 5.77 869.0
2455339.89523 18.682 0.066 6.57 913.0
2455339.93319 18.722 0.055 5.08 989.0
2455340.64184 18.780 0.075 6.73 980.0
2455340.68118 18.676 0.054 5.38 918.0
2455340.76747 18.691 0.052 5.48 777.0
2455340.82384 18.726 0.061 5.77 946.0
2455340.86245 18.791 0.056 5.47 816.0
2455340.90027 18.622 0.053 5.57 925.0
2455340.93794 18.794 0.078 6.55 1058.0
2455341.61236 18.624 0.047 5.41 913.0
2455341.68556 18.687 0.037 3.98 742.0
2455341.79316 18.717 0.039 3.98 780.0
2455341.83163 18.801 0.046 4.21 806.0
2455341.86941 18.772 0.045 4.26 826.0
2455341.90970 18.682 0.040 4.22 780.0
2455342.58390 18.650 0.074 6.58 1236.0
2455342.62129 18.803 0.067 5.67 1026.0
2455342.65898 18.755 0.064 5.82 941.0
2455342.69638 18.736 0.047 4.46 845.0
2455342.73456 18.715 0.047 4.89 828.0
2455342.77788 18.759 0.060 5.75 865.0
2455342.81709 18.736 0.059 5.65 910.0
2455342.85521 18.665 0.047 4.88 904.0
2455342.89282 18.675 0.052 5.23 972.0
2455342.93072 18.779 0.067 6.21 878.0
2455343.60214 18.664 0.063 5.25 1356.0
2455343.63975 18.630 0.057 5.41 1154.0
2455343.67740 18.575 0.055 5.48 1100.0
2455343.71523 18.671 0.047 4.48 971.0
2455343.75321 18.709 0.044 4.33 922.0
2455343.79389 18.883 0.059 4.86 1024.0
2455343.83287 18.818 0.060 4.94 1050.0
2455343.88366 18.645 0.051 4.67 1148.0
2455343.92155 18.640 0.058 5.35 1231.0
2455348.61986 18.678 0.049 5.35 811.0
2455348.71463 18.694 0.049 4.92 839.0
2455348.78015 18.753 0.052 5.49 681.0
2455348.81806 18.617 0.047 5.52 724.0
2455348.86224 18.667 0.043 4.63 776.0
2455348.90055 18.710 0.070 6.32 885.0
2455348.94024 18.744 0.085 6.89 1156.0
2455349.61723 18.845 0.082 6.92 871.0
2455349.72806 18.786 0.051 4.54 905.0
2455349.79361 18.729 0.049 4.50 975.0
2455349.83119 18.615 0.051 5.06 1171.0
2455350.63100 18.645 0.053 6.80 619.0
2455350.66900 18.619 0.054 6.66 659.0
2455350.70634 18.660 0.046 5.59 622.0
2455351.61253 18.798 0.049 5.64 589.0
2455351.68902 18.668 0.044 5.64 568.0
2455351.77250 18.767 0.047 4.81 710.0
2455351.86344 18.653 0.043 5.11 715.0
2455351.90367 18.809 0.061 5.86 841.0
2455352.62638 18.731 0.050 5.64 639.0
2455352.70078 18.709 0.033 3.83 524.0
2455352.78698 18.720 0.042 4.70 644.0
2455352.87216 18.677 0.039 3.80 763.0
2455352.90968 18.739 0.049 4.80 851.0
2455353.59195 18.695 0.044 4.38 679.0
2455353.67453 18.711 0.034 3.92 546.0
2455353.75522 18.666 0.035 3.95 585.0
2455353.79490 18.696 0.038 4.56 599.0
2455353.83264 18.769 0.043 4.25 651.0
2455353.88266 18.760 0.047 4.62 733.0
2455354.61121 18.696 0.046 5.11 622.0
2455354.70141 18.777 0.046 5.03 573.0
2455354.70351 18.737 0.041 4.49 553.0
2455354.79871 18.671 0.039 4.20 648.0
2455354.85403 18.702 0.041 3.86 739.0
2455354.89468 18.709 0.053 5.00 864.0
2455355.57194 18.807 0.049 5.03 715.0
2455355.64116 18.741 0.044 5.04 626.0
2455355.72723 18.713 0.040 4.55 627.0
2455355.80044 18.772 0.044 4.70 683.0
2455355.84107 18.646 0.043 4.91 734.0
2455355.88637 18.609 0.059 6.33 864.0
2455357.64000 18.734 0.044 5.36 600.0
2455357.72744 18.727 0.046 5.40 591.0
2455357.81789 18.766 0.061 6.56 647.0
2455357.89638 18.682 0.049 5.68 747.0
2455358.69437 18.646 0.034 5.04 419.0
2455358.79745 18.811 0.047 4.96 594.0
2455358.88579 18.681 0.058 6.59 685.0
2455359.60683 18.705 0.051 5.70 743.0
2455359.65381 18.725 0.039 4.48 625.0
2455359.70970 18.659 0.049 5.87 671.0
2455359.75397 18.722 0.042 5.03 639.0
2455359.79861 18.647 0.040 4.73 663.0
2455359.84310 18.701 0.045 4.96 731.0
2455359.88316 18.757 0.057 5.75 784.0
2455361.65190 18.630 0.051 6.36 627.0
2455362.61241 18.674 0.042 4.84 745.0
2455362.71373 18.776 0.041 4.40 664.0
2455362.81763 18.685 0.042 5.20 684.0
2455362.89436 18.804 0.066 6.48 806.0
2455364.53819 18.779 0.059 6.18 739.0
2455364.59570 18.742 0.041 4.90 595.0
2455364.68521 18.683 0.042 5.33 571.0
2455364.80647 18.826 0.057 6.32 571.0
2455364.84593 18.732 0.050 5.83 582.0
2455364.88589 18.739 0.052 5.98 616.0
2455365.55805 18.720 0.057 5.89 829.0
2455365.61545 18.707 0.039 4.57 640.0
2455365.70745 18.679 0.037 4.25 595.0
2455365.80090 18.727 0.041 4.60 614.0
2455365.85397 18.643 0.049 5.72 686.0
2455365.89231 18.731 0.061 6.31 756.0
2455368.63035 18.767 0.064 6.44 802.0
2455369.71507 18.809 0.076 5.80 1237.0
2455369.76085 18.662 0.044 4.52 919.0
2455369.79953 18.685 0.059 5.40 1073.0
2455369.83865 18.769 0.063 6.10 822.0
2455376.64493 18.764 0.066 6.46 800.0
2455376.68583 18.637 0.046 5.14 766.0
2455376.72477 18.717 0.051 5.18 794.0
2455376.76315 18.625 0.049 5.30 819.0
2455376.80129 18.775 0.057 5.19 899.0
2455376.83930 18.719 0.061 5.53 1005.0
2455376.87719 18.636 0.065 6.01 1200.0
2455377.53404 18.747 0.057 6.26 658.0
2455377.61682 18.719 0.051 5.87 634.0
2455377.68487 18.719 0.041 4.59 624.0
2455377.73378 18.735 0.048 5.35 666.0
2455377.77681 18.628 0.040 4.59 720.0
2455377.81454 18.748 0.040 4.12 729.0
2455377.85273 18.691 0.051 5.26 847.0
2455378.52156 18.655 0.038 4.24 636.0
2455378.60539 18.615 0.033 4.22 540.0
2455378.69390 18.682 0.036 4.30 546.0
2455378.74842 18.715 0.032 3.44 574.0
2455378.78659 18.685 0.039 4.54 614.0
2455378.82481 18.769 0.044 4.66 684.0
2455378.86471 18.827 0.058 5.96 782.0
2455379.50356 18.676 0.042 5.21 533.0
2455379.55726 18.747 0.043 4.86 542.0
2455379.64247 18.709 0.035 3.73 627.0
2455379.72888 18.759 0.037 4.04 553.0
2455379.76948 18.719 0.037 4.03 614.0
2455379.80736 18.695 0.045 5.20 672.0
2455379.84544 18.690 0.057 6.96 765.0
2455380.51498 18.768 0.046 5.54 557.0
2455380.62391 18.716 0.032 4.31 449.0
2455380.71056 18.753 0.038 4.79 505.0
2455380.74893 18.691 0.033 4.24 521.0
2455380.78692 18.649 0.042 5.28 586.0
2455380.82488 18.672 0.057 6.56 669.0
2455381.52421 18.635 0.072 7.56 796.0
2455381.56230 18.641 0.069 7.85 689.0
2455381.60007 18.706 0.057 6.69 607.0
2455381.65920 18.666 0.045 5.80 533.0
2455381.70001 18.712 0.050 5.77 586.0
2455381.73801 18.695 0.057 6.33 643.0
2455381.78475 18.685 0.069 7.42 670.0
2455381.82309 18.631 0.063 6.81 752.0
2455381.86111 18.730 0.076 7.51 821.0
2455382.55098 18.672 0.065 7.79 656.0
2455382.60062 18.816 0.073 7.55 620.0
2455382.63821 18.652 0.048 6.04 614.0
2455382.67999 18.779 0.050 5.74 575.0
2455382.71990 18.632 0.047 6.13 580.0
2455382.75781 18.753 0.056 6.49 598.0
2455382.80795 18.689 0.066 7.39 669.0
2455383.69200 18.770 0.067 7.57 571.0
2455383.75019 18.794 0.067 7.64 556.0
2455384.78750 18.591 0.053 6.27 750.0
2455384.84452 18.735 0.066 6.65 871.0
2455385.49731 18.612 0.038 4.23 807.0
2455385.71239 18.638 0.031 4.02 462.0
2455385.83558 18.695 0.036 4.57 520.0
2455386.51440 18.708 0.040 4.87 915.0
2455386.52552 18.747 0.038 3.94 634.0
2455386.59647 18.663 0.034 4.19 748.0
2455386.68088 18.709 0.036 4.31 681.0
2455386.73076 18.700 0.032 3.64 495.0
2455386.76911 18.657 0.032 3.92 503.0
2455386.80833 18.672 0.038 5.08 532.0
2455387.46961 18.800 0.052 4.42 911.0
2455387.57501 18.719 0.033 4.38 472.0
2455387.71312 18.749 0.032 3.95 452.0
2455387.75145 18.740 0.034 4.01 465.0
2455387.79520 18.647 0.035 4.44 527.0
2455387.83528 18.671 0.043 6.02 584.0
2455388.49292 18.703 0.047 4.99 651.0
2455388.53096 18.740 0.042 4.94 499.0
2455388.64000 18.727 0.034 4.36 424.0
2455388.75013 18.678 0.035 4.52 435.0
2455388.78988 18.814 0.042 4.87 467.0
2455388.83399 18.678 0.044 6.00 527.0
2455389.48243 18.854 0.072 6.98 658.0
2455389.52052 18.782 0.053 6.18 529.0
2455389.58429 18.709 0.038 4.99 481.0
2455389.68945 18.670 0.037 4.91 464.0
2455389.77145 18.736 0.041 4.84 511.0
2455389.81063 18.640 0.037 4.80 543.0
2455389.85035 18.777 0.056 6.11 635.0
2455390.55375 18.764 0.060 6.89 560.0
2455390.59956 18.770 0.048 5.82 514.0
2455390.68509 18.629 0.047 6.44 526.0
2455390.73523 18.724 0.039 5.06 476.0
2455390.77308 18.669 0.034 4.67 453.0
2455390.81081 18.592 0.037 5.52 463.0
2455391.50491 18.770 0.057 6.41 627.0
2455391.54479 18.761 0.052 6.12 547.0
2455391.58220 18.760 0.040 5.06 488.0
2455391.69147 18.640 0.037 5.09 507.0
2455391.79669 18.665 0.045 5.20 622.0
2455391.83440 18.737 0.047 4.96 682.0
2455392.48203 18.664 0.049 5.95 618.0
2455392.51992 18.671 0.044 5.50 558.0
2455392.55991 18.694 0.041 4.88 561.0
2455392.66632 18.643 0.040 5.23 522.0
2455392.77427 18.776 0.045 5.22 503.0
2455392.81195 18.711 0.041 5.05 551.0
2455393.62734 18.620 0.055 7.36 538.0
2455393.66681 18.747 0.057 6.86 510.0
2455393.70513 18.727 0.051 6.43 485.0
2455393.75045 18.782 0.071 7.82 557.0
2455393.78863 18.618 0.054 6.87 578.0
2455393.82639 18.569 0.056 7.43 619.0
2455396.57239 18.645 0.067 7.53 696.0
2455396.62616 18.710 0.047 6.07 595.0
2455396.72227 18.707 0.038 4.83 542.0
2455396.75706 18.705 0.034 4.38 503.0
2455396.79508 18.635 0.041 5.79 538.0
2455397.60431 18.681 0.050 5.96 598.0
2455397.65036 18.733 0.065 7.24 616.0
2455397.68820 18.753 0.058 6.44 607.0
2455403.47008 18.693 0.051 4.42 1274.0
2455403.50754 18.686 0.041 4.08 1001.0
2455403.54478 18.675 0.040 3.95 971.0
2455403.58269 18.649 0.043 4.40 967.0
2455403.62397 18.649 0.041 4.09 926.0
2455403.66258 18.788 0.049 4.24 970.0
2455403.70036 18.657 0.043 4.05 1005.0
2455403.74119 18.783 0.051 4.28 1090.0
2455403.77914 18.622 0.061 5.64 1241.0
2455404.48290 18.643 0.039 3.75 782.0
2455404.52077 18.635 0.041 4.49 737.0
2455404.55857 18.743 0.043 3.91 753.0
2455404.59695 18.680 0.049 5.14 763.0
2455404.63958 18.707 0.044 4.38 687.0
2455404.67914 18.704 0.050 5.02 725.0
2455404.71802 18.615 0.046 4.66 791.0
2455404.75751 18.636 0.044 4.45 834.0
2455405.61669 18.709 0.061 6.22 691.0
2455405.65595 18.589 0.048 6.07 625.0
2455405.69588 18.614 0.046 5.10 658.0
2455405.73364 18.710 0.050 4.76 783.0
2455405.77115 18.701 0.044 4.15 728.0
2455407.47062 18.627 0.060 6.52 730.0
2455407.51041 18.701 0.046 5.79 505.0
2455407.54849 18.686 0.053 7.07 495.0
2455407.58706 18.621 0.044 5.62 535.0
2455407.62748 18.619 0.054 6.79 573.0
2455407.66576 18.604 0.049 6.22 582.0
2455407.70470 18.730 0.052 5.29 623.0
2455407.74277 18.670 0.051 5.23 693.0
2455408.50165 18.797 0.066 7.21 602.0
2455408.54439 18.618 0.054 6.95 588.0
2455408.59241 18.709 0.048 6.10 555.0
2455408.63222 18.737 0.048 5.63 587.0
2455408.67088 18.742 0.053 6.23 603.0
2455408.70875 18.810 0.054 5.84 603.0
2455408.74648 18.627 0.052 6.31 667.0
2455408.78405 18.595 0.058 6.60 802.0
2455409.49425 18.718 0.043 5.61 518.0
2455409.55808 18.769 0.036 4.68 472.0
2455409.66486 18.626 0.033 4.54 489.0
2455409.74857 18.657 0.042 5.34 620.0
2455409.78632 18.640 0.050 6.11 697.0
2455410.49867 18.670 0.040 5.00 576.0
2455410.56036 18.715 0.044 5.73 505.0
2455410.66886 18.715 0.037 4.60 495.0
2455410.75293 18.770 0.047 5.18 601.0
2455411.47527 18.719 0.036 4.42 572.0
2455411.51319 18.756 0.038 4.86 478.0
2455411.59614 18.732 0.034 4.50 473.0
2455411.70438 18.673 0.031 4.12 481.0
2455412.52736 18.715 0.048 5.98 595.0
2455412.56575 18.757 0.049 5.47 632.0
2455412.60580 18.764 0.051 6.00 585.0
2455412.64399 18.644 0.048 6.10 590.0
2455412.68721 18.637 0.048 6.23 569.0
2455412.76141 18.788 0.067 7.26 614.0
2455413.50701 18.625 0.037 4.68 596.0
2455413.59098 18.798 0.040 4.75 486.0
2455413.69884 18.702 0.034 4.67 444.0
2455413.75923 18.690 0.053 6.97 513.0
2455414.48742 18.708 0.035 4.31 494.0
2455414.52521 18.684 0.032 4.13 454.0
2455414.63496 18.630 0.029 3.95 435.0
2455414.74578 18.738 0.043 5.08 528.0
2455416.60407 18.789 0.054 6.05 518.0
2455416.65000 18.724 0.046 5.75 500.0
2455416.71281 18.702 0.049 6.20 531.0
2455418.56861 18.713 0.032 4.06 449.0
2455418.61284 18.624 0.034 4.97 453.0
2455418.66787 18.735 0.042 5.47 458.0
2455418.71449 18.670 0.038 4.98 489.0
2455421.52139 18.644 0.040 5.49 530.0
2455421.58075 18.769 0.043 5.33 512.0
2455421.62681 18.758 0.048 6.31 486.0
2455421.66963 18.650 0.043 6.23 468.0
2455421.71537 18.751 0.043 5.80 465.0
2455422.50454 18.723 0.040 4.66 548.0
2455422.54864 18.740 0.037 4.57 532.0
2455422.67251 18.676 0.036 5.01 458.0
2455423.48631 18.715 0.035 4.57 501.0
2455423.52820 18.720 0.031 4.01 465.0
2455423.63296 18.708 0.039 4.91 512.0
2455425.49523 18.630 0.043 5.68 595.0
2455425.53638 18.642 0.034 4.37 539.0
2455426.50368 18.712 0.067 4.69 1702.0
2455426.54272 18.785 0.060 4.74 1157.0
2455426.69396 18.615 0.079 4.64 2638.0
2455430.48960 18.674 0.053 5.09 886.0
2455430.52946 18.642 0.043 4.00 884.0
2455430.57427 18.653 0.050 5.26 814.0
2455430.61347 18.639 0.046 4.76 806.0
2455430.65147 18.726 0.052 4.82 868.0
2455431.49065 18.697 0.048 5.02 842.0
2455431.53010 18.656 0.045 5.11 765.0
2455431.56942 18.673 0.050 5.16 864.0
2455431.61093 18.628 0.044 5.13 741.0
2455431.64853 18.682 0.054 5.80 804.0
2455431.68946 18.688 0.075 6.93 1086.0
2455432.62648 18.735 0.060 5.93 802.0
2455432.66937 18.717 0.066 6.29 901.0
2455433.65100 18.691 0.063 5.90 1043.0
2455433.68941 18.590 0.066 5.71 1466.0
2455434.52129 18.795 0.051 4.92 642.0
2455434.56562 18.706 0.046 5.20 643.0
2455434.60859 18.678 0.044 4.55 692.0
2455434.65107 18.599 0.042 4.47 733.0
2455434.69343 18.766 0.051 5.00 788.0
2455435.49282 18.692 0.052 6.04 602.0
2455435.53576 18.701 0.044 4.72 631.0
2455435.60245 18.721 0.041 4.10 627.0
2455435.65601 18.736 0.042 4.48 637.0
2455435.69666 18.639 0.039 4.40 687.0
2455436.49054 18.734 0.045 5.16 554.0
2455436.59006 18.800 0.052 5.17 627.0
2455436.59848 18.697 0.046 5.17 618.0
2455436.70370 18.798 0.054 5.69 682.0
2455437.54497 18.732 0.038 5.15 514.0
2455437.67603 18.686 0.043 5.22 621.0
2455438.52587 18.760 0.057 6.50 606.0
2455438.59119 18.643 0.042 5.61 563.0
2455438.66561 18.717 0.040 4.46 603.0
2455438.70323 18.657 0.035 3.92 627.0
2455439.54316 18.678 0.051 5.64 583.0
2455439.58146 18.661 0.055 6.82 583.0
2455439.61925 18.635 0.050 6.07 565.0
2455439.65721 18.684 0.045 5.08 558.0
2455443.51172 18.818 0.056 6.41 555.0
2455443.55782 18.694 0.048 6.41 551.0
2455443.59568 18.784 0.050 5.71 569.0
2455443.63341 18.619 0.041 5.66 551.0
2455443.67709 18.719 0.044 5.48 562.0
2455444.51917 18.678 0.055 6.88 543.0
2455444.56780 18.769 0.051 6.27 506.0
2455444.61949 18.776 0.057 6.29 576.0
2455444.65750 18.693 0.044 5.09 600.0
2455445.49805 18.680 0.033 3.90 560.0
2455445.62732 18.682 0.036 4.87 493.0
2455445.66662 18.806 0.042 4.78 548.0
2455446.50106 18.650 0.043 5.39 563.0
2455446.54652 18.696 0.041 4.89 563.0
2455446.58762 18.777 0.042 4.52 559.0
2455446.62562 18.680 0.036 4.30 512.0
2455447.47314 18.603 0.062 4.50 1785.0
2455447.51765 18.730 0.036 4.32 519.0
2455447.55680 18.654 0.044 5.82 529.0
2455447.62211 18.651 0.045 6.10 508.0
2455448.48872 18.711 0.040 5.11 533.0
2455448.53283 18.665 0.041 5.23 541.0
2455448.61601 18.669 0.039 4.77 554.0
2455449.48968 18.693 0.056 6.62 595.0
2455449.53039 18.654 0.045 5.60 551.0
2455449.58187 18.711 0.041 4.85 568.0
2455450.49233 18.703 0.043 5.41 561.0
2455450.53007 18.733 0.052 6.22 559.0
2455450.56812 18.679 0.053 6.47 585.0
2455450.61642 18.661 0.049 5.95 595.0
2455450.65715 18.710 0.054 6.51 610.0
2455451.51906 18.549 0.068 7.07 1062.0
2455451.64803 18.648 0.052 6.02 616.0
2455453.49199 18.558 0.051 6.54 772.0
2455453.58060 18.650 0.038 4.46 661.0
2455457.49906 18.677 0.031 3.25 722.0
2455457.55693 18.689 0.036 4.24 680.0
2455457.61218 18.677 0.041 4.70 734.0
2455458.48946 18.645 0.047 5.07 790.0
2455458.54559 18.646 0.060 6.46 755.0
2455458.59687 18.748 0.077 7.37 824.0
2455459.50704 18.630 0.044 5.14 692.0
2455459.56267 18.730 0.045 4.43 713.0
2455459.60370 18.613 0.039 4.52 780.0
2455460.49508 18.671 0.058 6.22 716.0
2455460.54929 18.854 0.079 5.38 1198.0
2455460.59034 18.647 0.095 6.12 2368.0
2455461.51029 18.685 0.075 5.62 1579.0
2455461.59380 18.622 0.049 5.61 775.0
2455462.49623 18.667 0.045 4.82 682.0
2455462.56313 18.717 0.046 4.57 752.0
2455463.51581 18.642 0.041 4.69 707.0
2455463.59016 18.787 0.053 5.13 782.0
2455464.50795 18.707 0.053 6.00 648.0
2455464.54996 18.666 0.049 5.72 673.0
2455465.52135 18.771 0.064 6.94 608.0
2455468.57470 18.715 0.059 6.71 621.0
2455470.52554 18.618 0.042 4.80 599.0
2455471.53292 18.661 0.042 5.34 543.0
2455471.59767 18.691 0.043 5.24 571.0
2455472.56435 18.641 0.047 5.88 634.0
2455473.51447 18.665 0.053 6.21 611.0
2455476.50393 18.659 0.047 5.53 609.0
2455478.49214 18.682 0.054 5.93 656.0
2455479.51973 18.779 0.059 5.82 620.0
2455480.50693 18.614 0.052 6.12 644.0
2455480.57062 18.618 0.054 6.53 723.0
2455481.54315 18.579 0.078 6.96 1184.0
2455485.52341 18.773 0.059 5.38 791.0
2455486.50983 18.683 0.058 5.29 829.0
2455487.48958 18.690 0.046 3.70 1108.0
2455487.55321 18.600 0.048 5.76 826.0
2455488.54317 18.594 0.047 5.00 904.0
2455489.53131 18.733 0.063 6.23 857.0
2455490.52972 18.837 0.084 6.36 928.0
2455492.53135 18.711 0.074 6.29 1086.0
2455494.53658 18.871 0.078 5.84 1044.0
2455495.54050 18.774 0.059 6.15 729.0
2455497.53802 18.856 0.058 5.39 816.0
2455502.50646 18.575 0.049 5.26 871.0
2455596.87657 18.653 0.053 5.83 912.0
2455598.86508 18.629 0.041 5.43 604.0
2455599.87857 18.781 0.054 6.02 639.0
2455600.87140 18.694 0.041 4.77 641.0
2455602.86731 18.820 0.067 7.48 639.0
2455604.87550 18.803 0.057 6.29 641.0
2455605.87361 18.691 0.035 4.56 575.0
2455606.87132 18.633 0.044 5.79 588.0
2455607.87565 18.749 0.042 5.11 612.0
2455608.87053 18.621 0.051 7.19 566.0
2455611.85494 18.822 0.076 6.92 870.0
2455612.87017 18.661 0.049 6.05 752.0
2455614.85561 18.673 0.049 5.68 743.0
2455615.86391 18.836 0.047 5.02 664.0
2455616.85697 18.749 0.060 6.81 708.0
2455620.84501 18.737 0.050 5.87 641.0
2455621.84783 18.709 0.037 4.94 529.0
2455622.88555 18.734 0.033 4.14 446.0
2455624.84052 18.765 0.043 4.97 525.0
2455625.81966 18.745 0.047 5.64 570.0
2455626.81605 18.608 0.059 7.59 900.0
2455627.84391 18.661 0.038 5.24 519.0
2455628.85463 18.652 0.035 4.79 516.0
2455629.82282 18.744 0.047 5.75 516.0
2455630.80026 18.720 0.048 6.32 555.0
2455631.82773 18.766 0.060 7.00 720.0
2455632.83529 18.751 0.045 5.52 570.0
2455633.79253 18.660 0.038 5.21 567.0
2455634.84740 18.761 0.050 6.14 542.0
2455635.85617 18.627 0.048 6.31 713.0
2455637.81605 18.708 0.059 6.55 830.0
2455638.79470 18.663 0.053 5.98 764.0
2455639.79386 18.732 0.047 4.86 793.0
2455639.86943 18.773 0.039 4.13 642.0
2455640.75869 18.861 0.077 6.31 996.0
2455640.80157 18.682 0.051 4.93 834.0
2455640.83998 18.745 0.054 5.39 749.0
2455640.88854 18.726 0.042 4.75 691.0
2455641.75489 18.780 0.057 5.48 909.0
2455641.79545 18.757 0.046 4.98 765.0
2455641.87501 18.719 0.041 4.89 665.0
2455642.76123 18.703 0.054 5.56 921.0
2455642.79676 18.716 0.043 4.46 804.0
2455642.85576 18.738 0.043 4.63 705.0
2455642.87705 18.840 0.051 5.18 699.0
2455643.77955 18.826 0.050 4.79 826.0
2455643.81756 18.769 0.046 4.75 773.0
2455643.87784 18.634 0.034 3.96 693.0
2455644.74972 18.657 0.072 5.03 2034.0
2455644.78704 18.839 0.047 4.43 833.0
2455644.85423 18.673 0.044 4.75 822.0
2455644.90285 18.780 0.057 5.07 1130.0
2455647.85561 18.568 0.052 4.03 1838.0
2455647.87583 18.677 0.063 4.57 1863.0
2455647.89178 18.754 0.074 4.78 1894.0
2455648.74051 18.828 0.060 6.87 565.0
2455648.77001 18.673 0.040 5.42 551.0
2455648.83531 18.714 0.032 3.92 519.0
2455648.87791 18.679 0.034 4.54 506.0
2455649.74179 18.828 0.064 7.76 510.0
2455649.77537 18.796 0.041 5.45 469.0
2455649.84121 18.638 0.031 4.70 448.0
2455649.88181 18.645 0.032 4.86 461.0
2455650.73421 18.802 0.050 6.26 518.0
2455650.76745 18.708 0.036 5.31 460.0
2455650.82979 18.701 0.032 4.40 464.0
2455650.87414 18.594 0.034 5.61 482.0
2455651.74940 18.730 0.045 5.91 526.0
2455651.78970 18.702 0.037 4.93 494.0
2455651.86169 18.761 0.040 5.17 509.0
2455651.90826 18.690 0.034 4.56 510.0
2455652.78996 18.667 0.034 4.76 467.0
2455652.83229 18.644 0.027 3.80 442.0
2455652.87580 18.727 0.036 4.75 479.0
2455653.78839 18.654 0.032 4.93 478.0
2455653.91880 18.654 0.034 3.54 756.0
2455654.79375 18.710 0.043 5.51 510.0
2455654.83983 18.803 0.040 4.88 474.0
2455654.88397 18.782 0.039 4.97 464.0
2455655.75086 18.641 0.039 4.63 587.0
2455655.78917 18.754 0.047 5.37 547.0
2455655.82720 18.786 0.043 4.92 526.0
2455655.87368 18.636 0.028 4.42 459.0
2455656.76486 18.724 0.039 4.67 566.0
2455656.81062 18.696 0.036 4.59 537.0
2455656.85059 18.684 0.028 3.66 483.0
2455657.76034 18.652 0.030 3.99 511.0
2455657.79928 18.706 0.031 3.75 501.0
2455657.84001 18.711 0.030 3.71 499.0
2455657.88618 18.692 0.032 4.60 466.0
2455658.74979 18.683 0.067 8.21 753.0
2455658.79538 18.724 0.045 5.79 493.0
2455658.85214 18.690 0.034 4.61 468.0
2455658.89265 18.723 0.040 5.30 461.0
2455659.70882 18.654 0.049 6.21 566.0
2455659.74684 18.724 0.038 5.06 496.0
2455659.78502 18.677 0.036 4.84 504.0
2455659.82503 18.700 0.039 5.39 493.0
2455659.86937 18.808 0.039 4.97 657.0
2455659.91538 18.641 0.035 4.61 498.0
2455660.74275 18.657 0.044 6.31 504.0
2455660.78728 18.656 0.038 5.55 473.0
2455660.82898 18.697 0.034 4.66 474.0
2455660.90061 18.720 0.040 5.23 468.0
2455662.73785 18.732 0.047 5.76 565.0
2455662.77826 18.745 0.047 5.94 543.0
2455662.83934 18.633 0.039 5.44 585.0
2455662.87803 18.703 0.035 4.66 556.0
2455662.91940 18.756 0.040 4.51 610.0
2455664.73948 18.804 0.063 6.95 715.0
2455664.78462 18.794 0.055 6.48 535.0
2455664.84480 18.655 0.043 5.62 550.0
2455664.88527 18.843 0.052 6.08 644.0
2455664.92767 18.649 0.058 4.80 1395.0
2455665.75170 18.681 0.042 5.35 556.0
2455665.79741 18.748 0.037 4.86 474.0
2455665.86161 18.786 0.037 4.87 468.0
2455665.90930 18.679 0.033 4.21 506.0
2455667.75851 18.719 0.039 4.84 631.0
2455667.81044 18.699 0.035 4.47 567.0
2455667.85265 18.684 0.034 4.84 538.0
2455667.90612 18.635 0.032 4.56 468.0
2455668.73548 18.728 0.050 5.30 777.0
2455668.81251 18.738 0.042 4.36 779.0
2455668.87097 18.658 0.051 5.21 856.0
2455668.91177 18.813 0.058 4.21 1219.0
2455669.75284 18.754 0.047 4.88 840.0
2455669.79987 18.711 0.038 4.18 767.0
2455669.85016 18.646 0.035 4.10 738.0
2455669.90158 18.712 0.045 4.14 816.0
2455670.73553 18.652 0.048 5.18 951.0
2455670.77450 18.687 0.043 4.58 857.0
2455670.83824 18.579 0.051 5.58 858.0
2455670.88067 18.685 0.044 4.35 876.0
2455670.92065 18.590 0.040 4.48 869.0
2455671.75761 18.688 0.040 4.23 832.0
2455675.71981 18.665 0.038 3.95 716.0
2455675.75824 18.838 0.050 4.92 713.0
2455675.79673 18.714 0.042 4.80 660.0
2455675.85446 18.706 0.041 4.35 659.0
2455675.90987 18.672 0.046 5.15 652.0
2455676.68452 18.821 0.030 5.03 237.0
2455676.72351 18.832 0.032 4.42 326.0
2455676.76293 18.677 0.027 4.45 353.0
2455676.80232 18.709 0.032 4.20 513.0
2455676.86251 18.687 0.030 3.56 507.0
2455676.91259 18.687 0.034 4.36 532.0
2455677.71742 18.643 0.037 5.10 542.0
2455677.75952 18.686 0.035 4.73 553.0
2455677.80183 18.694 0.042 5.70 545.0
2455677.86267 18.687 0.034 4.13 524.0
2455677.90466 18.727 0.033 3.89 515.0
2455679.68205 18.675 0.048 6.23 595.0
2455679.72364 18.692 0.035 4.21 536.0
2455679.77423 18.723 0.038 4.76 532.0
2455679.81676 18.716 0.042 5.24 555.0
2455679.86859 18.720 0.034 3.79 541.0
2455679.90706 18.685 0.034 4.16 551.0
2455680.66965 18.728 0.056 6.53 574.0
2455680.70821 18.765 0.053 6.16 543.0
2455680.74752 18.726 0.039 4.55 523.0
2455680.79739 18.673 0.037 5.03 507.0
2455680.85178 18.715 0.038 4.68 513.0
2455680.89384 18.710 0.034 4.20 501.0
2455681.66053 18.728 0.067 7.50 663.0
2455681.69881 18.716 0.042 5.32 562.0
2455681.73761 18.741 0.034 4.27 526.0
2455681.78888 18.682 0.041 5.47 509.0
2455681.84193 18.731 0.037 4.46 579.0
2455681.88465 18.674 0.035 4.10 602.0
2455681.92453 18.689 0.038 4.67 625.0
2455682.68734 18.701 0.046 5.52 694.0
2455682.72872 18.648 0.038 5.20 587.0
2455682.77734 18.716 0.035 4.44 556.0
2455682.82943 18.673 0.034 4.25 577.0
2455682.85572 18.729 0.035 4.18 600.0
2455682.86593 18.686 0.038 4.69 605.0
2455682.90831 18.674 0.050 5.96 634.0
2455683.65825 18.743 0.043 5.10 624.0
2455683.70972 18.768 0.039 4.98 557.0
2455683.78899 18.714 0.035 4.47 548.0
2455683.82906 18.734 0.031 3.68 546.0
2455683.88951 18.619 0.032 3.81 628.0
2455683.93094 18.712 0.044 4.56 850.0
2455684.69201 18.752 0.041 4.96 555.0
2455684.74227 18.743 0.033 4.09 521.0
2455684.79229 18.730 0.036 4.45 523.0
2455684.86284 18.764 0.039 4.33 551.0
2455684.90337 18.745 0.040 4.82 548.0
2455685.65488 18.720 0.048 5.99 584.0
2455685.77866 18.715 0.029 3.84 485.0
2455685.81789 18.702 0.028 3.75 480.0
2455685.87270 18.617 0.029 3.71 506.0
2455685.91490 18.853 0.039 4.66 534.0
2455686.66825 18.811 0.049 5.70 598.0
2455686.72824 18.732 0.037 4.83 543.0
2455686.78439 18.677 0.030 3.82 531.0
2455686.83282 18.659 0.038 4.70 568.0
2455686.87448 18.628 0.037 4.60 568.0
2455686.91389 18.657 0.043 5.42 580.0
2455687.66868 18.747 0.056 6.60 745.0
2455687.71349 18.597 0.038 5.51 669.0
2455687.76401 18.706 0.034 4.60 522.0
2455687.81590 18.725 0.034 4.72 498.0
2455688.81578 18.672 0.035 4.74 499.0
2455688.88148 18.763 0.043 5.17 529.0
2455688.93831 18.882 0.084 5.53 1660.0
2455689.70065 18.807 0.035 4.40 484.0
2455689.77546 18.663 0.032 4.48 472.0
2455689.81543 18.693 0.032 4.60 440.0
2455690.65294 18.679 0.043 5.83 549.0
2455690.70309 18.707 0.040 5.70 486.0
2455690.76454 18.759 0.045 5.70 506.0
2455690.80488 18.645 0.038 5.21 523.0
2455690.86352 18.674 0.054 6.93 697.0
2455691.66192 18.712 0.045 5.96 567.0
2455691.73286 18.657 0.034 4.82 496.0
2455691.77590 18.663 0.039 5.45 526.0
2455691.82539 18.665 0.035 4.45 549.0
2455691.86539 18.595 0.037 5.34 565.0
2455691.93344 18.663 0.062 7.65 819.0
2455692.66481 18.717 0.043 5.22 623.0
2455692.72027 18.682 0.036 4.70 566.0
2455692.76749 18.587 0.032 4.62 573.0
2455692.80728 18.630 0.036 4.83 632.0
2455692.84618 18.702 0.035 4.17 621.0
2455692.88462 18.704 0.041 4.63 718.0
2455692.92222 18.705 0.045 5.44 752.0
2455693.63525 18.671 0.045 5.67 709.0
2455693.68382 18.646 0.034 4.47 604.0
2455693.75326 18.750 0.034 4.31 545.0
2455693.79104 18.648 0.029 3.76 542.0
2455693.83030 18.764 0.036 3.90 612.0
2455693.86788 18.683 0.037 4.24 704.0
2455693.90581 18.686 0.042 5.04 762.0
2455694.61375 18.787 0.054 5.35 862.0
2455694.64733 18.747 0.047 5.21 766.0
2455694.68524 18.660 0.039 4.85 674.0
2455694.75150 18.628 0.037 4.74 645.0
2455694.79972 18.743 0.038 4.61 604.0
2455694.83851 18.747 0.036 4.17 576.0
2455694.87584 18.653 0.043 5.42 641.0
2455694.91353 18.717 0.046 5.30 657.0
2455695.61759 18.736 0.053 5.81 727.0
2455695.65901 18.660 0.045 5.60 671.0
2455695.79569 18.668 0.031 4.06 567.0
2455695.83996 18.766 0.038 4.40 569.0
2455695.87794 18.694 0.034 4.39 529.0
2455695.91549 18.773 0.039 5.15 521.0
2455696.60916 18.701 0.060 5.58 1001.0
2455696.64546 18.588 0.044 5.06 820.0
2455696.69503 18.803 0.045 4.61 693.0
2455696.74260 18.678 0.038 4.49 628.0
2455696.78210 18.669 0.044 5.83 621.0
2455696.82603 18.742 0.041 4.13 715.0
2455696.86745 18.667 0.042 4.62 722.0
2455696.92597 18.801 0.051 5.79 624.0
2455697.61547 18.543 0.049 5.61 1015.0
2455697.66286 18.718 0.038 3.81 798.0
2455697.71041 18.717 0.042 4.44 754.0
2455697.74909 18.693 0.042 4.50 755.0
2455697.79128 18.691 0.038 4.43 748.0
2455697.83034 18.710 0.035 3.33 781.0
2455697.87064 18.633 0.038 4.33 798.0
2455697.91263 18.722 0.044 5.45 764.0
2455698.60803 18.675 0.072 5.54 1596.0
2455698.64540 18.738 0.066 5.40 1295.0
2455698.69607 18.822 0.064 5.18 1104.0
2455698.73607 18.862 0.064 5.07 1051.0
2455698.77422 18.782 0.060 6.29 1027.0
2455698.81655 18.688 0.043 3.98 1061.0
2455698.85485 18.742 0.046 4.05 1072.0
2455698.89478 18.773 0.068 6.10 1210.0
2455698.93920 18.696 0.086 6.17 2004.0
2455703.72939 18.632 0.059 7.52 750.0
2455703.77863 18.668 0.065 7.52 828.0
2455703.84640 18.774 0.065 7.05 806.0
2455705.72313 18.672 0.043 5.75 563.0
2455705.76551 18.752 0.050 5.95 590.0
2455705.81878 18.641 0.038 5.05 559.0
2455705.87020 18.623 0.051 6.55 718.0
2455706.65659 18.769 0.056 6.93 634.0
2455706.75310 18.752 0.058 7.13 636.0
2455706.80511 18.715 0.055 6.87 664.0
2455706.87073 18.787 0.059 6.76 769.0
2455707.60143 18.703 0.048 6.03 597.0
2455707.64874 18.728 0.041 5.39 544.0
2455707.69597 18.717 0.039 5.03 550.0
2455707.73411 18.683 0.043 5.42 577.0
2455707.77422 18.685 0.036 4.34 599.0
2455707.81413 18.692 0.035 4.42 563.0
2455707.85325 18.725 0.045 5.24 684.0
2455707.89529 18.780 0.055 6.16 693.0
2455708.60924 18.602 0.045 6.09 567.0
2455708.66524 18.742 0.041 5.43 507.0
2455708.71565 18.647 0.041 5.69 514.0
2455708.75377 18.735 0.050 6.20 522.0
2455708.80482 18.763 0.049 6.15 655.0
2455708.84849 18.866 0.067 6.76 764.0
2455708.89971 18.694 0.067 7.96 954.0
2455709.58442 18.865 0.053 5.88 538.0
2455709.63739 18.853 0.049 5.85 507.0
2455709.79296 18.754 0.041 5.16 540.0
2455712.61052 18.671 0.042 5.12 685.0
2455712.69420 18.732 0.036 4.57 550.0
2455712.73392 18.685 0.036 4.58 567.0
2455712.77658 18.724 0.036 4.45 569.0
2455712.81634 18.759 0.042 5.20 556.0
2455712.85913 18.746 0.048 6.18 609.0
2455713.74082 18.674 0.038 5.02 522.0
2455713.83071 18.695 0.041 5.70 517.0
2455714.62679 18.671 0.041 5.69 590.0
2455714.64069 18.708 0.041 5.72 467.0
2455714.85540 18.886 0.057 6.23 558.0
2455715.58267 18.678 0.044 5.84 557.0
2455715.59036 18.664 0.040 5.57 545.0
2455715.63107 18.790 0.038 4.67 516.0
2455715.68385 18.781 0.036 4.64 493.0
2455715.73038 18.726 0.033 4.41 472.0
2455715.77628 18.698 0.032 4.42 482.0
2455715.82015 18.697 0.039 5.55 510.0
2455715.85993 18.756 0.042 5.86 522.0
2455715.91614 18.700 0.050 6.74 684.0
2455716.65092 18.723 0.045 5.84 505.0
2455716.71531 18.745 0.041 5.52 461.0
2455716.75543 18.725 0.041 5.45 475.0
2455716.79931 18.716 0.036 4.84 462.0
2455716.83815 18.707 0.040 5.36 502.0
2455716.87863 18.714 0.044 5.81 550.0
2455721.55961 18.865 0.059 5.51 761.0
2455721.57356 18.643 0.041 4.46 751.0
2455721.64904 18.759 0.049 5.31 711.0
2455721.72512 18.698 0.039 5.23 551.0
2455721.74014 18.738 0.045 5.76 542.0
2455721.79087 18.786 0.044 5.11 543.0
2455721.82996 18.803 0.049 5.26 596.0
2455721.88192 18.792 0.071 7.07 704.0
2455722.55470 18.693 0.041 4.72 734.0
2455722.57035 18.677 0.038 4.36 706.0
2455722.62977 18.779 0.040 4.40 598.0
2455722.68424 18.666 0.037 4.89 542.0
2455722.72571 18.690 0.037 4.60 559.0
2455722.74044 18.730 0.036 3.96 577.0
2455722.78961 18.589 0.033 4.12 613.0
2455722.83113 18.743 0.042 5.08 635.0
2455723.57134 18.634 0.044 5.10 690.0
2455723.61952 18.725 0.041 5.07 575.0
2455723.66709 18.750 0.041 4.91 550.0
2455723.70847 18.704 0.039 5.06 532.0
2455723.74913 18.777 0.040 4.48 562.0
2455723.78758 18.643 0.030 3.96 525.0
2455723.82663 18.677 0.036 4.86 539.0
2455723.86612 18.737 0.053 6.60 599.0
2455724.57052 18.719 0.061 5.84 853.0
2455724.64753 18.581 0.044 5.28 674.0
2455724.69966 18.694 0.047 5.46 601.0
2455724.74959 18.722 0.045 5.05 607.0
2455724.80004 18.669 0.048 5.71 647.0
2455725.54062 18.760 0.052 5.09 837.0
2455725.61674 18.672 0.035 4.25 660.0
2455725.68191 18.686 0.034 4.14 677.0
2455725.72399 18.690 0.034 3.74 741.0
2455725.76317 18.645 0.035 4.01 713.0
2455725.80263 18.672 0.040 4.30 747.0
2455726.56460 18.790 0.065 5.50 1072.0
2455726.61164 18.738 0.055 5.34 916.0
2455726.64951 18.740 0.052 5.26 878.0
2455726.69731 18.609 0.036 4.17 817.0
2455726.73858 18.645 0.047 4.64 945.0
2455726.78410 18.616 0.053 5.33 956.0
2455726.82810 18.756 0.058 5.65 1000.0
2455734.66173 18.598 0.058 7.70 729.0
2455734.70455 18.784 0.066 7.51 685.0
2455734.75260 18.764 0.067 7.56 640.0
2455734.79563 18.718 0.044 5.31 583.0
2455734.84434 18.726 0.061 6.87 652.0
2455734.88898 18.643 0.070 7.94 767.0
2455735.67945 18.794 0.058 7.06 508.0
2455735.74421 18.642 0.037 5.00 552.0
2455735.79103 18.738 0.044 5.62 544.0
2455735.83743 18.742 0.049 5.73 627.0
2455735.88207 18.619 0.059 7.01 725.0
2455736.54017 18.666 0.045 5.71 651.0
2455736.57815 18.679 0.040 5.10 580.0
2455736.62031 18.662 0.028 3.79 473.0
2455736.66393 18.686 0.028 3.75 447.0
2455736.70735 18.707 0.027 3.61 445.0
2455736.78717 18.706 0.032 3.86 509.0
2455736.83425 18.707 0.037 4.26 595.0
2455736.88239 18.719 0.057 6.36 728.0
2455737.52339 18.679 0.046 5.50 656.0
2455737.56147 18.766 0.039 4.55 587.0
2455737.61475 18.745 0.033 4.13 500.0
2455737.65732 18.701 0.030 4.05 449.0
2455737.71144 18.697 0.031 4.06 444.0
2455737.75228 18.664 0.030 4.02 459.0
2455737.79143 18.668 0.033 4.66 479.0
2455737.83854 18.710 0.036 4.54 540.0
2455737.87938 18.751 0.043 5.11 624.0
2455738.59086 18.662 0.037 4.91 493.0
2455738.63166 18.676 0.032 4.56 472.0
2455738.69896 18.682 0.032 3.96 491.0
2455738.73847 18.763 0.036 4.51 500.0
2455739.50442 18.670 0.053 5.89 717.0
2455739.52964 18.731 0.046 5.32 608.0
2455739.56789 18.724 0.046 5.54 560.0
2455739.60849 18.673 0.038 5.19 490.0
2455739.65722 18.649 0.030 4.26 445.0
2455739.71512 18.814 0.042 5.02 471.0
2455739.75349 18.686 0.032 4.25 492.0
2455739.79225 18.718 0.043 5.37 544.0
2455739.84708 18.689 0.042 5.15 566.0
2455740.50308 18.698 0.065 7.12 683.0
2455740.54756 18.778 0.060 6.24 624.0
2455740.58863 18.763 0.059 6.43 576.0
2455740.64846 18.747 0.052 6.49 505.0
2455740.71211 18.724 0.041 5.08 505.0
2455740.75162 18.746 0.037 4.32 516.0
2455740.79648 18.660 0.040 5.11 561.0
2455740.83555 18.685 0.052 6.45 613.0
2455740.88296 18.627 0.051 7.04 706.0
2455741.52240 18.643 0.045 5.51 648.0
2455741.56163 18.667 0.042 5.40 547.0
2455741.60580 18.710 0.037 4.71 483.0
2455741.64366 18.711 0.044 5.80 465.0
2455741.70472 18.666 0.039 5.09 479.0
2455741.74381 18.649 0.031 4.03 471.0
2455741.78474 18.586 0.032 4.15 514.0
2455741.82301 18.779 0.042 4.68 541.0
2455741.86099 18.663 0.035 4.48 561.0
2455742.49391 18.699 0.060 5.87 828.0
2455742.53658 18.615 0.043 5.45 655.0
2455742.57893 18.699 0.040 4.47 588.0
2455742.61690 18.764 0.038 4.82 501.0
2455742.67869 18.742 0.032 4.19 454.0
2455742.71752 18.690 0.032 4.18 449.0
2455742.75609 18.750 0.032 3.83 497.0
2455742.79433 18.719 0.034 4.01 510.0
2455742.83235 18.699 0.033 4.18 530.0
2455742.87261 18.876 0.046 4.95 610.0
2455743.62850 18.667 0.049 5.89 533.0
2455743.66827 18.727 0.042 4.78 526.0
2455743.72929 18.764 0.045 5.20 556.0
2455743.76745 18.775 0.050 5.81 579.0
2455743.80552 18.741 0.047 5.04 592.0
2455743.84312 18.769 0.058 5.89 685.0
2455743.88106 18.790 0.068 6.70 743.0
2455744.52517 18.703 0.057 6.50 698.0
2455744.56354 18.735 0.055 6.40 590.0
2455744.60171 18.729 0.051 5.95 621.0
2455744.66076 18.748 0.039 4.74 515.0
2455744.72851 18.736 0.039 4.99 487.0
2455744.78006 18.733 0.039 5.25 479.0
2455744.82026 18.703 0.045 5.57 547.0
2455744.86542 18.739 0.060 6.33 689.0
2455745.51389 18.623 0.045 6.10 594.0
2455745.56009 18.666 0.049 6.49 545.0
2455745.60083 18.737 0.054 6.57 545.0
2455745.63997 18.755 0.052 6.25 539.0
2455745.70053 18.829 0.039 4.64 516.0
2455745.73857 18.623 0.036 5.22 495.0
2455745.77674 18.857 0.056 6.28 511.0
2455745.81465 18.758 0.057 6.71 551.0
2455745.86770 18.874 0.076 7.52 616.0
2455746.58313 18.586 0.036 5.27 526.0
2455746.62080 18.690 0.047 6.23 509.0
2455746.67627 18.698 0.045 5.98 490.0
2455746.72731 18.769 0.048 6.03 490.0
2455746.76503 18.697 0.046 5.87 519.0
2455746.80733 18.692 0.052 6.51 541.0
2455746.85312 18.723 0.062 7.41 579.0
2455747.61571 18.741 0.070 7.93 576.0
2455747.66056 18.703 0.047 6.18 501.0
2455747.70582 18.687 0.057 7.32 521.0
2455747.74956 18.699 0.058 7.30 529.0
2455747.81590 18.769 0.073 8.02 585.0
2455748.63187 18.703 0.042 5.09 580.0
2455748.68923 18.716 0.047 6.14 515.0
2455749.52704 18.755 0.067 7.60 619.0
2455749.56502 18.689 0.046 6.08 527.0
2455749.60440 18.740 0.044 5.52 530.0
2455749.65371 18.740 0.049 6.17 522.0
2455749.69336 18.776 0.052 6.59 488.0
2455749.73164 18.664 0.043 6.00 488.0
2455749.77003 18.659 0.051 6.96 514.0
2455749.80930 18.682 0.067 8.49 544.0
2455752.57143 18.838 0.076 7.09 777.0
2455752.61533 18.637 0.050 5.80 690.0
2455752.72254 18.766 0.046 5.58 532.0
2455752.76196 18.591 0.043 5.11 836.0
2455753.55489 18.784 0.089 6.48 1683.0
2455753.60546 18.716 0.070 5.76 1593.0
2455753.69839 18.673 0.052 4.76 1372.0
2455753.76976 18.715 0.058 6.10 865.0
2455754.59852 18.667 0.099 7.42 1825.0
2455759.83240 18.735 0.067 6.01 1032.0
2455760.49229 18.717 0.075 7.72 774.0
2455760.53391 18.641 0.050 6.06 668.0
2455760.58650 18.735 0.043 4.91 662.0
2455760.64273 18.768 0.051 5.69 636.0
2455760.68764 18.754 0.045 5.14 659.0
2455760.73738 18.676 0.046 5.42 701.0
2455760.77565 18.705 0.048 5.32 725.0
2455760.81331 18.675 0.051 5.61 794.0
2455761.61581 18.630 0.032 3.53 907.0
2455762.51332 18.705 0.046 5.34 552.0
2455762.55160 18.751 0.043 4.47 550.0
2455762.59325 18.761 0.039 4.40 553.0
2455762.63160 18.750 0.054 6.26 551.0
2455762.67136 18.732 0.046 5.41 549.0
2455762.70759 18.682 0.047 5.66 554.0
2455762.76894 18.647 0.064 7.26 692.0
2455763.50361 18.767 0.045 5.44 607.0
2455763.54763 18.699 0.030 3.73 527.0
2455763.58928 18.773 0.034 4.21 512.0
2455763.64617 18.709 0.039 5.23 530.0
2455763.68804 18.712 0.044 5.57 571.0
2455763.73560 18.579 0.043 5.72 652.0
2455763.77358 18.587 0.054 6.72 718.0
2455763.81243 18.718 0.064 6.80 774.0
2455764.51146 18.647 0.037 4.80 556.0
2455764.55131 18.633 0.035 4.70 573.0
2455764.59188 18.627 0.032 4.20 547.0
2455764.64009 18.627 0.036 5.34 496.0
2455764.68911 18.690 0.035 4.69 494.0
2455764.73475 18.694 0.034 4.34 545.0
2455765.47044 18.688 0.042 4.21 843.0
2455765.51045 18.615 0.040 5.21 617.0
2455765.55335 18.585 0.035 4.67 642.0
2455765.61739 18.610 0.030 4.06 539.0
2455765.66238 18.653 0.035 4.43 590.0
2455765.70661 18.749 0.041 5.09 579.0
2455766.48283 18.651 0.042 5.58 547.0
2455766.52178 18.652 0.039 5.41 505.0
2455766.58617 18.644 0.035 5.19 460.0
2455766.62603 18.628 0.032 4.35 470.0
2455766.66675 18.602 0.031 4.68 456.0
2455766.70795 18.608 0.031 4.77 462.0
2455766.75163 18.579 0.044 6.75 494.0
2455767.49999 18.779 0.054 5.68 613.0
2455767.54556 18.596 0.043 5.85 591.0
2455767.58894 18.663 0.037 4.87 544.0
2455767.65684 18.691 0.039 4.78 556.0
2455767.71277 18.701 0.047 5.89 539.0
2455767.75352 18.624 0.048 6.38 535.0
2455767.79509 18.620 0.055 7.45 573.0
2455768.49928 18.664 0.040 5.25 561.0
2455768.55054 18.742 0.040 4.86 568.0
2455768.60061 18.670 0.033 4.82 487.0
2455768.64827 18.609 0.028 4.00 481.0
2455768.69603 18.536 0.029 4.85 481.0
2455768.73856 18.622 0.038 5.56 564.0
2455768.77884 18.677 0.040 5.24 610.0
2455769.48408 18.205 0.031 5.49 604.0
2455769.52623 18.177 0.022 4.66 501.0
2455769.57904 18.035 0.024 5.90 467.0
2455769.63477 17.904 0.017 4.66 461.0
2455769.69143 18.011 0.020 4.61 478.0
2455769.73886 18.367 0.032 5.71 505.0
2455769.78399 18.750 0.054 6.58 566.0
2455770.72383 18.608 0.038 4.97 550.0
2455770.76528 18.629 0.043 5.87 513.0
2455775.60652 18.556 0.040 6.11 483.0
2455775.67187 18.546 0.041 6.25 490.0
2455776.54043 18.575 0.051 6.77 578.0
2455776.60768 18.672 0.054 6.96 523.0
2455776.64873 18.573 0.041 5.93 491.0
2455776.72338 18.520 0.047 7.12 529.0
2455777.48023 18.563 0.039 5.28 620.0
2455777.52475 18.558 0.028 4.04 537.0
2455777.57680 18.549 0.029 4.49 514.0
2455777.65719 18.504 0.028 4.66 480.0
2455777.70730 18.534 0.030 4.87 492.0
2455777.77212 18.521 0.035 5.23 571.0
2455778.50498 18.660 0.059 6.97 651.0
2455778.56142 18.478 0.041 5.66 651.0
2455778.60973 18.574 0.042 4.92 693.0
2455779.59979 18.512 0.034 5.16 507.0
2455779.64372 18.564 0.034 5.01 511.0
2455779.69823 18.394 0.032 5.44 523.0
2455779.74281 18.402 0.031 5.47 477.0
2455784.52064 18.467 0.041 4.14 1032.0
2455784.60315 18.535 0.044 4.40 990.0
2455784.72050 18.371 0.087 6.59 3491.0
2455785.52007 18.531 0.052 5.83 858.0
2455785.58041 18.510 0.049 5.78 787.0
2455785.62696 18.499 0.051 6.03 811.0
2455785.66931 18.497 0.045 5.71 838.0
2455785.71119 18.501 0.052 6.27 881.0
2455786.49355 18.548 0.058 6.11 899.0
2455786.57058 18.435 0.046 5.96 779.0
2455786.61499 18.499 0.043 5.40 759.0
2455786.65762 18.663 0.049 5.13 763.0
2455786.71298 18.543 0.053 5.97 866.0
2455787.47813 18.667 0.048 4.90 846.0
2455787.54928 18.567 0.035 4.31 720.0
2455787.59137 18.704 0.038 4.19 688.0
2455787.63679 18.675 0.037 4.02 717.0
2455787.67574 18.543 0.039 4.73 763.0
2455787.72143 18.567 0.048 5.82 875.0
2455788.49327 18.649 0.045 5.31 620.0
2455788.55694 18.700 0.048 5.24 631.0
2455788.59652 18.572 0.037 4.41 665.0
2455788.63731 18.666 0.042 4.87 652.0
2455788.67806 18.553 0.049 5.84 724.0
2455788.72182 18.654 0.060 6.85 810.0
2455790.47489 18.644 0.059 6.98 699.0
2455790.52232 18.718 0.048 6.34 517.0
2455790.57444 18.691 0.051 6.64 581.0
2455790.61612 18.766 0.069 7.81 588.0
2455790.65682 18.596 0.038 5.45 551.0
2455790.69699 18.588 0.041 5.69 609.0
2455790.73519 18.688 0.050 6.00 678.0
2455791.51308 18.675 0.048 5.89 566.0
2455791.61511 18.669 0.038 4.72 538.0
2455793.51638 18.654 0.037 5.05 527.0
2455793.56951 18.653 0.043 6.21 508.0
2455793.61178 18.694 0.040 5.45 507.0
2455793.65035 18.772 0.045 5.53 519.0
2455793.68933 18.774 0.043 5.17 565.0
2455793.73355 18.861 0.069 7.27 627.0
2455794.50804 18.715 0.047 6.03 524.0
2455794.57531 18.724 0.044 5.60 497.0
2455794.61642 18.816 0.052 6.05 523.0
2455794.65834 18.682 0.045 5.86 530.0
2455794.70517 18.648 0.040 5.01 582.0
2455795.56860 18.685 0.055 6.90 532.0
2455795.62998 18.826 0.056 6.10 524.0
2455795.71172 18.689 0.046 5.74 542.0
2455796.47875 18.582 0.039 5.11 578.0
2455796.52949 18.668 0.037 4.92 547.0
2455796.59816 18.683 0.044 5.93 543.0
2455796.63711 18.665 0.039 5.59 496.0
2455796.67844 18.632 0.044 6.14 535.0
2455796.72043 18.644 0.075 8.51 709.0
2455799.49289 18.664 0.045 6.00 512.0
2455801.53335 18.638 0.049 6.74 521.0
2455801.57260 18.818 0.058 6.80 504.0
2455801.61073 18.683 0.048 6.45 504.0
2455801.65202 18.664 0.045 6.14 519.0
2455801.69206 18.824 0.068 7.57 562.0
2455802.56370 18.759 0.057 6.65 544.0
2455802.64346 18.747 0.060 7.09 536.0
2455803.53734 18.740 0.050 5.90 573.0
2455804.50256 18.653 0.034 4.63 517.0
2455804.55444 18.833 0.054 6.36 525.0
2455804.59494 18.669 0.043 5.73 507.0
2455804.63281 18.641 0.038 5.26 521.0
2455804.67697 18.703 0.049 6.06 614.0
2455805.49221 18.681 0.031 4.43 487.0
2455805.54548 18.754 0.040 5.03 500.0
2455805.58346 18.723 0.034 4.32 491.0
2455805.62684 18.792 0.055 6.55 560.0
2455805.68258 18.720 0.062 7.86 646.0
2455806.54080 18.763 0.053 5.56 600.0
2455806.62573 18.748 0.052 6.29 545.0
2455807.58061 18.791 0.060 6.81 538.0
2455807.62324 18.678 0.049 5.93 543.0
2455807.66100 18.808 0.066 7.08 580.0
2455809.49311 18.712 0.101 5.25 3144.0
2455809.53049 18.569 0.085 5.06 3127.0
2455809.57626 18.720 0.087 4.66 3045.0
2455812.52458 18.772 0.075 6.58 896.0
2455812.56474 18.670 0.069 6.74 895.0
2455812.60541 18.742 0.064 5.29 1021.0
2455812.64655 18.673 0.064 5.70 1021.0
2455813.50326 18.622 0.043 5.10 727.0
2455813.54939 18.756 0.044 4.32 751.0
2455813.58770 18.697 0.037 4.16 745.0
2455813.62551 18.733 0.044 4.90 789.0
2455813.66237 18.672 0.041 4.38 857.0
2455815.51910 18.649 0.037 4.23 661.0
2455815.55750 18.732 0.037 4.00 673.0
2455815.60475 18.725 0.038 3.69 756.0
2455815.64253 18.684 0.037 3.69 791.0
2455816.47934 18.714 0.044 4.10 992.0
2455816.53768 18.633 0.045 5.07 735.0
2455816.57586 18.631 0.044 5.12 750.0
2455816.61423 18.667 0.044 4.97 771.0
2455817.48209 18.824 0.045 4.33 789.0
2455817.53893 18.758 0.043 4.58 647.0
2455817.57689 18.771 0.050 4.92 694.0
2455817.61595 18.801 0.059 6.32 689.0
2455817.65708 18.751 0.064 7.65 781.0
2455818.52040 18.755 0.051 5.48 651.0
2455818.55847 18.487 0.043 5.66 680.0
2455818.59685 18.628 0.052 5.90 731.0
2455818.63854 18.764 0.074 7.41 855.0
2455819.51997 18.731 0.040 4.57 607.0
2455819.56682 18.762 0.049 5.26 679.0
2455819.60454 18.725 0.044 4.53 748.0
2455819.64441 18.823 0.050 4.89 789.0
2455820.49770 18.687 0.062 6.83 667.0
2455820.54479 18.712 0.046 5.30 618.0
2455820.58250 18.645 0.043 4.87 645.0
2455820.62038 18.669 0.050 5.29 737.0
2455820.65666 18.721 0.063 6.53 803.0
2455822.53978 18.812 0.059 6.54 525.0
2455822.58478 18.815 0.052 5.72 507.0
2455822.62843 18.592 0.044 6.30 506.0
2455823.51650 18.904 0.086 7.91 596.0
2455823.55985 18.703 0.056 6.35 590.0
2455823.60344 18.705 0.049 5.45 613.0
2455824.48396 18.656 0.058 6.55 662.0
2455824.54042 18.655 0.037 4.66 539.0
2455824.58097 18.686 0.040 4.97 518.0
2455824.62093 18.564 0.046 6.25 583.0
2455825.50046 18.740 0.059 6.03 639.0
2455825.55845 18.764 0.048 4.67 609.0
2455825.59694 18.591 0.041 5.41 614.0
2455826.48133 18.736 0.065 6.07 801.0
2455826.52121 18.834 0.057 5.99 587.0
2455826.56869 18.701 0.049 5.64 617.0
2455826.60782 18.735 0.066 7.17 669.0
2455827.50766 18.785 0.073 6.94 715.0
2455827.54565 18.552 0.054 6.63 707.0
2455827.58815 18.780 0.058 6.09 662.0
2455827.62570 18.708 0.061 7.27 665.0
2455828.52091 18.734 0.041 4.84 524.0
2455828.55888 18.660 0.038 4.73 524.0
2455828.59644 18.701 0.048 5.60 622.0
2455829.48283 18.679 0.059 6.01 842.0
2455829.53184 18.722 0.042 5.03 593.0
2455829.56953 18.751 0.040 5.02 587.0
2455829.60778 18.634 0.038 6.08 587.0
2455830.50677 18.880 0.043 4.84 543.0
2455830.54492 18.817 0.046 5.62 557.0
2455830.58259 18.703 0.045 6.70 568.0
2455831.51398 18.724 0.036 4.59 532.0
2455831.55157 18.779 0.047 5.75 569.0
2455831.58890 18.792 0.049 6.35 571.0
2455832.48726 18.724 0.037 3.97 673.0
2455832.53498 18.692 0.037 4.70 577.0
2455832.57626 18.715 0.050 6.19 608.0
2455833.48139 18.670 0.066 5.53 1321.0
2455833.53293 18.796 0.040 4.48 539.0
2455833.57260 18.713 0.041 4.80 555.0
2455834.48173 18.695 0.054 4.68 1092.0
2455834.53212 18.668 0.036 5.07 530.0
2455834.56999 18.812 0.047 5.48 561.0
2455835.51243 18.791 0.074 7.23 617.0
2455835.55333 18.711 0.055 5.77 629.0
2455836.51564 18.802 0.054 5.22 689.0
2455836.54917 18.716 0.057 5.10 1012.0
2455836.58075 18.728 0.056 6.84 642.0
2455839.50120 18.591 0.064 5.93 1266.0
2455839.53964 18.669 0.066 6.33 1026.0
2455839.57745 18.602 0.066 5.66 1414.0
2455840.48243 18.712 0.095 6.97 1397.0
2455840.53146 18.575 0.044 5.09 732.0
2455840.58390 18.724 0.056 5.39 794.0
2455841.48494 18.660 0.084 7.44 1136.0
2455841.52567 18.557 0.051 5.62 797.0
2455841.56898 18.652 0.056 5.70 831.0
2455841.60496 18.605 0.060 6.14 907.0
2455842.52692 18.648 0.076 7.94 777.0
2455842.57566 18.679 0.067 6.56 834.0
2455843.48492 18.726 0.069 5.81 1156.0
2455843.52866 18.777 0.055 5.67 706.0
2455843.56916 18.585 0.047 5.63 748.0
2455843.61017 18.897 0.082 6.96 872.0
2455844.51356 18.652 0.047 5.04 746.0
2455844.55248 18.799 0.059 5.26 812.0
2455844.59209 18.600 0.068 6.95 898.0
2455845.51301 18.585 0.058 6.91 777.0
2455845.55346 18.810 0.071 6.31 893.0
2455845.59372 18.724 0.068 5.88 1019.0
2455846.51667 18.771 0.078 6.80 910.0
2455846.55542 18.586 0.064 6.22 988.0
2455847.54363 18.465 0.064 7.37 919.0
2455850.52771 18.674 0.044 5.22 656.0
2455850.56613 18.700 0.041 4.88 635.0
2455851.51667 18.670 0.047 5.80 609.0
2455851.55446 18.730 0.052 5.99 608.0
2455852.50569 18.632 0.061 6.30 785.0
2455852.54779 18.596 0.059 6.12 822.0
2455854.50919 18.586 0.058 6.39 759.0
2455854.55015 18.711 0.066 6.85 796.0
2455855.49174 18.677 0.100 6.97 1460.0
2455855.53694 18.606 0.052 5.23 803.0
2455856.49321 18.527 0.063 5.71 1164.0
2455856.54187 18.808 0.081 7.50 764.0
2455857.51114 18.743 0.081 8.89 734.0
2455858.51141 18.525 0.069 8.51 687.0
2455859.50791 18.760 0.064 6.19 769.0
2455859.54454 18.993 0.078 6.98 743.0
2455860.52339 18.564 0.052 6.22 710.0
2455861.51714 18.612 0.052 6.29 676.0
2455861.53594 18.581 0.054 6.57 724.0
2455862.49546 18.701 0.058 4.77 1091.0
2455862.52456 18.576 0.046 5.80 648.0
2455866.50474 18.584 0.081 5.93 1953.0
2455866.52960 18.696 0.095 6.78 1795.0
2455867.50429 18.717 0.050 4.76 909.0
2455867.52668 18.927 0.072 5.25 1275.0
2455868.50741 18.788 0.079 6.44 987.0
2455869.52183 18.646 0.067 6.35 928.0
2455870.50482 18.807 0.055 4.64 1122.0
2455870.52293 18.828 0.063 6.74 974.0
2455871.50721 18.620 0.054 5.89 993.0
2455871.51250 18.751 0.060 5.99 920.0
2455872.50697 18.743 0.063 5.94 1122.0
2455872.51271 18.650 0.061 6.08 1071.0
2455873.50817 18.707 0.063 5.43 1082.0
2455874.50627 18.851 0.104 6.80 1510.0
2455875.50299 18.648 0.099 5.73 2801.0
