2455265.81251 18.065 0.019 4.27 338.0
2455266.79609 18.064 0.021 4.61 392.0
2455267.78687 18.029 0.019 4.51 334.0
2455268.82630 18.030 0.018 4.10 338.0
2455269.77248 18.030 0.019 4.17 360.0
2455270.76156 18.045 0.020 4.37 352.0
2455271.84391 18.022 0.018 3.50 380.0
2455272.75785 18.007 0.026 6.28 368.0
2455273.81683 18.060 0.018 4.09 300.0
2455274.78262 18.044 0.021 4.75 355.0
2455275.82946 18.059 0.022 4.72 366.0
2455276.76422 18.040 0.020 4.31 330.0
2455276.89165 18.018 0.018 4.16 314.0
2455277.80062 18.058 0.022 4.87 337.0
2455278.77220 18.070 0.025 5.66 357.0
2455279.77987 18.050 0.025 5.56 355.0
2455280.86331 18.047 0.017 3.33 346.0
2455281.76642 18.050 0.022 4.55 445.0
2455281.90119 18.082 0.018 3.38 359.0
2455282.77882 18.026 0.023 4.19 500.0
2455283.72958 17.972 0.032 6.67 626.0
2455284.88205 18.029 0.023 5.00 471.0
2455285.72410 18.093 0.043 7.13 975.0
2455285.73097 18.065 0.035 5.71 937.0
2455286.73537 17.994 0.026 4.44 814.0
2455287.74451 18.083 0.025 4.17 698.0
2455288.72103 18.032 0.025 3.76 851.0
2455292.78867 18.039 0.027 3.95 1102.0
2455293.79948 18.040 0.021 4.56 335.0
2455294.74662 18.024 0.019 4.34 301.0
2455294.78402 18.015 0.016 3.42 283.0
2455294.82121 18.025 0.017 3.73 280.0
2455294.85128 18.004 0.017 3.80 302.0
2455294.89105 18.049 0.017 3.54 303.0
2455295.74759 18.019 0.019 4.78 282.0
2455295.78596 18.058 0.018 4.28 264.0
2455295.82442 18.045 0.019 4.46 279.0
2455295.86236 18.044 0.017 3.98 283.0
2455295.90194 18.044 0.018 3.72 295.0
2455296.79185 18.005 0.016 3.38 287.0
2455296.82632 18.048 0.016 3.28 297.0
2455296.86373 18.042 0.015 3.00 276.0
2455296.90385 18.035 0.018 4.07 283.0
2455297.78498 18.037 0.017 3.66 303.0
2455297.82301 18.032 0.017 3.38 293.0
2455297.86080 18.032 0.015 2.91 268.0
2455297.89991 18.046 0.016 3.28 299.0
2455298.78586 18.048 0.018 3.81 321.0
2455298.82372 18.043 0.019 4.32 311.0
2455298.86166 18.065 0.021 4.68 312.0
2455298.90113 18.070 0.018 3.65 307.0
2455299.73268 18.037 0.013 3.87 270.0
2455299.77031 18.011 0.016 3.99 250.0
2455299.80807 18.107 0.014 3.75 258.0
2455299.88472 18.031 0.016 3.62 263.0
2455300.84144 18.035 0.018 4.27 316.0
2455300.88113 18.047 0.018 3.63 321.0
2455300.91999 18.049 0.019 3.43 384.0
2455301.77494 18.009 0.020 4.82 313.0
2455301.81227 18.025 0.017 3.66 314.0
2455301.84979 18.010 0.019 4.63 327.0
2455301.89003 18.039 0.020 4.37 335.0
2455303.89765 18.002 0.021 5.01 373.0
2455304.73529 18.061 0.029 6.66 452.0
2455304.77462 18.074 0.023 5.92 399.0
2455306.70802 18.027 0.020 4.93 342.0
2455306.77213 18.028 0.019 4.81 288.0
2455306.83524 18.045 0.018 4.46 299.0
2455306.87443 18.014 0.018 4.27 303.0
2455306.91332 18.065 0.018 3.60 336.0
2455307.69778 18.060 0.020 4.49 357.0
2455307.76131 18.054 0.021 5.12 354.0
2455307.82270 18.047 0.020 4.43 374.0
2455307.86205 18.044 0.019 4.10 397.0
2455307.90172 18.048 0.019 4.28 384.0
2455308.68905 18.030 0.022 5.25 377.0
2455308.75090 18.023 0.022 5.38 338.0
2455308.81243 18.014 0.019 4.65 298.0
2455308.85033 18.036 0.019 4.81 295.0
2455309.68680 18.065 0.025 5.64 405.0
2455309.75184 18.028 0.019 5.05 304.0
2455309.82240 18.059 0.020 4.61 305.0
2455309.86649 18.030 0.019 4.17 322.0
2455309.90485 18.052 0.019 3.82 342.0
2455310.66651 18.015 0.025 5.69 525.0
2455310.73246 18.000 0.022 5.53 397.0
2455310.78882 18.015 0.020 5.19 328.0
2455310.86427 17.973 0.014 4.10 319.0
2455310.90226 17.984 0.018 4.39 364.0
2455311.84602 18.056 0.021 5.36 326.0
2455311.89492 18.086 0.024 5.70 386.0
2455312.70926 18.053 0.030 6.87 508.0
2455312.75862 18.012 0.025 6.12 466.0
2455312.80116 17.992 0.024 5.36 456.0
2455312.84095 18.093 0.026 5.86 483.0
2455312.88579 18.026 0.023 4.86 409.0
2455312.92293 18.064 0.022 4.46 427.0
2455314.68275 18.040 0.030 5.09 952.0
2455314.72519 18.036 0.033 6.01 826.0
2455314.76486 18.094 0.028 5.08 764.0
2455314.80241 18.060 0.027 5.23 697.0
2455314.86021 18.011 0.028 5.26 790.0
2455314.89739 18.057 0.027 4.48 801.0
2455315.65143 18.058 0.043 6.06 1248.0
2455315.70019 17.944 0.038 6.32 941.0
2455315.74817 18.089 0.033 5.31 826.0
2455315.78570 18.029 0.025 4.21 814.0
2455315.82358 18.025 0.027 4.42 857.0
2455315.86368 18.018 0.032 4.97 1042.0
2455315.90567 18.036 0.031 4.58 1072.0
2455316.69666 18.028 0.041 5.84 1279.0
2455316.74170 18.136 0.047 5.82 1304.0
2455316.78152 18.082 0.036 5.62 863.0
2455319.83689 18.089 0.055 4.04 4768.0
2455319.87912 18.099 0.058 3.92 4899.0
2455320.65919 18.030 0.022 4.60 571.0
2455320.69815 18.059 0.025 4.97 526.0
2455320.74212 18.011 0.021 4.24 507.0
2455320.77958 18.046 0.022 4.19 483.0
2455320.81899 18.049 0.021 4.71 439.0
2455320.86126 18.065 0.023 4.23 533.0
2455320.89872 18.001 0.022 4.08 568.0
2455321.65853 18.046 0.031 6.68 525.0
2455321.72647 18.012 0.021 4.73 433.0
2455321.76502 18.014 0.023 5.35 444.0
2455321.80424 18.036 0.022 4.88 446.0
2455321.84571 18.068 0.026 5.88 462.0
2455321.88333 18.038 0.024 4.76 485.0
2455321.92056 18.037 0.025 4.74 540.0
2455322.70688 18.026 0.024 6.38 381.0
2455322.85445 18.038 0.023 4.86 496.0
2455322.87966 17.989 0.021 4.27 504.0
2455322.92005 18.063 0.022 4.03 592.0
2455323.67738 18.044 0.027 6.53 461.0
2455323.74331 18.025 0.026 6.82 397.0
2455323.78165 18.065 0.023 5.38 428.0
2455323.82491 18.008 0.021 4.88 441.0
2455323.86434 18.020 0.022 4.44 517.0
2455323.90180 18.021 0.023 4.44 576.0
2455323.93910 18.037 0.041 4.97 1916.0
2455324.70612 18.022 0.024 5.87 386.0
2455324.74525 18.016 0.019 4.27 336.0
2455324.78262 18.050 0.026 5.96 380.0
2455324.82299 17.986 0.021 4.84 373.0
2455324.86172 18.046 0.022 4.45 418.0
2455324.89905 18.024 0.020 3.73 453.0
2455325.64429 18.034 0.021 4.12 412.0
2455325.69846 18.005 0.018 4.18 331.0
2455325.73499 18.040 0.019 4.07 308.0
2455325.77331 18.074 0.019 3.75 290.0
2455325.81282 18.040 0.019 4.25 308.0
2455325.86031 17.994 0.020 4.31 374.0
2455325.89904 18.005 0.020 3.95 412.0
2455325.93960 18.000 0.045 4.21 2744.0
2455326.67331 18.006 0.019 4.46 331.0
2455326.73399 18.024 0.020 4.72 314.0
2455326.77138 18.017 0.019 4.37 318.0
2455326.81092 18.033 0.018 3.88 335.0
2455326.84917 18.056 0.021 4.26 370.0
2455326.88763 18.042 0.021 3.80 449.0
2455326.92636 18.019 0.023 4.67 557.0
2455327.68748 18.082 0.020 4.63 291.0
2455327.75841 18.036 0.019 3.83 291.0
2455327.79730 18.061 0.021 4.46 316.0
2455327.83560 18.028 0.024 5.19 352.0
2455327.87455 18.055 0.022 4.08 423.0
2455327.91268 18.040 0.021 3.93 455.0
2455328.60940 18.047 0.021 4.02 474.0
2455328.68340 18.028 0.019 3.87 357.0
2455328.75228 18.030 0.017 4.96 339.0
2455328.79064 18.010 0.019 4.23 318.0
2455328.83137 18.070 0.022 4.93 347.0
2455328.86913 18.024 0.020 3.82 383.0
2455328.90691 18.056 0.020 4.01 476.0
2455329.70711 18.045 0.023 5.85 323.0
2455334.62965 18.021 0.020 4.87 349.0
2455334.69575 18.024 0.021 5.18 312.0
2455334.77654 18.003 0.018 4.13 330.0
2455334.83630 18.026 0.018 4.08 320.0
2455334.87400 18.018 0.020 4.54 360.0
2455334.91463 18.017 0.025 5.78 407.0
2455335.71991 18.041 0.017 4.28 303.0
2455335.75915 18.018 0.017 3.71 336.0
2455335.79880 18.019 0.019 4.41 349.0
2455335.83820 18.046 0.021 4.43 355.0
2455335.87591 18.040 0.024 4.89 404.0
2455335.91360 18.016 0.022 4.69 440.0
2455336.79303 18.091 0.023 4.95 365.0
2455336.85744 18.001 0.020 3.99 380.0
2455336.92243 18.042 0.023 4.28 544.0
2455337.76900 18.013 0.019 4.56 327.0
2455337.80890 18.019 0.022 5.12 389.0
2455337.88522 18.027 0.025 5.20 514.0
2455337.92367 18.031 0.031 6.29 587.0
2455338.76654 18.079 0.023 4.85 458.0
2455338.80575 18.044 0.033 6.94 463.0
2455338.84704 18.064 0.034 6.59 541.0
2455339.64214 18.035 0.028 6.01 524.0
2455339.68196 17.988 0.025 5.14 510.0
2455339.74836 17.986 0.023 4.64 565.0
2455339.81362 18.046 0.024 4.47 578.0
2455339.87925 18.005 0.027 5.25 663.0
2455339.91917 18.111 0.036 6.09 711.0
2455340.62811 18.040 0.036 6.45 753.0
2455340.66579 18.034 0.024 4.69 580.0
2455340.75234 17.998 0.026 5.78 476.0
2455340.81005 18.096 0.038 7.24 598.0
2455340.84807 18.064 0.031 6.12 560.0
2455340.88654 18.022 0.024 4.42 685.0
2455340.92415 18.077 0.031 5.32 783.0
2455341.59832 18.023 0.025 4.70 707.0
2455341.67149 18.055 0.021 4.17 523.0
2455341.74287 18.042 0.022 4.41 507.0
2455341.81744 18.004 0.021 4.05 577.0
2455341.85564 18.033 0.022 4.01 585.0
2455341.89338 18.076 0.023 3.99 560.0
2455341.93357 18.028 0.028 5.07 693.0
2455342.60766 18.107 0.035 5.65 806.0
2455342.64514 18.023 0.031 5.87 696.0
2455342.68276 18.080 0.027 4.95 647.0
2455342.72027 18.027 0.026 5.05 599.0
2455342.76133 18.009 0.025 5.11 587.0
2455342.80325 18.056 0.031 5.73 698.0
2455342.84099 18.014 0.026 4.69 709.0
2455342.87886 17.992 0.029 4.70 931.0
2455342.91671 18.030 0.034 5.80 838.0
2455343.58840 18.030 0.036 5.19 1223.0
2455343.62601 17.999 0.033 5.28 1007.0
2455343.66369 18.006 0.027 4.45 906.0
2455343.70143 18.054 0.028 4.55 846.0
2455343.73943 18.050 0.028 4.83 797.0
2455343.77984 17.999 0.027 4.92 885.0
2455343.81892 18.023 0.027 4.32 953.0
2455343.85702 17.972 0.026 4.03 1027.0
2455343.86975 18.002 0.031 4.78 1081.0
2455343.90785 18.040 0.035 5.20 1213.0
2455348.60385 17.971 0.026 5.88 499.0
2455348.67332 18.039 0.023 4.82 459.0
2455348.76604 18.070 0.023 4.64 409.0
2455349.60280 18.058 0.032 6.97 473.0
2455350.65501 18.042 0.026 6.11 361.0
2455350.69256 18.024 0.029 6.75 388.0
2455350.73127 18.018 0.026 6.16 380.0
2455351.59336 18.065 0.021 4.91 353.0
2455351.65050 18.005 0.019 4.47 305.0
2455351.72964 17.985 0.020 4.55 407.0
2455351.81565 18.047 0.023 4.65 477.0
2455351.88988 18.082 0.034 6.49 590.0
2455352.60457 18.055 0.028 6.05 402.0
2455352.65291 18.056 0.022 5.13 319.0
2455352.74657 18.027 0.020 4.33 348.0
2455352.81599 18.003 0.020 3.64 422.0
2455352.83087 18.002 0.021 3.93 459.0
2455352.88622 18.066 0.025 4.47 591.0
2455352.92384 18.037 0.027 4.62 748.0
2455353.63610 18.063 0.021 4.60 333.0
2455353.71286 18.045 0.019 4.57 315.0
2455354.57684 18.041 0.023 4.76 399.0
2455354.65862 18.025 0.021 5.25 317.0
2455354.75393 18.052 0.022 4.49 365.0
2455354.83017 17.999 0.022 3.89 480.0
2455354.87051 18.060 0.025 4.38 560.0
2455354.90909 18.076 0.031 5.90 629.0
2455355.59969 18.040 0.021 4.92 422.0
2455355.68424 17.990 0.020 4.66 378.0
2455355.77130 18.063 0.024 4.81 425.0
2455355.82404 18.051 0.023 4.51 494.0
2455355.87259 18.073 0.030 5.58 615.0
2455357.61272 18.014 0.024 5.66 399.0
2455357.68183 18.041 0.023 5.74 326.0
2455357.77227 18.011 0.023 5.78 345.0
2455357.87253 18.079 0.032 6.50 511.0
2455358.65069 17.983 0.018 4.83 312.0
2455358.74524 18.038 0.021 5.25 335.0
2455358.85541 18.052 0.023 5.27 410.0
2455359.67552 18.036 0.022 4.88 377.0
2455359.72347 18.052 0.025 5.65 398.0
2455359.77289 18.013 0.022 4.69 422.0
2455359.81301 18.019 0.022 4.53 441.0
2455359.85869 18.044 0.027 5.36 552.0
2455359.89795 18.083 0.031 5.97 582.0
2455361.67055 18.012 0.025 6.29 332.0
2455362.58518 18.081 0.032 5.98 594.0
2455362.66595 18.038 0.019 4.14 412.0
2455362.76045 18.022 0.019 4.27 391.0
2455362.88043 18.004 0.032 6.82 547.0
2455364.52304 18.018 0.023 5.19 475.0
2455364.56802 18.037 0.019 4.41 347.0
2455364.63942 18.014 0.017 3.73 306.0
2455364.73525 18.031 0.025 6.20 356.0
2455364.79226 18.087 0.030 7.23 341.0
2455364.87163 18.016 0.023 5.58 350.0
2455365.54087 18.061 0.029 6.29 517.0
2455365.58529 18.013 0.022 4.80 457.0
2455365.65977 18.099 0.025 5.34 375.0
2455365.75562 18.053 0.022 5.36 344.0
2455365.83031 18.055 0.023 4.93 399.0
2455365.86896 18.123 0.031 6.41 460.0
2455368.61480 18.070 0.023 5.31 342.0
2455368.79293 18.121 0.024 4.96 476.0
2455369.74034 18.103 0.033 5.58 799.0
2455369.78516 18.029 0.037 5.30 1255.0
2455369.82442 18.014 0.027 4.96 675.0
2455376.63062 18.059 0.029 6.07 516.0
2455376.67023 18.025 0.031 6.72 478.0
2455376.71048 18.052 0.028 5.72 504.0
2455376.74874 18.035 0.028 5.84 575.0
2455376.78701 18.033 0.025 4.76 606.0
2455376.82520 18.050 0.031 5.53 722.0
2455376.86316 18.057 0.037 5.95 1014.0
2455377.51919 18.014 0.024 5.57 410.0
2455377.56121 18.017 0.024 5.42 414.0
2455377.60253 18.062 0.028 6.38 389.0
2455377.64892 18.011 0.020 4.26 380.0
2455377.66934 18.045 0.023 5.40 354.0
2455377.71456 18.029 0.020 4.57 386.0
2455377.75764 18.047 0.021 4.28 443.0
2455377.80034 17.974 0.024 5.08 507.0
2455377.83855 18.084 0.028 5.27 606.0
2455378.49282 18.047 0.022 4.78 444.0
2455378.56315 18.016 0.019 4.94 307.0
2455378.64782 18.042 0.020 4.52 339.0
2455378.72418 18.091 0.019 4.23 370.0
2455378.76246 18.046 0.018 3.57 394.0
2455378.87858 18.037 0.032 6.87 690.0
2455379.51759 17.994 0.023 5.72 308.0
2455379.59958 18.034 0.020 5.13 260.0
2455379.68612 18.047 0.020 4.55 333.0
2455379.75536 18.069 0.021 4.47 390.0
2455380.52908 18.040 0.019 4.90 286.0
2455380.58206 18.027 0.017 4.30 253.0
2455380.66844 18.032 0.017 4.28 248.0
2455380.72484 18.022 0.018 4.55 301.0
2455380.76309 18.004 0.021 5.01 340.0
2455380.80096 18.033 0.028 6.57 393.0
2455380.83886 18.058 0.037 7.86 502.0
2455381.53860 17.992 0.023 5.72 395.0
2455381.57614 18.003 0.029 7.11 348.0
2455381.61629 18.019 0.030 7.37 329.0
2455381.67572 18.043 0.023 6.05 293.0
2455381.71401 18.063 0.028 6.55 355.0
2455381.75216 17.985 0.032 7.55 400.0
2455381.79907 18.026 0.027 5.96 462.0
2455381.83720 18.051 0.035 7.25 587.0
2455382.52737 18.016 0.026 5.87 455.0
2455382.56493 18.025 0.032 7.66 392.0
2455382.61437 18.052 0.026 6.26 346.0
2455382.65295 18.062 0.025 6.07 354.0
2455382.69407 18.055 0.022 5.65 320.0
2455382.73389 18.053 0.025 6.32 338.0
2455382.77170 18.030 0.034 7.92 399.0
2455382.82244 18.121 0.034 7.02 471.0
2455383.77803 18.016 0.028 7.67 285.0
2455384.80155 18.043 0.040 7.80 617.0
2455385.47211 18.026 0.023 4.01 690.0
2455385.51133 18.035 0.020 4.24 445.0
2455385.52508 18.013 0.019 4.89 569.0
2455385.62458 18.037 0.018 4.59 379.0
2455385.72691 18.037 0.017 3.90 357.0
2455386.60899 17.995 0.019 4.93 264.0
2455387.50533 18.030 0.017 3.27 335.0
2455387.61434 18.019 0.015 3.46 200.0
2455387.64965 18.037 0.015 3.13 224.0
2455388.46914 18.009 0.026 5.37 480.0
2455388.50676 18.032 0.021 5.35 289.0
2455388.56664 18.007 0.020 5.69 266.0
2455388.67908 18.006 0.019 5.31 206.0
2455389.46717 18.123 0.034 6.28 575.0
2455389.50607 18.026 0.025 6.73 307.0
2455389.54455 18.014 0.020 5.23 272.0
2455389.65186 18.036 0.020 5.50 221.0
2455389.83585 17.952 0.024 5.93 402.0
2455390.53932 18.005 0.023 6.24 295.0
2455390.58504 18.014 0.026 7.37 272.0
2455390.67075 18.048 0.024 6.19 302.0
2455390.72045 18.035 0.019 5.17 231.0
2455390.75870 18.069 0.018 4.58 242.0
2455390.79652 18.043 0.020 5.60 230.0
2455391.47145 18.043 0.031 6.56 461.0
2455391.53056 18.007 0.021 5.57 303.0
2455391.56790 18.052 0.026 6.92 264.0
2455391.65144 18.018 0.020 5.65 258.0
2455391.75856 18.024 0.023 5.47 364.0
2455391.82019 18.022 0.026 5.50 486.0
2455392.46759 18.040 0.028 5.71 532.0
2455392.50542 18.014 0.022 5.67 309.0
2455392.54442 18.007 0.021 5.59 298.0
2455392.62834 18.016 0.018 4.41 276.0
2455392.73796 18.044 0.017 4.04 254.0
2455392.79768 18.067 0.022 5.18 308.0
2455392.83520 18.014 0.031 7.08 410.0
2455393.65227 18.005 0.022 6.19 251.0
2455393.69069 18.012 0.021 5.75 223.0
2455393.72862 18.003 0.025 6.67 280.0
2455393.77412 18.014 0.025 6.24 296.0
2455393.81199 18.015 0.031 7.66 348.0
2455395.80949 18.095 0.031 6.86 389.0
2455396.52650 17.979 0.028 6.73 424.0
2455396.60076 18.009 0.022 5.19 362.0
2455396.66389 18.028 0.022 5.57 328.0
2455396.77094 18.019 0.018 4.49 305.0
2455396.80908 17.982 0.029 7.53 334.0
2455397.61959 18.057 0.032 7.47 378.0
2455397.66426 18.080 0.026 6.19 342.0
2455397.70206 18.045 0.028 6.41 384.0
2455402.64042 18.065 0.037 6.69 710.0
2455402.65695 18.136 0.036 6.14 735.0
2455403.49325 18.029 0.022 4.08 674.0
2455403.53041 18.067 0.021 3.89 664.0
2455403.56793 18.024 0.022 4.20 668.0
2455403.60841 18.026 0.023 4.26 659.0
2455403.64776 18.013 0.023 4.35 671.0
2455403.68583 18.003 0.023 3.93 730.0
2455403.72679 18.026 0.026 4.40 828.0
2455403.76458 17.980 0.032 5.37 992.0
2455404.46850 18.031 0.027 4.32 835.0
2455404.50641 18.001 0.021 4.10 477.0
2455404.54421 18.020 0.023 5.02 472.0
2455404.58202 18.049 0.025 4.81 476.0
2455404.62520 18.047 0.022 4.33 437.0
2455404.66462 18.005 0.021 4.27 450.0
2455404.70355 17.993 0.024 4.73 540.0
2455404.74304 18.017 0.027 5.52 606.0
2455404.78684 18.023 0.033 7.19 782.0
2455405.64154 18.069 0.027 5.86 366.0
2455405.68137 18.042 0.025 5.16 398.0
2455405.71923 18.056 0.025 4.93 439.0
2455405.75680 18.078 0.026 5.33 523.0
2455407.49599 18.056 0.024 6.20 249.0
2455407.53401 18.020 0.024 6.65 243.0
2455407.57230 18.007 0.026 7.11 261.0
2455407.61295 18.120 0.029 6.48 299.0
2455407.65116 18.040 0.024 5.50 313.0
2455407.69019 18.085 0.027 5.73 356.0
2455407.72824 18.062 0.027 5.49 421.0
2455407.76621 18.074 0.028 5.67 460.0
2455408.52023 18.038 0.027 6.75 334.0
2455408.56752 18.031 0.026 6.81 295.0
2455408.60754 17.989 0.021 5.57 314.0
2455408.64587 18.047 0.024 5.56 362.0
2455408.68460 18.066 0.023 5.23 364.0
2455408.72250 18.015 0.026 6.18 395.0
2455408.76023 18.037 0.031 6.50 540.0
2455409.47027 18.050 0.026 5.67 515.0
2455409.50804 18.001 0.023 6.25 271.0
2455409.59476 18.043 0.017 4.53 252.0
2455409.70129 18.034 0.021 4.87 333.0
2455409.76243 18.086 0.025 5.57 430.0
2455410.47113 18.044 0.027 5.24 579.0
2455410.51278 18.029 0.021 5.05 315.0
2455410.59790 18.033 0.018 4.84 245.0
2455410.70473 18.070 0.021 4.90 316.0
2455410.76668 18.036 0.023 5.21 461.0
2455411.48896 18.040 0.017 4.27 269.0
2455411.52687 18.048 0.018 4.47 249.0
2455411.63373 18.051 0.016 3.79 258.0
2455411.74160 18.023 0.020 4.82 385.0
2455412.51134 18.057 0.022 5.46 356.0
2455412.55080 18.009 0.022 5.18 424.0
2455412.59102 18.100 0.028 6.66 366.0
2455412.62943 18.039 0.023 5.83 318.0
2455412.67271 18.018 0.022 5.55 329.0
2455412.73356 18.097 0.026 5.94 359.0
2455413.49242 17.973 0.020 5.01 352.0
2455413.55313 18.055 0.019 4.89 288.0
2455413.66017 18.031 0.016 3.68 216.0
2455413.74462 18.032 0.019 5.56 267.0
2455414.47284 18.013 0.020 4.43 404.0
2455414.51059 18.046 0.018 4.38 251.0
2455414.59583 18.035 0.018 4.71 253.0
2455414.70747 18.058 0.019 4.84 294.0
2455416.63038 18.048 0.023 6.05 263.0
2455416.68548 18.061 0.024 6.43 286.0
2455418.54755 18.049 0.016 4.16 231.0
2455418.59763 18.035 0.017 4.75 228.0
2455418.64776 18.034 0.018 4.85 222.0
2455418.69717 18.021 0.020 5.30 273.0
2455421.50575 18.058 0.022 5.76 280.0
2455421.54891 18.062 0.019 4.87 277.0
2455421.56546 18.004 0.019 4.95 285.0
2455421.61019 18.046 0.019 5.09 252.0
2455421.65313 18.061 0.021 5.84 243.0
2455421.69555 17.959 0.019 5.85 220.0
2455422.48974 18.000 0.022 5.70 331.0
2455422.53047 18.040 0.023 5.83 319.0
2455422.62900 17.996 0.016 3.90 251.0
2455422.75679 18.060 0.028 6.92 338.0
2455423.51306 18.063 0.018 4.24 267.0
2455423.58468 18.044 0.018 4.32 264.0
2455425.52139 18.039 0.019 4.48 337.0
2455426.48807 18.023 0.050 4.30 3824.0
2455426.52750 18.086 0.053 4.86 3262.0
2455430.47474 18.075 0.036 5.64 826.0
2455430.51350 17.984 0.026 5.09 594.0
2455430.55959 18.048 0.025 4.78 539.0
2455430.59763 18.058 0.025 4.66 523.0
2455430.63666 18.089 0.028 5.07 581.0
2455431.47565 17.965 0.029 5.86 729.0
2455431.51438 17.999 0.021 4.67 560.0
2455431.55467 18.015 0.022 4.64 475.0
2455431.59242 18.045 0.022 4.57 483.0
2455431.63389 17.989 0.028 6.33 537.0
2455431.67305 18.092 0.035 6.93 599.0
2455432.54548 18.060 0.032 6.64 501.0
2455432.65104 18.151 0.035 6.28 610.0
2455433.62940 18.021 0.027 5.65 540.0
2455433.67492 17.980 0.029 5.72 698.0
2455434.50557 18.045 0.025 5.49 399.0
2455434.55086 18.037 0.024 6.05 385.0
2455434.58930 18.069 0.024 4.55 440.0
2455434.63652 18.050 0.024 4.49 487.0
2455434.67895 18.120 0.031 5.71 573.0
2455435.47787 18.059 0.026 5.03 466.0
2455435.51785 18.017 0.023 5.53 375.0
2455435.56298 18.059 0.024 5.38 408.0
2455435.63384 18.033 0.022 4.26 439.0
2455435.68206 18.073 0.023 4.43 481.0
2455436.47574 18.019 0.029 6.06 541.0
2455436.54285 18.010 0.024 5.69 317.0
2455436.66003 18.074 0.024 4.83 438.0
2455437.49841 18.037 0.021 5.40 339.0
2455437.62199 18.008 0.018 3.70 336.0
2455438.51090 18.040 0.024 5.22 361.0
2455438.57316 18.033 0.024 5.75 321.0
2455438.65099 18.005 0.021 4.18 444.0
2455438.68862 18.125 0.024 4.76 422.0
2455439.52063 18.056 0.028 6.52 349.0
2455439.56693 18.068 0.025 5.37 344.0
2455439.60440 18.003 0.025 6.50 317.0
2455439.64256 18.070 0.028 6.30 334.0
2455443.49609 17.989 0.024 6.93 328.0
2455443.53503 18.043 0.024 6.35 316.0
2455443.58089 18.031 0.022 5.56 334.0
2455443.61870 18.037 0.024 5.99 351.0
2455443.66110 18.006 0.021 5.30 347.0
2455444.48441 18.036 0.026 6.45 345.0
2455444.53449 18.037 0.024 6.35 265.0
2455444.59109 18.020 0.021 5.22 282.0
2455444.63315 18.023 0.023 5.71 373.0
2455444.67127 18.027 0.030 7.00 406.0
2455445.53703 18.068 0.024 5.70 333.0
2455445.64092 18.004 0.020 4.62 346.0
2455445.68006 18.040 0.020 4.89 367.0
2455446.51547 18.060 0.022 5.16 330.0
2455446.56125 18.039 0.021 4.69 334.0
2455446.60107 18.052 0.022 5.21 313.0
2455446.64029 18.049 0.022 5.57 309.0
2455447.48776 18.038 0.018 3.97 332.0
2455447.53100 18.063 0.021 4.93 310.0
2455447.57026 18.050 0.021 5.25 306.0
2455448.50832 18.030 0.023 5.81 311.0
2455448.54703 18.037 0.022 5.06 329.0
2455448.56181 18.020 0.021 4.82 331.0
2455448.66308 18.042 0.027 7.61 365.0
2455449.50309 18.017 0.026 6.57 326.0
2455450.50599 18.006 0.022 5.53 342.0
2455450.54362 18.036 0.024 5.70 345.0
2455450.58690 18.045 0.023 5.52 336.0
2455450.63182 18.057 0.030 6.86 407.0
2455451.50323 18.080 0.040 6.13 1004.0
2455453.54121 18.059 0.042 5.47 1525.0
2455453.65853 18.023 0.039 5.45 1592.0
2455457.47452 18.144 0.037 3.69 2049.0
2455457.54227 18.025 0.018 4.46 443.0
2455457.59897 17.984 0.022 5.66 531.0
2455458.47602 17.994 0.041 4.98 1776.0
2455458.52487 18.020 0.032 6.65 523.0
2455458.58336 18.064 0.026 5.32 560.0
2455459.49169 18.020 0.025 5.56 471.0
2455459.54618 18.015 0.022 4.29 472.0
2455459.59036 18.067 0.025 5.13 552.0
2455460.48165 18.048 0.035 6.64 650.0
2455460.53584 18.028 0.037 5.96 975.0
2455460.57687 18.121 0.057 6.29 2049.0
2455461.49659 18.077 0.043 6.83 1029.0
2455461.53760 18.004 0.031 5.44 910.0
2455461.58007 18.077 0.052 6.61 1544.0
2455462.47773 18.040 0.042 5.42 1517.0
2455462.53116 18.005 0.024 4.85 498.0
2455462.62159 18.062 0.033 5.90 717.0
2455463.50192 18.095 0.024 4.66 508.0
2455463.54398 18.055 0.024 4.79 514.0
2455464.49217 18.086 0.024 5.53 385.0
2455464.53397 18.043 0.022 4.39 468.0
2455465.50788 18.035 0.029 6.97 372.0
2455467.48107 18.047 0.036 5.87 924.0
2455468.55061 18.061 0.030 7.13 406.0
2455469.60543 18.034 0.022 4.84 452.0
2455471.51534 18.042 0.023 5.41 356.0
2455471.58377 18.066 0.023 5.21 386.0
2455472.54340 18.058 0.027 6.24 421.0
2455472.54945 18.025 0.029 6.46 499.0
2455473.49911 18.075 0.028 6.33 396.0
2455476.49032 18.039 0.030 5.98 502.0
2455477.53733 18.018 0.026 5.52 467.0
2455479.50653 17.982 0.025 6.26 399.0
2455480.48841 18.023 0.032 5.63 724.0
2455480.55745 18.104 0.034 7.00 533.0
2455481.52814 18.059 0.037 7.25 519.0
2455483.51688 17.981 0.048 6.18 1741.0
2455486.49655 18.037 0.039 7.19 663.0
2455487.54293 17.992 0.031 6.31 642.0
2455488.53012 17.988 0.028 5.34 730.0
2455489.51650 18.068 0.035 6.21 634.0
2455490.51665 18.008 0.041 7.32 746.0
2455492.50211 17.985 0.043 7.25 882.0
2455595.86387 17.905 0.024 5.85 512.0
2455596.85861 17.901 0.023 6.06 455.0
2455597.85811 17.927 0.020 5.97 344.0
2455598.85338 17.930 0.019 5.11 384.0
2455599.85414 17.893 0.018 4.62 358.0
2455600.85062 17.900 0.020 5.90 386.0
2455601.88615 17.971 0.028 5.90 680.0
2455602.85867 17.984 0.028 7.32 405.0
2455604.86694 17.955 0.025 6.34 389.0
2455605.86501 17.872 0.015 4.34 345.0
2455606.86274 17.883 0.018 5.19 349.0
2455607.86594 17.852 0.016 4.64 357.0
2455608.85911 17.816 0.022 7.25 323.0
2455610.88722 17.929 0.023 4.85 637.0
2455612.86163 17.940 0.022 5.10 493.0
2455614.84706 17.965 0.023 5.05 530.0
2455615.85538 17.945 0.019 4.47 468.0
2455616.84754 18.009 0.026 5.49 523.0
2455620.81205 17.986 0.024 6.83 339.0
2455621.83898 17.929 0.017 4.83 319.0
2455622.87358 17.949 0.015 4.27 249.0
2455624.83191 17.982 0.019 4.78 324.0
2455625.81114 17.956 0.020 5.36 339.0
2455626.80149 17.999 0.028 7.14 529.0
2455627.83542 17.973 0.017 4.66 287.0
2455628.84616 18.012 0.019 4.90 287.0
2455629.81434 17.969 0.019 4.97 280.0
2455631.79753 18.017 0.031 7.68 546.0
2455632.82678 18.017 0.020 5.12 332.0
2455633.78248 17.967 0.017 5.00 332.0
2455634.83889 18.040 0.021 5.25 298.0
2455635.84628 18.027 0.022 5.50 399.0
2455637.79983 18.035 0.025 5.82 451.0
2455638.78624 17.964 0.025 5.59 515.0
2455639.78180 17.955 0.022 4.87 553.0
2455639.85754 18.002 0.018 3.88 425.0
2455640.78645 17.965 0.027 5.73 606.0
2455640.82477 17.966 0.021 4.28 532.0
2455640.87244 18.021 0.021 4.47 487.0
2455640.91334 18.042 0.032 6.43 875.0
2455641.77926 18.000 0.021 4.43 567.0
2455641.82164 18.017 0.021 4.47 497.0
2455641.85984 18.004 0.021 5.02 475.0
2455641.90448 18.023 0.024 6.73 471.0
2455642.78157 18.002 0.023 4.67 603.0
2455642.84059 18.002 0.022 5.02 539.0
2455642.90047 18.074 0.027 7.05 497.0
2455643.75611 18.013 0.024 4.75 693.0
2455643.79430 18.020 0.023 4.86 591.0
2455643.85416 18.001 0.019 3.94 557.0
2455643.89501 18.003 0.020 4.97 502.0
2455644.81347 18.037 0.023 4.53 636.0
2455644.87124 18.000 0.022 4.38 677.0
2455647.76726 18.018 0.021 4.46 491.0
2455647.85069 18.054 0.020 4.38 413.0
2455647.86732 18.037 0.022 5.03 491.0
2455647.88331 18.018 0.024 5.65 563.0
2455647.90114 18.055 0.029 7.09 621.0
2455648.74585 18.012 0.025 6.60 311.0
2455648.80837 18.015 0.018 4.54 296.0
2455648.85239 18.001 0.016 3.98 290.0
2455648.89561 18.059 0.021 6.33 290.0
2455649.75165 18.023 0.017 5.01 248.0
2455649.79083 18.028 0.017 4.55 250.0
2455649.85827 18.024 0.017 4.72 246.0
2455649.89678 18.029 0.018 5.55 257.0
2455650.74200 18.031 0.019 5.29 276.0
2455650.78271 17.999 0.015 4.14 239.0
2455650.84507 18.077 0.018 5.32 260.0
2455650.88925 18.011 0.021 7.47 271.0
2455651.76436 18.031 0.017 4.43 274.0
2455651.80703 18.014 0.017 4.29 268.0
2455651.87765 18.045 0.020 5.50 288.0
2455652.74445 18.043 0.017 4.71 268.0
2455652.80589 18.061 0.016 4.26 242.0
2455652.84819 18.046 0.017 4.37 247.0
2455653.90196 18.043 0.015 3.59 262.0
2455656.78386 18.017 0.019 4.51 330.0
2455658.86713 18.021 0.019 5.39 258.0
2455658.90861 18.047 0.021 5.84 253.0
2455659.72394 18.061 0.020 5.18 320.0
2455660.85908 18.030 0.023 6.47 260.0
2455660.91748 18.008 0.022 5.60 307.0
2455662.79385 18.030 0.022 4.66 322.0
2455663.75182 18.038 0.020 5.32 321.0
2455677.90673 18.077 0.018 4.05 315.0
2455679.90912 18.023 0.019 5.02 349.0
2455680.89592 18.023 0.018 4.51 303.0
2455681.84482 18.004 0.019 4.65 374.0
2455681.88708 18.045 0.020 4.43 401.0
2455681.92654 18.014 0.021 4.78 441.0
2455682.83213 18.045 0.019 4.29 371.0
2455682.85779 18.047 0.020 4.40 398.0
2455682.86796 18.087 0.020 4.19 398.0
2455682.91034 18.017 0.025 5.77 414.0
2455683.66024 18.029 0.022 5.07 382.0
2455683.83174 18.077 0.018 4.01 362.0
2455683.89152 18.023 0.019 4.04 430.0
2455683.93299 18.029 0.026 4.52 858.0
2455684.86489 18.055 0.020 4.56 334.0
2455684.90541 17.996 0.019 4.44 343.0
2455685.87471 18.056 0.017 3.80 311.0
2455685.91691 18.026 0.019 4.82 342.0
2455686.83481 17.998 0.021 5.47 353.0
2455686.87694 18.052 0.020 4.54 352.0
2455686.91592 18.047 0.023 5.74 360.0
2455687.81857 18.048 0.018 4.51 307.0
2455688.88404 18.064 0.018 4.60 322.0
2455689.82766 18.031 0.018 5.69 273.0
2455690.80744 18.094 0.020 5.06 309.0
2455691.78928 18.058 0.022 5.86 338.0
2455691.83863 18.046 0.021 4.96 352.0
2455691.87739 18.070 0.020 4.96 355.0
2455692.61098 17.980 0.038 7.73 644.0
2455692.81964 18.039 0.022 4.84 450.0
2455692.85768 18.062 0.020 4.08 469.0
2455692.89605 18.022 0.022 4.87 543.0
2455692.93585 18.027 0.032 6.57 659.0
2455693.76515 18.013 0.016 3.84 343.0
2455693.80298 18.004 0.017 3.90 389.0
2455693.84167 18.035 0.017 3.49 449.0
2455693.87957 18.056 0.021 4.40 517.0
2455693.92143 17.972 0.023 5.88 602.0
2455694.84972 18.036 0.020 4.81 369.0
2455694.88731 18.016 0.022 5.35 449.0
2455694.92475 18.075 0.026 6.28 476.0
2455695.85156 18.024 0.016 3.99 316.0
2455695.88934 18.037 0.018 4.77 328.0
2455695.92693 18.065 0.021 6.09 347.0
2455696.83949 18.002 0.021 4.42 499.0
2455696.88137 18.054 0.023 5.46 453.0
2455696.93737 17.991 0.032 7.08 816.0
2455697.88625 18.006 0.022 4.53 635.0
2455698.82861 18.005 0.028 4.62 994.0
2455698.86646 18.068 0.028 4.94 1039.0
2455698.90800 18.063 0.040 6.75 1190.0
2455702.74392 18.068 0.053 6.51 1351.0
2455702.77487 17.989 0.027 6.08 568.0
2455702.87216 18.020 0.029 6.18 607.0
2455703.78134 18.032 0.031 7.81 465.0
2455703.84851 18.083 0.035 7.68 516.0
2455705.72497 18.028 0.022 5.84 339.0
2455705.76732 18.062 0.026 6.70 352.0
2455705.82064 18.026 0.020 4.75 344.0
2455705.87231 18.033 0.025 6.18 438.0
2455705.91782 17.993 0.033 8.48 498.0
2455706.65863 18.119 0.025 6.18 364.0
2455706.80720 18.038 0.029 7.61 391.0
2455706.87276 18.071 0.028 6.61 509.0
2455707.81597 18.036 0.018 4.11 385.0
2455707.85512 17.998 0.023 5.25 487.0
2455707.89713 18.092 0.027 5.72 532.0
2455708.76786 17.957 0.021 6.30 356.0
2455708.81677 18.028 0.021 5.18 360.0
2455708.86208 18.071 0.027 6.40 407.0
2455708.91469 18.123 0.039 8.27 708.0
2455709.83273 17.996 0.017 4.83 356.0
2455712.77833 18.094 0.018 4.03 362.0
2455712.81813 18.027 0.021 5.56 342.0
2455712.86093 18.030 0.025 6.30 411.0
2455713.74255 18.059 0.017 4.80 307.0
2455713.83250 18.034 0.018 5.09 321.0
2455713.87300 18.101 0.028 7.68 372.0
2455714.85716 18.037 0.025 6.53 347.0
2455715.57520 18.032 0.025 5.99 338.0
2455715.73211 18.062 0.018 4.77 271.0
2455715.77802 18.029 0.017 4.35 273.0
2455715.82191 18.004 0.019 5.37 306.0
2455715.86164 18.062 0.022 6.11 330.0
2455715.91814 17.982 0.028 7.50 452.0
2455716.80101 18.020 0.020 5.64 255.0
2455716.83994 18.055 0.022 5.85 295.0
2455716.88041 18.017 0.023 5.97 356.0
2455721.56127 18.117 0.029 4.63 516.0
2455722.55866 18.034 0.024 4.52 480.0
2455734.59342 18.047 0.026 6.97 308.0
2455734.67496 18.033 0.022 5.27 343.0
2455734.72014 18.070 0.027 6.73 390.0
2455734.76591 18.088 0.026 6.13 377.0
2455734.80935 17.991 0.026 6.32 402.0
2455734.85969 18.087 0.034 7.32 487.0
2455735.75532 17.999 0.020 5.25 343.0
2455735.80422 18.038 0.021 5.24 362.0
2455735.85100 17.997 0.025 5.79 470.0
2455736.50826 18.039 0.031 5.60 532.0
2455736.79968 18.011 0.020 4.40 340.0
2455736.89355 18.144 0.032 6.64 557.0
2455738.74978 18.042 0.016 4.33 293.0
2455739.86116 18.073 0.032 7.40 438.0
2455740.76383 18.073 0.019 4.32 311.0
2455740.84670 18.114 0.033 6.81 433.0
2455741.75756 18.050 0.017 4.09 241.0
2455741.83399 18.024 0.019 4.62 350.0
2455741.87217 18.048 0.019 4.74 402.0
2455742.50583 18.061 0.026 4.99 544.0
2455743.74025 18.061 0.023 5.79 362.0
2455743.77845 18.083 0.026 6.14 365.0
2455743.81649 18.090 0.025 5.51 393.0
2455743.85421 18.022 0.029 6.23 503.0
2455744.49807 18.005 0.031 6.66 523.0
2455744.53614 18.036 0.026 5.58 395.0
2455744.61279 18.090 0.023 5.47 347.0
2455744.67365 18.086 0.020 5.18 291.0
2455744.74558 18.012 0.018 5.01 270.0
2455744.79165 18.007 0.018 4.56 296.0
2455744.83798 18.028 0.026 6.42 391.0
2455745.48719 18.099 0.024 5.97 379.0
2455745.87616 18.010 0.034 7.78 489.0
2455753.70959 18.054 0.030 5.44 879.0
2455759.80701 18.018 0.035 6.47 743.0
2455760.69961 17.997 0.025 5.92 455.0
2455760.78643 18.008 0.022 4.85 523.0
2455760.82406 18.008 0.029 5.90 662.0
2455763.66104 18.011 0.018 4.57 324.0
2455763.70144 18.055 0.023 5.56 388.0
2455763.74641 17.984 0.022 4.97 502.0
2455763.78440 18.045 0.030 6.57 525.0
2455765.63203 18.020 0.018 4.08 381.0
2455765.67545 18.025 0.020 4.63 399.0
2455765.72043 18.064 0.022 5.30 360.0
2455770.72504 18.049 0.023 4.99 357.0
2455770.76651 18.107 0.026 6.19 301.0
2455784.49663 18.088 0.039 4.94 1432.0
2455785.47384 18.039 0.034 5.99 676.0
2455786.58342 18.048 0.029 5.53 512.0
2455786.62754 18.038 0.028 5.84 517.0
2455786.72712 18.033 0.038 7.20 717.0
2455787.48927 18.036 0.022 4.47 530.0
2455787.60469 18.021 0.019 3.77 487.0
2455787.64732 18.048 0.022 4.30 530.0
2455787.68865 18.127 0.026 5.25 583.0
2455788.50409 18.057 0.023 4.96 376.0
2455788.60706 18.018 0.022 4.72 449.0
2455788.64884 18.021 0.024 5.12 445.0
2455788.68975 17.943 0.039 7.91 515.0
2455790.48568 18.034 0.022 5.84 302.0
2455790.53477 18.074 0.024 6.38 282.0
2455790.58746 18.008 0.024 6.55 338.0
2455790.62668 18.035 0.025 6.20 363.0
2455790.70789 18.062 0.025 5.30 521.0
2455791.47404 18.082 0.034 6.83 490.0
2455793.47420 18.051 0.030 6.26 507.0
2455793.58153 18.035 0.021 5.67 288.0
2455793.62235 18.053 0.021 5.37 293.0
2455793.66104 18.025 0.019 4.97 308.0
2455793.70241 18.017 0.022 5.54 386.0
2455794.58856 18.013 0.023 6.09 285.0
2455794.62721 18.026 0.021 5.42 294.0
2455794.67479 18.038 0.022 5.44 340.0
2455796.56565 18.061 0.029 6.28 337.0
2455798.67346 18.055 0.033 7.63 358.0
2455801.47952 18.024 0.028 5.81 361.0
2455801.54418 18.025 0.021 5.85 279.0
2455801.58314 18.057 0.023 6.32 261.0
2455801.62126 18.051 0.025 6.73 288.0
2455801.66262 17.994 0.026 7.14 316.0
2455802.52018 18.003 0.025 6.31 336.0
2455802.57704 18.054 0.024 6.23 319.0
2455803.50785 18.019 0.023 5.91 331.0
2455803.58913 18.044 0.026 6.81 351.0
2455804.50439 18.044 0.020 5.26 314.0
2455804.55544 17.975 0.022 6.14 301.0
2455804.59590 18.067 0.021 5.30 291.0
2455804.63382 18.028 0.021 5.45 327.0
2455804.67795 18.064 0.025 5.85 442.0
2455805.50365 17.983 0.016 4.08 299.0
2455805.55612 18.044 0.017 4.10 280.0
2455805.59399 18.042 0.019 4.74 302.0
2455805.64029 18.019 0.027 7.03 374.0
2455806.49670 18.038 0.024 5.76 373.0
2455806.55325 18.037 0.029 6.49 408.0
2455807.54994 18.036 0.026 6.72 332.0
2455807.59152 18.036 0.031 7.42 349.0
2455807.63380 17.977 0.028 7.31 352.0
2455812.49672 18.022 0.044 7.14 581.0
2455812.53702 18.054 0.032 6.04 585.0
2455812.57626 18.083 0.030 5.36 600.0
2455812.61619 17.979 0.032 6.58 633.0
2455813.50422 18.017 0.021 4.86 491.0
2455813.55033 18.036 0.021 3.95 531.0
2455813.58866 18.004 0.019 3.83 540.0
2455813.62647 18.002 0.022 4.43 600.0
2455815.52961 18.038 0.019 3.91 464.0
2455815.56808 18.052 0.018 3.34 472.0
2455816.50098 18.014 0.020 4.45 472.0
2455816.54846 18.029 0.023 4.73 542.0
2455817.54946 18.046 0.024 4.95 470.0
2455818.53087 17.994 0.023 5.18 457.0
2455818.56890 18.006 0.027 6.01 485.0
2455818.60921 18.069 0.035 7.40 602.0
2455819.53958 17.998 0.023 4.98 473.0
2455819.57718 18.031 0.024 5.00 502.0
2455819.61647 18.036 0.024 5.05 581.0
2455820.50828 18.063 0.028 5.99 445.0
2455820.55524 18.058 0.022 4.86 400.0
2455820.59307 18.027 0.024 4.88 477.0
2455820.63087 18.156 0.037 6.77 607.0
2455822.52189 17.998 0.024 6.60 287.0
2455822.56684 18.055 0.024 6.09 297.0
2455822.61032 18.057 0.024 5.84 353.0
2455823.49845 17.956 0.029 7.28 368.0
2455823.54175 18.075 0.029 6.60 376.0
2455823.58529 18.060 0.025 5.37 399.0
2455824.52235 18.046 0.022 5.36 342.0
2455824.56334 18.035 0.020 4.67 328.0
2455824.60455 18.075 0.025 5.95 364.0
2455825.53367 18.032 0.024 5.25 404.0
2455826.50315 17.966 0.024 5.99 354.0
2455826.55182 18.035 0.025 6.06 373.0
2455826.59130 18.043 0.032 7.82 463.0
2455827.49155 17.975 0.030 6.84 454.0
2455827.52924 18.106 0.033 6.30 491.0
2455827.57206 18.045 0.029 6.37 492.0
2455827.60965 18.057 0.031 7.74 459.0
2455828.50271 18.035 0.019 4.37 329.0
2455828.54260 18.030 0.020 4.73 326.0
2455828.58024 18.051 0.024 5.68 367.0
2455829.51545 18.041 0.022 5.11 412.0
2455829.55337 18.088 0.022 5.15 420.0
2455829.59123 18.057 0.022 6.20 428.0
2455830.47931 18.472 0.035 4.10 829.0
2455830.52862 18.000 0.018 4.91 361.0
2455830.56628 18.043 0.024 6.64 379.0
2455830.60453 18.101 0.029 8.25 395.0
2455831.52738 18.036 0.022 5.77 363.0
2455832.51079 18.064 0.021 4.90 402.0
2455833.50845 18.068 0.022 4.89 378.0
2455833.54834 18.023 0.021 5.37 350.0
2455833.58617 18.061 0.029 7.61 385.0
2455834.50794 18.007 0.018 4.64 348.0
2455834.58498 18.047 0.024 7.69 403.0
2455839.56120 18.087 0.044 6.09 1238.0
2455840.50866 18.066 0.031 5.96 514.0
2455840.51048 18.058 0.028 5.31 516.0
2455840.56289 18.065 0.027 4.89 581.0
2455841.50829 18.079 0.032 5.95 599.0
2455841.54790 18.049 0.031 5.57 650.0
2455842.50631 17.977 0.033 6.75 545.0
2455842.55449 17.970 0.032 6.65 604.0
2455843.55278 18.096 0.032 6.31 556.0
2455844.49626 18.106 0.028 5.21 578.0
2455844.53571 18.084 0.033 6.31 588.0
2455844.57647 18.012 0.037 6.89 718.0
2455845.49662 18.048 0.033 6.73 577.0
2455845.53643 17.997 0.026 5.08 669.0
2455845.57675 18.066 0.035 6.10 858.0
2455846.53845 18.008 0.033 5.69 809.0
2455846.57730 18.036 0.047 7.29 1052.0
2455850.51119 18.019 0.021 4.67 489.0
2455850.54981 18.060 0.028 5.90 485.0
2455851.53846 18.054 0.026 5.81 438.0
2455852.52793 18.022 0.039 7.36 687.0
2455854.53471 18.017 0.030 6.21 640.0
2455855.51178 18.085 0.032 5.31 636.0
2455856.51023 17.979 0.034 6.96 564.0
2455859.49169 18.005 0.054 6.11 2128.0
2455860.50520 17.957 0.029 6.33 576.0
2455862.50857 18.055 0.032 7.13 489.0
2455867.49775 18.020 0.036 5.23 1410.0
2455868.50089 17.964 0.049 6.75 1470.0
