2455264.84100 19.000 0.077 4.84 1231.0
2455268.77925 19.174 0.092 7.34 491.0
2455271.77332 19.160 0.061 4.86 508.0
2455273.78260 19.174 0.053 4.57 435.0
2455277.77071 19.215 0.058 4.66 465.0
2455279.88915 19.185 0.051 4.39 408.0
2455283.74980 19.068 0.073 5.51 713.0
2455285.87578 19.326 0.082 4.74 754.0
2455288.74187 19.048 0.062 4.19 863.0
2455292.89942 19.153 0.064 3.91 896.0
2455294.73687 19.143 0.050 4.17 413.0
2455294.92284 19.225 0.062 3.29 964.0
2455296.78063 19.196 0.049 4.03 404.0
2455297.81459 19.281 0.048 3.79 398.0
2455298.85315 19.174 0.048 3.86 416.0
2455299.83755 19.161 0.038 3.79 360.0
2455301.76668 19.268 0.053 4.30 422.0
2455306.69998 19.183 0.057 4.95 454.0
2455307.70208 19.238 0.064 5.46 476.0
2455308.69339 19.193 0.060 5.03 497.0
2455309.75618 19.168 0.051 4.29 410.0
2455310.77130 18.997 0.052 5.09 479.0
2455311.86612 19.161 0.054 4.62 474.0
2455312.86133 19.169 0.066 4.85 665.0
2455313.88971 19.178 0.071 4.73 745.0
2455314.82405 19.171 0.064 4.19 833.0
2455315.76352 18.974 0.084 5.90 946.0
2455316.71662 19.119 0.088 5.14 1022.0
2455319.85668 19.447 0.186 3.38 5471.0
2455320.75730 19.331 0.102 4.57 1241.0
2455321.67390 19.104 0.090 6.82 675.0
2455321.89858 19.029 0.057 4.58 642.0
2455323.81242 19.334 0.070 5.00 577.0
2455324.74656 19.169 0.055 4.52 470.0
2455325.86317 19.231 0.062 4.19 505.0
2455326.78706 19.354 0.057 4.03 427.0
2455327.70281 19.199 0.053 4.38 396.0
2455327.92812 19.291 0.063 3.60 655.0
2455328.85940 19.286 0.065 4.31 504.0
2455334.76652 19.301 0.059 4.23 472.0
2455335.75077 19.180 0.046 3.76 462.0
2455336.79613 19.227 0.062 4.48 502.0
2455337.85018 19.141 0.069 5.08 586.0
2455338.84991 19.215 0.110 6.98 678.0
2455339.88213 19.385 0.141 7.45 787.0
2455340.82546 19.108 0.075 5.56 748.0
2455341.68719 19.035 0.060 4.70 647.0
2455342.58556 19.038 0.103 6.51 1040.0
2455342.77949 19.096 0.072 5.29 771.0
2455343.60530 19.341 0.132 6.17 1218.0
2455348.71777 19.286 0.079 5.00 662.0
2455350.63415 19.143 0.074 6.40 454.0
2455351.69402 19.240 0.068 5.32 441.0
2455352.70601 19.143 0.049 4.10 410.0
2455353.67931 19.326 0.054 3.74 433.0
2455354.61728 19.165 0.058 4.71 444.0
2455355.57505 19.201 0.066 5.19 579.0
2455355.88941 19.119 0.082 5.83 779.0
2455358.70044 19.017 0.058 5.87 396.0
2455359.61140 19.161 0.069 5.04 618.0
2455359.84764 19.307 0.096 6.08 629.0
2455362.73541 19.264 0.062 4.63 522.0
2455364.71074 19.252 0.070 5.62 468.0
2455364.86186 19.283 0.072 5.53 467.0
2455365.82077 19.402 0.083 5.45 505.0
2455369.77688 19.028 0.096 6.59 908.0
2455376.75177 19.158 0.076 5.34 706.0
2455377.65206 19.340 0.057 3.84 473.0
2455377.67310 19.201 0.062 4.97 496.0
2455378.49585 19.067 0.057 4.52 561.0
2455378.80404 19.300 0.068 4.61 551.0
2455379.69225 19.250 0.060 4.49 465.0
2455380.80248 19.270 0.080 5.79 515.0
2455381.67742 19.178 0.070 6.11 419.0
2455382.54143 19.178 0.086 6.77 518.0
2455382.74808 19.501 0.098 6.22 470.0
2455385.50017 19.141 0.053 3.77 606.0
2455385.60213 19.260 0.047 3.82 536.0
2455385.69274 19.280 0.054 4.18 569.0
2455385.79078 19.356 0.055 3.88 599.0
2455386.77196 19.359 0.057 3.80 402.0
2455387.75430 19.308 0.055 3.96 372.0
2455388.64321 19.328 0.057 4.62 325.0
2455389.53460 19.284 0.071 5.42 412.0
2455390.54242 19.311 0.092 7.25 433.0
2455390.79959 19.267 0.057 4.99 342.0
2455391.76165 19.373 0.080 5.45 479.0
2455392.63215 19.268 0.059 4.98 398.0
2455393.69379 19.321 0.073 5.88 339.0
2455396.57518 19.326 0.112 7.43 556.0
2455397.65324 19.220 0.091 7.03 491.0
2455403.62524 19.446 0.079 4.02 807.0
2455404.49682 19.270 0.071 4.56 617.0
2455404.69415 19.180 0.070 4.48 631.0
2455405.70983 19.140 0.071 4.57 589.0
2455407.56283 19.062 0.065 6.04 366.0
2455407.75667 19.023 0.063 5.07 568.0
2455408.68624 19.151 0.071 6.05 467.0
2455409.59658 19.276 0.054 4.67 361.0
2455410.59968 19.210 0.052 4.62 354.0
2455411.63585 19.225 0.049 4.40 366.0
2455412.61994 19.192 0.072 6.37 439.0
2455413.62771 19.225 0.050 4.50 329.0
2455414.67237 19.112 0.045 3.91 380.0
2455418.58369 19.160 0.045 4.30 332.0
2455421.61342 19.306 0.058 5.04 354.0
2455422.63221 19.349 0.054 4.26 355.0
2455425.52474 19.192 0.063 5.14 487.0
2455430.51850 19.332 0.103 5.55 749.0
2455431.51957 19.345 0.081 4.96 681.0
2455433.69822 19.304 0.142 5.68 1663.0
2455434.69613 19.442 0.091 4.57 710.0
2455435.69934 19.358 0.077 4.41 610.0
2455437.67870 19.207 0.063 4.55 536.0
2455439.55922 19.010 0.067 5.66 459.0
2455443.57303 19.412 0.094 6.45 447.0
2455444.59438 19.345 0.079 5.54 405.0
2455445.68335 19.256 0.063 4.92 452.0
2455447.49125 19.276 0.054 4.16 421.0
2455448.55030 19.097 0.062 4.92 443.0
2455448.56509 19.083 0.063 5.06 457.0
2455450.50929 19.208 0.074 5.98 444.0
2455451.63583 19.042 0.074 6.27 494.0
2455457.51797 19.103 0.053 4.54 582.0
2455458.56190 19.216 0.083 5.75 641.0
2455459.59540 19.239 0.071 4.70 664.0
2455460.60809 18.987 0.105 4.89 2135.0
2455462.48613 19.047 0.065 5.00 653.0
2455463.59290 19.201 0.068 4.38 713.0
2455464.55264 19.280 0.078 5.22 575.0
2455465.48708 19.286 0.109 7.47 553.0
2455468.55699 19.152 0.080 6.45 509.0
2455471.53865 19.327 0.078 5.62 434.0
2455472.58855 19.038 0.062 5.23 542.0
2455476.55321 19.151 0.112 7.91 542.0
2455480.51119 19.170 0.072 5.23 525.0
2455483.49890 19.313 0.148 5.12 2166.0
2455487.49715 19.083 0.058 4.16 661.0
2455492.52152 19.120 0.117 6.52 980.0
2455497.49982 19.234 0.110 6.12 848.0
2455596.86155 19.172 0.071 5.71 570.0
2455596.88493 19.014 0.097 4.85 2085.0
2455597.85644 19.242 0.073 6.06 452.0
2455606.88789 19.262 0.081 5.36 652.0
2455614.86818 19.311 0.075 5.30 590.0
2455620.85254 19.376 0.076 5.81 419.0
2455624.81369 19.090 0.063 5.87 453.0
2455625.77575 19.358 0.104 7.49 520.0
2455627.80052 19.071 0.065 6.35 423.0
2455629.77936 19.054 0.076 7.61 419.0
2455630.76935 19.064 0.060 6.01 469.0
2455632.76685 19.062 0.096 8.02 736.0
2455634.75408 19.280 0.079 6.49 474.0
2455635.82663 19.148 0.081 7.20 453.0
2455638.74490 19.420 0.145 7.48 829.0
2455639.75790 19.149 0.079 5.38 768.0
2455639.83356 19.216 0.069 4.97 598.0
2455640.83066 19.191 0.073 4.94 655.0
2455641.75679 19.237 0.086 5.99 750.0
2455641.87691 19.046 0.056 5.14 567.0
2455642.79865 19.314 0.071 4.41 700.0
2455643.74478 19.099 0.072 5.26 829.0
2455643.82250 19.248 0.067 4.61 671.0
2455644.74551 19.335 0.124 4.97 1916.0
2455644.85916 19.412 0.125 5.04 1511.0
2455648.73163 19.186 0.080 7.14 438.0
2455648.84025 19.225 0.052 4.61 408.0
2455649.73597 19.317 0.080 6.98 380.0
2455649.84613 19.223 0.046 4.25 333.0
2455650.72843 19.167 0.065 6.32 398.0
2455650.83470 19.075 0.046 5.11 356.0
2455651.75434 19.080 0.050 5.09 387.0
2455651.86663 18.987 0.051 5.62 400.0
2455652.79486 19.133 0.046 4.57 346.0
2455653.76072 19.199 0.046 4.22 396.0
2455654.76381 19.111 0.053 4.86 406.0
2455654.85574 19.305 0.063 5.52 363.0
2455655.76864 19.036 0.055 5.16 445.0
2455655.84485 19.250 0.050 4.41 390.0
2455656.80190 19.008 0.045 4.51 421.0
2455657.76525 19.131 0.044 3.91 398.0
2455657.84494 19.280 0.051 4.21 404.0
2455658.75607 19.215 0.075 6.65 560.0
2455658.85706 19.210 0.053 5.02 357.0
2455659.71374 19.318 0.078 5.95 429.0
2455659.78992 19.274 0.059 5.10 400.0
2455659.87583 19.145 0.044 4.24 504.0
2455660.76355 19.362 0.067 6.18 368.0
2455660.86043 19.307 0.069 5.68 355.0
2455662.75486 19.391 0.099 7.21 421.0
2455662.85523 19.473 0.074 5.19 470.0
2455663.75310 19.172 0.065 5.93 433.0
2455664.80156 19.295 0.065 5.26 406.0
2455664.90533 19.260 0.063 5.09 410.0
2455665.78799 19.288 0.054 4.63 377.0
2455665.90002 19.188 0.053 4.97 389.0
2455667.82761 19.232 0.053 4.61 461.0
2455668.83262 19.259 0.078 5.14 714.0
2455669.81619 19.215 0.068 5.15 687.0
2455670.80419 19.217 0.076 5.29 741.0
2455671.77379 19.270 0.068 4.23 760.0
2455675.87305 19.104 0.051 4.41 487.0
2455676.77886 19.109 0.045 4.46 402.0
2455677.73551 19.358 0.059 4.86 404.0
2455677.92250 19.188 0.046 3.61 459.0
2455679.84426 19.124 0.051 4.67 431.0
2455680.72472 19.090 0.058 5.35 400.0
2455680.91041 19.418 0.060 4.29 400.0
2455681.80527 19.344 0.069 5.63 416.0
2455682.70487 19.117 0.066 5.77 535.0
2455682.92448 19.191 0.062 4.91 530.0
2455683.87913 19.132 0.055 4.42 527.0
2455684.78254 19.161 0.050 4.63 410.0
2455685.76895 19.211 0.044 3.78 387.0
2455686.65668 19.191 0.071 6.81 464.0
2455686.86507 19.256 0.067 5.10 460.0
2455687.75414 19.372 0.059 4.60 438.0
2455688.92886 19.183 0.085 5.11 1021.0
2455690.65622 19.262 0.068 5.74 428.0
2455690.86988 19.045 0.063 6.20 552.0
2455691.79219 19.229 0.060 5.15 430.0
2455692.68490 19.313 0.068 5.14 511.0
2455692.86054 19.195 0.060 4.45 583.0
2455693.70883 19.388 0.068 5.07 479.0
2455693.88243 19.105 0.055 4.55 615.0
2455694.71415 19.426 0.075 4.74 560.0
2455694.89016 19.124 0.060 5.13 553.0
2455695.76643 19.424 0.067 4.68 481.0
2455695.92979 19.158 0.063 6.28 459.0
2455696.75752 19.162 0.056 4.47 522.0
2455696.94025 19.364 0.146 6.13 1516.0
2455697.76346 19.242 0.067 4.75 680.0
2455697.92984 19.210 0.071 5.70 698.0
2455698.76314 19.261 0.096 5.75 979.0
2455698.92853 19.228 0.113 5.87 1332.0
2455705.72643 19.137 0.067 6.19 443.0
2455705.92019 19.226 0.098 7.58 728.0
2455706.87444 19.332 0.101 6.90 650.0
2455707.73748 19.248 0.069 5.63 485.0
2455707.89854 19.317 0.081 5.52 614.0
2455708.73014 19.255 0.053 4.61 380.0
2455709.56167 19.156 0.069 6.32 446.0
2455712.59762 19.353 0.080 5.54 782.0
2455712.60027 19.189 0.069 5.53 556.0
2455712.80623 19.144 0.055 4.85 451.0
2455713.82092 19.168 0.059 5.29 427.0
2455715.55920 19.243 0.072 6.00 487.0
2455715.76494 19.317 0.053 4.47 361.0
2455716.59170 19.134 0.080 7.24 436.0
2455716.60434 19.228 0.061 5.17 406.0
2455716.61906 19.217 0.062 5.52 387.0
2455716.63168 19.254 0.063 5.59 379.0
2455716.82829 19.331 0.066 5.32 374.0
2455721.71282 19.352 0.076 5.81 459.0
2455721.91385 19.244 0.097 6.69 923.0
2455722.76675 19.172 0.051 3.89 477.0
2455723.63532 19.083 0.054 5.13 456.0
2455723.80345 19.151 0.051 4.50 405.0
2455724.66362 19.301 0.078 5.27 529.0
2455725.56590 19.256 0.069 4.89 611.0
2455725.77939 19.121 0.056 4.36 643.0
2455726.68752 19.271 0.069 4.39 782.0
2455734.66356 19.149 0.080 7.03 551.0
2455734.84580 19.190 0.089 6.84 543.0
2455735.79249 19.267 0.064 5.31 423.0
2455736.54166 19.151 0.058 4.89 537.0
2455736.70883 19.344 0.051 4.45 353.0
2455737.53746 19.295 0.066 4.91 530.0
2455737.72704 19.174 0.043 4.04 323.0
2455737.89458 19.129 0.064 5.45 567.0
2455738.75280 19.267 0.049 4.16 384.0
2455739.62272 19.404 0.066 5.14 357.0
2455739.81079 19.196 0.062 5.68 435.0
2455740.62447 19.030 0.067 7.17 364.0
2455740.81150 19.536 0.094 5.81 473.0
2455741.58199 19.134 0.053 4.64 397.0
2455741.76059 19.273 0.052 4.45 341.0
2455742.50886 19.256 0.078 4.92 651.0
2455742.69336 19.191 0.049 4.41 352.0
2455742.84882 19.312 0.058 4.41 448.0
2455743.74327 19.273 0.069 4.93 471.0
2455744.50111 19.126 0.095 7.05 636.0
2455744.67696 19.332 0.061 4.76 379.0
2455745.49023 19.084 0.078 7.05 515.0
2455745.66535 19.324 0.059 4.55 402.0
2455746.70509 19.347 0.070 5.71 365.0
2455747.76554 19.376 0.102 7.34 420.0
2455749.54103 19.348 0.078 5.98 459.0
2455749.70761 19.391 0.085 6.80 370.0
2455752.58536 19.370 0.102 6.85 552.0
2455752.77633 19.309 0.095 6.48 606.0
2455753.71315 19.436 0.114 5.60 1055.0
2455759.83542 19.136 0.093 5.96 932.0
2455760.48089 19.148 0.104 7.41 682.0
2455760.67464 19.272 0.071 5.32 541.0
2455761.49560 19.234 0.048 4.46 400.0
2455762.54031 19.192 0.063 4.96 438.0
2455762.69636 19.142 0.062 5.18 439.0
2455763.57629 19.279 0.049 4.06 409.0
2455763.76204 19.480 0.088 5.13 618.0
2455764.57942 19.200 0.057 4.78 448.0
2455764.78591 19.183 0.056 5.03 482.0
2455765.65023 19.180 0.050 4.12 463.0
2455766.50995 19.242 0.063 5.56 406.0
2455766.69632 19.188 0.053 5.14 355.0
2455767.57450 19.126 0.056 5.16 452.0
2455767.78258 19.136 0.075 6.64 468.0
2455768.63669 19.183 0.052 4.66 450.0
2455769.47365 19.378 0.087 5.40 539.0
2455769.67797 19.067 0.048 4.86 362.0
2455770.75402 19.241 0.072 5.31 428.0
2455776.60894 19.254 0.090 7.33 401.0
2455777.52599 19.533 0.064 4.10 444.0
2455777.77335 19.209 0.064 5.26 485.0
2455779.60105 19.275 0.066 5.45 400.0
2455785.62816 19.151 0.079 5.33 674.0
2455786.57178 19.054 0.078 5.75 658.0
2455787.60792 19.116 0.058 4.59 602.0
2455788.50736 19.204 0.074 5.89 493.0
2455788.69296 19.168 0.106 7.27 653.0
2455790.59073 19.302 0.082 6.46 447.0
2455791.47728 19.206 0.094 6.99 521.0
2455793.59747 19.287 0.080 6.47 403.0
2455794.67808 19.265 0.063 4.94 440.0
2455795.72534 19.167 0.068 5.67 435.0
2455796.65236 19.198 0.068 6.16 395.0
2455801.57377 19.090 0.067 6.85 369.0
2455802.56496 19.075 0.071 6.66 410.0
2455804.55730 19.385 0.086 6.45 411.0
2455805.50722 19.252 0.050 4.31 390.0
2455806.50040 19.049 0.072 6.36 486.0
2455812.61953 19.103 0.082 5.39 740.0
2455813.60311 19.249 0.062 4.14 669.0
2455815.57137 19.118 0.049 3.69 586.0
2455816.55176 19.047 0.063 5.06 649.0
2455817.55276 19.175 0.072 5.51 572.0
2455818.53419 19.347 0.089 5.54 570.0
2455819.54288 19.180 0.071 5.23 586.0
2455820.51155 19.174 0.083 6.11 555.0
2455822.51213 19.140 0.085 7.60 385.0
2455822.60070 19.155 0.066 5.44 410.0
2455823.61926 19.121 0.091 7.13 522.0
2455824.55558 19.059 0.051 4.70 428.0
2455824.63322 19.055 0.064 5.78 485.0
2455825.57215 19.200 0.070 4.89 513.0
2455826.49529 19.148 0.072 5.61 456.0
2455826.58265 18.964 0.067 6.00 529.0
2455827.52135 19.123 0.088 6.24 590.0
2455827.60174 18.952 0.069 6.78 558.0
2455828.53486 19.078 0.053 4.65 412.0
2455828.61013 19.063 0.057 4.98 541.0
2455829.54554 19.162 0.057 4.90 488.0
2455829.62163 19.106 0.061 6.46 537.0
2455830.55855 19.048 0.058 6.06 468.0
2455831.53073 18.920 0.046 5.05 456.0
2455831.60399 18.980 0.061 6.78 526.0
2455832.55368 19.024 0.066 6.01 523.0
2455833.51179 18.813 0.043 4.72 466.0
2455833.58951 18.823 0.058 6.59 482.0
2455834.54893 18.779 0.040 5.30 425.0
2455835.53241 18.710 0.066 7.07 540.0
2455836.52949 18.658 0.060 4.97 1075.0
2455836.59296 18.578 0.057 6.73 874.0
2455839.55347 18.511 0.070 5.57 1785.0
2455840.49928 18.485 0.047 6.12 618.0
2455840.60019 18.477 0.042 5.16 728.0
2455841.52691 18.473 0.050 6.16 699.0
2455841.60623 18.473 0.055 6.26 840.0
2455842.57690 18.524 0.057 6.47 738.0
2455843.52989 18.659 0.051 6.05 609.0
2455844.55374 18.705 0.060 6.03 738.0
2455845.51421 18.843 0.068 6.60 689.0
2455845.59496 18.829 0.066 5.43 958.0
2455846.55664 18.881 0.079 5.93 918.0
2455851.54331 19.112 0.069 5.83 504.0
2455852.49349 18.843 0.087 7.12 872.0
2455855.54647 18.850 0.067 5.72 704.0
2455856.55358 19.012 0.094 7.83 689.0
2455858.52585 18.688 0.085 9.14 582.0
2455860.49863 19.209 0.099 5.68 850.0
2455861.52180 19.218 0.101 6.86 657.0
