2455288.86318 18.736 0.038 3.90 623.0
2455293.82795 18.736 0.035 4.84 310.0
2455294.80393 18.716 0.024 3.39 254.0
2455296.84639 18.740 0.025 3.25 258.0
2455301.83229 18.727 0.036 5.49 306.0
2455306.77973 18.702 0.026 3.68 276.0
2455308.80610 18.705 0.028 3.93 277.0
2455310.87091 18.781 0.024 3.98 299.0
2455312.93053 18.656 0.045 4.72 772.0
2455314.90505 18.709 0.039 4.06 744.0
2455316.78914 18.816 0.065 5.60 795.0
2455320.76057 18.704 0.034 4.24 442.0
2455321.90187 18.737 0.042 5.21 483.0
2455323.81567 18.732 0.037 5.30 421.0
2455326.79032 18.729 0.029 4.04 290.0
2455327.93140 18.734 0.038 3.87 590.0
2455334.77132 18.691 0.029 4.25 307.0
2455336.81333 18.721 0.034 4.42 357.0
2455338.90834 18.724 0.065 7.50 516.0
2455340.85570 18.690 0.050 6.11 530.0
2455342.61524 18.707 0.057 5.73 728.0
2455343.64608 18.670 0.053 5.42 868.0
2455348.78642 18.669 0.038 5.09 396.0
2455350.72469 18.681 0.038 5.54 344.0
2455353.70652 18.739 0.031 4.02 283.0
2455355.87869 18.615 0.052 6.25 595.0
2455361.67523 18.751 0.043 6.31 300.0
2455365.71547 18.646 0.034 5.58 333.0
2455378.62695 18.714 0.031 4.10 300.0
2455380.66061 18.695 0.031 5.14 231.0
2455382.81391 18.715 0.062 8.24 420.0
2455385.53137 18.696 0.029 4.12 509.0
2455385.63083 18.697 0.025 4.32 336.0
2455385.73317 18.678 0.029 5.23 346.0
2455388.75604 18.767 0.032 4.92 200.0
2455391.82634 18.645 0.040 4.90 491.0
2455397.69400 18.681 0.044 6.64 340.0
2455405.64774 18.699 0.045 6.05 336.0
2455409.48759 18.751 0.035 5.54 252.0
2455413.52383 18.730 0.031 4.42 309.0
2455422.56786 18.722 0.037 5.59 291.0
2455439.58546 18.779 0.046 5.98 303.0
2455447.52320 18.725 0.036 5.32 291.0
2455457.58223 18.770 0.036 4.41 453.0
2455465.53150 18.729 0.047 6.64 341.0
2455473.49707 18.606 0.045 6.50 362.0
2455490.53839 18.642 0.060 5.81 749.0
2455602.85382 18.830 0.046 6.11 392.0
2455604.86174 18.818 0.051 6.77 362.0
2455605.85789 18.797 0.035 4.88 339.0
2455606.85752 18.853 0.041 5.67 326.0
2455607.86102 18.790 0.043 6.17 340.0
2455608.85201 18.697 0.046 7.15 334.0
2455611.84764 18.800 0.063 6.71 570.0
2455612.85690 18.793 0.048 6.17 481.0
2455613.88962 18.847 0.081 7.78 613.0
2455615.84841 18.708 0.037 4.77 445.0
2455616.84256 18.873 0.063 7.02 492.0
2455621.83356 18.779 0.036 5.32 296.0
2455622.82154 18.714 0.030 4.77 280.0
2455624.77791 18.740 0.041 5.95 338.0
2455626.83676 18.658 0.043 6.54 310.0
2455628.77790 18.789 0.064 8.29 374.0
2455629.77337 18.742 0.049 7.99 293.0
2455631.83823 18.727 0.047 6.99 324.0
2455632.86739 18.759 0.032 5.04 261.0
2455633.76653 18.775 0.040 5.76 331.0
2455635.79896 18.733 0.045 6.95 421.0
2455637.77761 18.659 0.053 7.38 711.0
2455638.90791 18.646 0.033 5.68 361.0
2455639.77834 18.715 0.052 6.28 536.0
2455642.75726 18.824 0.056 6.44 649.0
2455647.76275 18.658 0.032 5.40 306.0
2455649.78672 18.707 0.027 4.61 233.0
2455654.78793 18.711 0.030 4.58 261.0
2455658.85094 18.625 0.026 4.68 235.0
2455662.90390 18.739 0.034 4.96 325.0
2455668.78409 18.685 0.050 6.19 498.0
2455675.79017 18.673 0.036 5.40 354.0
2455679.88853 18.724 0.029 3.97 295.0
2455682.91511 18.731 0.036 5.04 368.0
2455686.80524 18.713 0.024 3.63 320.0
2455692.65679 18.658 0.039 5.99 454.0
2455694.83111 18.698 0.031 4.38 354.0
2455697.68018 18.611 0.033 4.41 545.0
2455702.59037 18.689 0.058 6.48 848.0
2455706.86356 18.769 0.050 6.78 458.0
2455709.82168 18.664 0.027 4.40 322.0
2455715.85194 18.732 0.033 5.43 281.0
2455722.82271 18.741 0.034 4.42 417.0
2455725.79627 18.689 0.034 4.24 535.0
2455735.66961 18.656 0.041 7.51 257.0
2455737.78322 18.714 0.027 4.33 240.0
2455740.64020 18.633 0.035 6.51 238.0
2455742.66819 18.713 0.025 4.42 209.0
2455745.71791 18.738 0.030 4.73 278.0
2455749.50635 18.668 0.060 8.46 397.0
2455760.56546 18.670 0.047 6.78 433.0
2455765.53052 18.614 0.033 5.07 383.0
2455768.78474 18.639 0.034 5.06 404.0
2455777.66139 18.644 0.028 5.04 261.0
2455784.49002 18.578 0.070 4.78 2078.0
2455784.62120 18.584 0.050 5.03 987.0
2455785.72833 18.522 0.053 6.70 695.0
2455790.57856 18.654 0.039 6.74 307.0
2455794.68099 18.619 0.037 6.15 322.0
2455803.51497 18.448 0.034 6.78 290.0
2455815.48335 18.468 0.036 5.89 475.0
2455819.52403 18.448 0.030 5.13 393.0
2455824.54742 18.340 0.025 4.98 304.0
2455829.52622 18.328 0.026 4.93 395.0
2455833.58271 18.243 0.028 5.66 347.0
2455841.51912 18.234 0.032 5.49 560.0
2455845.56076 18.264 0.040 6.40 694.0
2455854.51633 18.234 0.035 5.74 552.0
