2455288.86318 17.675 0.017 3.77 635.0
2455293.82795 17.670 0.016 4.43 321.0
2455294.80393 17.677 0.013 3.87 263.0
2455296.84639 17.667 0.012 3.39 267.0
2455301.83229 17.652 0.015 5.04 313.0
2455306.77973 17.693 0.014 4.25 287.0
2455308.80610 17.677 0.014 4.38 277.0
2455310.87091 17.636 0.010 3.96 293.0
2455312.93053 17.700 0.020 4.19 772.0
2455314.90505 17.700 0.018 3.77 770.0
2455316.78914 17.641 0.025 5.62 807.0
2455320.76057 17.680 0.016 4.21 445.0
2455321.90187 17.724 0.019 4.78 500.0
2455323.81567 17.683 0.016 4.75 428.0
2455326.79032 17.663 0.014 4.11 293.0
2455327.93140 17.647 0.018 4.62 599.0
2455334.77132 17.662 0.014 4.34 312.0
2455336.81333 17.660 0.016 4.56 369.0
2455338.90834 17.675 0.029 7.71 523.0
2455340.85570 17.721 0.023 5.81 547.0
2455342.61524 17.684 0.024 5.66 726.0
2455343.64608 17.658 0.023 5.32 877.0
2455348.78642 17.663 0.017 4.79 388.0
2455350.72469 17.657 0.018 5.29 362.0
2455353.70652 17.635 0.014 4.23 283.0
2455355.87869 17.690 0.026 6.60 577.0
2455361.67523 17.656 0.018 5.94 309.0
2455365.71547 17.676 0.015 4.67 339.0
2455378.62695 17.718 0.015 4.05 301.0
2455380.66061 17.675 0.015 4.97 239.0
2455382.81391 17.656 0.028 8.19 425.0
2455385.53137 17.673 0.014 4.09 533.0
2455385.63083 17.660 0.012 3.87 344.0
2455385.73317 17.662 0.014 4.26 348.0
2455388.75604 17.623 0.016 5.43 199.0
2455391.82634 17.674 0.020 5.56 500.0
2455397.69400 17.656 0.021 6.43 353.0
2455405.64774 17.671 0.021 6.18 349.0
2455409.48759 17.659 0.015 5.23 263.0
2455413.52383 17.698 0.014 4.06 316.0
2455422.56786 17.654 0.016 5.00 305.0
2455433.69956 17.654 0.034 6.65 1256.0
2455439.58546 17.706 0.021 5.99 320.0
2455447.52320 17.671 0.017 5.80 306.0
2455460.58650 17.623 0.038 5.97 2207.0
2455465.53150 17.670 0.020 6.28 355.0
2455473.49707 17.600 0.021 6.67 380.0
2455490.53839 17.633 0.030 6.87 770.0
2455602.85382 17.678 0.019 6.62 398.0
2455604.86174 17.679 0.019 6.57 369.0
2455605.85789 17.672 0.014 4.94 344.0
2455606.85752 17.674 0.016 5.27 338.0
2455607.86102 17.656 0.016 5.94 347.0
2455608.85201 17.728 0.022 7.15 342.0
2455611.84764 17.683 0.023 6.32 571.0
2455612.85690 17.717 0.018 5.18 495.0
2455613.88962 17.734 0.030 7.63 610.0
2455615.84841 17.651 0.016 4.54 453.0
2455616.84256 17.712 0.024 6.88 499.0
2455621.83356 17.693 0.016 5.68 305.0
2455622.82154 17.667 0.013 4.56 289.0
2455624.77791 17.738 0.018 5.85 345.0
2455626.83676 17.641 0.018 6.34 316.0
2455628.77790 17.654 0.025 7.82 382.0
2455629.77337 17.639 0.019 7.03 300.0
2455631.83823 17.698 0.021 6.97 335.0
2455632.86739 17.701 0.014 4.79 270.0
2455633.76653 17.711 0.017 6.02 338.0
2455635.79896 17.698 0.020 6.69 433.0
2455637.77761 17.669 0.023 6.84 715.0
2455638.90791 17.704 0.015 4.90 366.0
2455639.77834 17.670 0.020 5.58 539.0
2455642.75726 17.684 0.019 4.74 648.0
2455647.76275 17.670 0.015 4.97 316.0
2455649.78672 17.655 0.013 4.50 242.0
2455654.78793 17.685 0.014 4.37 271.0
2455658.85094 17.660 0.013 4.30 244.0
2455662.90390 17.689 0.015 4.72 337.0
2455668.78409 17.704 0.022 5.95 509.0
2455675.79017 17.678 0.016 5.13 368.0
2455679.88853 17.713 0.014 4.30 308.0
2455682.91511 17.664 0.016 5.40 391.0
2455686.80524 17.698 0.012 3.54 331.0
2455692.65679 17.653 0.018 6.05 465.0
2455694.83111 17.674 0.015 4.51 370.0
2455697.68018 17.688 0.016 4.29 560.0
2455702.59037 17.629 0.023 6.35 848.0
2455706.86356 17.652 0.020 6.73 466.0
2455709.82168 17.685 0.013 4.37 329.0
2455715.85194 17.632 0.016 6.43 300.0
2455722.82271 17.604 0.015 5.31 414.0
2455725.79627 17.604 0.016 4.60 554.0
2455735.66961 17.527 0.017 6.82 268.0
2455737.78322 17.465 0.011 4.57 251.0
2455740.64020 17.420 0.014 6.02 248.0
2455742.66819 17.398 0.010 3.68 217.0
2455745.71791 17.339 0.011 4.37 290.0
2455749.50635 17.352 0.021 8.18 402.0
2455760.56546 17.437 0.017 6.07 469.0
2455765.53052 17.513 0.014 4.84 387.0
2455768.78474 17.578 0.015 5.19 403.0
2455777.66139 17.584 0.012 4.51 273.0
2455784.49002 17.613 0.033 4.68 2507.0
2455784.62120 17.602 0.023 4.91 1011.0
2455785.72833 17.615 0.030 9.63 725.0
2455790.57856 17.665 0.017 5.80 323.0
2455794.68099 17.672 0.017 6.13 328.0
2455803.51497 17.668 0.018 6.22 307.0
2455815.48335 17.675 0.019 5.55 486.0
2455819.52403 17.688 0.016 4.72 410.0
2455824.54742 17.690 0.016 4.98 320.0
2455829.52622 17.661 0.016 5.40 409.0
2455833.58271 17.697 0.022 8.04 367.0
2455841.51912 17.715 0.021 4.92 577.0
2455845.56076 17.657 0.023 6.03 709.0
2455854.51633 17.631 0.023 6.13 568.0
