2455260.87976 16.903 0.010 3.82 779.0
2455261.81072 16.891 0.010 4.21 752.0
2455262.84831 16.866 0.023 5.91 3330.0
2455265.86523 16.895 0.010 4.19 815.0
2455266.81156 16.892 0.011 5.34 652.0
2455267.83879 16.895 0.010 4.79 588.0
2455268.84123 16.886 0.010 4.80 593.0
2455269.80490 16.900 0.009 4.44 568.0
2455270.81056 16.894 0.009 4.01 559.0
2455271.80608 16.896 0.010 4.45 626.0
2455272.81126 16.889 0.012 6.27 595.0
2455273.79625 16.891 0.010 5.07 567.0
2455274.81475 16.902 0.010 5.18 590.0
2455275.80107 16.917 0.011 4.72 725.0
2455276.77925 16.897 0.010 4.38 594.0
2455276.90674 16.889 0.009 4.13 615.0
2455277.81581 16.904 0.013 6.44 637.0
2455278.81137 16.895 0.010 5.34 592.0
2455279.81261 16.880 0.014 7.31 615.0
2455280.81924 16.879 0.009 3.99 594.0
2455281.79917 16.882 0.009 4.23 567.0
2455282.82189 16.917 0.010 4.09 675.0
2455283.78200 16.892 0.012 5.35 821.0
2455283.87332 16.888 0.010 4.61 651.0
2455284.78761 16.904 0.012 5.36 916.0
2455285.77846 16.895 0.012 4.99 1014.0
2455285.90844 16.874 0.010 4.71 835.0
2455286.79404 16.872 0.014 5.57 945.0
2455287.84723 16.877 0.009 3.46 813.0
2455288.77261 16.866 0.010 3.96 946.0
2455289.82447 16.883 0.010 4.26 865.0
2455293.85240 16.898 0.010 4.68 608.0
2455294.76021 16.889 0.009 4.39 536.0
2455294.79728 16.870 0.008 3.47 488.0
2455294.83469 16.878 0.009 4.03 514.0
2455294.86478 16.893 0.008 3.18 490.0
2455294.90579 16.889 0.008 3.71 533.0
2455295.76169 16.903 0.009 4.57 519.0
2455295.80017 16.894 0.009 4.64 503.0
2455295.83811 16.891 0.009 4.11 506.0
2455295.87625 16.879 0.008 3.79 507.0
2455295.91527 16.888 0.009 3.68 566.0
2455296.80526 16.884 0.008 3.53 506.0
2455296.83975 16.883 0.008 3.61 495.0
2455296.87753 16.880 0.008 3.62 491.0
2455297.75858 16.873 0.009 4.17 554.0
2455297.79858 16.906 0.009 4.64 539.0
2455297.83649 16.899 0.008 3.42 490.0
2455297.87453 16.887 0.008 3.86 492.0
2455297.91345 16.894 0.009 3.98 564.0
2455298.79940 16.899 0.009 4.09 538.0
2455298.83714 16.895 0.009 4.73 546.0
2455298.87535 16.884 0.008 4.00 513.0
2455298.91489 16.908 0.009 3.98 576.0
2455299.74624 16.894 0.008 3.99 492.0
2455299.78385 16.931 0.006 4.06 394.0
2455299.82158 16.890 0.007 4.00 481.0
2455299.85956 16.893 0.006 3.78 476.0
2455299.89998 16.877 0.007 3.87 531.0
2455300.85501 16.887 0.009 4.06 524.0
2455300.89565 16.903 0.009 4.08 573.0
2455301.75067 16.891 0.009 5.07 560.0
2455301.78835 16.889 0.009 4.33 543.0
2455301.82566 16.895 0.009 4.49 557.0
2455301.86388 16.882 0.011 5.60 586.0
2455301.90412 16.898 0.011 5.69 606.0
2455303.91165 16.914 0.011 5.46 632.0
2455304.74961 16.894 0.012 6.37 700.0
2455306.68428 16.903 0.010 5.65 621.0
2455306.72137 16.894 0.009 4.48 570.0
2455306.78573 16.889 0.009 4.48 530.0
2455306.84899 16.900 0.009 4.29 536.0
2455306.88890 16.900 0.009 4.07 546.0
2455306.92691 16.890 0.010 3.96 825.0
2455307.73480 16.890 0.009 4.51 577.0
2455307.79840 16.891 0.008 3.71 551.0
2455307.83639 16.903 0.009 4.32 606.0
2455307.87760 16.896 0.009 3.91 599.0
2455307.91522 16.862 0.009 3.72 619.0
2455308.72725 16.892 0.011 5.88 608.0
2455308.78851 16.898 0.009 4.18 533.0
2455308.82595 16.894 0.009 4.40 505.0
2455308.86636 16.867 0.009 4.84 540.0
2455309.70068 16.900 0.011 5.66 684.0
2455309.79364 16.915 0.010 5.00 549.0
2455309.83614 16.898 0.009 4.21 528.0
2455309.88083 16.899 0.009 3.91 568.0
2455309.91830 16.905 0.009 3.88 589.0
2455310.68566 16.911 0.011 5.49 740.0
2455310.76952 16.897 0.011 5.92 602.0
2455310.83190 16.953 0.008 4.99 502.0
2455310.87816 16.856 0.005 3.87 367.0
2455310.91565 16.890 0.009 4.27 590.0
2455311.80592 16.902 0.011 5.91 626.0
2455311.86433 16.893 0.010 5.45 587.0
2455311.90914 16.919 0.010 5.05 638.0
2455312.73476 16.902 0.012 5.73 745.0
2455312.77585 16.891 0.011 5.66 711.0
2455312.81498 16.922 0.011 5.31 710.0
2455312.85954 16.880 0.010 4.44 738.0
2455312.89912 16.907 0.010 4.74 632.0
2455313.77122 16.923 0.013 5.92 833.0
2455313.80854 16.875 0.012 5.71 780.0
2455313.84859 16.893 0.011 5.17 764.0
2455313.88789 16.906 0.012 5.69 871.0
2455313.92540 16.894 0.012 5.48 932.0
2455314.69825 16.907 0.013 5.53 1181.0
2455314.73860 16.897 0.013 5.42 1034.0
2455314.77861 16.890 0.013 5.69 995.0
2455314.82214 16.896 0.010 4.65 905.0
2455314.87356 16.890 0.011 4.89 1004.0
2455314.91095 16.892 0.010 4.20 988.0
2455315.67647 16.927 0.016 6.07 1318.0
2455315.72414 16.868 0.014 5.81 1139.0
2455315.76175 16.908 0.012 5.02 1025.0
2455315.79914 16.888 0.010 4.02 1010.0
2455315.83841 16.897 0.013 5.16 1070.0
2455315.88004 16.888 0.013 5.15 1189.0
2455315.91933 16.886 0.012 4.67 1165.0
2455316.71482 16.904 0.014 5.57 1093.0
2455316.75789 16.906 0.015 6.09 1039.0
2455316.79489 16.900 0.014 5.73 1003.0
2455316.83874 16.921 0.016 6.69 1098.0
2455319.81089 16.893 0.012 3.86 1796.0
2455319.85489 16.891 0.014 3.98 2484.0
2455319.89918 16.883 0.019 4.23 4625.0
2455320.67449 16.880 0.011 4.65 1190.0
2455320.71688 16.900 0.012 4.63 1002.0
2455320.75556 16.901 0.011 4.93 884.0
2455320.79325 16.888 0.011 4.89 816.0
2455320.83394 16.883 0.010 4.11 796.0
2455320.87476 16.901 0.011 4.12 1202.0
2455320.91429 16.895 0.011 3.97 1241.0
2455321.67215 16.894 0.014 6.93 835.0
2455321.74003 16.896 0.010 5.27 717.0
2455321.77977 16.905 0.010 4.78 700.0
2455321.81775 16.863 0.012 5.89 728.0
2455321.85950 16.894 0.010 4.71 709.0
2455321.89684 16.867 0.009 4.33 731.0
2455321.93396 16.902 0.014 5.05 1403.0
2455322.74865 16.938 0.013 6.33 1064.0
2455322.82538 16.907 0.010 4.83 731.0
2455322.86797 16.888 0.010 4.33 735.0
2455322.93352 16.887 0.010 3.62 1109.0
2455323.71763 16.904 0.011 6.20 671.0
2455323.75766 16.906 0.010 5.79 667.0
2455323.79701 16.880 0.010 5.38 682.0
2455323.83897 16.915 0.010 4.67 729.0
2455323.87789 16.903 0.010 4.14 758.0
2455323.91535 16.900 0.011 5.06 841.0
2455324.66700 16.895 0.011 5.44 664.0
2455324.73084 16.892 0.010 5.03 604.0
2455324.76820 16.895 0.010 4.41 598.0
2455324.80698 16.894 0.011 5.25 648.0
2455324.84722 16.913 0.010 4.64 658.0
2455324.88448 16.910 0.010 4.22 685.0
2455324.92527 16.915 0.010 4.17 748.0
2455325.65174 16.897 0.010 4.53 673.0
2455325.71173 16.876 0.009 4.16 555.0
2455325.74971 16.901 0.009 4.19 553.0
2455325.78691 16.898 0.009 4.17 532.0
2455325.82875 16.897 0.009 4.23 591.0
2455325.87386 16.898 0.009 3.70 619.0
2455325.91267 16.905 0.011 4.88 683.0
2455326.62314 16.938 0.014 6.60 735.0
2455326.68681 16.889 0.010 4.78 562.0
2455326.74762 16.893 0.009 4.56 552.0
2455326.78529 16.891 0.008 3.67 514.0
2455326.82495 16.899 0.010 4.38 590.0
2455326.86265 16.909 0.010 4.41 641.0
2455326.90108 16.899 0.010 3.89 700.0
2455327.63040 16.890 0.009 3.95 558.0
2455327.70111 16.884 0.010 5.12 545.0
2455327.77233 16.892 0.009 4.26 555.0
2455327.81131 16.908 0.010 4.73 581.0
2455327.84950 16.893 0.009 4.00 612.0
2455327.88856 16.889 0.009 3.75 663.0
2455327.92641 16.906 0.010 3.66 733.0
2455328.62302 16.921 0.010 4.56 733.0
2455328.72810 16.902 0.010 4.90 582.0
2455328.76680 16.899 0.009 3.83 575.0
2455328.80424 16.916 0.008 4.20 586.0
2455328.84507 16.908 0.010 4.47 608.0
2455328.88282 16.887 0.010 4.42 646.0
2455328.92044 16.936 0.009 3.77 701.0
2455329.72069 16.892 0.011 5.84 572.0
2455334.67181 16.891 0.013 7.31 668.0
2455334.75190 16.912 0.009 4.61 577.0
2455334.80864 16.906 0.010 4.86 572.0
2455334.85004 16.869 0.010 5.35 592.0
2455334.89050 16.908 0.011 5.70 651.0
2455334.92830 16.911 0.011 5.68 654.0
2455335.73422 16.887 0.009 3.71 566.0
2455335.77287 16.931 0.012 5.94 613.0
2455335.81358 16.894 0.009 4.17 577.0
2455335.85203 16.894 0.009 3.91 576.0
2455335.88965 16.901 0.010 4.80 664.0
2455335.92868 16.889 0.011 5.11 701.0
2455336.80694 16.922 0.011 5.23 636.0
2455336.89860 16.935 0.011 5.16 723.0
2455336.93621 16.914 0.012 4.55 858.0
2455337.78301 16.895 0.010 4.72 587.0
2455337.82279 16.876 0.010 5.12 642.0
2455337.86120 16.903 0.012 6.06 739.0
2455337.89902 16.871 0.011 5.44 775.0
2455337.93743 16.929 0.014 5.66 1138.0
2455338.78062 16.909 0.011 5.72 710.0
2455338.82328 16.880 0.013 6.26 767.0
2455338.87996 16.855 0.014 7.15 771.0
2455339.65781 16.934 0.013 6.09 828.0
2455339.69576 16.902 0.011 4.64 767.0
2455339.76239 16.891 0.009 3.77 731.0
2455339.85514 16.905 0.012 5.50 870.0
2455339.89523 16.903 0.014 6.53 914.0
2455339.93319 16.879 0.012 4.85 989.0
2455340.64184 16.901 0.015 6.65 983.0
2455340.68118 16.880 0.012 5.56 919.0
2455340.76747 16.902 0.012 5.40 772.0
2455340.82384 16.898 0.013 5.60 917.0
2455340.86245 16.890 0.012 5.42 816.0
2455340.90027 16.909 0.012 5.42 923.0
2455340.93794 16.902 0.015 6.28 1064.0
2455341.61236 16.880 0.011 5.58 921.0
2455341.68556 16.903 0.010 3.99 743.0
2455341.79316 16.891 0.010 4.08 774.0
2455341.83163 16.898 0.010 4.36 805.0
2455341.86941 16.884 0.010 4.27 832.0
2455341.90970 16.905 0.010 4.17 781.0
2455342.58390 16.937 0.017 6.81 1265.0
2455342.62129 16.900 0.014 5.70 1034.0
2455342.65898 16.888 0.013 5.90 950.0
2455342.69638 16.896 0.011 4.74 848.0
2455342.73456 16.896 0.011 5.18 827.0
2455342.77788 16.898 0.013 5.88 868.0
2455342.81709 16.873 0.013 5.90 911.0
2455342.85521 16.898 0.011 4.96 905.0
2455342.89282 16.880 0.012 5.14 976.0
2455342.93072 16.913 0.014 6.22 879.0
2455343.60214 16.885 0.014 5.26 1371.0
2455343.63975 16.895 0.013 5.36 1168.0
2455343.67740 16.887 0.013 5.52 1105.0
2455343.71523 16.898 0.011 4.64 976.0
2455343.75321 16.877 0.010 4.39 932.0
2455343.79389 16.915 0.012 5.03 1031.0
2455343.83287 16.890 0.012 5.05 1061.0
2455343.88366 16.873 0.012 4.55 1159.0
2455343.92155 16.900 0.013 5.33 1253.0
2455348.61986 16.882 0.011 5.45 816.0
2455348.71463 16.898 0.012 5.34 838.0
2455348.78015 16.913 0.012 5.46 686.0
2455348.81806 16.915 0.012 5.43 718.0
2455348.86224 16.895 0.010 4.55 778.0
2455348.90055 16.926 0.015 6.25 899.0
2455348.94024 16.877 0.016 6.72 1190.0
2455349.61723 16.871 0.014 6.90 874.0
2455349.72806 16.892 0.011 4.56 901.0
2455349.79361 16.900 0.011 4.39 983.0
2455349.83119 16.896 0.012 4.82 1180.0
2455350.63100 16.910 0.013 6.74 618.0
2455350.66900 16.920 0.013 6.67 657.0
2455350.70634 16.879 0.011 5.60 622.0
2455350.74727 16.894 0.011 5.08 1089.0
2455351.61253 16.901 0.011 5.61 585.0
2455351.68902 16.886 0.011 5.68 557.0
2455351.77250 16.912 0.011 4.71 696.0
2455351.86344 16.884 0.010 4.82 712.0
2455351.90367 16.906 0.012 5.70 835.0
2455352.62638 16.909 0.011 5.47 637.0
2455352.70078 16.899 0.009 4.06 521.0
2455352.78698 16.903 0.010 4.85 638.0
2455352.87216 16.886 0.010 3.82 769.0
2455352.90968 16.895 0.011 4.85 860.0
2455353.59195 16.899 0.011 4.33 677.0
2455353.67453 16.887 0.009 4.22 541.0
2455353.75522 16.911 0.009 3.87 576.0
2455353.79490 16.904 0.010 4.54 600.0
2455353.83264 16.907 0.010 4.14 654.0
2455353.88266 16.873 0.010 4.34 741.0
2455354.61121 16.902 0.011 5.16 625.0
2455354.70141 16.907 0.011 5.36 574.0
2455354.70351 16.908 0.010 4.92 553.0
2455354.79871 16.891 0.010 4.23 642.0
2455354.85403 16.893 0.010 3.80 738.0
2455354.89468 16.917 0.012 4.82 862.0
2455355.57194 16.877 0.010 5.03 720.0
2455355.64116 16.902 0.011 5.36 628.0
2455355.72723 16.910 0.010 4.68 626.0
2455355.80044 16.883 0.010 4.53 686.0
2455355.84107 16.910 0.011 4.90 738.0
2455355.88637 16.884 0.013 6.26 872.0
2455357.64000 16.915 0.010 5.47 603.0
2455357.72744 16.890 0.011 5.49 588.0
2455357.81789 16.945 0.013 6.51 644.0
2455357.89638 16.899 0.011 5.39 744.0
2455358.69437 16.944 0.007 4.75 405.0
2455358.79745 16.916 0.010 5.01 590.0
2455358.88579 16.906 0.012 6.35 686.0
2455359.60683 16.898 0.012 5.85 741.0
2455359.65381 16.907 0.010 4.53 616.0
2455359.70970 16.876 0.012 6.01 685.0
2455359.75397 16.899 0.010 5.16 642.0
2455359.79861 16.882 0.010 4.74 669.0
2455359.84310 16.896 0.011 4.79 738.0
2455359.88316 16.893 0.012 5.66 797.0
2455361.65190 16.898 0.012 6.36 625.0
2455362.56602 16.921 0.016 7.35 1026.0
2455362.61241 16.900 0.010 4.83 748.0
2455362.71373 16.913 0.010 4.39 656.0
2455362.81763 16.900 0.010 4.92 680.0
2455362.89436 16.903 0.013 6.16 804.0
2455364.53819 16.917 0.013 6.26 745.0
2455364.59570 16.885 0.010 4.77 592.0
2455364.68521 16.879 0.010 5.42 560.0
2455364.80647 16.909 0.012 6.38 565.0
2455364.84593 16.897 0.011 5.94 578.0
2455364.88589 16.901 0.011 5.80 610.0
2455365.55805 16.900 0.013 6.09 838.0
2455365.61545 16.862 0.010 4.71 646.0
2455365.70745 16.890 0.009 4.39 591.0
2455365.80090 16.913 0.010 4.72 613.0
2455365.85397 16.897 0.012 5.74 689.0
2455365.89231 16.879 0.013 6.09 757.0
2455368.63035 16.919 0.013 6.40 813.0
2455369.71507 16.900 0.014 5.69 1262.0
2455369.76085 16.885 0.011 4.46 938.0
2455369.79953 16.890 0.013 5.21 1097.0
2455369.83865 16.959 0.013 5.87 832.0
2455376.64493 16.869 0.013 6.33 821.0
2455376.68583 16.902 0.011 5.34 788.0
2455376.72477 16.908 0.012 5.24 809.0
2455376.76315 16.903 0.012 5.38 839.0
2455376.80129 16.907 0.012 4.98 914.0
2455376.83930 16.914 0.013 5.41 1023.0
2455376.87719 16.916 0.015 5.73 1239.0
2455377.53404 16.902 0.012 6.29 672.0
2455377.61682 16.883 0.012 6.37 643.0
2455377.68487 16.880 0.010 4.77 632.0
2455377.73378 16.899 0.011 5.34 675.0
2455377.77681 16.870 0.010 4.60 732.0
2455377.81454 16.893 0.009 4.08 734.0
2455377.85273 16.903 0.011 5.10 864.0
2455378.52156 16.907 0.010 4.44 646.0
2455378.60539 16.882 0.009 4.62 548.0
2455378.69390 16.897 0.009 4.54 556.0
2455378.74842 16.884 0.008 3.60 581.0
2455378.78659 16.891 0.009 4.54 625.0
2455378.82481 16.912 0.010 4.62 697.0
2455378.86471 16.911 0.011 5.59 805.0
2455379.50356 16.881 0.010 5.41 558.0
2455379.55726 16.899 0.010 4.99 553.0
2455379.64247 16.904 0.009 3.93 640.0
2455379.72888 16.906 0.009 4.18 567.0
2455379.76948 16.886 0.009 4.03 630.0
2455379.80736 16.918 0.011 5.10 694.0
2455379.84544 16.907 0.013 6.74 793.0
2455380.51498 16.893 0.010 5.55 573.0
2455380.62391 16.898 0.008 4.33 462.0
2455380.71056 16.911 0.009 4.82 509.0
2455380.74893 16.897 0.009 4.27 526.0
2455380.78692 16.911 0.010 5.12 597.0
2455380.82488 16.903 0.013 6.43 682.0
2455381.52421 16.894 0.016 7.49 818.0
2455381.56230 16.862 0.015 8.10 713.0
2455381.60007 16.897 0.013 6.76 623.0
2455381.65920 16.907 0.011 5.74 538.0
2455381.70001 16.901 0.011 5.78 598.0
2455381.73801 16.902 0.013 6.31 655.0
2455381.78475 16.901 0.015 7.41 684.0
2455381.82309 16.922 0.014 6.74 774.0
2455381.86111 16.873 0.015 7.21 833.0
2455382.55098 16.901 0.015 7.83 677.0
2455382.60062 16.884 0.014 7.66 626.0
2455382.63821 16.904 0.012 6.37 622.0
2455382.67999 16.904 0.011 6.02 583.0
2455382.71990 16.903 0.012 6.30 590.0
2455382.75781 16.914 0.012 6.61 607.0
2455382.80795 16.882 0.014 7.56 682.0
2455383.69200 16.928 0.014 7.42 587.0
2455383.75019 16.912 0.014 7.65 584.0
2455384.78750 16.867 0.012 6.10 773.0
2455384.84452 16.915 0.014 6.47 903.0
2455385.49731 16.884 0.010 4.42 822.0
2455385.71239 16.885 0.009 4.27 475.0
2455385.83558 16.889 0.009 4.28 533.0
2455386.51440 16.896 0.010 4.79 922.0
2455386.52552 16.889 0.009 4.13 641.0
2455386.59647 16.918 0.009 4.64 769.0
2455386.68088 16.895 0.009 4.62 711.0
2455386.73076 16.883 0.009 3.57 508.0
2455386.76911 16.873 0.008 3.60 512.0
2455386.80833 16.892 0.009 4.55 545.0
2455387.46961 16.881 0.011 4.31 924.0
2455387.57501 16.898 0.009 4.85 479.0
2455387.71312 16.875 0.008 3.76 464.0
2455387.75145 16.900 0.009 4.15 483.0
2455387.79520 16.890 0.009 4.44 540.0
2455387.83528 16.890 0.010 5.46 601.0
2455388.49292 16.887 0.011 5.02 659.0
2455388.53096 16.927 0.010 4.98 506.0
2455388.64000 16.894 0.009 4.70 432.0
2455388.75013 16.911 0.009 4.39 449.0
2455388.78988 16.887 0.009 4.82 483.0
2455388.83399 16.899 0.010 5.88 545.0
2455389.48243 16.909 0.014 6.97 679.0
2455389.52052 16.897 0.011 6.19 536.0
2455389.58429 16.898 0.010 5.24 488.0
2455389.68945 16.921 0.010 5.13 475.0
2455389.77145 16.879 0.009 4.72 528.0
2455389.81063 16.901 0.010 4.68 558.0
2455389.85035 16.896 0.012 6.12 656.0
2455390.55375 16.888 0.013 7.00 574.0
2455390.59956 16.884 0.011 6.02 523.0
2455390.68509 16.891 0.011 6.59 535.0
2455390.73523 16.885 0.010 5.21 481.0
2455390.77308 16.885 0.009 4.64 457.0
2455390.81081 16.912 0.010 5.73 473.0
2455391.50491 16.896 0.012 6.51 635.0
2455391.54479 16.872 0.012 6.34 556.0
2455391.58220 16.883 0.010 5.22 492.0
2455391.69147 16.876 0.009 5.20 511.0
2455391.79669 16.897 0.011 5.22 641.0
2455391.83440 16.904 0.010 4.70 700.0
2455392.48203 16.881 0.011 6.03 638.0
2455392.51992 16.891 0.011 5.69 570.0
2455392.55991 16.877 0.010 5.03 572.0
2455392.66632 16.904 0.010 5.46 523.0
2455392.77427 16.888 0.010 5.24 510.0
2455392.81195 16.904 0.010 5.04 554.0
2455393.62734 16.909 0.013 7.16 557.0
2455393.66681 16.908 0.013 6.82 528.0
2455393.70513 16.892 0.011 6.36 508.0
2455393.75045 16.871 0.014 7.76 581.0
2455393.78863 16.890 0.013 6.98 601.0
2455393.82639 16.917 0.014 7.24 641.0
2455395.83045 16.883 0.013 6.28 707.0
2455396.57239 16.924 0.016 7.56 710.0
2455396.62616 16.892 0.011 6.20 600.0
2455396.72227 16.869 0.009 4.69 542.0
2455396.75706 16.873 0.009 4.22 503.0
2455396.79508 16.909 0.010 5.61 542.0
2455397.60431 16.912 0.012 5.83 605.0
2455397.65036 16.915 0.014 7.26 626.0
2455397.68820 16.895 0.012 6.48 611.0
2455403.47008 16.902 0.012 4.59 1310.0
2455403.50754 16.897 0.010 4.16 1012.0
2455403.54478 16.884 0.010 4.09 980.0
2455403.58269 16.878 0.010 4.27 973.0
2455403.62397 16.888 0.010 4.14 939.0
2455403.66258 16.882 0.010 4.13 996.0
2455403.70036 16.876 0.010 3.95 1031.0
2455403.74119 16.894 0.011 4.15 1120.0
2455403.77914 16.917 0.014 5.23 1280.0
2455404.48290 16.880 0.010 3.91 801.0
2455404.52077 16.901 0.011 4.63 750.0
2455404.55857 16.888 0.010 4.07 762.0
2455404.59695 16.910 0.012 5.45 791.0
2455404.63958 16.880 0.010 4.59 703.0
2455404.67914 16.899 0.011 4.93 749.0
2455404.71802 16.907 0.011 4.54 810.0
2455404.75751 16.893 0.011 4.24 849.0
2455405.61669 16.910 0.013 6.17 706.0
2455405.65595 16.894 0.012 5.81 633.0
2455405.69588 16.902 0.011 5.02 670.0
2455405.73364 16.879 0.011 4.64 793.0
2455405.77115 16.897 0.010 4.08 743.0
2455407.47062 16.892 0.014 6.41 757.0
2455407.51041 16.892 0.011 5.73 516.0
2455407.54849 16.910 0.013 7.50 507.0
2455407.58706 16.910 0.011 5.74 540.0
2455407.62748 16.893 0.013 6.95 595.0
2455407.66576 16.888 0.012 6.27 605.0
2455407.70470 16.909 0.012 5.39 645.0
2455407.74277 16.880 0.011 5.09 709.0
2455408.50165 16.892 0.013 7.07 615.0
2455408.54439 16.918 0.013 7.04 597.0
2455408.59241 16.909 0.011 6.16 560.0
2455408.63222 16.881 0.011 5.64 606.0
2455408.67088 16.895 0.012 6.27 627.0
2455408.70875 16.918 0.011 5.87 624.0
2455408.74648 16.875 0.012 6.59 694.0
2455408.78405 16.881 0.014 6.79 829.0
2455409.49425 16.888 0.010 5.73 531.0
2455409.55808 16.891 0.009 4.79 480.0
2455409.66486 16.899 0.009 4.45 506.0
2455409.74857 16.862 0.010 5.09 631.0
2455409.78632 16.917 0.012 5.87 717.0
2455410.49867 16.890 0.010 4.95 586.0
2455410.56036 16.895 0.011 5.91 515.0
2455410.66886 16.902 0.009 4.62 514.0
2455410.75293 16.915 0.010 5.06 618.0
2455411.47527 16.894 0.009 4.39 588.0
2455411.51319 16.907 0.009 5.11 491.0
2455411.59614 16.886 0.009 4.55 480.0
2455411.70438 16.865 0.008 3.97 494.0
2455411.76588 16.834 0.010 5.94 687.0
2455412.52736 16.893 0.011 6.19 610.0
2455412.56575 16.905 0.011 5.51 651.0
2455412.60580 16.890 0.011 6.04 592.0
2455412.64399 16.895 0.012 6.23 599.0
2455412.68721 16.908 0.012 6.19 582.0
2455412.76141 16.933 0.014 7.27 635.0
2455413.50701 16.896 0.009 4.75 606.0
2455413.59098 16.877 0.009 4.81 503.0
2455413.69884 16.896 0.009 4.65 457.0
2455413.75923 16.914 0.012 6.79 530.0
2455414.48742 16.907 0.009 4.50 509.0
2455414.52521 16.894 0.009 4.28 463.0
2455414.63496 16.882 0.008 4.11 452.0
2455414.74578 16.937 0.009 5.05 534.0
2455416.60407 16.905 0.012 6.18 531.0
2455416.65000 16.892 0.011 5.94 514.0
2455416.71281 16.904 0.011 6.06 538.0
2455418.56861 16.891 0.008 4.16 457.0
2455418.61284 16.917 0.009 4.97 461.0
2455418.66787 16.881 0.009 5.42 469.0
2455418.71449 16.908 0.009 4.97 498.0
2455421.52139 16.903 0.010 5.55 538.0
2455421.58075 16.890 0.010 5.41 521.0
2455421.62681 16.888 0.011 6.42 499.0
2455421.66963 16.906 0.011 6.27 479.0
2455421.71537 16.915 0.010 5.81 473.0
2455422.50454 16.878 0.010 4.91 566.0
2455422.54864 16.889 0.009 4.76 543.0
2455422.67251 16.903 0.009 5.00 460.0
2455423.48631 16.909 0.009 4.64 516.0
2455423.52820 16.890 0.008 4.24 475.0
2455423.63296 16.883 0.009 4.81 517.0
2455425.49523 16.908 0.011 5.94 617.0
2455425.53638 16.896 0.009 4.63 554.0
2455426.50368 16.860 0.013 4.80 1620.0
2455426.54272 16.892 0.012 4.93 1155.0
2455426.69396 16.856 0.017 4.71 2608.0
2455430.48960 16.885 0.012 5.08 904.0
2455430.52946 16.895 0.011 4.14 893.0
2455430.57427 16.917 0.012 5.29 825.0
2455430.61347 16.914 0.011 4.86 819.0
2455430.65147 16.881 0.011 4.64 879.0
2455431.49065 16.907 0.012 5.46 871.0
2455431.53010 16.914 0.011 5.25 773.0
2455431.56942 16.875 0.011 5.18 904.0
2455431.61093 16.894 0.011 5.18 764.0
2455431.64853 16.888 0.012 5.74 825.0
2455431.68946 16.876 0.016 6.99 1126.0
2455432.62648 16.900 0.013 5.84 817.0
2455432.66937 16.898 0.014 6.19 923.0
2455433.65100 16.902 0.014 5.86 1076.0
2455433.68941 16.857 0.015 5.68 1479.0
2455434.52129 16.886 0.011 4.87 647.0
2455434.56562 16.890 0.011 4.94 649.0
2455434.60859 16.899 0.011 4.66 703.0
2455434.65107 16.909 0.011 4.26 742.0
2455434.69343 16.892 0.011 4.83 804.0
2455435.49282 16.887 0.012 6.11 616.0
2455435.53576 16.896 0.011 4.74 642.0
2455435.60245 16.896 0.010 4.11 635.0
2455435.65601 16.908 0.010 4.59 646.0
2455435.69666 16.900 0.010 4.25 696.0
2455436.49054 16.885 0.011 5.53 572.0
2455436.59006 16.883 0.011 5.00 632.0
2455436.59848 16.889 0.011 5.16 626.0
2455436.70370 16.893 0.011 5.83 697.0
2455437.54497 16.900 0.009 5.21 525.0
2455437.67603 16.896 0.010 5.14 628.0
2455438.52587 16.933 0.012 6.36 616.0
2455438.59119 16.913 0.011 5.30 569.0
2455438.66561 16.887 0.010 4.40 608.0
2455438.70323 16.889 0.009 3.96 633.0
2455439.54316 16.898 0.012 5.89 595.0
2455439.58146 16.906 0.013 7.00 601.0
2455439.61925 16.908 0.012 6.03 575.0
2455439.65721 16.902 0.011 5.16 565.0
2455443.51172 16.890 0.012 6.69 577.0
2455443.55782 16.897 0.011 6.56 575.0
2455443.59568 16.908 0.011 5.76 592.0
2455443.63341 16.918 0.010 5.48 571.0
2455443.67709 16.894 0.010 5.54 584.0
2455444.51917 16.887 0.012 6.80 557.0
2455444.56780 16.893 0.011 6.21 523.0
2455444.61949 16.908 0.012 6.18 585.0
2455444.65750 16.894 0.010 4.84 608.0
2455445.49805 16.895 0.009 4.11 581.0
2455445.62732 16.916 0.009 4.62 504.0
2455445.66662 16.891 0.009 4.54 563.0
2455446.50106 16.903 0.011 5.56 574.0
2455446.54652 16.903 0.010 4.84 568.0
2455446.58762 16.916 0.010 4.47 565.0
2455446.62562 16.909 0.009 4.37 515.0
2455447.47314 16.880 0.014 4.72 1835.0
2455447.51765 16.890 0.009 4.17 534.0
2455447.55680 16.902 0.011 6.43 553.0
2455447.62211 16.898 0.011 6.29 522.0
2455448.48872 16.899 0.010 5.45 557.0
2455448.53283 16.904 0.010 5.29 564.0
2455448.61601 16.903 0.010 4.30 569.0
2455449.48968 16.904 0.013 6.79 614.0
2455449.53039 16.897 0.011 5.83 565.0
2455449.58187 16.918 0.010 4.60 580.0
2455450.49233 16.898 0.010 5.58 577.0
2455450.53007 16.879 0.011 6.35 576.0
2455450.56812 16.902 0.012 6.37 599.0
2455450.61642 16.876 0.011 5.80 612.0
2455450.65715 16.893 0.012 6.65 624.0
2455451.51906 16.949 0.017 6.81 1230.0
2455451.64803 16.884 0.012 5.85 621.0
2455453.49199 16.895 0.013 7.00 799.0
2455453.58060 16.893 0.010 4.35 672.0
2455457.49906 16.894 0.008 3.33 729.0
2455457.55693 16.881 0.009 4.01 674.0
2455457.61218 16.910 0.010 4.54 742.0
2455458.48946 16.920 0.012 5.28 816.0
2455458.54559 16.884 0.013 6.54 782.0
2455458.59687 16.864 0.015 7.08 837.0
2455459.50704 16.897 0.011 5.44 719.0
2455459.56267 16.888 0.010 4.38 730.0
2455459.60370 16.899 0.010 4.37 795.0
2455460.49508 16.902 0.013 6.38 740.0
2455460.54929 16.906 0.015 5.66 1242.0
2455460.59034 16.899 0.019 5.78 2425.0
2455461.51029 16.910 0.016 6.11 1469.0
2455461.55144 16.883 0.018 5.56 2558.0
2455461.59380 16.876 0.012 5.69 790.0
2455462.49623 16.889 0.011 5.16 714.0
2455462.56313 16.897 0.011 4.55 774.0
2455463.51581 16.906 0.010 4.91 728.0
2455463.59016 16.891 0.011 5.08 806.0
2455464.50795 16.892 0.012 5.94 671.0
2455464.54996 16.903 0.012 5.73 694.0
2455465.52135 16.879 0.013 7.07 631.0
2455467.50115 16.868 0.010 5.38 634.0
2455468.57470 16.903 0.013 6.77 633.0
2455470.52554 16.897 0.011 5.08 626.0
2455471.53292 16.886 0.010 5.39 569.0
2455471.59767 16.901 0.010 5.49 593.0
2455472.56435 16.899 0.011 5.68 647.0
2455476.50393 16.902 0.011 5.52 641.0
2455478.49214 16.903 0.012 5.79 676.0
2455480.50693 16.889 0.012 6.18 665.0
2455480.57062 16.904 0.013 6.24 740.0
2455485.52341 16.891 0.012 5.34 806.0
2455486.50983 16.853 0.013 5.48 853.0
2455487.48958 16.915 0.011 3.86 1139.0
2455487.55321 16.875 0.011 5.55 848.0
2455488.54317 16.923 0.012 4.87 929.0
2455489.53131 16.885 0.013 6.34 879.0
2455490.52972 16.910 0.016 6.65 963.0
2455492.53135 16.886 0.015 5.96 1127.0
2455494.53658 16.908 0.014 5.85 1083.0
2455495.54050 16.902 0.012 6.04 758.0
2455497.53802 16.890 0.011 5.17 850.0
2455502.50646 16.904 0.012 5.12 899.0
2455596.87657 16.897 0.012 5.50 938.0
2455598.86508 16.926 0.010 5.74 633.0
2455599.87857 16.944 0.011 5.98 662.0
2455600.87140 16.886 0.010 4.85 670.0
2455602.86731 16.884 0.013 7.31 669.0
2455604.87550 16.873 0.011 6.19 667.0
2455605.87361 16.893 0.009 4.55 594.0
2455606.87132 16.895 0.010 5.77 606.0
2455607.87565 16.894 0.009 5.00 626.0
2455608.87053 16.889 0.012 7.05 585.0
2455611.85494 16.872 0.014 6.61 904.0
2455612.87017 16.903 0.011 5.82 780.0
2455614.85561 16.902 0.011 5.95 770.0
2455615.86391 16.882 0.010 4.91 688.0
2455616.85697 16.914 0.012 6.68 729.0
2455617.89518 16.932 0.023 6.79 2491.0
2455620.84501 16.884 0.010 5.78 645.0
2455621.84783 16.901 0.009 4.79 536.0
2455622.88555 16.905 0.008 4.09 456.0
2455624.84052 16.956 0.010 5.08 534.0
2455625.81966 16.893 0.010 5.70 583.0
2455626.81605 16.906 0.014 7.55 925.0
2455627.84391 16.897 0.009 5.27 527.0
2455628.85463 16.916 0.009 4.88 523.0
2455629.82282 16.884 0.010 5.71 527.0
2455630.80026 16.876 0.010 6.07 567.0
2455631.82773 16.902 0.012 6.98 741.0
2455632.83529 16.909 0.010 5.36 579.0
2455633.79253 16.916 0.009 4.92 580.0
2455634.84740 16.883 0.011 6.14 550.0
2455635.85617 16.861 0.011 6.25 729.0
2455637.81605 16.900 0.013 6.50 850.0
2455638.79470 16.904 0.012 5.86 786.0
2455639.79386 16.882 0.010 4.84 813.0
2455639.86943 16.912 0.009 4.29 657.0
2455640.75869 16.933 0.014 6.12 1031.0
2455640.80157 16.930 0.012 4.97 855.0
2455640.83998 16.885 0.011 5.36 767.0
2455640.88854 16.888 0.010 4.77 710.0
2455641.75489 16.872 0.011 5.53 944.0
2455641.79545 16.867 0.010 4.74 788.0
2455641.87501 16.898 0.010 5.10 684.0
2455642.76123 16.925 0.012 5.58 954.0
2455642.79676 16.888 0.010 4.38 827.0
2455642.85576 16.911 0.010 4.63 723.0
2455642.87705 16.911 0.011 5.22 720.0
2455643.77955 16.897 0.010 4.81 854.0
2455643.81756 16.898 0.010 4.77 793.0
2455643.87784 16.897 0.009 4.19 716.0
2455644.74972 16.883 0.015 5.03 2038.0
2455644.78704 16.892 0.010 4.30 855.0
2455644.85423 16.900 0.010 4.70 842.0
2455644.90285 16.913 0.012 5.51 1161.0
2455647.85561 16.892 0.012 4.05 1734.0
2455647.87583 16.931 0.014 4.68 1764.0
2455647.89178 16.872 0.014 5.04 1796.0
2455648.74051 16.897 0.012 6.90 580.0
2455648.77001 16.898 0.009 5.20 563.0
2455648.83531 16.891 0.008 3.98 528.0
2455648.87791 16.880 0.009 4.79 519.0
2455649.74179 16.921 0.013 7.82 528.0
2455649.77537 16.888 0.009 5.29 482.0
2455649.84121 16.923 0.009 4.86 459.0
2455649.88181 16.907 0.009 4.94 471.0
2455650.73421 16.919 0.011 6.25 535.0
2455650.76745 16.894 0.009 5.31 474.0
2455650.82979 16.887 0.008 4.58 475.0
2455650.87414 16.913 0.009 5.95 494.0
2455651.74940 16.886 0.009 5.62 534.0
2455651.78970 16.888 0.009 4.83 501.0
2455651.86169 16.902 0.009 5.23 530.0
2455651.90826 16.896 0.009 4.70 522.0
2455652.78996 16.909 0.009 4.61 472.0
2455652.83229 16.907 0.008 3.90 450.0
2455652.87580 16.892 0.009 4.76 487.0
2455653.78839 16.896 0.009 4.99 495.0
2455653.91880 16.901 0.009 3.57 777.0
2455654.79375 16.905 0.010 5.76 529.0
2455654.83983 16.913 0.009 5.12 497.0
2455654.88397 16.907 0.009 5.22 486.0
2455655.75086 16.896 0.009 4.66 598.0
2455655.78917 16.908 0.010 5.35 557.0
2455655.82720 16.878 0.010 5.17 538.0
2455655.87368 16.899 0.008 4.64 470.0
2455656.76486 16.882 0.009 4.71 575.0
2455656.81062 16.888 0.009 4.65 551.0
2455656.85059 16.884 0.008 3.85 497.0
2455657.76034 16.879 0.008 4.04 520.0
2455657.79928 16.883 0.008 3.97 516.0
2455657.84001 16.890 0.008 3.83 515.0
2455657.88618 16.896 0.008 4.70 484.0
2455658.74979 16.882 0.014 8.26 785.0
2455658.79538 16.907 0.010 5.88 505.0
2455658.85214 16.896 0.009 4.77 481.0
2455658.89265 16.906 0.010 5.47 480.0
2455659.70882 16.917 0.011 6.37 580.0
2455659.74684 16.905 0.009 5.21 505.0
2455659.78502 16.909 0.009 5.02 516.0
2455659.82503 16.901 0.010 5.52 503.0
2455659.86937 16.908 0.009 5.19 681.0
2455659.91538 16.881 0.009 4.70 517.0
2455660.74275 16.930 0.011 6.66 523.0
2455660.78728 16.918 0.010 5.71 490.0
2455660.82898 16.901 0.009 4.81 490.0
2455660.90061 16.905 0.010 5.46 483.0
2455662.73785 16.904 0.011 5.92 580.0
2455662.77826 16.876 0.010 6.07 562.0
2455662.83934 16.912 0.010 5.61 602.0
2455662.87803 16.872 0.009 4.87 574.0
2455662.91940 16.898 0.009 4.63 627.0
2455664.73948 16.879 0.013 7.15 742.0
2455664.78462 16.894 0.012 6.81 553.0
2455664.84480 16.871 0.010 5.83 571.0
2455664.88527 16.877 0.010 6.22 671.0
2455664.92767 16.920 0.013 4.75 1437.0
2455665.75170 16.920 0.010 5.45 570.0
2455665.79741 16.870 0.009 4.86 488.0
2455665.86161 16.893 0.009 5.17 487.0
2455667.75851 16.897 0.009 4.85 642.0
2455667.81044 16.892 0.009 4.63 586.0
2455667.85265 16.894 0.009 4.79 557.0
2455667.90612 16.892 0.008 4.31 482.0
2455668.73548 16.862 0.011 5.41 805.0
2455668.81251 16.883 0.010 4.59 805.0
2455668.87097 16.902 0.012 5.35 891.0
2455668.91177 16.898 0.012 4.45 1184.0
2455669.75284 16.878 0.010 4.75 864.0
2455669.79987 16.895 0.009 4.18 796.0
2455669.85016 16.880 0.009 4.16 771.0
2455669.90158 16.896 0.010 4.14 829.0
2455670.73553 16.874 0.011 5.27 949.0
2455670.77450 16.895 0.010 4.65 888.0
2455670.83824 16.908 0.013 5.73 894.0
2455670.88067 16.880 0.010 4.26 903.0
2455670.92065 16.883 0.010 4.55 897.0
2455671.75761 16.883 0.010 4.41 855.0
2455675.71981 16.914 0.010 4.12 731.0
2455675.75824 16.902 0.010 5.10 731.0
2455675.79673 16.895 0.010 4.87 680.0
2455675.85446 16.919 0.010 4.42 679.0
2455675.90987 16.926 0.011 5.27 670.0
2455676.68452 16.919 0.006 5.21 220.0
2455676.72351 16.894 0.007 4.52 313.0
2455676.76293 16.891 0.007 4.66 344.0
2455676.80232 16.891 0.008 4.28 521.0
2455676.86251 16.868 0.008 3.65 524.0
2455676.91259 16.901 0.008 4.19 546.0
2455677.71742 16.911 0.009 5.19 552.0
2455677.75952 16.895 0.009 4.66 564.0
2455677.80183 16.912 0.010 5.74 563.0
2455677.86267 16.892 0.009 4.11 542.0
2455677.90466 16.900 0.008 3.93 532.0
2455679.68205 16.890 0.011 6.28 605.0
2455679.72364 16.904 0.009 4.23 543.0
2455679.77423 16.888 0.009 4.86 546.0
2455679.81676 16.908 0.010 5.39 573.0
2455679.86859 16.909 0.009 4.02 558.0
2455679.90706 16.908 0.009 4.40 570.0
2455680.66965 16.928 0.013 6.94 592.0
2455680.70821 16.908 0.012 6.35 554.0
2455680.74752 16.901 0.009 4.78 536.0
2455680.79739 16.918 0.010 5.37 525.0
2455680.85178 16.893 0.009 4.72 533.0
2455680.89384 16.895 0.009 4.28 519.0
2455681.66053 16.892 0.014 7.50 676.0
2455681.69881 16.901 0.010 5.41 578.0
2455681.73761 16.903 0.009 4.35 540.0
2455681.78888 16.905 0.010 5.63 528.0
2455681.84193 16.894 0.009 4.41 597.0
2455681.88465 16.890 0.009 4.25 622.0
2455681.92453 16.914 0.009 4.62 639.0
2455682.68734 16.899 0.011 5.60 710.0
2455682.72872 16.903 0.010 5.25 600.0
2455682.77734 16.898 0.009 4.53 572.0
2455682.82943 16.885 0.009 4.40 592.0
2455682.85572 16.883 0.009 4.18 615.0
2455682.86593 16.902 0.009 4.68 620.0
2455682.90831 16.907 0.012 6.07 651.0
2455683.65825 16.904 0.010 5.26 641.0
2455683.70972 16.896 0.009 5.06 573.0
2455683.78899 16.888 0.009 4.79 568.0
2455683.82906 16.899 0.008 3.95 563.0
2455683.88951 16.887 0.009 3.81 638.0
2455683.93094 16.885 0.010 4.48 872.0
2455684.69201 16.883 0.009 4.94 567.0
2455684.74227 16.888 0.008 4.10 534.0
2455684.79229 16.901 0.009 5.08 546.0
2455684.86284 16.885 0.009 4.53 560.0
2455684.90337 16.897 0.009 4.63 560.0
2455685.65488 16.938 0.011 6.31 600.0
2455685.77866 16.886 0.008 3.98 500.0
2455685.81789 16.902 0.008 3.80 493.0
2455685.87270 16.897 0.008 3.76 521.0
2455685.91490 16.874 0.008 4.46 544.0
2455686.66825 16.911 0.010 5.74 612.0
2455686.72824 16.886 0.009 4.90 555.0
2455686.78439 16.902 0.008 4.13 553.0
2455686.83282 16.901 0.009 4.94 581.0
2455686.87448 16.888 0.009 4.61 580.0
2455686.91389 16.925 0.010 5.35 596.0
2455687.66868 16.877 0.012 6.63 771.0
2455687.71349 16.901 0.010 5.56 694.0
2455687.76401 16.887 0.009 4.76 540.0
2455687.81590 16.895 0.008 4.83 510.0
2455688.81578 16.906 0.009 4.81 516.0
2455688.88148 16.912 0.010 5.13 546.0
2455688.93831 16.905 0.015 5.38 1840.0
2455689.70065 16.928 0.007 4.59 494.0
2455689.77546 16.895 0.008 4.59 489.0
2455689.81543 16.889 0.008 4.79 451.0
2455690.65294 16.877 0.010 6.02 562.0
2455690.70309 16.904 0.010 5.80 500.0
2455690.76454 16.898 0.010 5.92 529.0
2455690.80488 16.904 0.010 5.38 536.0
2455690.86352 16.862 0.011 6.82 717.0
2455690.92966 16.916 0.012 7.10 838.0
2455691.66192 16.880 0.010 6.11 583.0
2455691.73286 16.891 0.009 4.91 521.0
2455691.77590 16.903 0.010 5.70 551.0
2455691.82539 16.912 0.009 4.60 568.0
2455691.86539 16.930 0.009 5.23 578.0
2455691.93344 16.918 0.014 7.53 848.0
2455692.66481 16.898 0.010 5.42 644.0
2455692.72027 16.897 0.009 4.85 586.0
2455692.76749 16.914 0.009 4.81 593.0
2455692.80728 16.889 0.009 4.93 646.0
2455692.84618 16.893 0.009 4.22 634.0
2455692.88462 16.891 0.010 4.61 737.0
2455692.92222 16.905 0.010 5.28 774.0
2455693.63525 16.874 0.010 5.83 728.0
2455693.68382 16.897 0.009 4.62 621.0
2455693.75326 16.900 0.008 4.30 559.0
2455693.79104 16.898 0.008 3.89 552.0
2455693.83030 16.895 0.008 4.00 629.0
2455693.86788 16.884 0.009 4.25 724.0
2455693.90581 16.916 0.010 4.83 783.0
2455694.61375 16.898 0.011 5.52 883.0
2455694.64733 16.898 0.010 5.39 787.0
2455694.68524 16.895 0.010 5.14 689.0
2455694.75150 16.891 0.010 5.01 668.0
2455694.79972 16.892 0.009 4.94 622.0
2455694.83851 16.878 0.009 4.47 586.0
2455694.87584 16.887 0.010 5.32 653.0
2455694.91353 16.898 0.010 5.18 670.0
2455695.61759 16.912 0.012 6.03 747.0
2455695.65901 16.902 0.011 5.81 687.0
2455695.73997 16.913 0.012 5.28 1139.0
2455695.79569 16.881 0.008 4.33 583.0
2455695.83996 16.883 0.009 4.52 571.0
2455695.87794 16.901 0.009 4.62 536.0
2455695.91549 16.884 0.009 5.01 529.0
2455696.60916 16.884 0.013 5.61 1021.0
2455696.64546 16.896 0.011 5.11 839.0
2455696.69503 16.892 0.010 4.86 716.0
2455696.74260 16.889 0.009 4.82 651.0
2455696.78210 16.909 0.011 6.38 644.0
2455696.82603 16.915 0.010 4.50 730.0
2455696.86745 16.883 0.010 4.62 733.0
2455696.92597 16.916 0.010 5.40 641.0
2455697.61547 16.883 0.012 5.73 1044.0
2455697.66286 16.915 0.009 4.02 822.0
2455697.71041 16.894 0.010 4.67 782.0
2455697.74909 16.905 0.010 4.94 789.0
2455697.79128 16.880 0.009 4.78 776.0
2455697.83034 16.899 0.009 3.47 800.0
2455697.87064 16.891 0.009 4.19 812.0
2455697.91263 16.912 0.010 5.16 788.0
2455698.60803 16.969 0.017 5.88 1645.0
2455698.64540 16.908 0.014 5.82 1338.0
2455698.69607 16.891 0.013 5.64 1144.0
2455698.73607 16.891 0.013 5.70 1098.0
2455698.77422 16.919 0.013 7.09 1070.0
2455698.81655 16.932 0.011 4.53 1099.0
2455698.85485 16.901 0.010 4.19 1108.0
2455698.89478 16.910 0.013 5.96 1243.0
2455698.93920 16.873 0.017 6.02 2076.0
2455702.91777 16.860 0.019 6.48 2348.0
2455703.72939 16.899 0.014 8.04 779.0
2455703.77863 16.891 0.015 7.85 881.0
2455703.84640 16.854 0.013 7.24 822.0
2455705.72313 16.886 0.011 6.19 577.0
2455705.76551 16.882 0.011 6.34 599.0
2455705.81878 16.894 0.010 5.16 570.0
2455705.87020 16.888 0.012 6.38 734.0
2455705.91571 16.897 0.013 7.31 771.0
2455706.65659 16.893 0.012 7.20 661.0
2455706.75310 16.879 0.012 7.11 657.0
2455706.80511 16.888 0.012 7.10 682.0
2455706.87073 16.878 0.011 6.40 785.0
2455707.60143 16.892 0.011 6.23 611.0
2455707.64874 16.895 0.010 5.55 554.0
2455707.69597 16.873 0.009 5.10 573.0
2455707.73411 16.885 0.010 5.51 599.0
2455707.77422 16.886 0.009 4.37 614.0
2455707.81413 16.903 0.009 4.34 572.0
2455707.85325 16.911 0.010 4.99 694.0
2455707.89529 16.893 0.011 5.83 710.0
2455707.94505 16.965 0.023 7.66 2465.0
2455708.60924 16.884 0.011 6.37 587.0
2455708.66524 16.905 0.010 5.74 526.0
2455708.71565 16.904 0.010 5.96 528.0
2455708.75377 16.915 0.011 6.44 537.0
2455708.80482 16.877 0.011 6.27 671.0
2455708.84849 16.898 0.012 6.66 783.0
2455708.89971 16.942 0.014 7.58 980.0
2455709.58442 16.941 0.010 6.08 551.0
2455709.63739 16.889 0.010 6.04 519.0
2455709.79296 16.947 0.009 5.42 555.0
2455711.69639 16.937 0.007 6.01 304.0
2455712.61052 16.905 0.010 5.30 700.0
2455712.69420 16.892 0.009 4.69 572.0
2455712.73392 16.892 0.009 4.77 588.0
2455712.77658 16.893 0.009 4.31 574.0
2455712.81634 16.900 0.009 5.18 565.0
2455712.85913 16.854 0.010 6.08 622.0
2455713.74082 16.897 0.009 5.11 534.0
2455713.83071 16.899 0.009 5.42 531.0
2455713.87118 16.913 0.011 6.83 573.0
2455714.62679 16.893 0.010 5.98 603.0
2455714.64069 16.917 0.009 5.85 479.0
2455714.85540 16.937 0.011 6.24 575.0
2455715.58267 16.907 0.010 5.92 569.0
2455715.59036 16.912 0.010 5.53 555.0
2455715.63107 16.901 0.009 4.82 525.0
2455715.68385 16.891 0.008 4.74 506.0
2455715.73038 16.887 0.008 4.59 481.0
2455715.77628 16.878 0.008 4.39 491.0
2455715.82015 16.899 0.009 5.55 521.0
2455715.85993 16.903 0.009 5.48 532.0
2455715.91614 16.914 0.011 6.43 706.0
2455716.65092 16.902 0.010 6.25 519.0
2455716.71531 16.874 0.009 5.69 478.0
2455716.75543 16.904 0.010 5.70 495.0
2455716.79931 16.898 0.009 5.18 473.0
2455716.83815 16.898 0.009 5.38 509.0
2455716.87863 16.889 0.010 5.74 562.0
2455721.55961 16.933 0.011 5.57 785.0
2455721.57356 16.895 0.009 4.66 772.0
2455721.64904 16.913 0.010 5.44 735.0
2455721.72512 16.885 0.009 5.44 567.0
2455721.74014 16.916 0.010 5.86 562.0
2455721.79087 16.928 0.009 5.11 560.0
2455721.82996 16.904 0.010 5.30 615.0
2455721.88192 16.880 0.013 6.99 723.0
2455722.55470 16.898 0.010 4.70 754.0
2455722.57035 16.919 0.009 4.59 728.0
2455722.62977 16.912 0.009 4.45 611.0
2455722.68424 16.908 0.009 4.78 560.0
2455722.72571 16.891 0.009 4.83 575.0
2455722.74044 16.902 0.009 4.08 594.0
2455722.78961 16.879 0.009 4.15 627.0
2455722.83113 16.918 0.009 4.93 647.0
2455723.57134 16.902 0.011 5.23 710.0
2455723.61952 16.924 0.010 5.10 590.0
2455723.66709 16.880 0.009 5.01 569.0
2455723.70847 16.880 0.009 5.16 552.0
2455723.74913 16.909 0.009 4.47 580.0
2455723.78758 16.898 0.008 3.96 537.0
2455723.82663 16.897 0.009 4.79 552.0
2455723.86612 16.895 0.011 6.38 612.0
2455724.57052 16.892 0.013 6.06 879.0
2455724.64753 16.899 0.011 5.57 701.0
2455724.69966 16.902 0.011 5.51 625.0
2455724.74959 16.879 0.010 5.30 630.0
2455724.80004 16.906 0.011 5.59 661.0
2455725.54062 16.866 0.011 5.28 862.0
2455725.61674 16.910 0.009 4.36 680.0
2455725.68191 16.914 0.009 4.26 701.0
2455725.72399 16.889 0.009 3.77 762.0
2455725.76317 16.888 0.009 4.00 737.0
2455725.80263 16.922 0.010 4.15 772.0
2455726.56460 16.910 0.013 5.52 1088.0
2455726.61164 16.903 0.012 5.37 944.0
2455726.64951 16.900 0.012 5.50 908.0
2455726.69731 16.907 0.010 4.24 842.0
2455726.73858 16.893 0.011 4.76 972.0
2455726.78410 16.926 0.012 5.18 981.0
2455726.82810 16.865 0.012 5.43 1029.0
2455734.66173 16.886 0.013 7.67 750.0
2455734.70455 16.903 0.013 7.60 708.0
2455734.75260 16.927 0.014 7.68 658.0
2455734.79563 16.894 0.010 5.36 593.0
2455734.84434 16.866 0.013 6.98 670.0
2455734.88898 16.898 0.015 7.72 777.0
2455735.67945 16.903 0.012 7.27 521.0
2455735.74421 16.919 0.010 5.05 566.0
2455735.79103 16.899 0.010 5.75 553.0
2455735.83743 16.902 0.011 5.52 638.0
2455735.88207 16.862 0.013 6.74 738.0
2455736.54017 16.861 0.010 5.68 664.0
2455736.57815 16.911 0.010 5.03 594.0
2455736.62031 16.890 0.008 3.88 487.0
2455736.66393 16.884 0.008 3.96 465.0
2455736.70735 16.895 0.008 3.80 461.0
2455736.78717 16.903 0.008 4.07 523.0
2455736.83425 16.894 0.009 4.36 607.0
2455736.88239 16.896 0.012 6.19 744.0
2455737.52339 16.866 0.010 5.79 669.0
2455737.56147 16.906 0.009 4.72 598.0
2455737.61475 16.910 0.008 4.25 519.0
2455737.65732 16.885 0.008 4.16 464.0
2455737.71144 16.885 0.008 4.14 461.0
2455737.75228 16.893 0.008 4.11 475.0
2455737.79143 16.895 0.008 4.54 494.0
2455737.83854 16.913 0.009 4.42 551.0
2455737.87938 16.897 0.009 4.90 639.0
2455738.59086 16.893 0.009 5.35 510.0
2455738.63166 16.899 0.009 4.90 493.0
2455738.69896 16.870 0.008 4.23 505.0
2455738.73847 16.911 0.008 4.68 514.0
2455739.50442 16.851 0.012 6.16 737.0
2455739.52964 16.891 0.010 5.38 616.0
2455739.56789 16.913 0.011 5.76 573.0
2455739.60849 16.887 0.009 5.39 505.0
2455739.65722 16.887 0.008 4.53 465.0
2455739.71512 16.898 0.009 5.31 488.0
2455739.75349 16.893 0.008 4.18 504.0
2455739.79225 16.914 0.010 5.29 557.0
2455739.84708 16.891 0.010 5.05 582.0
2455740.50308 16.913 0.014 7.20 693.0
2455740.54756 16.860 0.012 6.19 643.0
2455740.58863 16.865 0.012 6.45 592.0
2455740.64846 16.893 0.011 6.96 525.0
2455740.71211 16.919 0.010 5.59 527.0
2455740.75162 16.905 0.009 4.48 529.0
2455740.79648 16.901 0.010 5.27 567.0
2455740.83555 16.917 0.012 6.49 620.0
2455740.88296 16.876 0.011 6.46 716.0
2455741.52240 16.874 0.011 5.96 656.0
2455741.56163 16.900 0.010 5.66 560.0
2455741.60580 16.917 0.009 4.95 497.0
2455741.64366 16.895 0.011 6.38 487.0
2455741.70472 16.888 0.009 5.03 493.0
2455741.74381 16.879 0.008 4.06 482.0
2455741.78474 16.894 0.009 4.19 520.0
2455741.82301 16.906 0.009 4.70 546.0
2455741.86099 16.886 0.009 4.37 561.0
2455742.49391 16.892 0.013 6.04 848.0
2455742.53658 16.915 0.011 5.66 669.0
2455742.57893 16.906 0.010 4.69 605.0
2455742.61690 16.884 0.009 5.05 514.0
2455742.67869 16.875 0.008 4.29 471.0
2455742.71752 16.879 0.008 4.34 465.0
2455742.75609 16.906 0.008 3.88 511.0
2455742.79433 16.911 0.008 4.01 522.0
2455742.83235 16.873 0.008 3.98 540.0
2455742.87261 16.905 0.009 4.53 612.0
2455743.62850 16.947 0.012 6.19 552.0
2455743.66827 16.910 0.010 4.94 541.0
2455743.72929 16.912 0.010 5.50 574.0
2455743.76745 16.885 0.011 5.86 595.0
2455743.80552 16.914 0.011 5.31 611.0
2455743.84312 16.926 0.012 6.01 707.0
2455743.88106 16.885 0.013 6.57 760.0
2455744.52517 16.892 0.013 6.83 712.0
2455744.56354 16.884 0.012 6.55 606.0
2455744.60171 16.888 0.011 6.18 640.0
2455744.66076 16.914 0.009 4.96 531.0
2455744.72851 16.899 0.009 5.21 501.0
2455744.78006 16.895 0.009 5.22 495.0
2455744.82026 16.918 0.011 5.72 561.0
2455744.86542 16.915 0.013 6.45 702.0
2455745.51389 16.886 0.011 6.24 605.0
2455745.56009 16.912 0.012 6.61 561.0
2455745.60083 16.907 0.012 6.72 564.0
2455745.63997 16.900 0.011 6.26 557.0
2455745.70053 16.872 0.009 4.74 527.0
2455745.73857 16.898 0.009 5.20 506.0
2455745.77674 16.936 0.011 6.16 527.0
2455745.81465 16.910 0.012 6.47 567.0
2455745.86770 16.856 0.013 7.45 637.0
2455746.58313 16.902 0.009 5.28 537.0
2455746.62080 16.924 0.011 6.25 525.0
2455746.67627 16.912 0.011 6.12 508.0
2455746.72731 16.909 0.010 6.11 506.0
2455746.76503 16.898 0.011 5.85 537.0
2455746.80733 16.892 0.011 6.63 553.0
2455746.85312 16.844 0.012 7.40 591.0
2455747.61571 16.897 0.014 7.88 596.0
2455747.66056 16.918 0.011 6.11 516.0
2455747.70582 16.914 0.013 7.28 538.0
2455747.74956 16.910 0.013 7.50 548.0
2455747.81590 16.850 0.014 8.09 602.0
2455748.63187 16.915 0.010 5.14 595.0
2455748.68923 16.863 0.010 6.27 532.0
2455749.52704 16.891 0.014 7.80 639.0
2455749.56502 16.886 0.010 6.28 545.0
2455749.60440 16.891 0.010 5.66 548.0
2455749.65371 16.869 0.011 6.34 543.0
2455749.69336 16.905 0.011 6.62 507.0
2455749.73164 16.916 0.010 6.05 504.0
2455749.77003 16.877 0.011 6.97 533.0
2455749.80930 16.954 0.015 8.17 562.0
2455752.57143 16.917 0.014 7.17 807.0
2455752.61533 16.911 0.011 5.85 697.0
2455752.66635 16.924 0.012 5.82 812.0
2455752.72254 16.888 0.009 5.42 511.0
2455752.76196 16.938 0.010 4.86 849.0
2455753.51154 16.884 0.021 7.04 2738.0
2455753.55489 16.875 0.016 6.58 1718.0
2455753.60546 16.923 0.014 5.66 1639.0
2455753.69839 16.854 0.011 4.79 1420.0
2455753.76976 16.901 0.012 6.04 900.0
2455754.59852 16.881 0.020 7.24 1856.0
2455759.83240 16.906 0.014 5.91 1070.0
2455760.49229 16.898 0.016 7.79 804.0
2455760.53391 16.914 0.012 6.36 691.0
2455760.58650 16.891 0.010 5.15 688.0
2455760.64273 16.880 0.011 5.80 657.0
2455760.68764 16.895 0.010 5.11 676.0
2455760.73738 16.877 0.011 5.56 724.0
2455760.77565 16.912 0.011 5.55 747.0
2455760.81331 16.897 0.012 5.85 813.0
2455761.50674 16.836 0.006 4.50 429.0
2455761.54997 16.846 0.005 4.16 415.0
2455761.61581 16.836 0.007 3.64 931.0
2455762.51332 16.900 0.010 5.49 568.0
2455762.55160 16.897 0.010 4.64 569.0
2455762.59325 16.886 0.009 4.71 570.0
2455762.63160 16.906 0.011 6.24 570.0
2455762.67136 16.919 0.010 5.49 568.0
2455762.70759 16.914 0.011 5.78 574.0
2455762.76894 16.876 0.014 7.30 718.0
2455763.50361 16.929 0.010 5.43 624.0
2455763.54763 16.889 0.008 3.85 544.0
2455763.58928 16.894 0.008 4.46 528.0
2455763.64617 16.889 0.009 5.18 547.0
2455763.68804 16.911 0.010 5.45 579.0
2455763.73560 16.917 0.011 5.70 663.0
2455763.77358 16.911 0.013 6.65 736.0
2455763.81243 16.884 0.013 6.67 800.0
2455764.51146 16.905 0.009 4.91 572.0
2455764.55131 16.887 0.009 4.93 598.0
2455764.59188 16.908 0.009 4.53 564.0
2455764.64009 16.897 0.009 5.28 515.0
2455764.68911 16.890 0.009 4.61 508.0
2455764.73475 16.908 0.008 4.16 558.0
2455765.47044 16.898 0.010 4.37 871.0
2455765.51045 16.900 0.010 5.45 642.0
2455765.55335 16.906 0.009 4.83 663.0
2455765.61739 16.877 0.008 4.15 556.0
2455765.66238 16.891 0.009 4.36 605.0
2455765.70661 16.905 0.009 4.98 587.0
2455765.75251 16.928 0.011 6.11 596.0
2455766.48283 16.908 0.010 5.67 566.0
2455766.52178 16.922 0.010 5.65 526.0
2455766.58617 16.918 0.009 5.41 477.0
2455766.62603 16.890 0.009 4.49 488.0
2455766.66675 16.881 0.008 4.58 471.0
2455766.70795 16.892 0.008 4.68 473.0
2455766.75163 16.892 0.011 6.58 505.0
2455767.49999 16.853 0.011 5.86 634.0
2455767.54556 16.911 0.011 5.93 611.0
2455767.58894 16.901 0.009 5.09 564.0
2455767.65684 16.886 0.009 4.82 575.0
2455767.71277 16.909 0.011 5.86 558.0
2455767.75352 16.919 0.011 6.34 551.0
2455767.79509 16.877 0.012 7.02 582.0
2455768.49928 16.916 0.010 5.46 583.0
2455768.55054 16.896 0.009 5.09 585.0
2455768.60061 16.894 0.009 4.97 505.0
2455768.64827 16.897 0.008 4.01 493.0
2455768.69603 16.870 0.008 4.73 493.0
2455768.73856 16.898 0.009 5.37 577.0
2455768.77884 16.902 0.009 5.03 617.0
2455769.48408 16.885 0.011 5.70 622.0
2455769.52623 16.888 0.009 4.88 517.0
2455769.57904 16.895 0.010 6.06 486.0
2455769.63477 16.907 0.008 4.63 472.0
2455769.69143 16.904 0.009 4.57 487.0
2455769.73886 16.896 0.010 5.34 516.0
2455769.78399 16.887 0.011 6.30 581.0
2455770.72383 16.921 0.010 5.16 567.0
2455770.76528 16.874 0.010 5.66 530.0
2455775.60652 16.889 0.010 6.09 496.0
2455775.67187 16.891 0.011 6.33 504.0
2455776.54043 16.889 0.012 6.84 595.0
2455776.60768 16.927 0.012 6.93 540.0
2455776.64873 16.885 0.010 5.85 503.0
2455776.72338 16.898 0.012 7.07 538.0
2455777.48023 16.917 0.010 5.48 637.0
2455777.52475 16.889 0.008 4.07 553.0
2455777.57680 16.892 0.008 4.69 536.0
2455777.65719 16.893 0.008 4.48 497.0
2455777.70730 16.873 0.008 4.73 505.0
2455777.77212 16.900 0.009 5.00 592.0
2455778.50498 16.829 0.012 6.84 674.0
2455778.56142 16.911 0.012 6.02 677.0
2455778.60973 16.883 0.011 5.06 720.0
2455779.59979 16.904 0.009 5.15 520.0
2455779.64372 16.889 0.009 4.96 526.0
2455779.69823 16.903 0.010 5.41 541.0
2455779.74281 16.905 0.009 5.39 491.0
2455784.52064 16.903 0.011 4.30 1034.0
2455784.60315 16.905 0.011 4.50 1005.0
2455784.72050 16.866 0.021 6.25 3252.0
2455785.52007 16.890 0.013 6.18 876.0
2455785.58041 16.864 0.012 5.84 816.0
2455785.62696 16.860 0.013 6.05 841.0
2455785.66931 16.893 0.012 5.48 863.0
2455785.71119 16.906 0.013 5.98 902.0
2455786.49355 16.899 0.014 6.18 924.0
2455786.57058 16.891 0.013 6.13 807.0
2455786.61499 16.892 0.011 5.36 780.0
2455786.65762 16.884 0.011 5.08 789.0
2455786.71298 16.907 0.013 5.86 884.0
2455787.47813 16.891 0.011 4.88 863.0
2455787.54928 16.900 0.009 4.28 741.0
2455787.59137 16.897 0.009 4.19 709.0
2455787.63679 16.906 0.009 3.97 733.0
2455787.67574 16.904 0.010 4.47 781.0
2455787.72143 16.918 0.011 5.51 901.0
2455788.49327 16.899 0.010 5.24 636.0
2455788.55694 16.873 0.011 5.27 656.0
2455788.59652 16.906 0.010 4.45 687.0
2455788.63731 16.862 0.010 4.89 674.0
2455788.67806 16.864 0.012 5.83 751.0
2455788.72182 16.927 0.013 6.57 834.0
2455790.47489 16.853 0.013 7.24 717.0
2455790.52232 16.911 0.011 6.50 534.0
2455790.57444 16.893 0.012 6.95 597.0
2455790.61612 16.902 0.014 8.09 604.0
2455790.65682 16.877 0.010 5.62 568.0
2455790.69699 16.898 0.010 5.74 630.0
2455790.73519 16.884 0.011 5.92 703.0
2455791.51308 16.902 0.011 6.12 587.0
2455791.61511 16.883 0.009 4.97 555.0
2455793.51638 16.917 0.009 5.15 543.0
2455793.56951 16.893 0.010 6.24 522.0
2455793.61178 16.880 0.009 5.49 518.0
2455793.65035 16.899 0.010 5.72 534.0
2455793.68933 16.897 0.009 5.25 576.0
2455793.73355 16.912 0.013 7.11 644.0
2455794.50804 16.907 0.011 6.09 544.0
2455794.57531 16.896 0.010 5.61 513.0
2455794.61642 16.891 0.011 6.06 534.0
2455794.65834 16.886 0.010 5.96 544.0
2455794.70517 16.885 0.009 5.02 594.0
2455795.56860 16.887 0.012 7.01 554.0
2455795.62998 16.881 0.011 6.18 541.0
2455795.71172 16.904 0.011 5.82 561.0
2455796.47875 16.899 0.010 5.34 595.0
2455796.52949 16.900 0.009 5.02 566.0
2455796.59816 16.892 0.010 5.91 560.0
2455796.63711 16.906 0.009 5.58 512.0
2455796.67844 16.892 0.010 6.13 553.0
2455796.72043 16.856 0.016 8.73 740.0
2455799.49289 16.903 0.010 6.00 521.0
2455801.53335 16.913 0.012 6.92 534.0
2455801.57260 16.934 0.012 6.90 520.0
2455801.61073 16.908 0.011 6.63 521.0
2455801.65202 16.886 0.011 6.34 532.0
2455801.69206 16.867 0.013 7.53 580.0
2455802.56370 16.915 0.012 6.68 553.0
2455802.64346 16.854 0.012 7.21 543.0
2455803.53734 16.922 0.011 6.20 588.0
2455804.50256 16.930 0.009 4.93 528.0
2455804.55444 16.896 0.011 6.67 541.0
2455804.59494 16.909 0.010 5.78 522.0
2455804.63281 16.881 0.009 5.36 537.0
2455804.67697 16.899 0.011 6.14 625.0
2455805.49221 16.912 0.008 4.56 498.0
2455805.54548 16.877 0.009 5.07 514.0
2455805.58346 16.887 0.008 4.40 508.0
2455805.62684 16.909 0.011 6.37 574.0
2455805.68258 16.874 0.012 7.32 651.0
2455806.54080 16.866 0.011 5.61 617.0
2455806.62573 16.900 0.011 6.30 560.0
2455807.58061 16.879 0.012 6.76 549.0
2455807.62324 16.913 0.011 5.88 555.0
2455807.66100 16.901 0.013 6.86 591.0
2455809.47560 16.888 0.024 5.72 4028.0
2455809.49311 16.884 0.022 5.58 3668.0
2455809.53049 16.893 0.021 5.26 3719.0
2455809.57626 16.905 0.020 4.99 3773.0
2455812.52458 16.902 0.015 6.58 918.0
2455812.56474 16.861 0.015 6.80 921.0
2455812.60541 16.924 0.014 5.43 1061.0
2455812.64655 16.909 0.014 5.90 1057.0
2455813.50326 16.891 0.011 5.38 745.0
2455813.54939 16.899 0.010 4.30 768.0
2455813.58770 16.898 0.009 4.13 763.0
2455813.62551 16.905 0.010 4.73 811.0
2455813.66237 16.902 0.010 4.19 886.0
2455815.51910 16.891 0.009 4.29 679.0
2455815.55750 16.900 0.009 4.03 687.0
2455815.60475 16.885 0.009 3.67 780.0
2455815.64253 16.908 0.009 3.68 817.0
2455816.47934 16.895 0.010 4.14 1019.0
2455816.53768 16.885 0.011 5.01 755.0
2455816.57586 16.909 0.011 5.11 772.0
2455816.61423 16.892 0.010 4.85 799.0
2455817.48209 16.866 0.010 4.62 814.0
2455817.53893 16.887 0.009 4.50 664.0
2455817.57689 16.877 0.010 4.93 718.0
2455817.61595 16.902 0.012 6.30 716.0
2455817.65708 16.902 0.013 7.22 814.0
2455818.52040 16.900 0.011 5.48 668.0
2455818.55847 16.902 0.011 5.78 696.0
2455818.59685 16.883 0.012 5.75 750.0
2455818.63854 16.883 0.014 7.14 888.0
2455819.51997 16.903 0.009 4.66 619.0
2455819.56682 16.918 0.011 5.25 696.0
2455819.60454 16.901 0.010 4.52 770.0
2455819.64441 16.910 0.010 4.80 814.0
2455820.49770 16.923 0.013 6.71 682.0
2455820.54479 16.902 0.010 5.29 630.0
2455820.58250 16.887 0.010 4.97 658.0
2455820.62038 16.896 0.011 5.39 765.0
2455820.65666 16.905 0.013 6.40 829.0
2455822.53978 16.928 0.012 6.53 540.0
2455822.58478 16.882 0.010 5.73 522.0
2455822.62843 16.924 0.010 6.28 513.0
2455823.51650 16.925 0.015 7.88 610.0
2455823.55985 16.911 0.012 6.46 607.0
2455823.60344 16.880 0.011 5.65 629.0
2455824.48396 16.904 0.013 6.65 675.0
2455824.54042 16.901 0.009 4.55 550.0
2455824.58097 16.884 0.009 4.99 530.0
2455824.62093 16.939 0.012 6.12 596.0
2455825.50046 16.898 0.012 6.01 657.0
2455825.55845 16.904 0.010 4.70 617.0
2455825.59694 16.914 0.010 5.24 630.0
2455826.48133 16.876 0.013 6.31 812.0
2455826.52121 16.881 0.011 6.13 602.0
2455826.56869 16.863 0.011 5.69 634.0
2455826.60782 16.899 0.013 6.82 669.0
2455827.50766 16.883 0.014 6.90 737.0
2455827.54565 16.875 0.013 6.55 730.0
2455827.58815 16.894 0.012 6.03 667.0
2455827.62570 16.916 0.013 7.24 660.0
2455828.52091 16.897 0.009 4.91 536.0
2455828.55888 16.907 0.009 4.80 539.0
2455828.59644 16.910 0.011 5.50 632.0
2455829.48283 16.897 0.013 6.16 847.0
2455829.53184 16.884 0.009 4.96 606.0
2455829.56953 16.883 0.009 4.75 602.0
2455829.60778 16.892 0.009 5.68 596.0
2455830.50677 16.924 0.009 5.15 558.0
2455830.54492 16.877 0.009 5.53 572.0
2455830.58259 16.923 0.010 6.44 583.0
2455831.51398 16.894 0.009 4.81 545.0
2455831.55157 16.910 0.010 5.86 588.0
2455831.58890 16.891 0.010 6.11 588.0
2455832.48726 16.875 0.009 3.93 686.0
2455832.53498 16.858 0.009 4.67 592.0
2455832.57626 16.920 0.011 5.90 628.0
2455833.48139 16.893 0.014 5.79 1331.0
2455833.53293 16.890 0.009 4.57 554.0
2455833.57260 16.862 0.009 4.91 567.0
2455834.48173 16.869 0.011 4.79 1104.0
2455834.53212 16.855 0.009 4.94 545.0
2455834.56999 16.891 0.009 5.44 579.0
2455835.51243 16.924 0.014 7.15 636.0
2455835.55333 16.869 0.012 5.82 650.0
2455836.51564 16.890 0.011 5.21 697.0
2455836.54917 16.881 0.012 5.11 1008.0
2455836.58075 16.889 0.012 6.53 658.0
2455839.50120 16.943 0.015 6.14 1254.0
2455839.53964 16.895 0.014 6.23 1047.0
2455839.57745 16.910 0.015 5.60 1408.0
2455840.48243 16.854 0.018 7.00 1441.0
2455840.53146 16.888 0.011 5.09 756.0
2455840.58390 16.910 0.012 5.42 822.0
2455841.48494 16.908 0.018 7.66 1167.0
2455841.52567 16.883 0.012 5.86 821.0
2455841.56898 16.901 0.013 5.90 859.0
2455841.60496 16.874 0.014 6.21 937.0
2455842.52692 16.937 0.018 8.22 809.0
2455842.57566 16.882 0.014 6.61 865.0
2455843.48492 16.879 0.014 5.95 1190.0
2455843.52866 16.890 0.011 5.89 733.0
2455843.56916 16.891 0.011 5.67 775.0
2455843.61017 16.883 0.014 6.77 907.0
2455844.51356 16.869 0.011 5.21 770.0
2455844.55248 16.879 0.012 5.49 841.0
2455844.59209 16.874 0.015 7.02 930.0
2455845.51301 16.915 0.014 7.02 809.0
2455845.55346 16.915 0.014 6.41 928.0
2455845.59372 16.897 0.014 5.88 1051.0
2455846.51667 16.854 0.014 6.72 936.0
2455846.55542 16.915 0.016 6.51 1020.0
2455847.54363 16.869 0.016 7.60 949.0
2455850.52771 16.862 0.010 5.38 676.0
2455850.56613 16.887 0.010 5.14 657.0
2455851.51667 16.875 0.010 5.77 629.0
2455851.55446 16.891 0.011 6.34 629.0
2455852.50569 16.873 0.013 6.29 809.0
2455852.54779 16.863 0.013 6.21 850.0
2455854.50919 16.901 0.013 6.39 786.0
2455854.55015 16.881 0.013 6.81 821.0
2455855.49174 16.890 0.021 6.99 1505.0
2455855.53694 16.838 0.012 5.44 828.0
2455856.49321 16.868 0.015 5.87 1199.0
2455856.54187 16.885 0.015 7.46 792.0
2455857.51114 16.823 0.015 9.03 759.0
2455858.51141 16.837 0.016 8.31 704.0
2455859.50791 16.859 0.013 6.40 791.0
2455859.54454 16.829 0.012 7.14 773.0
2455860.52339 16.852 0.012 6.46 740.0
2455861.51714 16.835 0.011 6.00 704.0
2455861.53594 16.824 0.012 6.26 752.0
2455862.49546 16.834 0.012 4.75 1126.0
2455862.52456 16.786 0.010 5.67 673.0
2455866.50474 16.798 0.016 5.73 1903.0
2455866.52960 16.726 0.016 6.79 1763.0
2455867.50429 16.727 0.010 4.88 935.0
2455867.52668 16.696 0.011 5.24 1354.0
2455868.50741 16.683 0.013 6.64 1026.0
2455869.49697 16.655 0.018 5.18 3077.0
2455869.52183 16.677 0.012 6.34 969.0
2455870.50482 16.628 0.009 4.33 1161.0
2455870.52293 16.641 0.009 5.94 1009.0
2455871.50721 16.597 0.009 5.57 1052.0
2455871.51250 16.580 0.009 5.57 970.0
2455872.50697 16.570 0.010 5.60 1166.0
2455872.51271 16.555 0.010 5.84 1114.0
2455873.50817 16.472 0.009 5.32 1125.0
2455874.50627 16.444 0.013 6.79 1594.0
2455875.50299 16.349 0.013 5.85 2931.0
