2455265.84446 19.310 0.080 5.66 466.0
2455268.87990 19.397 0.066 4.99 375.0
2455275.90995 19.280 0.077 5.77 484.0
2455284.91447 19.365 0.087 5.40 552.0
2455286.90466 19.269 0.072 4.55 601.0
2455294.90944 19.328 0.049 3.79 362.0
2455295.91875 19.285 0.053 3.92 446.0
2455307.68974 19.238 0.064 5.49 407.0
2455307.93110 19.233 0.097 5.18 1039.0
2455310.73537 19.326 0.064 4.93 438.0
2455311.85018 19.276 0.051 4.11 354.0
2455312.84424 19.260 0.064 4.75 526.0
2455313.87719 19.255 0.076 5.10 621.0
2455314.80532 19.221 0.068 4.67 717.0
2455315.75111 19.270 0.090 5.21 834.0
2455316.69957 19.461 0.151 6.24 1053.0
2455324.73420 19.524 0.070 4.46 384.0
2455324.92862 19.396 0.075 4.86 574.0
2455325.84943 19.389 0.074 5.09 403.0
2455326.77437 19.300 0.048 4.09 342.0
2455334.75372 19.421 0.084 6.35 378.0
2455338.83745 19.470 0.145 6.70 559.0
2455340.81304 19.350 0.118 6.93 610.0
2455341.67452 19.426 0.064 4.05 553.0
2455342.76544 19.452 0.096 5.38 671.0
2455348.67788 19.224 0.068 5.10 494.0
2455348.93092 19.246 0.113 7.21 705.0
2455349.86116 19.566 0.135 6.48 842.0
2455351.66852 19.238 0.061 5.62 324.0
2455353.65407 19.318 0.051 3.94 348.0
2455354.92321 19.326 0.102 6.38 719.0
2455355.87715 19.404 0.119 6.83 650.0
2455359.59766 19.401 0.082 5.35 535.0
2455362.70424 19.388 0.068 4.84 462.0
2455364.67516 19.310 0.065 5.42 350.0
2455364.84751 19.085 0.070 6.75 379.0
2455365.79256 19.330 0.066 5.26 376.0
2455377.63111 19.364 0.069 5.07 418.0
2455377.86686 19.329 0.114 6.11 779.0
2455378.79111 19.415 0.072 4.96 425.0
2455379.66401 19.329 0.054 4.23 353.0
2455380.78992 19.178 0.059 5.25 393.0
2455381.66271 19.327 0.081 6.66 314.0
2455382.52897 19.192 0.084 5.65 505.0
2455382.73551 19.506 0.097 6.75 370.0
2455386.75924 19.332 0.054 4.72 302.0
2455387.74149 19.318 0.047 3.98 270.0
2455388.60841 19.258 0.041 3.94 232.0
2455389.52195 19.221 0.061 5.47 315.0
2455390.78706 19.306 0.056 5.24 256.0
2455391.72742 19.312 0.067 5.60 350.0
2455392.59612 19.313 0.053 4.79 302.0
2455396.54059 19.330 0.105 7.31 458.0
2455397.64043 19.108 0.085 7.27 413.0
2455403.61165 19.272 0.069 4.54 722.0
2455405.69718 19.220 0.071 4.86 446.0
2455407.54986 19.300 0.071 6.03 268.0
2455409.56108 19.205 0.042 4.26 266.0
2455410.56347 19.309 0.056 5.36 292.0
2455411.59902 19.317 0.048 4.12 281.0
2455412.60713 19.230 0.070 6.17 371.0
2455418.56993 19.287 0.048 4.43 267.0
2455422.56468 19.279 0.059 4.97 339.0
2455431.50646 19.311 0.073 4.62 631.0
2455434.68373 19.303 0.082 5.18 599.0
2455435.68689 19.453 0.074 4.45 500.0
2455437.62678 19.311 0.053 3.87 357.0
2455451.58844 19.195 0.087 7.08 387.0
2455457.50341 19.200 0.051 3.64 535.0
2455460.59489 19.094 0.138 5.77 2491.0
2455461.62494 19.124 0.101 5.45 1337.0
2455463.54741 19.247 0.064 4.59 532.0
2455629.81069 19.430 0.070 5.61 328.0
2455639.87442 19.370 0.061 4.39 454.0
2455650.88229 19.438 0.073 7.26 293.0
2455652.86857 19.172 0.044 4.93 292.0
2455660.77932 19.350 0.065 6.14 289.0
2455665.77092 19.342 0.073 6.25 335.0
2455668.87734 19.192 0.078 4.51 935.0
2455676.80929 19.274 0.047 4.48 341.0
2455679.78051 19.281 0.060 5.43 335.0
2455691.74956 19.387 0.067 5.44 336.0
2455694.65066 19.217 0.070 5.61 576.0
2455695.81715 19.204 0.049 4.26 402.0
2455708.66852 19.500 0.076 5.76 313.0
2455712.67352 19.193 0.054 5.38 371.0
2455712.68620 19.414 0.061 5.11 360.0
2455716.73414 19.524 0.064 5.08 277.0
2455723.72739 19.332 0.063 5.34 347.0
2455726.77545 19.211 0.125 5.51 1925.0
2455737.64678 19.195 0.036 3.69 279.0
2455742.61991 19.205 0.046 4.54 281.0
2455749.77303 19.482 0.107 7.73 325.0
2455764.64304 19.046 0.044 5.18 294.0
2455767.63671 18.956 0.047 5.30 363.0
2455768.75721 18.885 0.043 5.42 370.0
2455777.67402 18.435 0.027 5.73 317.0
