2455261.82791 16.659 0.008 4.21 589.0
2455262.86542 16.638 0.018 6.26 2532.0
2455265.88695 16.655 0.009 3.80 951.0
2455266.88846 16.642 0.009 4.95 494.0
2455267.86009 16.650 0.008 5.26 451.0
2455268.80984 16.664 0.008 5.56 454.0
2455269.82622 16.657 0.007 4.46 422.0
2455270.79277 16.659 0.008 5.02 446.0
2455271.82745 16.664 0.008 4.67 489.0
2455272.83264 16.657 0.009 5.75 404.0
2455273.83162 16.655 0.008 5.18 415.0
2455274.83600 16.650 0.008 5.38 406.0
2455275.84436 16.652 0.008 4.80 472.0
2455276.80049 16.672 0.008 4.68 425.0
2455277.85648 16.647 0.009 5.43 450.0
2455278.83962 16.650 0.010 6.74 443.0
2455278.91514 16.666 0.010 5.55 707.0
2455279.83382 16.663 0.009 5.57 415.0
2455280.80093 16.652 0.008 4.57 446.0
2455280.91753 16.663 0.009 3.33 1440.0
2455281.82056 16.651 0.008 4.40 424.0
2455282.84323 16.664 0.008 4.39 436.0
2455283.80334 16.662 0.009 4.41 607.0
2455283.89449 16.648 0.008 4.70 411.0
2455284.80909 16.659 0.009 4.52 683.0
2455285.79975 16.656 0.009 4.59 810.0
2455286.81591 16.636 0.012 6.59 759.0
2455286.90901 16.670 0.009 4.59 644.0
2455287.86858 16.656 0.008 3.49 641.0
2455288.86874 16.639 0.008 4.16 677.0
2455289.79929 16.653 0.009 6.34 738.0
2455289.90991 16.662 0.008 3.77 657.0
2455293.87375 16.648 0.008 4.08 460.0
2455294.85506 16.648 0.007 3.55 376.0
2455295.86612 16.659 0.007 3.99 361.0
2455296.90764 16.667 0.008 4.77 374.0
2455298.78965 16.657 0.008 4.70 404.0
2455299.77418 16.641 0.007 4.86 344.0
2455300.88545 16.660 0.007 3.81 403.0
2455301.89391 16.657 0.008 5.50 429.0
2455306.87853 16.654 0.007 3.91 381.0
2455307.88042 16.660 0.008 4.16 441.0
2455308.86929 16.667 0.007 4.27 381.0
2455309.92112 16.652 0.008 4.92 454.0
2455310.92948 16.638 0.008 4.69 736.0
2455312.79097 16.654 0.009 5.57 541.0
2455313.82387 16.673 0.011 6.41 618.0
2455314.75239 16.673 0.010 5.24 867.0
2455315.69015 16.648 0.013 6.48 1070.0
2455315.89566 16.635 0.010 5.03 913.0
2455316.86570 16.652 0.012 6.32 942.0
2455320.68823 16.664 0.014 5.32 2119.0
2455320.88870 16.658 0.009 5.11 693.0
2455321.83254 16.649 0.010 6.11 569.0
2455322.85694 16.662 0.009 5.34 567.0
2455323.74578 16.675 0.009 5.31 514.0
2455324.65626 16.657 0.009 5.71 519.0
2455324.87504 16.660 0.008 4.69 525.0
2455325.78827 16.651 0.007 3.96 370.0
2455326.72327 16.662 0.008 4.52 397.0
2455326.91494 16.666 0.009 5.59 549.0
2455327.86443 16.665 0.008 4.51 484.0
2455328.79320 16.677 0.008 4.21 418.0
2455334.63230 16.664 0.010 6.61 475.0
2455334.91723 16.655 0.009 6.24 484.0
2455335.88003 16.669 0.008 4.69 470.0
2455337.78441 16.645 0.008 4.59 429.0
2455338.78225 16.649 0.009 5.88 562.0
2455339.76378 16.672 0.008 3.82 615.0
2455340.69519 16.646 0.009 5.09 742.0
2455341.58832 16.667 0.011 5.78 967.0
2455341.88334 16.655 0.008 4.55 610.0
2455342.71033 16.655 0.009 4.55 650.0
2455342.90684 16.624 0.010 5.82 786.0
2455343.73117 16.681 0.010 5.03 774.0
2455343.93713 16.664 0.011 5.33 1051.0
2455348.87773 16.655 0.010 5.96 657.0
2455349.80912 16.666 0.009 5.07 668.0
2455351.58286 16.648 0.010 6.35 527.0
2455351.91929 16.657 0.010 6.41 757.0
2455352.92522 16.672 0.009 4.87 740.0
2455353.85511 16.681 0.008 4.21 501.0
2455354.87192 16.671 0.009 4.54 599.0
2455355.81590 16.657 0.010 6.03 568.0
2455357.87398 16.694 0.010 6.36 544.0
2455359.77586 16.661 0.009 5.55 507.0
2455362.58824 16.666 0.010 6.06 700.0
2455364.57107 16.657 0.009 6.01 466.0
2455364.79529 16.650 0.010 7.28 419.0
2455365.66576 16.656 0.008 5.02 450.0
2455368.79751 16.658 0.010 6.67 565.0
2455376.68765 16.651 0.009 5.20 656.0
2455376.87874 16.637 0.012 6.76 1144.0
2455377.81609 16.663 0.008 4.67 566.0
2455378.74021 16.673 0.007 3.80 422.0
2455379.54918 16.658 0.008 5.65 390.0
2455379.84700 16.664 0.010 6.26 591.0
2455380.54488 16.657 0.008 5.11 367.0
2455380.73928 16.673 0.007 4.72 360.0
2455381.59038 16.667 0.011 7.40 474.0
2455381.81346 16.655 0.010 6.47 530.0
2455382.68323 16.660 0.008 5.85 392.0
2455384.79064 16.657 0.011 6.81 582.0
2455386.61086 16.675 0.007 4.50 334.0
2455387.48040 16.669 0.008 3.90 866.0
2455387.55142 16.667 0.007 4.40 518.0
2455387.61623 16.664 0.006 3.53 259.0
2455387.62407 16.663 0.006 3.74 396.0
2455387.65200 16.666 0.006 3.16 273.0
2455387.69048 16.680 0.007 4.22 314.0
2455388.50866 16.680 0.009 5.03 440.0
2455389.47059 16.651 0.013 7.91 609.0
2455389.79966 16.672 0.009 6.30 381.0
2455390.73682 16.670 0.008 5.33 314.0
2455391.58381 16.668 0.008 4.89 322.0
2455392.52152 16.664 0.009 5.65 399.0
2455393.62896 16.661 0.010 7.14 362.0
2455393.82801 16.674 0.010 7.13 429.0
2455396.81108 16.671 0.010 7.49 397.0
2455403.55888 16.667 0.009 4.29 821.0
2455403.75546 16.687 0.010 5.37 972.0
2455404.62879 16.677 0.009 4.28 528.0
2455405.64508 16.664 0.009 5.88 457.0
2455407.49959 16.665 0.009 6.72 343.0
2455407.69379 16.675 0.010 6.32 430.0
2455408.62274 16.693 0.010 6.65 446.0
2455409.48506 16.678 0.008 5.79 352.0
2455410.48926 16.663 0.009 5.74 441.0
2455411.50388 16.669 0.008 5.33 338.0
2455412.55447 16.676 0.010 6.02 483.0
2455413.49610 16.666 0.008 5.42 449.0
2455414.51427 16.658 0.007 4.31 311.0
2455416.68918 16.657 0.008 5.80 349.0
2455421.52310 16.663 0.008 5.50 359.0
2455422.50626 16.667 0.009 5.68 407.0
2455423.63469 16.692 0.009 6.05 360.0
2455426.69719 16.680 0.011 4.86 1106.0
2455430.65471 16.658 0.010 5.46 758.0
2455431.65177 16.671 0.010 5.90 642.0
2455433.54168 16.652 0.011 6.51 584.0
2455434.62451 16.670 0.008 4.32 522.0
2455435.62151 16.664 0.009 4.75 462.0
2455437.48983 16.672 0.007 3.83 393.0
2455438.68136 16.663 0.008 4.11 427.0
2455443.50171 16.663 0.009 6.45 392.0
2455444.50854 16.669 0.008 5.30 376.0
2455445.58113 16.676 0.008 5.42 361.0
2455446.61793 16.680 0.007 4.05 353.0
2455448.48046 16.691 0.010 5.91 534.0
2455449.55067 16.656 0.008 5.32 378.0
2455450.64853 16.648 0.009 6.31 427.0
2455457.47853 16.661 0.009 3.67 1192.0
2455458.52735 16.637 0.012 7.71 621.0
2455459.56765 16.681 0.009 4.70 564.0
2455460.58086 16.710 0.015 5.43 2011.0
2455461.60848 16.655 0.010 5.63 619.0
2455463.53188 16.681 0.008 4.07 537.0
2455464.52376 16.662 0.009 6.11 495.0
2455467.50750 16.667 0.008 5.13 440.0
2455470.54655 16.672 0.009 5.83 453.0
2455472.51995 16.683 0.010 6.35 492.0
2455473.58654 16.662 0.008 5.65 431.0
2455479.51341 16.666 0.009 6.16 464.0
2455481.50673 16.653 0.012 6.53 796.0
2455486.52578 16.663 0.010 5.56 661.0
2455488.51034 16.660 0.009 4.61 695.0
2455490.52198 16.674 0.013 6.56 730.0
2455495.50079 16.655 0.008 4.50 589.0
2455499.52881 16.672 0.011 6.80 627.0
2455621.87459 16.668 0.007 4.82 390.0
2455624.90799 16.683 0.014 5.10 2069.0
2455625.84743 16.675 0.008 5.71 409.0
2455627.85469 16.666 0.008 5.24 367.0
2455628.89091 16.670 0.007 5.11 329.0
2455630.85597 16.677 0.008 5.69 381.0
2455632.84605 16.648 0.008 5.82 413.0
2455634.82842 16.683 0.009 6.12 398.0
2455635.89396 16.687 0.009 5.96 448.0
2455638.80566 16.675 0.009 5.84 612.0
2455639.85975 16.662 0.008 5.08 524.0
2455641.80127 16.670 0.009 5.93 632.0
2455643.81385 16.663 0.008 5.11 632.0
2455648.84424 16.663 0.007 4.69 394.0
2455650.76341 16.672 0.007 5.74 335.0
2455652.75121 16.679 0.008 6.00 358.0
2455654.85973 16.647 0.007 5.06 326.0
2455656.83424 16.653 0.006 3.83 369.0
2455658.81701 16.659 0.008 6.33 346.0
2455659.88140 16.664 0.007 4.58 461.0
2455662.78564 16.651 0.008 5.72 404.0
2455664.87854 16.649 0.010 7.54 414.0
2455667.84257 16.638 0.007 4.40 413.0
2455670.72582 16.618 0.009 5.56 780.0
2455675.89883 16.580 0.008 5.01 525.0
2455677.84240 16.533 0.007 5.97 368.0
2455680.73922 16.464 0.007 5.67 385.0
2455681.91614 16.422 0.007 4.87 450.0
2455683.89401 16.321 0.006 4.23 479.0
2455685.87724 16.254 0.005 4.12 368.0
2455687.78280 16.202 0.005 5.07 381.0
2455690.79642 16.339 0.006 5.10 384.0
2455692.71068 16.426 0.007 5.34 474.0
2455693.82032 16.448 0.006 4.26 477.0
2455694.90391 16.481 0.007 5.22 513.0
2455696.69794 16.533 0.008 5.25 549.0
2455697.79487 16.558 0.007 4.71 604.0
2455698.87060 16.580 0.009 4.89 950.0
2455705.94022 16.622 0.011 7.91 774.0
2455707.83237 16.650 0.008 5.34 497.0
2455709.58739 16.637 0.008 6.43 416.0
2455713.76186 16.657 0.006 4.16 396.0
2455715.80787 16.652 0.007 5.07 353.0
2455721.65367 16.644 0.008 5.39 484.0
2455722.83568 16.664 0.008 5.48 481.0
2455724.65214 16.668 0.009 6.32 510.0
2455726.58177 16.675 0.011 5.67 861.0
2455735.75996 16.655 0.008 5.47 384.0
2455736.85297 16.664 0.007 4.71 450.0
2455737.89628 16.696 0.009 5.61 494.0
2455739.73104 16.662 0.007 4.90 330.0
2455740.81323 16.659 0.008 5.97 416.0
2455741.85148 16.670 0.008 4.87 411.0
2455742.86314 16.677 0.007 5.11 410.0
2455744.57940 16.685 0.009 6.32 466.0
2455745.66752 16.675 0.007 4.73 362.0
2455746.84527 16.677 0.010 7.33 406.0
2455749.59309 16.683 0.008 5.94 386.0
2455752.75219 16.668 0.008 5.53 499.0
2455759.84486 16.681 0.012 6.54 940.0
2455761.53890 16.691 0.005 4.77 363.0
2455762.66175 16.671 0.008 5.49 406.0
2455763.80198 16.653 0.010 7.15 570.0
2455765.60574 16.673 0.007 3.81 422.0
2455766.72779 16.651 0.009 6.83 342.0
2455768.55533 16.671 0.007 5.00 426.0
2455769.69630 16.667 0.007 4.73 331.0
2455776.72661 16.665 0.009 6.98 362.0
2455779.61671 16.670 0.007 5.07 365.0
2455785.70163 16.676 0.010 5.94 705.0
2455787.66552 16.681 0.008 4.66 607.0
2455790.57766 16.657 0.010 7.33 426.0
2455793.67990 16.668 0.008 5.31 391.0
2455796.48203 16.662 0.008 5.72 420.0
2455801.68090 16.676 0.009 6.92 407.0
2455805.54878 16.690 0.007 4.35 347.0
2455812.58169 16.663 0.012 6.76 763.0
2455815.62071 16.678 0.007 3.91 617.0
2455818.52365 16.672 0.009 5.26 512.0
2455820.59855 16.647 0.008 5.35 499.0
2455823.53584 16.652 0.010 7.16 445.0
2455824.54518 16.680 0.008 5.17 395.0
2455825.54212 16.666 0.008 4.88 456.0
2455826.52601 16.655 0.009 6.06 436.0
2455828.48861 16.654 0.008 5.15 453.0
2455829.61412 16.681 0.008 5.69 462.0
2455831.62155 16.675 0.009 6.71 482.0
2455834.51643 16.662 0.007 4.26 400.0
2455839.50678 16.647 0.015 5.89 2271.0
2455841.50411 16.655 0.011 6.54 642.0
2455843.49137 16.642 0.011 7.02 613.0
2455845.50655 16.656 0.010 6.57 587.0
2455850.55972 16.681 0.008 5.25 490.0
2455854.51396 16.660 0.010 5.85 607.0
2455859.51418 16.667 0.009 5.71 584.0
