2455261.84739 18.707 0.041 4.37 689.0
2455262.88263 18.735 0.083 4.86 2278.0
2455266.90600 18.723 0.048 4.32 915.0
2455267.90133 18.767 0.045 4.75 596.0
2455270.84962 18.785 0.046 5.56 537.0
2455272.86599 18.737 0.053 6.00 506.0
2455274.85357 18.770 0.043 4.70 526.0
2455278.88767 18.749 0.034 3.74 518.0
2455282.79421 18.822 0.056 5.19 712.0
2455284.83291 18.739 0.051 4.87 750.0
2455286.83360 18.810 0.061 5.29 842.0
2455294.73221 18.726 0.047 5.62 514.0
2455294.77134 18.749 0.036 4.14 481.0
2455294.80842 18.717 0.032 3.69 466.0
2455294.84599 18.698 0.035 4.07 495.0
2455294.87616 18.794 0.031 3.41 483.0
2455294.91812 18.768 0.042 4.46 654.0
2455295.77302 18.718 0.035 4.22 458.0
2455295.81145 18.781 0.034 3.82 457.0
2455295.84935 18.810 0.036 3.81 472.0
2455295.88819 18.771 0.039 4.69 489.0
2455296.77593 18.740 0.036 4.23 481.0
2455296.81345 18.734 0.032 3.78 473.0
2455296.85086 18.750 0.033 3.46 467.0
2455296.88934 18.740 0.032 3.79 467.0
2455297.77185 18.809 0.046 5.52 513.0
2455297.80991 18.783 0.038 4.70 484.0
2455297.84777 18.755 0.033 3.91 465.0
2455297.88646 18.801 0.035 4.49 475.0
2455298.77274 18.792 0.039 4.36 515.0
2455298.81067 18.809 0.037 3.97 500.0
2455298.84843 18.818 0.037 3.99 497.0
2455298.88799 18.732 0.032 3.89 479.0
2455298.92150 18.784 0.043 4.30 691.0
2455299.75746 18.713 0.040 5.26 458.0
2455299.83288 18.762 0.034 4.74 434.0
2455299.87123 18.769 0.037 4.77 465.0
2455299.91200 18.716 0.035 4.32 520.0
2455300.86619 18.844 0.034 3.41 496.0
2455300.90695 18.714 0.037 4.13 542.0
2455301.76200 18.789 0.043 5.02 506.0
2455301.79950 18.698 0.037 4.80 500.0
2455301.83696 18.740 0.051 5.93 535.0
2455301.87567 18.816 0.043 4.86 525.0
2455301.91546 18.757 0.066 7.29 584.0
2455303.92331 18.765 0.045 5.03 553.0
2455304.76165 18.764 0.042 4.46 625.0
2455306.69528 18.779 0.043 5.04 540.0
2455306.75804 18.771 0.034 3.97 475.0
2455306.79699 18.748 0.032 3.61 493.0
2455306.86062 18.766 0.036 3.96 507.0
2455306.90020 18.758 0.032 3.53 523.0
2455307.68499 18.696 0.048 5.78 567.0
2455307.74808 18.748 0.040 4.65 555.0
2455307.84804 18.819 0.039 3.90 594.0
2455307.88894 18.772 0.036 3.83 578.0
2455307.92637 18.731 0.041 4.07 728.0
2455308.73820 18.610 0.043 5.06 554.0
2455308.79970 18.805 0.036 3.94 492.0
2455308.83715 18.757 0.041 4.34 490.0
2455308.87845 18.702 0.039 5.27 514.0
2455309.73889 18.782 0.040 4.41 535.0
2455309.80940 18.770 0.036 3.91 497.0
2455309.85312 18.804 0.037 3.99 512.0
2455309.89208 18.709 0.035 4.02 532.0
2455309.92936 18.737 0.046 4.24 852.0
2455310.71976 18.753 0.048 5.11 615.0
2455310.77603 18.885 0.044 4.25 536.0
2455310.85740 18.783 0.031 3.90 477.0
2455310.88934 18.840 0.043 4.54 527.0
2455310.92680 18.654 0.039 4.53 720.0
2455311.81991 18.748 0.039 4.24 577.0
2455311.87592 18.826 0.041 4.26 565.0
2455311.92074 18.793 0.045 4.54 637.0
2455312.74592 18.576 0.052 5.04 690.0
2455312.78829 18.690 0.049 5.38 678.0
2455312.82633 18.659 0.045 5.09 678.0
2455312.87058 18.795 0.050 4.83 783.0
2455312.91018 18.638 0.043 5.40 604.0
2455313.78233 18.797 0.058 5.33 781.0
2455313.82120 18.780 0.055 5.23 748.0
2455313.86086 18.638 0.055 5.70 845.0
2455313.89911 18.675 0.050 4.81 883.0
2455314.66998 18.614 0.060 5.52 1255.0
2455314.71043 18.815 0.061 4.77 1073.0
2455314.74971 18.777 0.052 4.33 985.0
2455314.78965 18.851 0.065 5.39 930.0
2455314.84718 18.683 0.046 4.72 949.0
2455314.88461 18.726 0.054 5.04 976.0
2455314.92207 18.789 0.053 4.55 1022.0
2455315.68748 18.628 0.070 6.09 1205.0
2455315.73538 18.701 0.060 5.10 1060.0
2455315.77292 18.865 0.067 5.21 997.0
2455315.81068 18.829 0.055 4.63 1014.0
2455315.85084 18.721 0.053 4.62 1105.0
2455315.89297 18.752 0.064 5.00 1337.0
2455316.67861 18.900 0.085 5.79 1221.0
2455316.72578 18.738 0.063 5.23 1045.0
2455316.76882 18.792 0.078 6.44 1017.0
2455316.80616 18.775 0.076 6.09 1025.0
2455316.86302 18.527 0.086 6.54 1821.0
2455319.82317 18.688 0.081 3.82 3191.0
2455319.86616 18.656 0.086 3.70 3578.0
2455319.91028 18.718 0.098 3.81 4103.0
2455320.64093 18.716 0.052 5.22 870.0
2455320.68551 18.830 0.054 5.01 799.0
2455320.72945 18.791 0.050 4.73 759.0
2455320.76664 18.776 0.044 4.35 702.0
2455320.80437 18.729 0.055 4.58 1317.0
2455320.84759 18.815 0.052 5.62 734.0
2455320.88599 18.731 0.046 4.66 823.0
2455321.71373 18.690 0.044 4.81 675.0
2455321.75121 18.740 0.046 4.77 651.0
2455321.79083 18.751 0.046 5.02 654.0
2455321.82924 18.751 0.063 6.68 682.0
2455321.87056 18.750 0.048 4.96 683.0
2455321.90792 18.789 0.052 5.11 725.0
2455322.69421 18.819 0.041 4.36 585.0
2455322.75974 18.605 0.044 4.32 1167.0
2455322.83680 18.704 0.046 5.45 770.0
2455323.66439 18.833 0.058 5.59 694.0
2455323.73063 18.760 0.045 4.97 600.0
2455323.76894 18.852 0.049 4.86 626.0
2455323.80900 18.712 0.039 4.92 649.0
2455323.85031 18.697 0.041 5.22 698.0
2455323.88890 18.819 0.051 5.24 763.0
2455323.92635 18.745 0.048 4.89 797.0
2455324.66866 18.804 0.045 4.86 598.0
2455324.73250 18.778 0.042 4.38 548.0
2455324.76986 18.807 0.047 5.18 574.0
2455324.80866 18.790 0.056 6.04 597.0
2455324.84888 18.761 0.047 4.90 631.0
2455324.88615 18.816 0.044 4.38 649.0
2455325.68600 18.786 0.042 3.99 550.0
2455325.72250 18.861 0.043 4.13 507.0
2455325.76068 18.800 0.042 4.33 498.0
2455325.79798 18.769 0.039 4.40 498.0
2455325.84621 18.884 0.048 4.38 580.0
2455325.88627 18.706 0.044 5.06 613.0
2455326.63406 18.775 0.063 6.58 617.0
2455326.72051 18.697 0.042 4.58 521.0
2455326.75857 18.696 0.039 4.52 524.0
2455326.79698 18.708 0.034 4.12 513.0
2455326.83630 18.683 0.042 4.86 570.0
2455326.87494 18.714 0.045 4.55 639.0
2455326.91217 18.704 0.042 4.26 682.0
2455327.64329 18.705 0.039 4.69 503.0
2455327.74547 18.773 0.040 4.37 477.0
2455327.78391 18.831 0.047 4.68 514.0
2455327.82278 18.773 0.043 4.45 538.0
2455327.86167 18.774 0.049 4.72 612.0
2455327.89983 18.796 0.042 3.81 627.0
2455327.93758 18.767 0.071 4.48 1702.0
2455328.67062 18.642 0.044 5.30 570.0
2455328.73918 18.644 0.036 4.44 535.0
2455328.77777 18.722 0.040 4.52 537.0
2455328.81772 18.798 0.048 4.91 562.0
2455328.85631 18.820 0.048 4.91 572.0
2455328.89398 18.787 0.045 4.11 634.0
2455328.93149 18.878 0.059 4.81 828.0
2455334.61686 18.698 0.050 5.90 588.0
2455334.68301 18.739 0.071 7.55 561.0
2455334.76334 18.768 0.040 4.40 535.0
2455334.82068 18.612 0.039 5.01 518.0
2455334.86122 18.789 0.052 5.81 565.0
2455334.90175 18.819 0.066 6.56 623.0
2455334.93969 18.859 0.077 5.70 1238.0
2455335.74608 18.656 0.036 4.24 549.0
2455335.78525 18.831 0.042 4.72 531.0
2455335.82529 18.751 0.039 4.60 549.0
2455335.86313 18.696 0.044 5.12 590.0
2455335.90066 18.738 0.055 5.88 647.0
2455336.84454 18.695 0.041 4.47 582.0
2455336.90979 18.703 0.047 4.80 692.0
2455337.75616 18.789 0.039 4.31 506.0
2455337.79557 18.728 0.040 4.51 556.0
2455337.83400 18.666 0.048 5.41 633.0
2455337.87236 18.707 0.057 5.94 696.0
2455337.91098 18.900 0.066 5.50 758.0
2455338.75344 18.673 0.043 5.06 624.0
2455338.79264 18.659 0.050 5.53 671.0
2455338.83426 18.928 0.083 6.59 762.0
2455338.89385 18.742 0.078 7.37 762.0
2455339.66908 18.823 0.065 5.78 746.0
2455339.70682 18.785 0.056 5.12 754.0
2455339.80034 18.794 0.053 4.63 761.0
2455339.86621 18.813 0.060 5.30 838.0
2455339.90641 18.686 0.085 7.60 924.0
2455339.94425 18.760 0.076 5.18 1552.0
2455340.65300 18.783 0.070 6.31 865.0
2455340.69236 18.727 0.056 4.34 1256.0
2455340.77965 18.633 0.059 6.32 743.0
2455340.83522 18.708 0.047 4.80 803.0
2455340.87364 18.844 0.063 5.55 823.0
2455340.91142 18.733 0.075 6.75 942.0
2455341.58545 18.702 0.057 5.25 1022.0
2455341.62368 18.690 0.048 4.98 809.0
2455341.73018 18.722 0.038 3.86 683.0
2455341.80446 18.818 0.050 4.46 786.0
2455341.84267 18.819 0.052 4.60 794.0
2455341.88049 18.800 0.052 4.65 783.0
2455341.92085 18.871 0.054 4.65 774.0
2455342.59506 18.653 0.068 5.95 1084.0
2455342.63241 18.773 0.064 5.46 947.0
2455342.67004 18.715 0.064 5.80 875.0
2455342.70749 18.650 0.046 4.82 820.0
2455342.74602 18.678 0.046 4.90 810.0
2455342.79018 18.648 0.068 6.60 946.0
2455342.82823 18.720 0.058 5.21 884.0
2455342.86620 18.711 0.092 5.81 931.0
2455342.90396 18.614 0.056 5.54 989.0
2455342.94184 18.641 0.081 7.06 1130.0
2455343.61327 18.684 0.068 5.72 1270.0
2455343.65096 18.708 0.060 5.31 1112.0
2455343.68868 18.740 0.054 4.65 1036.0
2455343.72675 18.708 0.049 4.58 947.0
2455343.80559 18.841 0.059 5.01 1012.0
2455343.84412 18.723 0.059 5.12 1074.0
2455343.89492 18.901 0.078 5.49 1197.0
2455343.93275 18.795 0.072 5.29 1302.0
2455348.66067 18.713 0.045 4.81 667.0
2455348.72589 18.746 0.053 5.44 680.0
2455348.79116 18.708 0.054 5.78 669.0
2455348.82949 18.758 0.055 5.16 705.0
2455348.87333 18.817 0.071 6.20 810.0
2455349.58896 18.661 0.058 6.81 647.0
2455349.67154 18.733 0.064 5.67 945.0
2455349.73975 18.659 0.063 5.50 1242.0
2455349.80468 18.824 0.058 4.93 984.0
2455349.84248 18.889 0.068 5.66 1048.0
2455350.64218 18.829 0.065 6.72 543.0
2455350.67991 18.743 0.059 6.27 596.0
2455350.71841 18.666 0.062 7.18 588.0
2455351.57840 18.649 0.049 5.88 637.0
2455351.62447 18.824 0.045 4.87 530.0
2455351.70190 18.801 0.044 4.85 510.0
2455351.78718 18.785 0.047 4.67 673.0
2455351.87689 18.861 0.073 6.47 758.0
2455351.91487 18.635 0.051 5.11 914.0
2455352.63948 18.807 0.052 5.42 545.0
2455352.71427 18.827 0.038 4.08 508.0
2455352.80091 18.671 0.044 4.90 619.0
2455352.91122 18.802 0.052 4.73 843.0
2455353.60467 18.778 0.047 4.55 583.0
2455353.68724 18.723 0.035 4.04 510.0
2455353.76807 18.727 0.040 4.26 574.0
2455353.80613 18.776 0.038 3.87 599.0
2455353.84365 18.730 0.043 4.10 670.0
2455353.89492 18.852 0.053 4.32 787.0
2455354.63050 18.781 0.049 5.23 526.0
2455354.71771 18.669 0.041 4.93 515.0
2455354.81440 18.773 0.044 4.13 603.0
2455354.85557 18.796 0.045 3.76 711.0
2455354.89622 18.888 0.065 4.91 861.0
2455355.57350 18.698 0.043 4.78 666.0
2455355.65519 18.784 0.040 4.38 578.0
2455355.74194 18.846 0.048 4.74 624.0
2455355.85968 18.815 0.060 5.35 790.0
2455355.89742 18.795 0.065 5.76 832.0
2455357.65411 18.794 0.051 5.53 553.0
2455357.74385 18.736 0.067 7.60 558.0
2455357.83177 18.760 0.076 7.68 620.0
2455357.89792 18.726 0.051 5.26 714.0
2455358.71604 18.758 0.044 5.18 496.0
2455358.81768 18.866 0.056 5.59 551.0
2455358.88733 18.652 0.059 6.50 660.0
2455359.60836 18.679 0.061 6.40 715.0
2455359.65535 18.787 0.043 4.63 596.0
2455359.71122 18.716 0.045 5.20 594.0
2455359.75548 18.752 0.051 5.97 600.0
2455359.80013 18.747 0.051 5.64 627.0
2455359.84462 18.827 0.059 5.54 689.0
2455359.88516 18.701 0.068 6.89 746.0
2455361.65343 18.632 0.056 6.66 552.0
2455362.57227 18.603 0.067 6.77 886.0
2455362.63278 18.716 0.044 4.71 672.0
2455362.72942 18.746 0.041 4.52 596.0
2455362.83183 18.809 0.046 4.84 661.0
2455362.84732 18.747 0.049 5.24 688.0
2455362.90559 18.721 0.067 6.41 826.0
2455364.55130 18.818 0.058 5.83 622.0
2455364.60993 18.757 0.041 4.74 515.0
2455364.70444 18.691 0.051 6.01 570.0
2455364.77926 18.822 0.059 6.32 550.0
2455364.81873 18.692 0.049 5.94 534.0
2455364.85880 18.743 0.051 5.82 538.0
2455364.89691 18.706 0.048 5.59 562.0
2455365.56903 18.798 0.061 5.77 724.0
2455365.63106 18.637 0.047 5.63 591.0
2455365.72612 18.691 0.043 5.52 559.0
2455365.81496 18.698 0.046 5.11 578.0
2455365.85547 18.724 0.052 5.24 643.0
2455365.89382 18.898 0.079 6.57 746.0
2455368.64488 18.663 0.058 5.91 847.0
2455369.72704 18.793 0.068 5.97 910.0
2455369.77236 18.764 0.069 5.67 1176.0
2455369.81034 18.821 0.067 6.00 922.0
2455369.85112 18.837 0.069 6.35 742.0
2455376.65697 18.759 0.066 6.19 719.0
2455376.69738 18.806 0.059 5.51 697.0
2455376.73557 18.838 0.062 5.79 750.0
2455376.77441 18.912 0.073 5.77 769.0
2455376.81257 18.842 0.076 6.40 864.0
2455376.85050 18.570 0.078 5.58 2224.0
2455377.54709 18.763 0.053 5.48 583.0
2455377.58979 18.758 0.065 6.49 594.0
2455377.62801 18.796 0.051 5.56 561.0
2455377.70167 18.737 0.046 5.36 569.0
2455377.74514 18.882 0.057 5.43 619.0
2455377.78785 18.718 0.049 5.28 692.0
2455377.82558 18.810 0.056 5.40 734.0
2455377.86374 18.937 0.076 5.84 873.0
2455378.53529 18.682 0.038 4.25 544.0
2455378.61939 18.746 0.037 3.91 479.0
2455378.70829 18.818 0.041 3.84 527.0
2455378.74988 18.771 0.034 3.47 539.0
2455378.78804 18.739 0.037 3.87 566.0
2455378.82627 18.801 0.045 4.05 660.0
2455378.86616 18.802 0.055 5.05 757.0
2455379.50501 18.870 0.054 5.22 472.0
2455379.57148 18.744 0.043 5.30 435.0
2455379.65733 18.741 0.038 3.87 554.0
2455379.74279 18.654 0.035 4.02 528.0
2455379.78045 18.711 0.041 4.17 604.0
2455379.81836 18.850 0.051 4.61 665.0
2455379.85649 18.920 0.066 5.97 760.0
2455380.51643 18.746 0.047 5.56 482.0
2455380.55405 18.829 0.046 5.30 439.0
2455380.63788 18.760 0.041 5.11 405.0
2455380.71200 18.800 0.044 5.11 463.0
2455380.75036 18.792 0.040 4.66 479.0
2455380.78834 18.734 0.041 4.57 524.0
2455380.82633 18.793 0.066 6.41 635.0
2455381.52565 18.865 0.074 6.31 692.0
2455381.56374 18.845 0.094 8.50 621.0
2455381.60152 18.814 0.068 7.13 526.0
2455381.66064 18.764 0.053 6.39 465.0
2455381.70146 18.821 0.069 7.28 535.0
2455381.73943 18.805 0.060 6.20 576.0
2455381.78619 18.921 0.081 7.12 603.0
2455381.82454 18.809 0.069 6.37 704.0
2455381.86254 18.748 0.071 6.66 771.0
2455382.55242 18.731 0.075 8.11 556.0
2455382.60206 18.731 0.062 6.97 539.0
2455382.63964 18.701 0.052 6.21 539.0
2455382.68156 18.912 0.063 6.56 514.0
2455382.72132 18.565 0.052 7.21 519.0
2455382.75922 18.807 0.071 7.44 552.0
2455382.80937 18.797 0.065 6.58 609.0
2455383.69342 18.759 0.068 7.59 483.0
2455383.75163 18.782 0.067 7.56 476.0
2455384.78894 18.946 0.077 6.47 701.0
2455384.84594 18.691 0.073 7.16 802.0
2455385.49873 18.874 0.050 4.50 705.0
2455385.71381 18.886 0.044 4.90 425.0
2455385.83700 18.738 0.039 4.34 499.0
2455386.48245 18.840 0.046 3.99 906.0
2455386.52694 18.677 0.041 4.19 558.0
2455386.56466 18.797 0.039 3.81 761.0
2455386.64812 18.757 0.044 5.42 656.0
2455386.73219 18.831 0.036 3.57 462.0
2455386.77053 18.808 0.035 3.43 461.0
2455386.80975 18.752 0.039 4.39 499.0
2455387.47102 18.760 0.045 3.67 782.0
2455387.57642 18.774 0.036 4.13 421.0
2455387.71453 18.754 0.033 3.85 412.0
2455387.75286 18.892 0.040 3.85 425.0
2455387.79661 18.775 0.040 4.26 489.0
2455387.83669 18.611 0.038 4.55 557.0
2455388.49434 18.827 0.059 5.97 552.0
2455388.53238 18.830 0.046 4.74 437.0
2455388.64140 18.722 0.034 4.27 366.0
2455388.75153 18.795 0.041 4.49 389.0
2455388.79129 18.793 0.044 4.97 430.0
2455388.83540 18.721 0.049 5.75 489.0
2455389.49351 18.713 0.050 5.82 509.0
2455389.53163 18.854 0.057 5.75 457.0
2455389.61697 18.712 0.040 5.16 394.0
2455389.72221 18.788 0.048 5.63 429.0
2455389.78259 18.823 0.058 6.10 489.0
2455389.82311 18.739 0.042 4.57 522.0
2455390.46797 18.833 0.085 7.58 719.0
2455390.52277 18.885 0.083 8.00 493.0
2455390.56479 18.695 0.049 6.16 455.0
2455390.65033 18.758 0.047 6.20 451.0
2455390.69660 18.873 0.049 5.57 431.0
2455390.74608 18.824 0.042 4.87 418.0
2455390.78404 18.830 0.047 5.49 404.0
2455390.82170 18.775 0.046 5.75 417.0
2455391.51675 18.628 0.050 6.18 526.0
2455391.55555 18.896 0.074 7.36 461.0
2455391.61511 18.791 0.042 5.06 409.0
2455391.72438 18.737 0.045 5.42 489.0
2455391.80767 18.697 0.046 5.12 567.0
2455391.84513 18.782 0.059 5.51 736.0
2455392.49289 18.645 0.055 6.32 523.0
2455392.53161 18.672 0.044 5.49 473.0
2455392.59306 18.845 0.047 5.20 449.0
2455392.70318 18.814 0.045 4.90 436.0
2455392.78513 18.819 0.043 4.68 453.0
2455392.82277 18.719 0.046 5.14 517.0
2455393.63813 18.775 0.052 6.14 428.0
2455393.67785 18.903 0.061 6.24 418.0
2455393.71604 18.756 0.067 7.63 449.0
2455393.76139 18.770 0.070 7.32 486.0
2455393.79950 18.777 0.064 6.78 512.0
2455393.83736 18.811 0.072 7.44 527.0
2455395.83184 18.921 0.079 6.50 630.0
2455396.57378 18.859 0.113 9.53 638.0
2455396.62810 18.784 0.056 6.46 520.0
2455396.72366 18.798 0.042 4.95 480.0
2455396.75843 18.819 0.042 4.86 448.0
2455396.79646 18.737 0.051 6.06 483.0
2455397.60570 18.700 0.052 6.28 541.0
2455397.65174 18.872 0.083 7.86 556.0
2455397.68958 18.668 0.064 7.47 550.0
2455402.51997 18.637 0.102 7.18 1743.0
2455403.48079 18.706 0.046 4.32 949.0
2455403.51838 18.712 0.043 3.90 925.0
2455403.55553 18.746 0.046 4.21 910.0
2455403.59427 18.642 0.052 5.55 991.0
2455403.63511 18.879 0.055 4.54 895.0
2455403.67339 18.816 0.053 4.72 933.0
2455403.71424 18.735 0.051 4.50 992.0
2455403.75215 18.731 0.053 4.31 1109.0
2455403.78997 18.989 0.097 6.17 1278.0
2455404.49389 18.725 0.050 4.57 695.0
2455404.53170 18.769 0.047 4.60 670.0
2455404.56941 18.740 0.052 4.97 691.0
2455404.60959 18.745 0.050 4.70 671.0
2455404.65135 18.803 0.051 4.38 624.0
2455404.69124 18.804 0.049 4.02 683.0
2455404.72903 18.714 0.058 5.21 748.0
2455404.77172 18.778 0.054 4.37 838.0
2455405.62927 18.781 0.062 5.98 566.0
2455405.66882 18.677 0.051 5.19 551.0
2455405.70690 18.729 0.050 4.66 600.0
2455405.74436 18.839 0.054 4.48 667.0
2455405.78199 18.897 0.051 3.73 702.0
2455407.48376 18.860 0.063 6.46 437.0
2455407.52163 18.780 0.053 5.88 426.0
2455407.55991 18.822 0.052 5.66 411.0
2455407.59897 18.884 0.072 7.16 476.0
2455407.63855 18.761 0.062 6.37 495.0
2455407.67660 18.722 0.056 6.02 514.0
2455407.71581 18.753 0.053 5.38 571.0
2455407.75374 18.884 0.060 5.02 624.0
2455408.50300 18.616 0.052 6.48 519.0
2455408.54573 18.601 0.052 6.77 507.0
2455408.59469 18.699 0.051 6.48 478.0
2455408.63356 18.772 0.055 6.26 514.0
2455408.67223 18.699 0.049 5.82 529.0
2455408.71011 18.851 0.063 6.30 553.0
2455408.74782 18.807 0.070 6.96 618.0
2455408.78539 18.974 0.077 6.33 727.0
2455409.49559 18.702 0.042 5.48 439.0
2455409.55943 18.863 0.042 4.98 407.0
2455409.66621 18.835 0.041 5.16 425.0
2455409.74990 18.683 0.045 5.14 566.0
2455409.78767 18.874 0.068 6.26 654.0
2455410.50002 18.719 0.047 5.71 513.0
2455410.56169 18.708 0.042 5.53 432.0
2455410.67020 18.817 0.044 4.87 434.0
2455410.75427 18.762 0.052 5.61 559.0
2455411.47661 18.732 0.043 5.41 491.0
2455411.51451 18.790 0.040 4.99 411.0
2455411.59748 18.795 0.040 4.91 421.0
2455411.70573 18.846 0.039 4.44 423.0
2455411.76722 18.608 0.050 6.29 626.0
2455412.53837 18.672 0.047 5.61 526.0
2455412.57826 18.739 0.055 6.31 549.0
2455412.61702 18.696 0.052 6.36 507.0
2455412.65480 18.805 0.065 6.94 529.0
2455412.69919 18.834 0.062 6.68 516.0
2455413.47856 18.667 0.062 7.17 610.0
2455413.51794 18.693 0.036 4.49 500.0
2455413.62478 18.772 0.040 5.22 382.0
2455413.73226 18.889 0.045 5.13 409.0
2455413.77001 18.699 0.062 7.41 463.0
2455414.49822 18.763 0.038 4.55 413.0
2455414.55948 18.778 0.036 4.42 401.0
2455414.66893 18.793 0.036 3.77 418.0
2455414.75660 18.739 0.038 4.38 488.0
2455416.61525 18.866 0.057 6.03 435.0
2455416.67198 18.861 0.051 5.26 427.0
2455418.53425 18.781 0.040 4.86 392.0
2455418.58077 18.706 0.036 4.90 392.0
2455418.63095 18.815 0.044 5.32 383.0
2455418.68251 18.676 0.046 6.04 417.0
2455421.48972 18.724 0.045 5.50 466.0
2455421.53383 18.690 0.038 4.87 446.0
2455421.59342 18.792 0.047 5.89 441.0
2455421.63960 18.785 0.046 6.19 408.0
2455421.68188 18.909 0.058 6.64 398.0
2455421.72629 18.806 0.063 7.55 443.0
2455422.51559 18.770 0.041 4.85 479.0
2455422.56167 18.762 0.048 5.90 489.0
2455422.71566 18.789 0.038 4.64 423.0
2455423.49959 18.787 0.037 4.32 429.0
2455423.54189 18.704 0.034 4.53 410.0
2455423.67561 18.847 0.055 5.85 476.0
2455425.50704 18.825 0.046 4.90 507.0
2455425.54830 18.807 0.045 5.01 493.0
2455426.51498 18.709 0.084 4.31 3103.0
2455426.59398 18.944 0.121 4.67 4013.0
2455426.73447 18.868 0.084 5.02 1686.0
2455430.50053 18.742 0.066 5.80 828.0
2455430.54700 18.863 0.061 4.88 761.0
2455430.58527 18.846 0.056 4.42 736.0
2455430.62425 18.852 0.059 4.64 772.0
2455430.66538 18.781 0.066 5.72 859.0
2455431.50169 18.836 0.054 4.99 773.0
2455431.54225 18.813 0.054 5.50 655.0
2455431.58026 18.865 0.051 4.66 672.0
2455431.62165 18.869 0.067 5.88 695.0
2455431.65931 18.812 0.064 5.52 771.0
2455432.52619 18.560 0.081 6.50 1568.0
2455432.63871 18.864 0.075 6.27 775.0
2455433.53659 18.808 0.079 7.06 795.0
2455433.66200 18.800 0.066 5.51 936.0
2455434.48769 18.848 0.063 5.98 553.0
2455434.53276 18.734 0.051 5.41 585.0
2455434.57713 18.761 0.048 4.69 593.0
2455434.61950 18.826 0.047 3.95 632.0
2455434.66423 18.844 0.056 4.50 705.0
2455434.70431 18.780 0.052 4.33 787.0
2455435.50376 18.779 0.052 5.59 515.0
2455435.54657 18.696 0.047 4.83 582.0
2455435.61648 18.821 0.047 4.31 574.0
2455435.66995 18.650 0.039 4.20 602.0
2455435.70889 18.758 0.054 4.98 695.0
2455436.50223 18.748 0.046 5.18 483.0
2455436.64617 18.760 0.041 3.72 569.0
2455437.48482 18.710 0.035 3.86 484.0
2455437.58175 18.794 0.043 4.74 466.0
2455438.49740 18.779 0.053 5.23 562.0
2455438.53687 18.723 0.051 5.52 501.0
2455438.63831 18.784 0.043 3.77 560.0
2455438.67631 18.676 0.038 3.79 538.0
2455439.48974 18.623 0.056 6.57 527.0
2455439.55480 18.739 0.060 6.39 515.0
2455439.59216 18.778 0.055 5.71 497.0
2455439.63018 18.856 0.062 5.95 489.0
2455439.67598 18.866 0.063 5.62 549.0
2455443.52247 18.787 0.056 7.11 474.0
2455443.56859 18.830 0.059 6.95 487.0
2455443.60642 18.712 0.058 6.96 500.0
2455443.64894 18.881 0.054 5.90 481.0
2455443.68787 18.701 0.047 5.87 494.0
2455444.52050 18.893 0.073 7.54 469.0
2455444.56909 18.687 0.046 5.80 427.0
2455444.62076 18.771 0.050 5.43 501.0
2455444.65883 18.717 0.051 5.51 547.0
2455445.49932 18.802 0.042 4.97 519.0
2455445.62866 18.828 0.042 4.55 432.0
2455445.66791 18.746 0.040 4.48 492.0
2455446.50248 18.724 0.047 5.35 499.0
2455446.54779 18.744 0.044 5.33 500.0
2455446.58895 18.783 0.043 4.37 497.0
2455446.62696 18.826 0.042 4.25 449.0
2455447.47442 18.712 0.068 5.33 1319.0
2455447.51892 18.718 0.038 4.41 463.0
2455447.55805 18.829 0.057 6.26 473.0
2455447.62337 18.755 0.045 5.40 446.0
2455448.48999 18.813 0.036 3.90 453.0
2455448.53410 18.859 0.054 5.27 482.0
2455448.61729 18.788 0.045 4.23 499.0
2455449.49095 18.863 0.061 6.10 517.0
2455449.53166 18.823 0.048 4.78 474.0
2455449.58321 18.703 0.042 4.52 516.0
2455450.49369 18.784 0.051 6.25 498.0
2455450.53135 18.713 0.053 6.35 491.0
2455450.56938 18.693 0.055 6.55 512.0
2455450.61945 18.761 0.057 6.22 530.0
2455451.65965 18.649 0.043 4.69 540.0
2455453.49332 18.741 0.070 7.64 789.0
2455453.58195 18.780 0.058 5.80 688.0
2455457.50043 18.759 0.037 3.58 658.0
2455457.57173 18.810 0.040 3.51 634.0
2455457.61354 18.762 0.042 3.68 693.0
2455458.49081 18.761 0.058 5.54 739.0
2455458.55577 18.857 0.066 5.66 700.0
2455458.61952 18.832 0.073 6.40 769.0
2455458.62522 18.823 0.068 5.96 770.0
2455459.52100 18.781 0.051 4.61 625.0
2455459.56407 18.773 0.047 4.10 660.0
2455459.60511 18.843 0.045 3.62 733.0
2455460.50967 18.628 0.064 5.88 939.0
2455460.55070 18.673 0.061 5.69 881.0
2455461.60338 18.778 0.061 5.57 754.0
2455462.49790 18.838 0.063 5.88 649.0
2455462.56482 18.836 0.058 5.17 706.0
2455463.51718 18.802 0.050 5.00 666.0
2455463.62762 18.742 0.057 5.36 819.0
2455464.50923 18.860 0.060 5.93 601.0
2455464.59536 18.819 0.063 5.72 669.0
2455465.52263 18.722 0.062 6.98 539.0
2455467.50247 18.661 0.045 5.63 565.0
2455468.57598 18.838 0.071 7.09 565.0
2455470.52687 18.714 0.047 4.86 536.0
2455471.53420 18.829 0.050 5.29 477.0
2455471.59896 18.739 0.045 4.78 523.0
2455472.56563 18.690 0.045 4.99 574.0
2455473.51577 18.804 0.061 6.01 551.0
2455476.50531 18.810 0.054 5.31 548.0
2455478.49344 18.861 0.065 5.94 577.0
2455479.52103 18.721 0.054 5.74 568.0
2455480.50823 18.894 0.071 6.32 577.0
2455480.57191 18.759 0.064 6.11 675.0
2455481.54697 18.587 0.073 6.68 1014.0
2455485.52472 18.824 0.060 5.02 734.0
2455486.51114 18.852 0.065 4.74 771.0
2455487.49418 18.941 0.055 4.40 760.0
2455487.55453 18.819 0.061 5.27 784.0
2455488.54449 18.914 0.060 4.50 860.0
2455489.53265 18.950 0.071 5.27 813.0
2455492.53595 18.709 0.083 6.66 1111.0
2455494.53791 18.742 0.070 5.60 1054.0
2455495.54189 18.924 0.076 6.27 697.0
2455497.53942 18.835 0.090 7.44 821.0
2455502.50788 18.641 0.052 5.13 805.0
2455598.85621 18.675 0.042 5.44 539.0
2455599.86601 18.860 0.059 5.91 491.0
2455600.86251 18.781 0.051 5.39 548.0
2455602.87055 18.778 0.064 7.22 570.0
2455604.87872 18.766 0.057 6.26 582.0
2455605.87686 18.815 0.041 4.76 516.0
2455606.87457 18.728 0.051 6.13 520.0
2455607.87925 18.761 0.050 6.23 567.0
2455608.87380 18.775 0.055 6.34 488.0
2455611.85819 18.789 0.073 6.72 773.0
2455614.85885 18.812 0.052 5.20 676.0
2455615.86718 18.730 0.045 4.84 601.0
2455616.86044 18.755 0.057 6.14 640.0
2455620.84827 18.828 0.053 5.75 511.0
2455621.85111 18.804 0.042 4.52 457.0
2455622.88882 18.785 0.031 4.02 363.0
2455624.84380 18.800 0.049 5.62 457.0
2455625.82293 18.722 0.042 5.18 488.0
2455626.82367 18.794 0.068 7.20 608.0
2455627.84719 18.843 0.044 4.87 440.0
2455628.85789 18.778 0.042 5.49 435.0
2455629.82610 18.879 0.058 6.18 445.0
2455630.80351 18.760 0.048 5.81 475.0
2455631.83147 18.793 0.061 6.63 632.0
2455632.83857 18.771 0.048 5.56 495.0
2455633.79581 18.843 0.046 4.91 494.0
2455634.85068 18.745 0.050 5.94 468.0
2455635.85990 18.659 0.048 6.08 627.0
2455637.81979 18.791 0.068 7.15 727.0
2455638.79799 18.912 0.072 6.29 690.0
2455639.79563 18.609 0.048 5.25 731.0
2455639.87120 18.730 0.041 4.64 592.0
2455640.78911 18.873 0.082 6.90 805.0
2455640.82746 18.773 0.057 5.66 717.0
2455640.87514 18.720 0.046 5.35 658.0
2455640.91601 18.673 0.079 6.81 1703.0
2455641.78193 18.933 0.067 6.15 746.0
2455641.82433 18.777 0.051 5.68 670.0
2455641.86249 18.730 0.047 5.38 640.0
2455641.90720 18.817 0.063 8.92 681.0
2455642.78424 18.811 0.060 5.64 783.0
2455642.84328 18.813 0.049 4.96 702.0
2455642.90316 18.728 0.056 6.89 683.0
2455643.76696 18.854 0.059 5.01 825.0
2455643.80524 18.806 0.050 4.68 732.0
2455643.86499 18.776 0.041 4.12 683.0
2455643.90623 18.672 0.045 6.20 669.0
2455644.77469 18.581 0.067 5.79 1600.0
2455644.88595 18.794 0.060 5.39 1128.0
2455647.80344 18.812 0.066 5.77 941.0
2455647.84880 18.779 0.054 5.06 876.0
2455647.85889 18.681 0.049 4.99 880.0
2455647.87907 18.762 0.059 5.50 877.0
2455647.89506 18.649 0.058 5.86 896.0
2455648.75659 18.728 0.049 6.18 484.0
2455648.82199 18.686 0.034 4.48 452.0
2455648.86411 18.829 0.041 5.03 448.0
2455648.90944 18.812 0.058 7.64 483.0
2455649.76300 18.755 0.047 6.19 400.0
2455649.80498 18.789 0.039 4.99 402.0
2455649.86940 18.689 0.035 5.01 405.0
2455649.90764 18.817 0.046 6.36 433.0
2455650.75478 18.764 0.043 5.70 414.0
2455650.81726 18.748 0.033 4.52 393.0
2455650.86137 18.783 0.044 6.14 417.0
2455650.91022 18.764 0.039 4.64 470.0
2455651.77539 18.745 0.044 6.06 431.0
2455651.81843 18.924 0.049 5.59 423.0
2455651.89462 18.890 0.041 4.42 439.0
2455652.75546 18.760 0.038 4.94 415.0
2455652.81877 18.888 0.037 4.18 395.0
2455652.86068 18.811 0.040 5.33 417.0
2455653.77559 18.766 0.033 4.18 439.0
2455653.90463 18.733 0.028 3.22 407.0
2455654.77793 18.797 0.043 4.82 469.0
2455654.82723 18.677 0.034 4.62 425.0
2455654.86871 18.795 0.041 5.57 430.0
2455655.73770 18.707 0.047 5.28 561.0
2455655.77681 18.810 0.047 5.05 501.0
2455655.81476 18.771 0.048 5.51 482.0
2455655.85556 18.813 0.046 6.07 451.0
2455655.90526 18.850 0.049 8.36 458.0
2455656.79720 18.801 0.041 4.92 496.0
2455656.83808 18.743 0.032 4.01 464.0
2455656.92450 18.673 0.053 3.99 1801.0
2455657.78597 18.778 0.038 4.58 460.0
2455657.82697 18.727 0.030 3.88 452.0
2455657.87246 18.731 0.037 5.32 449.0
2455657.91684 18.750 0.038 4.47 534.0
2455658.78284 18.751 0.053 6.75 447.0
2455658.82083 18.724 0.050 6.50 442.0
2455658.82357 18.819 0.051 5.95 435.0
2455658.83986 18.735 0.040 5.17 428.0
2455658.87825 18.699 0.044 5.87 422.0
2455658.91939 18.896 0.061 6.07 552.0
2455659.73452 18.768 0.040 4.98 462.0
2455659.77213 18.799 0.044 5.42 458.0
2455659.81143 18.793 0.046 5.83 449.0
2455659.85327 18.799 0.050 6.09 638.0
2455659.90165 18.781 0.040 5.23 430.0
2455660.72569 18.698 0.051 7.01 493.0
2455660.77306 18.814 0.046 5.32 430.0
2455660.81641 18.788 0.041 5.41 432.0
2455660.87208 18.797 0.051 6.26 428.0
2455662.72478 18.705 0.060 6.95 516.0
2455662.76515 18.688 0.053 6.97 491.0
2455662.82690 18.748 0.041 5.29 530.0
2455662.86505 18.741 0.040 5.07 525.0
2455662.90701 18.705 0.038 4.69 523.0
2455663.76774 18.614 0.040 5.89 451.0
2455664.77018 18.747 0.049 5.99 586.0
2455664.81099 18.755 0.043 5.10 488.0
2455664.87140 18.553 0.048 6.83 524.0
2455664.91505 18.874 0.047 4.95 488.0
2455665.73905 18.841 0.065 7.11 539.0
2455665.78487 18.798 0.038 4.79 449.0
2455665.84920 18.789 0.044 5.86 439.0
2455665.89677 18.750 0.034 4.43 439.0
2455667.72096 18.746 0.044 5.06 614.0
2455667.77355 18.720 0.041 5.05 562.0
2455667.82601 18.766 0.041 5.51 529.0
2455667.87871 18.718 0.032 4.17 475.0
2455667.92436 18.670 0.033 3.95 550.0
2455668.76249 18.668 0.057 6.47 740.0
2455668.82997 18.651 0.055 5.68 1132.0
2455668.88708 18.869 0.065 3.94 1742.0
2455668.92622 18.738 0.053 3.90 1221.0
2455669.77582 18.836 0.043 4.11 775.0
2455669.81457 18.711 0.046 5.24 747.0
2455669.87659 18.730 0.050 5.05 846.0
2455669.92060 18.785 0.058 5.22 835.0
2455670.75036 18.754 0.062 6.18 866.0
2455670.80258 18.670 0.049 5.27 810.0
2455670.89617 18.668 0.043 4.19 860.0
2455671.73173 18.706 0.056 5.64 916.0
2455671.77218 18.703 0.039 3.98 798.0
2455675.73425 18.716 0.045 4.68 730.0
2455675.77261 18.720 0.057 5.29 1052.0
2455675.81197 18.761 0.068 5.58 1108.0
2455675.87133 18.767 0.038 3.99 571.0
2455675.92426 18.797 0.047 4.58 675.0
2455676.69923 18.764 0.027 4.07 252.0
2455676.73840 18.732 0.032 4.91 330.0
2455676.77727 18.715 0.037 5.20 451.0
2455676.82764 18.800 0.040 5.42 469.0
2455676.87815 18.801 0.034 3.90 469.0
2455676.92757 18.705 0.037 4.02 615.0
2455677.73335 18.669 0.040 5.56 481.0
2455677.77695 18.793 0.040 5.04 497.0
2455677.82734 18.726 0.045 6.45 480.0
2455677.87932 18.773 0.038 4.24 484.0
2455677.91921 18.855 0.035 3.45 501.0
2455679.69722 18.765 0.048 5.97 511.0
2455679.73912 18.680 0.036 4.62 501.0
2455679.79107 18.757 0.045 5.67 486.0
2455679.84212 18.822 0.044 4.55 508.0
2455679.88349 18.825 0.040 3.94 499.0
2455679.92241 18.792 0.040 4.08 535.0
2455680.68472 18.697 0.048 5.83 498.0
2455680.72314 18.784 0.055 6.42 476.0
2455680.77181 18.775 0.045 5.26 479.0
2455680.82505 18.812 0.041 4.95 474.0
2455680.86801 18.807 0.041 4.49 467.0
2455680.90881 18.735 0.033 3.74 461.0
2455681.67512 18.780 0.054 6.07 547.0
2455681.71334 18.696 0.044 5.73 508.0
2455681.75263 18.742 0.038 4.85 468.0
2455681.80352 18.830 0.045 5.22 486.0
2455681.85857 18.695 0.058 7.00 555.0
2455681.90025 18.715 0.040 4.60 553.0
2455682.66249 18.717 0.047 5.40 641.0
2455682.70330 18.841 0.057 6.06 619.0
2455682.75057 18.678 0.037 4.94 501.0
2455682.79311 18.768 0.046 6.04 530.0
2455682.88315 18.645 0.032 3.89 555.0
2455682.92283 18.717 0.040 4.58 579.0
2455683.68454 18.718 0.042 5.37 539.0
2455683.73406 18.732 0.044 5.57 496.0
2455683.80389 18.683 0.033 3.98 507.0
2455683.86225 18.781 0.045 5.04 590.0
2455683.90440 18.684 0.036 4.07 568.0
2455684.65410 18.728 0.041 5.46 568.0
2455684.70708 18.856 0.044 5.21 499.0
2455684.76623 18.907 0.038 3.92 470.0
2455684.81867 18.905 0.044 4.52 487.0
2455684.87806 18.778 0.039 3.95 504.0
2455684.91899 18.793 0.043 4.55 513.0
2455685.74478 18.805 0.036 4.27 456.0
2455685.79335 18.783 0.033 4.03 453.0
2455685.84572 18.726 0.030 3.56 463.0
2455685.88914 18.802 0.035 3.84 472.0
2455685.93948 18.766 0.115 5.39 3318.0
2455686.69402 18.759 0.050 6.55 525.0
2455686.74276 18.821 0.042 5.37 502.0
2455686.80013 18.755 0.034 4.07 503.0
2455686.84745 18.672 0.040 4.98 525.0
2455686.88939 18.808 0.056 5.95 526.0
2455686.92913 18.723 0.046 4.66 637.0
2455687.68609 18.693 0.056 7.09 683.0
2455687.72915 18.673 0.043 5.96 518.0
2455687.77996 18.735 0.042 5.64 489.0
2455687.83322 18.768 0.035 4.32 475.0
2455688.84605 18.788 0.038 4.35 460.0
2455688.91407 18.809 0.054 4.55 960.0
2455689.68651 18.696 0.033 4.53 462.0
2455689.75138 18.850 0.047 5.35 457.0
2455689.80070 18.791 0.035 4.37 425.0
2455690.66768 18.794 0.041 5.24 423.0
2455690.71864 18.763 0.038 5.14 425.0
2455690.78098 18.814 0.049 5.65 477.0
2455690.88397 18.813 0.056 6.04 664.0
2455691.64642 18.675 0.047 6.28 551.0
2455691.70778 18.794 0.041 5.07 470.0
2455691.75823 18.765 0.045 5.63 491.0
2455691.80254 18.815 0.045 5.13 504.0
2455691.85105 18.716 0.046 5.48 525.0
2455691.90819 18.902 0.059 6.03 550.0
2455692.64950 18.866 0.067 7.00 735.0
2455692.70640 18.747 0.044 5.34 565.0
2455692.75369 18.766 0.041 5.26 529.0
2455692.79165 18.715 0.037 4.68 581.0
2455692.83199 18.711 0.049 5.84 618.0
2455692.87065 18.764 0.039 3.98 678.0
2455692.90830 18.844 0.051 4.94 701.0
2455693.61618 18.912 0.061 6.13 689.0
2455693.65878 18.759 0.048 5.93 594.0
2455693.72818 18.789 0.041 5.12 525.0
2455693.77722 18.862 0.039 4.14 521.0
2455693.81580 18.799 0.038 4.15 563.0
2455693.85397 18.799 0.038 3.78 638.0
2455693.89184 18.840 0.046 4.32 705.0
2455693.93366 18.772 0.057 5.61 802.0
2455694.63501 18.800 0.051 5.20 709.0
2455694.66997 18.773 0.040 4.37 638.0
2455694.73497 18.748 0.046 5.18 648.0
2455694.78252 18.810 0.046 4.97 608.0
2455694.82476 18.837 0.042 4.52 558.0
2455694.86202 18.704 0.039 4.53 550.0
2455694.89962 18.690 0.040 4.58 631.0
2455694.93876 18.842 0.075 5.70 1230.0
2455695.64516 18.618 0.051 6.45 618.0
2455695.69349 18.853 0.056 5.56 717.0
2455695.78117 18.763 0.039 4.69 545.0
2455695.82504 18.752 0.036 3.75 623.0
2455695.86416 18.872 0.039 4.09 474.0
2455695.90160 18.798 0.039 4.52 470.0
2455695.93959 18.845 0.064 5.54 963.0
2455696.62962 18.619 0.052 5.77 844.0
2455696.68130 18.717 0.043 4.59 689.0
2455696.72876 18.722 0.040 4.46 611.0
2455696.76798 18.734 0.044 5.23 581.0
2455696.81013 18.780 0.045 4.27 682.0
2455696.85266 18.897 0.052 4.41 717.0
2455696.90305 18.791 0.043 4.69 545.0
2455697.60183 18.716 0.063 5.70 1051.0
2455697.63895 18.894 0.060 5.06 865.0
2455697.69655 18.730 0.042 4.43 742.0
2455697.73400 18.747 0.054 5.88 758.0
2455697.77497 18.750 0.045 4.89 730.0
2455697.81650 18.825 0.042 3.56 788.0
2455697.85469 18.831 0.044 3.83 782.0
2455697.89876 18.866 0.048 4.41 766.0
2455697.93919 18.773 0.069 5.28 1410.0
2455698.63164 18.816 0.067 4.77 1394.0
2455698.68091 18.754 0.056 4.64 1129.0
2455698.71987 18.685 0.055 4.91 1102.0
2455698.76008 18.809 0.064 5.45 1032.0
2455698.80118 18.798 0.056 4.56 1131.0
2455698.84093 18.716 0.046 3.79 1107.0
2455698.92545 18.761 0.072 5.53 1306.0
2455702.66572 18.801 0.106 6.54 2406.0
2455703.74607 18.823 0.067 6.94 705.0
2455703.81722 18.709 0.071 7.82 831.0
2455703.86688 18.748 0.072 7.52 907.0
2455705.73870 18.785 0.057 6.40 529.0
2455705.78155 18.820 0.051 6.01 520.0
2455705.83302 18.705 0.048 5.81 520.0
2455705.88705 18.827 0.071 7.11 686.0
2455705.93646 18.804 0.079 7.71 894.0
2455706.71516 18.800 0.059 6.84 542.0
2455706.77061 18.873 0.065 6.69 476.0
2455706.84307 18.810 0.059 6.30 656.0
2455707.57326 18.902 0.074 7.06 701.0
2455707.61571 18.731 0.054 6.54 523.0
2455707.66276 18.810 0.052 6.23 475.0
2455707.71050 18.761 0.047 5.91 514.0
2455707.74902 18.764 0.044 5.51 534.0
2455707.78975 18.805 0.038 4.25 544.0
2455707.82951 18.699 0.042 4.77 624.0
2455707.86928 18.723 0.052 5.63 629.0
2455708.59436 18.685 0.050 6.19 638.0
2455708.64055 18.792 0.064 7.00 691.0
2455708.69037 18.678 0.040 5.52 451.0
2455708.73951 18.884 0.053 5.78 466.0
2455708.78135 18.762 0.057 6.68 479.0
2455708.83119 18.895 0.049 5.04 545.0
2455708.87858 18.881 0.073 6.85 854.0
2455709.56323 18.778 0.052 6.44 507.0
2455709.61080 18.658 0.048 6.71 472.0
2455709.62353 18.776 0.049 6.24 466.0
2455709.66358 18.835 0.048 6.06 451.0
2455710.73161 18.712 0.047 6.54 452.0
2455712.56497 18.807 0.082 7.43 1072.0
2455712.63537 18.745 0.049 5.71 584.0
2455712.64790 18.673 0.044 5.63 555.0
2455712.70893 18.891 0.046 5.11 526.0
2455712.74975 18.867 0.039 4.14 512.0
2455712.79144 18.820 0.040 4.24 542.0
2455712.83051 18.885 0.044 4.72 515.0
2455712.87794 18.748 0.046 5.51 587.0
2455713.75829 18.773 0.039 4.99 474.0
2455713.79442 18.829 0.043 5.11 490.0
2455713.80687 18.730 0.035 4.36 493.0
2455713.84529 18.736 0.046 5.80 475.0
2455714.65514 18.770 0.045 6.07 414.0
2455714.87271 18.932 0.067 6.83 736.0
2455715.65572 18.735 0.038 5.01 459.0
2455715.70035 18.784 0.038 5.19 418.0
2455715.74538 18.762 0.038 5.31 429.0
2455715.79197 18.735 0.035 4.66 427.0
2455715.83451 18.838 0.043 5.02 467.0
2455715.88970 18.802 0.057 6.32 521.0
2455716.57445 18.745 0.053 6.20 557.0
2455716.66513 18.781 0.050 6.36 446.0
2455716.67787 18.773 0.053 6.54 440.0
2455716.73059 18.720 0.040 5.43 414.0
2455716.77405 18.811 0.055 6.46 437.0
2455716.81391 18.843 0.049 5.67 419.0
2455716.85375 18.730 0.055 6.68 573.0
2455716.89289 18.807 0.054 6.01 523.0
2455721.59551 18.714 0.047 4.99 676.0
2455721.60801 18.582 0.047 6.07 591.0
2455721.62042 18.782 0.049 5.60 580.0
2455721.67277 18.688 0.043 5.51 584.0
2455721.69851 18.660 0.040 5.61 527.0
2455721.76570 18.814 0.043 5.10 477.0
2455721.80527 18.852 0.044 5.10 473.0
2455721.84636 18.648 0.042 5.30 579.0
2455722.59073 18.818 0.043 4.32 610.0
2455722.64516 18.861 0.048 5.39 540.0
2455722.69976 18.847 0.047 5.47 499.0
2455722.76526 18.756 0.039 4.17 541.0
2455722.80500 18.690 0.039 4.25 594.0
2455723.58571 18.712 0.045 5.02 599.0
2455723.63384 18.832 0.050 5.68 535.0
2455723.68379 18.644 0.044 5.80 522.0
2455723.72381 18.782 0.039 4.75 488.0
2455723.76336 18.707 0.036 3.98 546.0
2455723.80194 18.783 0.036 4.13 463.0
2455724.53701 18.690 0.078 7.11 907.0
2455724.58463 18.876 0.066 5.55 761.0
2455724.59885 18.590 0.050 5.54 717.0
2455724.61145 18.872 0.066 6.05 693.0
2455724.66213 18.815 0.053 5.61 598.0
2455724.72354 18.810 0.050 5.62 560.0
2455724.77335 18.724 0.043 4.39 582.0
2455724.81441 18.755 0.050 5.03 589.0
2455725.56441 18.800 0.047 4.74 700.0
2455725.63178 18.822 0.044 4.57 644.0
2455725.69843 18.723 0.036 4.29 651.0
2455725.73901 18.844 0.042 3.75 720.0
2455725.77791 18.832 0.044 4.14 700.0
2455726.53640 18.726 0.083 5.87 1571.0
2455726.57876 18.678 0.061 5.44 987.0
2455726.62583 18.885 0.063 5.50 894.0
2455726.67316 18.643 0.053 5.39 858.0
2455726.71263 18.808 0.043 3.97 839.0
2455726.75316 18.904 0.056 4.23 912.0
2455726.79864 18.786 0.057 4.90 951.0
2455734.61108 18.805 0.057 6.42 566.0
2455734.73625 18.746 0.064 7.35 587.0
2455734.77990 18.781 0.057 6.51 530.0
2455734.82990 18.886 0.070 6.61 604.0
2455735.66340 18.676 0.060 7.88 470.0
2455735.72326 18.845 0.050 5.74 486.0
2455735.77272 18.741 0.046 6.05 484.0
2455735.81897 18.703 0.042 5.33 533.0
2455735.86584 18.841 0.064 6.31 646.0
2455736.52092 18.702 0.059 6.57 673.0
2455736.56393 18.655 0.042 5.27 555.0
2455736.60447 18.739 0.034 4.23 445.0
2455736.64821 18.829 0.032 3.74 417.0
2455736.68835 18.714 0.034 5.04 401.0
2455736.76977 18.755 0.034 3.89 485.0
2455736.81532 18.786 0.039 4.29 496.0
2455736.86243 18.740 0.041 4.49 594.0
2455737.50735 18.732 0.067 7.04 625.0
2455737.54723 18.679 0.040 4.75 582.0
2455737.59974 18.687 0.033 4.33 440.0
2455737.64212 18.791 0.032 3.85 415.0
2455737.69696 18.820 0.034 4.17 393.0
2455737.73648 18.768 0.033 4.16 397.0
2455737.77709 18.792 0.036 4.37 425.0
2455737.82383 18.738 0.036 4.30 468.0
2455737.86510 18.785 0.046 5.21 558.0
2455738.53725 18.723 0.043 4.83 543.0
2455738.57669 18.750 0.041 5.03 461.0
2455738.61740 18.729 0.043 5.75 443.0
2455738.66885 18.874 0.038 4.38 435.0
2455738.76275 18.781 0.035 4.30 467.0
2455739.51558 18.767 0.055 5.87 645.0
2455739.55360 18.749 0.050 5.62 569.0
2455739.59188 18.756 0.048 5.85 463.0
2455739.64286 18.836 0.041 5.14 417.0
2455739.70096 18.740 0.040 5.27 405.0
2455739.73905 18.825 0.040 4.56 433.0
2455739.77811 18.738 0.040 4.68 485.0
2455739.82542 18.763 0.047 5.49 512.0
2455739.87467 18.757 0.070 7.04 631.0
2455740.53063 18.766 0.050 5.21 575.0
2455740.57283 18.730 0.064 7.02 546.0
2455740.63417 18.706 0.047 6.21 440.0
2455740.68816 18.725 0.036 4.27 446.0
2455740.73750 18.815 0.041 4.47 461.0
2455740.77640 18.857 0.041 4.24 463.0
2455740.82131 18.878 0.057 5.69 539.0
2455740.86828 18.807 0.062 6.13 632.0
2455741.50817 18.753 0.056 6.13 649.0
2455741.54638 18.881 0.052 5.53 520.0
2455741.59158 18.707 0.041 5.52 460.0
2455741.62947 18.792 0.040 4.82 421.0
2455741.68012 18.739 0.035 4.68 403.0
2455741.72912 18.846 0.042 4.87 431.0
2455741.77020 18.680 0.036 4.84 426.0
2455742.52121 18.826 0.059 5.47 666.0
2455742.56442 18.754 0.050 4.97 613.0
2455742.60267 18.805 0.043 4.96 453.0
2455742.66174 18.775 0.032 4.27 393.0
2455742.70337 18.778 0.038 4.79 405.0
2455742.74196 18.733 0.032 3.76 448.0
2455742.78023 18.711 0.032 3.88 440.0
2455743.61447 18.755 0.055 6.10 483.0
2455743.65236 18.687 0.049 5.96 484.0
2455743.70580 18.818 0.054 6.01 475.0
2455743.75333 18.703 0.045 5.27 541.0
2455743.79113 18.775 0.046 5.12 526.0
2455743.82905 18.665 0.040 4.45 573.0
2455743.86684 18.803 0.055 5.26 669.0
2455744.51090 18.875 0.071 6.40 684.0
2455744.54877 18.829 0.059 6.05 581.0
2455744.58734 18.737 0.049 5.78 550.0
2455744.70089 18.799 0.042 5.23 437.0
2455744.76209 18.838 0.050 6.20 450.0
2455744.80582 18.737 0.045 5.76 492.0
2455744.85134 18.741 0.067 7.34 591.0
2455745.49983 18.724 0.054 6.38 582.0
2455745.53908 18.802 0.052 6.13 498.0
2455745.58585 18.875 0.061 6.50 499.0
2455745.62557 18.864 0.063 6.47 498.0
2455745.68601 18.687 0.043 5.41 479.0
2455745.72438 18.695 0.037 4.88 457.0
2455745.76254 18.798 0.053 6.35 451.0
2455746.54344 18.700 0.056 7.34 711.0
2455746.59707 18.647 0.041 5.53 464.0
2455746.63495 18.772 0.054 6.73 433.0
2455746.70362 18.883 0.057 6.54 434.0
2455746.74138 18.805 0.048 5.90 445.0
2455746.77898 18.865 0.060 6.60 499.0
2455747.59841 18.620 0.066 8.02 563.0
2455747.64183 18.678 0.061 7.98 463.0
2455747.68832 18.593 0.064 8.64 487.0
2455747.73149 18.766 0.066 7.74 464.0
2455747.77566 18.687 0.055 6.98 492.0
2455748.61748 18.877 0.061 6.21 570.0
2455748.66892 18.719 0.042 5.52 485.0
2455749.51298 18.656 0.061 7.15 621.0
2455749.55058 18.846 0.057 6.52 520.0
2455749.58838 18.815 0.048 5.86 472.0
2455749.62841 18.695 0.041 5.32 479.0
2455749.67872 18.776 0.058 7.16 440.0
2455749.79504 18.600 0.056 7.79 476.0
2455752.60113 18.674 0.070 7.63 812.0
2455752.65139 18.790 0.051 5.71 686.0
2455752.70171 18.668 0.042 5.71 639.0
2455752.74748 18.724 0.042 5.27 649.0
2455753.53743 18.728 0.070 6.78 977.0
2455753.58585 18.773 0.089 6.90 1616.0
2455753.64241 18.648 0.071 5.88 1815.0
2455759.81956 18.842 0.089 7.00 950.0
2455760.51557 18.666 0.058 7.17 585.0
2455760.57204 18.719 0.059 6.73 629.0
2455760.62399 18.684 0.050 5.96 627.0
2455760.67168 18.624 0.045 6.08 600.0
2455760.72312 18.786 0.056 6.02 660.0
2455760.76138 18.575 0.041 5.61 643.0
2455761.53407 18.696 0.029 4.56 409.0
2455761.59057 18.706 0.037 4.11 788.0
2455762.53738 18.736 0.046 5.19 505.0
2455762.57531 18.644 0.044 5.44 517.0
2455762.61691 18.689 0.052 6.37 513.0
2455762.65618 18.647 0.049 6.60 502.0
2455762.69343 18.661 0.044 5.59 506.0
2455762.73166 18.645 0.050 5.93 565.0
2455763.48724 18.710 0.049 5.65 594.0
2455763.53185 18.662 0.032 4.12 524.0
2455763.57331 18.668 0.031 4.26 470.0
2455763.67371 18.642 0.048 6.55 516.0
2455763.72140 18.713 0.044 5.33 592.0
2455763.75910 18.714 0.049 5.62 681.0
2455764.49690 18.619 0.042 5.27 552.0
2455764.53650 18.686 0.036 4.47 521.0
2455764.57644 18.645 0.039 5.34 534.0
2455764.62565 18.647 0.035 4.99 439.0
2455765.49513 18.645 0.039 4.96 606.0
2455765.53832 18.642 0.042 5.34 623.0
2455765.60091 18.563 0.029 3.93 538.0
2455765.64728 18.561 0.033 4.55 524.0
2455765.69041 18.564 0.040 5.27 544.0
2455765.73811 18.616 0.041 5.29 498.0
2455766.50703 18.495 0.033 5.24 465.0
2455766.56139 18.568 0.041 6.03 455.0
2455766.61108 18.584 0.033 4.93 438.0
2455766.65191 18.684 0.035 4.56 424.0
2455766.69338 18.602 0.036 5.07 417.0
2455767.48396 18.414 0.039 5.61 562.0
2455767.52860 18.563 0.044 6.06 542.0
2455767.57152 18.518 0.036 5.15 525.0
2455767.63211 18.468 0.040 6.62 516.0
2455767.69604 18.502 0.037 5.39 511.0
2455767.73840 18.537 0.037 5.26 480.0
2455768.47356 18.381 0.040 5.94 599.0
2455768.51389 18.486 0.034 5.34 499.0
2455768.57423 18.485 0.031 4.95 515.0
2455768.61702 18.424 0.030 5.51 488.0
2455768.66369 18.578 0.032 5.16 449.0
2455769.49901 18.358 0.033 5.39 550.0
2455769.54019 18.407 0.027 4.64 453.0
2455769.59531 18.347 0.030 5.87 423.0
2455769.71216 18.377 0.028 4.16 463.0
2455769.75450 18.499 0.033 4.82 477.0
2455770.65505 18.374 0.041 6.72 492.0
2455770.73975 18.445 0.033 4.69 493.0
2455775.55422 18.598 0.049 6.61 456.0
2455776.52628 18.604 0.060 7.56 533.0
2455776.58756 18.577 0.059 7.84 512.0
2455776.63410 18.641 0.049 6.90 427.0
2455777.50656 18.653 0.032 4.36 521.0
2455777.55655 18.640 0.031 4.56 471.0
2455777.63267 18.581 0.036 5.47 454.0
2455778.49023 18.672 0.067 7.21 639.0
2455778.54228 18.666 0.059 6.96 595.0
2455778.59447 18.659 0.054 6.34 651.0
2455779.58260 18.718 0.037 4.48 476.0
2455779.62815 18.806 0.038 4.60 451.0
2455779.68238 18.656 0.048 6.09 501.0
2455779.72337 18.625 0.040 5.42 489.0
2455784.51276 18.981 0.117 4.63 2820.0
2455784.59897 18.783 0.052 4.72 797.0
2455784.71445 18.701 0.100 4.92 2883.0
2455785.48789 18.848 0.077 6.12 792.0
2455785.55935 18.762 0.069 6.13 825.0
2455785.60997 18.872 0.073 5.93 770.0
2455785.65440 18.897 0.068 5.40 779.0
2455786.47713 18.867 0.085 6.35 908.0
2455786.55389 18.827 0.076 6.86 805.0
2455786.59828 18.821 0.051 4.79 703.0
2455786.64133 18.664 0.045 4.65 708.0
2455786.74223 18.806 0.079 6.32 952.0
2455787.51854 18.658 0.047 5.64 705.0
2455787.57702 18.702 0.044 5.11 665.0
2455787.61977 18.709 0.040 4.13 668.0
2455787.66055 18.710 0.045 4.47 713.0
2455787.70346 18.637 0.043 4.46 780.0
2455788.47220 18.615 0.057 6.02 808.0
2455788.52760 18.678 0.048 5.50 603.0
2455788.58180 18.786 0.050 5.25 617.0
2455788.62012 18.858 0.052 4.91 620.0
2455790.50792 18.704 0.052 6.59 471.0
2455790.55986 18.729 0.067 8.02 527.0
2455790.60056 18.646 0.052 7.09 519.0
2455790.63947 18.835 0.056 6.32 529.0
2455790.68058 19.028 0.066 5.99 690.0
2455790.72073 18.866 0.059 6.07 613.0
2455791.48847 18.549 0.045 6.00 531.0
2455791.56707 18.769 0.043 5.08 485.0
2455793.48942 18.634 0.042 5.57 499.0
2455793.55481 18.688 0.042 5.64 460.0
2455793.59453 18.774 0.049 6.08 465.0
2455793.63567 18.673 0.043 5.94 467.0
2455793.67491 18.758 0.046 5.40 488.0
2455794.49230 18.887 0.058 6.23 493.0
2455794.56027 18.850 0.057 6.66 439.0
2455794.60189 18.854 0.055 6.50 453.0
2455794.64295 18.869 0.052 5.94 472.0
2455794.68851 18.844 0.047 5.28 523.0
2455795.53984 18.735 0.058 6.84 481.0
2455795.69665 18.650 0.044 5.61 491.0
2455796.51392 18.818 0.044 5.19 492.0
2455796.58350 18.773 0.061 7.38 514.0
2455796.62260 18.779 0.044 5.65 464.0
2455796.66389 18.726 0.045 6.06 452.0
2455796.70534 18.467 0.053 7.39 607.0
2455798.68635 18.789 0.071 8.14 521.0
2455801.50434 18.822 0.043 4.92 462.0
2455801.55731 18.829 0.056 6.53 448.0
2455801.59636 18.900 0.064 7.03 444.0
2455801.63433 18.794 0.069 7.88 487.0
2455801.67590 18.700 0.056 6.83 499.0
2455802.54632 18.803 0.058 6.65 474.0
2455802.59010 18.786 0.061 7.09 477.0
2455803.52275 18.826 0.060 6.74 494.0
2455803.60701 18.687 0.054 6.83 536.0
2455804.53023 18.789 0.045 5.53 470.0
2455804.56849 18.836 0.043 5.13 457.0
2455804.60885 18.724 0.042 5.21 451.0
2455804.64678 18.833 0.054 6.05 519.0
2455805.53077 18.715 0.037 4.89 447.0
2455805.56915 18.750 0.034 4.15 434.0
2455805.61016 18.793 0.056 5.50 485.0
2455806.52436 18.886 0.068 6.39 565.0
2455806.59476 18.782 0.060 6.17 523.0
2455807.56469 18.806 0.060 6.54 475.0
2455807.60702 18.703 0.062 6.90 520.0
2455807.64676 18.972 0.063 5.78 484.0
2455812.50983 18.813 0.087 7.24 831.0
2455812.55013 18.739 0.071 6.44 841.0
2455812.58951 18.953 0.090 6.51 1053.0
2455813.52144 18.769 0.062 6.76 689.0
2455813.56348 18.881 0.050 4.50 702.0
2455813.60171 18.904 0.048 4.52 735.0
2455813.63947 18.799 0.049 5.36 778.0
2455815.50016 18.742 0.044 5.24 611.0
2455815.54280 18.822 0.046 4.96 631.0
2455815.59029 18.809 0.045 4.79 683.0
2455815.62815 18.854 0.043 3.80 754.0
2455815.66457 18.795 0.045 4.05 843.0
2455816.51406 18.727 0.044 4.80 670.0
2455816.56151 18.795 0.051 5.00 720.0
2455816.59971 19.093 0.091 6.35 753.0
2455816.64038 18.777 0.078 7.28 764.0
2455817.51525 18.677 0.041 4.69 611.0
2455817.56250 18.773 0.053 5.24 648.0
2455817.60167 18.649 0.054 6.22 622.0
2455817.64138 18.821 0.063 6.24 733.0
2455818.50609 18.712 0.050 5.61 579.0
2455818.54397 18.756 0.051 5.11 642.0
2455818.58191 18.784 0.064 6.24 677.0
2455818.62238 18.775 0.066 5.79 797.0
2455819.49437 18.713 0.049 5.89 578.0
2455819.55263 18.751 0.049 5.35 639.0
2455819.59011 18.893 0.053 4.79 671.0
2455819.62942 18.921 0.059 4.88 744.0
2455820.48296 18.892 0.085 7.58 710.0
2455820.52120 18.614 0.050 6.18 603.0
2455820.56826 18.880 0.058 5.69 590.0
2455820.60610 18.740 0.049 4.82 665.0
2455820.64400 18.921 0.066 5.30 742.0
2455822.52528 19.209 0.095 7.20 468.0
2455822.57026 18.832 0.059 6.63 466.0
2455822.61374 18.870 0.051 5.12 499.0
2455823.50186 18.974 0.086 7.37 549.0
2455823.54518 18.942 0.079 7.16 548.0
2455823.58869 18.793 0.057 5.96 555.0
2455824.52752 18.727 0.045 5.30 504.0
2455824.56675 18.910 0.043 4.35 473.0
2455824.60798 18.593 0.045 5.51 511.0
2455825.48751 18.755 0.067 7.06 618.0
2455825.53707 18.787 0.054 5.56 567.0
2455825.58342 18.749 0.044 4.38 586.0
2455825.62576 18.704 0.043 5.23 552.0
2455826.50657 18.832 0.064 6.44 527.0
2455826.55524 18.967 0.066 5.60 553.0
2455827.49497 18.796 0.072 6.93 648.0
2455827.53265 18.747 0.065 6.18 659.0
2455827.57549 18.818 0.060 5.54 658.0
2455828.50612 18.860 0.051 5.62 484.0
2455828.54603 18.834 0.045 4.64 484.0
2455828.58365 18.948 0.052 4.75 519.0
2455829.51888 18.734 0.045 5.04 571.0
2455829.55681 18.728 0.037 4.31 572.0
2455829.59507 18.689 0.039 5.10 550.0
2455830.48274 18.797 0.046 4.75 664.0
2455830.53203 18.871 0.044 4.48 498.0
2455830.56970 18.900 0.053 5.33 520.0
2455831.48026 18.746 0.065 4.52 1520.0
2455831.53882 18.775 0.040 4.54 509.0
2455831.57626 18.834 0.046 5.34 515.0
2455832.52224 18.846 0.044 4.61 551.0
2455832.56185 18.687 0.044 5.08 584.0
2455833.52014 18.752 0.042 4.67 523.0
2455833.55967 18.751 0.043 4.63 502.0
2455834.51934 18.806 0.039 4.15 504.0
2455834.55710 18.765 0.039 4.44 501.0
2455834.59329 18.720 0.044 5.08 523.0
2455835.54050 18.983 0.083 6.64 605.0
2455836.50291 18.735 0.080 6.15 1225.0
2455836.53612 18.917 0.075 4.62 1246.0
2455839.48577 18.697 0.074 6.82 1008.0
2455839.52568 18.912 0.076 6.66 742.0
2455839.56462 18.794 0.072 5.64 1140.0
2455839.59499 18.791 0.103 5.98 1936.0
2455840.51564 18.985 0.075 6.02 694.0
2455840.56664 18.929 0.059 4.62 736.0
2455840.60845 18.838 0.060 4.86 815.0
2455841.51177 18.816 0.074 6.69 776.0
2455841.55141 18.687 0.061 6.03 814.0
2455841.59440 18.844 0.074 5.98 877.0
2455842.51376 19.042 0.104 7.33 737.0
2455842.55791 19.104 0.096 6.57 768.0
2455842.59833 18.788 0.079 6.90 880.0
2455843.51535 18.772 0.063 6.37 704.0
2455843.55618 18.855 0.074 6.59 718.0
2455843.59668 18.930 0.082 6.84 784.0
2455844.49966 18.967 0.072 6.04 725.0
2455844.53912 18.865 0.067 5.89 752.0
2455844.57989 19.026 0.096 6.63 856.0
2455845.50002 19.073 0.102 7.82 737.0
2455845.53987 18.932 0.076 6.32 839.0
2455845.58018 18.532 0.074 7.66 999.0
2455846.50386 19.093 0.108 6.89 881.0
2455846.54188 19.334 0.131 6.45 956.0
2455846.58070 18.830 0.106 7.34 1141.0
2455850.51457 18.867 0.059 6.05 633.0
2455850.55320 18.728 0.052 5.94 617.0
2455851.50350 18.748 0.051 5.90 572.0
2455851.54185 18.759 0.052 5.76 570.0
2455852.49136 18.746 0.084 6.64 1070.0
2455852.53133 18.819 0.077 6.29 835.0
2455854.49488 18.637 0.070 6.60 959.0
2455854.53809 18.749 0.058 5.31 748.0
2455855.52390 18.882 0.070 5.21 777.0
2455855.55186 18.884 0.067 5.25 752.0
2455856.52390 19.108 0.092 5.95 730.0
2455857.49427 19.047 0.128 8.03 1041.0
2455858.49630 18.745 0.096 8.46 893.0
2455859.49505 19.091 0.120 6.75 1285.0
2455859.53248 18.913 0.063 5.60 708.0
2455860.50858 18.782 0.058 5.33 689.0
2455861.49692 18.733 0.072 5.56 1131.0
2455862.51660 18.751 0.053 5.33 606.0
2455866.51063 18.940 0.095 6.23 1086.0
2455867.51381 18.849 0.059 5.16 795.0
2455868.51516 18.703 0.064 6.16 877.0
2455869.50608 18.688 0.092 6.94 1077.0
2455870.51072 18.643 0.047 4.59 999.0
2455871.49948 18.874 0.089 5.42 1711.0
2455872.49928 18.889 0.095 5.05 2159.0
2455873.50046 18.791 0.085 5.04 1855.0
