2455260.87018 18.550 0.033 4.65 558.0
2455261.80504 18.536 0.031 4.12 527.0
2455264.82815 18.565 0.044 5.13 746.0
2455264.88125 18.438 0.038 4.92 756.0
2455264.89857 18.533 0.038 4.44 795.0
2455265.80423 18.508 0.028 4.46 418.0
2455266.79221 18.539 0.036 5.71 429.0
2455267.83402 18.482 0.029 5.04 369.0
2455268.80525 18.504 0.030 5.15 374.0
2455269.80014 18.475 0.027 4.63 369.0
2455270.84451 18.546 0.027 3.86 351.0
2455271.79955 18.559 0.029 4.65 395.0
2455272.80643 18.478 0.031 5.49 351.0
2455273.86103 18.489 0.026 4.54 344.0
2455274.80976 18.572 0.038 5.89 371.0
2455275.79632 18.523 0.035 5.04 491.0
2455276.83043 18.535 0.027 4.35 342.0
2455277.79656 18.520 0.036 5.65 381.0
2455278.80658 18.578 0.032 5.21 373.0
2455279.80782 18.496 0.042 6.97 372.0
2455280.85939 18.513 0.027 4.05 380.0
2455281.79435 18.543 0.027 4.29 373.0
2455282.77483 18.554 0.036 4.74 549.0
2455282.91985 18.547 0.051 4.52 1448.0
2455283.77600 18.565 0.035 4.64 560.0
2455284.77799 18.463 0.038 5.62 672.0
2455285.77367 18.526 0.039 4.89 767.0
2455285.90319 18.496 0.036 5.15 596.0
2455286.76487 18.513 0.040 4.68 728.0
2455287.83451 18.461 0.030 4.09 592.0
2455288.76786 18.451 0.033 4.11 691.0
2455292.83800 18.516 0.042 3.82 1328.0
2455293.84595 18.479 0.030 4.26 477.0
2455294.77575 18.507 0.026 4.23 323.0
2455295.77744 18.518 0.025 4.30 297.0
2455296.81787 18.529 0.023 3.59 315.0
2455297.85225 18.515 0.023 3.41 301.0
2455298.89242 18.502 0.024 3.81 327.0
2455299.87563 18.523 0.023 3.71 329.0
2455301.80392 18.505 0.024 3.87 342.0
2455304.76606 18.509 0.034 5.98 448.0
2455306.76247 18.511 0.028 5.24 329.0
2455307.76543 18.531 0.029 5.03 379.0
2455308.75500 18.569 0.032 5.02 365.0
2455309.82659 18.507 0.027 4.38 331.0
2455310.83355 18.620 0.028 5.19 361.0
2455311.91073 18.474 0.030 5.18 419.0
2455312.90073 18.477 0.027 4.44 409.0
2455313.92698 18.498 0.042 5.42 744.0
2455314.87518 18.466 0.039 5.31 733.0
2455315.80077 18.575 0.036 4.13 789.0
2455316.75946 18.625 0.061 6.79 749.0
2455319.90077 18.542 0.083 4.56 4569.0
2455320.79487 18.429 0.054 4.63 2170.0
2455321.74159 18.475 0.031 5.53 476.0
2455322.69714 18.565 0.037 7.13 442.0
2455323.85333 18.534 0.031 4.92 514.0
2455324.78380 18.454 0.035 6.31 404.0
2455325.70114 18.507 0.026 4.29 365.0
2455325.90173 18.566 0.030 3.93 430.0
2455326.82649 18.546 0.028 4.31 375.0
2455327.77390 18.457 0.026 4.25 329.0
2455328.67355 18.468 0.026 4.26 382.0
2455328.89692 18.400 0.027 4.33 478.0
2455334.82371 18.461 0.025 4.30 348.0
2455335.79001 18.547 0.029 4.41 374.0
2455336.86016 18.507 0.027 3.96 407.0
2455337.88800 18.545 0.037 5.26 538.0
2455339.64491 18.451 0.042 6.63 565.0
2455339.92196 18.513 0.050 6.40 717.0
2455340.86397 18.474 0.036 5.29 587.0
2455341.79484 18.440 0.027 3.87 543.0
2455342.62279 18.538 0.056 6.90 759.0
2455342.81863 18.485 0.037 5.02 660.0
2455343.64276 18.405 0.042 5.46 888.0
2455343.83591 18.572 0.044 5.10 828.0
2455348.78314 18.463 0.031 4.75 437.0
2455349.62023 18.361 0.051 7.66 640.0
2455350.67196 18.610 0.048 6.72 420.0
2455351.77757 18.527 0.034 5.44 477.0
2455352.79193 18.534 0.030 4.64 406.0
2455353.76007 18.492 0.025 3.77 369.0
2455354.70942 18.515 0.030 5.27 329.0
2455355.64727 18.533 0.029 4.87 405.0
2455357.64599 18.462 0.031 5.68 393.0
2455358.80335 18.547 0.032 5.36 383.0
2455359.65833 18.425 0.030 5.12 411.0
2455359.88812 18.496 0.039 5.53 528.0
2455362.83783 18.488 0.037 5.74 502.0
2455362.85336 18.517 0.041 5.97 507.0
2455364.90147 18.426 0.038 6.74 380.0
2455365.85845 18.403 0.036 5.84 455.0
2455369.81484 18.501 0.040 5.27 655.0
2455376.79008 18.501 0.039 5.37 620.0
2455377.71763 18.534 0.030 5.03 426.0
2455378.56904 18.528 0.029 5.37 332.0
2455378.84396 18.565 0.038 6.19 519.0
2455379.75843 18.527 0.029 4.38 397.0
2455380.58793 18.488 0.026 5.14 292.0
2455380.84046 18.488 0.042 6.68 482.0
2455381.71561 18.528 0.047 7.31 412.0
2455382.58589 18.543 0.045 7.31 385.0
2455382.79290 18.575 0.052 7.74 446.0
2455385.71534 18.554 0.027 5.00 278.0
2455386.50590 18.511 0.030 4.65 598.0
2455386.58799 18.489 0.026 4.56 477.0
2455386.67225 18.483 0.025 4.52 390.0
2455386.81127 18.513 0.027 4.70 327.0
2455387.79815 18.567 0.029 4.99 323.0
2455388.75305 18.519 0.026 4.84 233.0
2455389.62011 18.499 0.031 6.19 257.0
2455390.58822 18.487 0.035 6.77 308.0
2455391.48073 18.540 0.047 7.63 430.0
2455391.82339 18.529 0.033 4.71 466.0
2455392.74115 18.529 0.025 4.48 279.0
2455393.73183 18.527 0.039 6.90 329.0
2455396.62963 18.521 0.033 5.88 360.0
2455397.69111 18.511 0.039 6.42 381.0
2455403.47148 18.538 0.036 4.38 885.0
2455403.66398 18.487 0.032 3.94 728.0
2455404.53478 18.589 0.035 4.82 504.0
2455404.73372 18.466 0.039 5.34 574.0
2455405.74744 18.523 0.035 4.56 482.0
2455407.60204 18.506 0.036 6.35 321.0
2455408.52229 18.455 0.041 7.23 378.0
2455408.72432 18.557 0.034 5.48 393.0
2455409.70310 18.532 0.030 4.96 354.0
2455410.70654 18.485 0.029 5.02 335.0
2455411.74344 18.527 0.029 4.93 390.0
2455412.65790 18.549 0.043 7.14 376.0
2455413.73533 18.494 0.027 5.36 289.0
2455414.75968 18.565 0.032 5.35 370.0
2455418.63406 18.428 0.024 4.87 253.0
2455421.65655 18.512 0.029 5.79 271.0
2455422.76021 18.525 0.034 5.87 323.0
2455426.49393 18.581 0.050 4.84 1155.0
2455430.56457 18.496 0.037 5.11 572.0
2455431.55975 18.518 0.035 5.28 512.0
2455434.52470 18.512 0.037 5.94 425.0
2455435.49580 18.498 0.038 6.24 383.0
2455436.49351 18.529 0.035 5.73 355.0
2455438.52886 18.539 0.038 6.35 372.0
2455439.59683 18.521 0.037 6.07 352.0
2455443.61106 18.492 0.033 5.90 361.0
2455444.63667 18.513 0.033 5.54 375.0
2455446.51909 18.531 0.030 4.77 350.0
2455447.53455 18.519 0.027 4.66 337.0
2455448.66662 18.501 0.033 6.65 328.0
2455450.54715 18.522 0.038 6.32 371.0
2455453.48242 18.527 0.059 6.38 998.0
2455457.57788 18.564 0.028 3.91 468.0
2455458.60297 18.573 0.054 7.16 565.0
2455460.48526 18.622 0.053 7.08 537.0
2455461.51628 18.475 0.057 6.48 1131.0
2455462.53628 18.486 0.037 5.44 510.0
2455465.53761 18.496 0.044 7.39 393.0
2455467.51932 18.561 0.027 4.21 381.0
2455469.51741 18.491 0.026 4.11 368.0
2455470.54162 18.484 0.031 5.01 403.0
2455471.54713 18.512 0.032 5.48 351.0
2455472.48953 18.561 0.037 5.45 480.0
2455472.58422 18.575 0.035 5.33 433.0
2455473.53025 18.497 0.036 5.80 383.0
2455476.53057 18.484 0.048 7.76 430.0
2455478.50944 18.563 0.033 4.57 395.0
2455479.53865 18.479 0.042 7.07 430.0
2455480.52194 18.496 0.042 6.52 435.0
2455481.49078 18.528 0.057 5.94 970.0
2455485.53764 18.611 0.048 5.67 605.0
2455486.52396 18.550 0.043 5.04 598.0
2455487.50695 18.557 0.032 4.36 524.0
2455488.49089 18.469 0.041 4.27 998.0
2455488.55718 18.492 0.040 5.38 714.0
2455489.54779 18.558 0.051 6.34 682.0
2455490.54385 18.509 0.053 6.32 727.0
2455493.51637 18.387 0.054 7.14 688.0
2455495.49422 18.564 0.042 4.35 891.0
2455497.49692 18.416 0.054 6.24 966.0
2455499.50135 18.603 0.057 6.80 748.0
2455504.50061 18.539 0.059 6.17 873.0
2455598.86980 18.509 0.032 5.73 398.0
2455599.85991 18.598 0.032 5.05 371.0
2455600.85636 18.511 0.030 5.58 407.0
2455616.89466 18.507 0.037 5.36 587.0
2455622.89392 18.487 0.022 3.95 324.0
2455625.82755 18.486 0.029 5.33 356.0
2455627.82053 18.547 0.035 6.24 341.0
2455628.90371 18.519 0.029 4.46 417.0
2455629.83107 18.512 0.031 5.85 311.0
2455631.85976 18.510 0.029 5.20 358.0
2455632.91035 18.609 0.049 5.20 968.0
2455633.81484 18.555 0.026 4.23 369.0
2455634.80860 18.541 0.034 6.18 334.0
2455637.84433 18.520 0.033 5.85 437.0
2455639.78435 18.557 0.039 5.45 587.0
2455640.90699 18.480 0.033 5.39 549.0
2455643.76170 18.409 0.031 4.61 661.0
2455644.91064 18.483 0.039 6.44 587.0
2455648.76406 18.494 0.030 5.62 353.0
2455649.90246 18.490 0.023 5.01 291.0
2455651.86942 18.614 0.031 5.46 322.0
2455654.80106 18.400 0.027 5.77 311.0
2455656.77260 18.589 0.027 4.28 361.0
2455658.75980 18.607 0.042 7.17 468.0
2455659.81891 18.500 0.028 5.68 304.0
2455662.73073 18.498 0.037 6.80 372.0
2455664.80437 18.441 0.033 6.70 340.0
2455665.92802 18.597 0.038 4.02 970.0
2455669.79211 18.515 0.029 4.10 597.0
2455675.75035 18.519 0.046 5.13 1059.0
2455677.70710 18.520 0.029 5.40 364.0
2455681.76866 18.474 0.024 4.66 300.0
2455683.71444 18.474 0.023 4.22 352.0
2455685.65959 18.572 0.033 5.68 375.0
2455686.93206 18.535 0.037 5.11 644.0
2455690.64511 18.655 0.034 5.94 375.0
2455691.85548 18.496 0.031 5.59 392.0
2455693.66323 18.478 0.029 5.32 430.0
2455694.78702 18.535 0.029 4.73 438.0
2455695.91852 18.562 0.027 5.46 340.0
2455697.66590 18.549 0.031 4.44 595.0
2455698.75179 18.620 0.048 5.60 811.0
2455705.78446 18.449 0.031 6.25 372.0
2455707.71347 18.552 0.028 5.11 345.0
2455708.78681 18.430 0.033 6.55 405.0
2455712.79454 18.521 0.029 4.95 392.0
2455715.67497 18.471 0.025 4.98 324.0
2455716.84286 18.467 0.032 6.23 332.0
2455722.68935 18.534 0.027 4.71 347.0
2455723.83127 18.519 0.026 4.68 355.0
2455725.72920 18.513 0.029 4.30 552.0
2455734.86422 18.532 0.050 7.59 483.0
2455736.67836 18.515 0.021 4.26 269.0
2455737.76793 18.511 0.026 5.00 293.0
2455739.58372 18.457 0.033 6.41 339.0
2455740.66804 18.586 0.033 6.26 318.0
2455741.73368 18.492 0.024 4.27 284.0
2455742.74647 18.543 0.024 4.15 312.0
2455743.85885 18.531 0.039 5.84 483.0
2455745.53028 18.412 0.032 6.42 364.0
2455746.71926 18.463 0.029 5.89 297.0
2455748.67928 18.489 0.029 5.54 347.0
2455752.60571 18.579 0.056 6.93 901.0
2455760.76596 18.490 0.031 5.03 494.0
2455762.54194 18.478 0.030 4.99 353.0
2455763.67829 18.566 0.029 5.13 376.0
2455764.78754 18.591 0.031 5.23 387.0
2455766.60276 18.529 0.025 4.91 289.0
2455767.75642 18.497 0.034 6.37 330.0
2455769.53068 18.630 0.029 4.97 327.0
2455776.54338 18.518 0.041 6.96 366.0
2455778.53231 18.530 0.039 5.96 425.0
2455785.56549 18.492 0.047 6.20 731.0
2455787.52321 18.543 0.033 4.83 536.0
2455788.72472 18.487 0.050 7.35 590.0
2455793.55961 18.497 0.028 5.25 314.0
2455795.57163 18.388 0.043 7.97 342.0
2455801.56212 18.517 0.033 6.36 314.0
2455804.62454 18.443 0.028 5.53 335.0
2455807.63889 18.571 0.036 5.67 357.0
2455815.48204 18.450 0.032 5.32 552.0
2455817.57981 18.496 0.037 5.19 504.0
2455819.65850 18.436 0.038 6.00 635.0
2455822.60399 18.468 0.031 5.62 344.0
2455827.59258 18.583 0.041 6.34 441.0
2455829.56147 18.485 0.026 4.75 405.0
2455831.57156 18.497 0.026 5.37 371.0
2455833.58010 18.570 0.036 6.17 376.0
2455836.56472 18.539 0.043 5.80 646.0
2455840.59145 18.482 0.035 4.91 579.0
2455842.56268 18.542 0.043 5.51 585.0
2455844.57071 18.398 0.043 6.50 635.0
2455847.56130 18.378 0.063 8.47 796.0
2455852.55382 18.558 0.046 6.00 594.0
2455858.50312 18.675 0.066 8.27 506.0
2455977.89598 18.461 0.034 5.04 617.0
2455983.82524 18.487 0.034 6.24 409.0
2455986.81036 18.496 0.033 6.39 414.0
2455989.80940 18.501 0.031 6.69 329.0
2455991.85751 18.470 0.024 4.96 320.0
2455994.79516 18.527 0.042 5.89 750.0
2455996.82823 18.496 0.032 5.32 486.0
2455998.84707 18.577 0.031 5.53 437.0
2456003.89310 18.487 0.034 5.79 437.0
2456005.87856 18.502 0.023 4.35 306.0
2456007.85587 18.505 0.025 5.29 298.0
2456009.78134 18.467 0.025 4.84 361.0
2456010.89643 18.471 0.019 3.47 311.0
2456012.83866 18.511 0.022 4.41 259.0
2456014.76088 18.516 0.025 4.94 327.0
2456015.84437 18.494 0.020 3.78 272.0
2456017.77246 18.488 0.023 4.71 314.0
2456018.86591 18.544 0.030 5.47 291.0
2456020.74604 18.509 0.029 5.55 357.0
2456021.80547 18.558 0.026 4.59 356.0
2456022.88700 18.594 0.032 5.54 370.0
2456025.71711 18.578 0.049 6.54 651.0
2456031.81013 18.448 0.025 4.92 372.0
2456033.76079 18.514 0.034 6.56 356.0
2456036.71578 18.504 0.025 4.93 323.0
2456038.75414 18.569 0.038 6.91 320.0
2456040.82116 18.484 0.026 4.90 359.0
2456047.74867 18.611 0.023 3.64 322.0
2456049.69754 18.491 0.026 4.52 421.0
2456050.87465 18.472 0.027 4.46 415.0
2456052.93727 18.486 0.043 4.27 1445.0
2456061.80220 18.526 0.026 4.57 385.0
2456062.92791 18.501 0.030 4.14 613.0
2456064.94125 18.612 0.051 4.81 1273.0
2456066.80821 18.516 0.026 4.58 378.0
2456067.86895 18.496 0.023 3.55 405.0
2456069.69318 18.568 0.025 4.23 327.0
2456070.76924 18.531 0.027 4.93 311.0
2456071.83797 18.474 0.025 5.10 319.0
2456076.59119 18.485 0.028 4.99 415.0
2456077.82251 18.605 0.028 4.67 338.0
2456078.88834 18.552 0.028 4.18 460.0
2456080.57338 18.456 0.039 5.99 600.0
2456081.60698 18.497 0.037 5.16 690.0
2456082.67745 18.434 0.056 7.24 822.0
2456085.80133 18.542 0.035 5.22 518.0
2456086.81142 18.506 0.029 4.95 404.0
2456088.66608 18.434 0.022 4.68 292.0
2456092.85197 18.537 0.029 5.12 415.0
2456094.61956 18.547 0.037 6.51 382.0
2456096.75275 18.455 0.032 6.53 324.0
2456098.55183 18.467 0.038 7.08 377.0
2456099.78351 18.464 0.037 6.84 377.0
2456101.54074 18.519 0.033 5.43 482.0
2456102.59082 18.429 0.029 5.43 385.0
2456103.60039 18.525 0.028 4.89 386.0
2456104.68256 18.505 0.021 4.00 285.0
2456105.73741 18.528 0.029 6.03 271.0
2456108.81342 18.479 0.031 4.00 739.0
2456109.69580 18.553 0.046 4.17 1311.0
2456113.76406 18.425 0.030 4.26 676.0
2456114.85998 18.436 0.054 7.14 786.0
2456116.59234 18.433 0.022 4.73 299.0
2456117.68402 18.465 0.025 4.62 365.0
2456118.73657 18.436 0.021 4.18 299.0
2456119.74193 18.408 0.024 5.06 305.0
2456121.50450 18.461 0.025 5.33 306.0
2456123.64029 18.447 0.026 5.99 279.0
2456124.75365 18.486 0.026 4.90 333.0
2456126.49546 18.441 0.029 5.36 339.0
2456128.51595 18.446 0.023 4.67 330.0
2456132.61392 18.391 0.034 7.69 284.0
2456134.56753 18.320 0.034 7.01 382.0
2456136.59927 18.431 0.041 7.13 420.0
2456136.62594 18.313 0.040 6.92 543.0
2456141.51070 18.327 0.030 4.87 663.0
2456149.74358 18.149 0.027 6.59 381.0
2456152.51443 18.152 0.023 6.28 274.0
2456157.69387 18.233 0.030 6.82 348.0
2456159.56651 18.196 0.021 4.95 332.0
2456161.59722 18.289 0.030 6.76 300.0
2456179.60357 18.432 0.039 7.22 374.0
2456182.52644 18.378 0.025 5.34 325.0
2456191.52086 18.411 0.030 5.59 343.0
2456196.54738 18.488 0.035 5.09 542.0
2456199.54233 18.499 0.047 7.31 478.0
2456204.52779 18.461 0.030 5.12 418.0
2456211.51096 18.454 0.027 4.73 371.0
2456213.56469 18.523 0.041 6.56 418.0
2456218.54031 18.590 0.040 5.58 481.0
2456221.50514 18.570 0.068 6.46 1251.0
2456233.55348 18.615 0.045 6.68 505.0
2456238.54009 18.566 0.038 4.86 631.0
