2457061.87586 19.127 0.063 4.81 711.0
2457062.87301 18.938 0.054 4.64 666.0
2457065.85580 19.079 0.075 5.99 643.0
2457070.86899 19.049 0.046 4.78 400.0
2457071.88129 18.920 0.039 4.31 423.0
2457072.88908 18.899 0.046 4.64 501.0
2457076.89656 19.022 0.055 3.97 903.0
2457077.89263 18.984 0.060 5.34 575.0
2457078.88376 19.050 0.042 4.23 409.0
2457080.83207 18.980 0.064 6.79 410.0
2457081.89282 19.059 0.068 6.75 432.0
2457082.87334 19.064 0.046 4.84 371.0
2457083.85315 19.047 0.061 5.93 407.0
2457084.83335 18.931 0.050 4.69 600.0
2457085.81308 18.934 0.053 4.72 759.0
2457085.89610 19.021 0.044 3.85 547.0
2457086.87424 18.952 0.045 4.10 581.0
2457087.84174 19.060 0.065 5.30 700.0
2457088.81018 19.012 0.053 4.30 619.0
2457088.90126 19.039 0.061 4.94 634.0
2457089.86679 19.111 0.059 4.76 543.0
2457090.83384 18.916 0.051 5.01 551.0
2457091.80435 19.094 0.063 5.09 629.0
2457091.87617 19.033 0.046 4.10 515.0
2457092.82390 19.029 0.051 4.24 592.0
2457092.90204 18.979 0.043 3.49 604.0
2457097.79980 18.993 0.041 4.14 425.0
2457097.88790 19.052 0.036 3.52 357.0
2457098.83801 19.029 0.041 4.06 400.0
2457099.78746 19.008 0.046 4.81 405.0
2457099.89454 18.954 0.045 5.07 377.0
2457100.82819 19.026 0.045 4.16 454.0
2457101.80705 18.960 0.063 6.27 554.0
2457101.91659 19.001 0.092 4.96 1651.0
2457102.88108 19.017 0.057 5.88 399.0
2457108.84171 19.112 0.066 5.81 461.0
2457109.79156 19.016 0.048 5.15 362.0
2457109.89444 19.103 0.046 4.51 376.0
2457110.80187 18.886 0.031 3.75 397.0
2457110.91335 19.029 0.036 3.37 463.0
2457111.82378 19.054 0.044 4.66 349.0
2457112.75586 19.093 0.075 5.85 604.0
2457112.83929 19.033 0.047 4.45 421.0
2457113.76770 19.026 0.045 4.47 460.0
2457114.76359 18.977 0.052 5.04 551.0
2457115.73622 18.896 0.049 4.78 592.0
2457115.90535 18.983 0.033 3.18 432.0
2457116.87906 18.986 0.047 4.17 597.0
2457117.84382 18.963 0.042 3.94 582.0
2457118.89585 19.088 0.054 3.12 1252.0
2457119.89229 19.028 0.054 4.69 555.0
2457120.82757 19.155 0.048 3.76 543.0
2457125.76671 19.016 0.063 6.00 463.0
2457126.71538 19.021 0.049 5.04 428.0
2457126.92693 18.978 0.049 3.76 915.0
2457129.85833 19.014 0.035 3.69 361.0
2457130.77594 18.980 0.042 4.46 351.0
2457131.70424 18.964 0.049 4.98 464.0
2457131.89073 19.043 0.036 3.36 390.0
2457132.80844 19.043 0.041 4.19 403.0
2457133.93010 19.165 0.084 5.60 820.0
2457134.82472 18.972 0.036 3.82 393.0
2457135.74222 18.952 0.035 3.74 408.0
2457135.92823 19.001 0.046 3.84 719.0
2457136.83098 19.103 0.050 4.67 385.0
2457137.72869 19.063 0.037 3.87 349.0
2457137.91457 19.060 0.068 6.36 436.0
2457138.78844 18.988 0.039 4.09 385.0
2457139.72662 18.985 0.051 5.43 411.0
2457139.90822 18.976 0.039 4.24 374.0
2457140.78468 18.925 0.048 5.25 435.0
2457141.68829 19.024 0.046 4.19 473.0
2457141.87481 19.042 0.040 3.60 455.0
2457142.74332 19.050 0.044 3.76 463.0
2457142.92781 19.005 0.052 4.36 550.0
2457143.79993 18.975 0.042 4.01 440.0
2457144.68665 19.017 0.068 5.46 641.0
2457145.69124 19.051 0.075 5.60 715.0
2457145.88941 19.115 0.057 4.34 668.0
2457146.72833 19.016 0.051 3.87 777.0
2457146.86982 19.010 0.056 4.20 793.0
2457147.71056 19.106 0.070 5.04 749.0
2457147.85244 19.046 0.056 4.41 707.0
2457152.84891 19.130 0.051 4.31 555.0
2457153.68653 19.024 0.041 4.10 433.0
2457153.85090 18.973 0.038 3.67 518.0
2457154.73045 18.967 0.037 3.63 437.0
2457154.91960 19.053 0.042 4.32 464.0
2457155.75696 19.068 0.038 3.80 365.0
2457155.94240 18.998 0.084 4.32 2126.0
2457156.80156 18.979 0.031 3.13 384.0
2457157.80910 18.941 0.038 4.31 367.0
2457158.68205 18.991 0.041 4.28 398.0
2457158.86613 19.004 0.048 5.06 434.0
2457159.68291 19.094 0.042 3.97 410.0
2457159.86711 18.858 0.050 5.89 402.0
2457160.70562 18.890 0.040 4.29 434.0
2457160.89369 18.986 0.042 4.77 420.0
2457161.73316 18.960 0.032 3.40 401.0
2457161.91877 18.960 0.039 4.15 519.0
2457162.73527 19.017 0.048 4.98 384.0
2457162.92215 19.047 0.050 5.04 403.0
2457163.74524 19.019 0.044 4.32 464.0
2457163.92752 18.894 0.056 5.70 566.0
2457164.85342 18.983 0.047 4.92 424.0
2457166.68952 18.967 0.051 5.75 381.0
2457166.87514 18.898 0.058 6.10 480.0
2457169.61860 18.979 0.045 4.77 438.0
2457169.80367 19.012 0.038 4.26 341.0
2457170.60602 18.943 0.048 5.09 451.0
2457170.79353 19.113 0.052 5.02 359.0
2457172.60837 19.034 0.069 5.46 634.0
2457172.79243 18.988 0.050 4.43 532.0
2457173.57532 18.971 0.084 6.31 852.0
2457173.77827 18.992 0.048 4.28 589.0
2457173.94047 18.942 0.065 5.39 827.0
2457174.71140 18.950 0.044 3.82 618.0
2457174.88579 19.050 0.061 4.49 807.0
2457175.66672 18.942 0.052 3.87 985.0
2457175.89046 19.165 0.083 4.76 1121.0
2457176.83343 19.079 0.086 4.80 1306.0
2457176.94161 18.852 0.095 6.94 1301.0
2457178.81176 19.042 0.056 4.40 749.0
2457178.94544 19.173 0.101 5.05 1746.0
2457179.70895 18.974 0.061 5.17 552.0
2457179.87911 19.080 0.069 5.42 650.0
2457180.66021 19.065 0.055 4.88 454.0
2457180.83557 19.078 0.053 4.36 473.0
2457181.59818 18.973 0.044 5.06 337.0
2457181.78852 18.969 0.047 4.97 414.0
2457182.55811 18.933 0.049 5.27 397.0
2457182.74900 19.033 0.066 6.81 343.0
2457182.91452 19.174 0.070 5.93 464.0
2457183.67115 19.039 0.055 5.84 320.0
2457183.85865 19.017 0.054 5.55 380.0
2457184.66276 19.048 0.053 5.20 364.0
2457184.85000 19.039 0.054 5.56 377.0
2457185.62704 19.033 0.056 5.65 401.0
2457185.80975 19.007 0.049 5.00 388.0
2457186.66120 18.980 0.074 7.34 428.0
2457187.55316 19.066 0.072 6.53 461.0
2457187.73611 18.946 0.038 3.97 375.0
2457187.90167 18.987 0.052 4.84 560.0
2457188.68299 18.981 0.047 4.98 413.0
2457189.55549 18.942 0.056 5.83 469.0
2457189.74383 18.961 0.042 4.36 451.0
2457189.91206 19.005 0.070 6.16 643.0
2457190.72766 19.042 0.048 4.44 433.0
2457190.90100 18.972 0.073 6.04 724.0
2457191.82452 19.183 0.071 6.57 420.0
2457193.62920 19.015 0.036 3.81 325.0
2457193.76812 19.065 0.039 3.81 360.0
2457194.53805 18.987 0.035 4.34 281.0
2457194.73308 18.882 0.037 4.37 451.0
2457197.57202 19.060 0.058 5.70 441.0
2457197.75804 18.964 0.048 5.75 323.0
2457198.55451 18.996 0.049 5.12 421.0
2457198.74032 19.066 0.050 4.94 386.0
2457199.51662 18.959 0.051 4.94 563.0
2457199.68897 18.968 0.033 3.82 344.0
2457199.85995 18.882 0.043 5.01 453.0
2457200.62883 18.933 0.033 3.58 388.0
2457200.79937 19.031 0.053 5.08 541.0
2457202.77563 18.889 0.062 5.38 798.0
2457206.59104 19.024 0.077 5.29 998.0
2457206.76478 19.094 0.087 5.12 1314.0
2457207.57367 19.010 0.056 4.34 697.0
2457207.73847 19.008 0.066 5.62 676.0
2457209.66983 18.982 0.049 4.99 448.0
2457209.82908 19.064 0.076 5.03 1182.0
2457211.60630 18.987 0.042 4.42 362.0
2457211.79022 19.097 0.066 5.82 496.0
2457214.56731 18.981 0.050 5.39 409.0
2457214.76187 19.038 0.069 6.86 821.0
2457217.77895 19.044 0.059 5.96 382.0
2457219.63622 19.048 0.044 4.57 372.0
2457220.52959 19.043 0.057 5.79 442.0
2457220.71333 18.996 0.035 4.08 356.0
2457221.51692 19.076 0.058 5.91 432.0
2457221.69901 19.014 0.040 4.10 369.0
2457222.47653 18.906 0.059 6.34 578.0
2457222.69465 18.886 0.050 5.76 484.0
2457223.53435 18.877 0.066 7.29 451.0
2457223.71507 19.048 0.058 5.79 384.0
2457224.55990 19.039 0.046 4.92 387.0
2457224.76185 19.156 0.076 6.95 385.0
2457225.58673 19.018 0.043 4.43 385.0
2457226.61922 19.026 0.045 4.56 378.0
2457226.78755 18.928 0.047 5.22 415.0
2457227.57208 18.888 0.036 4.33 356.0
2457227.75542 19.039 0.052 5.71 346.0
2457228.57517 19.006 0.044 4.43 414.0
2457228.76842 19.008 0.041 4.76 325.0
2457229.60249 19.149 0.045 4.28 398.0
2457229.76652 18.952 0.048 4.71 654.0
2457235.54300 18.939 0.071 5.99 760.0
2457236.47927 19.062 0.069 6.44 443.0
2457236.64382 19.169 0.073 4.90 726.0
2457249.63863 18.990 0.043 5.57 316.0
2457250.61944 19.090 0.056 5.70 544.0
2457252.67338 18.990 0.058 7.80 400.0
2457253.60547 19.122 0.045 4.68 358.0
2457255.57296 19.013 0.053 5.04 488.0
2457256.58109 19.079 0.084 6.09 767.0
2457257.64324 19.012 0.055 6.16 514.0
2457258.48502 19.042 0.066 5.78 678.0
2457258.50905 18.955 0.053 5.35 534.0
2457258.58949 18.995 0.065 5.65 604.0
2457258.65806 19.081 0.072 5.67 613.0
2457261.60336 18.993 0.085 6.78 838.0
2457263.56132 19.034 0.053 4.36 664.0
2457264.50656 19.062 0.058 4.78 604.0
2457264.69520 19.017 0.066 5.45 770.0
2457265.64614 19.088 0.055 4.77 510.0
2457267.59490 19.063 0.053 5.18 388.0
2457268.60998 18.970 0.037 4.46 344.0
2457269.57325 19.105 0.042 4.36 359.0
2457270.52632 19.089 0.048 4.68 378.0
2457270.70019 18.975 0.045 5.19 382.0
2457272.51772 19.026 0.068 6.74 419.0
2457273.63697 18.968 0.050 5.48 417.0
2457275.63933 18.973 0.078 6.46 772.0
2457277.62502 19.089 0.074 7.63 384.0
2457278.61390 19.124 0.061 6.08 367.0
2457283.59382 19.056 0.076 7.79 430.0
2457292.56177 18.885 0.098 8.13 786.0
2457293.52314 19.003 0.058 5.42 687.0
2457294.53412 19.038 0.087 8.46 593.0
2457295.50827 18.857 0.057 7.01 411.0
2457296.57390 18.834 0.064 6.96 543.0
2457299.54730 18.928 0.061 7.34 502.0
2457300.55077 19.075 0.081 7.34 577.0
2457311.49168 19.060 0.057 4.73 637.0
2457312.51386 18.971 0.072 6.45 620.0
2457317.51412 18.889 0.064 6.37 667.0
2457320.51549 18.878 0.084 7.71 712.0
2457324.52876 18.912 0.080 6.46 783.0
2457329.51075 18.956 0.081 7.26 654.0
2457333.50619 18.872 0.087 7.18 963.0
2457435.88046 18.943 0.065 6.93 482.0
2457437.84227 18.952 0.042 4.88 375.0
2457438.85574 18.917 0.056 5.87 481.0
2457439.87928 18.977 0.060 5.54 529.0
2457441.83697 18.838 0.061 5.75 753.0
2457442.84750 18.877 0.054 4.96 699.0
2457445.83022 18.832 0.052 5.76 566.0
2457446.83555 18.985 0.045 4.47 505.0
2457447.83628 18.923 0.047 5.23 483.0
2457448.83844 18.985 0.051 5.36 452.0
2457449.86939 19.080 0.093 5.20 1375.0
2457451.82291 18.874 0.051 4.38 875.0
2457451.87591 19.014 0.074 4.86 1050.0
2457452.80193 19.027 0.044 4.34 468.0
2457453.80428 18.851 0.039 5.17 439.0
2457455.87972 18.926 0.046 5.32 378.0
2457456.89560 18.976 0.044 4.67 412.0
2457457.89187 18.982 0.048 4.84 470.0
2457458.88597 19.040 0.040 4.44 335.0
2457460.88779 19.110 0.041 3.91 396.0
2457461.89474 18.999 0.036 3.98 363.0
2457462.87677 19.000 0.040 4.47 367.0
2457463.90788 19.039 0.043 4.03 462.0
2457465.83168 18.966 0.047 4.62 472.0
2457466.89239 19.021 0.045 4.47 439.0
2457467.89505 18.950 0.043 4.89 355.0
2457471.81502 19.077 0.062 4.84 631.0
2457472.76605 19.057 0.083 6.68 634.0
2457472.89703 19.069 0.052 4.59 500.0
2457474.77232 19.016 0.065 5.72 619.0
2457474.87518 19.092 0.047 4.14 526.0
2457475.80416 19.061 0.072 6.04 625.0
2457475.90881 19.158 0.058 4.68 559.0
2457476.76809 18.949 0.052 4.45 765.0
2457476.84734 18.869 0.044 4.42 615.0
2457484.88640 19.034 0.051 5.37 383.0
2457486.81001 18.932 0.065 7.21 391.0
2457487.92017 18.974 0.049 4.76 504.0
2457491.71813 19.046 0.057 6.13 409.0
2457492.76599 18.996 0.040 4.24 368.0
2457493.75374 19.113 0.047 4.60 352.0
2457494.74639 18.998 0.043 4.73 364.0
2457495.72054 19.023 0.056 5.32 472.0
2457497.86414 19.024 0.049 4.86 455.0
2457498.87387 18.896 0.048 4.39 617.0
2457499.82713 18.935 0.047 5.00 511.0
2457500.76829 19.052 0.071 5.84 611.0
2457507.80270 19.098 0.047 4.33 493.0
2457508.85296 18.977 0.038 3.86 410.0
2457511.70053 19.003 0.041 4.53 389.0
2457512.90300 19.081 0.046 4.78 432.0
2457523.85522 19.121 0.053 5.31 419.0
2457526.86873 19.093 0.059 5.70 489.0
2457530.72309 18.997 0.086 4.68 1744.0
2457534.85879 19.087 0.058 5.16 619.0
2457536.85493 19.108 0.053 4.83 445.0
2457546.70606 19.070 0.046 5.32 301.0
2457547.63216 18.963 0.052 6.16 326.0
2457548.78120 19.076 0.038 4.57 357.0
2457549.89599 19.074 0.061 6.37 397.0
2457550.87491 19.068 0.072 6.60 546.0
2457555.61549 19.043 0.056 5.34 448.0
2457557.55531 18.919 0.069 5.82 817.0
2457557.91622 19.020 0.084 6.73 667.0
2457566.56590 18.932 0.060 6.55 443.0
2457567.82933 18.952 0.052 5.63 483.0
2457568.85119 18.971 0.071 7.01 494.0
2457570.64869 19.053 0.041 4.71 465.0
2457570.83550 18.991 0.049 5.49 418.0
2457573.72512 18.922 0.063 7.56 338.0
2457575.66365 19.055 0.049 5.57 315.0
2457576.61160 19.029 0.044 5.27 309.0
2457576.76534 18.972 0.040 5.06 309.0
2457577.59190 19.060 0.051 5.52 432.0
2457581.71216 19.012 0.043 4.91 435.0
2457583.74629 19.104 0.064 6.27 450.0
2457584.59353 18.860 0.054 5.99 473.0
2457584.73608 18.972 0.052 5.54 480.0
2457589.54746 19.079 0.078 5.72 840.0
2457589.70111 18.994 0.068 5.72 790.0
2457590.50036 18.882 0.057 5.57 667.0
2457590.64801 19.005 0.044 4.27 531.0
2457591.50989 18.863 0.053 5.72 869.0
2457593.58259 18.987 0.042 5.05 307.0
2457593.72919 19.022 0.047 5.84 332.0
2457596.48809 19.006 0.042 4.85 356.0
2457599.55514 19.033 0.070 7.08 379.0
2457599.77462 19.022 0.051 5.18 364.0
2457600.68130 19.031 0.061 6.74 350.0
2457602.48819 19.066 0.069 6.43 428.0
2457602.65526 18.929 0.048 5.88 342.0
2457603.47591 19.008 0.054 5.51 401.0
2457603.63352 18.993 0.039 4.84 295.0
2457603.77333 19.051 0.055 5.90 347.0
2457604.60171 18.950 0.037 4.83 293.0
2457604.74151 18.885 0.047 6.15 330.0
2457605.60648 19.014 0.054 6.35 329.0
2457605.74424 18.896 0.052 6.06 389.0
2457607.67507 18.989 0.054 6.56 294.0
2457608.58977 18.967 0.040 4.87 312.0
2457608.75477 18.910 0.061 6.75 401.0
2457609.63336 19.096 0.057 5.41 341.0
2457610.47676 18.947 0.062 6.32 446.0
2457610.66603 19.024 0.044 4.53 400.0
2457611.66689 18.953 0.049 5.45 402.0
2457612.59075 18.962 0.046 5.04 419.0
2457612.72907 18.972 0.051 5.33 460.0
2457616.61210 19.043 0.056 5.00 663.0
2457617.56257 18.869 0.064 5.81 607.0
2457617.72298 18.862 0.083 6.54 805.0
2457618.61293 18.930 0.060 5.51 622.0
2457619.54429 19.043 0.075 6.49 509.0
2457621.62384 19.044 0.057 6.19 381.0
2457622.56275 18.958 0.042 5.02 338.0
2457623.47655 19.157 0.079 5.84 587.0
2457623.66090 18.941 0.047 5.32 366.0
2457624.60821 19.000 0.053 6.35 323.0
2457625.58381 18.977 0.047 5.44 386.0
2457626.54606 18.948 0.051 5.40 394.0
2457630.55018 19.129 0.048 4.74 328.0
2457631.52731 19.025 0.040 4.32 355.0
2457632.50142 18.892 0.045 5.70 329.0
2457633.55371 19.046 0.077 7.78 368.0
2457636.51503 19.033 0.061 6.20 396.0
2457637.50908 18.979 0.063 7.17 352.0
2457638.50877 18.941 0.062 6.17 565.0
2457639.57752 18.983 0.042 4.13 387.0
2457644.50595 19.139 0.111 7.23 822.0
2457648.51707 18.946 0.064 5.85 517.0
2457649.54136 18.968 0.042 4.03 538.0
2457650.58929 18.889 0.060 6.36 499.0
2457652.48297 19.062 0.048 4.86 466.0
2457653.55841 19.058 0.042 4.77 362.0
2457655.55630 19.011 0.051 6.16 371.0
2457656.59828 18.923 0.062 6.50 436.0
2457659.58881 19.083 0.056 5.28 444.0
2457661.53303 18.930 0.059 6.95 417.0
2457667.56750 18.871 0.051 6.48 444.0
2457675.52233 19.070 0.082 6.63 651.0
2457682.51914 19.046 0.059 5.82 591.0
2457790.88129 19.042 0.070 5.05 907.0
2457791.87637 18.985 0.059 5.52 553.0
2457793.87004 18.989 0.056 5.15 576.0
2457794.87722 18.990 0.098 7.27 843.0
2457795.88296 19.114 0.087 6.11 870.0
2457796.87068 18.904 0.056 5.06 678.0
2457798.87710 19.071 0.057 4.90 548.0
2457800.86838 19.046 0.052 4.74 517.0
2457802.84829 18.936 0.074 6.81 582.0
2457803.88892 19.006 0.076 4.88 1271.0
2457807.87509 18.910 0.042 4.79 382.0
2457809.84026 18.968 0.055 5.50 479.0
2457810.83681 19.098 0.056 5.27 450.0
2457811.85596 19.004 0.046 4.69 422.0
2457812.88703 18.939 0.039 4.03 424.0
2457814.85646 18.945 0.048 5.28 391.0
2457815.88489 18.971 0.045 5.18 389.0
2457816.87481 18.997 0.045 4.94 373.0
2457817.87136 18.937 0.037 4.06 429.0
2457818.85759 18.968 0.041 4.17 421.0
2457819.83742 18.985 0.047 5.20 380.0
2457820.84615 19.088 0.055 5.03 455.0
2457821.84488 18.974 0.059 5.76 461.0
2457822.84065 18.956 0.055 5.16 577.0
2457823.82615 18.953 0.051 4.34 677.0
2457824.82066 18.865 0.087 7.51 694.0
2457825.81369 18.924 0.057 5.22 678.0
2457825.90286 19.016 0.052 4.34 621.0
2457826.86174 18.985 0.071 6.08 598.0
2457827.83716 18.958 0.048 4.69 522.0
2457828.80631 18.895 0.051 5.02 585.0
2457828.89564 18.936 0.047 4.91 477.0
2457830.88258 18.903 0.050 4.67 686.0
2457834.86789 18.887 0.048 5.60 419.0
2457836.78593 18.930 0.056 6.46 363.0
2457836.89927 18.879 0.054 6.49 339.0
2457837.83248 18.860 0.039 5.20 317.0
2457838.77096 18.935 0.062 6.95 396.0
2457838.88891 18.859 0.038 4.61 367.0
2457839.83674 18.909 0.032 4.06 297.0
2457840.76257 18.838 0.052 6.61 357.0
2457840.88050 18.890 0.042 5.36 331.0
2457841.82102 18.803 0.050 6.66 328.0
2457842.84577 18.913 0.047 5.69 345.0
2457843.76966 18.786 0.039 5.45 321.0
2457843.88761 18.803 0.039 5.45 293.0
2457844.80620 18.850 0.044 5.78 317.0
2457844.91647 18.791 0.051 6.50 414.0
2457845.83044 18.801 0.036 5.04 314.0
2457846.76119 18.761 0.037 5.20 323.0
2457846.86869 18.833 0.035 4.68 319.0
2457847.77162 18.735 0.038 5.29 342.0
2457847.88784 18.792 0.041 5.48 326.0
2457848.78534 18.721 0.034 5.06 316.0
2457848.90533 18.750 0.032 4.66 303.0
2457849.79854 18.745 0.034 4.73 332.0
2457849.91904 18.722 0.032 3.80 517.0
2457850.81072 18.640 0.034 4.88 389.0
2457851.72487 18.649 0.052 6.29 596.0
2457851.82843 18.598 0.032 4.66 407.0
2457852.82454 18.614 0.044 6.34 421.0
2457853.89520 18.558 0.035 5.38 418.0
2457854.75142 18.450 0.036 5.06 611.0
2457854.87132 18.527 0.035 5.19 502.0
2457855.78159 18.492 0.032 4.42 605.0
2457855.90403 18.396 0.028 4.31 528.0
2457856.79202 18.301 0.037 6.02 561.0
2457856.91462 18.320 0.042 6.77 555.0
2457858.86076 18.134 0.027 5.57 561.0
2457862.75080 17.480 0.016 5.95 426.0
2457862.86200 17.461 0.016 5.80 420.0
2457863.81550 17.166 0.011 5.26 363.0
2457864.78933 16.805 0.007 3.50 319.0
2457864.92403 16.749 0.008 4.84 436.0
2457865.76780 16.494 0.006 4.26 345.0
2457865.90787 16.482 0.007 4.79 433.0
2457866.76456 16.646 0.007 4.35 347.0
2457866.89759 16.680 0.006 3.49 373.0
2457867.76821 17.027 0.008 3.78 321.0
2457867.89977 17.075 0.009 4.05 331.0
2457868.83819 17.436 0.017 6.42 389.0
2457869.71564 17.622 0.015 5.13 351.0
2457869.83369 17.639 0.013 3.82 328.0
2457870.72637 17.848 0.015 4.18 315.0
2457870.85632 17.854 0.015 3.99 321.0
2457871.74091 17.973 0.017 4.16 375.0
2457871.88132 18.002 0.017 3.89 349.0
2457872.74087 18.138 0.020 4.45 366.0
2457872.88749 18.158 0.019 4.24 366.0
2457873.72049 18.288 0.021 3.84 365.0
2457873.84140 18.214 0.021 4.38 357.0
2457874.68058 18.247 0.029 5.87 410.0
2457874.80801 18.321 0.030 5.79 368.0
2457874.92082 18.263 0.030 5.91 432.0
2457875.88809 18.441 0.030 4.73 449.0
2457876.69243 18.452 0.035 5.65 474.0
2457876.81517 18.455 0.023 3.65 377.0
2457877.65446 18.513 0.032 4.94 492.0
2457877.78236 18.574 0.025 3.87 375.0
2457877.92543 18.597 0.030 4.02 452.0
2457878.81321 18.552 0.024 3.53 378.0
2457878.93536 18.631 0.044 4.32 1075.0
2457879.75937 18.539 0.040 5.32 568.0
2457880.68082 18.597 0.049 6.64 495.0
2457880.79050 18.584 0.042 5.82 460.0
2457881.74715 18.764 0.066 7.17 564.0
2457881.87085 18.678 0.050 5.97 568.0
2457882.74537 18.672 0.043 5.49 506.0
2457882.87662 18.697 0.049 5.61 597.0
2457889.91963 18.760 0.076 6.65 1012.0
2457890.78007 18.837 0.055 5.63 564.0
2457893.63421 18.921 0.070 7.43 424.0
2457893.73786 18.846 0.045 5.52 388.0
2457893.86805 18.896 0.048 5.42 413.0
2457894.61918 18.811 0.055 6.75 482.0
2457894.73058 18.967 0.042 4.65 353.0
2457894.85021 18.871 0.035 4.31 379.0
2457895.60660 18.924 0.060 6.21 528.0
2457897.65516 18.965 0.051 5.65 361.0
2457897.82433 18.974 0.059 6.28 495.0
2457900.94053 18.917 0.075 7.53 529.0
2457901.70648 18.946 0.048 5.62 411.0
2457902.58482 18.843 0.062 7.23 444.0
2457902.69017 18.929 0.045 5.36 351.0
2457902.82139 18.817 0.056 6.61 416.0
2457903.75579 19.111 0.076 7.62 330.0
2457903.86767 18.934 0.047 5.37 406.0
2457904.61021 18.961 0.055 6.15 399.0
2457904.72463 19.013 0.035 3.92 303.0
2457904.84744 18.894 0.043 5.37 363.0
2457905.57521 19.026 0.069 6.68 464.0
2457905.69345 18.981 0.038 4.45 315.0
2457905.81409 18.968 0.036 3.81 377.0
2457905.93346 18.960 0.054 5.42 521.0
2457906.63209 18.997 0.041 4.19 393.0
2457906.76358 18.979 0.038 4.09 391.0
2457906.87406 18.937 0.043 4.32 477.0
2457907.64747 19.004 0.053 4.59 708.0
2457907.74281 18.956 0.039 3.78 515.0
2457908.58861 19.068 0.080 6.20 641.0
2457908.70546 19.022 0.046 4.50 448.0
2457908.82664 19.070 0.045 4.81 360.0
2457908.92815 18.950 0.066 6.25 622.0
2457909.62880 18.974 0.050 4.49 527.0
2457909.74937 18.986 0.040 3.80 466.0
2457909.85155 18.939 0.040 4.06 505.0
2457909.94255 19.039 0.067 5.35 780.0
2457910.64400 18.965 0.049 4.59 523.0
2457910.77674 18.973 0.043 4.12 502.0
2457910.89414 18.982 0.048 4.99 474.0
2457911.61105 18.928 0.083 7.33 677.0
2457911.71870 19.000 0.073 6.43 557.0
2457916.76682 18.994 0.061 3.65 1384.0
2457917.59214 18.965 0.072 6.46 584.0
2457917.70667 18.992 0.050 4.65 505.0
2457917.81867 19.093 0.072 5.80 624.0
2457917.92318 18.925 0.107 7.77 953.0
2457922.69015 18.940 0.040 4.63 360.0
2457923.57242 18.923 0.057 5.99 478.0
2457923.70878 18.946 0.056 6.20 384.0
2457923.81886 18.923 0.055 5.97 442.0
2457923.90134 18.956 0.067 6.29 529.0
2457924.60224 18.984 0.041 4.26 367.0
2457924.72823 19.009 0.044 4.06 401.0
2457924.83658 18.962 0.045 4.91 459.0
2457925.62603 18.986 0.049 5.42 373.0
2457925.76230 18.869 0.049 5.89 358.0
2457925.88308 18.948 0.054 6.02 483.0
2457926.65178 19.064 0.048 5.23 324.0
2457926.79709 18.971 0.053 5.58 398.0
2457928.64147 18.881 0.048 5.53 424.0
2457932.68149 18.878 0.051 6.09 366.0
2457932.80329 19.013 0.056 6.33 365.0
2457933.66171 18.940 0.057 7.02 307.0
2457933.79363 19.107 0.068 6.85 341.0
2457933.83920 19.008 0.066 6.98 376.0
2457933.85315 18.800 0.066 7.74 419.0
2457934.59540 18.980 0.049 5.54 374.0
2457934.71748 19.000 0.043 4.78 351.0
2457934.82610 18.876 0.053 6.42 348.0
2457935.56623 18.903 0.045 4.93 388.0
2457935.69792 19.046 0.044 4.38 349.0
2457935.80730 18.989 0.037 4.63 318.0
2457935.88627 19.069 0.047 5.12 378.0
2457936.55837 18.965 0.046 5.08 385.0
2457936.68540 18.979 0.043 5.21 310.0
2457936.81505 18.938 0.043 5.41 301.0
2457937.50010 18.879 0.057 5.88 571.0
2457937.61134 19.017 0.045 4.54 374.0
2457937.73320 18.879 0.044 5.63 351.0
2457938.52362 18.980 0.069 5.87 571.0
2457938.63970 19.076 0.083 7.48 464.0
2457944.49701 18.905 0.063 5.29 780.0
2457944.54761 19.029 0.058 4.45 750.0
2457944.58919 18.963 0.051 4.29 679.0
2457944.70020 19.110 0.061 4.81 604.0
2457944.75791 18.976 0.070 5.98 654.0
2457944.80066 19.012 0.074 5.87 747.0
2457944.84053 18.770 0.085 7.08 1052.0
2457945.53238 18.941 0.056 5.35 576.0
2457945.64241 18.938 0.036 3.71 459.0
2457945.75453 18.980 0.043 4.42 498.0
2457946.47469 19.134 0.075 6.57 431.0
2457946.58669 19.042 0.047 4.52 441.0
2457946.71558 19.011 0.052 5.33 418.0
2457946.82768 18.905 0.060 6.09 506.0
2457947.57007 19.013 0.052 5.46 371.0
2457947.73147 18.911 0.063 6.87 413.0
2457948.47216 19.064 0.079 7.31 452.0
2457948.59081 19.051 0.042 4.53 333.0
2457948.70545 18.970 0.044 4.44 480.0
2457948.83616 18.964 0.068 6.90 541.0
2457949.63673 18.935 0.051 5.58 427.0
2457949.75779 18.882 0.062 5.76 695.0
2457952.78313 18.932 0.057 6.71 327.0
2457953.54152 19.034 0.038 4.10 342.0
2457953.68346 18.931 0.041 5.38 289.0
2457953.80032 19.017 0.052 5.83 356.0
2457954.55873 19.014 0.041 4.34 369.0
2457954.70405 19.009 0.037 4.15 395.0
2457955.76423 18.980 0.044 5.23 341.0
2457956.54784 18.978 0.044 4.61 402.0
2457956.68748 19.050 0.043 4.57 342.0
2457956.80393 18.909 0.050 6.09 387.0
2457957.72713 18.958 0.052 6.08 355.0
2457958.62935 19.009 0.056 6.03 344.0
2457958.73564 18.970 0.052 6.05 357.0
2457959.49144 19.007 0.047 5.12 370.0
2457959.59937 19.004 0.041 4.81 326.0
2457959.71581 18.976 0.043 5.30 315.0
2457959.80968 18.952 0.052 6.22 380.0
2457960.59989 19.103 0.045 4.92 358.0
2457960.72151 18.983 0.047 5.67 330.0
2457961.54772 19.003 0.044 4.86 449.0
2457961.64895 18.995 0.043 4.97 360.0
2457962.48791 18.972 0.041 4.63 361.0
2457962.66234 19.001 0.042 4.77 459.0
2457964.55057 18.918 0.048 5.05 441.0
2457964.66002 19.017 0.045 4.69 384.0
2457965.64236 19.010 0.045 4.54 419.0
2457966.49827 18.926 0.071 7.08 467.0
2457966.60134 19.088 0.057 5.56 357.0
2457966.71301 19.042 0.061 6.53 353.0
2457967.63340 19.019 0.059 5.83 426.0
2457967.72325 19.035 0.065 6.25 458.0
2457971.48798 18.944 0.074 6.02 791.0
2457971.54077 19.014 0.072 5.75 779.0
2457971.58372 18.931 0.058 5.20 647.0
2457971.62890 18.999 0.061 4.85 726.0
2457971.66758 18.759 0.057 5.62 730.0
2457971.71991 19.014 0.066 5.11 809.0
2457972.50260 18.772 0.082 7.74 724.0
2457972.54895 18.985 0.089 7.00 691.0
2457972.59184 19.111 0.082 6.22 635.0
2457972.64583 18.960 0.069 5.68 670.0
2457972.69858 19.039 0.073 5.51 719.0
2457972.74461 18.888 0.082 6.33 896.0
2457973.61950 18.867 0.054 5.31 615.0
2457974.47666 18.985 0.068 6.59 535.0
2457974.59780 18.981 0.057 5.67 476.0
2457974.71344 19.070 0.066 5.25 586.0
2457975.65970 18.830 0.063 7.26 423.0
2457979.59573 18.955 0.040 4.40 395.0
2457980.51900 19.002 0.060 5.90 448.0
2457980.64460 18.977 0.060 6.15 462.0
2457981.58543 18.958 0.051 5.31 435.0
2457982.47703 18.996 0.067 5.89 554.0
2457982.60729 19.042 0.056 5.48 396.0
2457983.53251 19.188 0.069 6.45 378.0
2457983.64238 18.985 0.045 5.04 349.0
2457984.55987 18.955 0.055 5.80 362.0
2457984.67023 18.972 0.050 5.26 357.0
2457985.60611 18.907 0.054 6.28 380.0
2457986.58330 18.977 0.034 4.03 333.0
2457987.49422 19.055 0.041 3.92 388.0
2457987.63251 19.059 0.043 4.36 388.0
2457990.56236 18.929 0.048 5.25 398.0
2457991.48022 18.953 0.051 5.26 488.0
2457991.61412 18.915 0.052 6.29 366.0
2457992.53020 19.012 0.043 4.51 391.0
2457992.64704 19.001 0.049 5.31 394.0
2457993.57684 19.031 0.051 5.23 396.0
2457994.51072 19.015 0.054 5.23 433.0
2457994.62284 18.957 0.053 5.68 431.0
2457998.50938 18.913 0.090 4.57 2016.0
2457998.54937 19.019 0.054 4.72 577.0
2457998.60044 19.063 0.101 5.21 1778.0
2458000.47977 18.891 0.062 5.65 668.0
2458000.52170 18.949 0.071 6.66 541.0
2458000.57533 19.070 0.096 7.75 605.0
2458000.62175 19.055 0.082 6.48 676.0
2458001.54553 19.008 0.048 4.54 531.0
2458002.51588 18.914 0.112 6.89 1404.0
2458003.53625 18.784 0.071 7.29 540.0
2458004.54777 18.989 0.064 6.22 474.0
2458005.59532 18.970 0.082 7.39 520.0
2458008.52044 18.969 0.055 5.84 403.0
2458010.55072 19.003 0.051 5.08 451.0
2458012.48530 19.039 0.052 4.76 532.0
2458013.48917 19.081 0.053 4.98 445.0
2458014.49874 18.991 0.058 5.92 404.0
2458015.49638 18.953 0.059 6.35 405.0
2458016.51416 18.956 0.063 6.38 456.0
2458017.53942 19.032 0.048 4.98 410.0
2458018.56488 18.999 0.050 5.59 393.0
2458020.51406 18.940 0.054 5.33 406.0
2458021.55823 18.938 0.053 5.72 450.0
2458026.50157 18.939 0.072 4.83 1192.0
2458026.55430 19.072 0.065 4.58 951.0
2458029.56302 18.846 0.052 4.91 694.0
2458032.53452 19.126 0.089 6.53 648.0
2458035.54921 18.899 0.059 5.93 496.0
2458039.51778 18.807 0.059 6.76 490.0
2458040.56409 18.904 0.069 6.50 588.0
2458048.50238 18.911 0.046 4.84 465.0
2458054.50833 19.088 0.102 5.58 1173.0
