2457430.87360 19.262 0.074 6.06 764.0
2457431.86121 19.060 0.059 5.73 569.0
2457432.86518 19.133 0.066 5.97 480.0
2457433.88446 19.138 0.055 4.64 542.0
2457435.89303 19.230 0.111 6.55 972.0
2457437.85163 19.230 0.059 5.33 381.0
2457438.86535 19.148 0.063 5.53 449.0
2457439.89170 19.304 0.077 4.44 809.0
2457441.84645 19.165 0.074 5.41 743.0
2457442.85865 19.144 0.071 5.14 693.0
2457443.87500 19.161 0.071 5.74 590.0
2457444.85271 19.227 0.073 5.62 546.0
2457445.84316 19.072 0.059 5.48 552.0
2457446.84854 19.260 0.056 4.41 503.0
2457447.84877 19.243 0.060 4.92 478.0
2457448.85587 19.187 0.058 5.69 457.0
2457449.89461 19.210 0.051 4.20 447.0
2457452.81709 19.187 0.052 4.77 451.0
2457453.81433 19.308 0.054 4.77 423.0
2457454.89104 19.269 0.058 5.06 375.0
2457455.90343 19.282 0.064 5.19 452.0
2457456.91003 19.190 0.082 4.32 1196.0
2457457.90673 19.217 0.088 5.38 912.0
2457458.90081 19.151 0.044 4.21 402.0
2457460.90246 19.174 0.043 3.52 473.0
2457461.90930 19.169 0.060 3.42 985.0
2457462.89201 19.116 0.037 3.55 363.0
2457464.82612 19.146 0.063 6.01 498.0
2457466.90731 19.222 0.049 4.01 466.0
2457467.91010 19.269 0.054 4.53 440.0
2457470.86544 19.257 0.066 5.02 544.0
2457471.82989 19.154 0.065 4.96 604.0
2457472.78056 19.332 0.081 5.47 609.0
2457472.91343 19.163 0.057 4.41 571.0
2457474.78597 19.255 0.070 5.35 609.0
2457474.88770 19.247 0.047 3.67 517.0
2457475.81698 19.318 0.091 6.08 624.0
2457476.80612 19.161 0.063 4.99 622.0
2457480.77880 19.195 0.090 7.51 452.0
2457480.92423 19.338 0.129 6.21 1162.0
2457484.81704 19.274 0.057 5.29 376.0
2457485.73219 19.281 0.084 7.63 362.0
2457485.83661 19.303 0.056 5.00 349.0
2457486.73853 19.150 0.083 7.58 431.0
2457486.83677 19.173 0.058 5.52 394.0
2457487.72943 19.157 0.069 6.70 432.0
2457487.84597 19.222 0.058 5.35 431.0
2457488.73189 19.142 0.058 5.97 402.0
2457488.85423 19.287 0.046 3.83 440.0
2457489.78422 19.130 0.068 6.58 494.0
2457489.81940 19.151 0.054 5.32 571.0
2457491.74437 19.195 0.073 6.91 414.0
2457491.86345 19.219 0.045 4.29 349.0
2457492.72813 19.065 0.055 6.13 389.0
2457492.85107 19.183 0.040 3.94 387.0
2457493.72067 19.244 0.059 5.24 401.0
2457493.83909 19.091 0.036 4.06 309.0
2457494.70190 19.223 0.062 5.65 427.0
2457494.81485 19.322 0.048 4.10 363.0
2457494.92733 19.116 0.069 4.21 1166.0
2457495.77245 19.289 0.060 4.73 419.0
2457495.89337 19.320 0.065 5.29 393.0
2457497.91866 19.336 0.080 6.10 442.0
2457498.78532 19.259 0.063 4.41 551.0
2457498.92318 19.324 0.068 5.43 449.0
2457499.76512 19.322 0.070 5.10 558.0
2457499.86580 19.317 0.070 5.31 517.0
2457500.70720 19.122 0.071 5.32 718.0
2457500.80609 19.303 0.071 4.73 592.0
2457500.90869 19.267 0.078 5.90 576.0
2457507.81510 19.263 0.053 4.30 478.0
2457507.92546 19.280 0.056 3.82 572.0
2457508.76502 19.255 0.036 3.00 376.0
2457508.86589 19.257 0.048 4.01 420.0
2457509.75861 19.161 0.056 5.27 400.0
2457509.86142 19.302 0.056 4.62 421.0
2457511.71295 19.259 0.051 4.68 379.0
2457511.83263 19.203 0.039 3.46 399.0
2457511.93324 19.216 0.054 4.02 705.0
2457512.90140 19.201 0.046 4.37 421.0
2457512.91538 19.257 0.046 4.02 436.0
2457516.72781 19.225 0.051 5.28 403.0
2457522.83952 19.144 0.063 5.49 493.0
2457522.94033 19.057 0.108 6.45 1269.0
2457523.93680 19.310 0.067 5.18 509.0
2457526.71054 19.311 0.089 6.30 563.0
2457526.85156 19.296 0.064 5.12 476.0
2457528.79023 19.099 0.072 5.00 824.0
2457528.94291 19.068 0.111 6.29 1410.0
2457529.89463 19.220 0.127 7.56 841.0
2457530.82252 19.156 0.072 5.14 797.0
2457534.68443 19.316 0.076 6.09 590.0
2457534.79604 19.124 0.055 3.93 851.0
2457536.67698 19.240 0.064 5.80 403.0
2457536.79528 19.278 0.057 4.54 417.0
2457536.89949 19.136 0.062 4.18 1205.0
2457545.83840 19.162 0.054 5.48 366.0
2457545.94177 19.293 0.072 5.32 544.0
2457546.76337 19.131 0.052 5.39 338.0
2457546.86239 19.113 0.060 5.58 453.0
2457547.61525 19.194 0.063 6.29 351.0
2457547.75728 19.225 0.053 5.36 307.0
2457547.85594 19.259 0.049 4.79 333.0
2457548.70534 19.220 0.040 4.35 515.0
2457549.74837 19.146 0.039 4.45 286.0
2457549.86650 19.236 0.055 5.32 351.0
2457550.62063 19.162 0.056 5.87 360.0
2457550.76058 19.391 0.060 4.89 402.0
2457550.85944 19.329 0.067 5.05 524.0
2457554.64797 19.285 0.076 5.13 1052.0
2457555.54911 19.235 0.081 6.08 689.0
2457555.65965 19.303 0.055 4.64 481.0
2457555.76682 19.268 0.051 4.45 431.0
2457555.88715 19.250 0.057 4.91 431.0
2457557.59959 19.344 0.087 5.68 674.0
2457557.71200 19.098 0.066 5.53 690.0
2457557.85761 19.126 0.059 4.53 698.0
2457561.61161 19.117 0.071 5.28 762.0
2457561.72908 19.263 0.064 4.55 657.0
2457561.82729 19.313 0.075 4.80 830.0
2457562.59254 19.308 0.089 5.40 925.0
2457566.56290 19.383 0.082 6.17 451.0
2457566.68204 19.241 0.051 5.10 340.0
2457566.78386 19.236 0.063 5.75 398.0
2457566.88123 19.322 0.124 7.73 642.0
2457567.59166 19.266 0.074 6.06 521.0
2457567.71282 19.243 0.057 5.07 428.0
2457567.81232 19.135 0.055 5.15 474.0
2457568.58529 19.233 0.069 6.41 375.0
2457568.70858 19.251 0.070 6.76 320.0
2457568.81250 19.176 0.061 5.73 446.0
2457569.60275 19.310 0.077 6.66 391.0
2457569.72845 19.169 0.063 6.22 365.0
2457569.82980 19.141 0.060 5.61 496.0
2457570.68452 19.245 0.058 5.52 305.0
2457570.86843 19.286 0.080 6.94 517.0
2457575.69077 19.236 0.041 4.16 295.0
2457575.83255 19.151 0.053 5.48 390.0
2457576.64801 19.105 0.036 4.11 286.0
2457576.79088 19.205 0.058 5.86 321.0
2457579.61863 19.169 0.051 5.45 350.0
2457581.75293 19.180 0.052 5.30 415.0
2457583.75981 19.156 0.061 5.95 384.0
2457584.61945 19.146 0.059 5.35 458.0
2457584.77350 19.235 0.063 5.42 478.0
2457589.57312 19.129 0.083 5.90 847.0
2457589.72678 19.182 0.084 5.65 821.0
2457590.52585 19.343 0.084 5.70 671.0
2457590.67356 19.154 0.057 5.12 538.0
2457593.61456 19.300 0.051 4.87 315.0
2457593.75514 19.176 0.048 5.33 336.0
2457596.52053 19.211 0.045 4.79 315.0
2457599.58214 19.406 0.084 6.58 342.0
2457599.79827 19.194 0.070 6.60 391.0
2457600.70871 19.062 0.051 5.64 408.0
2457602.52165 19.440 0.096 7.23 379.0
2457602.68085 19.106 0.047 5.04 334.0
2457603.50106 19.125 0.045 4.85 319.0
2457603.65870 19.053 0.038 4.74 295.0
2457604.48364 19.401 0.105 7.87 389.0
2457604.62705 19.281 0.050 5.26 291.0
2457604.76665 19.070 0.048 5.50 332.0
2457605.63180 19.165 0.054 5.60 324.0
2457605.76895 19.178 0.062 5.57 414.0
2457607.52983 19.308 0.070 6.36 356.0
2457607.70433 19.071 0.045 5.31 295.0
2457608.62334 19.241 0.045 4.22 317.0
2457609.47842 19.329 0.084 6.09 446.0
2457609.66358 19.301 0.053 4.97 329.0
2457610.50719 19.367 0.075 5.93 390.0
2457610.69553 19.197 0.051 4.54 403.0
2457611.73400 19.371 0.089 6.63 422.0
2457612.61614 19.155 0.056 5.29 474.0
2457612.75030 19.083 0.062 5.84 467.0
2457617.59224 19.243 0.087 5.85 632.0
2457618.47878 19.247 0.091 5.88 694.0
2457618.64226 19.271 0.079 5.23 645.0
2457619.58562 19.124 0.080 6.78 529.0
2457621.65560 19.212 0.063 5.79 428.0
2457622.59319 19.374 0.060 4.95 375.0
2457623.50810 19.180 0.052 4.64 383.0
2457623.69045 19.242 0.054 4.75 379.0
2457624.63844 19.221 0.054 5.28 335.0
2457625.61319 19.270 0.056 5.34 343.0
2457626.59650 19.088 0.053 5.84 361.0
2457630.58027 19.238 0.052 4.79 328.0
2457631.55736 19.163 0.040 4.24 327.0
2457632.54157 19.130 0.051 5.17 330.0
2457633.58406 19.143 0.070 6.81 359.0
2457636.55232 19.266 0.071 6.38 374.0
2457637.54331 19.163 0.044 4.91 322.0
2457638.53989 19.089 0.065 5.70 590.0
2457639.60789 19.137 0.042 3.86 381.0
2457647.50605 19.071 0.093 7.13 713.0
2457648.54666 19.123 0.067 5.51 538.0
2457649.57170 19.200 0.057 4.34 520.0
2457650.60413 19.264 0.077 6.10 494.0
2457652.52467 19.132 0.050 5.47 347.0
2457653.57305 19.143 0.046 4.93 361.0
2457655.57512 19.201 0.058 5.75 376.0
2457657.52405 19.219 0.063 5.74 395.0
2457660.48682 19.066 0.074 6.36 571.0
2457661.55685 19.109 0.070 6.71 434.0
2457671.51696 19.181 0.112 5.67 1515.0
2457675.53687 19.219 0.079 5.38 722.0
2457683.51832 19.212 0.061 5.28 505.0
2457792.87770 19.169 0.092 6.75 755.0
2457793.88447 19.091 0.074 5.39 850.0
2457794.89148 19.083 0.107 6.41 1275.0
2457797.86414 19.107 0.098 6.69 884.0
2457799.85942 19.369 0.124 7.39 676.0
2457801.84668 19.287 0.110 6.86 799.0
2457802.89497 19.101 0.096 6.46 1049.0
2457808.87730 19.230 0.053 4.71 388.0
2457809.87208 19.212 0.070 6.37 425.0
2457810.86701 19.227 0.052 4.70 406.0
2457813.81638 19.245 0.078 5.87 569.0
2457814.88878 19.195 0.047 4.16 390.0
2457816.81463 19.140 0.073 6.82 444.0
2457817.81105 19.159 0.057 4.95 502.0
2457817.90153 19.230 0.054 3.92 665.0
2457818.88762 19.192 0.047 4.12 395.0
2457819.87411 19.120 0.047 4.75 373.0
2457820.87682 19.129 0.048 4.44 422.0
2457821.87450 19.392 0.076 5.21 459.0
2457822.87024 19.095 0.053 5.06 452.0
2457823.85551 19.117 0.055 4.47 589.0
2457824.85160 19.339 0.094 5.85 622.0
2457825.84330 19.208 0.066 5.20 580.0
2457826.80161 19.281 0.084 5.63 699.0
2457826.89153 19.209 0.060 4.69 558.0
2457827.86655 19.124 0.047 4.12 479.0
2457828.83597 19.274 0.066 4.99 539.0
2457829.81729 19.126 0.098 7.10 698.0
2457830.82803 19.198 0.081 5.06 944.0
2457830.90971 19.181 0.068 4.26 992.0
2457834.88326 19.297 0.079 5.26 624.0
2457835.85044 19.157 0.064 6.22 364.0
2457836.80319 19.177 0.080 7.54 372.0
2457836.91594 19.196 0.089 5.91 812.0
2457837.84817 19.114 0.046 5.10 323.0
2457838.78594 19.149 0.061 5.88 398.0
2457838.90513 19.105 0.042 4.54 362.0
2457839.85272 19.230 0.040 3.87 292.0
2457840.77764 19.211 0.061 5.93 345.0
2457840.89754 19.148 0.040 4.26 314.0
2457841.83593 19.278 0.061 5.72 328.0
2457842.86111 19.180 0.056 5.54 356.0
2457843.78466 19.167 0.053 5.70 320.0
2457843.90341 19.148 0.047 5.20 301.0
2457844.82158 19.208 0.070 6.88 329.0
2457845.73030 19.187 0.071 6.89 382.0
2457845.84552 19.173 0.043 4.42 319.0
2457846.77634 19.200 0.052 5.33 319.0
2457846.88402 19.129 0.043 4.70 326.0
2457847.78683 19.297 0.055 4.92 334.0
2457847.90734 19.189 0.043 4.18 316.0
2457848.80044 19.221 0.047 4.94 304.0
2457848.92128 19.259 0.057 4.65 458.0
2457849.81359 19.199 0.041 4.06 327.0
2457850.71830 19.204 0.079 6.06 539.0
2457850.82625 19.293 0.052 4.76 350.0
2457851.73579 19.111 0.075 6.36 582.0
2457851.84383 19.139 0.050 4.87 406.0
2457852.84156 19.243 0.061 5.73 392.0
2457853.90593 19.189 0.067 6.22 421.0
2457854.76682 19.238 0.067 4.94 594.0
2457854.88808 19.168 0.054 4.77 490.0
2457855.79691 19.196 0.067 4.98 601.0
2457855.91937 19.277 0.065 4.44 617.0
2457856.80752 19.376 0.090 6.10 558.0
2457857.90892 19.100 0.064 4.83 672.0
2457858.90950 19.157 0.057 4.93 537.0
2457862.76605 19.066 0.073 7.16 439.0
2457862.87785 19.103 0.062 6.06 423.0
2457863.83783 19.143 0.047 4.85 376.0
2457864.81473 19.109 0.037 3.91 329.0
2457865.67608 19.110 0.052 5.69 387.0
2457865.78344 19.210 0.041 3.89 343.0
2457865.92325 19.240 0.056 4.40 526.0
2457866.77991 19.204 0.042 3.92 344.0
2457866.91336 19.264 0.044 3.58 384.0
2457867.78364 19.251 0.045 4.25 323.0
2457867.91514 19.225 0.048 4.69 344.0
2457868.86277 19.212 0.080 7.08 398.0
2457869.73075 19.282 0.054 5.19 351.0
2457869.86058 19.164 0.042 4.03 349.0
2457870.74194 19.192 0.038 3.96 304.0
2457870.87204 19.117 0.040 4.13 322.0
2457871.75617 19.153 0.042 4.07 365.0
2457871.89723 19.202 0.046 4.01 367.0
2457872.75612 19.227 0.043 3.88 369.0
2457872.90464 19.211 0.043 3.89 377.0
2457873.73570 19.177 0.043 4.08 354.0
2457873.86705 19.080 0.044 4.42 380.0
2457874.69589 19.106 0.058 5.84 427.0
2457874.82456 19.200 0.060 5.74 352.0
2457874.93617 19.322 0.115 5.34 1328.0
2457875.90264 19.219 0.052 4.31 671.0
2457876.70799 19.175 0.063 5.94 465.0
2457876.84601 19.200 0.048 4.43 398.0
2457877.66983 19.160 0.056 5.31 470.0
2457877.79893 19.160 0.037 3.61 361.0
2457878.66203 19.150 0.057 5.08 576.0
2457878.83084 19.121 0.039 3.88 372.0
2457879.66407 19.213 0.081 7.05 530.0
2457879.77490 19.084 0.074 6.65 495.0
2457880.69615 19.314 0.090 7.02 480.0
2457880.81754 19.256 0.058 4.76 461.0
2457881.77173 19.017 0.073 6.71 570.0
2457881.88626 19.251 0.083 6.18 515.0
2457882.76054 19.248 0.069 5.68 496.0
2457882.89265 19.075 0.055 4.75 586.0
2457889.93041 19.148 0.102 6.28 999.0
2457890.81386 19.078 0.084 6.74 590.0
2457893.64557 18.997 0.072 7.44 450.0
2457893.76250 19.113 0.055 5.54 414.0
2457893.88368 19.283 0.058 4.99 413.0
2457894.62929 19.332 0.079 6.65 466.0
2457894.75539 19.178 0.042 4.25 338.0
2457894.86551 19.195 0.052 4.56 402.0
2457895.62622 19.297 0.069 5.79 528.0
2457897.67024 19.236 0.063 5.80 376.0
2457900.91713 19.034 0.064 6.63 423.0
2457901.60567 19.167 0.086 7.61 453.0
2457901.73492 19.220 0.053 5.13 445.0
2457902.59989 19.084 0.082 8.12 434.0
2457902.71480 19.253 0.051 5.02 343.0
2457902.83697 19.142 0.070 6.48 411.0
2457903.76480 19.212 0.074 7.20 337.0
2457903.88339 19.205 0.064 5.84 424.0
2457904.62529 19.204 0.062 6.18 390.0
2457904.74075 19.245 0.043 4.34 300.0
2457904.86304 19.209 0.047 4.55 359.0
2457905.59052 19.139 0.068 6.78 435.0
2457905.70879 19.174 0.040 4.06 315.0
2457905.83005 19.167 0.044 4.01 393.0
2457905.94290 19.160 0.071 4.67 879.0
2457906.64913 19.138 0.046 4.62 392.0
2457906.77959 19.264 0.049 4.02 398.0
2457906.88934 19.254 0.058 4.09 541.0
2457907.65858 19.148 0.057 4.82 533.0
2457907.75384 19.036 0.042 4.19 482.0
2457908.60373 19.181 0.080 6.27 611.0
2457908.72109 19.228 0.050 4.22 439.0
2457908.84172 19.231 0.052 4.71 394.0
2457908.93623 19.355 0.084 5.31 663.0
2457909.64452 19.256 0.060 4.84 479.0
2457909.76534 19.287 0.062 4.08 592.0
2457909.86826 19.206 0.049 3.86 510.0
2457910.56599 19.081 0.080 6.73 697.0
2457910.66020 19.246 0.057 4.62 489.0
2457910.79216 19.157 0.047 3.76 498.0
2457910.90984 19.202 0.057 4.60 533.0
2457911.62657 19.250 0.085 6.35 609.0
2457911.76038 19.364 0.117 7.43 605.0
2457917.60749 19.129 0.068 5.78 556.0
2457917.72410 19.237 0.055 4.19 509.0
2457917.83389 19.252 0.077 5.29 634.0
2457918.57614 19.106 0.072 7.18 690.0
2457922.58570 19.042 0.066 6.57 484.0
2457922.71643 19.313 0.069 5.67 392.0
2457923.58780 19.272 0.072 5.95 473.0
2457923.72475 19.150 0.075 7.05 397.0
2457923.83338 19.146 0.064 5.65 424.0
2457924.61756 19.139 0.052 5.41 370.0
2457924.74449 19.231 0.048 4.04 357.0
2457924.85196 19.247 0.053 4.15 460.0
2457925.64157 19.159 0.044 4.67 333.0
2457925.77779 19.164 0.053 5.29 336.0
2457925.89727 19.253 0.082 6.57 543.0
2457926.68080 19.230 0.055 5.44 328.0
2457926.81522 19.257 0.071 6.27 394.0
2457928.65694 19.261 0.064 5.90 382.0
2457932.69770 19.330 0.086 7.11 376.0
2457932.81862 19.219 0.060 5.63 376.0
2457933.67961 19.159 0.063 6.95 299.0
2457933.80628 19.295 0.083 7.45 340.0
2457934.50386 19.172 0.072 6.52 505.0
2457934.61064 19.158 0.056 5.64 361.0
2457934.73360 19.141 0.043 4.51 332.0
2457934.84151 19.327 0.072 6.15 345.0
2457935.59168 19.146 0.054 5.39 375.0
2457935.71411 19.179 0.047 4.55 318.0
2457935.82330 19.112 0.038 4.18 300.0
2457935.88784 19.152 0.046 4.69 377.0
2457936.57489 19.137 0.053 5.54 363.0
2457936.71088 19.085 0.046 5.22 319.0
2457936.83077 19.221 0.059 5.90 307.0
2457937.51627 19.231 0.075 6.27 545.0
2457937.62695 19.229 0.051 4.91 358.0
2457937.75907 19.316 0.068 6.04 362.0
2457938.53957 19.187 0.079 6.20 539.0
2457938.65705 19.151 0.075 6.98 461.0
2457944.50853 19.044 0.084 6.48 818.0
2457944.54921 19.187 0.070 5.00 760.0
2457944.60061 19.157 0.068 5.13 675.0
2457944.64991 19.084 0.058 4.34 694.0
2457944.71122 19.068 0.058 4.65 628.0
2457944.75949 19.255 0.072 4.89 646.0
2457944.81170 19.250 0.103 6.32 804.0
2457944.84224 19.141 0.129 7.15 1289.0
2457945.54799 19.242 0.067 5.18 559.0
2457945.65949 19.182 0.051 4.52 443.0
2457945.77045 19.239 0.056 4.54 529.0
2457946.48331 19.272 0.076 6.95 396.0
2457946.60282 19.264 0.065 5.35 438.0
2457946.73195 19.223 0.063 5.54 421.0
2457946.84011 19.097 0.071 6.05 563.0
2457947.58600 19.159 0.053 5.30 374.0
2457947.74682 19.187 0.072 6.47 416.0
2457948.48212 19.316 0.082 6.97 396.0
2457948.60689 19.101 0.042 4.55 336.0
2457948.74524 19.194 0.052 4.70 426.0
2457948.84726 19.117 0.065 5.78 528.0
2457949.65033 19.125 0.061 5.85 426.0
2457952.67513 19.166 0.049 5.00 328.0
2457952.79846 19.150 0.067 6.79 337.0
2457953.56824 19.172 0.052 5.33 329.0
2457953.69917 19.118 0.043 5.16 267.0
2457953.81684 19.222 0.059 5.73 364.0
2457954.57457 19.248 0.043 4.06 315.0
2457954.73233 19.193 0.048 4.66 399.0
2457955.77543 19.188 0.048 4.64 313.0
2457956.57022 19.239 0.048 4.68 335.0
2457956.70322 19.156 0.047 4.85 318.0
2457957.54382 19.171 0.061 6.00 377.0
2457957.74588 19.324 0.061 5.98 328.0
2457958.63981 19.097 0.060 6.54 320.0
2457958.75346 19.145 0.051 5.33 314.0
2457959.50129 19.177 0.050 5.16 358.0
2457959.61594 19.223 0.045 4.57 314.0
2457959.73160 19.170 0.042 4.59 295.0
2457960.48773 19.255 0.072 6.59 392.0
2457960.62032 19.132 0.048 5.47 338.0
2457960.74115 19.157 0.052 5.64 346.0
2457961.57144 19.057 0.048 5.57 396.0
2457961.66594 19.187 0.047 4.81 339.0
2457962.50076 19.266 0.049 4.46 355.0
2457962.76349 19.143 0.051 5.22 440.0
2457964.56089 19.129 0.051 4.77 407.0
2457964.67588 19.064 0.056 5.44 438.0
2457965.65782 19.211 0.054 5.01 366.0
2457966.53077 19.336 0.089 6.91 431.0
2457966.61750 19.342 0.085 7.18 338.0
2457966.72880 19.273 0.071 6.42 353.0
2457967.65727 19.225 0.081 6.78 435.0
2457967.72522 19.112 0.064 6.18 453.0
2457971.50173 19.287 0.119 5.77 1300.0
2457971.54239 19.077 0.073 5.53 792.0
2457971.59222 19.133 0.077 5.56 686.0
2457971.63053 19.134 0.069 4.92 745.0
2457971.67960 19.154 0.074 4.75 875.0
2457971.72153 19.233 0.079 4.78 820.0
2457972.55058 19.212 0.096 6.34 675.0
2457972.60307 19.137 0.071 5.11 639.0
2457972.64745 19.150 0.082 5.81 646.0
2457972.70983 19.239 0.079 4.90 741.0
2457972.74623 19.020 0.089 5.99 900.0
2457973.63517 19.157 0.075 5.84 612.0
2457974.50021 19.134 0.059 5.11 507.0
2457974.61573 19.170 0.063 5.30 478.0
2457974.72975 19.272 0.070 4.61 602.0
2457979.47732 19.153 0.054 4.95 473.0
2457979.61177 19.199 0.042 3.83 380.0
2457980.54758 19.282 0.077 6.26 432.0
2457980.66012 19.115 0.064 5.76 431.0
2457981.60143 19.243 0.054 4.75 368.0
2457982.49261 19.161 0.056 5.21 400.0
2457982.62273 19.175 0.059 5.50 365.0
2457983.55023 19.327 0.063 5.12 361.0
2457983.66220 19.152 0.043 4.72 317.0
2457984.57575 19.209 0.061 5.58 350.0
2457985.50407 19.214 0.076 6.55 418.0
2457985.62148 19.177 0.074 7.07 356.0
2457986.59886 19.117 0.045 4.80 330.0
2457987.51873 19.236 0.043 3.80 351.0
2457987.64808 19.249 0.043 3.70 361.0
2457990.57881 19.252 0.059 5.23 382.0
2457991.49649 19.189 0.055 5.16 396.0
2457991.62979 19.168 0.059 5.97 339.0
2457992.54584 19.221 0.048 4.38 356.0
2457993.48047 19.166 0.062 5.26 490.0
2457993.59316 19.160 0.054 5.44 346.0
2457994.52700 19.281 0.068 5.63 436.0
2457994.63813 19.166 0.061 5.59 415.0
2458000.48141 19.111 0.068 5.43 616.0
2458000.53583 19.098 0.082 6.87 524.0
2458000.57697 19.090 0.079 6.59 573.0
2458000.63288 19.119 0.075 5.74 675.0
2458001.56104 19.261 0.056 4.23 518.0
2458002.53184 19.051 0.120 6.35 1451.0
2458003.55284 19.172 0.096 7.23 535.0
2458004.56390 19.152 0.071 6.40 453.0
2458007.51680 19.275 0.075 6.37 411.0
2458008.53623 19.226 0.065 5.81 373.0
2458010.56657 19.244 0.065 5.70 410.0
2458012.50105 19.191 0.057 4.93 448.0
2458013.50519 19.147 0.046 4.08 413.0
2458014.52417 19.275 0.054 4.59 392.0
2458015.51197 19.241 0.082 7.16 397.0
2458016.52984 19.096 0.058 5.75 409.0
2458017.55480 19.156 0.049 4.65 407.0
2458019.48571 19.135 0.052 4.55 466.0
2458020.53286 19.112 0.059 5.22 405.0
2458030.48788 19.089 0.055 4.13 691.0
2458035.56523 19.267 0.078 5.84 490.0
2458037.54900 19.281 0.100 6.92 514.0
2458039.53335 19.080 0.066 6.08 466.0
2458041.50700 19.144 0.060 5.58 458.0
2458049.52856 19.253 0.050 3.78 675.0
2458056.50287 19.135 0.098 6.49 758.0
2458161.85812 19.185 0.073 6.11 563.0
2458162.86656 19.277 0.059 5.34 464.0
2458163.88845 19.275 0.080 5.18 855.0
2458164.87802 19.096 0.057 5.68 472.0
2458165.87529 19.265 0.057 4.59 458.0
2458166.85829 19.168 0.078 6.86 475.0
2458167.84266 19.055 0.058 5.80 485.0
2458167.88253 19.208 0.059 5.34 421.0
2458168.86365 19.211 0.063 5.80 421.0
2458169.84142 19.356 0.089 6.76 466.0
2458169.88643 19.311 0.070 5.29 460.0
2458170.86027 19.193 0.049 4.44 426.0
2458171.83508 19.127 0.064 5.53 502.0
2458171.86927 19.253 0.058 4.91 433.0
2458172.84062 19.285 0.062 5.54 450.0
2458172.87965 19.278 0.064 5.03 470.0
2458173.85040 19.223 0.061 5.27 550.0
2458173.89112 19.284 0.054 4.10 484.0
2458174.86127 19.315 0.066 4.76 547.0
2458174.90013 19.105 0.057 3.81 930.0
2458175.85991 19.232 0.060 5.46 431.0
2458175.89904 19.159 0.065 4.55 806.0
2458176.85293 19.163 0.054 4.96 470.0
2458176.89255 19.176 0.050 4.48 453.0
2458181.84598 19.275 0.068 4.42 663.0
2458181.88768 19.155 0.060 4.43 572.0
2458182.89643 19.217 0.055 4.13 543.0
2458183.90143 19.122 0.058 4.65 651.0
2458185.82832 19.189 0.091 6.32 735.0
2458185.87817 19.151 0.077 5.89 627.0
2458189.78764 19.203 0.060 5.44 447.0
2458190.89781 19.164 0.043 4.06 361.0
2458191.88456 19.124 0.057 5.68 379.0
2458192.87489 19.278 0.061 5.35 388.0
2458193.85125 19.167 0.055 5.67 346.0
2458194.81403 19.229 0.059 5.70 357.0
2458195.78778 19.114 0.068 6.93 416.0
2458195.90646 19.142 0.040 3.79 388.0
2458196.87398 19.358 0.057 4.79 337.0
2458197.81759 19.332 0.058 5.10 376.0
2458198.77405 19.150 0.049 5.22 394.0
2458198.88999 19.106 0.052 4.61 436.0
2458199.82628 19.120 0.046 4.77 356.0
2458200.81622 19.181 0.051 4.97 391.0
2458201.76036 19.193 0.091 7.76 458.0
2458201.86669 19.230 0.053 5.14 337.0
2458202.79424 19.149 0.053 5.00 431.0
2458202.91071 19.181 0.047 4.15 430.0
2458203.84334 19.290 0.047 3.90 366.0
2458204.77505 19.133 0.063 5.85 487.0
2458204.89083 19.175 0.050 5.13 341.0
2458205.82036 19.162 0.064 6.12 402.0
2458206.75607 19.163 0.068 5.72 602.0
2458206.86254 19.141 0.040 3.89 392.0
2458207.78240 19.176 0.063 5.39 573.0
2458207.88980 19.159 0.043 3.98 410.0
2458208.80921 19.220 0.060 4.25 645.0
2458209.73298 19.214 0.085 6.11 808.0
2458209.83743 19.301 0.065 4.92 545.0
2458210.85027 19.292 0.055 3.99 533.0
2458211.75706 19.243 0.072 5.49 629.0
2458211.86393 19.178 0.050 4.10 531.0
2458212.85714 19.144 0.047 3.59 593.0
2458217.80544 19.201 0.067 6.31 415.0
2458220.73058 19.234 0.074 7.12 347.0
2458220.82460 19.233 0.055 5.70 308.0
2458221.74614 19.207 0.067 6.71 326.0
2458221.85795 19.220 0.044 4.11 328.0
2458222.74875 19.175 0.046 4.80 331.0
2458222.88978 19.159 0.052 4.85 379.0
2458223.86364 19.229 0.057 5.12 357.0
2458224.74322 19.253 0.062 5.13 408.0
2458224.88027 19.159 0.048 5.00 382.0
2458227.69834 19.129 0.063 6.48 387.0
2458228.74943 19.183 0.053 5.26 373.0
2458228.89264 19.200 0.045 4.60 319.0
2458229.77793 19.242 0.045 4.48 313.0
2458229.89370 19.172 0.044 4.52 341.0
2458230.76346 19.113 0.047 5.25 356.0
2458230.89922 19.243 0.044 4.21 319.0
2458232.90187 19.222 0.049 4.41 348.0
2458233.84903 19.157 0.043 4.61 340.0
2458236.71562 19.192 0.056 4.30 585.0
2458238.71171 19.069 0.073 5.80 766.0
2458238.83056 19.332 0.066 4.34 640.0
2458244.68616 19.145 0.064 5.75 508.0
2458244.80673 19.155 0.049 4.11 486.0
2458245.74126 19.146 0.068 5.73 513.0
2458245.85247 19.249 0.083 5.91 561.0
2458246.70937 19.303 0.070 5.83 412.0
2458246.82629 19.267 0.060 4.84 477.0
2458247.74121 19.184 0.050 4.78 380.0
2458247.87203 19.230 0.069 5.55 500.0
2458248.74246 19.086 0.057 5.86 395.0
2458249.70886 19.117 0.067 6.90 389.0
2458249.82103 19.188 0.052 5.18 379.0
2458250.64836 19.239 0.055 5.42 364.0
2458250.76352 19.104 0.038 4.12 331.0
2458250.89558 19.121 0.043 4.49 384.0
2458251.68745 19.192 0.066 6.55 365.0
2458251.94144 19.239 0.100 4.77 1410.0
2458253.63494 19.253 0.076 6.93 415.0
2458253.74481 19.170 0.046 4.62 351.0
2458254.63086 19.222 0.058 5.07 449.0
2458254.76165 19.248 0.041 3.58 373.0
2458254.91230 19.096 0.039 3.73 441.0
2458255.70525 19.162 0.051 5.18 339.0
2458255.85941 19.053 0.047 4.71 402.0
2458256.63658 19.153 0.067 6.56 401.0
2458256.75840 19.253 0.060 5.53 368.0
2458256.88816 19.088 0.049 4.76 441.0
2458257.69779 19.261 0.058 5.29 359.0
2458257.81052 19.255 0.063 5.98 355.0
2458258.65611 19.113 0.049 5.28 353.0
2458258.79921 19.186 0.045 4.40 333.0
2458258.93067 19.081 0.038 3.32 470.0
2458259.76338 19.200 0.052 4.75 422.0
2458259.88793 19.239 0.060 4.76 488.0
2458260.75278 19.309 0.041 3.43 412.0
2458261.67468 19.282 0.054 4.13 421.0
2458261.83160 19.228 0.045 4.12 347.0
2458262.66113 19.288 0.056 5.02 368.0
2458262.77762 19.177 0.039 3.87 329.0
2458263.70227 19.247 0.047 4.15 401.0
2458263.83479 19.214 0.037 3.82 286.0
2458264.71610 19.077 0.042 3.77 510.0
2458264.83667 19.151 0.048 3.93 528.0
2458265.61365 19.086 0.076 5.89 677.0
2458265.73049 19.229 0.056 4.44 512.0
2458265.88104 19.143 0.051 4.21 541.0
2458266.73424 19.210 0.068 5.15 599.0
2458272.72155 19.236 0.057 4.72 460.0
2458272.83824 19.275 0.065 4.97 494.0
2458272.94391 19.281 0.093 5.09 927.0
2458273.69138 19.100 0.040 4.11 370.0
2458273.82730 19.103 0.051 5.15 407.0
2458273.91714 19.176 0.057 5.01 448.0
2458274.66962 19.191 0.063 6.16 362.0
2458274.79702 19.074 0.053 5.30 442.0
2458274.91219 19.044 0.083 6.73 704.0
2458275.67135 19.136 0.049 5.01 353.0
2458275.80654 19.121 0.045 4.34 420.0
2458275.92333 19.075 0.056 4.58 620.0
2458276.66802 19.142 0.047 5.03 336.0
2458276.79599 19.092 0.040 4.13 362.0
2458277.59999 19.113 0.053 5.26 415.0
2458277.73398 19.056 0.037 4.31 302.0
2458277.85034 19.179 0.051 4.60 413.0
2458278.55080 18.970 0.058 6.32 485.0
2458278.68530 19.249 0.054 4.83 465.0
2458282.56782 19.106 0.055 5.60 406.0
2458282.69055 19.078 0.034 4.09 279.0
2458282.83238 19.120 0.046 4.76 366.0
2458283.54153 18.970 0.060 6.40 465.0
2458283.64257 19.036 0.046 5.29 334.0
2458283.77805 19.071 0.039 4.25 356.0
2458283.89077 18.999 0.055 5.78 434.0
2458284.61301 18.997 0.045 5.58 318.0
2458284.74705 19.075 0.039 4.74 296.0
2458284.85876 19.007 0.047 5.27 362.0
2458285.76141 19.084 0.052 5.79 334.0
2458286.57978 18.927 0.039 5.31 298.0
2458286.71480 19.065 0.036 4.30 275.0
2458286.85502 19.147 0.043 4.32 338.0
2458287.56751 18.972 0.042 5.13 347.0
2458287.70591 19.012 0.045 6.15 277.0
2458287.84790 19.075 0.036 4.27 292.0
2458288.54352 18.908 0.045 5.68 380.0
2458288.66987 18.971 0.035 4.45 285.0
2458288.80758 18.934 0.037 4.58 308.0
2458289.53994 19.023 0.058 6.29 465.0
2458289.66672 19.003 0.035 4.09 326.0
2458289.81178 19.039 0.048 5.39 350.0
2458290.53282 18.836 0.054 5.82 612.0
2458290.66789 19.011 0.041 4.45 375.0
2458290.80826 18.952 0.047 5.22 400.0
2458291.57587 18.880 0.054 5.13 743.0
2458291.72428 18.952 0.045 4.36 486.0
2458291.85803 18.979 0.047 4.84 433.0
2458292.58713 18.797 0.052 6.37 426.0
2458292.71812 18.994 0.050 4.80 483.0
2458292.86850 18.898 0.042 4.51 457.0
2458293.59350 18.890 0.057 5.99 509.0
2458293.73716 18.855 0.050 5.72 484.0
2458294.62038 18.846 0.075 7.33 606.0
2458294.77311 18.753 0.068 7.59 668.0
2458299.52851 18.434 0.056 6.59 1045.0
2458301.60046 18.146 0.041 7.88 541.0
2458301.71056 18.065 0.033 7.46 538.0
2458301.83539 18.022 0.037 7.56 702.0
2458303.64051 17.670 0.022 7.86 360.0
2458304.61801 17.665 0.022 7.59 400.0
2458304.74091 17.640 0.023 7.47 473.0
2458305.64498 17.814 0.022 7.41 327.0
2458305.76562 17.833 0.023 6.98 380.0
2458306.67242 18.063 0.028 7.05 367.0
2458306.76135 18.017 0.028 7.30 380.0
2458307.48437 18.111 0.031 6.80 529.0
2458307.59053 18.226 0.022 4.99 384.0
2458307.71546 18.267 0.023 4.98 333.0
2458307.83576 18.239 0.027 5.54 420.0
2458308.54958 18.341 0.024 5.53 296.0
2458308.66977 18.421 0.024 4.78 282.0
2458308.78978 18.369 0.032 5.82 426.0
2458309.52398 18.448 0.028 5.68 352.0
2458309.66529 18.578 0.026 4.42 308.0
2458309.76831 18.631 0.027 4.16 361.0
2458310.48859 18.517 0.037 5.91 415.0
2458310.57953 18.639 0.033 5.22 381.0
2458310.66943 18.600 0.030 5.06 370.0
2458310.76288 18.631 0.033 5.41 355.0
2458311.50216 18.692 0.050 7.44 376.0
2458311.61476 18.687 0.033 5.42 299.0
2458311.74589 18.700 0.031 4.42 357.0
2458312.47038 18.741 0.067 7.14 631.0
2458312.58433 18.710 0.035 5.37 334.0
2458312.72515 18.795 0.030 4.40 309.0
2458313.47880 18.770 0.042 5.50 497.0
2458313.58304 18.848 0.030 4.19 290.0
2458313.70548 18.818 0.031 4.00 332.0
2458313.81428 18.884 0.036 3.83 424.0
2458314.55016 18.820 0.038 4.95 385.0
2458314.67176 18.908 0.036 4.24 357.0
2458314.78977 18.848 0.036 4.86 332.0
2458316.54919 18.819 0.050 6.48 406.0
2458316.66569 18.998 0.053 6.06 342.0
2458320.48920 18.951 0.052 5.69 476.0
2458320.60866 19.054 0.049 5.49 393.0
2458320.73068 19.059 0.045 5.07 347.0
2458321.52253 19.040 0.059 5.13 582.0
2458328.48692 18.950 0.067 5.87 645.0
2458328.59998 19.175 0.062 5.00 568.0
2458328.71263 19.146 0.073 5.60 648.0
2458329.51123 19.114 0.060 5.31 494.0
2458329.62309 19.172 0.069 5.86 521.0
2458329.73145 19.056 0.051 4.46 551.0
2458330.54296 19.098 0.046 4.59 443.0
2458331.52799 19.182 0.040 4.03 317.0
2458331.65140 19.120 0.048 5.10 376.0
2458332.52851 19.123 0.051 5.03 398.0
2458332.65264 19.102 0.053 5.22 438.0
2458333.50988 19.113 0.055 5.26 440.0
2458333.64361 19.176 0.041 4.32 320.0
2458334.55276 19.118 0.045 4.40 405.0
2458334.67610 19.150 0.045 4.57 339.0
2458335.68808 19.082 0.056 6.17 344.0
2458336.57150 19.124 0.039 4.29 286.0
2458336.74514 19.174 0.047 4.49 346.0
2458338.57521 19.014 0.049 5.85 357.0
2458339.47446 19.315 0.066 4.99 478.0
2458339.61414 19.099 0.036 4.23 272.0
2458340.51215 19.072 0.041 4.19 352.0
2458340.72984 19.257 0.052 5.05 308.0
2458341.58732 19.199 0.044 4.39 314.0
2458342.49402 19.183 0.060 5.69 373.0
2458342.65310 19.088 0.055 5.72 360.0
2458344.50745 19.126 0.050 4.79 393.0
2458344.63845 19.169 0.055 5.30 375.0
2458345.54022 19.044 0.060 5.93 437.0
2458345.70657 19.132 0.038 3.95 297.0
2458346.58806 19.060 0.044 4.90 308.0
2458347.49246 19.268 0.059 5.52 328.0
2458347.62880 19.196 0.046 4.36 303.0
2458348.55257 19.246 0.075 5.94 422.0
2458349.51820 19.153 0.078 6.76 420.0
2458349.72615 19.168 0.078 5.05 885.0
2458355.52761 19.106 0.062 4.99 527.0
2458355.69216 19.204 0.073 5.28 661.0
2458356.66009 19.183 0.051 3.96 563.0
2458357.56669 19.123 0.046 3.72 489.0
2458358.53545 19.168 0.063 5.06 494.0
2458358.69920 19.087 0.069 5.80 575.0
2458359.60335 19.263 0.062 4.64 476.0
2458360.54822 19.152 0.061 5.54 403.0
2458360.68140 19.294 0.097 6.63 584.0
2458363.53050 19.177 0.058 5.55 383.0
2458364.48553 19.215 0.058 4.98 440.0
2458364.64498 19.166 0.038 4.22 312.0
2458366.56090 19.204 0.044 4.08 334.0
2458367.57143 19.163 0.040 3.74 338.0
2458368.52512 19.241 0.050 4.37 350.0
2458369.48302 19.237 0.062 4.75 443.0
2458369.64350 19.148 0.046 4.29 376.0
2458370.63757 19.295 0.057 4.65 387.0
2458371.58889 19.259 0.053 4.82 336.0
2458372.55987 19.238 0.050 4.28 353.0
2458373.53900 19.209 0.064 5.67 352.0
2458375.56936 19.110 0.058 5.79 369.0
2458376.50126 19.214 0.077 6.86 395.0
2458376.62833 19.121 0.072 6.72 401.0
2458377.56046 19.233 0.081 5.57 766.0
2458382.51803 19.250 0.055 3.95 539.0
2458382.62559 19.147 0.050 3.44 642.0
2458383.56471 19.255 0.085 5.89 607.0
2458384.51522 19.335 0.075 4.62 573.0
2458384.60751 19.212 0.066 4.28 650.0
2458385.53824 19.162 0.044 3.31 535.0
2458385.62901 19.309 0.051 3.50 636.0
2458387.53979 19.020 0.072 4.24 1119.0
2458392.52015 19.231 0.079 6.39 426.0
2458393.50477 19.115 0.063 6.28 367.0
2458393.59658 19.209 0.079 6.78 400.0
2458394.57332 19.124 0.057 5.54 355.0
2458398.52060 19.116 0.056 5.38 380.0
2458401.52050 19.106 0.064 5.76 425.0
2458404.55448 19.226 0.086 6.62 526.0
2458409.57138 19.149 0.096 7.02 716.0
2458411.56439 19.134 0.092 6.40 752.0
2458413.55777 19.101 0.087 5.74 836.0
2458415.51445 19.089 0.103 6.83 791.0
