2457063.87096 18.371 0.037 5.24 608.0
2457069.86227 18.479 0.029 4.30 420.0
2457071.88657 18.475 0.029 4.76 388.0
2457075.88773 18.478 0.041 6.68 413.0
2457077.87284 18.488 0.038 6.17 390.0
2457079.81694 18.384 0.048 7.64 463.0
2457082.80610 18.446 0.045 7.60 409.0
2457083.87324 18.469 0.032 5.01 330.0
2457086.83308 18.398 0.033 4.71 607.0
2457088.87533 18.432 0.032 4.53 458.0
2457090.89792 18.464 0.026 3.63 437.0
2457092.90584 18.481 0.036 4.48 712.0
2457098.82845 18.497 0.029 4.47 347.0
2457100.83206 18.471 0.027 3.96 402.0
2457102.89983 18.420 0.029 4.82 359.0
2457110.83392 18.485 0.024 3.64 370.0
2457112.78921 18.438 0.035 5.21 472.0
2457114.91530 18.456 0.028 3.91 482.0
2457116.91334 18.493 0.034 4.39 580.0
2457118.91465 18.477 0.034 4.47 619.0
2457120.88142 18.481 0.031 4.08 555.0
2457126.83237 18.446 0.025 4.13 388.0
2457130.74891 18.487 0.029 4.66 300.0
2457131.90776 18.436 0.027 4.21 374.0
2457134.72810 18.456 0.031 4.92 356.0
2457135.88659 18.528 0.026 3.73 337.0
2457137.73091 18.526 0.024 3.87 305.0
2457138.85763 18.466 0.026 3.72 390.0
2457140.71454 18.446 0.031 4.65 460.0
2457141.84195 18.505 0.026 3.76 396.0
2457143.66775 18.443 0.037 5.39 498.0
2457144.77340 18.496 0.039 4.85 607.0
2457146.69337 18.442 0.038 4.45 862.0
2457147.71267 18.440 0.043 5.17 819.0
2457152.86615 18.519 0.033 4.37 571.0
2457153.91323 18.475 0.031 4.20 571.0
2457155.69982 18.469 0.029 4.39 352.0
2457156.80412 18.499 0.025 3.87 356.0
2457158.72782 18.469 0.028 4.71 324.0
2457159.78453 18.467 0.027 4.19 347.0
2457160.86222 18.547 0.033 5.11 345.0
2457161.93547 18.500 0.040 4.95 769.0
2457163.64360 18.341 0.032 5.24 433.0
2457164.77765 18.455 0.026 4.45 313.0
2457166.84752 18.498 0.036 5.15 442.0
2457169.82016 18.466 0.025 4.19 311.0
2457170.85667 18.438 0.033 5.16 403.0
2457172.90388 18.549 0.040 5.68 472.0
2457173.92967 18.462 0.041 6.05 651.0
2457174.91684 18.349 0.043 5.08 1088.0
2457178.66286 18.523 0.035 4.09 674.0
2457179.88085 18.572 0.051 6.13 624.0
2457180.88187 18.429 0.037 5.20 573.0
2457181.89770 18.470 0.040 5.59 492.0
2457182.91622 18.530 0.041 5.59 487.0
2457183.92100 18.493 0.046 6.78 446.0
2457185.57145 18.434 0.035 5.66 339.0
2457186.63384 18.504 0.049 7.23 389.0
2457187.75340 18.479 0.032 5.12 334.0
2457188.77050 18.400 0.038 6.19 394.0
2457189.85310 18.513 0.038 5.23 530.0
2457191.59601 18.473 0.041 6.08 417.0
2457194.53959 18.437 0.028 4.81 331.0
2457197.63547 18.480 0.028 4.72 285.0
2457198.66865 18.503 0.028 4.55 305.0
2457199.66356 18.460 0.024 4.01 305.0
2457200.66004 18.487 0.022 3.27 335.0
2457206.53229 18.578 0.061 5.51 1072.0
2457207.56068 18.442 0.038 4.95 617.0
2457209.70036 18.516 0.040 4.82 731.0
2457211.68021 18.454 0.030 5.22 299.0
2457214.65283 18.484 0.028 5.08 411.0
2457219.58020 18.554 0.035 5.26 333.0
2457220.71462 18.484 0.025 4.18 330.0
2457221.74401 18.526 0.035 5.61 304.0
2457223.53559 18.480 0.040 6.25 386.0
2457224.60242 18.490 0.048 7.78 294.0
2457226.53247 18.459 0.040 6.33 369.0
2457227.54432 18.507 0.027 4.15 321.0
2457228.60119 18.518 0.031 4.54 368.0
2457229.66668 18.536 0.036 3.74 883.0
2457233.48822 18.582 0.056 5.57 1015.0
2457236.61484 18.421 0.035 5.16 478.0
2457250.64216 18.459 0.036 5.94 494.0
2457253.67001 18.483 0.037 5.88 395.0
2457257.55653 18.512 0.041 4.43 1057.0
2457261.58257 18.517 0.048 6.01 759.0
2457264.53904 18.480 0.040 5.00 594.0
2457267.52395 18.442 0.035 5.53 356.0
2457269.52037 18.487 0.029 4.63 331.0
2457271.53686 18.533 0.038 5.49 348.0
2457275.56715 18.387 0.044 5.49 822.0
2457278.52886 18.391 0.048 7.58 414.0
2457291.55088 18.579 0.072 8.38 681.0
2457294.58815 18.473 0.073 8.29 1051.0
2457437.89772 18.432 0.042 4.85 821.0
2457440.86940 18.524 0.036 4.63 609.0
2457447.82606 18.562 0.034 4.71 457.0
2457451.83242 18.447 0.033 4.97 539.0
2457452.91223 18.495 0.034 3.26 1106.0
2457455.86821 18.511 0.030 5.04 304.0
2457457.89573 18.519 0.031 4.53 421.0
2457460.90496 18.503 0.026 3.49 437.0
2457462.91051 18.528 0.036 3.83 809.0
2457465.87265 18.516 0.029 4.03 395.0
2457470.77899 18.564 0.048 6.15 602.0
2457471.87621 18.514 0.039 5.17 523.0
2457475.76714 18.481 0.075 6.93 1389.0
2457480.92190 18.560 0.064 6.99 700.0
2457485.84053 18.496 0.026 4.14 299.0
2457487.74583 18.509 0.035 5.84 348.0
2457488.87175 18.446 0.023 3.65 427.0
2457491.88072 18.471 0.023 3.87 293.0
2457492.88510 18.516 0.025 3.97 356.0
2457493.87260 18.423 0.022 4.21 252.0
2457494.85888 18.470 0.023 3.63 328.0
2457495.83705 18.480 0.030 4.79 323.0
2457498.73393 18.565 0.050 6.26 579.0
2457499.72656 18.418 0.039 5.93 561.0
2457499.92771 18.450 0.037 4.97 664.0
2457500.86976 18.514 0.041 5.17 593.0
2457508.67230 18.378 0.029 5.90 319.0
2457509.78962 18.467 0.029 4.52 337.0
2457511.86450 18.444 0.026 4.38 391.0
2457522.77770 18.373 0.033 5.84 730.0
2457526.66868 18.433 0.039 5.75 626.0
2457528.90413 18.420 0.044 5.38 854.0
2457534.68787 18.455 0.034 5.61 480.0
2457536.68037 18.413 0.030 5.03 335.0
2457545.84167 18.435 0.031 5.21 335.0
2457546.86565 18.556 0.050 7.02 454.0
2457547.53043 18.504 0.051 7.81 393.0
2457547.81673 18.478 0.030 5.42 268.0
2457549.72087 18.493 0.027 4.92 229.0
2457550.67911 18.515 0.034 5.75 280.0
2457554.62914 18.421 0.032 5.25 440.0
2457555.76842 18.522 0.032 4.80 438.0
2457557.71402 18.514 0.042 5.37 694.0
2457560.77707 18.466 0.059 4.91 1894.0
2457561.86333 18.546 0.058 4.68 1659.0
2457562.50890 18.503 0.049 7.59 382.0
2457566.72997 18.495 0.033 5.51 313.0
2457567.67225 18.466 0.033 5.35 405.0
2457568.48213 18.512 0.054 8.03 456.0
2457568.64556 18.495 0.032 5.79 261.0
2457569.51047 18.594 0.058 7.87 447.0
2457569.68606 18.517 0.035 5.58 360.0
2457573.60744 18.482 0.032 5.81 262.0
2457575.53852 18.482 0.038 6.49 288.0
2457575.71717 18.453 0.026 4.81 256.0
2457576.48285 18.445 0.034 5.99 355.0
2457576.67549 18.530 0.026 4.69 255.0
2457576.81636 18.469 0.034 5.70 326.0
2457579.64824 18.521 0.031 5.52 296.0
2457581.79391 18.598 0.039 5.87 392.0
2457584.50370 18.384 0.042 6.28 518.0
2457584.64653 18.526 0.044 6.00 462.0
2457584.79879 18.632 0.044 5.43 560.0
2457589.60068 18.467 0.040 4.99 750.0
2457589.75990 18.489 0.064 7.09 885.0
2457590.55045 18.490 0.031 4.31 552.0
2457590.69825 18.538 0.034 4.81 496.0
2457593.47523 18.565 0.043 6.67 314.0
2457593.64081 18.408 0.028 5.52 273.0
2457593.77954 18.553 0.029 4.73 341.0
2457596.55838 18.499 0.024 4.46 259.0
2457599.49725 18.526 0.046 6.49 370.0
2457599.56476 18.461 0.043 7.28 306.0
2457599.63905 18.444 0.034 5.64 292.0
2457599.67362 18.470 0.033 5.20 300.0
2457600.49663 18.523 0.049 7.43 318.0
2457600.50626 18.528 0.047 7.16 311.0
2457600.60001 18.563 0.041 6.12 305.0
2457600.72677 18.397 0.029 5.49 558.0
2457601.68984 18.425 0.027 5.14 243.0
2457601.72737 18.433 0.027 4.94 264.0
2457602.54590 18.476 0.043 7.03 315.0
2457602.70505 18.481 0.036 6.17 314.0
2457603.51461 18.517 0.032 5.40 267.0
2457604.53781 18.423 0.029 5.11 319.0
2457605.56929 18.423 0.033 6.50 253.0
2457607.50696 18.541 0.039 6.37 303.0
2457608.63899 18.458 0.026 4.16 291.0
2457610.47777 18.437 0.038 6.05 362.0
2457612.50067 18.487 0.041 5.94 465.0
2457616.55121 18.471 0.035 4.68 625.0
2457617.69517 18.366 0.048 5.75 751.0
2457621.49299 18.507 0.038 6.35 297.0
2457622.68672 18.596 0.032 4.63 392.0
2457624.59100 18.457 0.034 5.97 304.0
2457626.59728 18.483 0.033 5.24 336.0
2457631.60280 18.518 0.029 4.60 300.0
2457634.51618 18.460 0.043 7.43 273.0
2457637.50991 18.505 0.039 6.54 303.0
2457639.60865 18.540 0.031 4.37 396.0
2457647.56766 18.355 0.034 4.88 626.0
2457650.49607 18.404 0.028 5.25 320.0
2457650.60641 18.498 0.043 6.15 541.0
2457651.51134 18.449 0.033 5.31 413.0
2457652.49855 18.428 0.026 5.10 307.0
2457653.49797 18.424 0.027 5.06 333.0
2457653.57536 18.472 0.030 4.97 358.0
2457654.50260 18.459 0.039 6.44 406.0
2457655.49932 18.508 0.037 6.01 344.0
2457656.50073 18.358 0.034 5.66 411.0
2457656.53446 18.424 0.035 5.56 379.0
2457657.54664 18.475 0.032 5.13 398.0
2457658.50327 18.510 0.034 5.01 390.0
2457659.50383 18.405 0.036 5.34 418.0
2457660.49973 18.457 0.044 6.50 439.0
2457661.50131 18.454 0.041 6.64 387.0
2457662.50139 18.402 0.039 6.13 460.0
2457662.54418 18.360 0.036 5.40 513.0
2457664.50010 18.432 0.045 6.99 477.0
2457664.52941 18.475 0.050 6.52 546.0
2457665.50402 18.411 0.042 6.24 458.0
2457666.50230 18.479 0.048 6.99 478.0
2457667.50739 18.435 0.040 5.39 632.0
2457671.48855 18.497 0.053 6.30 787.0
2457672.48993 18.375 0.037 5.74 553.0
2457682.49237 18.579 0.059 6.42 819.0
2457683.49158 18.560 0.066 6.55 1048.0
2457791.87874 18.363 0.032 5.07 480.0
2457793.87301 18.433 0.032 4.81 480.0
2457794.87999 18.491 0.052 6.41 727.0
2457795.86121 18.392 0.054 6.81 799.0
2457797.87040 18.454 0.048 5.58 757.0
2457799.89115 18.478 0.048 5.23 925.0
2457801.87014 18.422 0.042 5.56 648.0
2457803.88196 18.478 0.047 4.39 1308.0
2457809.86675 18.433 0.037 5.94 356.0
2457812.83515 18.429 0.034 5.32 411.0
2457815.86459 18.436 0.033 5.20 358.0
2457818.80692 18.459 0.032 5.07 370.0
2457820.84074 18.454 0.031 4.75 394.0
2457824.87614 18.483 0.043 5.73 528.0
2457826.87127 18.453 0.036 4.88 550.0
2457828.85872 18.424 0.029 4.25 482.0
2457830.87554 18.456 0.053 4.78 1587.0
2457834.83061 18.382 0.030 5.31 335.0
2457836.75462 18.406 0.048 7.92 353.0
2457837.82700 18.401 0.029 5.36 260.0
2457838.89971 18.385 0.024 4.21 309.0
2457840.77242 18.395 0.036 6.56 288.0
2457841.84596 18.440 0.041 7.02 279.0
2457842.88790 18.391 0.027 4.88 296.0
2457844.72984 18.325 0.028 5.31 303.0
2457845.76925 18.271 0.025 5.05 285.0
2457846.83210 18.202 0.023 4.85 263.0
2457847.86849 18.102 0.024 5.35 275.0
2457848.89953 17.821 0.016 4.71 258.0
2457850.71300 17.804 0.023 5.68 463.0
2457851.74586 18.067 0.027 5.43 463.0
2457852.86764 18.203 0.032 6.57 341.0
2457854.80133 18.336 0.029 4.65 515.0
2457855.83920 18.327 0.031 4.62 577.0
2457856.86749 18.370 0.044 6.58 521.0
2457862.74531 18.433 0.033 5.59 359.0
2457863.83049 18.464 0.029 4.96 328.0
2457864.80933 18.487 0.024 3.78 288.0
2457865.80385 18.457 0.023 3.53 316.0
2457866.82449 18.458 0.020 3.24 303.0
2457867.84444 18.419 0.024 4.13 283.0
2457869.66904 18.475 0.036 6.31 303.0
2457870.69899 18.479 0.027 4.73 297.0
2457871.71947 18.471 0.025 4.16 321.0
2457872.73528 18.443 0.026 4.42 318.0
2457873.73017 18.486 0.026 4.33 309.0
2457874.70555 18.404 0.035 5.90 354.0
2457875.80129 18.492 0.023 3.68 653.0
2457876.75058 18.468 0.031 5.21 354.0
2457877.73615 18.446 0.025 3.88 335.0
2457878.77453 18.493 0.024 3.48 354.0
2457879.73855 18.416 0.042 6.12 511.0
2457880.78325 18.530 0.044 5.96 434.0
2457881.88053 18.526 0.056 6.81 554.0
2457882.88693 18.444 0.040 5.42 577.0
2457890.83339 18.500 0.036 4.71 558.0
2457893.79903 18.477 0.035 5.62 340.0
2457894.66964 18.513 0.031 4.84 350.0
2457894.92156 18.447 0.041 6.17 444.0
2457897.72712 18.439 0.035 5.99 359.0
2457901.83399 18.524 0.032 4.95 369.0
2457902.80027 18.415 0.031 5.17 369.0
2457903.87740 18.526 0.041 5.89 400.0
2457904.79365 18.520 0.029 4.96 270.0
2457905.64755 18.441 0.028 4.67 312.0
2457905.91942 18.465 0.034 4.87 501.0
2457906.80547 18.483 0.030 4.44 410.0
2457907.69282 18.472 0.032 4.68 485.0
2457908.64412 18.442 0.033 4.95 469.0
2457908.89836 18.438 0.036 5.18 546.0
2457909.77500 18.499 0.036 4.43 636.0
2457910.55285 18.518 0.050 5.96 732.0
2457910.81682 18.466 0.030 4.20 521.0
2457911.68351 18.481 0.039 5.28 563.0
2457916.64713 18.457 0.034 4.44 676.0
2457916.86436 18.453 0.048 5.11 1024.0
2457917.71674 18.519 0.037 5.15 458.0
2457918.59043 18.481 0.043 6.15 765.0
2457922.66820 18.495 0.032 4.94 341.0
2457923.70133 18.304 0.039 6.96 365.0
2457924.51949 18.387 0.038 7.13 370.0
2457924.76934 18.423 0.027 3.98 341.0
2457925.66659 18.433 0.026 4.59 251.0
2457926.59007 18.379 0.035 6.69 320.0
2457928.66880 18.465 0.036 5.82 357.0
2457932.70693 18.396 0.042 7.21 330.0
2457933.56755 18.495 0.052 8.33 313.0
2457934.51292 18.342 0.037 6.79 371.0
2457934.75863 18.500 0.032 5.03 339.0
2457935.60113 18.479 0.032 5.30 310.0
2457936.48405 18.307 0.041 6.93 467.0
2457936.76071 18.443 0.034 6.16 253.0
2457937.57343 18.467 0.037 5.57 407.0
2457937.83032 18.354 0.042 7.54 344.0
2457944.49830 18.464 0.045 5.86 689.0
2457944.59200 18.494 0.038 4.77 633.0
2457944.71395 18.397 0.033 4.49 559.0
2457945.46369 18.419 0.059 6.64 1129.0
2457945.68496 18.399 0.026 4.06 398.0
2457946.53239 18.438 0.030 4.76 382.0
2457946.79017 18.508 0.042 6.01 410.0
2457947.74034 18.442 0.037 5.89 379.0
2457948.61658 18.430 0.032 5.71 303.0
2457949.55980 18.410 0.038 5.59 569.0
2457952.70163 18.424 0.031 5.62 281.0
2457953.60353 18.455 0.027 4.75 281.0
2457953.61888 18.434 0.031 5.52 281.0
2457954.50091 18.489 0.032 5.09 461.0
2457954.79932 18.394 0.029 4.84 450.0
2457956.61786 18.463 0.029 4.94 273.0
2457957.68789 18.458 0.034 5.94 301.0
2457958.71251 18.505 0.041 6.60 317.0
2457959.60934 18.419 0.027 4.83 286.0
2457960.49662 18.474 0.032 5.35 324.0
2457960.77405 18.476 0.032 5.66 299.0
2457961.76998 18.526 0.041 6.24 507.0
2457964.53208 18.531 0.034 4.78 421.0
2457965.63573 18.485 0.030 4.69 361.0
2457966.59425 18.482 0.036 5.50 363.0
2457967.63829 18.319 0.047 7.03 561.0
2457971.50573 18.426 0.041 5.22 695.0
2457971.60598 18.572 0.050 5.88 569.0
2457971.69820 18.552 0.040 4.50 719.0
2457972.63641 18.505 0.043 5.04 598.0
2457973.55206 18.495 0.059 7.43 600.0
2457974.54055 18.419 0.032 4.91 443.0
2457975.62104 18.518 0.051 5.95 690.0
2457980.48741 18.386 0.042 6.35 441.0
2457981.57867 18.482 0.033 4.94 401.0
2457982.61590 18.492 0.036 5.16 365.0
2457984.48282 18.467 0.046 7.08 371.0
2457985.55280 18.440 0.047 7.07 388.0
2457986.65719 18.476 0.033 5.47 323.0
2457990.53023 18.460 0.036 5.37 401.0
2457991.60737 18.504 0.041 6.55 323.0
2457993.47354 18.560 0.051 5.12 851.0
2457994.53552 18.447 0.041 5.96 480.0
2457998.52581 18.606 0.056 5.00 1062.0
2457998.62915 18.490 0.054 4.99 1340.0
2458000.55353 18.475 0.044 6.05 519.0
2458001.50691 18.484 0.034 4.77 476.0
2458002.63910 18.548 0.077 6.41 1406.0
2458005.50781 18.454 0.052 7.43 411.0
2458010.53622 18.560 0.044 6.04 419.0
2458013.49808 18.542 0.032 4.36 405.0
2458015.52317 18.485 0.055 7.89 388.0
2458018.48360 18.387 0.044 6.21 542.0
2458021.47996 18.364 0.054 5.09 1317.0
2458026.54266 18.505 0.041 4.23 988.0
2458032.54300 18.423 0.051 6.35 702.0
2458035.52705 18.470 0.052 7.00 487.0
