2457059.88047 18.084 0.044 7.05 872.0
2457060.87017 18.126 0.034 5.96 692.0
2457060.88628 18.024 0.030 4.57 1037.0
2457061.86656 18.009 0.027 5.21 694.0
2457061.88222 18.086 0.027 4.67 843.0
2457062.86408 18.098 0.023 4.77 570.0
2457062.87971 18.129 0.025 3.94 722.0
2457063.87690 18.085 0.028 5.33 683.0
2457064.87366 18.177 0.028 4.74 668.0
2457065.86552 18.134 0.031 5.39 694.0
2457066.85841 18.159 0.039 5.81 926.0
2457069.84289 18.171 0.029 5.67 522.0
2457069.88154 18.104 0.023 4.17 540.0
2457070.85506 18.095 0.022 4.97 438.0
2457070.89297 18.098 0.023 3.89 681.0
2457071.86741 18.090 0.019 4.32 410.0
2457072.83721 18.135 0.026 5.42 490.0
2457072.87508 18.124 0.023 4.47 455.0
2457074.85097 18.138 0.037 7.42 505.0
2457074.89111 18.128 0.029 5.55 592.0
2457075.82922 18.053 0.028 6.47 474.0
2457075.86835 18.088 0.025 5.95 453.0
2457076.83088 18.097 0.023 4.96 472.0
2457076.86893 18.093 0.019 4.04 438.0
2457077.82866 18.088 0.030 6.36 489.0
2457077.86626 18.126 0.027 5.78 454.0
2457078.82395 18.085 0.028 6.30 469.0
2457078.85726 18.083 0.021 4.67 442.0
2457078.89497 18.075 0.019 3.75 484.0
2457079.89425 18.094 0.037 7.52 497.0
2457080.84033 18.141 0.025 5.80 400.0
2457080.89056 18.095 0.021 4.92 395.0
2457081.89150 18.142 0.029 6.24 425.0
2457082.81524 18.170 0.027 5.88 454.0
2457082.85902 18.103 0.018 4.03 387.0
2457082.89849 18.195 0.023 4.36 504.0
2457083.83716 18.121 0.030 6.51 437.0
2457083.88114 18.111 0.022 4.74 403.0
2457084.81902 18.079 0.025 4.60 646.0
2457084.86142 18.143 0.023 4.36 492.0
2457084.90628 18.075 0.022 3.90 687.0
2457085.80496 18.130 0.025 4.13 766.0
2457085.87959 18.085 0.021 3.78 588.0
2457086.81031 18.094 0.028 4.61 783.0
2457086.85630 18.102 0.023 4.00 625.0
2457086.90030 18.087 0.020 3.37 641.0
2457087.82254 18.129 0.027 4.03 773.0
2457087.86781 18.168 0.025 4.08 635.0
2457088.79958 18.093 0.023 3.86 653.0
2457088.83891 18.135 0.023 3.75 574.0
2457088.88348 18.108 0.024 4.36 526.0
2457089.79761 18.146 0.027 4.42 657.0
2457089.84925 18.107 0.025 4.70 559.0
2457089.89301 18.123 0.024 4.45 559.0
2457090.81400 18.122 0.027 5.12 600.0
2457090.85861 18.130 0.023 4.36 516.0
2457090.90320 18.085 0.020 3.67 545.0
2457091.81194 18.109 0.022 3.98 631.0
2457091.85694 18.118 0.023 4.27 579.0
2457091.90201 18.110 0.023 4.26 591.0
2457092.80680 18.097 0.022 3.69 641.0
2457092.84650 18.118 0.021 3.51 569.0
2457092.88524 18.111 0.020 3.61 549.0
2457093.87679 18.096 0.019 3.68 468.0
2457097.79549 18.107 0.020 4.04 441.0
2457097.83950 18.140 0.017 3.19 395.0
2457097.88359 18.130 0.017 3.48 375.0
2457098.78729 18.100 0.022 4.78 436.0
2457098.83372 18.140 0.018 3.57 414.0
2457098.88764 18.108 0.018 3.67 408.0
2457099.76719 18.080 0.023 5.19 408.0
2457099.78468 18.099 0.021 4.67 412.0
2457099.82922 18.081 0.019 4.14 390.0
2457099.84425 18.151 0.021 4.61 393.0
2457099.86085 18.059 0.020 4.61 383.0
2457099.89025 18.154 0.021 4.57 382.0
2457099.91828 18.107 0.032 3.97 1508.0
2457100.79579 18.129 0.022 4.17 510.0
2457100.84159 18.146 0.020 3.79 448.0
2457100.88697 18.119 0.020 3.90 436.0
2457101.78840 18.167 0.036 6.93 626.0
2457101.86876 18.027 0.025 5.33 532.0
2457101.91357 18.018 0.029 5.02 828.0
2457102.81673 18.083 0.034 7.29 433.0
2457102.87827 18.083 0.027 6.30 418.0
2457104.82005 18.101 0.018 3.57 443.0
2457108.80694 18.196 0.037 7.40 453.0
2457108.85389 18.137 0.025 5.21 470.0
2457109.75426 18.096 0.023 5.57 400.0
2457109.80343 18.099 0.023 5.53 381.0
2457109.85795 18.140 0.023 5.25 395.0
2457109.90794 18.160 0.021 4.17 412.0
2457110.76726 18.125 0.019 4.13 402.0
2457110.81238 18.111 0.017 3.45 406.0
2457110.87778 18.104 0.017 3.74 410.0
2457111.74852 18.075 0.023 5.03 485.0
2457111.78817 18.110 0.021 4.56 376.0
2457111.84439 18.097 0.019 4.38 363.0
2457111.90023 18.152 0.019 4.01 373.0
2457112.74427 18.076 0.029 5.62 624.0
2457112.79587 18.120 0.025 4.61 514.0
2457112.85920 18.124 0.021 4.21 460.0
2457112.90747 18.160 0.018 3.38 454.0
2457113.74874 18.160 0.024 4.71 492.0
2457113.79421 18.075 0.019 3.98 447.0
2457113.83839 18.148 0.018 3.51 440.0
2457113.89504 18.129 0.019 3.89 407.0
2457114.76083 18.141 0.024 4.54 558.0
2457114.80526 18.135 0.020 3.52 521.0
2457114.86082 18.083 0.019 3.67 481.0
2457114.90767 18.108 0.019 3.55 433.0
2457115.72738 18.145 0.028 5.24 615.0
2457115.77586 18.108 0.021 4.19 522.0
2457115.81910 18.149 0.022 4.15 496.0
2457115.86279 18.132 0.019 3.68 473.0
2457116.72299 18.111 0.034 5.80 814.0
2457116.77063 18.143 0.026 4.48 673.0
2457116.81480 18.064 0.025 4.64 636.0
2457116.87778 18.105 0.021 3.84 619.0
2457116.92280 18.093 0.026 4.09 925.0
2457117.75280 18.078 0.022 3.97 707.0
2457117.79772 18.068 0.019 3.58 618.0
2457117.84255 18.126 0.020 3.58 602.0
2457117.90017 18.123 0.017 2.98 591.0
2457118.75651 18.128 0.029 4.04 1170.0
2457118.81145 18.105 0.021 3.67 725.0
2457118.86284 18.127 0.020 3.54 593.0
2457118.91118 18.086 0.020 3.43 620.0
2457119.76343 18.061 0.030 5.30 783.0
2457119.78623 18.108 0.026 4.50 669.0
2457119.82939 18.097 0.025 4.41 639.0
2457119.87398 18.121 0.024 4.13 597.0
2457119.92093 18.100 0.027 4.45 770.0
2457120.74567 18.126 0.022 3.84 634.0
2457120.78777 18.080 0.021 3.91 593.0
2457120.82480 18.103 0.020 3.55 572.0
2457120.86403 18.168 0.019 3.36 555.0
2457120.90426 18.166 0.031 3.57 1520.0
2457125.73124 18.075 0.022 5.06 469.0
2457125.78039 18.152 0.022 4.20 467.0
2457125.82769 18.131 0.020 3.93 475.0
2457125.88933 18.129 0.020 3.81 492.0
2457126.69815 18.112 0.022 5.12 429.0
2457126.74483 18.135 0.020 4.14 479.0
2457126.79754 18.161 0.018 3.41 473.0
2457126.87202 18.125 0.018 3.36 485.0
2457126.92420 18.103 0.021 3.63 677.0
2457127.73277 18.131 0.019 3.90 475.0
2457129.68917 18.085 0.025 5.79 450.0
2457129.73360 18.081 0.020 4.40 394.0
2457129.77774 18.119 0.018 3.91 391.0
2457129.84011 18.135 0.020 4.29 392.0
2457129.88592 18.052 0.020 4.47 432.0
2457129.93017 18.122 0.025 3.96 787.0
2457130.71465 18.114 0.024 5.65 369.0
2457130.75863 18.137 0.026 5.64 388.0
2457130.81157 18.119 0.021 4.37 395.0
2457130.86962 18.121 0.023 5.26 392.0
2457130.91193 18.162 0.026 5.19 426.0
2457131.70146 18.133 0.024 4.75 473.0
2457131.74521 18.081 0.019 3.75 436.0
2457131.80185 18.090 0.017 3.32 407.0
2457131.85556 18.113 0.016 3.18 397.0
2457131.90281 18.064 0.018 3.81 427.0
2457132.68214 18.077 0.031 6.50 542.0
2457132.72591 18.100 0.023 4.94 477.0
2457132.76923 18.084 0.022 4.54 452.0
2457132.83973 18.113 0.018 3.65 513.0
2457133.82214 18.126 0.021 4.30 453.0
2457133.87013 18.132 0.022 4.47 440.0
2457133.91450 18.113 0.024 5.33 429.0
2457134.68779 18.143 0.026 5.52 482.0
2457134.72458 18.066 0.023 5.28 439.0
2457134.76901 18.134 0.023 4.98 421.0
2457134.82342 18.103 0.020 4.25 419.0
2457134.88057 18.106 0.020 4.07 416.0
2457134.92500 18.127 0.020 3.73 552.0
2457135.71183 18.124 0.019 3.74 449.0
2457135.75540 18.110 0.017 3.64 413.0
2457135.79980 18.117 0.017 3.50 387.0
2457135.86799 18.125 0.017 3.37 375.0
2457135.91248 18.132 0.019 3.83 392.0
2457136.68884 18.131 0.022 4.49 462.0
2457136.73273 18.077 0.022 4.76 467.0
2457136.77617 18.135 0.020 3.92 437.0
2457136.82969 18.100 0.023 5.09 398.0
2457136.88632 18.086 0.022 4.72 411.0
2457136.93068 18.160 0.034 4.58 1034.0
2457137.69793 18.100 0.017 3.92 362.0
2457137.74226 18.131 0.017 3.71 368.0
2457137.78668 18.088 0.016 3.41 371.0
2457137.85285 18.159 0.021 4.32 379.0
2457137.89866 18.132 0.025 5.19 406.0
2457138.66359 18.152 0.035 7.05 515.0
2457138.69771 18.121 0.023 5.14 391.0
2457138.74302 18.148 0.022 4.97 376.0
2457138.78712 18.146 0.019 3.86 404.0
2457138.85376 18.076 0.019 3.91 432.0
2457138.89911 18.139 0.022 4.35 447.0
2457139.66444 18.089 0.031 6.56 526.0
2457139.73785 18.177 0.023 4.77 405.0
2457139.78061 18.134 0.022 4.57 404.0
2457139.84408 18.075 0.022 4.89 393.0
2457139.89167 18.168 0.023 4.77 379.0
2457140.65959 18.106 0.028 5.67 567.0
2457140.69702 18.092 0.027 5.75 526.0
2457140.73876 18.119 0.022 4.24 521.0
2457140.78191 18.069 0.018 3.78 445.0
2457140.84396 18.129 0.025 5.25 449.0
2457140.89093 18.086 0.022 4.52 472.0
2457140.93499 18.009 0.030 4.19 1459.0
2457141.68699 18.129 0.021 3.94 474.0
2457141.73096 18.098 0.017 3.40 447.0
2457141.77533 18.094 0.016 3.01 461.0
2457141.83788 18.131 0.016 2.94 439.0
2457141.88817 18.128 0.019 3.55 502.0
2457141.93277 18.116 0.030 4.31 1043.0
2457142.68137 18.166 0.019 3.23 468.0
2457142.72725 18.126 0.018 3.33 458.0
2457142.77195 18.128 0.019 3.40 477.0
2457142.82695 18.154 0.020 3.69 434.0
2457142.88251 18.105 0.020 3.76 411.0
2457142.92648 18.082 0.023 4.07 525.0
2457143.68110 18.110 0.024 4.63 532.0
2457143.72409 18.130 0.023 4.04 484.0
2457143.76822 18.088 0.024 5.06 466.0
2457143.81468 18.132 0.021 3.76 473.0
2457143.86919 18.066 0.021 4.08 502.0
2457143.93312 18.067 0.028 4.10 952.0
2457144.67263 18.182 0.033 5.40 694.0
2457144.71507 18.136 0.031 5.79 625.0
2457144.76991 18.137 0.023 4.34 582.0
2457144.84137 18.118 0.030 5.32 618.0
2457145.68993 18.086 0.028 4.71 716.0
2457145.76591 18.076 0.024 4.31 637.0
2457145.81090 18.143 0.023 3.93 611.0
2457145.85735 18.128 0.025 4.08 681.0
2457145.90303 18.118 0.024 4.20 696.0
2457146.63971 18.145 0.041 5.87 1181.0
2457146.67771 18.107 0.028 4.31 940.0
2457146.71469 18.123 0.024 3.77 844.0
2457146.75171 18.041 0.022 3.75 811.0
2457146.78905 18.118 0.022 3.70 777.0
2457146.82968 18.102 0.023 3.54 851.0
2457146.86848 18.109 0.024 3.81 830.0
2457146.90584 18.121 0.027 4.30 828.0
2457147.64625 18.144 0.050 6.95 1097.0
2457147.68393 18.152 0.034 4.94 979.0
2457147.72186 18.167 0.031 4.94 778.0
2457147.75922 18.096 0.025 4.15 737.0
2457147.79666 18.089 0.027 4.98 737.0
2457147.83655 18.086 0.038 4.03 2177.0
2457147.87776 18.108 0.027 4.42 792.0
2457147.91537 18.168 0.029 4.42 874.0
2457148.79364 18.149 0.028 5.63 676.0
2457148.86805 18.113 0.032 5.83 788.0
2457150.81549 18.135 0.030 5.04 772.0
2457150.83163 18.135 0.032 5.26 775.0
2457151.70168 18.092 0.042 5.84 1254.0
2457151.81031 18.123 0.029 5.03 691.0
2457151.82627 18.103 0.029 4.67 852.0
2457152.75415 18.142 0.026 5.28 521.0
2457152.80127 18.148 0.024 4.44 556.0
2457152.84607 18.129 0.024 4.31 562.0
2457152.89104 18.134 0.029 5.52 630.0
2457152.93503 18.085 0.028 5.30 729.0
2457153.65447 18.133 0.021 4.15 463.0
2457153.69841 18.109 0.020 4.00 444.0
2457153.74284 18.082 0.017 3.43 466.0
2457153.78701 18.085 0.016 3.14 496.0
2457153.83375 18.137 0.018 3.15 517.0
2457153.87749 18.108 0.019 3.52 558.0
2457153.92301 18.100 0.021 3.97 587.0
2457154.66539 18.088 0.017 3.60 399.0
2457154.71467 18.102 0.018 3.48 419.0
2457154.75847 18.093 0.019 3.83 490.0
2457154.82178 18.112 0.021 4.22 469.0
2457154.87490 18.150 0.021 4.03 467.0
2457154.91825 18.183 0.020 3.77 498.0
2457155.63419 18.149 0.026 5.23 480.0
2457155.68182 18.161 0.021 3.90 438.0
2457155.72625 18.122 0.019 3.71 422.0
2457155.77288 18.084 0.018 3.71 420.0
2457155.83988 18.131 0.022 4.12 487.0
2457155.88317 18.129 0.022 4.11 516.0
2457155.92672 18.100 0.021 3.72 590.0
2457156.63570 18.120 0.018 3.71 408.0
2457156.67655 18.121 0.019 3.96 399.0
2457156.72208 18.163 0.018 3.82 416.0
2457156.79963 18.099 0.017 3.44 415.0
2457157.61565 18.140 0.023 4.58 454.0
2457157.65980 18.111 0.018 3.67 410.0
2457157.70929 18.111 0.018 3.79 380.0
2457157.80774 18.139 0.021 4.55 388.0
2457157.87125 18.142 0.024 4.69 453.0
2457157.91581 18.145 0.023 4.38 477.0
2457158.65133 18.141 0.022 4.59 432.0
2457158.69557 18.115 0.020 4.40 395.0
2457158.73928 18.109 0.020 4.49 413.0
2457158.79444 18.091 0.020 4.29 411.0
2457158.85035 18.096 0.021 4.56 444.0
2457158.89386 18.084 0.023 4.79 521.0
2457158.93804 18.031 0.028 5.26 801.0
2457159.63797 18.116 0.022 4.39 496.0
2457159.68156 18.133 0.020 3.94 425.0
2457159.72537 18.121 0.022 4.54 448.0
2457159.78091 18.130 0.020 4.15 415.0
2457159.83640 18.115 0.019 3.97 417.0
2457159.88022 18.110 0.021 4.49 423.0
2457159.92483 18.122 0.023 4.46 524.0
2457160.64489 18.148 0.026 5.21 471.0
2457160.68977 18.119 0.023 4.58 452.0
2457160.73311 18.163 0.021 3.96 446.0
2457160.80117 18.141 0.021 4.19 436.0
2457160.84445 18.118 0.019 4.15 390.0
2457160.89232 18.191 0.023 4.65 450.0
2457160.93612 18.061 0.027 5.45 681.0
2457161.64004 18.152 0.024 5.12 441.0
2457161.70272 18.116 0.018 3.54 431.0
2457161.75582 18.117 0.017 3.44 428.0
2457161.81229 18.120 0.019 3.86 412.0
2457161.85664 18.113 0.017 3.35 425.0
2457161.90252 18.143 0.020 3.92 520.0
2457162.60112 18.084 0.022 5.11 415.0
2457162.64575 18.062 0.024 5.84 394.0
2457162.69040 18.112 0.021 4.38 395.0
2457162.73391 18.119 0.021 4.40 409.0
2457162.80075 18.126 0.021 4.22 405.0
2457162.84477 18.187 0.024 4.78 422.0
2457162.89169 18.132 0.022 4.56 414.0
2457162.93526 18.129 0.025 4.40 612.0
2457163.64026 18.119 0.029 5.73 518.0
2457163.68488 18.101 0.025 5.28 465.0
2457163.72921 18.086 0.023 4.83 500.0
2457163.79397 18.142 0.021 4.05 471.0
2457163.83837 18.104 0.020 4.21 443.0
2457163.88240 18.089 0.024 4.99 512.0
2457163.92613 18.099 0.030 5.87 589.0
2457164.71053 18.129 0.023 4.86 399.0
2457164.75603 18.136 0.022 4.80 377.0
2457164.81192 18.133 0.023 4.86 408.0
2457164.86505 18.113 0.022 4.56 488.0
2457164.90830 18.092 0.023 4.67 496.0
2457165.60339 18.184 0.029 5.91 465.0
2457166.59958 18.170 0.033 6.29 526.0
2457166.64347 18.094 0.025 5.14 481.0
2457166.68668 18.110 0.024 5.63 404.0
2457166.75030 18.123 0.020 4.13 425.0
2457166.79842 18.134 0.024 4.82 447.0
2457166.84274 18.094 0.022 4.73 468.0
2457166.88690 18.073 0.025 5.24 512.0
2457166.93112 18.063 0.032 6.71 539.0
2457168.72365 18.176 0.029 6.31 390.0
2457169.58534 18.094 0.024 5.02 510.0
2457169.63042 18.098 0.021 4.64 430.0
2457169.67487 18.082 0.018 3.99 396.0
2457169.71944 18.120 0.019 4.21 387.0
2457169.78604 18.102 0.018 3.80 370.0
2457169.84040 18.146 0.019 4.03 372.0
2457169.88444 18.165 0.021 4.43 400.0
2457169.92891 18.102 0.023 4.92 460.0
2457170.60316 18.186 0.027 5.32 467.0
2457170.64739 18.126 0.020 4.16 426.0
2457170.69156 18.163 0.022 4.58 423.0
2457170.74537 18.126 0.021 4.46 431.0
2457170.80524 18.128 0.020 4.42 390.0
2457170.85198 18.140 0.025 5.04 449.0
2457170.89487 18.119 0.022 4.43 474.0
2457171.86419 18.127 0.024 4.95 806.0
2457172.57801 18.083 0.032 5.53 747.0
2457172.62134 18.158 0.032 5.77 594.0
2457172.66589 18.113 0.024 4.44 555.0
2457172.71026 18.069 0.021 4.10 523.0
2457172.77628 18.082 0.024 4.40 579.0
2457172.82007 18.098 0.025 4.55 575.0
2457172.87131 18.154 0.027 5.35 478.0
2457172.91517 18.125 0.026 5.29 536.0
2457173.57392 18.121 0.038 6.28 853.0
2457173.62648 18.171 0.030 4.99 697.0
2457173.67217 18.105 0.024 4.44 633.0
2457173.72685 18.101 0.022 4.18 601.0
2457173.79163 18.146 0.024 4.03 641.0
2457173.83845 18.141 0.023 3.88 682.0
2457173.88233 18.131 0.025 4.36 729.0
2457173.92648 18.065 0.024 4.67 630.0
2457174.58031 18.210 0.042 5.91 1018.0
2457174.62192 18.040 0.026 4.53 783.0
2457174.66620 18.125 0.025 4.13 709.0
2457174.70997 18.104 0.024 4.29 675.0
2457174.76381 18.075 0.023 3.73 685.0
2457174.80876 18.086 0.026 4.13 776.0
2457174.85230 18.042 0.026 4.20 850.0
2457174.89911 18.107 0.033 5.01 954.0
2457174.94274 18.054 0.030 3.92 1339.0
2457175.60367 18.171 0.036 5.01 1103.0
2457175.69468 18.117 0.025 3.75 978.0
2457175.75372 18.117 0.025 3.85 916.0
2457175.84748 18.201 0.029 3.72 964.0
2457175.88905 18.143 0.035 4.53 1215.0
2457175.92870 18.216 0.037 4.68 1181.0
2457176.70774 18.108 0.029 4.63 992.0
2457176.82749 18.149 0.035 5.25 922.0
2457176.93145 18.009 0.037 5.69 1245.0
2457177.77740 18.161 0.028 3.34 1288.0
2457178.68764 18.071 0.025 4.00 833.0
2457178.80578 18.161 0.025 3.86 755.0
2457178.93702 18.142 0.040 5.17 1391.0
2457179.56207 18.148 0.031 5.05 683.0
2457179.60608 18.111 0.032 5.60 646.0
2457179.64913 18.176 0.034 5.92 599.0
2457179.69293 18.092 0.026 4.99 558.0
2457179.74046 18.077 0.026 4.85 538.0
2457179.78506 18.118 0.027 5.00 574.0
2457179.83378 18.149 0.029 5.21 578.0
2457179.87766 18.141 0.028 4.90 633.0
2457179.92217 18.139 0.029 4.68 744.0
2457180.57288 18.106 0.029 5.84 468.0
2457180.61579 18.100 0.029 5.69 538.0
2457180.65876 18.184 0.028 5.61 471.0
2457180.70280 18.089 0.021 4.23 441.0
2457180.75032 18.072 0.023 4.81 456.0
2457180.80153 18.098 0.022 4.34 471.0
2457180.84847 18.103 0.024 4.40 515.0
2457180.89362 18.086 0.024 4.13 590.0
2457180.93537 18.101 0.029 4.58 808.0
2457181.58250 18.072 0.020 4.37 360.0
2457181.62566 18.104 0.020 4.63 359.0
2457181.69436 18.099 0.021 4.52 407.0
2457181.74168 18.109 0.024 5.31 436.0
2457181.78706 18.153 0.026 5.30 416.0
2457181.83167 18.132 0.026 5.10 452.0
2457181.87922 18.118 0.025 4.93 489.0
2457181.92352 18.132 0.030 5.70 525.0
2457182.57098 18.130 0.022 4.85 361.0
2457182.61430 18.170 0.020 4.49 313.0
2457182.65783 18.091 0.019 4.67 323.0
2457182.72148 18.114 0.022 4.78 410.0
2457182.77757 18.098 0.020 4.44 359.0
2457182.82106 18.106 0.021 4.64 378.0
2457182.86803 18.113 0.024 4.83 447.0
2457182.91305 18.084 0.025 5.06 490.0
2457183.54783 18.098 0.028 6.60 397.0
2457183.59672 18.055 0.021 4.88 348.0
2457183.64044 18.141 0.025 5.44 347.0
2457183.69365 18.073 0.024 5.99 340.0
2457183.75204 18.177 0.024 5.33 369.0
2457183.79533 18.113 0.021 4.69 374.0
2457183.84291 18.125 0.024 5.14 378.0
2457183.88773 18.066 0.028 6.08 418.0
2457183.93034 18.146 0.030 5.87 485.0
2457184.60380 18.178 0.032 6.77 423.0
2457184.64698 18.123 0.029 6.36 416.0
2457184.69084 18.113 0.026 5.92 368.0
2457184.75781 18.183 0.024 4.76 369.0
2457184.80163 18.161 0.027 5.81 365.0
2457184.84854 18.102 0.025 5.27 386.0
2457184.89292 18.111 0.023 4.93 449.0
2457184.93446 18.043 0.030 5.92 615.0
2457185.58268 18.128 0.025 5.41 400.0
2457185.62558 18.105 0.026 5.76 417.0
2457185.67840 18.137 0.027 5.85 431.0
2457185.73565 18.129 0.022 4.67 410.0
2457185.77982 18.144 0.021 4.12 409.0
2457185.82276 18.179 0.027 5.65 428.0
2457185.86889 18.185 0.033 6.34 499.0
2457186.58707 18.114 0.027 5.89 415.0
2457186.63077 18.229 0.044 8.04 460.0
2457186.69890 18.170 0.032 6.69 453.0
2457186.82936 18.070 0.024 5.10 473.0
2457186.87287 18.099 0.026 5.27 497.0
2457186.91595 18.064 0.035 7.17 585.0
2457187.58098 18.161 0.026 5.28 426.0
2457187.62498 18.185 0.030 6.48 375.0
2457187.68764 18.122 0.019 4.13 349.0
2457187.73465 18.115 0.020 4.00 392.0
2457187.77929 18.114 0.023 5.03 426.0
2457187.82836 18.129 0.021 4.63 425.0
2457187.87145 18.123 0.021 4.35 460.0
2457187.91331 18.135 0.028 5.28 632.0
2457188.58025 18.120 0.025 5.43 448.0
2457188.62366 18.089 0.021 4.45 424.0
2457188.66665 18.106 0.024 5.36 423.0
2457188.73767 18.128 0.023 4.72 441.0
2457188.78218 18.048 0.031 7.04 434.0
2457188.82815 18.087 0.033 6.70 489.0
2457189.55401 18.127 0.029 5.79 487.0
2457189.59938 18.112 0.023 4.88 429.0
2457189.66400 18.153 0.023 5.06 412.0
2457189.71187 18.087 0.020 4.06 467.0
2457189.75737 18.131 0.024 4.88 473.0
2457189.80654 18.110 0.020 3.90 486.0
2457189.85005 18.101 0.023 4.51 533.0
2457189.89367 18.090 0.028 5.34 631.0
2457190.53312 18.084 0.029 6.47 524.0
2457190.61068 18.127 0.023 4.72 487.0
2457190.65657 18.107 0.020 3.99 475.0
2457190.69359 18.151 0.021 3.97 464.0
2457190.72619 18.064 0.022 4.48 452.0
2457190.77268 18.101 0.023 4.95 497.0
2457190.82393 18.110 0.026 4.78 651.0
2457190.86889 18.135 0.026 4.32 708.0
2457190.88984 18.081 0.033 5.55 764.0
2457190.90252 18.162 0.039 5.92 826.0
2457190.91433 18.232 0.052 7.05 905.0
2457191.60805 18.122 0.027 5.43 500.0
2457191.65202 18.115 0.021 4.35 422.0
2457191.79191 18.132 0.027 6.01 414.0
2457191.83742 18.111 0.031 6.89 444.0
2457192.82574 18.072 0.017 3.81 396.0
2457192.85540 18.081 0.022 4.91 448.0
2457193.58149 18.119 0.019 4.05 388.0
2457193.61777 18.109 0.018 4.32 358.0
2457193.66155 18.140 0.016 3.44 340.0
2457193.70234 18.090 0.016 3.54 353.0
2457193.74895 18.134 0.019 3.80 370.0
2457193.80230 18.181 0.019 3.72 424.0
2457193.85221 18.114 0.020 4.29 464.0
2457193.88566 18.100 0.022 4.68 486.0
2457194.53655 18.160 0.019 4.55 323.0
2457194.58491 18.151 0.020 4.44 350.0
2457194.62943 18.112 0.019 4.27 349.0
2457194.69920 18.121 0.019 4.17 420.0
2457194.74632 18.141 0.022 4.51 478.0
2457194.79072 18.073 0.023 5.57 476.0
2457195.53298 18.208 0.023 4.45 807.0
2457195.56246 18.156 0.018 3.57 694.0
2457195.59480 18.115 0.017 3.71 763.0
2457196.85060 18.099 0.028 5.78 453.0
2457196.86545 18.150 0.025 5.11 477.0
2457197.52775 18.081 0.032 6.58 553.0
2457197.57052 18.099 0.024 5.58 429.0
2457197.61717 18.161 0.020 4.30 355.0
2457197.66205 18.158 0.020 4.44 333.0
2457197.71791 18.102 0.021 5.18 323.0
2457197.77139 18.076 0.021 5.23 349.0
2457197.81585 18.113 0.023 5.39 400.0
2457197.86391 18.070 0.033 6.83 538.0
2457198.53873 18.128 0.024 4.98 507.0
2457198.58155 18.064 0.022 5.00 440.0
2457198.62682 18.129 0.022 4.71 371.0
2457198.68237 18.115 0.022 4.83 384.0
2457198.73880 18.073 0.023 5.10 403.0
2457198.78205 18.129 0.026 5.70 405.0
2457198.82781 18.058 0.035 5.58 962.0
2457198.87979 18.138 0.034 6.60 547.0
2457199.52952 18.120 0.024 4.91 522.0
2457199.57264 18.093 0.021 4.41 456.0
2457199.61605 18.083 0.021 4.86 416.0
2457199.66058 18.071 0.017 3.73 370.0
2457199.72623 18.158 0.020 4.20 386.0
2457199.76979 18.133 0.021 4.71 369.0
2457199.81284 18.106 0.019 4.07 416.0
2457199.85842 18.134 0.022 4.49 472.0
2457200.49614 18.107 0.029 5.04 780.0
2457200.54218 18.131 0.020 3.94 546.0
2457200.59839 18.140 0.019 3.53 498.0
2457200.64200 18.087 0.016 3.37 400.0
2457200.68965 18.140 0.018 3.58 420.0
2457200.73467 18.177 0.022 4.29 472.0
2457200.78191 18.124 0.023 4.26 561.0
2457200.82828 18.119 0.023 4.62 511.0
2457200.88247 18.118 0.021 3.97 877.0
2457202.58652 18.027 0.029 5.42 704.0
2457202.60721 18.071 0.029 5.19 674.0
2457202.69526 18.107 0.029 5.10 685.0
2457202.74552 18.113 0.031 5.20 761.0
2457202.78895 18.119 0.041 5.84 1080.0
2457202.85043 18.223 0.047 5.91 1078.0
2457202.89198 18.033 0.030 5.73 720.0
2457206.55967 18.104 0.036 5.21 1095.0
2457206.60412 18.158 0.034 4.71 982.0
2457206.65055 18.183 0.037 5.34 952.0
2457206.70569 18.113 0.031 4.74 912.0
2457206.74868 18.112 0.028 3.97 947.0
2457206.79379 18.159 0.030 4.10 1057.0
2457206.83660 18.038 0.035 5.13 1286.0
2457207.52782 18.090 0.027 4.54 880.0
2457207.57211 18.083 0.024 4.28 682.0
2457207.61550 18.157 0.027 4.69 674.0
2457207.66163 18.120 0.028 4.99 622.0
2457207.70755 18.053 0.026 4.89 638.0
2457207.75140 18.110 0.033 6.03 699.0
2457207.79891 18.091 0.036 6.47 810.0
2457207.81935 18.137 0.032 4.92 864.0
2457207.86561 18.152 0.043 5.34 1410.0
2457208.49234 18.172 0.029 5.77 738.0
2457209.62205 18.122 0.026 5.46 552.0
2457209.65462 18.105 0.026 5.63 475.0
2457209.69739 18.109 0.025 4.65 581.0
2457209.74104 18.098 0.024 4.74 524.0
2457209.78489 18.087 0.029 5.01 643.0
2457209.82727 18.123 0.031 4.71 1087.0
2457210.81710 18.035 0.037 7.95 655.0
2457210.83887 18.089 0.038 7.75 666.0
2457210.85228 18.153 0.038 7.34 769.0
2457211.47630 18.086 0.033 5.97 726.0
2457211.51915 18.171 0.029 5.04 568.0
2457211.56200 18.113 0.021 4.26 436.0
2457211.60471 18.107 0.021 4.66 387.0
2457211.66267 18.072 0.019 4.64 329.0
2457211.71614 18.152 0.021 4.31 395.0
2457211.75935 18.084 0.021 4.39 433.0
2457211.80312 18.089 0.025 5.34 544.0
2457211.84615 18.029 0.029 5.69 692.0
2457212.59947 18.197 0.019 4.17 404.0
2457212.80267 18.102 0.027 5.51 495.0
2457214.52681 18.131 0.027 5.57 483.0
2457214.57934 18.137 0.024 5.63 411.0
2457214.62917 18.099 0.019 4.73 484.0
2457214.68364 18.120 0.022 5.12 543.0
2457214.74197 18.130 0.022 4.73 444.0
2457214.82979 18.038 0.031 6.84 965.0
2457217.56842 18.137 0.026 5.35 418.0
2457217.62146 18.055 0.025 5.66 419.0
2457217.75044 18.125 0.028 6.06 373.0
2457217.79198 18.141 0.028 6.06 387.0
2457219.49693 18.101 0.031 6.21 814.0
2457219.56359 18.079 0.028 6.19 658.0
2457219.60843 18.131 0.020 4.33 384.0
2457219.67461 18.144 0.020 4.39 367.0
2457219.71838 18.077 0.019 4.23 381.0
2457220.47183 18.097 0.033 6.25 664.0
2457220.48542 18.192 0.031 6.13 530.0
2457220.52799 18.129 0.024 5.40 456.0
2457220.57090 18.150 0.020 4.58 362.0
2457220.62674 18.153 0.017 3.62 335.0
2457220.68217 18.091 0.016 3.73 351.0
2457220.72624 18.128 0.018 3.82 371.0
2457220.77533 18.113 0.020 4.35 409.0
2457220.81735 18.122 0.023 4.86 481.0
2457221.49907 18.117 0.029 5.96 480.0
2457221.54300 18.098 0.023 4.95 428.0
2457221.58625 18.103 0.021 4.55 396.0
2457221.65247 18.125 0.019 4.14 340.0
2457221.69591 18.101 0.018 3.60 369.0
2457221.73964 18.101 0.019 4.18 355.0
2457221.78326 18.107 0.020 4.06 393.0
2457221.82235 18.181 0.027 5.54 423.0
2457222.50826 18.103 0.027 5.62 605.0
2457222.55605 18.066 0.022 4.99 555.0
2457222.60473 18.097 0.019 4.41 358.0
2457222.69109 18.122 0.033 7.16 488.0
2457222.73463 18.130 0.024 4.79 457.0
2457222.79068 18.096 0.025 5.23 523.0
2457223.50187 18.099 0.031 6.44 506.0
2457223.54724 18.125 0.028 5.86 453.0
2457223.59080 18.127 0.025 5.48 410.0
2457223.65563 18.089 0.022 4.94 376.0
2457223.69925 18.127 0.026 5.84 379.0
2457223.74231 18.137 0.028 6.01 411.0
2457224.46743 18.130 0.026 4.42 771.0
2457224.51151 18.078 0.025 5.51 452.0
2457224.55829 18.117 0.022 5.03 402.0
2457224.60831 18.125 0.028 6.79 346.0
2457224.67871 18.086 0.026 6.28 353.0
2457224.73174 18.156 0.030 6.48 400.0
2457224.77461 18.142 0.023 4.87 423.0
2457225.48381 18.097 0.024 5.05 765.0
2457225.52713 18.127 0.022 4.32 488.0
2457225.57054 18.117 0.022 4.43 475.0
2457226.47131 18.084 0.033 6.35 622.0
2457226.51528 18.059 0.024 5.45 426.0
2457226.55909 18.121 0.022 4.77 412.0
2457226.61761 18.139 0.022 4.42 405.0
2457226.67104 18.102 0.019 4.16 352.0
2457226.71471 18.131 0.020 4.52 351.0
2457226.75759 18.178 0.027 5.88 412.0
2457226.80005 18.075 0.023 5.01 463.0
2457227.49826 18.163 0.036 5.84 796.0
2457227.54158 18.116 0.018 4.02 386.0
2457227.59451 18.101 0.018 4.07 380.0
2457227.64094 18.118 0.018 4.03 340.0
2457227.69663 18.093 0.018 3.99 344.0
2457227.73940 18.124 0.023 5.28 362.0
2457227.78390 18.106 0.025 5.68 393.0
2457228.48535 18.126 0.027 5.45 509.0
2457228.52983 18.102 0.025 5.24 492.0
2457228.57355 18.127 0.022 4.55 431.0
2457228.64028 18.087 0.021 4.36 472.0
2457228.69065 18.066 0.031 5.88 902.0
2457228.73644 18.160 0.023 4.85 431.0
2457228.79174 18.043 0.021 5.33 682.0
2457229.49928 18.098 0.022 4.40 543.0
2457229.54250 18.129 0.021 3.70 600.0
2457229.58588 18.094 0.017 3.58 425.0
2457229.63123 18.124 0.022 4.04 563.0
2457229.67831 18.102 0.022 3.83 715.0
2457229.72170 18.087 0.022 4.05 614.0
2457229.76486 18.128 0.025 4.25 737.0
2457233.57402 18.053 0.045 4.72 2124.0
2457233.67190 18.097 0.037 4.26 1576.0
2457234.64325 18.137 0.054 7.37 1057.0
2457235.51757 18.061 0.036 6.36 768.0
2457235.64959 18.087 0.027 5.00 684.0
2457235.69874 18.154 0.029 5.10 757.0
2457235.74811 18.096 0.030 4.79 918.0
2457236.47761 18.190 0.033 6.74 420.0
2457236.57407 18.126 0.026 4.76 510.0
2457236.61204 18.062 0.025 5.01 520.0
2457248.48070 18.180 0.029 6.21 418.0
2457249.47891 18.091 0.035 7.73 456.0
2457249.53159 18.160 0.030 6.51 412.0
2457249.58587 18.086 0.022 5.37 347.0
2457249.62430 18.169 0.026 6.12 330.0
2457249.66240 18.096 0.025 6.17 340.0
2457249.70134 18.199 0.033 7.07 373.0
2457250.55786 18.172 0.024 5.19 535.0
2457250.61749 18.074 0.021 5.10 532.0
2457250.67999 18.177 0.025 5.60 520.0
2457252.53521 18.151 0.027 5.88 433.0
2457252.60441 18.097 0.026 6.48 406.0
2457252.67166 18.099 0.024 6.18 415.0
2457252.71464 18.042 0.025 6.34 418.0
2457253.50469 18.106 0.024 5.37 404.0
2457253.57283 18.135 0.021 4.72 346.0
2457253.61865 18.124 0.021 5.16 368.0
2457253.66747 18.081 0.021 4.88 407.0
2457255.49153 18.100 0.023 4.84 448.0
2457255.55617 18.149 0.027 5.43 486.0
2457255.60623 18.098 0.024 5.51 396.0
2457255.64991 18.094 0.024 5.48 370.0
2457256.51057 18.090 0.024 4.88 512.0
2457256.57940 18.029 0.032 5.68 832.0
2457256.62350 18.107 0.027 5.89 482.0
2457256.66745 18.115 0.033 6.75 526.0
2457257.58813 18.135 0.027 4.10 1088.0
2457257.65487 18.114 0.025 5.12 542.0
2457257.69709 18.103 0.023 4.76 523.0
2457258.47876 18.083 0.039 5.25 1323.0
2457258.50085 18.117 0.024 4.60 513.0
2457258.59996 18.171 0.046 5.82 1245.0
2457258.65026 18.147 0.037 5.58 876.0
2457258.68468 18.095 0.035 5.84 796.0
2457261.53097 18.034 0.043 7.31 802.0
2457261.57464 18.123 0.037 6.49 784.0
2457261.61326 18.112 0.039 6.59 852.0
2457261.65896 17.994 0.037 6.99 931.0
2457263.49593 18.184 0.025 3.94 710.0
2457263.54319 18.143 0.027 4.19 810.0
2457263.58810 18.083 0.020 3.60 639.0
2457263.63295 18.073 0.026 4.80 694.0
2457263.67641 18.109 0.023 3.86 783.0
2457264.50334 18.091 0.025 4.61 620.0
2457264.54987 18.161 0.025 4.29 620.0
2457264.59468 18.128 0.025 4.53 622.0
2457264.64035 18.074 0.025 4.85 640.0
2457264.70191 18.102 0.032 5.24 850.0
2457265.52786 18.132 0.021 3.73 501.0
2457265.57325 18.119 0.021 3.81 491.0
2457265.61774 18.135 0.022 4.06 503.0
2457265.68998 18.082 0.025 4.76 608.0
2457266.55464 18.120 0.027 5.90 445.0
2457267.47905 18.118 0.030 5.78 531.0
2457267.53669 18.145 0.025 5.14 399.0
2457267.59316 18.121 0.022 4.51 401.0
2457267.63846 18.116 0.021 4.13 433.0
2457268.48021 18.142 0.022 4.56 460.0
2457268.53550 18.128 0.018 3.70 362.0
2457268.60823 18.101 0.017 3.90 346.0
2457268.65184 18.146 0.019 3.82 416.0
2457268.69010 18.068 0.021 4.72 478.0
2457269.51630 18.161 0.023 4.81 387.0
2457269.56971 18.114 0.019 4.23 380.0
2457269.63789 18.094 0.020 4.71 378.0
2457269.68136 18.104 0.021 4.42 441.0
2457270.49227 18.102 0.022 4.70 410.0
2457270.53767 18.121 0.021 4.56 382.0
2457270.59168 18.085 0.019 4.28 362.0
2457270.65460 18.124 0.023 5.50 378.0
2457270.69078 18.070 0.023 5.58 392.0
2457271.53278 18.135 0.028 5.94 403.0
2457271.57651 18.179 0.029 6.17 372.0
2457272.47985 18.158 0.035 6.21 585.0
2457272.52896 18.140 0.027 5.58 453.0
2457272.57281 18.161 0.031 6.23 528.0
2457273.54889 18.094 0.030 6.76 433.0
2457273.59361 18.192 0.032 6.50 442.0
2457273.64892 18.014 0.027 6.34 455.0
2457273.68177 18.058 0.024 5.24 476.0
2457275.53887 18.008 0.036 6.41 870.0
2457275.59314 18.133 0.035 5.58 839.0
2457275.63758 18.134 0.036 5.53 885.0
2457275.67724 18.150 0.041 7.90 493.0
2457277.49883 18.056 0.028 7.06 375.0
2457277.54309 18.098 0.027 6.59 363.0
2457277.60860 18.150 0.029 6.64 360.0
2457277.65413 18.070 0.029 6.93 404.0
2457278.48198 18.088 0.038 7.32 547.0
2457278.59802 18.129 0.024 4.89 409.0
2457278.64095 18.155 0.031 6.92 374.0
2457281.49231 18.159 0.036 7.63 421.0
2457281.53914 18.109 0.031 6.73 395.0
2457283.57496 18.184 0.039 8.22 451.0
2457284.48187 18.068 0.025 6.48 484.0
2457284.54849 18.155 0.024 5.52 470.0
2457284.60898 18.062 0.024 5.80 679.0
2457291.54473 18.218 0.046 7.49 702.0
2457292.50383 18.054 0.038 7.22 717.0
2457292.57565 18.066 0.039 6.98 839.0
2457293.48652 18.112 0.035 5.57 850.0
2457293.53312 18.056 0.027 5.32 709.0
2457293.60239 18.131 0.027 5.94 438.0
2457294.54480 18.133 0.040 8.22 610.0
2457294.59554 18.040 0.040 7.39 1020.0
2457295.50463 18.097 0.030 6.73 434.0
2457295.57791 18.154 0.027 5.11 594.0
2457299.49422 18.096 0.029 6.88 512.0
2457299.54355 18.116 0.028 6.26 514.0
2457299.58468 18.111 0.029 6.51 555.0
2457307.53559 18.192 0.036 7.20 487.0
2457311.48683 18.139 0.035 4.75 1349.0
2457311.53331 18.139 0.022 4.53 477.0
2457312.50872 18.104 0.030 5.47 727.0
2457317.50934 18.090 0.036 6.85 679.0
2457318.50847 18.091 0.029 5.10 721.0
2457320.50868 18.085 0.041 7.44 780.0
2457325.52544 18.142 0.034 6.36 610.0
2457329.51705 18.118 0.036 6.45 691.0
2457332.50086 18.074 0.045 5.57 1705.0
2457416.87761 18.211 0.052 6.69 1315.0
2457424.86801 18.169 0.024 5.55 467.0
2457425.86352 18.111 0.030 5.61 575.0
2457426.88843 18.215 0.051 6.74 963.0
2457427.85677 18.163 0.032 6.55 493.0
2457428.85249 18.154 0.023 5.01 475.0
2457429.84937 18.139 0.027 5.06 544.0
2457431.84908 18.152 0.023 4.46 552.0
2457432.85138 18.135 0.024 4.81 484.0
2457433.84953 18.115 0.023 5.02 439.0
2457434.84167 18.126 0.030 5.34 621.0
2457435.84744 18.190 0.033 6.75 627.0
2457435.87610 18.088 0.029 6.16 509.0
2457436.84132 18.140 0.030 6.43 444.0
2457436.87147 18.168 0.030 6.17 444.0
2457437.83570 18.096 0.020 4.30 411.0
2457437.87714 18.164 0.021 4.51 356.0
2457438.84122 18.083 0.027 5.20 606.0
2457438.87228 18.125 0.027 5.79 444.0
2457439.83765 18.115 0.034 5.78 699.0
2457439.87495 18.098 0.024 4.97 536.0
2457440.83313 18.062 0.024 3.93 818.0
2457440.87236 18.113 0.022 3.89 677.0
2457441.83251 18.133 0.032 5.44 756.0
2457441.87437 18.059 0.022 4.08 615.0
2457442.86860 18.152 0.025 4.30 656.0
2457443.84718 18.171 0.037 6.54 631.0
2457443.90019 18.075 0.028 4.86 817.0
2457444.82473 18.193 0.031 5.55 597.0
2457445.81598 18.098 0.028 5.61 599.0
2457445.84841 18.107 0.023 4.50 535.0
2457445.88810 18.128 0.022 4.33 491.0
2457446.83276 18.158 0.023 4.56 523.0
2457446.87270 18.138 0.019 3.61 475.0
2457447.81121 18.118 0.022 4.46 537.0
2457447.84453 18.125 0.021 4.12 487.0
2457447.88231 18.155 0.023 4.55 476.0
2457448.81686 18.139 0.040 4.90 1703.0
2457448.86487 18.149 0.025 4.02 799.0
2457448.91014 18.101 0.031 3.95 1681.0
2457449.82163 18.181 0.034 4.52 1192.0
2457449.85342 18.135 0.035 4.98 1046.0
2457449.88894 18.151 0.033 3.98 1305.0
2457451.81425 18.085 0.028 4.13 1114.0
2457451.84525 18.029 0.028 4.40 1122.0
2457451.89016 18.071 0.028 4.11 1053.0
2457452.79759 18.097 0.019 3.93 477.0
2457452.84276 18.091 0.017 3.51 422.0
2457452.88956 18.121 0.017 3.65 371.0
2457453.81013 18.137 0.018 3.98 427.0
2457453.86420 18.150 0.017 3.48 390.0
2457454.84494 18.108 0.021 4.36 438.0
2457454.90034 18.134 0.022 4.62 424.0
2457455.82882 18.143 0.024 5.67 372.0
2457455.87390 18.158 0.023 5.14 377.0
2457456.79162 18.120 0.030 6.18 512.0
2457456.83820 18.168 0.024 5.05 435.0
2457456.89278 18.087 0.021 4.31 422.0
2457457.79990 18.162 0.024 4.53 522.0
2457457.84928 18.119 0.024 4.72 505.0
2457457.90400 18.099 0.025 4.76 597.0
2457458.81359 18.066 0.023 5.06 440.0
2457458.86821 18.122 0.022 5.40 366.0
2457460.78177 18.073 0.028 6.18 450.0
2457460.82761 18.130 0.021 4.39 446.0
2457460.88338 18.138 0.018 3.81 405.0
2457461.79519 18.097 0.018 3.77 436.0
2457461.83992 18.125 0.018 3.70 389.0
2457461.90355 18.135 0.018 3.55 456.0
2457462.79729 18.134 0.023 4.62 467.0
2457462.84303 18.155 0.020 4.09 418.0
2457462.90233 18.113 0.019 3.83 396.0
2457463.83941 18.234 0.025 4.90 403.0
2457463.90198 18.129 0.019 4.13 415.0
2457464.85434 18.124 0.018 4.14 480.0
2457465.79596 18.110 0.024 5.02 485.0
2457465.84968 18.149 0.022 4.39 486.0
2457465.89467 18.164 0.022 4.32 469.0
2457466.87103 18.151 0.023 4.69 487.0
2457466.91733 18.122 0.029 4.25 1018.0
2457467.83040 18.113 0.024 5.32 436.0
2457467.87595 18.098 0.019 4.31 362.0
2457470.75510 18.089 0.039 7.11 720.0
2457470.80199 18.069 0.023 4.31 618.0
2457470.84662 18.102 0.030 5.84 560.0
2457470.90085 18.151 0.020 3.70 536.0
2457471.81224 18.183 0.028 4.76 654.0
2457471.86965 18.154 0.028 5.47 576.0
2457471.91312 18.055 0.024 4.69 664.0
2457472.77789 18.176 0.028 5.05 614.0
2457472.82259 18.086 0.023 4.49 563.0
2457472.87772 18.087 0.022 4.42 527.0
2457473.75066 18.057 0.031 5.65 830.0
2457473.86042 18.099 0.026 5.20 674.0
2457474.76950 18.125 0.030 5.79 650.0
2457474.80875 18.084 0.024 4.88 605.0
2457474.84671 18.063 0.025 5.18 568.0
2457474.88502 18.083 0.019 3.73 546.0
2457475.74844 18.083 0.050 6.25 1504.0
2457475.78906 18.062 0.044 5.38 1699.0
2457475.82758 18.198 0.044 6.08 1027.0
2457475.90419 18.166 0.024 4.39 569.0
2457476.76008 18.143 0.025 4.65 654.0
2457476.83918 18.105 0.026 4.95 660.0
2457479.80969 18.112 0.031 5.42 747.0
2457479.82424 18.120 0.029 5.74 510.0
2457479.83815 18.152 0.039 5.59 924.0
2457480.77457 18.133 0.034 7.55 418.0
2457480.80428 18.133 0.030 6.43 441.0
2457480.82941 18.238 0.040 7.50 467.0
2457480.84892 18.156 0.036 7.26 458.0
2457480.86701 18.211 0.040 7.74 477.0
2457480.88494 18.119 0.028 6.04 479.0
2457480.90022 18.105 0.023 4.94 472.0
2457480.91506 18.118 0.028 5.70 509.0
2457484.72178 18.128 0.031 7.13 395.0
2457484.73747 18.167 0.028 6.29 389.0
2457484.75141 18.043 0.024 5.86 393.0
2457484.76532 18.063 0.023 5.49 385.0
2457484.77928 18.159 0.028 6.37 389.0
2457484.79883 18.058 0.028 6.82 384.0
2457484.81283 18.124 0.024 5.54 384.0
2457484.82682 18.096 0.025 6.08 388.0
2457484.84084 18.096 0.023 5.41 384.0
2457484.85492 18.100 0.023 5.37 389.0
2457484.87902 18.135 0.021 4.81 390.0
2457484.89329 18.043 0.021 5.02 401.0
2457484.90942 18.065 0.020 4.48 413.0
2457484.92359 18.132 0.028 4.71 779.0
2457485.72161 18.070 0.032 7.52 370.0
2457485.74337 18.110 0.031 7.11 378.0
2457485.75734 18.079 0.024 5.75 362.0
2457485.77138 18.087 0.024 5.85 356.0
2457485.78540 18.102 0.023 5.58 357.0
2457485.79931 18.101 0.028 6.56 371.0
2457485.81330 18.104 0.021 5.05 360.0
2457485.83392 18.099 0.020 4.68 358.0
2457485.84803 18.087 0.022 5.40 361.0
2457485.86229 18.109 0.019 4.48 368.0
2457485.87697 18.085 0.020 4.75 358.0
2457485.89210 18.126 0.019 3.98 361.0
2457485.90639 18.102 0.018 4.13 374.0
2457485.92087 18.072 0.022 4.39 548.0
2457486.71567 18.113 0.030 6.57 440.0
2457486.73584 18.172 0.033 6.91 430.0
2457486.74978 18.103 0.026 5.87 415.0
2457486.76374 18.116 0.024 5.39 423.0
2457486.77783 18.132 0.024 5.24 418.0
2457486.80569 18.178 0.035 7.64 411.0
2457486.82007 18.114 0.028 6.39 412.0
2457486.83408 18.116 0.027 6.14 415.0
2457486.84833 18.109 0.024 5.32 411.0
2457486.87261 18.110 0.026 5.66 419.0
2457486.88692 18.169 0.025 5.29 428.0
2457486.90323 18.158 0.029 6.15 443.0
2457486.91784 18.162 0.029 5.85 492.0
2457487.71257 18.084 0.028 6.20 463.0
2457487.72674 18.121 0.023 5.40 430.0
2457487.74080 18.106 0.022 4.87 419.0
2457487.75747 18.105 0.023 5.08 427.0
2457487.77151 18.134 0.025 5.36 437.0
2457487.78767 18.143 0.022 4.65 446.0
2457487.80295 18.112 0.020 4.60 442.0
2457487.81698 18.117 0.024 5.31 456.0
2457487.84327 18.166 0.023 4.82 445.0
2457487.85752 18.098 0.023 5.23 460.0
2457487.87171 18.144 0.024 5.38 448.0
2457487.88616 18.159 0.023 4.85 446.0
2457487.90173 18.060 0.024 5.42 468.0
2457487.91576 18.179 0.022 4.24 489.0
2457488.71216 18.158 0.025 5.61 413.0
2457488.72618 18.081 0.024 5.61 396.0
2457488.74081 18.172 0.024 5.32 409.0
2457488.75490 18.093 0.021 4.99 387.0
2457488.76931 18.146 0.020 4.64 369.0
2457488.78389 18.131 0.021 4.98 386.0
2457488.81055 18.140 0.019 4.24 404.0
2457488.83411 18.128 0.019 3.93 449.0
2457488.84849 18.132 0.018 3.76 455.0
2457488.86362 18.136 0.018 3.66 453.0
2457488.87840 18.138 0.017 3.19 473.0
2457488.89376 18.148 0.017 3.30 470.0
2457488.90831 18.135 0.018 3.42 459.0
2457488.92238 18.111 0.021 4.11 515.0
2457489.76164 18.181 0.026 5.76 694.0
2457489.79052 18.125 0.023 5.17 498.0
2457489.81137 18.072 0.020 4.85 600.0
2457489.83061 18.113 0.021 4.67 429.0
2457489.86002 18.101 0.018 4.05 483.0
2457489.90307 18.157 0.023 4.88 446.0
2457489.91648 18.107 0.023 5.11 409.0
2457489.93075 18.179 0.033 5.37 718.0
2457491.69683 18.167 0.032 6.90 442.0
2457491.71077 18.116 0.024 5.73 418.0
2457491.72475 18.152 0.025 5.76 412.0
2457491.73864 18.110 0.025 5.76 410.0
2457491.75290 18.180 0.032 6.83 429.0
2457491.76716 18.157 0.022 4.94 407.0
2457491.78129 18.126 0.021 5.13 391.0
2457491.79558 18.097 0.021 5.10 401.0
2457491.81934 18.114 0.019 4.62 380.0
2457491.83348 18.140 0.023 5.52 382.0
2457491.85772 18.145 0.019 4.23 369.0
2457491.87201 18.144 0.018 3.93 366.0
2457491.88708 18.137 0.016 3.52 356.0
2457491.90224 18.129 0.017 3.68 356.0
2457491.91641 18.099 0.017 3.86 370.0
2457491.93068 18.133 0.033 4.74 1274.0
2457492.70743 18.099 0.029 6.57 420.0
2457492.72391 18.155 0.023 4.98 399.0
2457492.74432 18.164 0.021 4.66 382.0
2457492.76009 18.162 0.020 4.36 396.0
2457492.78400 18.121 0.020 4.26 398.0
2457492.79990 18.091 0.018 3.90 402.0
2457492.82483 18.085 0.016 3.47 395.0
2457492.84985 18.143 0.017 3.54 406.0
2457492.87507 18.146 0.018 3.62 408.0
2457492.89183 18.119 0.017 3.44 417.0
2457492.90807 18.103 0.018 3.74 421.0
2457492.92386 18.166 0.024 4.21 642.0
2457493.71492 18.153 0.028 5.84 436.0
2457493.73067 18.132 0.023 5.03 381.0
2457493.74632 18.154 0.022 4.95 365.0
2457493.76192 18.103 0.020 4.63 359.0
2457493.79569 18.110 0.017 4.11 320.0
2457493.81126 18.132 0.019 4.38 326.0
2457493.83637 18.071 0.015 3.68 319.0
2457493.85221 18.171 0.017 4.21 315.0
2457493.87745 18.149 0.017 3.77 323.0
2457493.89379 18.129 0.017 3.75 335.0
2457493.90949 18.126 0.018 4.10 338.0
2457493.92510 18.149 0.026 4.47 655.0
2457494.71040 18.117 0.021 4.48 407.0
2457494.72602 18.143 0.020 4.33 392.0
2457494.74200 18.124 0.021 4.68 380.0
2457494.76114 18.165 0.019 4.00 356.0
2457494.79488 18.125 0.019 4.40 363.0
2457494.81061 18.165 0.019 4.14 371.0
2457494.83582 18.118 0.018 3.97 365.0
2457494.85227 18.118 0.019 4.19 376.0
2457494.87795 18.085 0.018 3.93 405.0
2457494.89451 18.083 0.018 3.77 417.0
2457494.91046 18.117 0.018 3.74 436.0
2457494.92613 18.186 0.026 3.79 931.0
2457495.69582 18.158 0.026 5.21 491.0
2457495.71159 18.150 0.027 5.38 480.0
2457495.72733 18.155 0.024 4.55 471.0
2457495.74300 18.121 0.024 4.60 458.0
2457495.76672 18.127 0.024 4.89 439.0
2457495.79147 18.140 0.024 4.95 419.0
2457495.80707 18.194 0.023 4.84 396.0
2457495.83205 18.139 0.023 5.04 403.0
2457495.85742 18.191 0.025 5.17 397.0
2457495.87398 18.141 0.026 5.47 411.0
2457495.89063 18.146 0.026 5.35 411.0
2457495.90680 18.169 0.024 5.09 409.0
2457495.93041 18.053 0.027 4.52 918.0
2457497.85489 18.199 0.026 5.09 475.0
2457497.87335 18.138 0.024 5.06 443.0
2457497.89860 18.176 0.025 5.16 436.0
2457497.91439 18.099 0.027 5.76 457.0
2457498.70204 18.063 0.028 5.58 614.0
2457498.72588 18.096 0.026 5.11 583.0
2457498.74167 18.111 0.027 5.19 599.0
2457498.75735 18.053 0.024 4.56 638.0
2457498.78411 18.108 0.025 4.73 559.0
2457498.83422 18.095 0.025 4.92 552.0
2457498.85039 18.146 0.025 4.73 548.0
2457498.86727 18.088 0.025 5.03 548.0
2457498.88381 18.170 0.026 4.52 667.0
2457498.91742 18.061 0.023 5.30 461.0
2457499.67572 18.096 0.030 5.47 770.0
2457499.69128 18.098 0.030 5.69 713.0
2457499.70700 18.134 0.027 4.97 671.0
2457499.73130 18.130 0.027 5.25 612.0
2457499.74686 18.172 0.027 5.02 588.0
2457499.76240 18.138 0.024 4.71 577.0
2457499.77803 18.163 0.023 4.50 564.0
2457499.80250 18.112 0.021 4.23 552.0
2457499.81821 18.113 0.024 4.94 543.0
2457499.83377 18.118 0.023 4.89 534.0
2457499.84983 18.074 0.021 4.46 542.0
2457499.87503 18.130 0.029 5.55 548.0
2457499.89105 18.090 0.022 4.20 550.0
2457499.90684 18.070 0.021 4.28 551.0
2457499.92270 18.092 0.025 5.03 581.0
2457500.67432 18.112 0.038 6.16 842.0
2457500.69195 18.128 0.029 4.80 754.0
2457500.71542 18.087 0.030 5.50 705.0
2457500.73107 18.134 0.029 5.09 684.0
2457500.74663 18.124 0.030 5.26 657.0
2457500.76240 18.085 0.029 5.41 644.0
2457500.78605 18.097 0.029 5.26 637.0
2457500.80182 18.065 0.027 5.24 630.0
2457500.81758 18.116 0.027 4.82 614.0
2457500.83323 18.099 0.025 4.71 622.0
2457500.85969 18.092 0.025 4.61 624.0
2457500.87610 18.050 0.024 4.66 611.0
2457500.89168 18.094 0.030 5.84 620.0
2457500.90747 18.093 0.027 5.28 616.0
2457500.93094 18.136 0.036 5.14 1143.0
2457507.74199 18.141 0.022 4.17 532.0
2457507.75595 18.104 0.021 4.53 462.0
2457507.76993 18.170 0.020 3.88 500.0
2457507.78438 18.119 0.023 4.67 500.0
2457507.79834 18.171 0.022 4.27 512.0
2457507.81234 18.141 0.020 3.92 494.0
2457507.82663 18.098 0.018 3.55 488.0
2457507.84126 18.115 0.023 3.32 988.0
2457507.86151 18.109 0.018 3.46 510.0
2457507.87559 18.084 0.019 3.69 550.0
2457507.88960 18.108 0.022 4.13 586.0
2457507.90387 18.103 0.021 4.03 571.0
2457507.92249 18.150 0.022 3.83 568.0
2457507.93684 18.097 0.032 3.74 1746.0
2457508.65465 18.076 0.019 4.45 415.0
2457508.66879 18.132 0.020 4.55 387.0
2457508.68292 18.124 0.018 3.69 387.0
2457508.69704 18.121 0.018 3.69 399.0
2457508.71099 18.116 0.017 3.67 402.0
2457508.72504 18.122 0.017 3.49 394.0
2457508.73587 18.103 0.017 3.70 387.0
2457508.74990 18.124 0.017 3.65 397.0
2457508.76378 18.116 0.016 3.26 394.0
2457508.77774 18.149 0.016 3.50 397.0
2457508.79186 18.103 0.017 3.70 406.0
2457508.80591 18.102 0.016 3.19 402.0
2457508.82010 18.162 0.019 4.00 404.0
2457508.83489 18.117 0.016 3.31 409.0
2457508.85012 18.122 0.020 4.07 431.0
2457508.86463 18.133 0.019 3.84 443.0
2457508.87915 18.118 0.019 3.96 443.0
2457508.89330 18.170 0.022 4.54 464.0
2457508.90868 18.068 0.019 4.23 453.0
2457508.92286 18.146 0.020 4.05 487.0
2457508.93678 18.103 0.041 4.20 2557.0
2457509.72908 18.132 0.024 5.26 395.0
2457509.74323 18.138 0.022 4.66 409.0
2457509.75735 18.126 0.025 5.39 417.0
2457509.77166 18.136 0.024 5.35 414.0
2457509.78572 18.096 0.022 4.77 411.0
2457509.80062 18.126 0.021 4.74 415.0
2457509.81552 18.133 0.027 6.76 417.0
2457509.83025 18.099 0.021 4.60 417.0
2457509.84619 18.165 0.022 4.59 429.0
2457509.86016 18.172 0.023 4.76 440.0
2457509.87426 18.082 0.020 4.49 449.0
2457509.88867 18.108 0.022 4.75 458.0
2457509.90282 18.109 0.029 6.39 479.0
2457509.91701 18.130 0.023 4.83 484.0
2457511.63777 18.168 0.024 5.00 544.0
2457511.68359 18.131 0.021 4.74 395.0
2457511.69767 18.166 0.021 4.70 403.0
2457511.71168 18.137 0.019 4.06 389.0
2457511.72565 18.060 0.017 3.98 386.0
2457511.73974 18.161 0.017 3.33 392.0
2457511.75378 18.125 0.017 3.43 384.0
2457511.76793 18.123 0.018 3.77 386.0
2457511.79207 18.105 0.016 3.48 391.0
2457511.80627 18.109 0.018 3.75 398.0
2457511.83137 18.144 0.018 3.78 418.0
2457511.84627 18.117 0.017 3.54 436.0
2457511.86105 18.136 0.019 3.98 435.0
2457511.87530 18.104 0.020 4.48 457.0
2457511.88994 18.124 0.021 4.53 463.0
2457511.90397 18.120 0.020 4.38 433.0
2457511.91805 18.102 0.020 4.39 464.0
2457511.93197 18.111 0.022 4.05 652.0
2457512.69916 18.089 0.016 4.01 644.0
2457512.71480 18.133 0.017 4.13 662.0
2457512.72742 18.134 0.017 3.80 559.0
2457512.73857 18.097 0.018 4.17 580.0
2457512.74981 18.119 0.016 3.58 461.0
2457512.76069 18.130 0.018 3.99 506.0
2457512.77072 18.139 0.017 3.70 418.0
2457512.77980 18.167 0.016 3.58 451.0
2457512.79080 18.199 0.021 4.68 376.0
2457512.81445 18.156 0.017 3.46 378.0
2457512.82936 18.123 0.019 4.16 376.0
2457512.85310 18.116 0.017 3.89 382.0
2457512.86748 18.124 0.018 4.22 397.0
2457512.88145 18.099 0.018 4.27 412.0
2457512.89559 18.098 0.018 4.16 439.0
2457512.90956 18.078 0.018 4.19 445.0
2457512.92621 18.099 0.017 3.69 532.0
2457513.74410 18.233 0.032 6.61 543.0
2457516.62862 18.056 0.029 6.82 463.0
2457516.64632 18.095 0.027 6.18 426.0
2457516.66060 18.171 0.027 5.99 420.0
2457516.68264 18.108 0.026 6.12 401.0
2457516.70464 18.103 0.022 5.50 464.0
2457516.72103 18.040 0.018 4.86 441.0
2457516.76583 18.137 0.021 4.86 682.0
2457516.78038 18.245 0.025 5.53 669.0
2457518.73889 18.127 0.027 6.28 405.0
2457518.82691 18.148 0.029 5.82 609.0
2457519.80675 18.073 0.026 5.84 521.0
2457519.86261 18.104 0.023 4.97 563.0
2457522.70342 18.116 0.026 5.94 850.0
2457522.79055 18.121 0.024 5.04 452.0
2457522.81635 18.143 0.033 6.44 484.0
2457522.83458 18.045 0.031 6.74 506.0
2457522.84928 18.114 0.030 6.15 526.0
2457522.86330 18.073 0.032 6.49 538.0
2457522.87784 18.150 0.033 6.35 551.0
2457522.89210 18.146 0.035 6.68 564.0
2457522.90615 18.117 0.029 5.70 567.0
2457522.92033 18.048 0.033 6.69 586.0
2457522.93599 18.245 0.044 6.49 791.0
2457523.84768 18.122 0.023 5.06 442.0
2457523.86187 18.115 0.020 4.62 430.0
2457523.87611 18.153 0.024 5.12 434.0
2457523.89023 18.064 0.021 4.93 441.0
2457523.90432 18.127 0.025 5.48 464.0
2457523.91837 18.087 0.025 5.56 475.0
2457523.93243 18.050 0.026 5.72 497.0
2457526.60776 18.089 0.035 6.90 672.0
2457526.62740 18.148 0.035 6.35 685.0
2457526.64260 18.180 0.035 6.12 686.0
2457526.65786 18.148 0.027 4.99 652.0
2457526.67198 18.070 0.026 5.15 642.0
2457526.68736 18.023 0.024 4.92 668.0
2457526.70317 18.140 0.033 6.13 597.0
2457526.71760 18.118 0.030 5.83 590.0
2457526.73211 18.125 0.023 4.27 574.0
2457526.74880 18.080 0.024 4.20 773.0
2457526.78301 18.051 0.020 3.78 606.0
2457526.79865 18.162 0.027 4.97 598.0
2457526.81836 18.110 0.028 5.14 659.0
2457526.84416 18.160 0.026 5.15 526.0
2457526.85826 18.180 0.026 5.40 490.0
2457526.87331 18.097 0.026 5.52 512.0
2457526.88739 18.084 0.030 6.17 562.0
2457526.90151 18.112 0.027 5.45 594.0
2457526.91570 18.106 0.028 5.64 616.0
2457526.92974 18.138 0.031 5.74 688.0
2457527.91735 18.187 0.024 5.01 781.0
2457527.92834 18.136 0.023 4.71 801.0
2457528.76459 18.090 0.029 5.12 701.0
2457528.84230 18.142 0.028 4.76 751.0
2457528.85638 18.046 0.032 5.17 994.0
2457528.88040 18.103 0.030 4.99 772.0
2457528.89461 18.127 0.032 5.39 798.0
2457528.90897 18.090 0.031 5.43 785.0
2457528.92302 18.157 0.033 5.48 758.0
2457528.93703 18.135 0.035 5.89 731.0
2457529.74926 18.116 0.038 6.48 739.0
2457529.76421 18.097 0.031 5.58 701.0
2457529.77957 18.145 0.039 6.59 720.0
2457529.79488 18.041 0.037 6.80 759.0
2457529.80927 18.155 0.043 6.88 784.0
2457529.83219 18.108 0.045 7.20 810.0
2457529.88813 18.141 0.052 7.61 902.0
2457530.63094 18.063 0.039 6.15 1114.0
2457530.64455 18.066 0.034 5.56 1004.0
2457530.66057 18.106 0.033 5.17 954.0
2457530.67242 18.124 0.031 4.77 966.0
2457530.68952 18.083 0.030 5.11 923.0
2457530.71087 18.114 0.029 4.54 931.0
2457530.73613 18.102 0.025 4.26 833.0
2457530.75907 18.093 0.027 4.59 844.0
2457530.77527 18.082 0.026 4.46 822.0
2457530.79617 18.106 0.030 4.72 955.0
2457530.81410 18.159 0.031 4.85 868.0
2457530.83251 18.081 0.027 4.72 796.0
2457530.85457 18.127 0.030 5.06 860.0
2457530.87699 18.145 0.032 4.93 993.0
2457530.89911 18.096 0.029 4.67 921.0
2457530.91198 18.097 0.037 5.47 1142.0
2457530.94069 18.052 0.048 5.88 1797.0
2457534.65560 18.133 0.027 5.37 599.0
2457534.66908 18.098 0.027 5.23 688.0
2457534.68303 18.168 0.034 5.34 997.0
2457534.69812 18.102 0.029 5.00 855.0
2457534.71207 18.096 0.027 5.73 570.0
2457534.72605 18.120 0.026 5.51 549.0
2457534.74086 18.076 0.032 5.07 1060.0
2457534.75992 18.175 0.023 4.27 536.0
2457534.78065 18.146 0.030 3.95 1280.0
2457534.79467 18.116 0.035 4.03 1950.0
2457534.80878 18.103 0.021 4.54 545.0
2457534.82309 18.082 0.021 4.51 559.0
2457534.83987 18.088 0.023 4.70 590.0
2457534.85396 18.120 0.023 4.40 681.0
2457534.86843 18.119 0.024 4.35 682.0
2457534.88564 18.107 0.023 4.21 656.0
2457534.90035 18.107 0.032 3.99 1717.0
2457534.91502 18.109 0.026 4.26 922.0
2457534.93757 18.136 0.029 4.65 886.0
2457534.94723 18.107 0.035 4.66 1448.0
2457536.56925 18.125 0.032 6.54 479.0
2457536.59466 18.173 0.029 6.02 442.0
2457536.60909 18.096 0.028 6.08 474.0
2457536.62463 18.192 0.035 7.26 500.0
2457536.64467 18.060 0.026 6.06 485.0
2457536.65996 18.131 0.025 5.46 414.0
2457536.67407 18.124 0.025 5.46 423.0
2457536.69723 18.149 0.025 5.48 420.0
2457536.71117 18.119 0.023 5.08 431.0
2457536.73470 18.095 0.020 4.44 427.0
2457536.74936 18.096 0.021 4.18 440.0
2457536.76393 18.065 0.021 4.47 445.0
2457536.77828 18.083 0.021 4.33 437.0
2457536.79238 18.130 0.023 4.66 434.0
2457536.80654 18.129 0.023 4.77 429.0
2457536.82059 18.136 0.023 4.72 440.0
2457536.83485 18.103 0.022 4.66 451.0
2457536.84891 18.103 0.022 4.32 465.0
2457536.86300 18.221 0.026 4.67 511.0
2457536.87821 18.196 0.025 4.47 765.0
2457536.89506 18.239 0.028 4.47 880.0
2457536.91027 18.151 0.026 4.49 919.0
2457545.58854 18.129 0.030 6.61 413.0
2457545.62851 18.116 0.028 6.62 488.0
2457545.63839 18.154 0.025 5.88 386.0
2457545.65047 18.212 0.023 5.12 380.0
2457545.66250 18.119 0.023 5.31 385.0
2457545.67429 18.070 0.022 5.39 385.0
2457545.69935 18.128 0.025 6.13 518.0
2457545.73216 18.141 0.025 5.41 431.0
2457545.74242 18.183 0.024 4.84 405.0
2457545.75676 18.123 0.025 5.59 403.0
2457545.75883 18.144 0.024 5.42 401.0
2457545.76987 18.145 0.023 4.94 397.0
2457545.79395 18.122 0.024 5.50 390.0
2457545.81696 18.190 0.023 4.75 387.0
2457545.83090 18.095 0.022 4.97 397.0
2457545.84498 18.120 0.023 5.03 403.0
2457545.85920 18.094 0.022 4.98 410.0
2457545.87313 18.117 0.025 5.42 447.0
2457545.88873 18.155 0.029 5.82 456.0
2457545.90259 18.071 0.022 4.73 478.0
2457545.91684 18.085 0.026 5.51 489.0
2457545.93119 18.112 0.029 5.95 516.0
2457546.59528 18.068 0.030 7.32 426.0
2457546.60783 18.106 0.031 7.31 424.0
2457546.62230 18.181 0.032 7.24 406.0
2457546.63807 18.137 0.029 6.82 393.0
2457546.65205 18.138 0.029 6.95 376.0
2457546.66365 18.223 0.033 7.28 337.0
2457546.67790 18.104 0.022 5.56 319.0
2457546.69503 18.096 0.023 5.82 321.0
2457546.70944 18.131 0.020 4.92 322.0
2457546.72417 18.139 0.019 4.69 314.0
2457546.74175 18.137 0.026 5.89 374.0
2457546.75589 18.206 0.025 5.32 363.0
2457546.76988 18.120 0.024 5.38 375.0
2457546.78394 18.105 0.021 4.78 383.0
2457546.79794 18.102 0.023 5.31 380.0
2457546.81262 18.093 0.025 5.62 405.0
2457546.82664 18.073 0.024 5.55 407.0
2457546.84076 18.086 0.023 5.20 429.0
2457546.85488 18.184 0.027 5.53 456.0
2457546.86886 18.111 0.032 6.39 496.0
2457546.88284 18.086 0.027 5.45 525.0
2457546.89685 18.093 0.028 5.45 571.0
2457546.91098 18.156 0.030 5.51 604.0
2457546.92496 18.212 0.040 6.82 615.0
2457546.93586 18.151 0.031 5.85 591.0
2457547.53704 18.092 0.033 7.15 466.0
2457547.55090 18.198 0.038 7.71 430.0
2457547.56528 18.159 0.031 6.59 424.0
2457547.57929 18.105 0.030 7.07 412.0
2457547.59317 18.145 0.030 6.66 397.0
2457547.60730 18.130 0.024 5.58 366.0
2457547.62166 18.110 0.025 6.15 359.0
2457547.63552 18.158 0.023 5.28 331.0
2457547.65019 18.105 0.023 5.86 312.0
2457547.66758 18.107 0.019 4.43 317.0
2457547.68593 18.138 0.021 5.13 325.0
2457547.70330 18.146 0.031 7.32 342.0
2457547.71733 18.114 0.022 5.44 333.0
2457547.73178 18.156 0.020 4.79 317.0
2457547.74948 18.098 0.020 4.74 318.0
2457547.76376 18.141 0.020 4.78 320.0
2457547.77778 18.091 0.022 5.70 328.0
2457547.79186 18.107 0.021 5.34 327.0
2457547.80598 18.137 0.020 4.89 328.0
2457547.82014 18.143 0.022 5.51 341.0
2457547.83436 18.109 0.025 6.09 365.0
2457547.84842 18.076 0.021 5.15 363.0
2457547.86245 18.157 0.024 5.44 363.0
2457547.87641 18.106 0.025 5.97 382.0
2457547.89041 18.076 0.030 7.06 419.0
2457547.90433 18.157 0.028 5.90 443.0
2457547.92271 18.173 0.026 5.40 437.0
2457547.93200 18.054 0.029 6.56 472.0
2457548.53937 18.085 0.028 6.47 801.0
2457548.58256 18.056 0.021 5.45 664.0
2457548.59752 18.091 0.020 4.95 621.0
2457548.61285 18.082 0.019 5.17 591.0
2457548.63005 18.191 0.022 5.20 604.0
2457548.64662 18.106 0.018 4.46 562.0
2457548.66055 18.147 0.018 4.63 474.0
2457548.67431 18.137 0.017 4.37 417.0
2457548.69113 18.152 0.017 4.21 426.0
2457548.70835 18.103 0.015 3.92 545.0
2457548.72495 18.076 0.015 3.73 405.0
2457548.73909 18.169 0.016 3.44 334.0
2457548.75458 18.127 0.016 3.80 442.0
2457548.76743 18.155 0.017 4.14 453.0
2457548.78346 18.082 0.018 4.51 404.0
2457548.79713 18.149 0.021 5.28 405.0
2457548.81644 18.053 0.016 4.74 609.0
2457548.83184 18.097 0.019 5.13 515.0
2457548.84557 18.064 0.018 4.80 509.0
2457548.86094 18.077 0.017 4.75 455.0
2457548.87456 18.146 0.019 5.25 494.0
2457548.88778 18.102 0.019 5.05 622.0
2457548.90288 18.121 0.023 5.99 613.0
2457548.91823 18.162 0.023 5.79 603.0
2457549.56307 18.101 0.024 5.78 736.0
2457549.58042 18.140 0.022 5.27 396.0
2457549.59257 18.178 0.025 5.79 366.0
2457549.60643 18.115 0.024 5.76 515.0
2457549.61906 18.141 0.020 5.01 339.0
2457549.63302 18.146 0.019 4.52 325.0
2457549.64704 18.080 0.019 5.00 326.0
2457549.66501 18.113 0.018 4.44 322.0
2457549.67954 18.141 0.020 4.74 331.0
2457549.69666 18.123 0.017 4.12 315.0
2457549.71100 18.132 0.017 3.99 309.0
2457549.72585 18.131 0.022 5.20 314.0
2457549.74087 18.160 0.020 4.98 309.0
2457549.75524 18.120 0.018 4.60 310.0
2457549.76918 18.125 0.020 4.97 324.0
2457549.78897 18.123 0.022 5.58 337.0
2457549.80294 18.149 0.023 5.40 345.0
2457549.81696 18.151 0.022 5.44 353.0
2457549.83099 18.170 0.022 5.26 352.0
2457549.84498 18.073 0.020 5.31 346.0
2457549.85900 18.152 0.022 5.26 361.0
2457549.87299 18.145 0.026 6.24 383.0
2457549.88695 18.172 0.028 6.17 399.0
2457549.90101 18.114 0.023 5.40 420.0
2457549.91498 18.091 0.027 6.12 452.0
2457549.92748 18.104 0.030 6.45 472.0
2457550.55659 18.182 0.031 6.62 446.0
2457550.57548 18.125 0.032 7.37 453.0
2457550.58886 18.111 0.027 6.51 397.0
2457550.60206 18.086 0.022 5.36 395.0
2457550.61307 18.072 0.022 5.34 380.0
2457550.62720 18.114 0.026 6.16 374.0
2457550.64137 18.104 0.028 6.69 386.0
2457550.65553 18.122 0.026 6.31 363.0
2457550.66991 18.092 0.025 6.25 366.0
2457550.68408 18.118 0.021 5.08 359.0
2457550.70282 18.124 0.020 4.61 345.0
2457550.71917 18.122 0.017 3.77 369.0
2457550.73719 18.048 0.020 5.14 408.0
2457550.75146 18.112 0.022 5.23 397.0
2457550.76703 18.139 0.024 5.39 407.0
2457550.78157 18.118 0.020 4.67 435.0
2457550.79547 18.131 0.022 4.92 447.0
2457550.80951 18.201 0.023 4.72 463.0
2457550.82350 18.129 0.024 5.11 485.0
2457550.83754 18.084 0.023 5.07 527.0
2457550.85188 18.106 0.024 5.01 539.0
2457550.86585 18.130 0.026 5.21 543.0
2457550.87984 18.181 0.032 6.26 567.0
2457550.89444 18.026 0.029 6.13 605.0
2457550.90848 18.161 0.036 6.58 610.0
2457550.92238 18.107 0.038 7.26 620.0
2457551.59115 18.102 0.024 5.51 902.0
2457551.61106 18.130 0.022 4.70 932.0
2457552.74086 18.169 0.019 4.60 553.0
2457554.58186 18.097 0.029 5.04 1133.0
2457554.60081 18.094 0.026 5.72 475.0
2457554.61684 18.105 0.027 5.80 615.0
2457554.63691 18.160 0.035 5.77 1237.0
2457554.65672 18.108 0.021 4.79 406.0
2457554.68173 18.146 0.024 5.92 392.0
2457554.70652 18.088 0.024 4.24 1038.0
2457554.74602 18.106 0.025 5.38 548.0
2457554.78206 18.073 0.024 5.10 1017.0
2457554.81109 18.120 0.023 5.93 455.0
2457554.90715 18.110 0.030 6.57 720.0
2457555.53082 18.114 0.032 5.50 808.0
2457555.54736 18.163 0.032 5.58 711.0
2457555.56468 18.064 0.030 5.97 934.0
2457555.58233 18.108 0.023 4.66 585.0
2457555.59800 18.134 0.027 5.47 523.0
2457555.61246 18.128 0.025 4.85 462.0
2457555.62760 18.126 0.026 5.59 516.0
2457555.64277 18.097 0.021 4.42 515.0
2457555.65804 18.108 0.021 4.57 514.0
2457555.67323 18.102 0.020 4.14 509.0
2457555.68857 18.097 0.022 4.65 525.0
2457555.70469 18.072 0.020 4.36 493.0
2457555.72095 18.146 0.025 5.28 468.0
2457555.73603 18.132 0.024 5.02 472.0
2457555.75110 18.116 0.021 4.57 463.0
2457555.76532 18.148 0.021 4.14 463.0
2457555.77938 18.183 0.023 4.66 460.0
2457555.79396 18.147 0.022 4.54 467.0
2457555.80808 18.140 0.021 4.55 437.0
2457555.82261 18.138 0.021 4.54 452.0
2457555.83673 18.097 0.021 4.57 443.0
2457555.86259 18.140 0.021 4.72 413.0
2457555.88562 18.125 0.023 4.89 477.0
2457555.89976 18.125 0.024 4.90 487.0
2457555.91382 18.134 0.025 5.05 529.0
2457557.53825 18.088 0.037 6.00 918.0
2457557.55090 18.108 0.032 5.43 868.0
2457557.56707 18.190 0.031 4.90 828.0
2457557.58175 18.150 0.029 5.07 733.0
2457557.59772 18.062 0.026 4.88 700.0
2457557.61118 18.123 0.029 5.27 692.0
2457557.62581 18.116 0.027 4.88 670.0
2457557.64199 18.140 0.024 4.17 644.0
2457557.66101 18.112 0.025 4.73 642.0
2457557.67783 18.108 0.020 3.65 631.0
2457557.68923 18.117 0.022 4.05 646.0
2457557.70999 18.100 0.027 4.81 766.0
2457557.72845 18.089 0.029 5.41 712.0
2457557.74587 18.070 0.025 5.03 723.0
2457557.76962 18.105 0.026 5.30 714.0
2457557.79543 18.111 0.027 5.84 707.0
2457557.82177 18.134 0.026 4.98 670.0
2457557.83833 18.096 0.024 4.94 694.0
2457557.85546 18.112 0.029 5.07 749.0
2457557.87206 18.105 0.031 5.40 813.0
2457557.88755 18.118 0.030 5.01 838.0
2457557.90305 18.084 0.032 5.46 842.0
2457561.51178 18.146 0.041 6.25 1079.0
2457561.52659 18.203 0.042 6.25 953.0
2457561.54172 18.115 0.037 5.73 959.0
2457561.56983 18.156 0.034 5.82 752.0
2457561.58705 18.102 0.031 4.54 1117.0
2457561.60401 18.112 0.026 4.59 720.0
2457561.61859 18.166 0.026 4.31 681.0
2457561.63366 18.128 0.023 4.08 707.0
2457561.64804 18.110 0.025 4.09 789.0
2457561.66629 18.149 0.024 3.72 789.0
2457561.68432 18.163 0.028 3.50 1295.0
2457561.69889 18.109 0.026 3.74 1000.0
2457561.71870 18.115 0.035 3.92 1886.0
2457561.73602 18.088 0.025 4.45 758.0
2457561.75071 18.074 0.024 4.64 721.0
2457561.76525 18.093 0.025 4.85 659.0
2457561.77956 18.097 0.026 4.97 703.0
2457561.79145 18.125 0.025 4.85 696.0
2457561.80411 18.139 0.028 4.97 791.0
2457561.81970 18.084 0.027 5.24 787.0
2457561.83401 18.116 0.027 4.83 822.0
2457561.85074 18.107 0.032 5.35 917.0
2457562.51517 18.064 0.033 7.23 507.0
2457562.52523 18.087 0.029 6.01 561.0
2457562.53947 18.179 0.045 6.39 1080.0
2457562.55338 18.117 0.035 5.92 842.0
2457562.56793 18.229 0.037 5.51 900.0
2457562.58348 18.102 0.028 4.92 845.0
2457562.60035 18.195 0.037 5.04 1259.0
2457562.61672 18.155 0.033 5.05 1353.0
2457562.63934 18.196 0.035 4.90 1487.0
2457562.65832 18.184 0.029 4.28 1184.0
2457566.52562 18.129 0.025 5.25 481.0
2457566.54025 18.150 0.028 5.85 453.0
2457566.55529 18.135 0.033 7.11 440.0
2457566.56931 18.161 0.030 6.58 448.0
2457566.59276 18.227 0.033 6.79 435.0
2457566.60693 18.034 0.025 6.04 443.0
2457566.63161 18.155 0.023 5.09 405.0
2457566.64581 18.164 0.022 5.04 359.0
2457566.66009 18.174 0.021 4.66 357.0
2457566.67441 18.175 0.022 4.85 370.0
2457566.68920 18.126 0.022 5.21 347.0
2457566.70383 18.143 0.024 5.58 345.0
2457566.71930 18.086 0.023 5.82 343.0
2457566.73349 18.142 0.023 5.22 390.0
2457566.74756 18.132 0.023 5.36 403.0
2457566.76168 18.113 0.027 6.05 423.0
2457566.77620 18.081 0.025 5.98 413.0
2457566.79032 18.119 0.025 5.60 434.0
2457566.80440 18.094 0.026 5.91 478.0
2457566.81855 18.229 0.028 5.44 515.0
2457566.83264 18.214 0.030 5.88 539.0
2457566.84676 18.116 0.038 7.30 560.0
2457566.86085 18.138 0.039 7.51 605.0
2457566.87358 18.090 0.042 7.76 644.0
2457567.49531 18.161 0.036 7.02 607.0
2457567.51280 18.036 0.028 5.90 609.0
2457567.52682 18.043 0.028 5.91 586.0
2457567.54099 18.171 0.030 5.79 568.0
2457567.55581 18.026 0.026 5.88 539.0
2457567.56976 18.133 0.027 5.65 521.0
2457567.58405 18.066 0.025 5.68 531.0
2457567.60736 18.213 0.030 5.78 511.0
2457567.62234 18.091 0.024 5.15 502.0
2457567.64609 18.132 0.020 4.10 486.0
2457567.66089 18.101 0.021 4.43 464.0
2457567.67579 18.134 0.020 4.28 450.0
2457567.69060 18.080 0.023 5.04 483.0
2457567.70518 18.078 0.020 4.61 436.0
2457567.71929 18.082 0.021 4.73 453.0
2457567.73444 18.059 0.022 4.92 486.0
2457567.74843 18.124 0.027 5.74 479.0
2457567.76243 18.149 0.027 5.66 495.0
2457567.77654 18.131 0.029 6.14 518.0
2457567.79074 18.162 0.026 5.52 490.0
2457567.80468 18.089 0.029 6.10 498.0
2457567.81865 18.065 0.024 5.30 494.0
2457567.83271 18.124 0.025 4.85 503.0
2457567.84674 18.144 0.033 6.19 559.0
2457567.86087 18.105 0.031 6.13 605.0
2457567.87658 18.114 0.036 6.13 681.0
2457568.49603 18.097 0.035 7.49 495.0
2457568.56387 18.126 0.028 6.54 387.0
2457568.57767 18.182 0.027 5.85 386.0
2457568.59160 18.176 0.025 5.61 376.0
2457568.60690 18.098 0.023 5.65 357.0
2457568.62085 18.156 0.024 5.73 350.0
2457568.63500 18.139 0.022 5.08 330.0
2457568.66049 18.145 0.022 5.15 331.0
2457568.67560 18.150 0.022 5.33 323.0
2457568.70055 18.117 0.023 5.52 333.0
2457568.71499 18.050 0.027 6.98 335.0
2457568.72943 18.160 0.028 6.35 350.0
2457568.74721 18.140 0.028 6.47 372.0
2457568.76134 18.143 0.026 6.06 392.0
2457568.77547 18.098 0.027 6.20 420.0
2457568.78948 18.150 0.027 5.87 438.0
2457568.80486 18.058 0.023 5.47 445.0
2457568.84058 18.117 0.038 7.65 506.0
2457568.85478 18.135 0.039 7.67 556.0
2457569.50020 18.121 0.038 7.75 596.0
2457569.53838 18.174 0.028 6.22 391.0
2457569.55239 18.129 0.025 5.89 393.0
2457569.56627 18.181 0.023 5.19 385.0
2457569.58040 18.127 0.026 5.58 414.0
2457569.59511 18.118 0.026 5.99 417.0
2457569.60937 18.070 0.020 4.90 390.0
2457569.63464 18.145 0.019 4.19 387.0
2457569.64883 18.112 0.020 4.61 386.0
2457569.67378 18.122 0.021 4.91 395.0
2457569.68983 18.088 0.024 5.55 411.0
2457569.70478 18.144 0.024 5.26 382.0
2457569.72077 18.108 0.021 5.14 374.0
2457569.73511 18.105 0.023 5.63 375.0
2457569.74928 18.119 0.020 5.03 359.0
2457569.76473 18.117 0.023 5.51 394.0
2457569.77892 18.113 0.024 5.55 405.0
2457569.79295 18.136 0.023 5.20 423.0
2457569.80700 18.157 0.028 5.99 472.0
2457569.82218 18.088 0.025 5.69 493.0
2457570.64655 18.093 0.017 4.35 471.0
2457570.69553 18.113 0.022 5.31 321.0
2457570.73804 18.168 0.026 6.38 392.0
2457570.78587 18.185 0.028 6.38 451.0
2457570.84678 18.086 0.029 7.27 381.0
2457573.60605 18.124 0.025 6.02 341.0
2457573.65783 18.150 0.021 4.88 316.0
2457573.71093 18.135 0.023 5.81 322.0
2457575.54876 18.142 0.023 5.07 354.0
2457575.61198 18.120 0.033 8.10 367.0
2457575.66059 18.133 0.024 5.71 343.0
2457575.70167 18.088 0.017 4.25 318.0
2457575.73985 18.121 0.021 5.03 345.0
2457575.77826 18.190 0.023 5.07 365.0
2457575.81681 18.079 0.020 4.77 382.0
2457575.85049 18.104 0.024 5.49 459.0
2457576.50679 18.156 0.021 4.87 404.0
2457576.57485 18.112 0.021 5.50 329.0
2457576.63217 18.154 0.017 3.93 311.0
2457576.67415 18.083 0.019 4.78 316.0
2457576.71275 18.111 0.021 5.17 319.0
2457576.75116 18.164 0.021 4.99 316.0
2457576.78922 18.138 0.022 5.36 331.0
2457576.82769 18.146 0.027 6.01 387.0
2457577.54576 18.127 0.034 7.69 373.0
2457577.59008 18.114 0.023 5.43 434.0
2457579.62899 18.096 0.024 5.82 375.0
2457579.69573 18.108 0.022 5.59 375.0
2457579.73780 18.137 0.022 5.17 380.0
2457581.70861 18.179 0.021 4.45 448.0
2457581.77513 18.073 0.021 5.20 429.0
2457581.81878 18.117 0.027 6.15 439.0
2457582.65956 18.080 0.030 7.01 412.0
2457582.73153 18.181 0.029 6.22 461.0
2457583.75810 18.109 0.024 5.27 414.0
2457584.50242 18.113 0.030 5.77 568.0
2457584.54068 18.069 0.026 5.27 551.0
2457584.57935 18.013 0.028 6.02 536.0
2457584.61775 18.104 0.031 6.41 524.0
2457584.65816 18.094 0.023 4.79 473.0
2457584.69609 18.061 0.028 5.98 490.0
2457584.73447 18.167 0.027 5.31 507.0
2457584.78477 18.113 0.027 5.57 546.0
2457584.82257 18.077 0.027 5.90 509.0
2457589.50042 18.125 0.036 5.83 891.0
2457589.54584 18.097 0.033 5.67 844.0
2457589.58470 18.192 0.031 4.81 842.0
2457589.62919 18.077 0.030 5.36 779.0
2457589.67408 18.041 0.033 6.35 753.0
2457589.71225 18.046 0.029 5.43 770.0
2457589.75865 18.120 0.045 7.13 893.0
2457589.79695 18.116 0.036 5.39 1062.0
2457590.47356 18.207 0.040 6.62 723.0
2457590.51143 18.071 0.024 4.85 652.0
2457590.54920 18.107 0.022 3.96 627.0
2457590.58771 18.154 0.022 3.90 609.0
2457590.63085 18.113 0.023 4.56 522.0
2457590.67182 18.152 0.025 5.12 542.0
2457590.70952 18.208 0.031 4.77 875.0
2457590.76176 18.111 0.027 4.96 741.0
2457591.50734 18.056 0.027 6.03 836.0
2457593.48669 18.109 0.025 6.00 350.0
2457593.53442 18.083 0.019 4.55 321.0
2457593.58096 18.150 0.019 4.53 315.0
2457593.62710 18.116 0.023 5.67 324.0
2457593.66509 18.134 0.019 4.80 323.0
2457593.70227 18.147 0.020 4.82 334.0
2457593.74097 18.162 0.020 4.81 341.0
2457593.77832 18.104 0.020 5.12 373.0
2457593.80510 18.127 0.022 5.11 428.0
2457596.47248 18.117 0.023 5.02 507.0
2457596.51727 18.134 0.017 3.98 325.0
2457596.57704 18.104 0.018 4.30 328.0
2457597.59429 18.079 0.022 5.79 606.0
2457599.51295 18.141 0.030 5.96 418.0
2457599.59561 18.131 0.028 6.85 334.0
2457599.63785 18.135 0.024 5.19 350.0
2457599.71876 18.104 0.023 5.09 362.0
2457599.76040 18.155 0.024 4.94 369.0
2457599.79653 18.183 0.027 5.26 415.0
2457600.52191 18.157 0.032 6.59 391.0
2457600.58771 18.122 0.028 6.49 382.0
2457600.67962 18.175 0.026 6.14 349.0
2457600.78013 18.141 0.036 7.74 504.0
2457601.74309 18.110 0.024 5.72 326.0
2457601.77882 18.197 0.034 7.02 376.0
2457602.49917 18.142 0.033 6.98 422.0
2457602.54474 18.132 0.029 6.54 373.0
2457602.58405 18.118 0.025 5.97 353.0
2457602.64133 18.064 0.023 5.73 353.0
2457602.67906 18.164 0.023 5.37 352.0
2457602.71638 18.207 0.029 6.26 377.0
2457602.75614 18.053 0.027 6.28 433.0
2457603.47423 18.164 0.026 5.37 437.0
2457603.51179 18.168 0.026 6.16 340.0
2457603.55866 18.090 0.019 4.45 327.0
2457603.60647 18.122 0.020 4.92 326.0
2457603.64434 18.061 0.018 4.64 307.0
2457603.68189 18.160 0.020 4.95 309.0
2457603.72166 18.119 0.021 5.16 333.0
2457603.75932 18.134 0.025 5.94 352.0
2457604.48183 18.154 0.036 7.30 410.0
2457604.52266 18.160 0.029 6.12 409.0
2457604.56001 18.129 0.024 5.32 383.0
2457604.60001 18.089 0.018 4.67 311.0
2457604.63810 18.101 0.020 5.38 301.0
2457604.67655 18.150 0.022 5.56 296.0
2457604.71402 18.083 0.019 5.03 324.0
2457604.75224 18.115 0.022 5.18 341.0
2457605.48904 18.121 0.025 6.18 339.0
2457605.53129 18.163 0.023 5.62 327.0
2457605.58304 18.096 0.022 5.44 320.0
2457605.63001 18.140 0.025 5.97 343.0
2457605.66774 18.116 0.024 5.65 356.0
2457605.70531 18.145 0.025 5.84 375.0
2457605.74257 18.178 0.025 5.19 407.0
2457605.77844 18.141 0.027 5.73 450.0
2457606.69123 18.175 0.028 6.60 333.0
2457606.74183 18.134 0.033 7.49 378.0
2457607.50416 18.112 0.026 6.22 376.0
2457607.56957 18.160 0.025 6.02 342.0
2457607.61527 18.099 0.024 6.24 312.0
2457607.65894 18.143 0.021 5.00 301.0
2457607.70253 18.187 0.023 5.33 316.0
2457607.74437 18.099 0.025 6.16 345.0
2457608.49039 18.192 0.030 6.57 350.0
2457608.54857 18.081 0.019 4.59 321.0
2457608.62154 18.104 0.019 4.39 337.0
2457608.66585 18.105 0.020 4.54 335.0
2457608.71078 18.155 0.023 5.15 363.0
2457609.49136 18.136 0.028 6.18 375.0
2457609.53561 18.119 0.026 5.27 428.0
2457609.60223 18.121 0.022 5.29 347.0
2457609.64631 18.126 0.021 4.67 356.0
2457609.69572 18.168 0.025 5.07 383.0
2457609.73532 18.090 0.025 5.88 381.0
2457609.76064 18.106 0.026 5.80 442.0
2457610.50534 18.097 0.026 5.59 408.0
2457610.55645 18.214 0.027 5.44 417.0
2457610.62038 18.173 0.023 4.99 385.0
2457610.66434 18.165 0.021 4.11 422.0
2457610.70836 18.082 0.020 4.30 430.0
2457611.52571 18.074 0.026 5.02 688.0
2457611.63515 18.115 0.026 5.95 400.0
2457611.68096 18.082 0.026 5.88 437.0
2457612.48295 18.155 0.052 6.38 1332.0
2457612.63935 18.179 0.047 5.50 1643.0
2457612.67718 18.084 0.035 5.40 1139.0
2457612.71482 18.096 0.025 4.93 561.0
2457616.48495 18.059 0.031 5.53 723.0
2457616.53177 18.099 0.028 5.08 723.0
2457616.57876 18.077 0.025 4.96 624.0
2457616.62517 18.133 0.025 4.79 626.0
2457616.67792 18.113 0.027 5.25 670.0
2457616.73075 18.121 0.028 4.80 825.0
2457617.52710 18.209 0.032 5.31 640.0
2457617.57419 18.095 0.032 6.21 621.0
2457617.61807 18.066 0.032 6.05 648.0
2457617.66184 18.115 0.029 5.12 689.0
2457617.70568 18.099 0.035 5.47 786.0
2457618.47696 18.180 0.035 5.72 741.0
2457618.52208 18.160 0.030 5.23 660.0
2457618.56761 18.137 0.026 4.73 613.0
2457618.61122 18.086 0.028 5.21 628.0
2457618.65494 18.158 0.031 5.06 696.0
2457618.69679 18.127 0.032 5.09 819.0
2457618.73299 18.140 0.043 6.16 1016.0
2457619.55820 18.091 0.029 6.00 532.0
2457621.49042 18.089 0.024 5.89 361.0
2457621.55420 18.099 0.025 5.74 452.0
2457621.60451 18.086 0.024 5.68 405.0
2457621.65374 18.145 0.027 5.85 435.0
2457621.70043 18.059 0.029 6.32 501.0
2457622.51179 18.122 0.021 4.80 332.0
2457622.56102 18.152 0.021 4.81 336.0
2457622.61538 18.133 0.024 5.05 416.0
2457622.66902 18.152 0.021 4.18 401.0
2457622.71099 18.157 0.022 4.20 449.0
2457623.49024 18.179 0.028 5.74 426.0
2457623.53702 18.069 0.022 5.10 387.0
2457623.60037 18.127 0.021 4.81 342.0
2457623.64458 18.075 0.021 4.95 369.0
2457623.68859 18.119 0.023 5.12 408.0
2457624.47720 18.159 0.028 5.21 529.0
2457624.52471 18.123 0.022 4.76 375.0
2457624.58841 18.167 0.026 5.83 356.0
2457624.63658 18.134 0.021 5.03 359.0
2457624.68326 18.076 0.023 5.43 391.0
2457625.51093 18.057 0.020 4.59 396.0
2457625.58208 18.130 0.022 5.15 394.0
2457625.62592 18.188 0.025 5.50 370.0
2457625.68009 18.079 0.025 6.22 346.0
2457626.51315 18.191 0.026 5.05 407.0
2457626.56721 18.154 0.027 5.95 389.0
2457626.63385 18.099 0.022 5.16 365.0
2457626.67856 18.088 0.022 5.10 382.0
2457630.53359 18.062 0.021 5.34 349.0
2457630.57840 18.106 0.022 5.30 351.0
2457630.62297 18.058 0.021 4.92 350.0
2457630.66677 18.130 0.025 5.50 344.0
2457631.52558 18.108 0.019 3.98 368.0
2457631.57029 18.087 0.018 4.42 343.0
2457631.61492 18.111 0.018 3.67 353.0
2457631.65848 18.155 0.020 4.68 349.0
2457632.52483 18.163 0.021 4.57 332.0
2457632.56978 18.133 0.022 4.73 352.0
2457632.61473 18.189 0.022 4.65 366.0
2457632.65748 18.095 0.022 4.90 384.0
2457633.58217 18.166 0.031 6.89 378.0
2457633.62765 18.124 0.026 5.78 380.0
2457634.51351 18.108 0.031 7.70 336.0
2457634.55884 18.122 0.030 7.20 329.0
2457635.48497 18.103 0.035 7.47 428.0
2457635.54415 18.169 0.031 6.54 392.0
2457635.59613 18.195 0.032 6.70 369.0
2457636.51180 18.143 0.032 7.00 408.0
2457636.56374 18.146 0.027 5.89 393.0
2457636.60884 18.103 0.034 7.54 407.0
2457636.65033 18.104 0.029 6.50 399.0
2457637.52195 18.099 0.022 5.42 349.0
2457637.56944 18.116 0.020 4.94 336.0
2457637.61298 18.149 0.027 6.27 368.0
2457638.48731 18.131 0.031 6.31 601.0
2457638.53567 18.022 0.029 6.41 622.0
2457638.60040 18.107 0.023 5.09 564.0
2457639.50171 18.144 0.030 5.70 445.0
2457639.55906 18.174 0.027 5.49 429.0
2457639.60454 18.146 0.021 4.28 411.0
2457643.60387 18.130 0.042 6.55 836.0
2457644.50418 18.198 0.050 6.86 915.0
2457644.54178 18.146 0.034 5.64 679.0
2457645.49603 18.131 0.035 5.95 782.0
2457647.48332 18.074 0.044 6.74 960.0
2457647.53318 18.113 0.030 5.45 703.0
2457647.57808 18.184 0.029 5.27 645.0
2457648.49907 18.141 0.034 6.57 527.0
2457648.54329 18.090 0.029 5.55 563.0
2457648.58717 18.129 0.029 5.27 618.0
2457649.48339 18.136 0.023 4.37 556.0
2457649.53812 18.208 0.023 4.18 559.0
2457649.58307 18.152 0.023 4.15 579.0
2457650.47881 18.088 0.029 5.06 875.0
2457650.55664 18.049 0.023 5.21 467.0
2457650.60072 18.136 0.030 6.21 543.0
2457651.55727 18.147 0.022 4.75 507.0
2457651.60067 18.102 0.025 5.04 642.0
2457652.54488 18.089 0.020 5.00 388.0
2457652.59303 18.107 0.021 5.22 438.0
2457653.55511 18.118 0.019 4.70 373.0
2457653.59901 18.166 0.022 4.96 394.0
2457655.48129 18.103 0.038 6.70 743.0
2457655.57171 18.154 0.026 6.08 402.0
2457656.52731 18.087 0.025 5.76 426.0
2457656.58057 18.105 0.029 6.32 438.0
2457657.57366 18.094 0.024 5.67 447.0
2457659.48143 18.114 0.036 5.66 897.0
2457660.48183 18.150 0.044 6.43 1002.0
2457660.55094 18.129 0.029 5.98 469.0
2457661.48201 18.148 0.042 6.44 981.0
2457661.56807 18.137 0.030 6.62 470.0
2457662.52396 18.109 0.030 6.15 510.0
2457662.56771 18.108 0.030 6.15 513.0
2457664.53666 18.143 0.036 6.52 567.0
2457665.48613 18.110 0.038 6.52 602.0
2457666.54904 18.160 0.029 6.17 500.0
2457667.55232 18.141 0.025 5.69 454.0
2457671.52783 18.200 0.030 5.29 630.0
2457672.53776 18.125 0.028 5.11 678.0
2457679.52460 18.130 0.036 6.97 610.0
2457682.51286 18.097 0.028 5.69 622.0
2457686.50066 18.145 0.043 7.38 681.0
2457689.50320 18.091 0.028 5.69 606.0
2457690.49934 18.140 0.032 5.36 725.0
2457690.50384 18.071 0.026 4.89 594.0
2457691.50037 18.134 0.028 4.41 859.0
2457790.87236 18.120 0.027 5.63 539.0
2457790.88789 18.112 0.044 4.33 2654.0
2457791.86746 18.045 0.022 4.84 463.0
2457792.86373 18.088 0.029 5.92 649.0
2457793.86114 18.151 0.027 4.77 687.0
2457794.86191 18.080 0.048 7.57 875.0
2457795.87407 18.085 0.033 5.82 827.0
2457796.86780 18.097 0.027 5.03 675.0
2457797.87303 18.073 0.031 5.28 821.0
2457798.87272 18.175 0.025 4.35 555.0
2457799.86796 18.161 0.033 5.83 617.0
2457800.86247 18.081 0.024 4.84 535.0
2457802.88587 18.037 0.035 7.06 682.0
2457803.86919 18.091 0.028 4.55 888.0
2457807.83975 18.127 0.023 5.03 408.0
2457807.88640 18.093 0.020 4.35 396.0
2457808.88407 18.100 0.019 4.14 399.0
2457809.83882 18.142 0.027 5.84 489.0
2457809.88638 18.078 0.022 5.13 401.0
2457810.83550 18.093 0.022 4.79 456.0
2457810.88296 18.100 0.022 4.97 384.0
2457811.85165 18.060 0.021 4.43 430.0
2457811.89691 18.084 0.022 4.67 452.0
2457812.86781 18.103 0.021 4.34 444.0
2457813.81160 18.064 0.026 5.53 567.0
2457814.82165 18.119 0.024 5.39 455.0
2457814.86748 18.088 0.021 4.56 409.0
2457815.83353 18.086 0.023 4.91 465.0
2457815.88059 18.132 0.021 4.45 403.0
2457816.82518 18.101 0.023 4.89 442.0
2457816.87050 18.126 0.022 4.91 406.0
2457817.82173 18.125 0.023 4.58 501.0
2457817.86706 18.111 0.018 3.75 452.0
2457818.80797 18.100 0.021 4.62 429.0
2457818.85327 18.113 0.019 4.26 440.0
2457818.89839 18.133 0.020 4.18 464.0
2457819.83310 18.128 0.023 5.12 400.0
2457819.88479 18.113 0.019 4.20 378.0
2457820.84184 18.106 0.021 4.22 460.0
2457820.88752 18.073 0.020 4.20 414.0
2457821.82588 18.150 0.029 5.61 478.0
2457821.87030 18.098 0.025 5.20 473.0
2457822.80804 18.096 0.032 5.64 701.0
2457822.85268 18.119 0.025 4.98 539.0
2457822.89740 18.142 0.025 5.17 443.0
2457823.83799 18.089 0.024 4.30 628.0
2457823.88258 18.068 0.022 4.37 544.0
2457824.83394 18.062 0.028 5.29 646.0
2457824.87871 18.129 0.028 5.58 580.0
2457825.82567 18.167 0.028 5.11 647.0
2457825.87027 18.093 0.026 5.07 567.0
2457826.78409 18.107 0.031 5.62 750.0
2457826.82919 18.067 0.028 5.53 657.0
2457826.87387 18.111 0.027 5.26 606.0
2457827.80319 18.094 0.025 4.64 590.0
2457827.84758 18.093 0.022 4.56 526.0
2457827.89229 18.122 0.022 4.12 514.0
2457828.81689 18.041 0.024 4.99 582.0
2457828.86131 18.107 0.021 4.18 528.0
2457828.90619 18.124 0.021 4.11 530.0
2457829.84331 18.116 0.027 4.85 651.0
2457830.85024 18.054 0.025 4.65 691.0
2457830.89185 18.057 0.029 4.92 857.0
2457834.83489 18.118 0.023 5.04 404.0
2457834.88206 18.114 0.022 4.91 376.0
2457835.75620 18.112 0.032 7.42 357.0
2457835.83366 18.093 0.032 7.28 382.0
2457835.88043 18.081 0.024 5.67 365.0
2457836.76282 18.137 0.036 7.29 418.0
2457836.81774 18.119 0.027 6.33 352.0
2457836.86679 18.090 0.024 5.75 338.0
2457836.91474 18.100 0.029 5.58 631.0
2457837.78488 18.145 0.023 5.46 342.0
2457837.83118 18.138 0.022 5.16 331.0
2457837.87803 18.096 0.019 4.44 343.0
2457838.75448 18.125 0.026 5.78 423.0
2457838.80056 18.104 0.024 5.50 387.0
2457838.85611 18.119 0.019 4.36 379.0
2457838.90393 18.124 0.019 4.14 370.0
2457839.77657 18.113 0.017 4.08 318.0
2457839.83242 18.139 0.019 4.28 325.0
2457839.88296 18.176 0.018 3.93 310.0
2457840.74302 18.083 0.025 6.03 393.0
2457840.79065 18.143 0.021 4.94 324.0
2457840.84726 18.111 0.021 4.91 354.0
2457840.89478 18.108 0.018 4.16 333.0
2457841.77215 18.149 0.030 7.09 354.0
2457841.81823 18.150 0.026 6.14 336.0
2457841.86571 18.154 0.032 7.11 379.0
2457841.91236 18.082 0.027 6.03 410.0
2457842.76544 18.052 0.025 6.18 354.0
2457842.81185 18.113 0.021 4.99 343.0
2457842.85838 18.093 0.023 5.53 363.0
2457842.90438 18.105 0.022 5.10 354.0
2457843.73479 18.063 0.022 5.49 357.0
2457843.78046 18.132 0.024 5.75 333.0
2457843.83598 18.146 0.022 5.25 320.0
2457843.88328 18.099 0.021 5.05 303.0
2457844.73092 18.172 0.025 5.60 366.0
2457844.77699 18.159 0.020 4.61 331.0
2457844.83234 18.107 0.030 7.39 347.0
2457844.87865 18.117 0.028 6.66 359.0
2457845.72297 18.169 0.035 7.31 407.0
2457845.77034 18.131 0.022 5.16 356.0
2457845.82552 18.105 0.020 4.87 335.0
2457845.87270 18.120 0.020 4.67 322.0
2457845.91918 18.152 0.024 4.82 468.0
2457846.77215 18.103 0.021 5.02 328.0
2457846.81808 18.158 0.020 4.49 321.0
2457846.86439 18.066 0.019 4.69 331.0
2457846.91201 18.159 0.023 5.18 347.0
2457847.75160 18.085 0.024 5.49 372.0
2457847.79792 18.121 0.021 4.52 356.0
2457847.85406 18.124 0.022 4.99 340.0
2457847.90312 18.128 0.020 4.55 332.0
2457848.73511 18.141 0.028 6.12 407.0
2457848.78101 18.099 0.021 5.07 332.0
2457848.82658 18.141 0.020 4.79 323.0
2457848.88462 18.134 0.019 4.32 312.0
2457849.71753 18.108 0.030 6.02 545.0
2457849.76304 18.120 0.022 4.86 425.0
2457849.80939 18.130 0.018 4.12 344.0
2457849.86606 18.090 0.016 3.61 324.0
2457849.91456 18.134 0.018 3.62 364.0
2457850.74473 18.104 0.027 5.33 492.0
2457850.79129 18.167 0.026 5.06 414.0
2457850.83846 18.119 0.019 4.35 351.0
2457850.89540 18.088 0.019 4.65 340.0
2457851.73157 18.131 0.031 5.96 580.0
2457851.77777 18.072 0.026 5.64 506.0
2457851.82412 18.062 0.022 4.97 444.0
2457851.88261 18.091 0.019 4.55 352.0
2457852.74317 18.080 0.037 7.47 523.0
2457852.85291 18.132 0.028 6.41 408.0
2457852.90228 18.183 0.029 6.52 334.0
2457853.86611 18.087 0.035 7.59 476.0
2457853.89088 18.118 0.027 5.94 455.0
2457853.92137 18.031 0.033 7.11 512.0
2457854.73154 18.056 0.023 4.50 665.0
2457854.77778 18.135 0.022 4.10 582.0
2457854.83339 18.114 0.024 4.90 534.0
2457854.88298 18.058 0.024 4.90 525.0
2457855.73069 18.122 0.025 4.31 732.0
2457855.77726 18.055 0.022 4.13 632.0
2457855.82386 18.083 0.025 4.55 613.0
2457855.88424 18.064 0.020 3.99 584.0
2457856.75474 18.123 0.036 6.71 628.0
2457856.80328 18.093 0.026 5.12 583.0
2457856.85038 18.117 0.030 5.84 585.0
2457856.91028 18.114 0.034 6.43 579.0
2457857.80119 18.104 0.050 6.53 1344.0
2457857.85514 18.186 0.046 6.61 1003.0
2457857.89704 18.107 0.034 5.88 762.0
2457858.77505 18.160 0.022 4.13 537.0
2457858.81185 18.062 0.022 4.47 554.0
2457858.84584 18.123 0.029 5.82 619.0
2457858.88861 18.128 0.027 5.47 530.0
2457862.68670 18.113 0.027 5.80 452.0
2457862.73403 18.104 0.026 5.76 428.0
2457862.78108 18.172 0.026 5.25 410.0
2457862.82814 18.133 0.024 5.25 425.0
2457862.87661 18.132 0.027 5.85 432.0
2457863.75880 18.197 0.032 6.84 375.0
2457863.81417 18.084 0.025 6.04 399.0
2457863.89076 18.120 0.021 4.46 415.0
2457864.71586 18.086 0.018 4.29 345.0
2457864.78801 18.109 0.017 3.60 336.0
2457864.84904 18.089 0.017 3.94 359.0
2457864.90073 18.088 0.018 3.91 397.0
2457865.69019 18.137 0.019 4.27 369.0
2457865.73587 18.131 0.021 4.64 370.0
2457865.78215 18.086 0.017 3.66 356.0
2457865.85710 18.113 0.017 3.29 406.0
2457865.90654 18.093 0.019 3.70 454.0
2457866.70122 18.134 0.021 4.55 381.0
2457866.74777 18.135 0.019 3.85 367.0
2457866.80356 18.139 0.018 3.75 360.0
2457866.86452 18.080 0.017 3.46 374.0
2457866.91208 18.129 0.017 3.20 404.0
2457867.72004 18.120 0.019 4.03 354.0
2457867.76689 18.100 0.016 3.39 334.0
2457867.83278 18.111 0.016 3.42 331.0
2457867.88265 18.129 0.020 4.42 354.0
2457867.92947 18.077 0.027 5.13 616.0
2457868.79267 18.079 0.025 5.47 368.0
2457868.92302 18.149 0.033 6.83 420.0
2457869.71433 18.187 0.023 5.02 356.0
2457869.76029 18.112 0.018 3.99 346.0
2457869.81609 18.115 0.018 3.93 333.0
2457869.87577 18.095 0.018 3.62 379.0
2457869.92316 18.117 0.019 3.50 455.0
2457870.74066 18.097 0.016 3.29 316.0
2457870.79686 18.086 0.017 3.67 317.0
2457870.85499 18.128 0.020 4.70 336.0
2457870.90290 18.135 0.020 4.10 363.0
2457872.66661 18.112 0.021 4.56 412.0
2457872.73653 18.102 0.018 3.96 373.0
2457872.79349 18.109 0.017 3.51 360.0
2457872.85968 18.157 0.021 4.68 375.0
2457872.91634 18.139 0.020 3.91 416.0
2457873.68552 18.117 0.020 4.37 385.0
2457873.73140 18.108 0.018 3.60 367.0
2457873.77815 18.098 0.016 3.29 334.0
2457873.83651 18.127 0.019 4.13 367.0
2457873.89744 18.099 0.019 3.81 388.0
2457874.66009 18.048 0.026 6.05 441.0
2457874.70674 18.130 0.025 5.55 401.0
2457874.76201 18.161 0.026 5.75 392.0
2457874.82024 18.121 0.023 5.22 362.0
2457874.86949 18.125 0.023 4.68 446.0
2457874.91644 18.083 0.023 5.19 420.0
2457875.80341 18.131 0.018 3.95 761.0
2457875.87167 18.096 0.021 4.34 795.0
2457875.90923 18.094 0.021 4.66 563.0
2457876.65621 18.039 0.027 5.95 562.0
2457876.70333 18.089 0.023 5.14 444.0
2457876.75183 18.106 0.021 4.57 408.0
2457876.81081 18.120 0.018 3.70 387.0
2457876.87259 18.148 0.023 4.68 410.0
2457876.92977 18.134 0.022 4.21 519.0
2457877.68088 18.131 0.024 4.94 449.0
2457877.73737 18.142 0.018 3.59 398.0
2457877.79411 18.100 0.017 3.47 395.0
2457877.84491 18.104 0.019 3.56 469.0
2457877.89641 18.150 0.023 4.32 483.0
2457878.71358 18.119 0.018 3.44 449.0
2457878.77890 18.119 0.018 3.75 401.0
2457878.82940 18.150 0.018 3.31 388.0
2457878.88791 18.087 0.018 3.58 405.0
2457878.93399 18.119 0.025 3.86 872.0
2457879.69672 18.070 0.026 5.74 479.0
2457879.74289 18.130 0.031 6.11 501.0
2457879.78888 18.074 0.033 7.20 451.0
2457879.88059 18.100 0.036 7.44 451.0
2457880.69482 18.053 0.030 6.66 487.0
2457880.74083 18.139 0.027 5.66 472.0
2457880.78914 18.050 0.027 5.83 489.0
2457880.84736 18.077 0.033 7.03 488.0
2457880.91416 18.133 0.038 7.68 494.0
2457881.78652 18.099 0.029 5.63 577.0
2457881.83656 18.150 0.031 5.77 551.0
2457881.88495 18.097 0.040 7.18 603.0
2457882.69515 18.129 0.033 6.39 554.0
2457882.74100 18.072 0.024 5.02 525.0
2457882.79825 18.112 0.031 5.96 553.0
2457882.85689 18.141 0.026 4.64 631.0
2457882.91264 18.071 0.025 4.95 584.0
2457883.86082 18.048 0.039 6.74 742.0
2457889.92531 18.115 0.041 5.91 1149.0
2457890.70821 18.098 0.031 6.28 505.0
2457890.77569 18.060 0.033 6.42 576.0
2457890.85087 18.141 0.026 4.96 573.0
2457890.89829 18.146 0.039 6.62 646.0
2457893.65639 18.109 0.029 6.34 444.0
2457893.70220 18.127 0.027 5.88 412.0
2457893.75812 18.125 0.027 5.96 423.0
2457893.81636 18.104 0.022 4.73 403.0
2457893.86360 18.092 0.023 4.88 429.0
2457893.91010 18.131 0.025 4.82 483.0
2457894.59923 18.030 0.034 7.55 520.0
2457894.64017 18.130 0.026 5.63 448.0
2457894.68617 18.118 0.020 4.29 376.0
2457894.75077 18.130 0.018 3.89 355.0
2457894.79878 18.084 0.021 4.72 379.0
2457894.84550 18.114 0.020 4.27 397.0
2457894.89261 18.060 0.025 5.64 443.0
2457894.93808 18.110 0.030 5.60 671.0
2457895.63985 18.104 0.022 4.99 565.0
2457895.78627 18.122 0.022 4.74 395.0
2457897.65023 18.084 0.026 6.19 403.0
2457897.69627 18.100 0.027 5.92 392.0
2457897.74667 18.114 0.023 5.34 476.0
2457900.90913 18.068 0.030 6.73 443.0
2457900.92578 18.095 0.037 7.97 457.0
2457901.61726 18.124 0.029 6.57 423.0
2457901.66459 18.107 0.025 5.79 357.0
2457901.73100 18.104 0.021 5.11 455.0
2457901.80492 18.117 0.022 4.86 378.0
2457902.57609 18.133 0.034 7.30 489.0
2457902.62308 18.060 0.031 7.17 407.0
2457902.67031 18.070 0.022 5.14 363.0
2457902.72625 18.068 0.019 4.46 371.0
2457902.78647 18.050 0.021 4.69 386.0
2457902.83256 18.095 0.029 6.09 435.0
2457903.72713 18.155 0.035 7.83 347.0
2457903.79188 18.092 0.030 7.03 354.0
2457903.84786 18.156 0.033 6.87 435.0
2457903.89412 18.105 0.026 5.67 463.0
2457904.59026 18.107 0.031 6.85 437.0
2457904.63754 18.088 0.023 5.47 370.0
2457904.68152 18.136 0.019 4.24 329.0
2457904.73781 18.118 0.018 4.02 327.0
2457904.79702 18.077 0.018 4.06 313.0
2457904.84450 18.085 0.023 5.24 377.0
2457904.89057 18.123 0.025 5.36 425.0
2457904.93983 18.070 0.031 6.07 604.0
2457905.60347 18.093 0.024 5.55 418.0
2457905.65050 18.067 0.019 4.33 370.0
2457905.70586 18.097 0.017 3.69 332.0
2457905.76368 18.107 0.021 4.65 376.0
2457905.81114 18.133 0.019 3.83 388.0
2457905.85950 18.128 0.023 4.31 469.0
2457905.92268 18.049 0.022 4.56 505.0
2457906.56768 18.042 0.025 5.51 559.0
2457906.61399 18.051 0.020 4.32 421.0
2457906.66186 18.107 0.018 3.89 383.0
2457906.71673 18.105 0.017 3.51 397.0
2457906.77664 18.064 0.019 3.78 426.0
2457906.82395 18.071 0.020 4.15 449.0
2457906.87110 18.088 0.022 4.31 496.0
2457906.91744 18.044 0.026 4.94 658.0
2457907.60420 18.070 0.027 5.39 727.0
2457907.66643 18.138 0.026 4.75 662.0
2457907.71074 18.084 0.021 4.28 494.0
2457907.75048 18.060 0.021 4.06 542.0
2457907.82711 18.056 0.022 4.63 620.0
2457908.58413 18.066 0.032 6.24 656.0
2457908.62985 18.134 0.028 5.18 558.0
2457908.67661 18.073 0.022 4.47 494.0
2457908.73228 18.161 0.020 3.63 484.0
2457908.79080 18.103 0.024 4.58 520.0
2457908.83726 18.103 0.021 4.51 404.0
2457908.88444 18.070 0.025 5.31 492.0
2457908.92370 18.083 0.028 5.49 624.0
2457909.56238 18.100 0.035 5.76 827.0
2457909.60828 18.068 0.026 4.94 607.0
2457909.65762 18.108 0.022 3.94 526.0
2457909.71336 18.093 0.020 3.82 516.0
2457909.76238 18.071 0.023 3.73 743.0
2457909.80944 18.070 0.022 3.98 557.0
2457909.84807 18.101 0.019 3.59 471.0
2457909.89906 18.080 0.024 4.54 582.0
2457909.93087 18.028 0.027 5.27 759.0
2457910.55608 18.153 0.035 5.75 787.0
2457910.61038 18.078 0.026 4.97 588.0
2457910.65721 18.083 0.024 4.79 507.0
2457910.71407 18.102 0.020 4.07 473.0
2457910.77377 18.097 0.022 4.13 537.0
2457910.81981 18.121 0.024 4.40 535.0
2457910.87489 18.072 0.022 4.10 702.0
2457910.92758 18.076 0.026 5.65 693.0
2457911.58293 18.069 0.036 6.35 798.0
2457911.62356 18.026 0.028 5.53 642.0
2457911.67079 18.082 0.028 5.29 611.0
2457911.71572 18.069 0.032 6.06 612.0
2457911.82449 18.069 0.033 5.80 709.0
2457916.55202 18.150 0.040 6.27 936.0
2457916.59887 18.090 0.025 4.24 758.0
2457916.63510 18.081 0.023 3.89 754.0
2457916.67630 18.088 0.025 4.06 855.0
2457916.71872 18.102 0.024 4.05 746.0
2457916.76382 18.057 0.021 3.67 668.0
2457916.80616 18.067 0.023 3.74 828.0
2457917.55978 18.054 0.031 5.88 672.0
2457917.65612 18.136 0.024 4.70 486.0
2457917.70520 18.073 0.023 4.53 504.0
2457917.75592 18.073 0.020 3.97 518.0
2457917.80190 18.110 0.024 4.62 571.0
2457917.84759 18.073 0.030 5.45 695.0
2457917.89400 18.145 0.032 5.22 799.0
2457918.57404 18.094 0.028 6.55 643.0
2457918.65251 18.161 0.035 5.79 759.0
2457922.61741 18.113 0.024 5.50 411.0
2457922.67288 18.087 0.020 4.46 379.0
2457922.73094 18.072 0.024 5.32 389.0
2457923.54094 18.109 0.029 6.15 498.0
2457923.58624 18.088 0.028 5.88 500.0
2457923.63241 18.062 0.021 4.91 410.0
2457923.70728 18.033 0.025 5.79 403.0
2457923.75396 18.076 0.028 6.29 417.0
2457923.80201 18.078 0.027 5.55 454.0
2457923.84733 18.048 0.032 6.83 467.0
2457923.89002 18.066 0.031 6.30 541.0
2457924.55337 18.086 0.024 5.19 448.0
2457924.59922 18.082 0.021 4.47 387.0
2457924.64360 18.128 0.022 4.58 382.0
2457924.70993 18.100 0.020 4.16 389.0
2457924.75701 18.049 0.020 4.21 371.0
2457924.80303 18.085 0.020 3.80 412.0
2457924.84890 18.102 0.022 4.29 487.0
2457925.57751 18.051 0.029 6.82 412.0
2457925.62301 18.020 0.023 6.05 372.0
2457925.66986 18.068 0.018 4.10 321.0
2457925.74340 18.061 0.024 5.73 371.0
2457925.79146 18.026 0.023 5.67 346.0
2457925.84369 18.038 0.024 5.67 429.0
2457926.55944 18.125 0.030 6.68 450.0
2457926.61170 18.059 0.022 5.57 417.0
2457926.67770 18.128 0.024 5.54 352.0
2457926.74129 18.065 0.025 5.94 387.0
2457926.79406 18.105 0.037 7.80 420.0
2457926.84870 18.103 0.033 7.11 444.0
2457928.60623 18.068 0.023 5.15 420.0
2457928.65385 18.056 0.021 5.13 375.0
2457929.80551 18.013 0.029 7.22 569.0
2457932.60679 18.055 0.023 5.46 378.0
2457932.66339 17.985 0.026 6.36 392.0
2457932.71205 17.980 0.027 6.87 367.0
2457932.77144 17.992 0.025 6.40 359.0
2457932.81700 17.986 0.020 5.01 387.0
2457933.59587 18.035 0.025 6.16 360.0
2457933.64261 18.060 0.022 5.46 314.0
2457933.69237 18.036 0.022 5.73 308.0
2457933.75899 17.976 0.024 6.40 315.0
2457933.80286 18.013 0.028 6.86 365.0
2457933.82817 17.979 0.026 6.75 368.0
2457933.84099 17.997 0.027 6.77 395.0
2457934.50074 17.959 0.025 5.93 501.0
2457934.54666 17.995 0.020 4.77 402.0
2457934.59232 18.006 0.019 4.82 360.0
2457934.64764 17.989 0.019 4.74 360.0
2457934.74642 18.006 0.019 4.45 366.0
2457934.79239 17.978 0.021 5.47 372.0
2457934.83839 17.973 0.024 6.16 358.0
2457934.86137 17.982 0.023 5.99 360.0
2457935.53215 17.960 0.020 4.71 440.0
2457935.58856 17.973 0.019 4.33 391.0
2457935.64554 18.037 0.019 4.26 354.0
2457935.69484 17.978 0.018 3.97 364.0
2457935.74188 18.013 0.018 4.39 314.0
2457935.78888 17.985 0.017 4.24 322.0
2457935.85776 17.994 0.018 4.42 372.0
2457936.48723 17.974 0.026 6.02 522.0
2457936.53986 17.968 0.023 5.88 417.0
2457936.58748 17.993 0.020 4.94 357.0
2457936.63541 18.001 0.020 5.22 339.0
2457936.70774 17.946 0.019 5.13 331.0
2457936.76427 17.968 0.022 6.28 317.0
2457936.81201 17.939 0.020 5.46 316.0
2457936.86061 17.894 0.025 6.88 379.0
2457937.48164 17.919 0.028 6.17 637.0
2457937.52858 17.982 0.025 5.62 523.0
2457937.57661 17.989 0.023 5.21 454.0
2457937.62380 17.984 0.017 4.13 374.0
2457937.67201 17.973 0.020 4.61 398.0
2457937.73010 17.985 0.022 5.74 362.0
2457937.78706 17.986 0.026 6.77 348.0
2457937.83395 17.920 0.025 6.71 396.0
2457938.55203 17.926 0.024 5.46 511.0
2457938.60048 17.906 0.024 5.98 463.0
2457938.65290 17.933 0.028 6.87 481.0
2457944.49240 17.897 0.026 5.28 768.0
2457944.53157 17.955 0.025 4.83 745.0
2457944.57181 17.975 0.023 4.52 682.0
2457944.61044 17.998 0.024 4.70 645.0
2457944.65864 17.979 0.023 4.41 610.0
2457944.70806 18.008 0.027 5.30 602.0
2457944.75480 17.953 0.024 4.97 625.0
2457944.79563 17.929 0.026 4.91 756.0
2457944.82651 17.883 0.039 7.56 870.0
2457945.47751 17.883 0.025 6.02 579.0
2457945.51368 18.012 0.027 5.49 691.0
2457945.56009 17.986 0.023 5.15 529.0
2457945.60778 17.980 0.019 4.22 488.0
2457945.65632 17.985 0.020 4.42 445.0
2457945.70408 17.993 0.019 4.71 452.0
2457945.75143 18.018 0.019 4.05 507.0
2457945.79848 17.980 0.023 4.89 592.0
2457945.84370 17.983 0.027 5.31 763.0
2457946.49435 17.950 0.021 5.40 375.0
2457946.55158 17.999 0.022 4.92 490.0
2457946.59960 18.028 0.019 4.14 462.0
2457946.66491 18.016 0.021 4.78 412.0
2457946.71244 17.977 0.023 5.45 425.0
2457946.76031 18.005 0.025 5.99 436.0
2457946.80921 18.021 0.024 5.37 477.0
2457947.51146 17.991 0.022 5.68 353.0
2457947.55029 18.014 0.024 6.20 386.0
2457947.59903 17.987 0.020 5.10 370.0
2457947.64961 18.017 0.024 5.83 375.0
2457947.74363 18.015 0.027 6.39 434.0
2457947.79104 18.037 0.032 7.00 478.0
2457948.46628 17.962 0.036 7.17 765.0
2457948.50431 18.045 0.023 5.56 377.0
2457948.56221 18.023 0.021 5.27 342.0
2457948.61986 18.016 0.022 5.45 381.0
2457948.67145 18.001 0.026 5.67 527.0
2457948.74203 18.040 0.025 5.59 461.0
2457948.78834 18.058 0.022 4.94 498.0
2457948.83303 17.983 0.028 6.37 567.0
2457949.57561 18.035 0.026 5.04 610.0
2457949.63264 18.080 0.027 6.00 448.0
2457949.68692 18.000 0.033 7.15 507.0
2457949.73616 17.897 0.025 5.61 624.0
2457952.68816 18.054 0.023 5.54 346.0
2457952.73987 17.984 0.023 5.98 323.0
2457952.79523 18.056 0.033 7.73 368.0
2457953.47514 18.016 0.028 6.19 492.0
2457953.52128 18.062 0.020 4.49 384.0
2457953.59076 18.065 0.018 4.59 327.0
2457953.64550 18.062 0.021 5.27 308.0
2457953.69592 18.066 0.021 5.36 287.0
2457953.74830 18.037 0.019 4.97 314.0
2457953.79716 18.031 0.022 5.41 382.0
2457954.48648 18.013 0.022 4.97 620.0
2457954.53823 18.033 0.019 4.40 443.0
2457954.60000 18.048 0.017 3.82 309.0
2457954.66796 18.077 0.017 4.11 302.0
2457954.72862 18.094 0.020 4.64 403.0
2457954.78446 18.059 0.021 4.76 448.0
2457955.74044 18.134 0.020 4.81 357.0
2457955.78397 18.081 0.023 6.08 353.0
2457956.48940 18.095 0.024 4.86 477.0
2457956.54620 18.085 0.020 4.41 395.0
2457956.60298 18.043 0.016 3.54 319.0
2457956.66999 18.090 0.019 4.24 318.0
2457956.71706 18.101 0.020 4.49 351.0
2457956.76767 18.067 0.023 5.66 380.0
2457957.54205 18.052 0.027 6.39 400.0
2457957.67664 17.982 0.023 6.19 355.0
2457957.72546 18.040 0.023 5.83 366.0
2457958.57414 18.109 0.032 6.90 438.0
2457958.61641 18.080 0.026 6.19 362.0
2457958.64859 18.094 0.032 7.59 353.0
2457958.69971 18.100 0.025 5.90 345.0
2457958.75169 18.099 0.024 5.69 342.0
2457958.79227 18.043 0.027 6.55 392.0
2457959.49650 18.045 0.020 4.93 372.0
2457959.54435 18.107 0.019 4.37 356.0
2457959.59410 18.052 0.018 4.48 332.0
2457959.64509 18.071 0.018 4.23 312.0
2457959.69415 18.087 0.019 4.72 314.0
2457959.74545 18.091 0.021 5.22 329.0
2457959.78826 18.018 0.030 7.43 393.0
2457960.48446 18.094 0.026 6.01 407.0
2457960.53240 18.070 0.021 4.97 331.0
2457960.59648 18.141 0.019 4.43 340.0
2457960.65247 18.049 0.018 4.73 279.0
2457960.70162 18.044 0.021 5.47 323.0
2457960.75595 18.055 0.023 5.80 330.0
2457960.79143 18.085 0.024 5.99 353.0
2457961.53459 18.145 0.023 5.36 430.0
2457961.59762 18.081 0.022 5.47 404.0
2457961.63387 18.117 0.021 5.07 368.0
2457961.67821 18.080 0.020 5.07 363.0
2457961.74659 18.104 0.029 6.81 472.0
2457962.49747 18.066 0.019 4.49 373.0
2457962.54196 18.057 0.018 4.21 357.0
2457962.65669 18.055 0.019 4.59 440.0
2457963.58953 18.020 0.020 4.67 450.0
2457964.53569 18.066 0.023 5.08 488.0
2457964.57350 18.022 0.020 4.48 424.0
2457964.62472 18.063 0.022 5.17 390.0
2457964.67256 18.079 0.022 4.90 381.0
2457964.75324 18.074 0.027 6.00 459.0
2457965.63914 18.131 0.022 4.37 434.0
2457965.67450 18.092 0.022 4.91 389.0
2457965.70519 18.064 0.022 4.75 578.0
2457966.53649 18.105 0.032 6.66 472.0
2457966.56704 18.065 0.025 5.62 389.0
2457966.61268 18.067 0.026 6.05 361.0
2457966.66050 18.112 0.027 6.26 355.0
2457966.70830 18.064 0.027 6.52 373.0
2457967.65147 18.111 0.034 7.07 441.0
2457967.71865 18.035 0.027 5.95 495.0
2457971.48326 18.033 0.033 5.97 774.0
2457971.52446 18.050 0.029 5.37 719.0
2457971.56360 18.135 0.035 5.35 953.0
2457971.60025 18.046 0.030 5.72 619.0
2457971.63854 18.104 0.027 4.73 631.0
2457971.67625 18.090 0.027 4.70 700.0
2457971.71672 18.083 0.037 6.17 826.0
2457972.48364 18.062 0.044 7.51 734.0
2457972.57332 18.005 0.035 6.62 650.0
2457972.61644 18.123 0.030 5.08 628.0
2457972.66253 18.091 0.034 5.76 664.0
2457972.70649 18.141 0.032 5.13 749.0
2457972.74143 18.118 0.040 6.10 901.0
2457973.53857 18.172 0.037 6.64 627.0
2457973.59051 18.086 0.032 5.99 628.0
2457973.64737 18.056 0.027 5.28 632.0
2457973.70593 18.056 0.037 6.77 746.0
2457974.49538 18.143 0.027 5.29 503.0
2457974.54257 18.102 0.024 5.06 481.0
2457974.59306 18.042 0.023 4.95 473.0
2457974.64254 18.084 0.023 4.51 481.0
2457974.69276 18.117 0.027 5.18 557.0
2457974.73712 18.086 0.029 5.22 668.0
2457975.62393 18.094 0.028 6.04 440.0
2457979.47244 18.017 0.026 4.81 780.0
2457979.53844 18.096 0.020 4.54 373.0
2457979.59096 18.126 0.019 3.92 416.0
2457979.64187 18.091 0.019 4.20 370.0
2457980.48936 18.069 0.031 6.45 474.0
2457980.55968 18.144 0.027 5.37 440.0
2457980.60736 18.093 0.028 5.77 466.0
2457980.65524 18.088 0.035 7.19 485.0
2457981.49007 18.080 0.028 5.55 509.0
2457981.58062 18.100 0.024 4.86 444.0
2457981.62825 18.138 0.021 4.09 411.0
2457981.67518 18.093 0.027 5.33 462.0
2457982.51214 18.077 0.022 4.93 388.0
2457982.56946 18.139 0.024 4.74 360.0
2457982.61785 18.126 0.026 5.55 395.0
2457982.66407 18.113 0.023 5.06 385.0
2457984.52042 18.085 0.026 5.89 382.0
2457984.57082 18.109 0.026 5.69 368.0
2457984.61842 18.045 0.022 5.50 351.0
2457984.66549 18.051 0.023 5.40 355.0
2457985.53305 18.089 0.031 6.61 445.0
2457985.58574 18.144 0.033 6.94 389.0
2457985.63180 18.114 0.034 7.32 390.0
2457986.53220 18.135 0.019 4.14 369.0
2457986.59396 18.095 0.019 4.55 348.0
2457986.64394 18.138 0.021 5.00 329.0
2457987.48948 18.078 0.018 4.01 393.0
2457987.55490 18.115 0.019 3.66 382.0
2457987.60907 18.087 0.020 4.15 420.0
2457987.65893 18.119 0.021 4.64 395.0
2457990.50614 18.135 0.022 4.61 400.0
2457990.57391 18.122 0.026 5.58 402.0
2457990.62209 18.112 0.024 5.35 380.0
2457991.47548 18.117 0.030 5.40 676.0
2457991.52644 18.198 0.026 5.38 401.0
2457991.58460 18.059 0.027 6.37 370.0
2457991.64033 18.082 0.025 5.84 370.0
2457992.49111 18.076 0.022 5.12 416.0
2457992.54093 18.109 0.019 4.18 379.0
2457992.59668 18.083 0.022 4.99 376.0
2457992.64226 18.124 0.023 5.18 399.0
2457993.50866 18.113 0.024 4.96 438.0
2457993.55668 18.117 0.024 5.02 421.0
2457993.60364 18.123 0.025 5.69 359.0
2457993.65022 18.121 0.025 5.50 373.0
2457994.52209 18.093 0.027 5.68 493.0
2457994.56812 18.087 0.025 5.13 503.0
2457994.61755 18.127 0.028 6.19 447.0
2457998.47452 18.140 0.046 4.55 2329.0
2457998.51696 18.094 0.038 4.25 1880.0
2457998.55546 18.148 0.029 4.49 828.0
2457998.59522 18.145 0.033 4.46 1155.0
2457998.63441 18.053 0.034 5.96 789.0
2458000.50277 18.145 0.033 6.19 533.0
2458000.54484 18.090 0.030 6.01 544.0
2458000.58511 18.137 0.033 6.15 597.0
2458000.62794 18.058 0.035 6.32 715.0
2458001.50894 18.107 0.025 4.85 519.0
2458001.55614 18.106 0.022 4.32 539.0
2458001.60264 18.140 0.026 4.94 573.0
2458002.51064 18.159 0.061 7.10 1467.0
2458002.55773 18.060 0.044 5.80 1310.0
2458003.48188 18.078 0.041 7.20 569.0
2458003.58682 18.094 0.034 6.42 567.0
2458004.49271 18.165 0.032 6.34 457.0
2458004.55855 18.053 0.028 6.13 478.0
2458004.60567 18.088 0.027 5.58 517.0
2458005.56933 18.142 0.042 7.72 497.0
2458007.55465 18.026 0.030 6.88 415.0
2458007.60409 18.149 0.028 6.17 414.0
2458008.55639 18.134 0.026 5.66 371.0
2458010.49811 18.162 0.036 6.72 495.0
2458010.56162 18.095 0.025 5.23 440.0
2458011.53214 18.170 0.037 7.39 444.0
2458012.47903 18.114 0.033 4.72 1114.0
2458012.53717 18.075 0.023 4.89 475.0
2458012.58372 18.049 0.021 4.55 505.0
2458013.52539 18.101 0.021 4.45 453.0
2458013.57290 18.112 0.021 4.54 449.0
2458014.51922 18.069 0.022 5.00 416.0
2458014.56508 18.089 0.022 5.03 429.0
2458015.49157 18.175 0.033 6.81 422.0
2458015.54825 18.130 0.030 6.52 416.0
2458016.49371 18.038 0.026 5.73 477.0
2458016.54071 18.090 0.027 6.18 420.0
2458017.49372 18.092 0.026 5.59 456.0
2458017.54985 18.120 0.024 5.35 431.0
2458018.50224 18.134 0.023 4.49 439.0
2458018.56011 18.130 0.023 5.17 410.0
2458019.52499 18.141 0.020 4.18 399.0
2458020.48003 18.115 0.037 5.95 717.0
2458020.54341 18.155 0.025 4.28 435.0
2458021.50107 18.053 0.029 5.92 544.0
2458026.50781 18.128 0.033 4.39 1329.0
2458026.54952 18.068 0.027 4.77 821.0
2458029.48978 18.156 0.035 5.78 702.0
2458029.55823 18.098 0.029 4.77 704.0
2458030.51456 18.085 0.025 4.26 700.0
2458032.54498 18.132 0.036 6.19 691.0
2458036.52004 18.105 0.034 6.91 487.0
2458039.49248 18.071 0.035 6.87 580.0
2458039.54351 18.082 0.038 7.67 515.0
2458040.52765 18.082 0.034 6.45 596.0
2458041.48702 18.089 0.055 7.39 1286.0
