2457060.86591 17.054 0.013 6.02 620.0
2457060.88200 17.059 0.011 4.62 741.0
2457061.86189 17.087 0.012 5.76 644.0
2457061.87793 17.061 0.010 4.31 645.0
2457062.85982 17.075 0.011 4.64 623.0
2457062.87543 17.073 0.010 4.11 605.0
2457064.87242 17.046 0.011 4.95 604.0
2457065.86430 17.102 0.012 5.44 585.0
2457066.85717 17.067 0.019 5.65 1690.0
2457069.84108 17.048 0.011 6.26 444.0
2457069.88033 17.052 0.010 4.32 455.0
2457070.85385 17.079 0.009 4.72 359.0
2457070.89175 17.071 0.010 4.44 503.0
2457071.86619 17.069 0.009 4.64 350.0
2457072.83600 17.078 0.011 5.51 423.0
2457072.87387 17.072 0.009 4.57 376.0
2457074.83942 17.067 0.013 7.12 427.0
2457074.84976 17.065 0.013 7.26 421.0
2457074.88990 17.072 0.011 5.29 466.0
2457075.82801 17.086 0.012 6.83 404.0
2457075.86715 17.067 0.011 6.29 386.0
2457076.82969 17.045 0.009 4.95 402.0
2457076.86775 17.065 0.009 4.28 369.0
2457077.82749 17.060 0.013 7.18 421.0
2457077.86509 17.064 0.011 6.01 374.0
2457078.81664 17.072 0.012 6.26 408.0
2457078.85605 17.061 0.010 5.26 358.0
2457078.89378 17.076 0.009 3.94 387.0
2457079.89307 17.052 0.013 7.03 386.0
2457080.83914 17.070 0.010 5.86 329.0
2457080.88937 17.068 0.009 4.96 311.0
2457081.89033 17.050 0.012 6.79 343.0
2457082.80902 17.037 0.011 6.45 399.0
2457082.85784 17.056 0.009 4.43 316.0
2457082.89732 17.072 0.009 4.35 376.0
2457083.83596 17.065 0.012 6.73 358.0
2457083.87996 17.071 0.010 5.13 326.0
2457084.80132 17.085 0.012 5.62 626.0
2457084.86025 17.060 0.009 4.32 408.0
2457084.90510 17.068 0.009 3.64 519.0
2457085.80046 17.058 0.011 4.68 692.0
2457085.87842 17.060 0.009 3.77 503.0
2457086.80334 17.053 0.012 4.87 732.0
2457086.85514 17.056 0.009 3.82 546.0
2457086.89913 17.053 0.009 3.51 534.0
2457087.80179 17.075 0.012 4.97 718.0
2457087.86665 17.047 0.010 4.48 556.0
2457088.79212 17.080 0.011 4.88 614.0
2457088.83775 17.066 0.010 4.11 511.0
2457088.88231 17.067 0.010 4.14 450.0
2457089.78878 17.031 0.011 4.99 607.0
2457089.84810 17.054 0.010 4.50 492.0
2457089.89183 17.059 0.010 4.13 480.0
2457090.78754 17.062 0.012 5.71 602.0
2457090.84746 17.059 0.009 4.13 485.0
2457090.89161 17.075 0.009 3.72 426.0
2457091.78504 17.051 0.010 4.68 616.0
2457091.84546 17.044 0.010 4.75 540.0
2457091.89010 17.058 0.010 4.68 465.0
2457092.78211 17.067 0.010 4.24 668.0
2457092.83707 17.043 0.009 3.88 518.0
2457092.87596 17.037 0.009 4.00 497.0
2457097.76573 17.059 0.009 4.64 373.0
2457097.82841 17.052 0.008 3.65 333.0
2457097.87237 17.068 0.008 3.52 296.0
2457098.77743 17.069 0.010 4.90 384.0
2457098.82224 17.058 0.009 4.14 336.0
2457098.87609 17.045 0.008 3.62 342.0
2457099.76911 17.063 0.009 4.80 342.0
2457099.81784 17.085 0.010 5.06 315.0
2457099.86579 17.046 0.009 4.74 312.0
2457100.79463 17.048 0.009 4.05 454.0
2457100.84043 17.054 0.008 3.54 388.0
2457100.88545 17.040 0.009 3.91 351.0
2457101.78353 17.053 0.014 7.26 530.0
2457101.86759 17.045 0.011 5.63 454.0
2457102.81525 17.060 0.014 7.47 357.0
2457102.87712 17.066 0.011 5.80 343.0
2457108.80578 17.066 0.011 6.20 380.0
2457108.85274 17.068 0.010 5.41 397.0
2457109.74109 17.058 0.010 5.55 345.0
2457109.80226 17.058 0.009 4.97 312.0
2457109.85679 17.064 0.009 4.78 321.0
2457109.90676 17.039 0.008 3.99 335.0
2457110.76610 17.079 0.008 4.19 333.0
2457110.81123 17.054 0.008 3.36 339.0
2457110.87651 17.055 0.008 3.79 344.0
2457111.74118 17.051 0.010 5.09 417.0
2457111.78702 17.050 0.009 4.32 303.0
2457111.84321 17.075 0.008 3.99 288.0
2457111.89862 17.033 0.008 3.76 294.0
2457112.73531 17.037 0.013 6.33 553.0
2457112.79468 17.083 0.010 4.88 434.0
2457112.85803 17.061 0.009 4.05 380.0
2457112.90563 17.051 0.009 4.09 385.0
2457113.73469 17.055 0.010 4.62 439.0
2457113.78142 17.050 0.008 3.97 370.0
2457113.82553 17.070 0.008 3.94 368.0
2457113.88094 17.040 0.008 3.52 323.0
2457114.73828 17.055 0.013 6.88 527.0
2457114.79201 17.045 0.009 4.16 451.0
2457114.84791 17.066 0.009 3.64 414.0
2457114.89390 17.066 0.008 3.56 346.0
2457115.71693 17.048 0.011 5.21 578.0
2457115.76325 17.043 0.010 5.13 465.0
2457115.80657 17.054 0.010 4.65 422.0
2457115.88829 17.029 0.008 3.67 398.0
2457116.71734 17.059 0.013 5.36 758.0
2457116.76948 17.057 0.011 4.76 603.0
2457116.81365 17.047 0.011 4.49 562.0
2457116.87662 17.076 0.010 3.89 549.0
2457116.92166 17.049 0.011 3.92 892.0
2457117.75162 17.057 0.010 4.15 663.0
2457117.79658 17.041 0.009 3.35 549.0
2457117.84141 17.047 0.009 3.59 538.0
2457117.89831 17.064 0.008 3.02 562.0
2457118.75535 17.049 0.011 3.82 1067.0
2457118.81018 17.066 0.009 3.75 663.0
2457118.86169 17.060 0.009 3.60 600.0
2457118.91004 17.068 0.009 3.58 559.0
2457119.76547 17.045 0.012 5.22 718.0
2457119.77330 17.072 0.011 4.48 624.0
2457119.81688 17.068 0.011 4.68 580.0
2457119.86082 17.066 0.010 4.26 550.0
2457119.91093 17.079 0.010 4.18 552.0
2457120.75842 17.084 0.013 4.51 1085.0
2457120.78181 17.044 0.013 3.85 1311.0
2457120.81437 17.057 0.010 3.88 734.0
2457120.85334 17.052 0.009 3.82 534.0
2457125.71851 17.065 0.010 5.39 383.0
2457125.76574 17.039 0.011 5.42 391.0
2457125.81471 17.067 0.008 3.86 389.0
2457125.87237 17.065 0.008 3.49 410.0
2457125.92054 17.069 0.009 3.85 476.0
2457126.72881 17.049 0.009 5.06 344.0
2457126.78136 17.068 0.009 4.21 374.0
2457126.84616 17.049 0.008 3.44 398.0
2457126.91311 17.063 0.008 3.38 451.0
2457127.73480 17.036 0.008 4.19 392.0
2457129.72051 17.042 0.009 4.96 348.0
2457129.76491 17.044 0.009 4.72 313.0
2457129.81793 17.043 0.008 3.91 316.0
2457129.87786 17.050 0.008 3.80 339.0
2457129.91742 17.065 0.010 5.09 353.0
2457130.70213 17.053 0.010 5.96 297.0
2457130.74580 17.039 0.009 4.49 296.0
2457130.79869 17.047 0.009 4.46 297.0
2457130.85310 17.079 0.009 4.20 310.0
2457130.89905 17.057 0.010 4.95 341.0
2457131.68881 17.047 0.011 5.65 413.0
2457131.73244 17.062 0.009 4.49 368.0
2457131.77593 17.043 0.008 3.63 352.0
2457131.83284 17.053 0.008 3.22 323.0
2457131.88973 17.051 0.008 3.42 343.0
2457132.68094 17.055 0.013 6.77 481.0
2457132.72473 17.070 0.009 4.62 398.0
2457132.76806 17.055 0.009 4.53 367.0
2457132.83843 17.057 0.008 3.61 404.0
2457133.82092 17.064 0.009 4.39 385.0
2457133.86893 17.061 0.010 4.70 378.0
2457133.91331 17.093 0.010 5.09 369.0
2457134.68657 17.059 0.011 5.96 410.0
2457134.72338 17.087 0.010 5.23 361.0
2457134.76781 17.042 0.009 4.60 344.0
2457134.82223 17.060 0.009 4.67 357.0
2457134.87937 17.070 0.009 4.32 356.0
2457134.92381 17.074 0.009 3.80 463.0
2457135.71064 17.048 0.008 3.80 378.0
2457135.75419 17.046 0.008 3.33 339.0
2457135.79858 17.031 0.008 3.40 313.0
2457135.86678 17.044 0.008 3.27 311.0
2457135.91128 17.080 0.008 3.21 334.0
2457136.68766 17.059 0.009 4.46 383.0
2457136.73154 17.071 0.009 4.46 385.0
2457136.77497 17.063 0.009 4.07 360.0
2457136.82847 17.050 0.009 4.58 326.0
2457136.88513 17.051 0.009 4.34 347.0
2457136.92949 17.083 0.013 4.61 792.0
2457137.69673 17.052 0.008 3.73 294.0
2457137.74105 17.056 0.008 3.47 295.0
2457137.78548 17.066 0.007 3.25 291.0
2457137.85165 17.045 0.009 4.44 318.0
2457137.89745 17.059 0.010 4.86 350.0
2457138.65639 17.075 0.014 7.46 456.0
2457138.69651 17.049 0.010 5.22 322.0
2457138.74180 17.050 0.009 4.85 301.0
2457138.78592 17.071 0.008 3.88 328.0
2457138.85254 17.065 0.008 3.21 368.0
2457138.89790 17.068 0.009 3.99 388.0
2457139.66322 17.041 0.012 6.33 453.0
2457139.73662 17.053 0.009 4.69 329.0
2457139.77940 17.070 0.009 4.66 321.0
2457139.84288 17.077 0.009 4.69 328.0
2457139.89045 17.056 0.009 4.44 315.0
2457139.93529 17.043 0.014 4.45 1476.0
2457140.68608 17.032 0.009 4.65 407.0
2457140.72614 17.056 0.010 4.86 439.0
2457140.76947 17.041 0.009 4.06 394.0
2457140.83294 17.044 0.010 5.38 389.0
2457140.87794 17.067 0.010 4.99 414.0
2457140.92216 17.015 0.009 4.44 455.0
2457141.68574 17.043 0.009 3.97 398.0
2457141.72974 17.069 0.008 3.32 370.0
2457141.77411 17.038 0.007 3.10 374.0
2457141.83595 17.087 0.008 3.41 373.0
2457141.88695 17.078 0.008 3.36 454.0
2457141.93142 17.046 0.010 3.70 814.0
2457142.68013 17.049 0.008 3.25 402.0
2457142.72601 17.047 0.008 3.27 378.0
2457142.77073 17.054 0.008 3.45 391.0
2457142.82572 17.070 0.009 3.55 357.0
2457142.88129 17.055 0.009 3.59 350.0
2457142.92525 17.080 0.009 3.55 445.0
2457143.67987 17.042 0.010 4.46 459.0
2457143.72286 17.033 0.010 4.40 408.0
2457143.76698 17.073 0.010 4.54 380.0
2457143.81346 17.069 0.009 4.07 399.0
2457143.86796 17.060 0.009 4.01 479.0
2457143.93189 17.061 0.012 4.57 757.0
2457144.67139 17.041 0.012 4.99 615.0
2457144.71384 17.043 0.012 5.57 558.0
2457144.76868 17.052 0.009 3.88 502.0
2457144.84014 17.053 0.012 5.17 570.0
2457145.68871 17.072 0.012 5.07 663.0
2457145.76467 17.056 0.011 4.43 587.0
2457145.80968 17.069 0.010 3.69 550.0
2457145.85611 17.049 0.011 4.25 616.0
2457145.90180 17.050 0.010 4.04 668.0
2457146.63846 17.048 0.015 5.80 1151.0
2457146.67647 17.090 0.012 4.58 896.0
2457146.71344 17.046 0.010 3.79 810.0
2457146.75047 17.063 0.010 3.88 772.0
2457146.78778 17.058 0.010 3.71 737.0
2457146.82841 17.058 0.010 3.43 801.0
2457146.86722 17.050 0.010 3.58 801.0
2457146.90460 17.067 0.011 4.07 820.0
2457147.64499 17.100 0.018 6.45 1016.0
2457147.68267 17.056 0.013 5.23 840.0
2457147.72061 17.055 0.012 4.89 737.0
2457147.75798 17.048 0.011 4.63 703.0
2457147.79538 17.039 0.012 5.34 691.0
2457147.83529 17.040 0.012 4.39 943.0
2457147.87494 17.054 0.011 4.32 806.0
2457147.91410 17.049 0.012 4.69 877.0
2457148.87690 17.047 0.013 5.53 811.0
2457151.84401 17.079 0.011 5.15 561.0
2457152.78598 17.040 0.009 4.03 490.0
2457152.83288 17.051 0.010 4.55 505.0
2457152.87804 17.080 0.010 3.97 562.0
2457152.92210 17.065 0.012 5.66 584.0
2457153.64116 17.075 0.010 4.74 422.0
2457153.68541 17.050 0.008 3.97 358.0
2457153.72997 17.062 0.008 3.69 379.0
2457153.77363 17.044 0.008 3.08 423.0
2457153.81936 17.057 0.008 3.20 455.0
2457153.86449 17.084 0.008 3.26 503.0
2457153.91002 17.059 0.010 4.46 544.0
2457154.66411 17.059 0.008 3.67 302.0
2457154.71338 17.051 0.008 3.65 348.0
2457154.75720 17.061 0.008 3.37 402.0
2457154.82049 17.070 0.009 4.18 403.0
2457154.87361 17.068 0.009 3.96 390.0
2457154.91697 17.050 0.008 3.44 437.0
2457155.63289 17.061 0.010 4.80 417.0
2457155.68055 17.064 0.009 3.96 362.0
2457155.72497 17.061 0.008 3.75 331.0
2457155.77161 17.061 0.008 3.65 344.0
2457155.83859 17.052 0.009 3.95 407.0
2457155.88187 17.025 0.009 4.00 448.0
2457155.92544 17.050 0.009 3.54 539.0
2457156.63441 17.044 0.008 3.95 338.0
2457156.67526 17.044 0.008 3.94 322.0
2457156.72078 17.070 0.007 3.34 337.0
2457156.79835 17.067 0.008 3.47 345.0
2457157.61434 17.078 0.009 4.34 382.0
2457157.65850 17.058 0.008 3.96 338.0
2457157.70798 17.030 0.008 3.71 306.0
2457157.76790 17.064 0.007 3.54 313.0
2457157.86996 17.070 0.010 5.09 378.0
2457157.91451 17.069 0.009 4.39 411.0
2457158.65003 17.057 0.010 4.77 359.0
2457158.69427 17.081 0.009 4.27 327.0
2457158.73795 17.054 0.009 4.20 329.0
2457158.79315 17.065 0.009 4.77 332.0
2457158.84903 17.072 0.010 5.05 374.0
2457158.89257 17.063 0.011 5.41 463.0
2457158.93674 17.068 0.012 4.85 679.0
2457159.63668 17.072 0.009 4.13 424.0
2457159.68026 17.068 0.009 4.06 346.0
2457159.72405 17.064 0.009 4.35 372.0
2457159.77959 17.056 0.009 4.03 340.0
2457159.83507 17.072 0.009 3.97 349.0
2457159.87890 17.038 0.009 4.94 350.0
2457159.92351 17.064 0.010 4.46 457.0
2457160.64358 17.093 0.010 5.00 401.0
2457160.68846 17.064 0.009 4.42 375.0
2457160.73179 17.044 0.009 3.82 378.0
2457160.79987 17.047 0.009 4.02 363.0
2457160.84312 17.068 0.009 4.16 314.0
2457160.89098 17.068 0.010 4.89 385.0
2457160.93482 17.051 0.011 5.44 577.0
2457161.63871 17.069 0.010 5.49 373.0
2457161.70141 17.070 0.008 3.23 362.0
2457161.75451 17.065 0.008 3.64 351.0
2457161.81096 17.061 0.008 3.75 339.0
2457161.85532 17.054 0.008 3.37 357.0
2457161.90120 17.069 0.009 4.11 457.0
2457162.59980 17.060 0.009 5.19 346.0
2457162.64442 17.076 0.010 5.39 316.0
2457162.68907 17.069 0.009 4.12 332.0
2457162.73257 17.055 0.009 4.51 330.0
2457162.79943 17.065 0.009 4.55 332.0
2457162.84346 17.073 0.009 4.74 343.0
2457162.89038 17.078 0.010 4.96 346.0
2457162.93393 17.055 0.010 4.65 499.0
2457163.63892 17.068 0.012 5.70 450.0
2457163.68355 17.054 0.011 5.10 386.0
2457163.72788 17.034 0.009 4.76 416.0
2457163.79263 17.046 0.009 4.64 411.0
2457163.83706 17.043 0.009 4.66 375.0
2457163.88108 17.092 0.011 5.64 435.0
2457163.92481 17.058 0.012 5.81 547.0
2457164.67940 17.062 0.010 5.08 342.0
2457164.74205 17.050 0.009 5.11 319.0
2457164.78938 17.059 0.008 3.95 309.0
2457164.85220 17.029 0.010 4.86 370.0
2457164.89547 17.079 0.011 5.33 444.0
2457165.90186 17.058 0.011 5.28 1054.0
2457166.63061 17.080 0.011 5.58 430.0
2457166.67391 17.065 0.010 5.18 307.0
2457166.72727 17.067 0.009 4.85 320.0
2457166.78540 17.054 0.009 4.33 356.0
2457166.82972 17.064 0.010 5.01 404.0
2457166.87390 17.095 0.014 6.92 436.0
2457166.91797 17.054 0.011 5.56 461.0
2457168.70352 17.083 0.011 6.39 330.0
2457168.80754 17.073 0.009 4.78 339.0
2457169.61734 17.068 0.009 4.37 375.0
2457169.66171 17.057 0.008 3.78 317.0
2457169.70642 17.053 0.008 3.84 304.0
2457169.77239 17.055 0.008 3.69 287.0
2457169.81702 17.040 0.008 3.87 313.0
2457169.87159 17.061 0.008 4.58 332.0
2457169.91492 17.053 0.010 5.38 397.0
2457170.59038 17.055 0.010 4.96 412.0
2457170.63430 17.053 0.009 4.13 361.0
2457170.67832 17.073 0.009 4.11 344.0
2457170.72271 17.042 0.009 4.85 337.0
2457170.79225 17.083 0.009 5.03 307.0
2457170.83916 17.066 0.009 4.31 363.0
2457170.88224 17.047 0.010 4.96 408.0
2457171.84345 17.055 0.009 4.70 668.0
2457172.57662 17.083 0.014 5.74 681.0
2457172.61997 17.073 0.012 5.12 527.0
2457172.66450 17.059 0.010 4.63 482.0
2457172.70885 17.092 0.010 4.07 458.0
2457172.77490 17.067 0.011 4.53 512.0
2457172.81868 17.079 0.011 4.91 516.0
2457172.86992 17.069 0.011 5.79 407.0
2457172.91379 17.077 0.011 5.28 478.0
2457173.57253 17.056 0.017 6.83 799.0
2457173.62509 17.052 0.012 5.30 642.0
2457173.67079 17.053 0.010 4.24 574.0
2457173.72547 17.064 0.009 3.77 542.0
2457173.79025 17.065 0.010 4.41 598.0
2457173.83707 17.070 0.011 4.41 645.0
2457173.88095 17.066 0.011 4.90 722.0
2457173.92508 17.040 0.011 5.58 600.0
2457174.57893 17.077 0.015 5.70 967.0
2457174.62054 17.023 0.011 4.31 753.0
2457174.66481 17.073 0.010 3.76 672.0
2457174.70861 17.064 0.010 3.84 632.0
2457174.76241 17.043 0.010 3.43 656.0
2457174.80738 17.035 0.011 4.01 748.0
2457174.85091 17.085 0.012 4.28 847.0
2457174.89773 17.067 0.014 4.85 991.0
2457174.94133 17.070 0.013 4.11 1163.0
2457175.60226 17.059 0.013 5.00 994.0
2457175.69329 17.067 0.011 3.66 1003.0
2457175.75233 17.054 0.011 4.04 995.0
2457175.84608 17.032 0.010 3.90 821.0
2457175.88765 17.035 0.014 5.03 1107.0
2457175.92729 17.020 0.012 4.45 1038.0
2457178.66848 17.082 0.011 3.93 814.0
2457178.83994 17.070 0.011 4.22 675.0
2457179.56066 17.060 0.012 5.04 603.0
2457179.60465 17.041 0.013 5.90 546.0
2457179.64771 17.090 0.013 5.86 510.0
2457179.69149 17.041 0.010 4.51 470.0
2457179.73902 17.058 0.010 4.62 451.0
2457179.78363 17.042 0.010 4.69 492.0
2457179.83235 17.064 0.012 5.50 530.0
2457179.87625 17.021 0.011 5.31 584.0
2457179.92076 17.072 0.013 5.33 724.0
2457180.57144 17.065 0.011 5.28 388.0
2457180.61435 17.036 0.011 5.37 452.0
2457180.65732 17.064 0.011 5.41 386.0
2457180.70138 17.047 0.009 4.30 365.0
2457180.74890 17.065 0.010 5.07 365.0
2457180.80010 17.051 0.010 4.15 393.0
2457180.84704 17.060 0.010 4.59 443.0
2457180.89219 17.033 0.010 4.64 544.0
2457181.58108 17.092 0.009 4.80 285.0
2457181.62422 17.058 0.008 4.13 286.0
2457181.69294 17.057 0.009 4.45 338.0
2457181.74020 17.074 0.010 5.34 345.0
2457181.78564 17.059 0.010 5.04 336.0
2457181.83023 17.043 0.010 4.61 395.0
2457181.87777 17.079 0.011 5.43 440.0
2457181.92210 17.060 0.014 6.80 504.0
2457182.56954 17.078 0.010 5.54 288.0
2457182.61285 17.059 0.010 5.75 238.0
2457182.65639 17.051 0.008 4.50 242.0
2457182.72004 17.065 0.010 5.47 304.0
2457182.77614 17.069 0.009 4.69 281.0
2457182.81961 17.050 0.009 4.72 305.0
2457182.86658 17.059 0.009 4.26 378.0
2457182.91160 17.053 0.011 5.40 450.0
2457183.54637 17.084 0.011 6.54 316.0
2457183.59529 17.070 0.009 4.88 271.0
2457183.63899 17.058 0.009 4.92 262.0
2457183.69220 17.055 0.010 5.82 254.0
2457183.75060 17.060 0.010 5.62 287.0
2457183.79388 17.042 0.009 5.08 297.0
2457183.84146 17.092 0.010 5.16 318.0
2457183.88629 17.064 0.011 5.65 365.0
2457184.60236 17.052 0.011 5.43 354.0
2457184.64552 17.063 0.012 6.46 355.0
2457184.68940 17.052 0.010 5.75 287.0
2457184.75635 17.076 0.010 5.34 296.0
2457184.80018 17.068 0.011 6.14 293.0
2457184.84707 17.071 0.010 5.21 328.0
2457184.89148 17.080 0.011 5.47 401.0
2457185.58121 17.093 0.010 5.05 319.0
2457185.62411 17.062 0.010 5.22 336.0
2457185.67694 17.073 0.012 6.55 351.0
2457185.73421 17.089 0.010 4.87 330.0
2457185.77836 17.061 0.009 4.91 333.0
2457185.82132 17.050 0.011 5.78 351.0
2457185.86674 17.049 0.012 6.33 431.0
2457186.58561 17.070 0.011 5.79 344.0
2457186.62931 17.029 0.013 7.22 381.0
2457186.69743 17.048 0.012 6.45 373.0
2457186.82789 17.052 0.011 5.23 418.0
2457186.87139 17.089 0.012 5.63 463.0
2457186.91448 17.077 0.016 7.56 559.0
2457187.57948 17.059 0.010 5.36 362.0
2457187.62351 17.066 0.010 5.57 292.0
2457187.68617 17.038 0.008 4.05 274.0
2457187.73316 17.060 0.009 4.28 317.0
2457187.77782 17.081 0.010 5.08 352.0
2457187.82689 17.062 0.009 5.13 360.0
2457187.86997 17.061 0.010 5.06 417.0
2457188.57876 17.066 0.010 5.05 369.0
2457188.62217 17.058 0.010 4.69 361.0
2457188.66517 17.091 0.011 5.61 344.0
2457188.73619 17.083 0.010 4.79 386.0
2457188.78069 17.071 0.012 6.31 362.0
2457188.82669 17.075 0.012 6.08 438.0
2457189.55254 17.101 0.011 5.58 415.0
2457189.59791 17.053 0.009 4.67 355.0
2457189.66251 17.081 0.009 4.31 338.0
2457189.71039 17.059 0.009 4.58 386.0
2457189.75589 17.055 0.009 4.66 407.0
2457189.80506 17.062 0.009 4.27 456.0
2457189.84856 17.089 0.010 4.88 498.0
2457189.89216 17.052 0.012 5.96 619.0
2457190.53120 17.053 0.012 6.65 498.0
2457190.60919 17.069 0.010 4.95 394.0
2457190.65508 17.073 0.009 3.90 396.0
2457190.72470 17.047 0.010 4.57 387.0
2457190.77118 17.046 0.010 4.57 468.0
2457190.82243 17.037 0.010 4.02 633.0
2457190.86742 17.048 0.010 3.85 647.0
2457191.60656 17.099 0.011 5.24 395.0
2457191.65054 17.073 0.009 4.53 374.0
2457191.79041 17.068 0.011 6.27 353.0
2457191.83592 17.058 0.012 6.34 383.0
2457192.82425 17.084 0.008 3.89 347.0
2457192.85389 17.059 0.010 5.08 410.0
2457193.58000 17.085 0.008 3.72 322.0
2457193.61427 17.045 0.008 3.96 278.0
2457193.66003 17.071 0.007 3.28 267.0
2457193.70084 17.081 0.007 3.49 288.0
2457193.74743 17.067 0.008 3.57 303.0
2457193.80081 17.073 0.007 3.43 365.0
2457193.85069 17.071 0.009 4.14 412.0
2457194.53504 17.074 0.009 4.49 310.0
2457194.58340 17.076 0.009 4.93 277.0
2457194.62792 17.082 0.009 4.45 283.0
2457194.69767 17.068 0.008 3.79 352.0
2457194.74478 17.077 0.009 4.11 408.0
2457194.78921 17.086 0.010 5.70 418.0
2457195.56035 17.044 0.007 3.74 595.0
2457195.59238 17.061 0.007 4.40 631.0
2457196.84907 17.053 0.013 6.78 404.0
2457196.86394 17.048 0.011 5.71 424.0
2457197.52621 17.090 0.012 6.21 523.0
2457197.56900 17.095 0.010 5.01 340.0
2457197.61564 17.061 0.009 4.57 273.0
2457197.66051 17.063 0.008 4.34 268.0
2457197.71638 17.092 0.009 4.86 257.0
2457197.76986 17.060 0.010 5.50 287.0
2457197.81431 17.091 0.011 5.82 344.0
2457197.86236 17.083 0.016 7.68 514.0
2457198.53720 17.071 0.011 5.55 432.0
2457198.58000 17.076 0.010 5.11 374.0
2457198.62529 17.075 0.009 4.68 296.0
2457198.68012 17.056 0.009 4.60 313.0
2457198.73725 17.082 0.009 4.47 343.0
2457198.78052 17.074 0.010 5.26 334.0
2457198.82628 17.045 0.018 6.76 1030.0
2457199.52799 17.047 0.010 5.35 453.0
2457199.57110 17.066 0.009 4.60 386.0
2457199.61451 17.054 0.009 4.27 343.0
2457199.65903 17.070 0.008 3.84 297.0
2457199.72467 17.077 0.009 4.17 332.0
2457199.76825 17.055 0.008 4.19 312.0
2457199.81129 17.094 0.009 3.90 369.0
2457199.85686 17.043 0.010 4.72 437.0
2457200.49458 17.081 0.012 5.35 721.0
2457200.54062 17.053 0.009 3.84 495.0
2457200.57107 17.052 0.009 3.61 788.0
2457200.59607 17.064 0.008 3.58 446.0
2457200.64044 17.059 0.008 3.47 337.0
2457200.68808 17.070 0.008 3.40 375.0
2457200.73313 17.066 0.009 4.00 424.0
2457200.78036 17.060 0.010 4.58 488.0
2457200.82673 17.042 0.010 4.97 450.0
2457200.88035 17.073 0.009 4.26 846.0
2457202.58430 17.085 0.012 5.25 657.0
2457202.61109 17.043 0.013 5.71 615.0
2457202.69096 17.101 0.013 5.26 715.0
2457202.74139 17.077 0.014 5.23 826.0
2457202.78738 17.056 0.015 5.68 928.0
2457202.84886 17.045 0.015 5.13 1117.0
2457206.55807 17.049 0.014 5.30 987.0
2457206.60254 17.040 0.013 5.44 863.0
2457206.64897 17.051 0.013 4.95 842.0
2457206.70409 17.073 0.013 5.09 821.0
2457206.74708 17.052 0.012 4.47 879.0
2457206.79220 17.063 0.012 4.49 1004.0
2457206.83500 17.062 0.016 5.33 1272.0
2457207.52598 17.045 0.011 4.77 789.0
2457207.57053 17.071 0.011 4.38 585.0
2457207.61390 17.045 0.010 4.02 587.0
2457207.66005 17.060 0.010 4.31 529.0
2457207.70595 17.056 0.011 4.56 568.0
2457207.74981 17.004 0.014 7.12 640.0
2457207.79731 17.068 0.015 7.38 750.0
2457207.81776 17.013 0.012 4.95 817.0
2457207.86399 17.040 0.016 5.81 1191.0
2457208.49028 17.055 0.010 5.67 608.0
2457209.62022 17.082 0.011 5.30 472.0
2457209.65229 17.068 0.011 5.72 408.0
2457209.69580 17.064 0.010 4.47 462.0
2457209.73942 17.061 0.011 4.85 468.0
2457209.78327 17.059 0.011 4.34 574.0
2457209.82543 17.051 0.013 5.37 1164.0
2457210.81510 16.998 0.016 7.07 742.0
2457210.83724 17.058 0.015 6.98 646.0
2457211.47470 17.068 0.013 6.06 675.0
2457211.51753 17.094 0.012 5.57 494.0
2457211.56039 17.065 0.009 4.49 385.0
2457211.60311 17.087 0.009 4.10 308.0
2457211.66104 17.052 0.008 4.67 260.0
2457211.71451 17.086 0.009 4.40 340.0
2457211.75773 17.055 0.010 5.12 402.0
2457211.80149 17.042 0.011 6.18 497.0
2457212.57381 17.047 0.008 4.81 330.0
2457214.51397 17.080 0.012 6.12 407.0
2457214.56560 17.066 0.009 5.48 338.0
2457214.61303 17.063 0.008 5.12 388.0
2457214.66717 17.081 0.009 5.73 446.0
2457214.72896 17.084 0.011 6.01 356.0
2457217.56678 17.072 0.011 5.39 348.0
2457217.61981 17.059 0.011 5.73 342.0
2457217.74880 17.040 0.011 6.62 302.0
2457217.79031 17.038 0.012 6.66 359.0
2457219.49481 17.071 0.012 6.54 728.0
2457219.55734 17.056 0.014 6.82 485.0
2457219.60676 17.074 0.009 4.39 313.0
2457219.67267 17.056 0.009 4.74 305.0
2457219.71672 17.095 0.010 5.07 320.0
2457220.47016 17.090 0.014 6.26 668.0
2457220.48337 17.080 0.011 5.95 468.0
2457220.52632 17.077 0.010 5.23 387.0
2457220.56923 17.058 0.009 4.96 285.0
2457220.62508 17.074 0.008 3.79 273.0
2457220.68050 17.083 0.008 3.46 291.0
2457220.72459 17.063 0.008 3.53 331.0
2457220.76859 17.066 0.009 4.35 353.0
2457221.48586 17.077 0.011 5.53 428.0
2457221.52993 17.088 0.011 6.01 357.0
2457221.57309 17.049 0.009 5.10 335.0
2457221.62851 17.074 0.009 5.01 258.0
2457221.68279 17.084 0.010 5.16 296.0
2457221.72646 17.072 0.009 4.05 305.0
2457221.77001 17.088 0.009 4.05 324.0
2457222.48834 17.102 0.011 6.10 409.0
2457222.54113 17.077 0.009 5.16 397.0
2457222.59108 17.079 0.009 4.40 305.0
2457222.64562 17.059 0.009 5.02 329.0
2457222.66210 17.075 0.010 5.45 400.0
2457222.72120 17.059 0.011 5.55 466.0
2457222.77569 17.047 0.010 5.10 576.0
2457223.49979 17.034 0.012 6.43 435.0
2457223.54556 17.066 0.011 5.84 371.0
2457223.58912 17.069 0.010 5.42 333.0
2457223.65393 17.073 0.010 5.50 290.0
2457223.69756 17.043 0.010 5.78 308.0
2457223.74064 17.060 0.012 6.57 349.0
2457224.46574 17.075 0.011 4.64 778.0
2457224.50983 17.075 0.010 4.91 376.0
2457224.55661 17.060 0.009 5.07 323.0
2457224.62787 17.097 0.011 6.87 258.0
2457224.67702 17.043 0.010 6.06 286.0
2457224.73006 17.065 0.012 6.55 344.0
2457224.77293 17.055 0.011 6.06 375.0
2457225.48165 17.065 0.010 5.33 689.0
2457225.52542 17.072 0.009 4.20 384.0
2457225.56883 17.062 0.009 4.64 385.0
2457226.46961 17.047 0.014 6.67 632.0
2457226.51359 17.072 0.010 5.53 342.0
2457226.55739 17.094 0.010 4.94 336.0
2457226.61589 17.084 0.009 4.52 336.0
2457226.66933 17.069 0.008 4.02 289.0
2457226.71302 17.063 0.009 4.54 297.0
2457226.75590 17.075 0.011 5.75 361.0
2457226.79388 17.059 0.011 5.76 394.0
2457227.49656 17.041 0.013 5.81 745.0
2457227.53986 17.061 0.008 4.21 315.0
2457227.59278 17.067 0.008 3.75 307.0
2457227.63923 17.094 0.009 4.81 272.0
2457227.69492 17.061 0.008 4.01 290.0
2457227.73769 17.072 0.010 5.23 307.0
2457227.78190 17.073 0.012 6.71 353.0
2457228.48364 17.090 0.011 5.55 445.0
2457228.52812 17.037 0.011 5.44 472.0
2457228.57185 17.080 0.009 4.60 374.0
2457228.63854 17.088 0.009 4.10 444.0
2457228.68859 17.057 0.012 5.16 893.0
2457228.73472 17.083 0.010 5.52 366.0
2457229.49758 17.072 0.009 3.93 495.0
2457229.54077 17.054 0.009 3.80 576.0
2457229.58417 17.076 0.008 3.57 376.0
2457229.62951 17.058 0.009 3.84 498.0
2457229.67658 17.075 0.009 3.63 603.0
2457229.71997 17.079 0.010 3.84 580.0
2457229.76313 17.073 0.010 3.86 795.0
2457233.49590 17.039 0.014 5.17 985.0
2457233.67787 17.062 0.013 4.37 973.0
2457234.64149 17.085 0.019 6.97 973.0
2457235.51583 17.032 0.016 7.09 677.0
2457235.64784 17.071 0.012 5.51 621.0
2457235.69699 17.061 0.012 5.40 700.0
2457235.74637 17.060 0.013 4.98 893.0
2457236.47585 17.065 0.012 5.99 378.0
2457236.52381 17.053 0.012 5.78 424.0
2457236.57159 17.054 0.011 5.19 505.0
2457236.61030 17.092 0.011 4.89 453.0
2457248.47890 17.044 0.012 6.53 359.0
2457249.47299 17.032 0.015 7.70 454.0
2457249.52978 17.052 0.011 6.46 340.0
2457249.58406 17.052 0.009 5.47 279.0
2457249.62248 17.073 0.010 6.10 257.0
2457249.66060 17.080 0.010 6.19 281.0
2457249.69955 17.046 0.013 7.45 307.0
2457250.55581 17.077 0.009 4.86 447.0
2457250.61545 17.082 0.009 5.04 470.0
2457250.67795 17.080 0.009 5.50 471.0
2457252.53339 17.050 0.011 5.68 382.0
2457252.60107 17.089 0.010 5.57 332.0
2457252.66983 17.066 0.010 5.49 347.0
2457253.50287 17.078 0.011 6.13 345.0
2457253.57102 17.056 0.009 4.42 283.0
2457253.61684 17.074 0.009 4.70 309.0
2457253.66566 17.060 0.010 4.72 356.0
2457255.48971 17.050 0.009 4.56 397.0
2457255.55436 17.084 0.011 5.24 452.0
2457255.60440 17.089 0.011 5.70 350.0
2457255.64808 17.071 0.010 5.40 314.0
2457256.50873 17.067 0.010 4.52 458.0
2457256.57758 17.081 0.015 5.63 858.0
2457256.62167 17.052 0.011 5.46 428.0
2457256.66563 17.078 0.013 6.43 461.0
2457257.57180 17.083 0.012 4.78 957.0
2457257.64118 17.074 0.010 4.83 500.0
2457257.68238 17.069 0.010 4.35 516.0
2457261.51116 17.023 0.017 7.22 769.0
2457261.55724 17.039 0.014 6.27 710.0
2457261.59465 17.090 0.015 6.26 768.0
2457261.64736 17.095 0.014 5.69 843.0
2457263.48126 17.048 0.010 4.21 658.0
2457263.52918 17.061 0.010 4.07 616.0
2457263.57420 17.057 0.010 3.97 624.0
2457263.61840 17.075 0.011 4.60 601.0
2457263.66317 17.081 0.011 4.44 683.0
2457264.47896 17.043 0.012 5.39 683.0
2457264.53602 17.100 0.011 4.84 554.0
2457264.58089 17.082 0.011 4.53 566.0
2457264.68716 17.077 0.012 5.05 778.0
2457265.51301 17.077 0.009 3.89 428.0
2457265.55913 17.082 0.010 4.37 420.0
2457265.60420 17.077 0.010 4.30 446.0
2457265.67608 17.054 0.011 4.90 550.0
2457266.48254 17.085 0.015 7.57 407.0
2457267.47720 17.063 0.013 5.94 529.0
2457267.53483 17.092 0.010 5.22 339.0
2457267.59129 17.063 0.010 4.96 348.0
2457267.63662 17.082 0.010 4.74 381.0
2457268.47834 17.049 0.010 4.73 429.0
2457268.53364 17.082 0.008 3.74 307.0
2457268.60639 17.078 0.008 3.84 305.0
2457268.64999 17.079 0.009 4.24 396.0
2457269.50212 17.085 0.010 4.91 330.0
2457269.55658 17.089 0.009 4.50 322.0
2457269.62482 17.079 0.009 4.49 342.0
2457269.66366 17.089 0.011 5.46 366.0
2457270.47783 17.097 0.010 4.83 459.0
2457270.52420 17.077 0.009 4.43 335.0
2457270.57798 17.080 0.009 4.73 309.0
2457270.61767 17.069 0.010 5.56 306.0
2457270.67883 17.069 0.010 6.08 347.0
2457271.51536 17.048 0.014 7.42 370.0
2457271.56330 17.073 0.010 5.65 305.0
2457271.63011 17.100 0.010 5.36 319.0
2457272.51560 17.060 0.012 6.58 352.0
2457272.55928 17.080 0.012 6.05 417.0
2457273.53412 17.066 0.013 6.94 357.0
2457273.57991 17.110 0.013 6.56 388.0
2457273.63482 17.073 0.011 5.20 386.0
2457275.53688 17.054 0.017 6.76 891.0
2457275.59126 17.065 0.014 5.63 864.0
2457275.63570 17.063 0.016 5.99 920.0
2457277.49696 17.078 0.013 7.14 311.0
2457277.54121 17.093 0.011 6.29 299.0
2457277.60673 17.069 0.011 6.13 316.0
2457277.65225 17.059 0.012 6.70 359.0
2457278.48009 17.051 0.016 7.86 560.0
2457278.52440 17.039 0.013 7.05 391.0
2457278.59614 17.070 0.011 5.34 359.0
2457278.63907 17.074 0.012 6.97 315.0
2457281.48859 17.068 0.014 7.50 362.0
2457281.53728 17.066 0.013 6.86 338.0
2457283.57308 17.072 0.014 7.37 389.0
2457284.48001 17.066 0.011 6.26 482.0
2457284.54660 17.046 0.010 5.11 422.0
2457284.60687 17.058 0.010 5.31 649.0
2457291.54283 17.089 0.017 7.38 650.0
2457292.50194 17.058 0.016 7.13 660.0
2457292.57375 17.065 0.016 6.47 812.0
2457293.48227 17.099 0.019 6.00 1367.0
2457293.53122 17.096 0.012 4.90 683.0
2457294.54247 17.085 0.015 7.42 568.0
2457295.50273 17.045 0.013 6.88 382.0
2457295.57601 17.079 0.011 4.70 583.0
2457299.49221 17.108 0.012 6.29 471.0
2457299.54144 17.086 0.011 5.64 453.0
2457300.52117 17.069 0.012 6.76 487.0
2457307.52931 17.052 0.014 7.23 446.0
2457311.48498 17.079 0.017 4.58 2118.0
2457311.53142 17.068 0.010 5.00 444.0
2457312.50674 17.061 0.013 5.29 761.0
2457317.50750 17.069 0.014 6.31 658.0
2457318.50662 17.066 0.012 4.61 703.0
2457320.50682 17.080 0.018 7.54 776.0
2457412.87395 17.035 0.021 7.33 1429.0
2457415.86471 17.077 0.016 7.75 605.0
2457416.86347 17.092 0.018 7.66 872.0
2457424.85432 17.064 0.009 5.00 404.0
2457425.84936 17.053 0.012 6.54 522.0
2457427.84322 17.068 0.012 6.18 454.0
2457427.88662 17.032 0.015 5.89 1035.0
2457428.83894 17.083 0.009 5.20 405.0
2457428.87905 17.048 0.009 4.79 466.0
2457430.85970 17.024 0.009 5.35 637.0
2457432.83736 17.046 0.010 5.52 386.0
2457433.83589 17.038 0.009 5.23 385.0
2457434.89144 17.068 0.012 4.31 1090.0
2457435.83852 17.022 0.014 7.67 560.0
2457436.83211 17.076 0.011 5.99 362.0
2457437.83096 17.043 0.009 4.94 342.0
2457437.87111 17.064 0.008 4.58 283.0
2457438.82563 17.043 0.011 5.19 585.0
2457438.86444 17.040 0.009 4.98 361.0
2457439.82367 17.062 0.014 6.22 659.0
2457439.86473 17.040 0.011 5.08 506.0
2457440.82089 17.047 0.011 4.65 787.0
2457440.86314 17.049 0.010 4.05 621.0
2457441.82028 17.076 0.014 5.89 756.0
2457441.86516 17.062 0.010 4.00 600.0
2457442.81269 17.044 0.014 6.53 712.0
2457442.85776 17.059 0.011 4.79 598.0
2457443.81240 17.074 0.014 6.36 669.0
2457443.89902 17.034 0.011 4.96 645.0
2457444.81112 17.079 0.013 6.23 575.0
2457445.80989 17.053 0.013 6.33 573.0
2457445.84721 17.071 0.010 4.84 475.0
2457445.88690 17.104 0.010 4.53 410.0
2457446.83158 17.063 0.009 4.22 458.0
2457446.87151 17.030 0.008 3.42 413.0
2457447.80651 17.045 0.010 4.49 556.0
2457447.84335 17.082 0.009 4.52 419.0
2457447.88113 17.068 0.009 4.30 409.0
2457448.82112 17.043 0.010 4.90 589.0
2457448.86369 17.061 0.010 4.21 614.0
2457448.90894 17.053 0.011 3.75 1089.0
2457451.81104 17.025 0.010 4.44 724.0
2457451.86952 17.060 0.012 5.18 626.0
2457452.79642 17.079 0.009 4.40 412.0
2457452.84159 17.067 0.008 3.62 347.0
2457452.88838 17.074 0.008 3.64 301.0
2457453.80896 17.090 0.008 4.21 355.0
2457453.86304 17.040 0.007 3.81 318.0
2457453.90698 17.073 0.012 3.38 1480.0
2457454.88867 17.063 0.009 5.10 307.0
2457455.81700 17.052 0.009 5.41 307.0
2457455.86196 17.065 0.010 5.46 302.0
2457456.79046 17.087 0.012 6.35 434.0
2457456.83702 17.055 0.010 5.23 368.0
2457456.89163 17.050 0.009 4.68 347.0
2457457.79873 17.028 0.009 4.42 448.0
2457457.84811 17.074 0.010 4.73 449.0
2457457.90285 17.055 0.010 4.89 481.0
2457458.81242 17.075 0.010 5.47 358.0
2457458.86706 17.083 0.010 5.26 292.0
2457460.78062 17.098 0.010 5.65 375.0
2457460.82645 17.075 0.009 4.61 379.0
2457460.88219 17.089 0.008 3.85 335.0
2457461.78394 17.066 0.008 4.10 368.0
2457461.82849 17.048 0.008 3.47 311.0
2457461.89229 17.056 0.008 3.46 297.0
2457462.78165 17.075 0.010 5.10 434.0
2457462.83019 17.064 0.008 3.80 342.0
2457462.88964 17.070 0.008 3.37 304.0
2457463.82760 17.059 0.008 4.17 328.0
2457463.88945 17.085 0.008 3.82 326.0
2457464.84129 17.065 0.008 4.10 390.0
2457465.78450 17.048 0.009 5.05 381.0
2457465.82923 17.050 0.009 4.17 404.0
2457465.88331 17.067 0.009 4.17 381.0
2457466.85513 17.078 0.008 4.20 413.0
2457466.90493 17.060 0.008 3.77 378.0
2457467.82924 17.077 0.010 5.63 354.0
2457467.87475 17.080 0.008 4.01 289.0
2457470.75394 17.069 0.015 7.08 646.0
2457470.80085 17.067 0.010 4.39 553.0
2457470.84545 17.071 0.011 5.41 507.0
2457470.89969 17.077 0.009 3.86 473.0
2457471.76705 17.075 0.012 5.42 654.0
2457471.81106 17.055 0.011 4.85 583.0
2457471.86798 17.047 0.010 4.49 516.0
2457471.91196 17.058 0.010 4.45 557.0
2457472.77672 17.054 0.011 4.94 550.0
2457472.82143 17.067 0.010 4.40 499.0
2457472.87655 17.085 0.010 4.43 464.0
2457473.74938 17.062 0.013 6.01 694.0
2457473.85902 17.082 0.011 5.06 596.0
2457474.76834 17.069 0.012 5.60 596.0
2457474.80758 17.053 0.010 4.63 538.0
2457474.84555 17.068 0.010 4.47 513.0
2457474.88386 17.079 0.011 4.84 508.0
2457475.74158 17.054 0.016 6.36 933.0
2457475.86557 17.038 0.019 5.99 1510.0
2457475.90788 17.060 0.010 4.79 544.0
2457480.85772 17.054 0.013 6.84 375.0
2457484.75637 17.049 0.010 5.77 310.0
2457484.85990 17.076 0.009 5.30 311.0
2457485.77481 17.066 0.010 5.88 274.0
2457485.88040 17.094 0.009 4.77 284.0
2457486.78125 17.053 0.010 5.29 337.0
2457486.89096 17.067 0.011 5.92 352.0
2457487.77492 17.077 0.010 5.18 356.0
2457487.89499 17.067 0.009 4.87 381.0
2457488.77579 17.080 0.009 4.94 286.0
2457488.90019 17.061 0.008 3.89 420.0
2457489.80548 17.094 0.009 4.99 393.0
2457489.92299 17.078 0.010 5.05 378.0
2457491.78776 17.057 0.009 5.31 313.0
2457491.90872 17.083 0.008 3.62 289.0
2457492.77618 17.079 0.009 4.50 310.0
2457492.89677 17.089 0.008 3.65 353.0
2457493.76379 17.072 0.008 4.49 277.0
2457493.88428 17.080 0.008 4.24 260.0
2457494.74539 17.097 0.009 4.67 298.0
2457494.86980 17.074 0.008 3.86 330.0
2457495.71649 17.067 0.010 5.05 394.0
2457495.83392 17.059 0.010 5.38 320.0
2457497.85825 17.083 0.009 4.48 406.0
2457498.71814 17.043 0.011 5.16 521.0
2457498.85527 17.077 0.011 5.22 473.0
2457499.70885 17.066 0.011 4.89 594.0
2457499.80897 17.049 0.010 4.80 485.0
2457499.91024 17.077 0.010 4.81 504.0
2457500.75000 17.079 0.012 5.13 590.0
2457500.85017 17.061 0.011 5.07 575.0
2457507.75930 17.061 0.010 4.84 391.0
2457507.86486 17.069 0.008 3.59 454.0
2457508.68477 17.062 0.008 3.72 315.0
2457508.69888 17.075 0.008 3.58 320.0
2457508.80774 17.097 0.008 3.26 329.0
2457508.91051 17.069 0.009 4.27 401.0
2457509.80243 17.059 0.009 4.44 342.0
2457509.90469 17.067 0.011 5.66 414.0
2457509.91888 17.060 0.010 4.65 434.0
2457511.75561 17.066 0.008 3.74 308.0
2457511.87714 17.081 0.009 4.17 394.0
2457512.83596 17.055 0.008 4.50 301.0
2457519.81493 17.070 0.010 5.52 446.0
2457522.88263 17.079 0.014 6.78 497.0
2457523.88091 17.099 0.010 4.97 374.0
2457526.65110 17.081 0.011 5.19 553.0
2457526.77496 17.078 0.010 4.07 728.0
2457526.89522 17.041 0.012 5.78 520.0
2457528.88672 17.041 0.013 5.16 775.0
2457529.78676 17.063 0.018 7.77 722.0
2457530.74494 17.100 0.012 4.22 901.0
2457534.72774 17.076 0.010 5.12 440.0
2457534.84158 17.072 0.010 4.50 507.0
2457536.61251 17.080 0.012 6.66 374.0
2457536.73794 17.080 0.009 4.39 355.0
2457536.83809 17.071 0.010 4.32 392.0
2457545.75020 17.089 0.010 5.16 329.0
2457545.88252 17.077 0.010 4.96 401.0
2457546.67139 17.065 0.010 6.16 240.0
2457546.80601 17.070 0.010 5.25 312.0
2457546.90455 17.103 0.013 6.00 567.0
2457547.54911 17.052 0.012 6.93 354.0
2457547.65793 17.078 0.009 4.67 244.0
2457547.79961 17.077 0.009 5.25 255.0
2457547.89809 17.026 0.013 7.30 377.0
2457548.79457 17.079 0.008 4.93 323.0
2457549.67268 17.089 0.008 4.50 238.0
2457549.81065 17.071 0.009 4.97 279.0
2457549.90871 17.064 0.011 5.75 406.0
2457550.66356 17.069 0.012 7.51 279.0
2457550.80318 17.078 0.009 4.48 396.0
2457550.90215 17.045 0.012 5.56 600.0
2457554.56473 17.113 0.015 6.47 1514.0
2457554.73745 17.076 0.011 5.88 426.0
2457555.59967 17.092 0.011 5.06 452.0
2457555.70705 17.086 0.009 4.29 445.0
2457555.80967 17.070 0.009 4.46 395.0
2457557.64811 17.095 0.010 4.13 590.0
2457557.70089 17.093 0.011 4.35 757.0
2457557.77174 17.067 0.011 4.63 700.0
2457561.51960 17.102 0.015 6.20 874.0
2457561.65560 17.097 0.013 4.00 1355.0
2457561.77283 17.062 0.011 4.52 671.0
2457562.53312 17.098 0.015 6.29 945.0
2457562.64932 17.062 0.011 4.79 827.0
2457566.61453 17.061 0.013 7.67 350.0
2457566.72697 17.075 0.009 5.21 272.0
2457566.82613 17.086 0.011 5.42 471.0
2457567.53441 17.080 0.011 5.75 491.0
2457567.65369 17.089 0.009 4.44 397.0
2457567.75600 17.067 0.010 5.30 418.0
2457567.85432 17.099 0.013 5.99 587.0
2457568.62841 17.087 0.010 5.71 274.0
2457568.75482 17.038 0.012 6.71 336.0
2457569.52308 17.101 0.014 7.50 402.0
2457569.54590 17.056 0.011 6.31 319.0
2457569.65638 17.079 0.009 4.76 317.0
2457569.77232 17.083 0.010 5.52 354.0
2457570.59647 17.098 0.008 4.92 362.0
2457570.69395 17.110 0.010 5.66 255.0
2457570.73622 17.089 0.009 5.43 300.0
2457570.78404 17.088 0.010 5.56 341.0
2457570.84520 17.133 0.013 7.12 378.0
2457573.60445 17.079 0.010 5.68 265.0
2457573.65543 17.068 0.009 5.04 240.0
2457573.70932 17.105 0.010 6.20 250.0
2457575.53705 17.106 0.012 6.63 283.0
2457575.58628 17.072 0.011 7.15 262.0
2457575.63890 17.078 0.010 6.11 268.0
2457575.68900 17.088 0.008 4.07 239.0
2457575.72841 17.085 0.009 4.83 278.0
2457575.76702 17.081 0.009 4.53 279.0
2457575.80537 17.099 0.010 4.97 323.0
2457576.50514 17.116 0.010 5.58 333.0
2457576.57322 17.071 0.009 5.38 244.0
2457576.63053 17.065 0.007 3.90 234.0
2457576.67252 17.087 0.009 4.73 249.0
2457576.71112 17.092 0.009 5.05 249.0
2457576.74953 17.078 0.009 5.39 246.0
2457576.78759 17.098 0.010 5.78 273.0
2457576.82607 17.061 0.010 5.79 338.0
2457577.54413 17.068 0.012 7.23 288.0
2457577.58824 17.081 0.009 5.28 333.0
2457579.61668 17.072 0.009 5.43 294.0
2457579.72574 17.085 0.011 6.78 309.0
2457579.76634 17.095 0.009 5.32 309.0
2457581.75087 17.082 0.009 5.12 345.0
2457581.80669 17.104 0.011 6.03 364.0
2457582.65779 17.081 0.012 6.54 418.0
2457582.72987 17.078 0.010 5.51 303.0
2457583.75641 17.091 0.011 5.30 358.0
2457584.50073 17.030 0.012 5.76 494.0
2457584.53901 17.093 0.011 5.20 480.0
2457584.57768 17.060 0.012 5.99 469.0
2457584.61608 17.077 0.011 5.44 443.0
2457584.65649 17.094 0.011 5.13 424.0
2457584.69443 17.042 0.011 5.72 436.0
2457584.73278 17.082 0.010 4.94 470.0
2457584.78309 17.051 0.011 5.34 522.0
2457589.49871 17.079 0.015 5.96 786.0
2457589.54415 17.079 0.013 5.39 740.0
2457589.58301 17.110 0.014 5.82 752.0
2457589.62749 17.059 0.013 5.48 691.0
2457589.67239 17.102 0.014 5.95 665.0
2457589.71056 17.110 0.013 5.57 703.0
2457589.75694 17.058 0.016 6.67 840.0
2457589.79524 17.099 0.015 5.45 1057.0
2457590.47185 17.076 0.016 7.16 659.0
2457590.50972 17.082 0.011 4.74 554.0
2457590.54750 17.111 0.010 4.15 586.0
2457590.58600 17.112 0.009 3.95 514.0
2457590.62913 17.095 0.010 4.43 444.0
2457590.67010 17.091 0.010 4.98 476.0
2457590.70781 17.056 0.011 4.85 622.0
2457590.76006 17.086 0.011 4.74 574.0
2457591.50471 17.051 0.010 5.27 754.0
2457591.55662 17.082 0.019 6.86 1146.0
2457593.48498 17.053 0.010 6.30 273.0
2457593.53268 17.099 0.010 5.49 254.0
2457593.57923 17.082 0.009 5.02 245.0
2457593.62536 17.048 0.009 5.41 255.0
2457593.66338 17.075 0.008 4.80 258.0
2457593.70056 17.104 0.009 4.77 265.0
2457593.73923 17.078 0.009 4.71 285.0
2457593.77660 17.086 0.009 4.87 324.0
2457595.57691 17.090 0.012 7.02 305.0
2457595.70940 17.083 0.014 7.49 375.0
2457596.50557 17.054 0.008 4.88 280.0
2457596.55503 17.086 0.007 4.16 382.0
2457597.58446 17.100 0.009 5.96 483.0
2457599.51121 17.052 0.012 6.22 341.0
2457599.59320 17.089 0.011 6.68 253.0
2457599.63609 17.086 0.010 5.37 273.0
2457599.71700 17.056 0.010 5.39 289.0
2457599.75866 17.059 0.010 4.84 308.0
2457600.52017 17.065 0.012 6.83 311.0
2457600.58594 17.078 0.011 5.93 301.0
2457600.67786 17.024 0.009 5.47 278.0
2457601.74132 17.053 0.010 6.00 266.0
2457602.49741 17.076 0.012 6.70 338.0
2457602.54296 17.056 0.011 6.25 296.0
2457602.58227 17.078 0.010 5.78 275.0
2457602.63956 17.057 0.010 6.12 283.0
2457602.67730 17.046 0.009 5.10 287.0
2457602.71462 17.059 0.011 6.05 314.0
2457602.75438 17.059 0.011 6.00 385.0
2457603.47247 17.099 0.011 5.22 412.0
2457603.51000 17.078 0.010 5.87 261.0
2457603.55691 17.080 0.009 5.05 252.0
2457603.60469 17.077 0.009 4.94 248.0
2457603.64255 17.061 0.008 4.39 235.0
2457603.68013 17.091 0.009 4.86 240.0
2457603.71989 17.091 0.010 5.68 267.0
2457603.75755 17.072 0.011 6.28 291.0
2457604.48005 17.071 0.011 6.23 332.0
2457604.52088 17.079 0.011 6.18 327.0
2457604.55823 17.093 0.009 4.28 298.0
2457604.59825 17.080 0.009 4.83 236.0
2457604.63634 17.096 0.009 5.44 227.0
2457604.67477 17.067 0.009 5.67 229.0
2457604.71224 17.079 0.009 4.93 263.0
2457604.75046 17.044 0.009 5.18 290.0
2457605.48726 17.082 0.010 5.79 267.0
2457605.52951 17.043 0.009 5.76 257.0
2457605.58127 17.057 0.009 5.28 242.0
2457605.62823 17.056 0.010 5.79 263.0
2457605.66597 17.098 0.010 5.14 290.0
2457605.70350 17.075 0.010 5.55 309.0
2457605.74079 17.060 0.010 4.99 359.0
2457606.68947 17.052 0.010 6.16 271.0
2457606.74006 17.058 0.014 8.06 317.0
2457607.50238 17.067 0.010 5.89 297.0
2457607.56780 17.092 0.010 5.99 268.0
2457607.61350 17.081 0.010 6.10 239.0
2457607.65715 17.054 0.009 4.88 232.0
2457607.70076 17.057 0.009 5.23 248.0
2457607.74259 17.041 0.010 6.27 286.0
2457608.48859 17.063 0.011 6.08 276.0
2457608.54677 17.069 0.008 4.71 250.0
2457608.61975 17.049 0.008 3.90 272.0
2457608.66408 17.051 0.008 4.07 265.0
2457608.70847 17.067 0.009 4.53 304.0
2457608.75128 17.041 0.011 5.80 371.0
2457609.48957 17.057 0.011 5.97 314.0
2457609.53384 17.072 0.011 5.74 335.0
2457609.60045 17.092 0.009 4.75 277.0
2457609.64453 17.047 0.009 4.79 296.0
2457609.69392 17.049 0.010 5.11 326.0
2457610.50356 17.049 0.011 6.17 330.0
2457610.55466 17.082 0.010 5.16 326.0
2457610.61860 17.056 0.009 4.81 322.0
2457610.66253 17.062 0.009 4.09 362.0
2457610.70655 17.079 0.009 4.27 386.0
2457611.52390 17.079 0.012 4.90 794.0
2457611.67915 17.050 0.011 5.96 376.0
2457612.48114 17.112 0.014 6.39 537.0
2457612.52157 17.081 0.014 4.86 1014.0
2457612.56164 17.038 0.011 5.08 488.0
2457612.59991 17.060 0.012 4.94 785.0
2457612.63753 17.063 0.013 5.77 695.0
2457612.67538 17.071 0.014 5.65 814.0
2457612.71299 17.083 0.012 4.97 594.0
2457616.48313 17.046 0.013 5.82 633.0
2457616.52997 17.061 0.015 4.66 1355.0
2457616.57696 17.107 0.011 4.95 551.0
2457616.62335 17.076 0.010 4.48 549.0
2457616.67609 17.064 0.011 4.59 628.0
2457617.51263 17.108 0.013 5.93 555.0
2457617.56053 17.042 0.012 5.57 533.0
2457617.60470 17.073 0.013 5.24 574.0
2457617.64847 17.092 0.011 4.48 595.0
2457617.69224 17.078 0.013 5.20 711.0
2457618.47514 17.060 0.013 5.72 703.0
2457618.52025 17.064 0.011 4.72 569.0
2457618.56578 17.069 0.011 4.56 539.0
2457618.60940 17.057 0.012 5.17 569.0
2457618.65312 17.042 0.012 4.69 631.0
2457618.69496 17.080 0.013 4.87 791.0
2457619.55638 17.067 0.012 6.30 455.0
2457621.48860 17.065 0.011 6.48 297.0
2457621.55238 17.060 0.009 5.31 338.0
2457621.60268 17.065 0.010 5.59 333.0
2457621.65190 17.079 0.011 5.55 408.0
2457621.69861 17.047 0.013 6.94 423.0
2457622.50996 17.032 0.009 5.13 268.0
2457622.55919 17.059 0.009 4.75 267.0
2457622.61355 17.058 0.009 4.50 350.0
2457622.66720 17.075 0.009 4.00 355.0
2457622.70319 17.063 0.009 4.46 396.0
2457623.48838 17.064 0.011 5.86 356.0
2457623.53517 17.089 0.009 4.84 312.0
2457623.59853 17.061 0.008 4.42 279.0
2457623.64274 17.075 0.009 4.65 310.0
2457623.68676 17.051 0.010 5.42 355.0
2457624.47536 17.049 0.011 5.42 534.0
2457624.52287 17.059 0.009 5.07 314.0
2457624.58655 17.062 0.010 5.64 293.0
2457624.63474 17.102 0.009 5.24 293.0
2457624.68143 17.049 0.010 5.25 341.0
2457625.50838 17.077 0.009 5.04 327.0
2457625.58021 17.056 0.009 4.89 325.0
2457625.62409 17.041 0.009 5.50 297.0
2457625.67826 17.068 0.010 6.32 283.0
2457626.51132 17.055 0.009 4.64 347.0
2457626.56536 17.062 0.010 5.36 326.0
2457626.63198 17.056 0.009 4.86 308.0
2457626.67672 17.064 0.009 4.74 335.0
2457630.53173 17.070 0.009 4.86 284.0
2457630.57656 17.057 0.009 5.05 284.0
2457630.62112 17.061 0.009 4.95 290.0
2457630.66492 17.069 0.010 5.22 286.0
2457631.52331 17.055 0.008 4.14 311.0
2457631.56843 17.069 0.008 4.24 283.0
2457631.61306 17.058 0.008 3.77 290.0
2457631.65662 17.057 0.008 4.55 299.0
2457632.52297 17.053 0.009 4.40 263.0
2457632.56793 17.061 0.009 4.31 296.0
2457632.61288 17.058 0.009 4.40 304.0
2457632.65560 17.041 0.010 5.43 341.0
2457633.58032 17.051 0.011 6.42 315.0
2457633.62578 17.046 0.010 5.65 314.0
2457634.51141 17.023 0.012 7.34 269.0
2457634.55700 17.059 0.011 6.95 259.0
2457635.48311 17.072 0.013 6.59 376.0
2457635.54229 17.050 0.011 6.42 324.0
2457635.59425 17.035 0.010 5.83 308.0
2457636.49812 17.064 0.012 7.00 335.0
2457636.55006 17.065 0.011 6.51 333.0
2457636.59524 17.030 0.011 6.55 323.0
2457636.63715 17.043 0.010 5.51 337.0
2457637.50695 17.112 0.012 6.70 295.0
2457637.55567 17.052 0.009 5.64 279.0
2457637.59953 17.074 0.009 4.92 298.0
2457637.64148 17.039 0.011 6.11 352.0
2457638.52245 17.032 0.011 5.93 528.0
2457639.48152 17.075 0.014 6.45 500.0
2457639.53581 17.038 0.011 5.32 392.0
2457639.59068 17.018 0.008 4.12 363.0
2457639.63459 17.072 0.009 4.68 393.0
2457643.58380 17.045 0.017 6.68 721.0
2457644.50231 17.039 0.016 6.90 619.0
2457644.58296 17.066 0.014 5.09 1049.0
2457645.48245 17.025 0.017 6.70 918.0
2457645.53234 17.054 0.018 5.90 1346.0
2457647.51913 17.057 0.016 6.61 754.0
2457647.56479 17.053 0.011 4.83 592.0
2457647.61547 17.012 0.014 6.45 692.0
2457648.52989 17.075 0.012 5.79 504.0
2457648.57388 17.061 0.011 4.63 564.0
2457648.61715 17.040 0.012 4.70 682.0
2457649.52450 17.080 0.009 4.39 515.0
2457649.56941 17.054 0.010 4.24 527.0
2457649.61344 17.047 0.010 4.62 615.0
2457650.48152 17.048 0.010 4.74 537.0
2457651.53640 17.062 0.010 5.02 447.0
2457652.56466 17.077 0.009 4.99 350.0
2457653.60174 17.041 0.009 4.97 356.0
2457656.48412 17.083 0.012 5.70 570.0
2457657.59079 17.036 0.009 4.65 419.0
2457660.54070 17.060 0.012 6.12 436.0
2457662.48705 17.056 0.013 6.28 521.0
2457664.55737 17.101 0.015 6.89 547.0
2457666.52707 17.047 0.013 6.80 460.0
2457671.54800 17.086 0.013 5.73 573.0
2457679.53120 17.083 0.015 6.81 621.0
2457790.86809 17.060 0.012 6.20 443.0
2457790.88360 17.072 0.013 4.96 975.0
2457791.86319 17.085 0.010 5.28 398.0
2457792.85947 17.097 0.012 5.69 574.0
2457793.85690 17.096 0.012 5.33 649.0
2457793.88830 17.075 0.012 4.42 1031.0
2457794.85764 17.060 0.016 7.12 784.0
2457795.86263 17.077 0.015 6.42 790.0
2457796.86656 17.075 0.011 4.89 605.0
2457797.87181 17.081 0.013 5.51 753.0
2457798.87149 17.082 0.011 4.71 496.0
2457800.85073 17.087 0.011 5.55 481.0
2457801.84121 17.090 0.016 6.74 741.0
2457801.88654 17.090 0.013 5.26 648.0
2457802.88443 17.097 0.015 7.05 604.0
2457803.86770 17.086 0.015 4.82 1336.0
2457807.82750 17.092 0.011 5.56 353.0
2457807.87412 17.073 0.010 4.93 335.0
2457808.83066 17.068 0.012 6.73 375.0
2457809.83752 17.075 0.011 5.72 420.0
2457809.88517 17.082 0.010 5.23 339.0
2457810.83432 17.086 0.010 4.97 398.0
2457810.88176 17.083 0.010 4.82 339.0
2457811.83993 17.067 0.010 5.15 373.0
2457811.88520 17.086 0.010 5.02 330.0
2457812.85614 17.054 0.010 4.78 384.0
2457812.90097 17.062 0.010 4.59 468.0
2457813.84555 17.088 0.011 4.88 452.0
2457814.85551 17.081 0.010 4.55 339.0
2457814.90313 17.060 0.011 4.16 828.0
2457815.86914 17.097 0.010 4.80 351.0
2457816.81377 17.070 0.012 6.19 377.0
2457816.85895 17.084 0.010 4.67 339.0
2457817.81019 17.066 0.010 4.73 429.0
2457817.85547 17.082 0.009 4.00 393.0
2457817.90067 17.093 0.009 3.91 502.0
2457818.84167 17.075 0.009 4.35 367.0
2457818.88676 17.084 0.008 4.18 333.0
2457819.82145 17.067 0.010 5.39 343.0
2457819.87323 17.074 0.009 4.70 307.0
2457820.83012 17.056 0.010 5.09 399.0
2457820.87595 17.070 0.009 4.30 372.0
2457821.81451 17.060 0.012 5.01 493.0
2457821.85884 17.061 0.011 5.50 395.0
2457822.80688 17.066 0.013 5.57 630.0
2457822.85150 17.096 0.012 5.40 475.0
2457822.89625 17.060 0.009 4.45 359.0
2457823.83682 17.067 0.010 4.08 557.0
2457823.88140 17.074 0.010 4.29 471.0
2457824.83279 17.083 0.013 5.80 580.0
2457824.87754 17.101 0.013 5.80 512.0
2457825.82449 17.051 0.011 5.06 590.0
2457825.86911 17.059 0.011 4.88 501.0
2457826.78293 17.033 0.013 5.65 690.0
2457826.82802 17.060 0.012 5.51 606.0
2457826.87270 17.101 0.012 5.42 546.0
2457827.80203 17.062 0.010 4.60 533.0
2457827.84635 17.077 0.010 4.43 468.0
2457827.89113 17.043 0.010 4.25 446.0
2457828.81568 17.080 0.011 4.66 538.0
2457828.86014 17.075 0.010 4.11 475.0
2457828.90501 17.083 0.010 4.52 465.0
2457829.84214 17.065 0.011 4.64 629.0
2457830.80072 17.084 0.015 4.33 1842.0
2457830.84177 17.084 0.012 4.65 860.0
2457830.88011 17.079 0.011 4.33 732.0
2457834.78728 17.058 0.012 6.72 370.0
2457834.83371 17.053 0.009 4.68 335.0
2457834.88089 17.064 0.010 5.51 315.0
2457835.75505 17.059 0.012 7.14 284.0
2457835.82751 17.046 0.014 7.62 306.0
2457835.87927 17.062 0.010 5.41 298.0
2457836.75970 17.028 0.012 7.02 347.0
2457836.81658 17.042 0.011 6.65 286.0
2457836.86564 17.048 0.010 5.28 274.0
2457836.91357 17.059 0.012 5.98 455.0
2457837.78370 17.070 0.010 5.44 276.0
2457837.83003 17.066 0.010 5.41 261.0
2457837.87689 17.062 0.009 4.44 280.0
2457838.75333 17.046 0.011 6.01 368.0
2457838.79941 17.052 0.010 5.31 327.0
2457838.85494 17.068 0.009 4.70 332.0
2457838.90277 17.069 0.009 4.61 310.0
2457839.76117 17.051 0.008 4.36 265.0
2457839.82055 17.066 0.008 3.87 252.0
2457839.86969 17.074 0.008 3.93 247.0
2457840.74186 17.064 0.010 5.63 333.0
2457840.78949 17.056 0.009 5.19 267.0
2457840.84609 17.070 0.009 4.59 280.0
2457840.89362 17.075 0.008 4.18 273.0
2457841.77100 17.051 0.013 7.86 287.0
2457841.81706 17.078 0.011 6.59 274.0
2457841.86247 17.053 0.012 6.99 297.0
2457842.76429 17.050 0.010 6.15 282.0
2457842.81069 17.044 0.010 5.34 279.0
2457842.85721 17.040 0.010 5.46 304.0
2457842.91128 17.076 0.010 5.38 320.0
2457843.76873 17.058 0.009 5.14 265.0
2457843.82412 17.039 0.009 5.38 251.0
2457843.87105 17.058 0.009 4.65 240.0
2457843.92051 17.048 0.010 5.12 356.0
2457844.76529 17.051 0.009 5.08 265.0
2457844.82071 17.045 0.012 6.91 267.0
2457844.86632 17.037 0.011 6.56 276.0
2457844.92057 17.060 0.013 5.78 544.0
2457845.75854 17.031 0.010 5.85 291.0
2457845.81387 17.052 0.010 5.01 283.0
2457845.86054 17.045 0.010 5.40 270.0
2457845.91187 17.063 0.009 4.62 279.0
2457846.76023 17.050 0.009 5.18 269.0
2457846.80644 17.068 0.010 5.30 257.0
2457846.85187 17.037 0.009 5.00 268.0
2457846.90319 17.039 0.010 5.50 283.0
2457847.73994 17.031 0.010 5.88 298.0
2457847.78595 17.076 0.009 4.74 277.0
2457847.84206 17.068 0.009 4.70 273.0
2457847.89157 17.038 0.009 4.70 271.0
2457848.72343 17.038 0.011 5.73 389.0
2457848.81475 17.051 0.009 4.64 256.0
2457848.87181 17.058 0.008 4.18 250.0
2457848.92042 17.063 0.010 4.72 357.0
2457849.75124 17.060 0.009 4.75 370.0
2457849.79758 17.040 0.009 4.36 283.0
2457849.85329 17.079 0.008 3.78 273.0
2457849.90425 17.059 0.009 4.37 273.0
2457850.73283 17.025 0.012 5.91 427.0
2457850.77970 17.042 0.011 5.81 372.0
2457850.82536 17.031 0.009 4.56 301.0
2457850.88317 17.045 0.009 4.43 275.0
2457851.76589 17.045 0.012 5.94 433.0
2457851.81233 17.015 0.010 5.26 382.0
2457851.85905 17.041 0.009 4.66 305.0
2457851.91929 17.017 0.009 4.71 346.0
2457852.84026 17.016 0.011 6.05 346.0
2457852.88956 17.040 0.011 5.82 313.0
2457853.87201 17.014 0.014 7.48 401.0
2457853.91504 17.027 0.013 7.54 394.0
2457854.71954 17.000 0.011 5.02 643.0
2457854.76592 17.040 0.011 4.98 543.0
2457854.82138 17.011 0.010 4.40 483.0
2457854.87035 17.029 0.011 5.66 475.0
2457854.91885 17.039 0.009 3.47 545.0
2457855.76455 17.006 0.009 4.02 615.0
2457855.81168 17.011 0.010 4.13 578.0
2457855.86003 17.039 0.009 3.99 546.0
2457855.91847 17.024 0.010 4.36 610.0
2457856.74279 16.999 0.014 6.66 595.0
2457856.79103 17.011 0.012 6.01 535.0
2457856.83791 17.021 0.014 6.67 534.0
2457856.89827 16.977 0.015 7.29 540.0
2457857.79999 16.997 0.020 6.17 1679.0
2457857.85384 16.980 0.014 6.13 788.0
2457857.89585 17.008 0.011 5.03 572.0
2457858.77385 16.998 0.009 4.22 461.0
2457858.81067 17.011 0.009 4.32 472.0
2457858.84466 17.008 0.011 5.46 558.0
2457858.88744 17.019 0.010 5.06 422.0
2457862.68546 16.993 0.011 5.93 376.0
2457862.73283 16.991 0.010 5.63 352.0
2457862.77986 16.977 0.010 5.49 336.0
2457862.82692 16.993 0.010 5.60 341.0
2457862.87540 16.984 0.010 5.46 353.0
2457863.73723 16.985 0.009 4.90 339.0
2457863.81295 16.988 0.009 5.34 312.0
2457863.88953 16.992 0.009 4.59 347.0
2457864.71464 16.986 0.008 4.38 292.0
2457864.78678 16.999 0.008 3.85 283.0
2457864.84783 16.969 0.008 4.11 298.0
2457864.89952 16.984 0.008 4.03 340.0
2457865.68898 16.981 0.008 4.51 319.0
2457865.73466 16.982 0.009 4.61 307.0
2457865.78093 16.968 0.008 3.76 295.0
2457865.85270 16.979 0.008 4.34 347.0
2457865.90531 16.988 0.009 4.09 394.0
2457866.69999 16.964 0.009 4.89 323.0
2457866.74655 16.981 0.008 3.93 304.0
2457866.80233 16.991 0.008 3.50 294.0
2457866.91086 16.992 0.008 3.26 352.0
2457867.71880 16.975 0.008 4.29 293.0
2457867.76567 16.987 0.008 3.55 269.0
2457867.83156 16.977 0.008 4.14 278.0
2457867.88143 16.961 0.008 4.32 291.0
2457867.92824 16.971 0.010 5.17 467.0
2457868.79146 16.956 0.010 5.48 304.0
2457868.85328 16.951 0.010 5.55 345.0
2457868.92177 16.969 0.012 6.73 365.0
2457869.71310 16.959 0.009 5.33 287.0
2457869.75905 16.979 0.009 4.66 289.0
2457869.81484 16.966 0.008 3.98 275.0
2457869.87453 16.964 0.008 3.63 330.0
2457869.92191 16.985 0.008 3.44 402.0
2457870.73940 16.961 0.007 3.71 267.0
2457870.79562 16.945 0.008 3.93 264.0
2457870.85374 16.957 0.008 4.32 280.0
2457870.90166 16.962 0.008 4.01 311.0
2457871.70845 16.965 0.008 4.00 313.0
2457871.75516 16.945 0.008 4.14 319.0
2457871.82082 16.980 0.008 3.27 288.0
2457871.88025 16.947 0.008 3.92 313.0
2457871.92984 16.955 0.009 3.36 665.0
2457872.72438 16.938 0.008 4.15 319.0
2457872.77069 16.945 0.008 3.61 312.0
2457872.84117 16.947 0.008 3.76 317.0
2457872.90363 16.947 0.008 3.61 351.0
2457873.67352 16.947 0.008 4.32 334.0
2457873.71942 16.933 0.008 3.76 327.0
2457873.76581 16.944 0.008 3.50 291.0
2457873.81270 16.971 0.007 3.32 296.0
2457873.88463 16.935 0.008 3.89 341.0
2457873.93124 16.948 0.010 4.31 609.0
2457874.69487 16.939 0.010 5.51 356.0
2457874.74998 16.917 0.011 6.36 336.0
2457874.80692 16.937 0.009 5.31 316.0
2457874.85723 16.956 0.010 5.13 382.0
2457874.90441 16.940 0.009 4.81 393.0
2457875.76325 16.941 0.008 4.36 327.0
2457875.84372 16.926 0.008 4.11 359.0
2457875.90103 16.925 0.008 4.29 627.0
2457875.93486 16.916 0.011 4.48 819.0
2457876.69135 16.922 0.010 5.85 401.0
2457876.73893 16.932 0.009 4.76 371.0
2457876.79810 16.913 0.008 4.16 342.0
2457876.86032 16.920 0.008 4.04 340.0
2457876.90733 16.928 0.009 4.61 397.0
2457877.66877 16.945 0.009 4.94 396.0
2457877.71529 16.925 0.008 3.88 362.0
2457877.78126 16.918 0.008 3.78 329.0
2457877.83170 16.937 0.008 3.64 396.0
2457877.88443 16.919 0.009 3.79 443.0
2457878.71229 16.919 0.008 3.71 402.0
2457878.77763 16.929 0.008 3.48 344.0
2457878.82812 16.930 0.008 3.76 343.0
2457878.88665 16.939 0.008 3.49 367.0
2457878.93272 16.932 0.010 4.02 716.0
2457879.69544 16.915 0.011 6.15 416.0
2457879.74161 16.911 0.011 6.12 432.0
2457879.78760 16.908 0.011 6.29 369.0
2457879.87932 16.898 0.011 6.64 389.0
2457880.69352 16.902 0.011 6.32 426.0
2457880.73952 16.914 0.010 5.31 415.0
2457880.78787 16.910 0.011 6.14 431.0
2457880.84608 16.932 0.012 6.56 424.0
2457880.90078 16.940 0.013 7.05 445.0
2457881.78524 16.912 0.011 5.53 552.0
2457881.83527 16.909 0.011 5.47 493.0
2457881.88368 16.938 0.014 7.20 523.0
2457882.72900 16.905 0.010 5.61 480.0
2457882.78581 16.938 0.010 5.33 499.0
2457882.84452 16.922 0.010 4.66 554.0
2457882.89155 16.931 0.010 4.63 565.0
2457883.68772 16.913 0.014 7.41 638.0
2457889.91815 16.919 0.017 6.47 1188.0
2457890.69359 16.909 0.012 7.01 458.0
2457890.75417 16.940 0.011 5.47 492.0
2457890.83860 16.936 0.011 5.04 558.0
2457890.88623 16.909 0.013 6.75 590.0
2457893.64245 16.966 0.011 6.65 371.0
2457893.69009 16.969 0.010 6.10 339.0
2457893.73661 16.963 0.010 5.52 340.0
2457893.80364 16.956 0.010 5.83 336.0
2457893.85109 16.963 0.009 4.54 358.0
2457893.89801 16.956 0.011 5.74 424.0
2457893.94089 16.943 0.016 6.33 1064.0
2457894.62806 16.961 0.010 6.21 402.0
2457894.67429 16.961 0.008 4.32 327.0
2457894.72934 16.964 0.008 4.37 304.0
2457894.78643 16.991 0.009 4.61 319.0
2457894.83331 16.958 0.009 4.37 340.0
2457894.87989 16.961 0.010 4.88 392.0
2457894.92613 16.951 0.011 5.93 461.0
2457895.62487 16.992 0.009 5.10 457.0
2457895.77864 16.974 0.009 5.04 380.0
2457897.63738 16.973 0.010 6.04 323.0
2457897.68414 16.976 0.010 5.36 321.0
2457897.73214 16.954 0.009 5.48 358.0
2457900.90394 17.005 0.013 7.24 390.0
2457901.61558 16.995 0.011 6.81 347.0
2457901.66318 16.999 0.010 6.18 292.0
2457901.71868 16.974 0.008 5.47 329.0
2457901.80354 16.983 0.010 5.50 326.0
2457901.85081 16.992 0.009 5.23 458.0
2457902.60856 16.963 0.012 7.04 380.0
2457902.65828 16.975 0.010 5.81 327.0
2457902.71347 16.999 0.009 4.78 294.0
2457902.77421 16.971 0.009 4.82 322.0
2457902.82008 17.016 0.012 6.18 378.0
2457902.92187 16.994 0.014 6.82 542.0
2457903.69221 17.014 0.012 7.42 274.0
2457903.77911 17.016 0.012 7.12 285.0
2457903.82651 17.030 0.010 4.97 349.0
2457903.88206 17.023 0.010 5.29 393.0
2457904.58695 17.039 0.013 7.52 375.0
2457904.63613 17.004 0.010 5.65 310.0
2457904.67968 17.020 0.009 4.61 273.0
2457904.73641 17.010 0.008 4.30 272.0
2457904.79516 17.016 0.008 4.50 265.0
2457904.84308 16.992 0.010 5.43 330.0
2457904.88914 17.015 0.009 4.74 385.0
2457905.60204 17.013 0.010 5.97 355.0
2457905.64906 17.016 0.009 4.33 309.0
2457905.70439 17.017 0.008 3.76 286.0
2457905.76227 17.014 0.009 4.24 322.0
2457905.80972 16.997 0.008 3.75 347.0
2457905.85808 17.001 0.009 4.22 423.0
2457905.92094 16.999 0.010 4.70 492.0
2457906.56624 16.985 0.010 5.63 489.0
2457906.61215 17.012 0.009 4.85 362.0
2457906.66043 17.016 0.008 3.81 317.0
2457906.71531 17.013 0.008 3.56 342.0
2457906.77522 17.025 0.008 3.68 369.0
2457906.82251 17.018 0.009 4.03 421.0
2457906.86932 17.007 0.009 4.22 457.0
2457906.91601 16.981 0.011 4.56 627.0
2457907.59508 17.006 0.011 5.77 651.0
2457907.66461 17.019 0.010 4.66 490.0
2457907.70528 17.022 0.009 4.30 569.0
2457907.74892 17.056 0.009 4.25 531.0
2457907.82545 17.016 0.009 4.15 555.0
2457908.57699 17.023 0.013 6.47 597.0
2457908.61777 17.017 0.011 5.52 502.0
2457908.66448 17.010 0.010 4.42 456.0
2457908.71970 17.030 0.009 4.07 388.0
2457908.77838 17.028 0.010 4.42 440.0
2457908.82526 17.007 0.009 4.17 348.0
2457908.87225 17.018 0.009 4.37 432.0
2457908.91438 17.012 0.012 5.89 587.0
2457909.56048 16.990 0.014 6.53 773.0
2457909.60682 17.007 0.011 5.58 558.0
2457909.65584 17.025 0.009 4.16 461.0
2457909.71192 17.027 0.009 3.77 457.0
2457909.76091 17.049 0.010 4.05 662.0
2457909.80800 17.021 0.010 4.14 506.0
2457909.84664 17.033 0.009 3.73 430.0
2457909.89762 17.023 0.009 3.94 548.0
2457910.55435 17.014 0.013 5.95 726.0
2457910.60862 17.045 0.011 5.21 527.0
2457910.65533 17.029 0.011 4.98 470.0
2457910.71261 17.026 0.009 4.20 414.0
2457910.77233 16.996 0.009 4.08 486.0
2457910.81835 17.037 0.009 4.00 504.0
2457910.87330 17.002 0.010 4.10 653.0
2457911.58146 16.996 0.014 6.70 739.0
2457911.62211 16.999 0.012 5.67 602.0
2457911.66932 17.031 0.012 5.41 569.0
2457911.71425 17.012 0.015 7.08 563.0
2457911.82305 17.051 0.014 5.78 714.0
2457916.55054 17.007 0.015 6.66 849.0
2457916.59737 17.020 0.010 4.38 666.0
2457916.63362 17.053 0.010 4.12 678.0
2457916.67477 17.032 0.010 4.12 630.0
2457916.71722 17.011 0.010 4.25 647.0
2457916.76232 17.044 0.010 3.64 624.0
2457916.80466 17.036 0.010 3.92 641.0
2457916.84837 17.040 0.012 4.88 718.0
2457917.55828 17.031 0.012 6.07 553.0
2457917.60446 17.028 0.011 5.27 500.0
2457917.65464 17.038 0.010 4.75 430.0
2457917.70371 17.042 0.010 4.63 441.0
2457917.75370 17.032 0.009 3.95 468.0
2457917.80041 17.041 0.011 4.82 537.0
2457917.84609 17.043 0.014 6.05 673.0
2457917.89250 17.026 0.014 5.64 909.0
2457918.57195 17.050 0.010 6.03 540.0
2457918.65100 17.049 0.013 5.80 756.0
2457922.61587 17.030 0.010 5.91 330.0
2457922.67136 17.030 0.009 4.70 323.0
2457922.72941 17.052 0.011 5.96 337.0
2457923.53939 17.016 0.011 6.21 432.0
2457923.58472 17.043 0.011 5.52 431.0
2457923.63088 17.042 0.009 4.65 334.0
2457923.70574 17.037 0.012 6.63 347.0
2457923.75244 17.053 0.012 6.62 373.0
2457923.80048 17.017 0.011 5.60 409.0
2457923.84581 17.041 0.013 6.78 434.0
2457923.88849 17.097 0.014 6.47 520.0
2457924.50761 17.033 0.012 6.54 457.0
2457924.55182 17.053 0.010 5.51 374.0
2457924.59769 17.022 0.009 4.41 314.0
2457924.64205 17.037 0.009 4.36 314.0
2457924.70838 17.026 0.008 4.14 330.0
2457924.75546 17.042 0.009 3.80 316.0
2457924.80146 17.030 0.009 3.98 371.0
2457924.84738 17.013 0.010 4.19 453.0
2457925.57597 17.027 0.012 6.70 351.0
2457925.62147 17.056 0.011 6.36 301.0
2457925.66833 17.055 0.008 4.41 261.0
2457925.74186 17.031 0.011 6.37 315.0
2457925.78990 17.053 0.009 5.00 280.0
2457925.84216 17.062 0.011 5.45 362.0
2457926.55788 17.004 0.011 6.95 389.0
2457926.61002 17.027 0.009 5.91 339.0
2457926.67596 17.050 0.010 5.43 290.0
2457926.73974 17.042 0.010 6.01 329.0
2457926.79221 17.057 0.012 6.69 357.0
2457926.84716 17.053 0.011 6.01 385.0
2457928.60467 17.049 0.010 5.03 361.0
2457928.65228 17.069 0.010 5.33 319.0
2457929.58997 17.066 0.010 6.45 618.0
2457932.60522 17.069 0.010 5.19 308.0
2457932.66179 17.044 0.011 6.25 328.0
2457932.71047 17.045 0.011 6.36 319.0
2457932.76985 17.049 0.010 5.94 304.0
2457932.81542 17.068 0.010 5.33 358.0
2457933.59428 17.049 0.011 6.27 294.0
2457933.64101 17.057 0.010 5.53 251.0
2457933.69078 17.042 0.010 5.77 244.0
2457933.75738 17.010 0.011 7.34 255.0
2457933.80127 17.037 0.012 7.47 310.0
2457934.49916 17.021 0.011 5.88 438.0
2457934.54505 17.057 0.010 5.17 337.0
2457934.59072 17.065 0.009 5.09 305.0
2457934.64604 17.064 0.009 4.80 308.0
2457934.74481 17.064 0.009 4.35 304.0
2457934.79075 17.060 0.011 5.91 331.0
2457934.83679 17.055 0.012 6.95 332.0
2457935.53055 17.058 0.010 4.84 385.0
2457935.58696 17.070 0.010 4.85 332.0
2457935.64391 17.050 0.009 4.42 296.0
2457935.69324 17.061 0.010 4.92 319.0
2457935.74028 17.057 0.009 4.41 259.0
2457935.78728 17.036 0.008 4.06 279.0
2457935.85613 17.033 0.009 4.38 348.0
2457936.48562 17.055 0.012 6.14 456.0
2457936.53825 17.077 0.011 5.94 359.0
2457936.58587 17.033 0.009 5.01 307.0
2457936.63381 17.048 0.009 5.27 281.0
2457936.70614 17.041 0.010 5.78 279.0
2457936.76227 17.058 0.010 5.86 251.0
2457936.81039 17.067 0.009 4.90 262.0
2457936.85713 17.090 0.014 7.83 340.0
2457937.48003 17.031 0.013 6.68 569.0
2457937.52695 17.053 0.012 6.12 479.0
2457937.57498 17.054 0.011 5.16 395.0
2457937.62217 17.050 0.009 4.08 315.0
2457937.67041 17.034 0.009 4.86 352.0
2457937.72848 17.047 0.011 6.07 320.0
2457937.78544 17.051 0.011 6.52 296.0
2457937.83187 17.059 0.013 7.30 346.0
2457938.55041 17.067 0.012 5.50 453.0
2457938.59888 17.046 0.012 6.47 403.0
2457938.65031 17.039 0.015 7.96 418.0
2457944.49075 17.038 0.012 5.22 699.0
2457944.52991 17.053 0.012 4.81 678.0
2457944.57014 17.035 0.010 4.42 614.0
2457944.60878 17.074 0.011 4.73 581.0
2457944.65698 17.062 0.011 4.46 532.0
2457944.70641 17.067 0.011 4.79 543.0
2457944.75314 17.026 0.011 5.00 580.0
2457944.79398 17.034 0.012 4.81 700.0
2457945.46705 17.009 0.017 10.32 786.0
2457945.51190 17.042 0.012 5.93 607.0
2457945.55840 17.043 0.010 5.08 463.0
2457945.60613 17.057 0.009 3.91 425.0
2457945.65465 17.049 0.010 4.64 383.0
2457945.70241 17.047 0.009 4.50 394.0
2457945.74976 17.054 0.009 3.95 465.0
2457945.79681 17.047 0.011 5.05 558.0
2457946.49267 17.065 0.011 6.22 312.0
2457946.54991 17.059 0.010 4.47 419.0
2457946.59791 17.044 0.009 3.93 402.0
2457946.66323 17.050 0.011 5.69 356.0
2457946.71077 17.062 0.011 5.47 367.0
2457946.75864 17.039 0.011 5.25 381.0
2457946.80692 17.058 0.012 5.89 435.0
2457947.50978 17.070 0.010 5.60 295.0
2457947.54849 17.071 0.010 5.45 312.0
2457947.59738 17.058 0.010 5.10 322.0
2457947.64794 17.050 0.010 5.06 315.0
2457947.74193 17.056 0.011 5.86 367.0
2457947.78935 17.071 0.013 6.88 428.0
2457948.46460 17.075 0.018 7.03 866.0
2457948.50263 17.038 0.010 5.62 306.0
2457948.56051 17.050 0.009 5.00 279.0
2457948.61818 17.053 0.009 4.82 301.0
2457948.66976 17.078 0.011 5.04 461.0
2457948.74033 17.065 0.010 4.74 401.0
2457948.78667 17.069 0.011 5.22 451.0
2457949.57382 17.034 0.011 5.46 559.0
2457949.63085 17.074 0.010 5.91 380.0
2457949.68524 17.090 0.013 6.26 472.0
2457949.73434 17.066 0.013 5.86 570.0
2457952.68644 17.065 0.010 5.11 292.0
2457952.73818 17.086 0.011 6.27 262.0
2457952.79352 17.084 0.013 7.39 314.0
2457953.47343 17.037 0.012 6.19 458.0
2457953.51875 17.056 0.009 4.71 326.0
2457953.58906 17.056 0.008 4.28 268.0
2457953.64379 17.062 0.009 5.23 257.0
2457953.69423 17.061 0.009 4.62 238.0
2457953.74616 17.035 0.009 4.87 254.0
2457953.79543 17.057 0.011 6.04 339.0
2457954.48453 17.044 0.010 5.07 548.0
2457954.53638 17.055 0.009 4.47 390.0
2457954.59831 17.051 0.008 3.93 254.0
2457954.66532 17.060 0.009 4.62 245.0
2457954.72667 17.051 0.008 4.13 324.0
2457954.78187 17.062 0.009 4.46 353.0
2457955.73860 17.068 0.008 4.28 309.0
2457955.78225 17.048 0.010 5.38 326.0
2457956.48689 17.051 0.010 4.78 398.0
2457956.54446 17.056 0.009 4.58 348.0
2457956.60064 17.046 0.008 3.53 263.0
2457956.66826 17.059 0.009 4.30 265.0
2457956.71535 17.069 0.009 4.29 297.0
2457956.76596 17.042 0.010 5.89 321.0
2457957.54032 17.055 0.011 6.41 338.0
2457957.67491 17.073 0.012 6.62 301.0
2457957.72374 17.034 0.011 6.27 323.0
2457958.57154 17.050 0.012 6.36 373.0
2457958.61465 17.082 0.012 6.38 313.0
2457958.64686 17.062 0.013 7.62 292.0
2457958.69797 17.062 0.011 6.36 297.0
2457958.74994 17.054 0.010 5.67 311.0
2457958.79053 17.060 0.013 7.46 378.0
2457959.48956 17.040 0.009 5.05 325.0
2457959.53087 17.039 0.009 4.45 318.0
2457959.57959 17.048 0.009 4.37 285.0
2457959.63174 17.065 0.009 4.56 271.0
2457959.68067 17.065 0.008 4.29 256.0
2457959.72962 17.065 0.010 5.21 284.0
2457959.78099 17.061 0.010 5.92 327.0
2457960.48272 17.048 0.011 6.47 345.0
2457960.53036 17.061 0.010 5.42 275.0
2457960.59390 17.062 0.008 4.99 271.0
2457960.65038 17.042 0.008 5.13 238.0
2457960.69984 17.083 0.009 4.89 254.0
2457960.75421 17.052 0.011 6.21 281.0
2457961.53208 17.056 0.009 4.92 338.0
2457961.59564 17.033 0.009 5.49 316.0
2457961.63199 17.057 0.008 4.64 295.0
2457961.67645 17.039 0.008 4.67 300.0
2457961.74266 17.074 0.009 5.65 404.0
2457962.49571 17.044 0.009 4.39 308.0
2457962.54019 17.069 0.009 4.18 312.0
2457962.65350 17.048 0.008 4.30 375.0
2457963.54798 17.051 0.010 4.58 424.0
2457964.53380 17.070 0.010 4.52 408.0
2457964.57159 16.792 0.008 4.85 359.0
2457964.62249 17.051 0.010 5.04 337.0
2457964.67078 17.077 0.009 4.58 344.0
2457964.75106 17.060 0.012 5.97 414.0
2457965.63736 17.079 0.009 4.38 355.0
2457965.67273 17.064 0.010 4.60 348.0
2457965.70332 17.042 0.010 4.68 425.0
2457966.52527 17.049 0.014 7.08 412.0
2457966.56000 17.066 0.011 5.92 346.0
2457966.59939 17.076 0.011 6.13 324.0
2457966.64740 17.054 0.011 6.37 317.0
2457966.69580 17.040 0.010 5.50 313.0
2457967.64878 17.059 0.015 5.91 902.0
2457967.71622 17.031 0.012 6.01 464.0
2457971.48146 17.026 0.014 6.41 701.0
2457971.52265 17.048 0.012 5.55 645.0
2457971.56106 17.041 0.012 5.29 566.0
2457971.59845 17.050 0.012 5.61 565.0
2457971.63673 17.029 0.011 4.71 587.0
2457971.67441 17.035 0.011 4.57 630.0
2457971.71492 17.044 0.015 5.98 771.0
2457972.48184 17.075 0.018 7.65 661.0
2457972.57151 17.056 0.015 6.36 594.0
2457972.61464 17.058 0.012 5.11 582.0
2457972.66072 17.044 0.014 5.88 611.0
2457972.70464 17.057 0.013 5.05 697.0
2457973.53678 17.052 0.015 7.20 565.0
2457973.58870 17.059 0.012 5.62 576.0
2457973.64556 17.037 0.012 5.41 581.0
2457973.70333 17.052 0.016 6.98 722.0
2457974.47466 17.065 0.015 7.45 504.0
2457974.52948 17.039 0.010 5.16 417.0
2457974.57967 17.039 0.010 4.66 423.0
2457974.62945 17.077 0.011 4.89 433.0
2457974.67843 17.052 0.012 5.76 500.0
2457974.72764 17.059 0.011 4.53 616.0
2457975.49443 17.085 0.013 6.93 343.0
2457975.65769 17.070 0.013 6.85 371.0
2457979.52527 17.071 0.009 4.48 317.0
2457979.57552 17.052 0.009 4.70 349.0
2457979.62811 17.052 0.009 4.01 327.0
2457980.47649 17.042 0.014 6.59 530.0
2457980.54495 17.082 0.012 5.81 394.0
2457980.59484 17.058 0.012 5.62 441.0
2457980.64254 17.043 0.011 5.49 448.0
2457981.47722 17.061 0.015 6.72 547.0
2457981.55811 17.062 0.010 4.68 410.0
2457981.61567 17.062 0.010 4.22 368.0
2457981.66270 17.055 0.011 4.97 392.0
2457982.49038 17.052 0.010 4.93 368.0
2457982.55655 17.040 0.009 4.44 308.0
2457982.60522 17.059 0.011 5.08 350.0
2457982.65145 17.040 0.010 5.15 348.0
2457983.51440 17.061 0.011 6.14 324.0
2457983.56374 17.051 0.010 4.75 322.0
2457983.61010 17.059 0.009 4.20 304.0
2457983.65999 17.066 0.009 5.02 301.0
2457984.50540 17.082 0.011 6.20 345.0
2457984.55779 17.055 0.011 5.63 309.0
2457984.60575 17.055 0.010 4.72 307.0
2457984.65233 17.097 0.010 5.08 306.0
2457985.51969 17.079 0.013 6.73 378.0
2457985.57317 17.053 0.012 6.26 354.0
2457985.61929 17.075 0.013 7.16 345.0
2457986.50881 17.051 0.009 4.07 328.0
2457986.58121 17.064 0.008 3.75 293.0
2457986.63118 17.042 0.009 4.57 301.0
2457987.47657 17.056 0.010 4.26 552.0
2457987.54204 17.055 0.009 4.20 329.0
2457987.59402 17.057 0.009 4.21 360.0
2457987.64586 17.052 0.009 3.84 350.0
2457990.49293 17.042 0.010 4.86 361.0
2457990.56026 17.068 0.011 5.38 355.0
2457990.60964 17.070 0.011 5.84 333.0
2457990.65499 17.059 0.012 6.67 345.0
2457991.51198 17.042 0.010 5.42 351.0
2457991.56984 17.075 0.013 6.91 343.0
2457991.62752 17.063 0.012 6.75 330.0
2457992.47797 17.049 0.010 4.35 462.0
2457992.52809 17.053 0.009 4.46 344.0
2457992.57449 17.062 0.010 5.36 338.0
2457992.62982 17.035 0.010 4.93 354.0
2457993.49459 17.066 0.010 4.50 367.0
2457993.54386 17.057 0.010 4.91 378.0
2457993.59092 17.049 0.010 5.12 336.0
2457993.63752 17.069 0.010 5.45 340.0
2457994.50791 17.062 0.011 5.11 401.0
2457994.55559 17.079 0.014 6.12 600.0
2457994.60449 17.100 0.012 5.66 423.0
2457994.65135 17.059 0.013 6.45 451.0
2457998.50725 17.052 0.017 4.46 2091.0
2457998.54570 17.083 0.013 5.24 673.0
2457998.58265 17.036 0.013 4.47 1145.0
2457998.62467 17.028 0.015 5.45 1047.0
2458000.49126 17.055 0.013 6.07 484.0
2458000.54284 17.040 0.013 6.28 491.0
2458000.57318 17.027 0.014 7.17 546.0
2458000.61810 17.039 0.012 5.16 633.0
2458001.49556 17.056 0.011 4.85 465.0
2458001.54339 17.058 0.010 4.41 490.0
2458001.59029 17.047 0.011 4.86 532.0
2458002.49737 17.051 0.018 6.21 1078.0
2458002.54481 17.032 0.014 5.66 695.0
2458002.63336 17.085 0.017 5.78 1181.0
2458003.55055 17.063 0.015 6.37 505.0
2458004.47893 17.018 0.014 6.31 625.0
2458004.54562 17.061 0.012 6.15 445.0
2458004.59304 17.059 0.014 6.82 483.0
2458005.54869 17.070 0.015 7.44 432.0
2458007.52984 17.053 0.011 5.41 374.0
2458007.59153 17.043 0.012 6.77 379.0
2458008.53392 17.064 0.011 5.83 349.0
2458008.59064 17.052 0.011 5.67 355.0
2458010.54833 17.027 0.011 5.03 418.0
2458011.51582 17.072 0.014 7.04 399.0
2458011.58579 17.029 0.012 6.42 391.0
2458012.52362 17.070 0.010 4.21 436.0
2458012.57125 17.063 0.010 4.55 480.0
2458013.50288 17.050 0.009 3.89 394.0
2458013.55934 17.039 0.010 4.53 418.0
2458014.49655 17.061 0.010 5.03 360.0
2458014.55260 17.059 0.010 4.71 386.0
2458015.47885 17.054 0.013 5.38 691.0
2458015.52794 17.035 0.012 6.46 382.0
2458016.48088 17.067 0.014 6.00 666.0
2458016.52753 17.058 0.012 6.23 397.0
2458017.48113 17.025 0.013 5.55 645.0
2458017.53724 17.061 0.010 4.68 381.0
2458018.48988 17.078 0.012 5.51 415.0
2458018.54753 17.054 0.010 5.20 382.0
2458019.50117 17.063 0.010 4.87 372.0
2458019.55916 17.028 0.010 5.17 363.0
2458020.53055 17.040 0.011 4.74 387.0
2458021.48474 17.043 0.014 5.70 656.0
2458021.55604 17.067 0.012 5.71 443.0
2458026.49785 17.049 0.013 4.20 1104.0
2458026.53810 17.036 0.012 4.26 929.0
2458029.50967 17.073 0.013 5.04 647.0
2458029.54087 17.083 0.014 5.66 657.0
2458030.50196 17.055 0.010 3.98 603.0
2458032.56303 17.039 0.014 5.67 763.0
2458035.56297 17.033 0.013 5.78 509.0
2458036.54017 17.062 0.013 6.46 455.0
2458037.54673 17.024 0.015 7.18 521.0
2458037.56479 16.993 0.014 6.84 555.0
2458039.53109 17.020 0.014 7.15 477.0
2458040.51410 17.045 0.013 6.17 549.0
2458040.56195 17.011 0.013 6.17 634.0
2458046.49734 17.048 0.016 6.87 691.0
2458048.51474 17.056 0.009 4.38 319.0
