2457069.88432 19.623 0.095 4.32 641.0
2457071.84309 19.628 0.091 4.83 517.0
2457072.85093 19.578 0.097 5.17 508.0
2457074.87973 19.363 0.115 7.00 538.0
2457075.85582 19.500 0.100 6.12 509.0
2457076.85731 19.446 0.066 4.17 491.0
2457077.85499 19.467 0.112 6.54 517.0
2457078.84571 19.649 0.097 5.16 480.0
2457079.88692 19.408 0.136 7.84 499.0
2457080.88076 19.452 0.081 5.58 405.0
2457082.83509 19.609 0.084 4.85 466.0
2457083.82971 19.420 0.099 6.05 521.0
2457083.89724 19.495 0.094 5.32 528.0
2457084.87732 19.498 0.070 3.98 455.0
2457085.85011 19.394 0.069 3.67 744.0
2457086.82919 19.636 0.102 4.29 774.0
2457087.83148 19.558 0.101 4.38 835.0
2457087.88518 19.586 0.091 3.99 668.0
2457088.85650 19.676 0.091 3.71 575.0
2457089.82105 19.493 0.092 4.98 629.0
2457090.80964 19.298 0.087 5.15 671.0
2457090.87755 19.588 0.101 5.11 547.0
2457091.83100 19.523 0.089 4.56 664.0
2457092.79700 19.421 0.075 3.95 725.0
2457092.86423 19.572 0.079 3.79 592.0
2457093.85311 19.464 0.071 4.33 491.0
2457097.84372 19.530 0.059 3.38 417.0
2457098.79454 19.511 0.073 4.35 460.0
2457098.89181 19.539 0.062 3.70 425.0
2457099.83341 19.599 0.079 4.61 417.0
2457100.78233 19.423 0.087 5.09 604.0
2457100.87306 19.428 0.064 3.67 455.0
2457102.81942 19.709 0.116 5.85 451.0
2457108.79405 19.505 0.122 6.85 611.0
2457109.76313 19.568 0.085 5.33 437.0
2457109.83597 19.601 0.081 4.91 409.0
2457110.75503 19.611 0.074 4.47 426.0
2457110.85687 19.527 0.072 4.31 455.0
2457111.77784 19.482 0.071 4.35 447.0
2457111.88786 19.589 0.079 4.92 392.0
2457112.78523 19.452 0.094 5.08 606.0
2457112.89586 19.520 0.061 3.63 460.0
2457113.84103 19.587 0.070 3.88 462.0
2457114.84874 19.362 0.059 3.52 518.0
2457115.79292 19.566 0.075 3.88 536.0
2457116.77180 19.484 0.109 5.18 728.0
2457117.75396 19.465 0.083 4.32 760.0
2457118.79277 19.521 0.076 3.78 804.0
2457119.80320 19.605 0.124 5.52 701.0
2457120.74833 19.513 0.075 3.85 654.0
2457120.89331 19.534 0.066 3.59 556.0
2457125.85596 19.494 0.064 3.67 510.0
2457126.80044 19.438 0.058 3.69 510.0
2457129.75096 19.477 0.077 4.96 428.0
2457130.68872 19.875 0.138 6.27 416.0
2457130.86779 19.578 0.088 5.14 408.0
2457131.77681 19.513 0.067 3.99 452.0
2457132.71262 19.577 0.096 5.35 528.0
2457133.83866 19.515 0.078 4.68 475.0
2457134.72579 19.543 0.094 5.59 472.0
2457134.91149 19.444 0.064 4.04 470.0
2457135.82487 19.540 0.052 3.28 385.0
2457136.73395 19.355 0.082 5.38 507.0
2457136.91714 19.542 0.085 4.73 465.0
2457137.81235 19.578 0.059 3.57 395.0
2457138.69892 19.448 0.087 5.82 424.0
2457138.88552 19.447 0.064 3.86 460.0
2457139.80631 19.717 0.097 5.04 419.0
2457140.69971 19.530 0.101 5.57 571.0
2457140.87892 19.583 0.087 4.67 491.0
2457141.76200 19.337 0.052 3.63 488.0
2457142.65955 19.387 0.065 3.87 595.0
2457142.82819 19.689 0.074 3.64 444.0
2457143.71089 19.689 0.123 5.37 534.0
2457143.89457 19.568 0.077 4.28 462.0
2457144.77118 19.508 0.089 4.50 684.0
2457145.79698 19.465 0.091 4.99 653.0
2457146.65343 19.601 0.151 5.60 1154.0
2457146.79032 19.661 0.090 3.84 792.0
2457146.93212 19.781 0.156 4.66 1237.0
2457147.77303 19.825 0.126 4.71 730.0
2457147.91666 19.453 0.093 4.46 839.0
2457152.75690 19.639 0.109 5.68 547.0
2457152.92318 19.622 0.115 5.68 673.0
2457153.76012 19.399 0.049 3.12 503.0
2457153.92577 19.394 0.074 4.36 623.0
2457154.82306 19.446 0.068 4.01 478.0
2457155.66685 19.522 0.079 4.53 485.0
2457155.85546 19.484 0.077 4.14 525.0
2457156.67785 19.482 0.061 3.64 424.0
2457157.66110 19.546 0.067 3.84 432.0
2457157.90228 19.582 0.071 3.83 462.0
2457158.75496 19.469 0.072 4.79 429.0
2457158.93936 19.803 0.161 5.47 956.0
2457159.75674 19.543 0.096 5.33 480.0
2457160.61512 19.666 0.133 6.25 583.0
2457160.80247 19.525 0.068 4.15 445.0
2457161.62666 19.336 0.074 5.10 499.0
2457161.82839 19.771 0.075 3.74 420.0
2457162.64708 19.552 0.091 5.46 421.0
2457162.83162 19.575 0.072 4.13 414.0
2457163.65688 19.702 0.133 6.02 528.0
2457163.83974 19.405 0.068 4.58 463.0
2457164.74325 19.484 0.073 4.87 418.0
2457164.92572 19.402 0.089 5.32 548.0
2457166.69095 19.475 0.100 6.53 423.0
2457169.66447 19.468 0.060 4.03 413.0
2457170.69591 19.437 0.070 4.64 453.0
2457172.76458 19.763 0.109 4.72 559.0
2457173.79453 19.441 0.076 4.15 649.0
2457174.78228 19.627 0.091 3.74 703.0
2457175.85036 19.319 0.082 3.97 1019.0
2457178.82181 19.410 0.094 4.82 851.0
2457179.74380 19.569 0.111 5.29 626.0
2457180.73763 19.564 0.097 5.41 468.0
2457181.76068 19.407 0.074 4.79 432.0
2457182.78053 19.574 0.081 4.65 384.0
2457183.78396 19.847 0.129 6.16 387.0
2457184.81896 19.750 0.104 5.11 391.0
2457185.82574 19.602 0.091 5.07 436.0
2457187.59819 19.513 0.092 5.64 399.0
2457188.61239 19.450 0.085 5.40 457.0
2457189.71542 19.509 0.073 4.52 483.0
2457190.77567 19.563 0.085 4.63 537.0
2457193.73633 19.549 0.065 3.91 387.0
2457194.81021 19.461 0.073 5.22 517.0
2457198.52747 19.367 0.092 5.63 566.0
2457199.53261 19.432 0.086 5.27 560.0
2457200.51389 19.442 0.076 4.18 696.0
2457202.74856 19.627 0.120 4.94 771.0
2457206.78078 19.473 0.113 4.65 1172.0
2457207.80204 19.753 0.184 6.99 878.0
2457207.82246 19.369 0.097 4.80 917.0
2457211.53640 19.620 0.102 4.97 537.0
2457214.50289 19.738 0.151 6.36 570.0
2457217.76640 19.671 0.106 5.67 406.0
2457220.55960 19.560 0.068 4.52 390.0
2457221.59101 19.477 0.070 4.60 404.0
2457222.69644 19.612 0.109 6.03 510.0
2457224.47064 19.479 0.088 4.77 707.0
2457225.54481 19.581 0.095 5.16 533.0
2457226.78912 19.381 0.072 5.00 446.0
2457227.79984 19.579 0.113 6.55 439.0
2457229.53118 19.496 0.072 4.09 627.0
2457236.48084 19.797 0.131 5.61 444.0
2457249.67950 19.293 0.087 6.82 386.0
2457253.50800 19.617 0.088 4.95 433.0
2457256.52959 19.472 0.086 5.01 515.0
2457258.59620 19.465 0.126 6.62 615.0
2457258.67251 19.493 0.111 5.51 693.0
2457263.62212 19.582 0.090 4.43 689.0
2457265.57816 19.642 0.084 4.11 514.0
2457268.57777 19.525 0.062 4.05 390.0
2457270.56724 19.621 0.085 4.83 392.0
2457273.56899 19.434 0.107 6.48 534.0
2457277.61198 19.561 0.147 8.03 402.0
2457283.61780 19.367 0.131 8.65 485.0
2457292.49194 19.496 0.159 7.07 785.0
2457292.60992 19.726 0.229 7.69 989.0
2457293.59428 19.604 0.091 5.30 434.0
2457299.49786 19.436 0.115 7.28 526.0
2457299.58856 19.705 0.154 7.38 580.0
2457307.54052 19.670 0.140 7.69 499.0
2457311.53821 19.346 0.092 6.22 501.0
2457313.51177 19.803 0.182 5.79 999.0
2457318.51339 19.500 0.109 5.19 739.0
2457322.53788 19.291 0.130 6.09 1274.0
2457325.52879 19.576 0.113 5.64 615.0
2457331.51787 19.652 0.168 7.38 752.0
2457436.87876 19.746 0.136 6.27 488.0
2457439.85614 19.381 0.101 5.63 685.0
2457442.83948 19.455 0.097 4.76 781.0
2457446.82894 19.321 0.064 4.24 577.0
2457448.84138 19.574 0.092 5.27 496.0
2457451.88376 19.767 0.134 4.51 1031.0
2457452.80518 19.524 0.070 4.07 514.0
2457454.87933 19.512 0.078 4.73 418.0
2457456.89852 19.674 0.093 4.81 463.0
2457460.78595 19.626 0.110 5.98 485.0
2457462.78572 19.357 0.079 5.27 544.0
2457464.87941 19.389 0.058 4.09 500.0
2457467.83617 19.545 0.085 5.12 431.0
2457471.75941 19.625 0.139 5.76 837.0
2457472.82985 19.690 0.107 5.01 587.0
2457474.84094 19.377 0.086 5.35 595.0
2457475.88612 19.443 0.082 4.98 598.0
2457476.80009 19.492 0.089 4.68 800.0
2457480.81383 19.404 0.130 7.90 499.0
2457485.74913 19.596 0.104 6.22 394.0
2457486.87686 19.369 0.079 5.47 431.0
2457488.76215 19.362 0.070 5.27 393.0
2457491.77443 19.543 0.087 5.56 422.0
2457492.80714 19.473 0.063 4.17 420.0
2457493.80449 19.539 0.069 4.60 343.0
2457494.78107 19.629 0.084 5.06 380.0
2457495.76128 19.533 0.091 5.18 469.0
2457497.90750 19.389 0.086 5.76 472.0
2457498.92470 19.538 0.096 5.60 495.0
2457499.86937 19.610 0.121 5.96 579.0
2457500.80915 19.551 0.110 5.50 641.0
2457507.86588 19.429 0.064 3.84 552.0
2457508.91153 19.670 0.082 4.47 477.0
2457511.75666 19.608 0.062 3.70 391.0
2457516.67380 19.513 0.098 6.45 520.0
2457523.91179 19.338 0.075 5.39 486.0
2457526.92621 19.581 0.115 5.70 690.0
2457530.80693 19.615 0.114 4.72 921.0
2457534.92007 19.433 0.105 5.04 1091.0
2457545.65849 19.514 0.077 5.19 401.0
2457546.78044 19.651 0.093 5.16 405.0
2457547.71405 19.468 0.074 5.41 339.0
2457549.57871 19.459 0.082 5.88 431.0
2457550.58526 19.727 0.123 6.72 423.0
2457550.93020 19.758 0.204 7.97 692.0
2457555.67646 19.601 0.079 4.58 538.0
2457557.61470 19.676 0.109 4.75 707.0
2457561.77594 19.795 0.122 4.85 769.0
2457566.64231 19.554 0.085 5.51 394.0
2457567.56644 19.534 0.102 5.66 562.0
2457567.88576 19.946 0.257 7.70 726.0
2457569.57700 19.435 0.082 5.69 428.0
2457570.64448 19.585 0.073 5.15 475.0
2457570.67286 19.591 0.079 5.16 361.0
2457570.71657 19.503 0.074 5.23 330.0
2457570.77348 19.617 0.112 6.75 443.0
2457570.85876 19.913 0.183 7.72 575.0
2457575.73169 19.487 0.071 5.09 357.0
2457576.74178 19.424 0.068 5.17 335.0
2457581.72957 19.499 0.078 5.37 444.0
2457584.66136 19.554 0.096 5.32 487.0
2457589.66509 19.775 0.156 5.82 794.0
2457590.67504 19.521 0.097 5.31 592.0
2457593.65560 19.511 0.073 5.21 353.0
2457599.48934 19.534 0.113 6.04 483.0
2457600.69534 19.503 0.104 6.79 392.0
2457602.71969 19.593 0.131 7.38 413.0
2457603.76260 19.428 0.083 6.12 363.0
2457604.76814 19.377 0.076 5.65 378.0
2457606.67960 19.635 0.107 6.51 348.0
2457608.49368 19.894 0.132 6.07 373.0
2457609.63496 19.467 0.085 5.90 362.0
2457611.57319 19.481 0.103 6.38 411.0
2457612.73066 19.511 0.094 5.60 494.0
2457617.59373 19.399 0.112 6.04 692.0
2457618.71258 19.317 0.100 5.33 905.0
2457623.71720 19.422 0.088 5.76 472.0
2457625.68566 19.535 0.109 6.96 389.0
2457631.48317 19.380 0.078 5.09 481.0
2457633.57063 19.435 0.120 7.38 412.0
2457636.58426 19.534 0.098 6.11 406.0
2457639.48524 19.723 0.161 6.72 529.0
2457645.51555 19.525 0.162 6.71 985.0
2457649.57320 19.546 0.086 4.49 580.0
2457652.55134 19.639 0.090 5.75 409.0
2457660.58800 19.432 0.113 6.92 484.0
2457675.53987 19.555 0.128 5.96 719.0
2457682.52230 19.669 0.118 5.79 631.0
2457797.87759 19.470 0.117 5.45 894.0
2457799.87221 19.547 0.112 5.51 668.0
2457801.86224 19.642 0.131 5.43 780.0
2457803.84220 19.488 0.145 5.56 1374.0
2457807.82839 19.522 0.100 6.00 465.0
2457808.88527 19.417 0.074 5.14 437.0
2457809.88760 19.419 0.082 5.39 436.0
2457810.88417 19.412 0.079 5.11 425.0
2457812.84048 19.532 0.078 4.55 502.0
2457813.83145 19.516 0.087 4.90 560.0
2457815.83772 19.468 0.083 5.06 490.0
2457817.82594 19.545 0.082 4.65 527.0
2457818.81219 19.423 0.072 4.69 484.0
2457818.90261 19.542 0.085 4.37 613.0
2457819.88903 19.524 0.077 4.95 393.0
2457820.89174 19.555 0.071 4.19 436.0
2457821.88936 19.521 0.101 5.74 493.0
2457822.88526 19.521 0.083 4.96 469.0
2457823.87037 19.378 0.075 4.58 600.0
2457824.86640 19.437 0.108 5.94 649.0
2457825.85818 19.537 0.098 5.05 608.0
2457826.81658 19.662 0.118 5.12 717.0
2457826.90658 19.556 0.092 4.35 790.0
2457827.88136 19.449 0.072 4.37 520.0
2457828.85069 19.340 0.068 4.51 554.0
2457829.83282 19.463 0.116 6.17 661.0
2457830.84413 19.686 0.100 4.81 597.0
2457834.78343 19.473 0.138 7.07 639.0
2457835.87544 19.691 0.123 6.46 397.0
2457837.77988 19.573 0.113 6.85 387.0
2457838.85114 19.559 0.087 5.44 419.0
2457839.91479 19.483 0.068 3.95 576.0
2457841.79891 19.577 0.132 7.62 376.0
2457842.83958 19.477 0.080 5.51 374.0
2457843.88138 19.497 0.080 5.75 325.0
2457846.78541 19.409 0.078 5.91 345.0
2457847.81130 19.375 0.067 4.94 365.0
2457848.84061 19.501 0.076 5.32 340.0
2457849.88035 19.354 0.052 4.12 345.0
2457850.90976 19.411 0.067 4.79 371.0
2457852.81835 19.416 0.120 7.56 471.0
2457855.79074 19.350 0.081 4.67 654.0
2457856.81722 19.252 0.100 6.45 604.0
2457858.78775 19.434 0.090 5.36 595.0
2457862.69747 19.231 0.068 5.21 501.0
2457863.76910 19.341 0.086 6.42 404.0
2457864.72765 19.197 0.049 4.53 359.0
2457865.74622 19.245 0.060 5.02 392.0
2457866.75839 19.148 0.052 4.55 388.0
2457867.77745 19.230 0.046 3.99 348.0
2457868.87541 19.289 0.096 6.99 441.0
2457869.88710 19.127 0.047 4.04 414.0
2457870.91350 19.158 0.050 4.09 376.0
2457872.66480 19.144 0.055 4.83 448.0
2457873.68371 19.145 0.050 4.35 427.0
2457874.65827 19.027 0.059 5.49 486.0
2457874.91462 18.948 0.052 5.33 442.0
2457876.70153 18.978 0.050 4.85 481.0
2457877.67910 18.863 0.045 4.62 486.0
2457878.67116 18.777 0.042 4.64 592.0
2457879.69185 19.011 0.061 5.55 506.0
2457880.73592 18.907 0.053 5.31 498.0
2457881.83166 18.921 0.055 5.06 560.0
2457882.83938 18.824 0.051 4.73 693.0
2457890.74913 18.680 0.045 5.15 588.0
2457893.73161 18.753 0.052 6.23 433.0
2457894.62311 18.743 0.053 6.24 531.0
2457894.87485 18.805 0.050 5.50 457.0
2457897.67916 18.950 0.053 5.29 403.0
2457901.78549 18.905 0.044 4.84 438.0
2457902.74407 19.030 0.045 4.39 382.0
2457903.82157 18.901 0.045 4.86 392.0
2457904.73454 18.978 0.039 4.11 341.0
2457905.60022 18.978 0.057 5.69 460.0
2457905.85623 19.023 0.048 4.20 475.0
2457906.75696 19.028 0.037 3.42 415.0
2457907.65170 19.183 0.064 4.41 647.0
2457908.59764 19.224 0.081 5.33 652.0
2457908.85174 18.987 0.051 4.95 449.0
2457909.72636 19.061 0.046 3.66 527.0
2457909.94417 19.108 0.087 5.70 941.0
2457910.77058 19.118 0.055 4.38 542.0
2457911.63642 19.139 0.077 5.44 653.0
2457917.66757 19.204 0.065 4.75 531.0
2457917.90464 19.172 0.128 7.30 921.0
2457922.61273 19.295 0.082 5.88 460.0
2457923.62775 19.328 0.081 5.83 442.0
2457923.89159 19.496 0.122 6.39 562.0
2457924.72214 19.379 0.063 3.82 427.0
2457925.61986 19.400 0.076 5.42 385.0
2457925.89287 19.377 0.109 7.16 585.0
2457926.82843 19.389 0.104 7.18 445.0
2457928.61852 19.368 0.086 5.87 453.0
2457932.65876 19.358 0.104 6.91 422.0
2457933.78755 19.541 0.098 6.19 362.0
2457934.71141 19.406 0.059 4.21 366.0
2457935.54433 19.399 0.071 4.82 450.0
2457935.80122 19.442 0.058 4.49 338.0
2457936.70449 19.451 0.072 5.10 337.0
2457937.52550 19.552 0.109 5.71 578.0
2457937.78399 19.562 0.112 6.85 372.0
2457944.47337 19.572 0.136 5.43 1054.0
2457944.57801 19.323 0.080 4.51 743.0
2457944.67956 19.456 0.084 4.12 674.0
2457944.80220 19.670 0.139 5.38 825.0
2457945.63637 19.533 0.062 3.64 497.0
2457946.47724 19.408 0.094 5.94 460.0
2457946.74200 19.367 0.089 5.98 456.0
2457947.64667 19.468 0.089 5.91 405.0
2457948.55921 19.430 0.074 5.23 378.0
2457948.83160 19.459 0.115 6.86 563.0
2457949.76782 19.596 0.146 6.13 803.0
2457953.53547 19.576 0.093 5.48 401.0
2457953.81075 19.465 0.093 6.34 404.0
2457954.74366 19.474 0.071 4.90 456.0
2457956.56278 19.451 0.065 4.28 385.0
2457957.56045 19.394 0.088 6.02 415.0
2457958.66039 19.507 0.088 5.68 373.0
2457959.55913 19.446 0.059 4.25 368.0
2457959.79695 19.642 0.119 6.76 405.0
2457960.71545 19.354 0.069 5.28 351.0
2457961.69456 19.536 0.084 5.45 480.0
2457963.54577 19.428 0.076 4.67 496.0
2457964.74974 19.616 0.111 6.25 489.0
2457966.55583 19.546 0.107 6.15 440.0
2457967.61596 19.722 0.133 6.41 475.0
2457971.48959 19.303 0.109 5.60 890.0
2457972.62283 19.333 0.109 6.05 702.0
2457972.72840 19.613 0.155 5.86 873.0
2457974.49412 19.695 0.109 5.19 544.0
2457974.74501 19.729 0.159 6.22 713.0
2457979.64060 19.513 0.061 4.05 385.0
2457981.48884 19.860 0.149 5.66 574.0
2457982.56818 19.498 0.080 4.78 390.0
2457983.62130 19.494 0.078 5.00 396.0
2457985.49800 19.546 0.143 7.75 479.0
2457986.60821 19.631 0.078 4.61 377.0
2457990.47339 19.824 0.174 5.63 916.0
2457991.54084 19.582 0.112 6.26 437.0
2457992.61070 19.427 0.079 5.33 408.0
2457994.48747 19.435 0.086 5.24 494.0
2458000.53885 19.587 0.123 5.95 595.0
2458000.63742 19.798 0.190 6.82 753.0
2458002.55657 19.324 0.174 6.12 1770.0
2458004.58911 19.364 0.100 6.21 525.0
2458008.58673 19.659 0.119 6.37 417.0
2458012.56736 19.449 0.077 4.75 531.0
2458015.47501 19.433 0.161 5.50 1738.0
2458017.53332 19.729 0.103 5.35 443.0
2458020.52660 19.591 0.114 6.00 450.0
2458026.51731 19.264 0.130 4.91 2069.0
2458030.51339 19.405 0.092 5.00 761.0
2458040.52576 19.654 0.156 6.67 603.0
2458046.51096 19.595 0.159 7.16 711.0
2458053.52057 19.574 0.159 5.82 1045.0
2458056.50490 19.604 0.168 7.05 763.0
