2457063.89075 19.090 0.086 4.96 1234.0
2457066.85967 19.134 0.102 6.19 1036.0
2457069.88280 19.208 0.062 4.38 610.0
2457070.89572 19.086 0.066 3.74 1138.0
2457072.83998 19.223 0.074 5.73 539.0
2457074.86870 19.208 0.076 6.15 536.0
2457075.84483 19.058 0.066 6.35 506.0
2457076.84606 19.187 0.059 4.92 507.0
2457077.84401 19.214 0.090 6.80 529.0
2457078.83624 19.012 0.061 5.98 501.0
2457079.88874 19.348 0.113 7.34 506.0
2457080.85721 19.269 0.074 6.35 405.0
2457082.82555 19.023 0.052 5.37 482.0
2457082.90121 19.342 0.082 4.87 764.0
2457083.88387 19.137 0.058 5.07 436.0
2457084.86415 19.223 0.063 4.87 512.0
2457085.82966 19.095 0.064 4.59 788.0
2457086.81768 19.037 0.063 4.61 825.0
2457086.90451 19.072 0.054 3.40 949.0
2457087.87221 19.152 0.059 3.92 665.0
2457088.84312 19.314 0.070 4.35 602.0
2457089.80618 19.182 0.073 5.17 674.0
2457089.89769 19.287 0.080 5.40 628.0
2457090.86430 19.276 0.068 4.93 542.0
2457091.81765 19.318 0.071 4.59 662.0
2457091.90772 19.046 0.066 4.18 995.0
2457092.85220 19.204 0.053 3.68 588.0
2457093.85159 19.158 0.054 4.26 492.0
2457097.83076 19.162 0.043 3.48 437.0
2457098.79604 19.229 0.056 4.38 463.0
2457098.87845 19.151 0.047 4.13 439.0
2457099.82021 19.291 0.061 4.86 419.0
2457100.78386 19.133 0.068 5.09 595.0
2457100.86008 19.142 0.050 4.00 474.0
2457101.82982 19.236 0.085 6.30 631.0
2457102.81792 19.079 0.071 6.60 458.0
2457108.79229 19.272 0.085 6.33 611.0
2457109.76465 19.343 0.067 5.44 440.0
2457109.83446 19.134 0.049 4.64 409.0
2457110.75654 19.204 0.050 4.47 433.0
2457110.85538 19.107 0.053 4.89 466.0
2457111.77613 19.114 0.050 4.31 454.0
2457111.88634 19.012 0.045 4.77 401.0
2457112.78371 19.174 0.076 5.48 616.0
2457112.89434 19.256 0.048 3.51 473.0
2457113.82637 19.216 0.051 4.12 473.0
2457114.82493 19.030 0.044 3.71 522.0
2457115.77849 19.170 0.056 4.25 555.0
2457116.75323 19.289 0.100 5.68 767.0
2457117.73228 19.163 0.081 5.02 930.0
2457117.91973 19.162 0.058 3.60 835.0
2457118.77733 19.355 0.075 4.07 1059.0
2457119.78886 19.078 0.063 4.81 704.0
2457120.73535 19.217 0.062 4.18 706.0
2457120.87908 19.123 0.051 4.09 573.0
2457125.83033 19.208 0.046 3.61 489.0
2457126.78224 19.154 0.052 4.35 484.0
2457129.73628 19.198 0.058 5.13 433.0
2457129.91833 19.198 0.059 4.79 449.0
2457130.85400 19.342 0.064 4.73 416.0
2457131.76231 19.123 0.047 4.08 453.0
2457132.69802 19.390 0.096 6.22 576.0
2457133.82336 19.208 0.058 4.64 496.0
2457134.71082 19.339 0.069 5.21 478.0
2457134.89685 19.173 0.049 4.02 459.0
2457135.80103 19.178 0.041 3.59 406.0
2457136.71950 19.160 0.056 4.58 500.0
2457136.90226 19.175 0.059 4.65 446.0
2457137.78792 19.146 0.038 3.39 390.0
2457138.68637 19.402 0.089 6.19 479.0
2457138.87000 19.115 0.045 3.69 468.0
2457139.78186 19.146 0.052 4.58 423.0
2457140.68706 19.340 0.080 5.34 572.0
2457140.86392 19.143 0.051 4.19 494.0
2457141.74737 19.118 0.039 3.27 462.0
2457141.93414 18.962 0.070 4.17 1360.0
2457142.80266 19.240 0.051 3.63 470.0
2457143.69664 19.079 0.055 4.38 526.0
2457143.87045 19.202 0.050 3.68 507.0
2457144.74991 19.015 0.101 6.47 1052.0
2457145.78233 19.147 0.058 4.26 632.0
2457146.64097 19.080 0.094 5.88 1232.0
2457146.77760 19.257 0.063 3.97 775.0
2457146.91948 19.200 0.058 3.60 809.0
2457147.76052 19.101 0.063 4.58 713.0
2457147.84773 18.986 0.054 4.25 724.0
2457147.87600 19.113 0.059 4.18 762.0
2457147.90422 19.081 0.057 4.01 805.0
2457147.92899 19.202 0.083 5.02 937.0
2457148.70517 19.236 0.077 4.93 783.0
2457148.78781 19.185 0.075 5.51 727.0
2457148.86270 19.104 0.085 6.63 828.0
2457150.82262 19.133 0.067 4.36 833.0
2457151.81719 19.098 0.069 5.11 682.0
2457152.90836 19.187 0.073 5.44 660.0
2457153.74562 19.242 0.049 3.74 490.0
2457153.91113 19.120 0.051 3.88 600.0
2457154.79071 19.174 0.051 4.15 507.0
2457155.65182 19.173 0.067 5.41 506.0
2457155.84121 19.252 0.057 4.00 503.0
2457156.66209 19.237 0.051 4.06 423.0
2457157.64642 19.181 0.049 4.29 418.0
2457157.88749 19.184 0.064 5.07 483.0
2457158.74061 19.058 0.046 4.42 430.0
2457158.92471 19.297 0.068 4.68 558.0
2457159.74144 19.221 0.063 5.07 468.0
2457159.92616 19.227 0.059 4.11 539.0
2457160.77419 19.088 0.045 4.10 439.0
2457161.61146 19.191 0.061 4.71 535.0
2457161.81363 19.142 0.043 3.59 426.0
2457162.63242 19.283 0.072 5.69 444.0
2457162.81677 19.123 0.057 5.23 427.0
2457163.64161 19.114 0.072 6.11 533.0
2457163.82482 19.217 0.062 4.97 462.0
2457164.72791 19.133 0.059 5.26 451.0
2457164.91114 19.101 0.061 5.15 524.0
2457166.75309 19.097 0.054 4.84 466.0
2457166.91920 19.001 0.054 5.13 525.0
2457169.66298 19.194 0.049 4.42 418.0
2457169.85823 19.198 0.047 4.16 392.0
2457170.65023 19.169 0.051 4.39 460.0
2457170.84043 19.205 0.054 4.47 448.0
2457172.65261 19.213 0.073 5.43 567.0
2457172.83919 19.236 0.065 4.50 563.0
2457173.62790 19.047 0.067 5.48 711.0
2457173.82540 19.109 0.053 3.93 655.0
2457174.59419 19.287 0.107 5.97 906.0
2457174.76520 19.112 0.058 4.03 693.0
2457174.92942 19.136 0.080 5.00 847.0
2457175.71067 19.094 0.066 4.05 1136.0
2457175.93009 19.172 0.093 4.90 1239.0
2457178.82029 19.108 0.064 3.83 822.0
2457179.59213 19.103 0.073 4.93 727.0
2457179.75694 19.350 0.083 4.95 587.0
2457179.92365 19.255 0.082 4.91 774.0
2457180.70426 19.195 0.061 4.71 472.0
2457180.88012 19.214 0.065 4.32 611.0
2457181.64155 19.204 0.053 4.73 399.0
2457181.83313 19.042 0.056 4.99 468.0
2457182.60132 19.157 0.057 5.40 357.0
2457182.79358 19.227 0.058 4.63 396.0
2457183.54931 19.159 0.075 6.59 421.0
2457183.73791 19.389 0.078 5.78 386.0
2457183.90494 19.153 0.065 5.59 444.0
2457184.71673 19.268 0.078 7.06 371.0
2457184.89440 19.184 0.064 5.23 469.0
2457185.67988 19.073 0.064 6.11 450.0
2457185.85376 19.207 0.084 6.58 490.0
2457186.81627 19.198 0.066 5.23 486.0
2457187.59672 19.227 0.066 5.54 417.0
2457187.78080 19.242 0.062 4.84 454.0
2457188.56164 19.198 0.077 6.25 483.0
2457188.75414 19.187 0.059 4.84 458.0
2457189.60091 19.221 0.062 4.92 455.0
2457189.78818 19.111 0.043 3.45 501.0
2457190.57473 19.262 0.065 5.00 502.0
2457190.77420 19.181 0.062 4.75 529.0
2457191.60959 19.334 0.078 5.37 522.0
2457191.87201 19.092 0.071 6.01 530.0
2457193.59516 19.134 0.044 3.83 387.0
2457193.82235 19.244 0.054 4.36 452.0
2457194.58646 19.080 0.048 4.87 383.0
2457194.77711 19.252 0.060 4.75 503.0
2457195.61348 19.256 0.046 3.71 728.0
2457197.61874 19.206 0.054 4.86 377.0
2457197.80262 19.137 0.052 4.72 413.0
2457198.59734 19.199 0.066 5.87 428.0
2457198.78362 19.310 0.067 5.12 423.0
2457199.55983 19.218 0.059 4.94 488.0
2457199.74218 19.103 0.044 4.07 409.0
2457200.49772 19.105 0.073 5.30 833.0
2457200.67444 19.171 0.040 3.50 417.0
2457200.84515 19.109 0.050 4.00 546.0
2457202.83760 19.045 0.109 6.99 923.0
2457206.63606 19.173 0.084 4.96 1021.0
2457206.80949 19.261 0.087 4.15 1208.0
2457207.61712 19.133 0.067 5.04 712.0
2457209.71354 19.168 0.059 4.58 499.0
2457211.49208 19.146 0.079 5.70 684.0
2457211.66427 19.169 0.050 4.63 362.0
2457211.83387 19.080 0.075 6.23 627.0
2457214.61505 19.272 0.065 5.52 507.0
2457217.57011 19.196 0.073 5.92 459.0
2457217.83262 19.281 0.074 5.82 796.0
2457219.69071 19.194 0.048 4.18 392.0
2457220.47350 19.409 0.118 7.11 677.0
2457220.57261 19.228 0.050 4.47 377.0
2457220.75763 19.144 0.046 4.23 399.0
2457221.56049 19.255 0.066 5.27 456.0
2457221.74281 19.121 0.055 4.93 386.0
2457222.52972 19.265 0.080 6.27 507.0
2457222.74135 19.137 0.063 5.22 685.0
2457223.57748 19.208 0.069 5.81 447.0
2457223.76517 19.143 0.071 6.00 470.0
2457224.62977 19.253 0.071 6.20 351.0
2457225.46987 18.988 0.058 5.13 897.0
2457226.48745 19.081 0.069 6.18 489.0
2457226.67277 19.301 0.051 3.94 377.0
2457226.81917 19.154 0.060 4.78 554.0
2457227.62765 19.056 0.042 4.10 376.0
2457228.64198 19.261 0.059 4.38 473.0
2457229.48662 19.058 0.055 4.71 574.0
2457229.65110 19.144 0.050 3.76 556.0
2457229.80406 19.149 0.063 4.99 581.0
2457235.67078 19.278 0.076 4.46 791.0
2457236.52734 19.216 0.074 5.28 539.0
2457249.50971 19.082 0.070 6.72 432.0
2457249.67801 19.108 0.067 6.37 387.0
2457252.50532 19.005 0.072 6.21 594.0
2457252.71645 19.160 0.069 6.43 439.0
2457253.65426 19.190 0.057 5.13 382.0
2457255.62257 19.301 0.071 5.56 411.0
2457256.62533 19.348 0.081 5.74 501.0
2457257.68458 19.181 0.059 4.75 533.0
2457258.59471 18.995 0.074 6.18 629.0
2457258.69256 19.086 0.077 5.58 722.0
2457261.65129 19.086 0.090 6.37 929.0
2457263.60624 19.265 0.059 3.87 670.0
2457264.55317 19.119 0.063 4.73 642.0
2457265.51555 19.314 0.061 4.02 525.0
2457265.70461 19.233 0.071 4.85 659.0
2457267.64035 19.165 0.057 4.77 449.0
2457268.65374 19.166 0.044 3.86 435.0
2457269.64124 19.155 0.055 5.15 404.0
2457270.58024 19.186 0.050 4.38 387.0
2457271.53611 19.264 0.076 5.90 428.0
2457272.56155 18.988 0.066 6.26 501.0
2457273.68012 19.132 0.068 5.54 527.0
2457277.48223 19.057 0.071 6.44 519.0
2457277.67029 19.180 0.094 7.72 447.0
2457278.66020 19.166 0.075 6.53 412.0
2457284.51954 19.104 0.055 5.07 484.0
2457292.48892 19.422 0.158 7.87 798.0
2457292.60842 19.174 0.128 7.42 962.0
2457293.59278 19.335 0.068 5.10 442.0
2457294.58582 19.035 0.088 7.75 721.0
2457295.56824 19.139 0.063 5.29 573.0
2457297.56485 19.232 0.109 7.83 576.0
2457299.57778 19.245 0.085 6.98 572.0
2457307.53899 19.170 0.075 6.58 495.0
2457311.53670 19.212 0.079 6.20 502.0
2457313.51025 19.102 0.097 6.00 1017.0
2457318.51187 19.152 0.075 5.15 738.0
2457322.53637 19.104 0.114 6.01 1291.0
2457325.51579 19.115 0.080 6.18 607.0
2457429.87540 19.210 0.088 6.36 594.0
2457430.87115 18.978 0.050 4.97 809.0
2457431.85970 19.244 0.061 4.41 604.0
2457432.86367 19.244 0.062 4.80 506.0
2457433.88295 19.192 0.061 4.92 540.0
2457435.89455 19.245 0.118 6.05 1199.0
2457437.85012 19.129 0.057 5.18 430.0
2457438.86687 19.219 0.067 5.18 481.0
2457439.89321 19.068 0.076 4.93 1036.0
2457441.84497 19.034 0.060 4.30 800.0
2457442.86171 19.298 0.074 4.33 715.0
2457443.87349 19.276 0.078 5.19 624.0
2457444.85119 19.080 0.065 5.46 586.0
2457445.84165 19.193 0.062 4.69 592.0
2457446.85004 19.203 0.050 3.85 538.0
2457447.85974 19.072 0.051 4.30 499.0
2457448.86757 19.135 0.064 4.25 908.0
2457449.83340 19.373 0.126 5.33 1340.0
2457449.89703 19.188 0.058 4.46 503.0
2457452.83051 19.110 0.041 3.57 477.0
2457453.82755 19.013 0.039 3.96 451.0
2457454.90455 19.194 0.068 4.90 596.0
2457456.81218 19.353 0.085 5.81 527.0
2457457.78944 19.230 0.081 5.82 622.0
2457458.79826 19.237 0.096 7.28 489.0
2457460.78445 19.356 0.097 6.67 498.0
2457461.78477 19.110 0.047 4.24 476.0
2457462.78781 19.031 0.052 4.51 536.0
2457462.90651 19.142 0.055 4.47 552.0
2457464.84237 19.225 0.057 4.73 510.0
2457465.86866 19.159 0.061 5.35 492.0
2457467.80272 19.193 0.065 5.24 565.0
2457470.75780 19.138 0.091 6.21 772.0
2457470.88794 19.167 0.059 4.90 558.0
2457471.83138 19.182 0.070 4.94 637.0
2457472.78207 19.162 0.065 4.76 637.0
2457472.91496 19.403 0.084 4.84 661.0
2457474.78748 19.260 0.072 5.17 640.0
2457474.88921 19.300 0.060 4.26 561.0
2457475.81849 19.107 0.084 6.26 662.0
2457476.79859 19.286 0.073 4.34 891.0
2457484.72598 19.422 0.107 7.29 436.0
2457484.83101 19.213 0.067 6.02 414.0
2457485.74606 19.226 0.077 6.58 400.0
2457485.85073 19.143 0.062 6.04 392.0
2457486.75248 19.217 0.087 7.11 452.0
2457486.85105 19.039 0.059 5.88 429.0
2457487.74347 19.159 0.056 5.16 448.0
2457487.86021 19.141 0.068 6.28 474.0
2457488.74653 19.172 0.056 5.04 441.0
2457488.86936 19.178 0.043 3.55 493.0
2457489.78595 19.214 0.060 4.96 528.0
2457489.84450 19.105 0.050 4.86 595.0
2457491.75864 19.149 0.087 7.19 459.0
2457491.87773 19.057 0.037 3.78 377.0
2457492.74701 19.277 0.061 5.13 410.0
2457492.86555 19.123 0.041 3.66 429.0
2457493.73491 19.160 0.062 5.57 407.0
2457493.85338 19.139 0.040 4.32 337.0
2457494.71614 19.218 0.053 4.49 441.0
2457494.83853 19.119 0.046 4.54 386.0
2457495.68735 19.157 0.065 5.36 554.0
2457495.79571 19.262 0.076 6.08 433.0
2457495.90799 19.278 0.075 5.97 437.0
2457497.93270 19.231 0.110 6.20 920.0
2457498.81400 19.124 0.068 5.74 562.0
2457499.67994 19.108 0.082 5.69 807.0
2457499.77925 19.072 0.053 4.60 586.0
2457499.88078 19.187 0.059 4.57 553.0
2457500.72115 19.129 0.068 4.89 724.0
2457500.82028 19.072 0.060 4.66 624.0
2457500.92272 18.986 0.062 5.31 662.0
2457507.82937 19.247 0.050 3.67 519.0
2457508.65590 19.102 0.048 4.39 451.0
2457508.77897 19.061 0.037 3.81 409.0
2457508.88040 19.014 0.043 4.07 468.0
2457509.77290 19.226 0.068 5.92 437.0
2457509.87551 19.192 0.055 4.68 470.0
2457511.72691 19.143 0.045 4.24 415.0
2457511.84755 19.229 0.046 3.64 456.0
2457512.79660 19.064 0.041 4.17 399.0
2457512.91786 19.025 0.044 4.43 488.0
2457518.74020 19.121 0.066 6.07 441.0
2457522.85364 19.141 0.066 5.28 543.0
2457523.85201 19.174 0.056 5.12 455.0
2457526.61512 19.130 0.084 6.73 702.0
2457526.72512 19.084 0.060 5.12 572.0
2457526.86565 19.263 0.077 5.84 525.0
2457528.84820 19.237 0.078 5.10 738.0
2457529.75513 19.057 0.089 6.54 727.0
2457530.70038 19.083 0.071 4.91 904.0
2457530.83954 19.303 0.082 4.88 811.0
2457534.69949 19.098 0.057 5.11 568.0
2457534.81017 19.155 0.052 4.24 569.0
2457534.91639 19.400 0.085 4.55 852.0
2457536.70013 19.167 0.067 5.68 455.0
2457536.80944 19.148 0.054 4.37 462.0
2457545.64687 19.133 0.053 5.17 407.0
2457545.85275 19.212 0.058 4.92 428.0
2457546.62054 19.230 0.091 7.47 440.0
2457546.77735 19.204 0.070 5.79 419.0
2457546.94362 19.330 0.105 6.28 735.0
2457547.62912 19.159 0.067 6.42 372.0
2457547.77124 19.226 0.059 5.39 347.0
2457547.86998 19.244 0.072 6.06 397.0
2457548.73700 19.110 0.038 3.92 361.0
2457549.62658 19.258 0.050 4.71 351.0
2457549.76274 19.239 0.054 5.03 338.0
2457549.88046 19.166 0.056 5.53 386.0
2457550.63469 19.268 0.080 6.81 393.0
2457550.77461 19.104 0.048 4.76 443.0
2457550.87338 19.372 0.092 6.13 581.0
2457552.88406 19.134 0.072 7.09 798.0
2457554.66426 19.437 0.074 5.38 425.0
2457555.56675 19.125 0.074 5.65 908.0
2457555.67486 19.070 0.050 4.61 540.0
2457555.78088 19.117 0.054 4.75 483.0
2457555.90125 19.113 0.061 5.21 515.0
2457557.61297 19.119 0.070 5.23 706.0
2457557.73024 19.302 0.079 5.08 719.0
2457557.87373 19.223 0.086 5.63 810.0
2457561.63117 19.127 0.060 4.47 783.0
2457561.74362 19.202 0.065 4.37 719.0
2457561.84161 19.177 0.077 4.94 918.0
2457562.60853 19.179 0.092 5.06 1491.0
2457566.57719 19.089 0.063 5.93 466.0
2457566.69682 19.115 0.056 5.60 372.0
2457566.79792 19.102 0.061 5.50 485.0
2457567.50579 19.060 0.083 6.91 676.0
2457567.61499 19.042 0.055 5.05 549.0
2457567.72689 19.196 0.054 4.62 486.0
2457567.82630 19.267 0.073 5.48 515.0
2457568.59926 19.259 0.067 5.73 402.0
2457568.72263 19.179 0.077 7.05 378.0
2457568.84818 19.122 0.095 7.47 547.0
2457569.61700 19.254 0.054 4.55 418.0
2457569.74278 19.188 0.057 5.28 387.0
2457570.69716 19.112 0.052 5.40 342.0
2457573.59498 19.154 0.067 6.44 383.0
2457575.51157 19.109 0.077 7.24 415.0
2457575.52554 19.264 0.078 6.31 403.0
2457575.70478 19.096 0.043 4.45 342.0
2457575.84399 19.309 0.072 5.58 450.0
2457576.66261 19.122 0.047 4.81 342.0
2457576.80374 19.218 0.063 5.49 385.0
2457579.63235 19.146 0.060 6.02 400.0
2457581.77875 19.114 0.055 5.50 454.0
2457583.77236 19.248 0.070 5.80 420.0
2457584.63296 19.172 0.071 5.75 493.0
2457584.78647 19.054 0.063 5.79 547.0
2457589.58641 19.153 0.086 5.61 874.0
2457589.74764 19.115 0.084 5.48 922.0
2457590.53819 19.246 0.070 4.72 739.0
2457590.68592 19.137 0.059 4.87 580.0
2457591.56052 19.109 0.131 6.73 1619.0
2457593.62885 19.066 0.055 5.81 361.0
2457593.76755 19.072 0.049 5.29 389.0
2457596.54202 19.137 0.042 4.31 354.0
2457599.62651 19.010 0.059 5.98 368.0
2457600.48397 19.129 0.084 7.10 452.0
2457600.78255 19.243 0.093 7.24 453.0
2457602.53404 19.320 0.082 6.32 402.0
2457602.69326 19.094 0.051 5.14 382.0
2457603.51359 19.227 0.061 5.43 366.0
2457603.67109 19.155 0.046 4.68 321.0
2457604.49951 19.074 0.066 6.44 425.0
2457604.63989 19.058 0.044 5.14 315.0
2457605.47829 19.227 0.066 5.87 394.0
2457605.64424 19.127 0.053 5.31 362.0
2457605.78024 19.375 0.083 5.81 479.0
2457607.55437 19.284 0.072 6.14 374.0
2457607.71874 19.180 0.057 5.27 344.0
2457608.63804 19.018 0.045 4.71 366.0
2457609.49317 19.137 0.063 5.64 406.0
2457609.68075 19.114 0.056 5.32 387.0
2457610.52188 19.118 0.067 6.15 416.0
2457610.71018 19.205 0.057 4.76 444.0
2457612.48478 19.195 0.086 6.71 520.0
2457612.62863 19.244 0.062 5.08 459.0
2457616.66041 19.299 0.096 5.32 1097.0
2457618.49357 19.186 0.092 6.47 693.0
2457618.65676 19.189 0.077 5.10 717.0
2457621.47715 19.045 0.065 6.22 525.0
2457621.67052 19.307 0.091 6.70 457.0
2457622.61724 19.085 0.052 4.59 439.0
2457623.52321 19.189 0.050 4.50 406.0
2457623.70439 19.401 0.084 5.84 455.0
2457624.65500 19.131 0.055 5.46 372.0
2457625.62779 19.095 0.055 5.59 377.0
2457626.62077 19.342 0.068 4.74 403.0
2457630.59490 19.095 0.048 4.81 372.0
2457631.57217 19.178 0.046 4.36 362.0
2457632.55702 19.179 0.061 5.52 390.0
2457633.59936 19.015 0.073 7.36 398.0
2457635.50739 19.383 0.100 7.20 432.0
2457636.56710 19.066 0.070 6.67 424.0
2457637.55794 19.162 0.057 5.68 369.0
2457638.56098 19.021 0.061 5.73 586.0
2457639.62231 19.041 0.049 4.62 465.0
2457644.54369 19.113 0.088 6.03 764.0
2457647.52143 19.113 0.097 6.32 833.0
2457648.56114 19.079 0.078 5.99 604.0
2457649.58643 19.236 0.059 4.07 597.0
2457650.51510 19.121 0.051 5.08 390.0
2457650.60565 19.255 0.084 6.31 540.0
2457651.53049 19.269 0.067 5.33 496.0
2457652.51768 19.196 0.058 5.33 394.0
2457652.52617 19.107 0.053 5.39 398.0
2457653.51708 19.243 0.053 4.62 409.0
2457653.57457 19.229 0.059 5.42 412.0
2457654.53316 19.153 0.080 6.91 477.0
2457655.52509 19.192 0.065 6.04 412.0
2457655.57665 19.105 0.059 5.95 418.0
2457656.52449 19.421 0.093 6.22 457.0
2457657.53146 19.342 0.081 5.89 452.0
2457657.57066 19.178 0.062 5.65 462.0
2457659.55041 19.270 0.080 5.98 475.0
2457660.51888 19.421 0.093 6.14 503.0
2457660.52526 19.370 0.091 6.42 502.0
2457661.52036 19.300 0.088 6.84 459.0
2457661.57145 19.233 0.083 6.72 483.0
2457662.52112 19.040 0.075 6.51 530.0
2457664.51915 19.142 0.082 6.39 553.0
2457664.52706 19.030 0.077 6.57 580.0
2457665.54183 19.085 0.077 6.38 665.0
2457666.52143 19.270 0.088 6.61 523.0
2457667.55071 19.310 0.079 6.25 487.0
2457671.50771 19.153 0.090 6.20 795.0
2457671.53275 19.096 0.071 5.57 660.0
2457672.50925 19.117 0.097 7.08 774.0
2457673.52952 19.006 0.084 5.54 1209.0
2457675.51615 19.016 0.104 7.95 692.0
2457675.53837 19.193 0.089 6.05 716.0
2457682.51139 19.179 0.077 5.94 640.0
2457683.51043 19.195 0.082 6.39 558.0
2457684.51343 19.013 0.095 7.57 672.0
2457792.87546 19.208 0.089 6.24 766.0
2457793.88298 19.189 0.067 4.74 759.0
2457794.88997 19.189 0.102 5.68 1160.0
2457797.87608 19.073 0.072 5.05 883.0
2457799.87070 19.125 0.075 5.63 661.0
2457801.86071 19.028 0.075 5.75 777.0
2457803.84068 19.145 0.101 5.63 1264.0
2457803.89858 19.333 0.129 4.37 2307.0
2457808.87879 19.177 0.050 4.45 424.0
2457809.87358 19.179 0.069 6.04 456.0
2457810.86853 19.314 0.065 4.87 448.0
2457811.88760 19.247 0.067 5.47 418.0
2457813.81789 19.256 0.074 5.39 611.0
2457814.89032 19.128 0.043 3.97 426.0
2457816.81616 19.276 0.083 6.42 486.0
2457817.81257 19.190 0.057 4.53 539.0
2457817.90303 19.149 0.061 4.15 826.0
2457819.87563 19.144 0.047 4.14 403.0
2457820.87834 19.117 0.047 4.17 455.0
2457821.87599 19.002 0.055 4.99 492.0
2457822.87176 19.067 0.056 4.94 483.0
2457823.85705 19.008 0.050 4.12 619.0
2457824.85312 19.164 0.078 5.57 655.0
2457825.84483 18.999 0.055 4.98 615.0
2457826.80314 19.062 0.067 5.24 732.0
2457826.89305 19.058 0.064 5.32 603.0
2457827.87983 18.955 0.047 4.47 519.0
2457828.84920 19.183 0.058 4.49 552.0
2457829.83130 19.073 0.070 5.59 656.0
2457830.84261 19.019 0.053 4.68 589.0
2457834.78966 18.923 0.075 6.38 718.0
2457834.89922 18.936 0.057 5.14 647.0
2457835.86632 18.944 0.068 7.26 405.0
2457836.81894 18.832 0.048 6.01 380.0
2457837.75544 18.725 0.046 6.57 382.0
2457837.86360 18.709 0.043 6.16 379.0
2457838.80176 18.693 0.038 5.13 423.0
2457839.74659 18.526 0.029 4.82 372.0
2457839.87054 18.624 0.028 4.20 332.0
2457840.79332 18.516 0.033 5.51 353.0
2457840.91368 18.483 0.029 4.34 457.0
2457841.85128 18.420 0.041 7.17 380.0
2457842.76812 18.216 0.032 6.75 388.0
2457842.87652 18.156 0.024 5.29 388.0
2457843.80044 18.007 0.022 5.54 350.0
2457843.91619 17.897 0.018 4.90 372.0
2457844.83658 17.666 0.021 7.31 370.0
2457845.74405 17.216 0.015 6.71 415.0
2457845.86140 17.082 0.010 5.01 360.0
2457846.79149 16.161 0.006 5.67 349.0
2457846.89722 15.995 0.005 5.14 368.0
2457847.80214 16.217 0.006 5.12 377.0
2457847.92308 16.373 0.008 4.72 1015.0
2457848.81564 17.175 0.010 4.61 339.0
2457849.72173 17.650 0.022 6.30 589.0
2457849.82892 17.705 0.014 4.22 369.0
2457850.73369 17.938 0.028 6.27 546.0
2457850.84267 18.035 0.020 4.76 376.0
2457851.75128 18.130 0.029 5.51 571.0
2457851.85994 18.204 0.024 4.87 386.0
2457852.85713 18.506 0.047 7.47 439.0
2457853.91594 18.472 0.046 7.09 474.0
2457854.78624 18.613 0.033 3.88 595.0
2457854.90377 18.663 0.032 3.61 545.0
2457855.81258 18.728 0.039 4.18 626.0
2457856.71084 18.615 0.062 6.89 763.0
2457856.82329 18.779 0.060 6.26 591.0
2457857.85649 18.827 0.073 7.05 670.0
2457857.91300 18.903 0.069 5.08 1028.0
2457858.77623 18.789 0.047 4.86 615.0
2457858.92403 18.877 0.050 4.99 597.0
2457862.78233 19.021 0.055 5.40 453.0
2457862.90672 18.923 0.044 4.44 443.0
2457863.86283 19.016 0.044 4.62 425.0
2457864.83321 19.023 0.037 3.94 369.0
2457865.69144 19.027 0.044 4.69 404.0
2457865.80926 18.954 0.036 3.75 395.0
2457866.68688 19.085 0.048 4.68 425.0
2457866.80483 19.030 0.039 3.85 379.0
2457866.92899 18.996 0.048 3.48 754.0
2457867.80843 19.056 0.035 3.52 344.0
2457867.93074 19.024 0.063 4.62 770.0
2457868.88159 19.102 0.090 8.51 449.0
2457869.74612 19.074 0.045 4.29 390.0
2457869.87705 19.101 0.041 3.61 408.0
2457870.75767 19.080 0.036 3.69 338.0
2457870.88847 19.078 0.040 3.64 375.0
2457871.77156 19.079 0.041 3.77 396.0
2457871.91307 19.006 0.040 3.93 413.0
2457872.77172 19.066 0.035 3.16 386.0
2457872.92062 19.053 0.044 3.96 449.0
2457873.75102 19.173 0.042 3.59 384.0
2457873.88565 19.079 0.042 3.64 411.0
2457874.71102 19.311 0.079 6.24 442.0
2457874.84166 19.070 0.063 6.17 432.0
2457875.76427 19.040 0.047 4.61 422.0
2457875.91422 19.150 0.057 4.93 577.0
2457876.72313 19.090 0.056 5.06 482.0
2457876.86136 19.125 0.047 4.03 422.0
2457877.68518 19.159 0.055 4.74 473.0
2457877.81532 19.137 0.040 3.53 419.0
2457878.71486 19.076 0.040 3.65 485.0
2457878.85735 19.123 0.042 3.72 420.0
2457879.68249 19.157 0.070 5.85 512.0
2457879.79021 19.072 0.089 7.65 489.0
2457880.71141 19.097 0.078 6.77 518.0
2457880.83319 19.149 0.072 5.90 517.0
2457881.78785 19.082 0.077 5.71 716.0
2457881.90668 19.096 0.083 6.79 541.0
2457882.78691 19.128 0.068 5.59 570.0
2457882.91698 19.113 0.058 4.73 566.0
2457890.83978 19.186 0.064 4.70 606.0
2457893.66076 19.161 0.073 6.48 470.0
2457893.77831 19.236 0.066 5.38 463.0
2457893.89922 19.047 0.052 4.69 481.0
2457894.64455 19.055 0.062 6.03 496.0
2457894.77117 19.173 0.061 5.88 395.0
2457894.88112 19.079 0.047 4.23 450.0
2457895.64319 19.291 0.063 5.08 592.0
2457897.68540 19.064 0.053 5.05 418.0
2457900.91862 19.141 0.077 6.55 469.0
2457901.62018 19.104 0.080 7.08 465.0
2457901.78060 19.161 0.058 5.22 489.0
2457902.61165 19.192 0.084 6.76 458.0
2457902.73073 19.147 0.048 4.52 388.0
2457902.90481 19.070 0.076 6.40 558.0
2457903.78045 19.135 0.074 6.92 381.0
2457903.89859 19.101 0.062 5.66 472.0
2457904.64048 19.210 0.064 5.83 396.0
2457904.76853 19.185 0.044 4.05 339.0
2457904.87824 19.081 0.059 5.60 442.0
2457905.60641 19.226 0.060 5.27 439.0
2457905.72440 19.169 0.046 4.32 369.0
2457905.84619 19.213 0.055 4.40 464.0
2457905.94458 19.159 0.095 5.19 1215.0
2457906.66479 19.060 0.045 4.30 412.0
2457906.79598 19.089 0.044 3.84 454.0
2457906.90505 19.136 0.061 4.51 629.0
2457907.66962 19.301 0.076 4.69 707.0
2457907.76880 19.302 0.062 4.37 512.0
2457908.61915 19.148 0.074 5.66 615.0
2457908.73677 19.171 0.046 3.55 511.0
2457908.85781 19.304 0.061 4.47 461.0
2457908.94253 19.243 0.107 6.25 905.0
2457909.66058 19.117 0.052 4.14 529.0
2457909.78095 19.244 0.062 3.78 707.0
2457909.88573 19.334 0.064 4.20 609.0
2457910.56750 19.230 0.095 6.34 736.0
2457910.68496 19.177 0.057 4.44 520.0
2457910.80744 19.115 0.051 4.13 548.0
2457910.93138 19.085 0.064 5.47 691.0
2457911.64252 19.210 0.073 5.03 636.0
2457911.81199 19.132 0.085 6.10 704.0
2457917.62669 19.155 0.082 6.49 592.0
2457917.74054 19.098 0.052 4.18 534.0
2457917.84911 18.952 0.062 5.10 733.0
2457918.59932 19.162 0.078 6.18 771.0
2457918.60232 19.090 0.068 5.88 667.0
2457922.60349 19.157 0.070 6.09 485.0
2457922.73255 19.193 0.066 5.60 431.0
2457923.60316 19.022 0.058 5.83 467.0
2457923.74007 19.113 0.075 6.55 458.0
2457923.84889 19.223 0.081 6.34 503.0
2457924.52562 19.140 0.068 5.75 511.0
2457924.63287 19.122 0.053 4.72 417.0
2457924.76007 19.104 0.050 4.40 399.0
2457924.86775 19.133 0.053 4.34 520.0
2457925.65711 19.194 0.047 4.31 356.0
2457925.79454 19.308 0.074 6.01 378.0
2457926.56251 19.079 0.065 6.35 469.0
2457926.71011 19.091 0.060 5.85 405.0
2457926.83453 19.130 0.075 6.82 447.0
2457928.67512 19.067 0.050 4.94 412.0
2457932.71364 19.409 0.098 7.02 405.0
2457932.83369 19.101 0.062 5.79 454.0
2457933.58376 19.109 0.067 6.57 389.0
2457933.69545 19.271 0.067 5.94 343.0
2457933.81407 19.149 0.081 7.38 390.0
2457934.51918 19.211 0.064 5.46 469.0
2457934.62596 19.156 0.051 4.92 375.0
2457934.74953 19.150 0.048 4.33 393.0
2457934.85153 19.389 0.101 7.28 414.0
2457935.60743 19.124 0.047 4.34 393.0
2457935.72971 19.069 0.044 4.34 345.0
2457935.86086 19.223 0.051 4.37 388.0
2457935.88964 19.117 0.051 4.83 424.0
2457936.59061 19.086 0.049 4.82 390.0
2457936.72645 19.217 0.059 5.19 360.0
2457936.84591 19.158 0.079 7.33 365.0
2457937.53170 19.257 0.080 5.78 576.0
2457937.64283 19.155 0.052 4.76 398.0
2457937.77475 19.145 0.068 6.28 397.0
2457938.55516 19.152 0.083 6.26 547.0
2457944.46740 18.865 0.081 5.95 1195.0
2457944.51003 19.094 0.085 5.99 853.0
2457944.56163 19.175 0.084 5.59 759.0
2457944.60213 19.189 0.069 4.48 711.0
2457944.66200 19.274 0.083 5.26 663.0
2457944.71271 19.161 0.066 4.52 679.0
2457944.77149 19.238 0.071 4.48 726.0
2457944.81321 19.247 0.133 7.33 874.0
2457945.47549 19.230 0.092 6.28 724.0
2457945.56326 19.190 0.067 5.20 562.0
2457945.67557 19.191 0.047 3.73 474.0
2457945.78587 19.151 0.063 4.83 598.0
2457946.49752 19.173 0.058 5.28 405.0
2457946.61845 19.142 0.062 5.35 481.0
2457946.74809 19.308 0.081 5.88 461.0
2457946.84830 19.105 0.086 6.65 636.0
2457947.60220 19.166 0.059 5.54 420.0
2457947.76222 19.142 0.069 6.07 457.0
2457948.49211 19.246 0.076 6.21 423.0
2457948.62307 19.161 0.064 5.94 423.0
2457948.76048 19.255 0.062 4.88 478.0
2457949.55653 19.223 0.109 7.20 696.0
2457949.67262 19.078 0.070 6.13 545.0
2457952.69247 19.080 0.057 5.46 379.0
2457952.81396 19.167 0.066 5.98 384.0
2457953.59399 19.140 0.047 4.69 357.0
2457953.71677 19.208 0.046 4.45 311.0
2457954.47175 19.130 0.064 4.79 672.0
2457954.60325 19.163 0.041 3.85 327.0
2457954.75223 19.247 0.051 4.58 412.0
2457955.78766 19.249 0.064 6.10 379.0
2457956.58604 19.199 0.049 4.57 362.0
2457956.71930 19.079 0.046 4.54 373.0
2457957.64502 19.232 0.066 5.85 382.0
2457957.79086 19.297 0.085 7.14 384.0
2457958.65690 19.078 0.060 6.16 378.0
2457958.76933 19.301 0.079 6.48 394.0
2457959.51688 19.166 0.054 5.08 409.0
2457959.63374 19.238 0.049 4.37 346.0
2457959.75062 19.249 0.064 5.74 368.0
2457960.50320 19.152 0.055 5.06 404.0
2457960.63964 19.186 0.052 5.09 313.0
2457960.75997 19.015 0.050 5.53 355.0
2457961.58775 19.241 0.049 4.63 433.0
2457961.68150 19.175 0.056 5.08 392.0
2457962.51105 19.150 0.054 5.15 396.0
2457962.78586 19.233 0.081 6.62 479.0
2457964.57680 19.196 0.050 3.95 454.0
2457964.69745 19.291 0.064 5.24 406.0
2457965.66796 19.192 0.062 5.47 419.0
2457966.54197 19.333 0.110 7.58 481.0
2457966.63388 19.245 0.067 5.71 384.0
2457967.57523 19.364 0.084 6.24 443.0
2457967.66224 19.294 0.089 6.51 495.0
2457967.74036 19.173 0.095 7.59 516.0
2457971.50324 19.220 0.099 5.11 1168.0
2457971.59373 19.346 0.092 5.06 734.0
2457971.64185 19.148 0.069 4.47 758.0
2457971.68111 19.221 0.118 5.21 1578.0
2457971.73299 19.175 0.079 4.67 944.0
2457972.51537 19.088 0.105 7.12 750.0
2457972.56327 19.126 0.104 6.86 721.0
2457972.60459 19.374 0.100 5.41 697.0
2457972.66587 19.381 0.102 5.55 712.0
2457972.71133 19.108 0.081 5.48 799.0
2457972.75325 19.268 0.126 6.63 976.0
2457973.65072 19.092 0.069 5.14 693.0
2457974.51584 19.304 0.069 4.76 532.0
2457974.63157 19.304 0.069 4.61 516.0
2457974.74350 19.094 0.084 6.19 702.0
2457979.50223 19.127 0.049 4.53 425.0
2457979.63026 19.158 0.047 4.28 396.0
2457980.56501 19.293 0.084 5.95 481.0
2457980.67539 19.302 0.079 5.32 488.0
2457981.61785 19.171 0.057 4.31 485.0
2457982.51703 19.243 0.068 5.64 409.0
2457982.63804 19.233 0.070 5.69 433.0
2457983.56594 19.012 0.053 5.23 408.0
2457983.67644 19.096 0.047 4.82 382.0
2457984.59222 19.292 0.064 4.99 397.0
2457985.52189 19.262 0.083 6.50 455.0
2457985.63871 19.125 0.091 8.18 424.0
2457986.61589 19.127 0.047 4.62 380.0
2457987.54423 19.161 0.052 4.41 416.0
2457987.66386 19.116 0.048 4.38 412.0
2457990.59655 19.179 0.060 5.30 429.0
2457991.51491 19.129 0.060 5.52 443.0
2457991.64522 19.241 0.075 6.27 410.0
2457992.56140 19.173 0.054 4.72 407.0
2457993.49682 19.242 0.064 5.15 460.0
2457993.60852 19.184 0.059 5.46 387.0
2457994.54243 19.172 0.068 5.53 486.0
2457994.65361 19.270 0.085 6.32 499.0
2457998.52198 19.160 0.065 4.45 672.0
2458000.49406 19.112 0.069 5.41 614.0
2458000.53734 19.150 0.085 6.49 588.0
2458000.59001 19.134 0.088 6.55 652.0
2458000.63439 19.148 0.083 5.83 733.0
2458001.57652 19.287 0.081 5.49 610.0
2458002.54708 19.162 0.114 6.25 1128.0
2458003.59175 19.178 0.095 6.55 610.0
2458004.57930 19.250 0.092 6.72 530.0
2458007.53214 19.125 0.059 5.23 447.0
2458008.56163 19.153 0.064 5.88 411.0
2458010.58314 19.081 0.079 6.94 504.0
2458012.52594 19.055 0.049 4.51 499.0
2458013.53030 19.108 0.055 4.63 484.0
2458014.53955 19.153 0.056 4.94 446.0
2458015.53786 19.225 0.083 6.63 451.0
2458016.54564 19.318 0.086 6.62 443.0
2458017.56999 19.311 0.071 5.45 472.0
2458019.50348 19.015 0.049 5.05 437.0
2458020.54832 19.181 0.065 4.81 454.0
2458026.51425 19.325 0.119 5.01 1685.0
2458028.49754 19.186 0.111 7.74 655.0
2458030.50426 19.170 0.066 4.65 647.0
2458039.55285 18.887 0.090 8.84 532.0
2458046.49955 19.065 0.082 6.40 667.0
2458053.51852 19.130 0.103 6.00 985.0
2458055.51837 19.055 0.070 5.11 738.0
