2457063.87969 18.931 0.067 5.54 852.0
2457065.88092 18.919 0.066 5.72 826.0
2457069.87093 19.082 0.060 5.02 613.0
2457070.89421 19.064 0.063 4.14 990.0
2457072.83847 18.893 0.057 6.01 586.0
2457074.86717 18.983 0.060 6.10 580.0
2457075.84331 19.122 0.073 6.65 549.0
2457076.84457 18.908 0.047 5.24 553.0
2457078.83775 19.012 0.061 6.05 541.0
2457079.89045 19.160 0.089 7.04 547.0
2457080.85571 19.035 0.060 6.31 451.0
2457082.82705 19.150 0.067 6.23 522.0
2457082.89969 19.031 0.052 4.41 678.0
2457083.88237 19.091 0.049 4.50 459.0
2457084.86265 19.058 0.059 5.29 568.0
2457085.82815 19.176 0.069 4.74 856.0
2457086.81919 19.046 0.066 4.65 888.0
2457086.90299 19.050 0.052 3.51 872.0
2457087.87070 19.027 0.055 4.28 723.0
2457088.84160 19.032 0.058 4.71 652.0
2457089.80769 18.975 0.061 5.32 720.0
2457089.89618 19.054 0.060 4.79 653.0
2457090.86280 19.004 0.049 4.43 578.0
2457091.81615 18.907 0.047 4.33 714.0
2457091.90621 19.064 0.062 4.10 889.0
2457092.85068 19.030 0.045 3.66 626.0
2457093.85007 19.097 0.051 4.49 523.0
2457097.82925 19.072 0.040 3.68 465.0
2457098.79754 19.013 0.049 4.94 502.0
2457098.87693 19.086 0.042 3.89 464.0
2457099.81871 19.006 0.048 4.91 447.0
2457100.78536 18.961 0.054 5.04 635.0
2457100.85858 19.028 0.043 3.92 496.0
2457101.82809 18.959 0.075 6.92 702.0
2457102.80117 19.112 0.073 6.53 592.0
2457102.91268 19.071 0.059 5.03 603.0
2457109.82101 19.007 0.048 5.10 431.0
2457110.75806 19.123 0.047 4.77 467.0
2457110.83147 19.081 0.038 3.44 488.0
2457111.76441 19.104 0.055 4.79 524.0
2457111.87291 19.090 0.043 4.09 411.0
2457112.77037 18.950 0.064 5.77 680.0
2457112.87994 19.024 0.045 4.22 515.0
2457113.81147 19.085 0.044 3.90 508.0
2457114.80789 19.152 0.050 3.89 581.0
2457115.76410 19.121 0.066 5.42 621.0
2457116.73702 19.062 0.073 5.19 855.0
2457117.73377 18.963 0.062 4.72 985.0
2457117.90134 19.075 0.038 3.03 630.0
2457118.75772 18.973 0.061 4.14 1142.0
2457119.77416 18.903 0.059 5.06 766.0
2457120.72339 19.055 0.062 4.95 797.0
2457120.86670 18.953 0.041 3.77 585.0
2457125.81561 19.093 0.049 4.36 523.0
2457126.76554 19.017 0.044 4.28 547.0
2457129.72142 18.995 0.055 5.71 487.0
2457129.90363 18.927 0.043 4.44 469.0
2457130.83872 19.163 0.057 5.26 428.0
2457131.74789 18.982 0.043 4.17 489.0
2457132.68338 18.897 0.082 7.79 662.0
2457133.80868 18.993 0.054 5.27 516.0
2457134.69826 19.089 0.070 6.36 540.0
2457134.88180 18.994 0.041 4.04 466.0
2457135.78621 19.001 0.037 3.74 432.0
2457136.70464 19.006 0.051 4.91 538.0
2457136.88756 18.989 0.047 4.43 466.0
2457137.77304 19.021 0.034 3.47 404.0
2457138.67713 19.014 0.063 6.20 550.0
2457138.85516 18.969 0.039 3.76 488.0
2457139.76696 18.957 0.045 4.54 472.0
2457140.67457 19.109 0.058 4.91 591.0
2457140.84666 19.052 0.047 4.39 517.0
2457141.73222 19.001 0.040 3.81 496.0
2457141.91981 19.094 0.045 3.77 558.0
2457142.78800 19.059 0.044 4.03 507.0
2457143.68237 19.163 0.063 5.15 601.0
2457143.85460 19.093 0.048 3.69 572.0
2457144.73521 18.999 0.088 6.10 981.0
2457145.76720 19.049 0.055 4.35 680.0
2457145.93307 18.907 0.067 5.25 883.0
2457146.76529 19.000 0.050 3.66 842.0
2457146.90713 18.992 0.053 3.97 850.0
2457147.74801 19.189 0.078 5.06 782.0
2457147.89163 19.052 0.055 4.06 816.0
2457152.89381 19.010 0.054 4.52 680.0
2457153.73106 19.004 0.043 4.09 508.0
2457153.89626 19.066 0.047 3.66 626.0
2457154.77517 19.004 0.041 3.63 523.0
2457155.63553 19.038 0.056 4.99 556.0
2457155.81574 19.098 0.045 3.81 490.0
2457156.64980 18.944 0.040 4.07 449.0
2457157.63164 19.072 0.051 5.04 473.0
2457157.87259 19.006 0.045 4.17 480.0
2457158.72581 19.151 0.052 4.75 443.0
2457158.90992 19.173 0.059 4.78 562.0
2457159.72672 18.984 0.047 4.48 496.0
2457159.91103 19.021 0.045 4.24 495.0
2457160.74898 19.022 0.043 4.23 487.0
2457160.93747 19.058 0.068 5.17 806.0
2457161.79856 19.002 0.033 3.23 430.0
2457162.61748 19.031 0.059 5.90 481.0
2457162.80209 19.046 0.046 4.42 432.0
2457163.62668 19.150 0.087 6.46 657.0
2457163.80999 19.071 0.048 4.34 493.0
2457164.71334 19.006 0.051 5.11 458.0
2457164.89667 19.089 0.056 4.94 535.0
2457166.72850 18.932 0.048 5.28 443.0
2457166.90432 19.002 0.052 4.82 563.0
2457169.64800 19.036 0.042 4.31 455.0
2457169.84325 19.006 0.036 3.89 395.0
2457170.63559 19.000 0.045 4.50 498.0
2457170.82588 19.016 0.047 4.64 455.0
2457172.63772 19.143 0.068 5.23 620.0
2457172.82149 18.955 0.056 4.95 630.0
2457173.60657 19.018 0.090 6.85 849.0
2457173.80772 19.008 0.052 4.35 693.0
2457174.74233 18.956 0.042 3.49 679.0
2457174.91502 19.068 0.065 4.13 944.0
2457175.69607 19.177 0.069 3.95 1037.0
2457175.91671 19.047 0.076 4.38 1277.0
2457178.83172 19.157 0.085 4.08 1576.0
2457179.57781 19.072 0.086 5.89 874.0
2457179.74233 19.102 0.066 4.74 646.0
2457179.90924 18.973 0.062 5.20 771.0
2457180.68951 19.029 0.051 4.64 515.0
2457180.86422 18.974 0.060 5.81 594.0
2457181.62713 19.021 0.046 4.76 407.0
2457181.81850 18.991 0.052 5.05 478.0
2457182.58701 19.009 0.048 5.34 402.0
2457182.77905 18.962 0.042 4.35 396.0
2457182.94347 18.943 0.062 4.45 1038.0
2457183.71086 19.035 0.054 5.72 383.0
2457183.88921 19.043 0.062 6.02 470.0
2457184.69232 19.049 0.051 4.72 410.0
2457184.87874 19.045 0.056 5.40 478.0
2457185.66504 19.037 0.067 6.47 488.0
2457185.83874 19.024 0.056 5.49 485.0
2457186.79370 18.993 0.060 5.89 517.0
2457187.58249 19.083 0.057 5.22 485.0
2457187.76620 19.203 0.056 4.82 460.0
2457187.92752 18.998 0.064 5.47 721.0
2457188.73917 18.988 0.049 4.76 493.0
2457189.58639 19.139 0.057 5.10 485.0
2457189.77357 18.983 0.044 4.12 543.0
2457190.53464 19.259 0.094 7.21 624.0
2457190.75922 19.020 0.048 4.39 527.0
2457191.59442 19.146 0.079 6.46 579.0
2457191.85394 19.003 0.062 6.08 511.0
2457193.59368 19.001 0.039 3.70 420.0
2457193.80384 19.021 0.040 3.70 463.0
2457194.52380 18.954 0.031 4.71 214.0
2457194.57218 19.054 0.057 5.80 408.0
2457194.61518 18.974 0.041 4.50 415.0
2457194.67286 19.057 0.039 3.79 447.0
2457194.71923 19.049 0.043 4.11 471.0
2457194.76258 18.884 0.040 4.28 538.0
2457194.81329 19.104 0.047 4.40 522.0
2457195.55754 18.981 0.038 3.66 802.0
2457195.61108 19.130 0.042 3.94 759.0
2457197.60393 18.988 0.045 4.92 427.0
2457197.78791 18.959 0.046 5.18 416.0
2457198.58314 18.989 0.049 4.97 499.0
2457198.76927 19.128 0.058 5.37 452.0
2457199.54544 19.058 0.054 4.88 581.0
2457199.72781 18.992 0.037 3.74 427.0
2457199.89023 19.015 0.057 5.06 583.0
2457200.65859 19.062 0.037 3.67 412.0
2457200.82985 19.009 0.051 4.59 561.0
2457202.80461 19.125 0.084 5.19 971.0
2457202.82130 18.954 0.077 5.49 953.0
2457206.62044 19.167 0.086 4.77 1145.0
2457206.79539 19.006 0.070 4.21 1245.0
2457207.60266 19.003 0.049 3.87 760.0
2457207.76744 18.943 0.069 5.75 832.0
2457209.69902 19.076 0.069 4.86 832.0
2457211.47797 19.147 0.095 6.56 836.0
2457211.64813 19.035 0.038 4.17 392.0
2457211.81952 18.973 0.052 4.98 621.0
2457214.59882 18.979 0.050 5.55 458.0
2457217.55694 19.083 0.086 7.21 514.0
2457217.80782 18.960 0.052 5.51 455.0
2457219.67631 18.988 0.041 4.33 416.0
2457220.55813 19.010 0.043 4.78 437.0
2457220.74234 18.923 0.033 3.73 406.0
2457221.54616 19.009 0.055 5.70 494.0
2457221.72835 19.027 0.045 4.58 404.0
2457222.51212 19.089 0.074 6.52 693.0
2457222.72321 19.152 0.071 5.75 574.0
2457223.56325 18.993 0.060 5.90 504.0
2457223.74405 19.196 0.071 5.97 467.0
2457224.58911 19.010 0.055 5.95 423.0
2457224.80193 19.039 0.065 6.07 783.0
2457226.47305 19.067 0.086 7.12 642.0
2457226.64874 18.973 0.044 4.62 432.0
2457226.81295 19.055 0.055 4.93 559.0
2457227.61240 19.084 0.041 4.10 407.0
2457227.78563 18.936 0.049 5.58 430.0
2457228.61701 19.057 0.043 3.88 463.0
2457229.47237 19.000 0.053 4.48 753.0
2457229.63614 19.009 0.044 3.67 594.0
2457229.79505 19.086 0.053 4.61 563.0
2457235.65136 18.971 0.060 4.87 788.0
2457248.49895 18.926 0.066 7.02 465.0
2457249.49442 18.896 0.065 7.25 482.0
2457249.66423 19.037 0.052 5.76 384.0
2457250.66595 19.078 0.057 5.38 599.0
2457252.70303 18.996 0.054 5.97 462.0
2457253.63515 19.005 0.040 4.23 399.0
2457255.60804 19.124 0.059 5.41 461.0
2457256.61081 19.057 0.075 6.04 674.0
2457257.67160 19.157 0.063 5.14 582.0
2457258.59321 19.133 0.077 5.72 661.0
2457258.68092 19.215 0.078 5.16 739.0
2457261.63927 19.023 0.080 5.81 1009.0
2457263.59142 19.089 0.052 3.96 705.0
2457264.53825 19.137 0.061 4.42 672.0
2457265.49857 18.989 0.045 4.01 548.0
2457265.69331 19.037 0.055 4.56 656.0
2457267.62465 19.069 0.046 4.16 451.0
2457268.63946 19.056 0.040 3.99 439.0
2457269.62707 18.997 0.044 4.67 430.0
2457270.56576 19.027 0.044 4.49 418.0
2457271.52115 19.027 0.081 7.26 487.0
2457272.54682 19.015 0.058 5.46 528.0
2457273.67044 19.177 0.070 5.59 528.0
2457275.66783 19.107 0.069 5.77 524.0
2457277.65604 19.063 0.061 5.81 456.0
2457278.64287 19.173 0.077 6.99 420.0
2457284.48419 18.993 0.050 5.74 497.0
2457291.58322 19.114 0.100 6.79 821.0
2457292.59548 18.991 0.083 5.99 969.0
2457293.56658 19.112 0.050 4.33 506.0
2457294.57253 18.848 0.077 7.43 767.0
2457295.56639 19.110 0.062 5.13 604.0
2457297.56315 18.969 0.082 7.57 604.0
2457299.57603 18.983 0.064 6.45 595.0
2457301.51384 19.222 0.088 7.22 549.0
2457311.52211 19.079 0.048 4.46 514.0
2457313.49663 18.984 0.090 5.87 1126.0
2457318.49877 19.090 0.077 5.32 824.0
2457322.52720 18.910 0.102 6.95 1107.0
2457325.51428 19.168 0.087 6.46 649.0
2457331.50646 19.235 0.125 7.30 967.0
2457429.87690 19.125 0.078 6.40 651.0
2457431.86121 19.079 0.057 4.82 647.0
2457432.86518 19.239 0.070 5.56 552.0
2457433.88446 19.065 0.052 4.38 614.0
2457435.89303 19.072 0.095 6.11 1072.0
2457437.85163 18.979 0.047 5.15 444.0
2457438.86535 19.175 0.063 5.33 516.0
2457439.89170 19.001 0.061 4.48 897.0
2457441.84645 18.931 0.059 4.86 826.0
2457442.85865 18.921 0.058 4.78 777.0
2457443.87500 19.170 0.071 5.10 665.0
2457444.85271 19.073 0.062 5.26 621.0
2457445.84316 19.147 0.062 5.12 630.0
2457446.84854 19.020 0.044 4.05 575.0
2457447.84877 19.191 0.056 4.43 545.0
2457448.85587 18.955 0.047 5.20 522.0
2457449.89461 19.038 0.046 4.15 505.0
2457452.81709 19.021 0.043 4.04 516.0
2457453.81433 19.117 0.046 4.57 486.0
2457454.89104 19.079 0.052 4.92 435.0
2457455.90343 19.038 0.056 5.13 525.0
2457456.91003 18.965 0.070 4.35 1310.0
2457458.90081 19.049 0.043 4.21 467.0
2457460.90246 19.046 0.042 3.76 537.0
2457461.90930 18.962 0.053 3.41 1089.0
2457462.89201 18.995 0.037 3.73 424.0
2457464.82612 19.006 0.057 6.00 573.0
2457465.85542 19.041 0.046 4.01 520.0
2457466.90731 18.990 0.043 4.09 526.0
2457467.91010 19.071 0.050 4.65 505.0
2457470.86544 19.010 0.057 5.02 619.0
2457471.82989 19.121 0.067 5.08 681.0
2457472.78056 19.058 0.063 5.16 687.0
2457472.91343 19.038 0.053 4.27 647.0
2457474.78597 19.169 0.066 5.11 683.0
2457474.88770 19.075 0.044 3.80 586.0
2457475.81698 19.157 0.082 6.05 699.0
2457476.80612 19.171 0.065 4.86 696.0
2457480.77880 18.945 0.077 7.62 517.0
2457480.92423 19.108 0.110 6.09 1270.0
2457484.81704 19.096 0.054 5.32 440.0
2457485.73219 19.042 0.074 7.45 426.0
2457485.83661 19.073 0.050 5.09 412.0
2457486.73853 19.066 0.079 7.31 497.0
2457486.83677 18.932 0.051 5.76 448.0
2457487.72943 18.961 0.058 6.20 501.0
2457487.84597 19.017 0.054 5.65 487.0
2457488.73189 19.030 0.053 5.53 466.0
2457488.85423 19.024 0.039 3.93 495.0
2457489.78422 19.226 0.077 6.38 565.0
2457489.81940 19.109 0.055 5.13 661.0
2457491.74437 18.965 0.060 6.66 475.0
2457491.86345 19.073 0.043 4.36 399.0
2457492.72813 19.157 0.062 5.88 449.0
2457492.85107 19.003 0.037 3.93 438.0
2457493.72067 18.945 0.046 5.07 465.0
2457493.83909 18.947 0.036 4.41 360.0
2457494.70190 19.016 0.052 5.41 491.0
2457494.81485 19.026 0.041 4.21 416.0
2457494.92733 19.000 0.064 3.97 1287.0
2457495.77245 18.916 0.047 4.68 476.0
2457495.89337 19.225 0.066 5.37 460.0
2457497.91866 19.215 0.074 5.99 517.0
2457498.78532 18.991 0.053 4.40 632.0
2457498.92318 18.995 0.056 5.40 504.0
2457499.76512 19.054 0.057 4.86 626.0
2457499.86580 19.044 0.061 5.49 588.0
2457500.70720 19.048 0.066 4.97 797.0
2457500.80609 19.109 0.066 4.95 660.0
2457500.90869 19.120 0.072 5.75 650.0
2457507.81510 18.997 0.044 4.28 539.0
2457507.92546 19.086 0.049 3.76 651.0
2457508.76502 19.048 0.033 3.11 422.0
2457508.86589 18.979 0.040 3.89 477.0
2457509.75861 19.001 0.055 5.64 454.0
2457509.86142 18.950 0.045 4.68 488.0
2457511.71295 19.085 0.045 4.61 442.0
2457511.83263 19.023 0.034 3.32 455.0
2457511.93324 18.920 0.044 3.80 789.0
2457512.90140 19.107 0.046 4.25 482.0
2457512.91538 19.148 0.044 3.89 493.0
2457516.72781 18.973 0.041 5.07 449.0
2457522.83952 19.023 0.060 5.37 571.0
2457522.94033 19.026 0.112 6.46 1409.0
2457523.93680 19.008 0.055 5.00 584.0
2457526.71054 18.841 0.060 6.09 637.0
2457526.85156 19.042 0.055 5.06 551.0
2457528.79023 19.029 0.071 4.90 927.0
2457528.94291 19.069 0.120 6.33 1564.0
2457529.89463 19.179 0.129 7.41 958.0
2457530.82252 19.057 0.070 5.00 909.0
2457534.68443 19.099 0.062 5.42 666.0
2457534.79604 19.019 0.054 3.72 1009.0
2457534.90173 19.038 0.056 3.78 993.0
2457536.67698 19.069 0.059 5.66 456.0
2457536.79528 19.103 0.053 4.51 487.0
2457536.89949 18.963 0.057 4.28 1317.0
2457545.83840 19.038 0.052 5.31 435.0
2457545.94177 19.115 0.068 5.34 627.0
2457546.76337 18.996 0.049 5.29 407.0
2457546.86239 19.005 0.058 5.43 531.0
2457547.61525 19.057 0.058 6.01 411.0
2457547.75728 19.040 0.047 5.04 364.0
2457547.85594 19.184 0.050 4.73 388.0
2457548.70534 19.063 0.037 4.35 587.0
2457549.60007 19.140 0.063 6.43 427.0
2457549.74837 18.993 0.036 4.31 330.0
2457549.86650 18.971 0.048 5.32 416.0
2457550.62063 18.900 0.047 5.77 414.0
2457550.76058 18.956 0.044 4.84 468.0
2457550.85944 19.025 0.056 5.05 600.0
2457554.64797 18.932 0.060 5.24 1180.0
2457555.54911 19.121 0.077 5.96 780.0
2457555.65965 19.113 0.053 5.01 553.0
2457555.76682 19.031 0.044 4.22 496.0
2457555.88715 19.110 0.054 4.76 502.0
2457557.59959 19.154 0.075 5.39 762.0
2457557.71200 19.043 0.068 5.45 778.0
2457557.85761 19.036 0.059 4.48 793.0
2457561.61161 19.104 0.072 5.14 847.0
2457561.72908 19.081 0.057 4.34 738.0
2457561.82729 19.115 0.066 4.50 928.0
2457562.59254 18.953 0.065 5.31 1020.0
2457566.56290 19.097 0.068 6.23 523.0
2457566.68204 18.992 0.044 5.05 398.0
2457566.78386 19.021 0.056 5.76 466.0
2457566.88123 18.825 0.084 7.77 730.0
2457567.59166 19.002 0.060 5.79 598.0
2457567.71282 18.987 0.046 4.67 496.0
2457567.81232 19.122 0.057 4.86 548.0
2457568.58529 19.012 0.059 6.26 439.0
2457568.70858 18.891 0.054 6.68 383.0
2457568.81250 19.095 0.061 5.62 522.0
2457569.60275 19.140 0.068 6.19 453.0
2457569.72845 18.971 0.055 5.91 429.0
2457569.82980 19.001 0.056 5.46 570.0
2457570.68452 18.921 0.046 5.28 367.0
2457570.86843 19.199 0.081 6.92 602.0
2457575.69077 19.125 0.040 3.99 346.0
2457575.83255 18.851 0.042 5.14 453.0
2457576.64801 19.003 0.034 3.99 339.0
2457576.79088 19.057 0.055 5.93 385.0
2457579.61863 19.090 0.051 5.31 416.0
2457581.75293 19.160 0.055 5.21 489.0
2457583.75981 19.017 0.057 5.71 453.0
2457584.61945 19.263 0.068 5.03 521.0
2457584.77350 19.152 0.063 5.30 553.0
2457589.57312 18.911 0.069 5.59 930.0
2457589.72678 19.026 0.077 5.40 910.0
2457590.52585 18.878 0.056 5.45 745.0
2457590.67356 19.012 0.053 4.98 610.0
2457591.54126 19.175 0.082 5.49 749.0
2457593.61456 19.174 0.048 4.71 365.0
2457593.75514 19.031 0.046 5.05 398.0
2457596.52053 19.063 0.040 4.60 372.0
2457599.58214 19.211 0.077 6.49 407.0
2457599.79827 19.051 0.068 6.68 458.0
2457600.70871 18.869 0.047 5.67 470.0
2457602.52165 18.936 0.063 6.91 450.0
2457602.68085 19.058 0.048 4.95 398.0
2457603.50106 19.016 0.042 4.69 376.0
2457603.65870 19.041 0.040 4.68 342.0
2457604.48364 19.216 0.094 7.78 459.0
2457604.62705 19.057 0.044 5.15 342.0
2457604.76665 18.990 0.048 5.27 395.0
2457605.63180 19.065 0.052 5.45 384.0
2457605.76895 19.162 0.067 5.57 484.0
2457607.52983 19.148 0.062 6.05 417.0
2457607.70433 18.951 0.043 4.98 347.0
2457608.62334 18.971 0.037 4.14 377.0
2457609.47842 19.023 0.066 5.87 519.0
2457609.66358 19.112 0.048 4.67 385.0
2457610.50719 18.949 0.055 5.65 458.0
2457610.69553 19.059 0.049 4.64 462.0
2457611.73400 18.945 0.066 6.70 493.0
2457612.61614 19.061 0.055 5.01 534.0
2457612.75030 19.086 0.068 6.05 539.0
2457617.59224 19.007 0.075 5.96 706.0
2457618.47878 19.151 0.086 5.78 782.0
2457618.64226 19.031 0.066 5.04 727.0
2457619.58562 19.021 0.077 6.70 599.0
2457621.65560 19.000 0.056 5.64 497.0
2457622.59319 19.104 0.050 4.61 441.0
2457623.50810 19.180 0.055 4.72 450.0
2457623.69045 18.948 0.046 4.76 443.0
2457624.63844 19.139 0.055 5.34 398.0
2457625.61319 18.915 0.045 5.28 409.0
2457626.59650 19.076 0.057 5.77 428.0
2457630.58027 19.135 0.051 4.82 394.0
2457631.55736 18.970 0.037 4.15 388.0
2457632.54157 19.037 0.050 5.13 394.0
2457633.58406 19.008 0.067 6.68 427.0
2457635.48760 19.020 0.072 6.97 480.0
2457636.55232 19.078 0.066 6.47 446.0
2457637.54331 19.091 0.044 4.76 383.0
2457638.53989 18.982 0.060 5.38 669.0
2457639.60789 19.005 0.041 3.99 446.0
2457647.50605 19.007 0.092 6.98 800.0
2457648.54666 18.977 0.063 5.45 616.0
2457649.57170 19.065 0.052 4.24 594.0
2457650.60413 19.115 0.071 6.07 571.0
2457652.52467 19.059 0.049 5.22 407.0
2457653.57305 19.116 0.049 4.98 424.0
2457655.57512 18.945 0.049 5.54 440.0
2457657.52405 19.102 0.062 5.76 464.0
2457660.48682 19.029 0.075 6.22 655.0
2457661.55685 18.887 0.062 6.55 510.0
2457664.52554 19.174 0.088 6.44 607.0
2457675.53687 18.974 0.068 5.27 810.0
2457683.51832 19.178 0.064 5.23 581.0
2457792.87770 19.157 0.091 6.57 852.0
2457793.88447 19.147 0.076 4.96 951.0
2457794.89148 19.137 0.110 6.16 1405.0
2457799.85942 18.965 0.087 7.17 770.0
2457801.84668 19.099 0.094 6.43 900.0
2457802.89497 19.028 0.093 6.39 1176.0
2457808.87730 18.976 0.044 4.66 453.0
2457809.87208 19.051 0.063 6.18 497.0
2457810.86701 19.129 0.050 4.53 474.0
2457811.88609 18.970 0.053 5.65 465.0
2457813.81638 18.953 0.060 5.63 656.0
2457814.88878 19.102 0.044 4.12 454.0
2457817.81105 18.987 0.049 4.80 578.0
2457817.90153 19.091 0.051 3.94 740.0
2457818.88762 19.032 0.044 4.28 455.0
2457819.87411 19.054 0.044 4.30 433.0
2457820.87682 19.116 0.048 4.35 490.0
2457821.87450 19.035 0.056 4.97 530.0
2457822.87024 19.121 0.056 4.80 524.0
2457823.85551 19.053 0.054 4.32 672.0
2457824.85160 19.236 0.087 5.78 710.0
2457825.84330 19.001 0.055 4.91 660.0
2457826.80161 19.148 0.076 5.49 793.0
2457826.89153 19.129 0.060 4.72 638.0
2457827.86655 19.106 0.050 4.16 551.0
2457828.83597 19.058 0.057 5.01 619.0
2457829.81729 19.067 0.098 6.91 799.0
2457830.82803 19.108 0.076 5.00 1063.0
2457830.90971 19.069 0.065 4.26 1121.0
2457834.88326 19.161 0.077 5.40 723.0
2457835.85044 19.081 0.065 6.39 432.0
2457836.80319 19.201 0.087 7.53 437.0
2457836.91594 19.248 0.100 5.91 913.0
2457837.84817 18.985 0.045 5.13 390.0
2457838.78594 19.065 0.059 5.95 468.0
2457838.90513 19.082 0.044 4.51 428.0
2457839.85272 19.050 0.037 3.84 352.0
2457840.77764 19.108 0.059 5.84 411.0
2457840.89754 19.007 0.038 4.29 377.0
2457841.83593 19.028 0.052 5.67 395.0
2457842.75288 19.097 0.080 7.82 436.0
2457842.86111 19.087 0.057 5.64 426.0
2457843.78466 19.042 0.052 5.67 379.0
2457843.90341 18.978 0.044 5.17 365.0
2457844.82158 19.052 0.066 6.68 397.0
2457845.73030 19.107 0.068 6.71 453.0
2457845.84552 19.099 0.043 4.51 377.0
2457846.77634 19.083 0.049 5.16 382.0
2457846.88402 19.023 0.042 4.65 391.0
2457847.78683 19.062 0.047 4.85 399.0
2457847.90734 19.077 0.043 4.23 377.0
2457848.80044 18.993 0.042 4.89 370.0
2457848.92128 19.024 0.049 4.69 535.0
2457849.81359 19.091 0.041 4.01 390.0
2457850.71830 18.956 0.064 5.92 622.0
2457850.82625 19.016 0.045 4.82 415.0
2457851.84383 18.969 0.047 4.90 462.0
2457852.84156 18.959 0.054 5.94 467.0
2457853.90593 19.014 0.062 6.13 490.0
2457854.76682 19.091 0.059 4.82 672.0
2457854.88808 19.079 0.052 4.50 570.0
2457855.79691 19.029 0.061 4.94 689.0
2457855.91937 19.028 0.054 4.25 704.0
2457856.80752 19.068 0.073 5.96 638.0
2457857.90892 19.078 0.066 4.81 771.0
2457858.90950 19.070 0.058 4.94 618.0
2457862.76605 19.032 0.076 6.96 496.0
2457862.87785 19.076 0.065 6.09 490.0
2457863.83783 19.101 0.049 4.76 430.0
2457864.81473 19.135 0.039 3.84 390.0
2457865.67608 19.159 0.056 5.40 456.0
2457865.78344 19.086 0.041 3.92 394.0
2457865.92325 19.148 0.054 4.02 581.0
2457866.77991 19.052 0.041 4.08 396.0
2457866.91336 18.969 0.036 3.51 450.0
2457867.78364 19.051 0.042 4.43 375.0
2457867.91514 19.083 0.045 4.45 405.0
2457868.86277 19.159 0.085 7.21 476.0
2457869.73075 19.019 0.045 4.96 418.0
2457869.86058 19.119 0.042 3.95 412.0
2457870.74194 19.064 0.035 3.71 363.0
2457870.87204 19.090 0.041 3.81 385.0
2457871.75617 19.048 0.040 3.85 430.0
2457871.89723 19.036 0.042 3.80 438.0
2457872.75612 19.095 0.039 3.66 433.0
2457872.90464 19.016 0.038 3.56 447.0
2457873.73570 19.126 0.043 4.04 421.0
2457873.86705 19.051 0.045 4.21 453.0
2457874.69589 18.967 0.054 5.71 499.0
2457874.82456 19.108 0.059 5.63 422.0
2457875.90264 19.059 0.047 4.22 775.0
2457876.70799 18.986 0.053 5.43 541.0
2457876.84601 19.082 0.045 4.10 468.0
2457877.66983 19.071 0.052 5.03 544.0
2457877.79893 19.109 0.039 3.61 422.0
2457878.66203 19.143 0.059 5.10 657.0
2457878.83084 18.962 0.035 3.68 436.0
2457879.66407 19.158 0.080 6.93 609.0
2457879.77490 18.927 0.068 6.52 569.0
2457880.69615 18.927 0.067 6.82 561.0
2457880.81754 19.060 0.053 4.67 540.0
2457881.77173 18.919 0.070 6.47 657.0
2457881.88626 19.048 0.073 5.95 607.0
2457882.76054 18.981 0.058 5.51 577.0
2457882.89265 19.033 0.055 4.63 672.0
2457890.81386 19.055 0.087 6.65 683.0
2457893.64557 19.222 0.092 7.48 529.0
2457893.76250 19.045 0.056 5.31 498.0
2457893.88368 19.098 0.051 4.74 489.0
2457894.62929 19.020 0.061 6.49 545.0
2457894.75539 19.058 0.040 4.10 403.0
2457894.86551 19.044 0.048 4.34 476.0
2457895.62622 19.038 0.057 5.77 615.0
2457897.67024 19.061 0.056 5.56 448.0
2457900.91713 18.970 0.068 6.77 506.0
2457901.60567 19.157 0.089 7.50 525.0
2457901.73492 18.955 0.045 5.07 520.0
2457902.59989 19.179 0.093 7.98 511.0
2457902.71480 19.104 0.047 4.88 407.0
2457902.83697 19.042 0.069 6.29 491.0
2457903.76480 19.134 0.076 7.20 414.0
2457903.88339 19.002 0.057 5.54 504.0
2457904.62529 19.090 0.060 6.13 463.0
2457904.74075 19.031 0.037 4.03 361.0
2457904.86304 19.030 0.043 4.25 426.0
2457905.59052 19.007 0.062 6.49 510.0
2457905.70879 19.080 0.038 3.79 375.0
2457905.83005 19.030 0.042 3.91 465.0
2457905.94290 19.031 0.067 4.50 999.0
2457906.64913 18.985 0.042 4.37 458.0
2457906.77959 19.014 0.041 3.85 470.0
2457906.88934 18.989 0.050 4.16 627.0
2457907.65858 19.055 0.055 4.64 621.0
2457907.75384 18.992 0.042 3.94 556.0
2457908.60373 19.123 0.078 6.26 705.0
2457908.72109 19.043 0.044 4.08 507.0
2457908.84172 19.074 0.048 4.44 464.0
2457908.93623 19.069 0.070 5.31 760.0
2457909.64452 19.007 0.050 4.50 563.0
2457909.76534 19.084 0.053 3.94 680.0
2457909.86826 19.147 0.049 3.81 594.0
2457910.56599 19.018 0.078 6.43 798.0
2457910.66020 19.157 0.057 4.47 568.0
2457910.79216 19.059 0.046 3.76 579.0
2457911.62657 19.070 0.074 5.93 696.0
2457911.76038 19.016 0.092 7.32 704.0
2457917.60749 18.938 0.061 5.59 643.0
2457917.72410 19.067 0.048 3.99 583.0
2457917.83389 19.025 0.069 5.28 728.0
2457918.57614 18.986 0.065 6.87 794.0
2457922.58570 19.000 0.069 6.57 571.0
2457922.71643 18.999 0.056 5.61 468.0
2457923.72475 18.899 0.064 6.94 473.0
2457923.83338 19.038 0.062 5.57 507.0
2457924.61756 18.964 0.047 5.28 436.0
2457924.74449 18.997 0.042 3.84 423.0
2457924.85196 18.999 0.046 4.03 536.0
2457925.64157 19.015 0.041 4.46 394.0
2457925.77779 18.948 0.047 5.20 398.0
2457925.89727 18.993 0.070 6.37 630.0
2457926.68080 19.047 0.050 5.28 396.0
2457926.81522 18.992 0.061 6.20 470.0
2457928.65694 19.000 0.054 5.69 451.0
2457932.69770 19.113 0.076 7.05 450.0
2457932.81862 19.116 0.060 5.64 454.0
2457933.67961 19.060 0.062 6.79 368.0
2457933.80628 19.040 0.070 7.19 414.0
2457934.50386 19.046 0.066 6.26 591.0
2457934.61064 18.974 0.050 5.55 426.0
2457934.73360 18.925 0.039 4.40 399.0
2457934.84151 19.020 0.060 6.12 416.0
2457935.59168 19.059 0.051 5.05 444.0
2457935.71411 19.023 0.044 4.33 387.0
2457935.82330 18.942 0.035 4.05 365.0
2457935.88784 19.004 0.045 4.65 451.0
2457936.57489 19.104 0.054 5.31 431.0
2457936.71088 19.053 0.048 5.00 386.0
2457936.83077 19.118 0.059 5.85 376.0
2457937.51627 19.054 0.065 5.77 629.0
2457937.62695 18.967 0.045 4.97 426.0
2457937.75907 18.984 0.054 5.76 432.0
2457938.53957 19.012 0.069 5.91 625.0
2457944.54921 19.023 0.064 4.86 854.0
2457944.64991 19.151 0.063 4.19 772.0
2457944.71122 19.105 0.065 4.70 717.0
2457944.75949 19.064 0.063 4.69 733.0
2457944.81170 18.992 0.090 6.32 909.0
2457944.84224 19.031 0.130 7.35 1537.0
2457945.54799 19.024 0.058 5.12 641.0
2457945.65949 19.015 0.047 4.48 516.0
2457945.77045 19.036 0.049 4.27 607.0
2457946.48331 19.027 0.063 6.52 471.0
2457946.60282 18.984 0.053 5.27 516.0
2457946.73195 19.056 0.058 5.37 495.0
2457946.84011 19.100 0.079 5.97 650.0
2457947.58600 18.946 0.048 5.30 444.0
2457947.74682 18.941 0.063 6.31 493.0
2457948.48212 19.109 0.072 6.80 472.0
2457948.60689 18.949 0.039 4.46 396.0
2457948.74524 18.970 0.046 4.55 503.0
2457948.84726 19.079 0.071 5.87 617.0
2457949.65033 18.939 0.055 5.81 506.0
2457952.67513 18.993 0.044 4.74 395.0
2457952.79846 19.072 0.066 6.71 410.0
2457953.56824 18.916 0.044 5.18 395.0
2457953.69917 18.906 0.040 5.10 328.0
2457953.81684 18.956 0.053 5.78 437.0
2457954.57457 18.964 0.036 4.02 376.0
2457954.73233 18.940 0.041 4.54 466.0
2457955.77543 18.874 0.041 4.80 380.0
2457956.57022 18.938 0.040 4.55 401.0
2457956.70322 18.916 0.042 4.76 382.0
2457957.54382 18.868 0.050 5.94 449.0
2457957.74588 18.858 0.047 6.13 397.0
2457958.63981 18.859 0.054 6.53 388.0
2457958.75346 18.888 0.045 5.36 382.0
2457959.50129 18.901 0.041 4.99 425.0
2457959.61594 18.837 0.035 4.45 377.0
2457959.73160 18.760 0.033 4.55 358.0
2457960.48773 18.796 0.051 6.48 465.0
2457960.62032 18.801 0.038 5.26 410.0
2457960.74115 18.749 0.040 5.57 417.0
2457961.57144 18.795 0.041 5.45 463.0
2457961.66594 18.709 0.034 4.78 398.0
2457962.50076 18.779 0.035 4.42 422.0
2457962.76349 18.621 0.035 5.19 518.0
2457964.56089 18.622 0.035 4.74 475.0
2457964.67588 18.487 0.036 5.44 500.0
2457965.65782 18.522 0.033 5.03 439.0
2457966.53077 18.552 0.048 6.80 512.0
2457966.61750 18.414 0.042 7.21 406.0
2457966.72880 18.463 0.038 6.28 426.0
2457967.65727 18.373 0.041 6.72 513.0
2457967.72522 18.449 0.039 6.04 536.0
2457971.50173 18.570 0.064 5.42 1447.0
2457971.54239 18.527 0.046 5.27 889.0
2457971.59222 18.531 0.048 5.56 781.0
2457971.63053 18.503 0.041 4.77 842.0
2457971.67960 18.524 0.044 4.64 993.0
2457971.72153 18.634 0.049 4.77 928.0
2457972.51387 18.455 0.054 6.21 793.0
2457972.55058 18.591 0.058 6.13 775.0
2457972.60307 18.588 0.047 5.07 724.0
2457972.64745 18.507 0.048 5.70 735.0
2457972.70983 18.523 0.045 4.92 840.0
2457972.74623 18.547 0.064 6.14 1021.0
2457973.63517 18.523 0.045 5.59 700.0
2457974.50021 18.740 0.044 5.10 585.0
2457974.61573 18.610 0.040 5.10 557.0
2457974.72975 18.712 0.046 4.69 691.0
2457979.47732 18.849 0.043 4.80 550.0
2457979.61177 18.897 0.035 3.76 449.0
2457980.54758 18.805 0.053 6.04 512.0
2457980.66012 19.070 0.068 5.70 512.0
2457981.60143 18.990 0.045 4.51 438.0
2457982.49261 18.885 0.048 5.18 477.0
2457982.62273 18.899 0.052 5.68 438.0
2457983.55023 18.920 0.047 4.95 433.0
2457983.66220 19.040 0.044 4.88 381.0
2457984.57575 19.054 0.057 5.44 417.0
2457985.50407 18.896 0.062 6.66 498.0
2457985.62148 18.948 0.065 6.93 431.0
2457986.59886 18.935 0.041 4.70 396.0
2457987.51873 19.068 0.040 3.75 417.0
2457987.64808 18.934 0.036 3.75 427.0
2457990.57881 19.075 0.054 5.02 452.0
2457991.49649 19.010 0.049 4.99 469.0
2457991.62979 18.992 0.054 5.69 413.0
2457992.54584 18.996 0.041 4.33 420.0
2457993.48047 19.171 0.067 5.19 572.0
2457993.59316 18.993 0.050 5.33 415.0
2457994.52700 19.094 0.062 5.46 511.0
2457994.63813 18.981 0.057 5.63 492.0
2458000.48141 19.105 0.074 5.50 705.0
2458000.53583 19.382 0.112 6.83 606.0
2458000.57697 19.063 0.083 6.58 661.0
2458000.63288 18.934 0.067 5.69 774.0
2458001.56104 19.092 0.052 4.25 596.0
2458003.55284 19.043 0.090 6.82 621.0
2458004.56390 19.156 0.078 6.25 534.0
2458007.51680 19.112 0.068 6.13 493.0
2458008.53623 19.101 0.063 5.73 448.0
2458010.56657 19.010 0.057 5.51 486.0
2458012.50105 19.044 0.054 4.89 526.0
2458013.50519 19.050 0.046 4.13 487.0
2458014.52417 19.095 0.050 4.56 464.0
2458015.51197 19.198 0.087 7.11 474.0
2458016.52984 19.081 0.063 5.97 486.0
2458017.55480 19.106 0.052 4.70 483.0
2458019.48571 19.094 0.054 4.48 543.0
2458020.53286 19.039 0.059 5.06 482.0
2458026.51275 19.218 0.098 4.29 1729.0
2458026.55596 19.042 0.079 4.77 1298.0
2458030.48788 19.045 0.056 4.09 785.0
2458035.56523 19.164 0.079 5.83 575.0
2458037.54900 18.766 0.069 6.94 606.0
2458039.53335 19.251 0.084 6.02 551.0
2458041.50700 19.129 0.062 5.43 536.0
2458049.52856 19.265 0.057 3.92 770.0
2458056.50287 18.838 0.082 6.66 873.0
