2457064.87523 19.532 0.080 4.19 631.0
2457066.88567 19.710 0.129 4.59 1004.0
2457070.84546 19.471 0.065 4.48 429.0
2457071.85777 19.520 0.062 4.27 409.0
2457072.86557 19.453 0.077 5.27 430.0
2457074.89420 19.661 0.118 5.39 702.0
2457075.87150 19.660 0.091 5.50 437.0
2457076.87199 19.492 0.058 4.15 406.0
2457077.86935 19.557 0.093 5.85 436.0
2457078.86032 19.412 0.065 4.71 419.0
2457079.90072 19.620 0.173 7.82 672.0
2457080.89514 19.309 0.059 4.88 442.0
2457082.84952 19.622 0.080 5.13 393.0
2457083.81236 19.605 0.099 5.46 541.0
2457084.80707 19.667 0.118 5.23 663.0
2457084.89429 19.589 0.063 3.96 403.0
2457085.86749 19.617 0.072 3.48 601.0
2457086.84611 19.600 0.087 4.34 626.0
2457087.79512 19.644 0.110 4.77 785.0
2457087.90207 19.575 0.087 3.84 732.0
2457088.87329 19.489 0.076 4.26 505.0
2457089.83934 19.385 0.069 4.50 542.0
2457090.79030 19.455 0.091 4.95 658.0
2457090.89439 19.513 0.067 4.36 467.0
2457091.84822 19.571 0.088 4.58 588.0
2457092.78361 19.573 0.080 4.04 678.0
2457092.87866 19.331 0.058 3.96 540.0
2457097.77041 19.566 0.084 5.72 420.0
2457097.86045 19.687 0.068 3.92 398.0
2457098.80970 19.600 0.070 4.13 404.0
2457098.90881 19.545 0.062 3.54 518.0
2457099.85186 19.594 0.072 4.70 375.0
2457100.79884 19.621 0.080 4.20 491.0
2457100.89158 19.587 0.071 4.29 409.0
2457101.87332 19.501 0.080 4.62 506.0
2457102.85185 19.579 0.093 5.97 426.0
2457108.82558 19.456 0.085 5.92 440.0
2457109.77356 19.594 0.079 5.34 391.0
2457109.87697 19.573 0.075 5.09 379.0
2457110.78543 19.429 0.049 3.83 385.0
2457110.89673 19.522 0.051 3.56 397.0
2457111.80615 19.605 0.065 4.36 350.0
2457112.82334 19.444 0.068 4.68 431.0
2457113.73584 19.630 0.074 4.30 493.0
2457113.91409 19.520 0.069 3.92 527.0
2457114.91097 19.525 0.062 3.80 436.0
2457115.88950 19.383 0.053 3.76 452.0
2457116.83113 19.591 0.085 4.36 618.0
2457117.81372 19.548 0.076 4.24 605.0
2457118.86435 19.594 0.067 3.41 621.0
2457119.86198 19.537 0.092 5.04 597.0
2457120.80320 19.701 0.091 4.36 553.0
2457125.73422 19.596 0.073 4.74 454.0
2457125.92177 19.437 0.064 3.95 561.0
2457126.89909 19.439 0.053 3.52 471.0
2457129.81911 19.552 0.060 4.33 378.0
2457130.74696 19.419 0.062 4.69 355.0
2457130.93078 19.734 0.125 4.46 841.0
2457131.85869 19.646 0.058 3.68 379.0
2457132.77070 19.624 0.074 4.58 434.0
2457133.90128 19.668 0.087 4.96 431.0
2457134.78513 19.485 0.070 5.14 402.0
2457135.71331 19.461 0.056 4.02 428.0
2457135.89924 19.545 0.055 3.65 376.0
2457136.79212 19.621 0.076 4.55 423.0
2457137.69938 19.452 0.050 3.99 352.0
2457137.88533 19.473 0.078 5.34 396.0
2457138.75922 19.710 0.080 4.88 369.0
2457139.66591 19.487 0.112 6.68 507.0
2457139.87785 19.483 0.066 4.94 377.0
2457140.75608 19.577 0.076 4.53 486.0
2457141.65810 19.503 0.066 3.84 469.0
2457141.83969 19.618 0.054 3.30 422.0
2457142.71375 19.639 0.068 4.01 434.0
2457142.89901 19.458 0.062 4.08 417.0
2457143.76969 19.455 0.071 4.93 451.0
2457144.66163 19.537 0.106 5.09 702.0
2457144.85879 19.530 0.108 5.38 754.0
2457145.85888 19.642 0.090 4.17 654.0
2457146.70381 19.577 0.088 4.14 832.0
2457146.84457 19.442 0.083 4.47 840.0
2457147.68541 19.495 0.108 5.27 811.0
2457147.82513 19.389 0.078 4.58 748.0
2457152.82134 19.381 0.070 4.58 547.0
2457153.65745 19.408 0.062 4.35 455.0
2457153.82085 19.522 0.056 3.45 506.0
2457154.69588 19.371 0.050 3.82 392.0
2457154.89084 19.524 0.062 3.95 444.0
2457155.72771 19.458 0.055 4.14 392.0
2457155.91368 19.408 0.068 4.17 557.0
2457156.75996 19.600 0.054 3.60 390.0
2457157.73977 19.674 0.066 4.25 353.0
2457158.65278 19.487 0.068 4.94 409.0
2457158.83746 19.483 0.069 4.87 414.0
2457159.65378 19.447 0.054 3.59 437.0
2457159.83786 19.489 0.059 4.12 401.0
2457160.67666 19.469 0.070 4.72 435.0
2457160.86035 19.512 0.074 5.17 391.0
2457161.70418 19.592 0.059 3.79 415.0
2457161.88722 19.515 0.071 4.37 484.0
2457162.70625 19.465 0.072 5.04 395.0
2457162.89315 19.621 0.077 4.74 401.0
2457163.71578 19.349 0.092 6.62 484.0
2457163.89836 19.663 0.098 5.35 509.0
2457164.81488 19.433 0.059 4.46 388.0
2457166.66075 19.509 0.078 5.64 381.0
2457166.84571 19.475 0.072 4.71 472.0
2457169.58829 19.486 0.074 4.73 501.0
2457169.77400 19.508 0.054 4.25 342.0
2457169.94416 19.703 0.121 4.86 878.0
2457170.74830 19.366 0.058 4.60 412.0
2457172.57946 19.580 0.114 5.43 712.0
2457172.76316 19.716 0.108 5.39 533.0
2457172.93077 19.509 0.103 5.84 578.0
2457173.72831 19.601 0.079 4.24 587.0
2457173.91340 19.507 0.079 4.64 565.0
2457174.68220 19.640 0.097 4.46 691.0
2457174.85376 19.501 0.088 4.15 804.0
2457175.63397 19.400 0.089 4.20 1054.0
2457175.86322 19.662 0.134 4.98 945.0
2457176.90775 19.639 0.146 5.43 1090.0
2457178.72353 19.457 0.084 4.45 722.0
2457179.67962 19.468 0.091 5.10 581.0
2457180.63152 19.700 0.110 5.41 505.0
2457180.80298 19.418 0.068 4.32 455.0
2457181.56943 19.332 0.059 4.71 370.0
2457181.75919 19.679 0.083 4.89 388.0
2457181.92497 19.341 0.088 5.94 514.0
2457182.70736 19.438 0.060 4.69 367.0
2457182.88508 19.391 0.068 4.74 434.0
2457183.64189 19.485 0.075 5.56 336.0
2457183.82587 19.401 0.074 5.53 375.0
2457184.63388 19.613 0.089 5.36 403.0
2457184.81745 19.332 0.061 4.91 362.0
2457185.59847 19.490 0.089 6.09 418.0
2457185.78126 19.355 0.056 4.48 391.0
2457186.63222 19.816 0.148 7.20 440.0
2457186.90297 19.350 0.093 6.37 524.0
2457187.70507 19.724 0.078 4.82 356.0
2457187.87290 19.606 0.073 4.38 444.0
2457188.85311 19.537 0.117 6.82 513.0
2457189.71357 19.454 0.068 4.90 449.0
2457189.88067 19.462 0.086 5.12 597.0
2457190.68179 19.503 0.065 3.98 485.0
2457190.87034 19.372 0.086 5.08 677.0
2457191.79336 19.502 0.091 6.35 402.0
2457193.64362 19.549 0.060 4.29 325.0
2457193.73476 19.483 0.055 3.78 364.0
2457193.89886 19.454 0.070 4.82 477.0
2457194.70089 19.510 0.059 4.11 402.0
2457195.82948 19.425 0.055 3.99 728.0
2457196.88234 19.539 0.105 6.40 477.0
2457197.54345 19.456 0.101 6.38 513.0
2457197.71935 19.540 0.068 5.21 315.0
2457198.52587 19.409 0.082 5.39 515.0
2457198.71093 19.447 0.068 4.94 401.0
2457198.88122 19.326 0.095 6.58 552.0
2457199.64695 19.517 0.051 3.76 363.0
2457199.82983 19.577 0.083 5.18 433.0
2457200.59983 19.521 0.057 3.57 466.0
2457200.76880 19.529 0.072 4.23 484.0
2457202.74695 19.447 0.099 5.21 732.0
2457206.56110 19.453 0.112 4.71 1041.0
2457206.73589 19.758 0.122 4.20 944.0
2457207.54466 19.477 0.089 4.56 705.0
2457207.70900 19.704 0.110 4.96 628.0
2457208.53313 19.627 0.084 5.00 485.0
2457211.57765 19.418 0.056 4.53 355.0
2457211.76081 19.503 0.070 4.66 423.0
2457214.53020 19.553 0.099 5.96 468.0
2457214.73057 19.423 0.082 5.88 408.0
2457217.75190 19.384 0.077 6.39 339.0
2457219.59421 19.591 0.072 5.00 372.0
2457220.50104 19.808 0.113 5.96 449.0
2457220.68362 19.486 0.051 3.83 341.0
2457221.48748 19.477 0.088 5.73 495.0
2457221.66988 19.378 0.061 4.97 343.0
2457221.82530 19.430 0.093 6.75 421.0
2457222.63079 19.544 0.071 5.38 434.0
2457223.50334 19.456 0.109 7.13 492.0
2457223.68621 19.447 0.072 5.36 366.0
2457224.52768 19.531 0.073 5.09 410.0
2457224.73321 19.826 0.125 6.58 384.0
2457225.55756 19.515 0.063 4.14 443.0
2457226.57839 19.450 0.067 5.17 389.0
2457226.75906 19.470 0.091 6.31 413.0
2457227.54304 19.424 0.053 4.21 372.0
2457227.72660 19.712 0.084 5.08 349.0
2457228.54570 19.488 0.076 4.94 462.0
2457228.74021 19.528 0.083 4.94 721.0
2457229.57277 19.538 0.057 3.69 417.0
2457229.73766 19.363 0.079 4.14 921.0
2457235.50063 19.554 0.137 6.58 750.0
2457235.76262 19.727 0.147 5.30 986.0
2457236.61357 19.480 0.085 5.29 509.0
2457249.61304 19.598 0.095 6.71 322.0
2457250.57493 19.481 0.072 4.84 524.0
2457252.63206 19.387 0.068 6.14 421.0
2457253.57436 19.623 0.071 4.71 346.0
2457255.53252 19.586 0.085 5.67 401.0
2457256.52737 19.458 0.081 5.33 470.0
2457257.59110 19.285 0.061 4.12 651.0
2457258.63060 19.432 0.088 5.03 630.0
2457261.57114 19.567 0.114 5.51 756.0
2457263.53103 19.445 0.072 4.15 667.0
2457263.69403 19.609 0.119 4.41 1203.0
2457264.64334 19.241 0.070 5.00 626.0
2457265.60607 19.214 0.056 4.43 490.0
2457267.55398 19.485 0.084 6.53 388.0
2457268.56163 19.552 0.061 4.23 366.0
2457269.54375 19.456 0.061 4.87 374.0
2457270.49595 19.487 0.068 4.90 392.0
2457270.68520 19.528 0.075 5.42 380.0
2457272.48321 19.562 0.115 6.49 528.0
2457273.59661 19.380 0.089 6.80 420.0
2457275.61042 19.611 0.133 6.16 774.0
2457277.59578 19.708 0.111 7.17 341.0
2457278.58513 19.482 0.073 4.98 396.0
2457281.58577 19.609 0.095 6.20 370.0
2457291.51515 19.476 0.146 7.86 665.0
2457292.52178 19.582 0.170 7.96 743.0
2457293.50635 19.505 0.099 5.42 685.0
2457294.60832 19.578 0.152 7.32 974.0
2457295.59711 19.522 0.110 5.99 624.0
2457300.50894 19.240 0.093 7.48 575.0
2457307.56714 19.464 0.091 6.45 462.0
2457312.49701 19.618 0.130 6.37 713.0
2457317.49765 19.266 0.111 6.26 989.0
2457319.50348 19.217 0.115 7.12 696.0
2457324.50065 19.429 0.150 7.40 750.0
2457332.50696 19.311 0.100 6.04 824.0
2457435.85379 19.349 0.074 5.76 544.0
2457436.87755 19.504 0.091 6.20 420.0
2457438.83019 19.562 0.097 5.29 606.0
2457439.85495 19.240 0.079 5.83 595.0
2457440.87883 19.381 0.074 4.56 634.0
2457442.81704 19.635 0.132 5.93 740.0
2457444.89791 19.308 0.086 5.71 675.0
2457446.80855 19.484 0.063 4.12 522.0
2457447.81971 19.580 0.073 4.32 491.0
2457448.82233 19.461 0.072 5.38 467.0
2457451.86462 19.547 0.091 4.83 662.0
2457452.90719 19.642 0.077 4.26 572.0
2457454.86053 19.666 0.074 4.44 375.0
2457455.86316 19.548 0.074 5.43 357.0
2457456.87952 19.808 0.111 5.52 412.0
2457457.87600 19.635 0.099 5.81 451.0
2457458.86975 19.583 0.082 5.96 343.0
2457460.87128 19.737 0.085 5.22 396.0
2457461.86912 19.463 0.056 4.25 377.0
2457462.84756 19.674 0.073 4.39 402.0
2457463.89062 19.657 0.068 4.17 382.0
2457465.81548 19.446 0.073 4.67 507.0
2457466.87593 19.411 0.071 5.09 452.0
2457467.87900 19.356 0.059 5.05 355.0
2457470.83523 19.455 0.086 5.21 560.0
2457471.78754 19.446 0.090 5.11 653.0
2457471.91785 19.331 0.082 4.11 930.0
2457472.85801 19.444 0.081 5.14 521.0
2457474.74897 19.559 0.128 6.50 683.0
2457474.85126 19.477 0.073 4.69 549.0
2457475.78068 19.358 0.102 6.21 663.0
2457475.88493 19.624 0.092 5.06 566.0
2457476.77394 19.618 0.095 4.22 916.0
2457484.86109 19.481 0.069 5.31 368.0
2457486.78392 19.593 0.093 6.26 389.0
2457487.89259 19.578 0.069 4.53 407.0
2457489.92575 19.400 0.070 4.79 479.0
2457492.75224 19.451 0.064 5.02 371.0
2457493.73979 19.585 0.072 4.87 356.0
2457494.73210 19.541 0.059 4.12 360.0
2457495.92708 19.384 0.077 5.26 558.0
2457498.85843 19.368 0.078 5.43 505.0
2457499.81319 19.524 0.087 5.33 519.0
2457500.75425 19.528 0.106 5.41 631.0
2457507.77600 19.464 0.063 4.29 466.0
2457508.82472 19.479 0.050 3.64 369.0
2457509.92419 19.460 0.081 5.67 494.0
2457512.87656 19.667 0.066 4.16 375.0
2457526.85322 19.590 0.088 5.42 485.0
2457530.70265 19.693 0.144 5.57 927.0
2457534.84293 19.525 0.085 5.09 561.0
2457536.83945 19.695 0.087 4.79 436.0
2457546.67282 19.559 0.082 6.46 296.0
2457547.61681 19.496 0.073 5.66 341.0
2457548.74786 19.487 0.046 3.82 319.0
2457549.86954 19.501 0.079 6.32 361.0
2457550.84811 19.530 0.096 6.01 535.0
2457552.87479 19.720 0.137 7.82 488.0
2457555.58759 19.455 0.082 5.29 559.0
2457555.91836 19.574 0.104 6.06 529.0
2457557.89259 19.475 0.122 6.11 822.0
2457561.69336 19.782 0.112 4.03 866.0
2457566.55029 19.649 0.102 6.13 423.0
2457567.81374 19.602 0.089 5.32 499.0
2457568.83477 19.806 0.152 7.28 482.0
2457570.78757 19.500 0.078 5.87 421.0
2457573.69642 19.496 0.092 7.30 311.0
2457575.62764 19.556 0.088 6.53 319.0
2457575.78121 19.651 0.074 5.18 334.0
2457576.57631 19.425 0.059 5.38 302.0
2457576.74007 19.432 0.060 5.21 306.0
2457577.56261 19.494 0.085 6.40 426.0
2457579.74100 19.494 0.087 6.62 363.0
2457582.69735 19.330 0.059 5.18 399.0
2457582.71034 19.455 0.072 5.60 367.0
2457584.56804 19.368 0.089 6.08 528.0
2457584.71028 19.809 0.116 5.83 458.0
2457589.51665 19.626 0.167 6.92 877.0
2457589.67559 19.423 0.103 5.86 704.0
2457590.47503 19.535 0.125 6.49 694.0
2457590.61650 19.503 0.081 4.74 564.0
2457590.80885 19.688 0.168 7.03 785.0
2457593.54842 19.498 0.063 5.34 295.0
2457593.70374 19.521 0.066 5.27 324.0
2457595.70012 19.469 0.099 7.18 392.0
2457599.51442 19.322 0.079 6.20 409.0
2457599.74925 19.498 0.076 4.93 355.0
2457600.61856 19.553 0.086 6.23 333.0
2457600.64684 19.528 0.087 6.82 321.0
2457601.78028 19.719 0.119 6.87 376.0
2457602.62027 19.444 0.072 5.82 338.0
2457602.77003 19.504 0.121 7.72 444.0
2457603.60810 19.563 0.067 4.96 300.0
2457603.74829 19.640 0.085 5.95 316.0
2457604.57490 19.368 0.056 4.92 334.0
2457604.71548 19.342 0.059 5.44 311.0
2457605.56769 19.639 0.083 6.19 311.0
2457605.71902 19.839 0.108 5.88 367.0
2457606.74330 19.453 0.104 7.68 362.0
2457607.64584 19.358 0.057 5.28 275.0
2457608.52535 19.453 0.070 5.62 331.0
2457608.72719 19.478 0.077 5.64 344.0
2457609.60375 19.443 0.061 4.61 335.0
2457609.75417 19.557 0.088 5.82 430.0
2457610.63640 19.414 0.067 4.81 379.0
2457611.63663 19.521 0.088 6.16 390.0
2457612.56517 19.438 0.075 5.59 405.0
2457612.70362 19.270 0.074 5.86 456.0
2457616.58032 19.449 0.077 4.99 560.0
2457617.53026 19.475 0.105 5.80 625.0
2457617.69404 19.740 0.150 5.81 718.0
2457618.58362 19.503 0.091 4.90 613.0
2457618.73446 19.626 0.175 6.84 973.0
2457621.59076 19.613 0.113 6.23 528.0
2457622.52955 19.505 0.062 4.63 327.0
2457622.71246 19.468 0.071 4.74 440.0
2457623.63120 19.615 0.072 5.38 327.0
2457624.57463 19.591 0.083 5.88 349.0
2457625.53505 19.527 0.066 4.82 381.0
2457626.51488 19.700 0.094 5.38 408.0
2457630.50963 19.619 0.077 5.17 356.0
2457631.48121 19.460 0.078 5.18 464.0
2457631.65997 19.587 0.070 5.07 333.0
2457632.64513 19.456 0.078 5.37 370.0
2457634.52992 19.410 0.087 6.94 342.0
2457636.48263 19.713 0.147 7.56 453.0
2457636.65330 19.844 0.138 7.10 388.0
2457637.64334 19.506 0.084 6.19 379.0
2457639.53774 19.480 0.090 5.79 434.0
2457643.62284 19.607 0.142 6.69 645.0
2457645.49906 19.357 0.103 6.09 721.0
2457647.61736 19.502 0.132 6.65 698.0
2457649.51107 19.510 0.070 4.36 541.0
2457650.56123 19.566 0.081 5.12 456.0
2457651.59079 19.752 0.130 6.10 586.0
2457653.48507 19.636 0.078 5.21 421.0
2457655.48592 19.377 0.087 6.55 449.0
2457656.57071 19.415 0.090 6.65 412.0
2457659.55640 19.304 0.077 6.04 439.0
2457661.48520 19.451 0.115 6.94 618.0
2457662.55749 19.329 0.085 6.20 501.0
2457667.49378 19.342 0.081 5.71 588.0
2457672.54385 19.403 0.108 6.07 811.0
2457681.51521 19.501 0.108 7.75 454.0
2457791.88450 19.668 0.114 4.30 1088.0
2457792.88729 19.507 0.123 5.01 1242.0
2457793.87873 19.624 0.082 4.52 535.0
2457794.88572 19.347 0.093 5.29 827.0
2457795.88976 19.476 0.115 5.25 1063.0
2457798.86115 19.549 0.083 4.73 540.0
2457800.85199 19.705 0.119 6.17 523.0
2457801.89086 19.425 0.094 4.66 813.0
2457803.87230 19.521 0.111 4.68 1098.0
2457807.84581 19.547 0.077 5.29 391.0
2457808.89657 19.452 0.102 5.69 687.0
2457809.90477 19.379 0.117 5.20 1332.0
2457811.82730 19.406 0.071 5.18 417.0
2457812.85886 19.481 0.066 4.63 420.0
2457814.82775 19.371 0.065 5.15 424.0
2457815.85463 19.584 0.078 4.95 415.0
2457816.84640 19.498 0.078 5.56 404.0
2457817.84301 19.433 0.069 4.95 463.0
2457818.82922 19.353 0.056 4.23 424.0
2457819.80908 19.595 0.089 6.28 395.0
2457819.90647 19.594 0.094 4.42 736.0
2457821.81720 19.400 0.081 4.98 524.0
2457822.81261 19.471 0.091 5.16 664.0
2457822.90196 19.452 0.062 4.22 438.0
2457823.88715 19.417 0.066 4.53 515.0
2457824.88326 19.470 0.081 4.75 563.0
2457825.87486 19.487 0.081 5.05 550.0
2457826.83374 19.529 0.103 5.55 649.0
2457827.91026 19.469 0.077 4.52 657.0
2457828.87943 19.460 0.065 4.20 495.0
2457830.78207 19.519 0.106 4.72 1033.0
2457830.86931 19.491 0.077 4.86 530.0
2457836.89340 19.380 0.069 6.03 338.0
2457838.78020 19.557 0.084 5.91 380.0
2457839.84646 19.615 0.058 4.58 303.0
2457840.90781 19.496 0.057 4.51 336.0
2457842.77821 19.404 0.071 6.19 332.0
2457843.81909 19.386 0.059 5.34 315.0
2457844.86135 19.654 0.091 6.20 325.0
2457845.90794 19.482 0.063 5.28 328.0
2457847.75006 19.536 0.083 6.02 357.0
2457848.77947 19.454 0.063 5.27 325.0
2457849.80783 19.493 0.057 4.55 338.0
2457850.83687 19.467 0.056 4.51 343.0
2457851.88107 19.405 0.054 4.60 318.0
2457853.91974 19.313 0.097 7.32 463.0
2457855.72914 19.362 0.072 4.27 721.0
2457856.75315 19.388 0.106 6.59 613.0
2457858.83599 19.423 0.077 5.03 604.0
2457862.87167 19.459 0.074 5.26 417.0
2457865.68555 19.346 0.053 4.46 367.0
2457866.69654 19.396 0.054 4.17 366.0
2457867.71540 19.393 0.052 4.19 346.0
2457868.78802 19.496 0.079 5.45 355.0
2457869.81137 19.425 0.049 4.09 327.0
2457870.85002 19.538 0.063 4.68 323.0
2457871.87232 19.552 0.061 4.16 353.0
2457872.89863 19.388 0.051 4.03 383.0
2457873.87906 19.447 0.056 3.97 390.0
2457874.85200 19.480 0.075 5.27 414.0
2457876.90237 19.517 0.066 4.64 420.0
2457877.87447 19.419 0.062 4.01 473.0
2457878.91381 19.447 0.056 3.87 449.0
2457880.67486 19.579 0.096 5.86 484.0
2457881.75085 19.474 0.116 7.22 520.0
2457893.67003 19.498 0.093 6.82 390.0
2457893.92371 19.448 0.072 4.67 493.0
2457894.81263 19.409 0.064 4.96 375.0
2457895.79522 19.328 0.061 4.98 429.0
2457901.67960 19.481 0.075 5.71 384.0
2457902.66872 19.316 0.073 6.31 361.0
2457903.76123 19.316 0.080 7.11 333.0
2457904.66225 19.322 0.051 4.82 330.0
2457904.92802 19.575 0.104 6.30 461.0
2457905.79268 19.454 0.064 4.71 396.0
2457906.68312 19.318 0.046 3.76 384.0
2457906.92947 19.420 0.100 5.73 713.0
2457907.89514 19.512 0.092 5.18 726.0
2457908.78918 19.239 0.056 4.68 436.0
2457909.65414 19.457 0.070 4.32 518.0
2457909.89591 19.233 0.066 4.68 548.0
2457910.69446 19.311 0.057 4.11 485.0
2457911.57978 19.453 0.110 5.75 788.0
2457916.54889 19.357 0.107 5.94 908.0
2457916.76063 19.343 0.061 3.88 635.0
2457917.60123 19.250 0.071 5.14 566.0
2457917.84286 19.363 0.115 6.76 692.0
2457922.56705 19.190 0.092 7.50 513.0
2457923.52106 19.201 0.073 6.35 493.0
2457923.86547 19.283 0.096 7.49 411.0
2457924.50448 19.203 0.075 6.12 529.0
2457924.89453 19.231 0.072 5.36 303.0
2457925.57161 19.211 0.082 7.46 317.0
2457925.86606 19.179 0.066 6.09 352.0
2457925.89097 19.363 0.104 7.44 390.0
2457926.75497 19.247 0.062 5.60 371.0
2457926.87283 19.222 0.096 7.93 401.0
2457928.56713 19.205 0.069 6.01 368.0
2457928.60124 19.116 0.052 4.98 250.0
2457928.63364 19.217 0.070 6.16 202.0
2457928.66710 19.101 0.053 5.43 193.0
2457928.88184 19.375 0.136 8.20 481.0
2457929.57004 19.181 0.081 7.08 441.0
2457932.60063 19.305 0.079 6.73 371.0
2457932.71933 19.258 0.064 6.08 337.0
2457932.84267 19.238 0.085 7.16 459.0
2457933.51194 19.206 0.081 7.33 398.0
2457933.71450 19.284 0.061 5.99 296.0
2457934.64437 19.211 0.054 4.98 375.0
2457934.85979 19.257 0.074 6.82 368.0
2457935.73872 19.145 0.045 4.79 308.0
2457936.61656 19.228 0.047 4.58 333.0
2457936.86999 19.117 0.072 7.47 375.0
2457937.71075 19.104 0.046 4.66 361.0
2457938.63293 19.159 0.075 6.95 463.0
2457944.55111 19.061 0.056 4.37 703.0
2457944.77438 19.020 0.062 5.27 649.0
2457945.57401 19.098 0.053 4.87 488.0
2457945.81120 19.089 0.058 5.00 609.0
2457946.67782 19.053 0.047 4.58 414.0
2457947.57969 19.038 0.050 5.46 376.0
2457948.48581 19.144 0.059 5.98 381.0
2457948.76932 19.200 0.064 5.79 438.0
2457949.69830 19.100 0.069 5.87 526.0
2457953.47201 19.149 0.073 6.07 540.0
2457953.74469 19.144 0.046 5.36 301.0
2457954.66390 19.056 0.039 4.54 291.0
2457956.48394 19.074 0.051 4.62 451.0
2457956.76238 19.008 0.049 6.04 360.0
2457958.61093 19.111 0.067 6.92 370.0
2457959.49489 19.001 0.040 4.60 363.0
2457959.74384 19.037 0.044 5.28 320.0
2457960.64898 18.966 0.044 5.84 279.0
2457961.63043 18.974 0.042 5.22 348.0
2457962.63563 19.106 0.048 5.07 353.0
2457964.65375 19.080 0.055 5.73 378.0
2457966.47720 19.204 0.106 8.11 537.0
2457966.72193 18.973 0.063 7.07 373.0
2457967.72883 19.103 0.079 7.28 487.0
2457971.65782 19.138 0.065 4.75 672.0
2457972.59317 18.891 0.062 5.63 628.0
2457972.70143 19.110 0.080 5.92 721.0
2457973.70202 19.062 0.105 7.86 747.0
2457974.67402 19.003 0.060 5.61 517.0
2457979.57096 19.062 0.043 4.44 380.0
2457980.63670 19.133 0.079 6.75 481.0
2457982.48603 19.074 0.053 4.94 427.0
2457983.55923 19.137 0.052 4.94 369.0
2457984.61684 19.252 0.061 5.62 351.0
2457986.53062 19.191 0.047 4.57 371.0
2457987.60750 19.264 0.053 4.42 426.0
2457991.47388 19.344 0.105 5.89 819.0
2457992.53929 19.133 0.045 4.44 370.0
2457993.60207 19.325 0.058 5.11 347.0
2457998.48414 19.338 0.071 4.59 616.0
2457998.57603 19.144 0.064 5.23 544.0
2458000.51049 19.254 0.087 6.24 535.0
2458000.61191 19.244 0.101 6.83 653.0
2458002.49213 19.206 0.122 7.01 934.0
2458004.51603 19.270 0.079 6.11 490.0
2458008.51408 19.261 0.075 6.30 412.0
2458012.49453 19.336 0.060 4.46 470.0
2458014.53307 19.315 0.064 5.09 428.0
2458016.55525 19.374 0.081 6.55 392.0
2458019.53910 19.305 0.055 4.62 396.0
2458029.53659 19.426 0.115 6.24 648.0
2458037.54015 19.269 0.111 7.50 518.0
2458039.52681 19.400 0.111 7.33 508.0
2458048.50525 19.338 0.067 4.97 468.0
2458054.51107 19.513 0.141 5.71 1072.0
2458056.50618 19.590 0.169 7.74 719.0
