2457065.85440 19.111 0.081 6.39 571.0
2457069.84434 18.919 0.064 6.58 455.0
2457070.85803 19.034 0.049 4.92 367.0
2457071.87040 18.927 0.043 4.98 350.0
2457072.87802 18.936 0.048 4.84 389.0
2457076.88434 19.041 0.044 4.15 373.0
2457077.88159 18.876 0.050 5.52 384.0
2457078.87276 18.976 0.041 4.00 357.0
2457080.82148 18.940 0.061 7.02 365.0
2457081.88343 18.983 0.066 7.01 357.0
2457082.86197 18.972 0.038 4.24 316.0
2457083.84009 18.896 0.056 6.14 367.0
2457084.81739 19.117 0.066 4.96 588.0
2457084.90923 18.967 0.056 3.95 910.0
2457085.88253 19.001 0.044 3.67 499.0
2457086.86127 18.995 0.048 3.90 544.0
2457087.82704 19.116 0.066 4.53 696.0
2457088.79795 18.880 0.049 4.59 589.0
2457088.88791 19.077 0.057 4.62 449.0
2457089.85374 18.895 0.048 4.46 489.0
2457090.82033 18.978 0.061 5.47 531.0
2457090.90921 18.966 0.062 4.05 940.0
2457091.86286 19.025 0.052 4.64 484.0
2457092.81278 18.942 0.050 5.06 551.0
2457092.89116 18.968 0.048 4.17 469.0
2457097.77639 18.962 0.049 5.28 384.0
2457097.87494 18.996 0.035 3.62 306.0
2457098.82480 19.093 0.052 5.17 354.0
2457099.77192 18.991 0.051 5.40 361.0
2457099.86834 19.042 0.049 4.85 325.0
2457100.81333 18.928 0.043 4.08 425.0
2457100.90695 19.069 0.045 3.76 393.0
2457101.88877 18.800 0.056 6.14 439.0
2457102.87967 19.020 0.054 5.67 346.0
2457108.84029 18.973 0.062 6.02 411.0
2457109.79016 19.007 0.052 5.53 320.0
2457109.89304 18.969 0.048 5.24 334.0
2457110.80045 19.000 0.036 3.97 347.0
2457110.91194 18.989 0.037 3.53 387.0
2457111.82237 18.995 0.044 4.69 304.0
2457112.74093 18.934 0.066 5.97 562.0
2457112.83787 18.923 0.046 4.69 374.0
2457113.89947 18.961 0.039 3.87 352.0
2457115.92001 18.996 0.055 3.84 794.0
2457117.90485 18.958 0.038 3.37 515.0
2457120.72512 18.895 0.064 4.97 955.0
2457125.85773 18.939 0.043 4.34 426.0
2457129.80580 18.969 0.043 4.46 330.0
2457131.70581 18.986 0.051 5.16 403.0
2457133.82505 18.995 0.047 4.50 394.0
2457135.68484 18.934 0.044 5.00 395.0
2457136.80798 18.916 0.042 4.27 351.0
2457138.65749 18.825 0.070 7.85 466.0
2457139.80800 19.041 0.048 4.84 329.0
2457140.92476 18.947 0.044 4.01 454.0
2457142.76018 18.884 0.038 3.65 401.0
2457143.87218 19.001 0.046 4.47 394.0
2457145.83012 19.006 0.054 4.47 572.0
2457146.85864 19.045 0.065 4.88 747.0
2457147.88076 18.889 0.055 4.93 673.0
2457153.73268 19.082 0.042 3.61 393.0
2457154.84852 19.026 0.044 3.87 386.0
2457155.91511 18.996 0.048 4.08 496.0
2457157.85926 19.050 0.044 3.93 364.0
2457158.94098 18.946 0.075 4.98 1060.0
2457160.66259 18.983 0.048 4.64 391.0
2457161.73468 18.983 0.034 3.15 353.0
2457162.80366 18.939 0.044 4.34 331.0
2457163.85622 19.093 0.053 4.84 371.0
2457166.61893 18.927 0.061 5.98 463.0
2457169.58974 18.938 0.056 5.71 449.0
2457170.62227 19.035 0.049 4.70 371.0
2457172.66879 19.024 0.062 5.30 485.0
2457173.68980 18.930 0.059 5.34 545.0
2457174.69824 19.060 0.061 4.71 581.0
2457175.71219 18.937 0.054 3.79 1002.0
2457176.90621 19.011 0.085 5.21 1139.0
2457178.72198 18.853 0.051 4.34 661.0
2457179.66670 18.901 0.059 5.22 532.0
2457180.66169 18.972 0.049 4.74 396.0
2457181.67342 18.947 0.040 4.24 335.0
2457182.68464 19.034 0.041 4.36 267.0
2457183.69671 18.817 0.047 6.15 276.0
2457184.74641 18.972 0.054 5.98 303.0
2457185.75341 19.056 0.057 5.67 344.0
2457186.90446 19.087 0.080 6.83 470.0
2457187.91626 19.097 0.069 5.99 557.0
2457189.61966 19.096 0.052 4.60 376.0
2457190.68757 18.993 0.049 4.61 421.0
2457191.85540 18.985 0.063 6.37 405.0
2457194.73455 18.950 0.037 3.71 389.0
2457197.81979 18.847 0.047 5.44 347.0
2457198.85396 18.990 0.058 5.80 402.0
2457199.84636 18.950 0.051 5.05 404.0
2457200.75985 18.976 0.043 3.79 412.0
2457200.79030 18.855 0.042 4.11 511.0
2457200.83129 19.020 0.056 5.37 457.0
2457201.50954 18.939 0.093 5.35 2795.0
2457202.56264 18.785 0.068 6.82 1071.0
2457202.60015 18.925 0.058 5.08 590.0
2457206.70875 18.977 0.065 4.81 806.0
2457207.72531 18.904 0.062 5.54 607.0
2457209.64297 19.008 0.057 5.38 488.0
2457211.84765 18.970 0.067 6.64 579.0
2457217.60069 18.914 0.047 5.14 336.0
2457220.48842 18.930 0.055 6.08 425.0
2457221.51833 18.909 0.050 5.81 377.0
2457222.57972 18.844 0.042 4.96 376.0
2457223.71648 19.002 0.059 6.16 343.0
2457225.47156 18.885 0.050 5.22 725.0
2457226.71775 18.966 0.041 4.38 299.0
2457227.72818 18.840 0.042 5.13 306.0
2457228.79939 19.038 0.053 5.72 611.0
2457235.72144 19.005 0.061 4.78 718.0
2457249.61466 18.846 0.044 5.52 278.0
2457252.68981 19.022 0.051 5.70 351.0
2457255.63851 19.042 0.050 5.01 313.0
2457258.53915 18.961 0.077 5.03 1012.0
2457263.54777 19.084 0.072 5.37 615.0
2457265.50023 19.011 0.049 4.42 432.0
2457268.48333 18.946 0.041 4.10 364.0
2457270.48149 18.864 0.051 5.65 400.0
2457272.56283 19.059 0.070 6.39 420.0
2457277.51688 19.027 0.053 5.31 307.0
2457281.54229 18.923 0.061 6.52 346.0
2457291.53153 18.974 0.082 6.80 624.0
2457292.55997 19.002 0.098 7.38 727.0
2457294.53217 19.057 0.077 6.81 513.0
2457295.48591 18.858 0.070 7.29 458.0
2457296.53119 19.085 0.079 6.74 361.0
2457299.53471 18.991 0.059 5.96 449.0
2457300.54891 18.951 0.067 6.70 516.0
2457311.49005 18.928 0.050 4.06 692.0
2457312.51213 18.882 0.056 5.29 573.0
2457317.51252 18.964 0.068 6.04 573.0
2457320.51389 18.925 0.076 6.38 663.0
2457324.51523 19.124 0.080 5.61 558.0
2457332.51664 19.070 0.072 5.54 592.0
2457435.86639 19.094 0.069 6.40 437.0
2457436.88992 18.996 0.057 4.40 590.0
2457438.83958 18.845 0.055 5.73 550.0
2457439.86777 19.013 0.065 5.73 506.0
2457440.89141 18.922 0.047 3.78 705.0
2457442.82333 18.949 0.071 5.89 678.0
2457442.83369 18.885 0.076 6.65 658.0
2457445.81404 19.026 0.067 6.05 549.0
2457446.82613 19.009 0.051 4.84 474.0
2457447.83488 18.903 0.049 5.27 427.0
2457448.83706 18.999 0.051 5.21 392.0
2457449.86775 18.980 0.078 4.55 1320.0
2457451.89347 18.892 0.049 4.24 656.0
2457452.80052 18.982 0.047 5.02 414.0
2457453.79484 19.043 0.049 5.60 386.0
2457454.87499 19.126 0.052 4.47 338.0
2457455.87832 18.889 0.046 5.52 321.0
2457456.89419 19.021 0.046 4.35 360.0
2457457.89048 19.003 0.052 5.05 412.0
2457458.88457 19.040 0.042 4.31 290.0
2457460.88640 18.983 0.041 4.15 348.0
2457461.89335 19.030 0.036 3.37 310.0
2457462.87538 18.939 0.036 3.74 323.0
2457463.90647 18.958 0.040 3.89 383.0
2457465.83028 19.020 0.047 4.12 416.0
2457466.89099 18.868 0.040 4.28 389.0
2457467.89365 19.008 0.044 4.60 310.0
2457470.84955 19.043 0.064 5.53 491.0
2457471.80215 18.982 0.057 4.67 569.0
2457472.75252 19.048 0.076 6.17 599.0
2457472.88274 18.954 0.054 5.06 457.0
2457474.76123 19.094 0.066 5.53 584.0
2457474.86423 18.922 0.048 4.57 488.0
2457475.89726 19.016 0.053 4.70 488.0
2457476.77231 19.118 0.073 4.45 1148.0
2457479.83170 18.999 0.080 5.72 781.0
2457484.91556 18.981 0.045 4.50 368.0
2457486.82608 19.100 0.065 6.14 342.0
2457488.72115 18.888 0.045 5.48 340.0
2457491.73374 19.028 0.061 6.43 351.0
2457492.78035 18.979 0.041 4.30 328.0
2457493.76798 18.996 0.039 4.25 292.0
2457494.76405 19.014 0.040 4.17 291.0
2457495.73483 18.943 0.049 4.79 395.0
2457497.88050 18.948 0.045 4.65 369.0
2457498.88836 18.914 0.052 5.18 474.0
2457499.84143 18.967 0.046 4.31 462.0
2457500.78254 18.942 0.064 5.71 550.0
2457507.81843 19.069 0.046 3.96 424.0
2457508.86921 19.043 0.041 3.63 369.0
2457511.71617 18.995 0.041 4.54 327.0
2457512.92106 18.958 0.038 3.86 410.0
2457523.88213 18.958 0.049 5.14 380.0
2457526.89647 18.930 0.060 5.92 496.0
2457534.88921 19.058 0.052 4.08 570.0
2457536.88367 19.005 0.049 4.38 584.0
2457546.75089 18.916 0.043 4.77 309.0
2457547.65932 18.953 0.041 4.69 268.0
2457548.85592 18.938 0.033 4.11 406.0
2457549.91166 18.958 0.053 5.63 384.0
2457550.89041 19.006 0.065 5.92 513.0
2457555.63246 18.976 0.047 4.57 431.0
2457561.74550 19.091 0.051 3.78 580.0
2457566.60209 18.943 0.060 6.75 381.0
2457567.85590 19.114 0.064 5.14 513.0
2457570.68594 18.896 0.049 6.12 272.0
2457575.67910 18.985 0.040 4.23 269.0
2457576.69021 18.862 0.036 4.67 264.0
2457579.72912 18.985 0.051 5.53 319.0
2457584.60780 18.936 0.054 5.50 410.0
2457589.60258 18.900 0.064 5.33 784.0
2457590.61808 19.008 0.049 4.39 507.0
2457593.60250 19.007 0.046 5.25 272.0
2457596.56027 18.943 0.036 4.51 268.0
2457600.59103 18.958 0.064 7.10 321.0
2457602.66921 18.947 0.046 5.18 302.0
2457604.71709 19.083 0.046 4.66 268.0
2457605.75796 19.072 0.060 5.46 377.0
2457607.73460 19.004 0.052 5.84 283.0
2457609.56541 18.922 0.047 5.31 338.0
2457610.71145 18.955 0.043 4.12 369.0
2457612.68029 18.912 0.045 4.64 392.0
2457617.53187 18.985 0.077 6.10 592.0
2457622.49300 18.975 0.041 4.50 285.0
2457623.66228 18.902 0.046 5.11 328.0
2457625.61445 18.902 0.047 5.52 312.0
2457630.62609 18.966 0.051 5.50 296.0
2457632.63235 18.960 0.044 4.28 332.0
2457638.56248 18.963 0.053 5.08 481.0
2457644.59631 18.949 0.067 5.33 711.0
2457649.51270 18.970 0.045 4.17 480.0
2457650.57588 18.948 0.051 5.14 428.0
2457653.52736 19.007 0.040 4.24 318.0
2457655.54060 18.974 0.048 5.24 319.0
2457656.58525 19.073 0.057 5.23 376.0
2457659.58717 18.969 0.049 4.68 391.0
2457661.53140 18.863 0.052 6.00 364.0
2457662.57236 19.013 0.057 5.10 429.0
2457667.55851 18.892 0.044 4.61 384.0
2457682.51754 18.912 0.052 4.98 537.0
2457796.86927 18.920 0.056 5.27 600.0
2457798.87567 18.903 0.054 5.41 491.0
2457800.86697 18.807 0.045 5.12 459.0
2457802.84687 18.745 0.064 7.21 518.0
2457803.88752 18.864 0.074 5.48 1067.0
2457807.86139 18.731 0.039 5.03 344.0
2457809.82435 18.693 0.050 6.53 483.0
2457810.82297 18.738 0.043 5.45 412.0
2457811.84257 18.759 0.042 5.16 365.0
2457812.87380 18.863 0.041 4.60 383.0
2457814.84278 18.741 0.042 5.76 358.0
2457815.87173 18.775 0.043 5.09 351.0
2457816.86155 18.726 0.038 4.88 348.0
2457817.85806 18.663 0.033 4.26 396.0
2457818.84428 18.672 0.034 4.65 376.0
2457819.82403 18.669 0.039 5.48 354.0
2457820.83269 18.680 0.040 5.26 395.0
2457821.83186 18.641 0.045 6.09 396.0
2457822.82729 18.565 0.047 5.89 591.0
2457823.81293 18.610 0.042 4.81 629.0
2457823.90188 18.598 0.033 4.11 455.0
2457824.89789 18.666 0.046 5.69 497.0
2457825.88941 18.647 0.037 4.48 489.0
2457826.84860 18.608 0.047 5.44 562.0
2457827.83577 18.508 0.037 5.15 478.0
2457828.80491 18.615 0.043 5.30 530.0
2457828.89424 18.524 0.036 4.97 440.0
2457830.80203 18.499 0.056 4.87 1634.0
2457830.88116 18.449 0.037 4.52 742.0
2457835.82183 18.370 0.042 7.68 327.0
2457836.90987 18.369 0.036 6.15 365.0
2457838.79581 18.286 0.028 5.28 339.0
2457839.86453 18.230 0.022 4.62 263.0
2457841.74146 18.005 0.028 7.44 307.0
2457842.79334 17.950 0.022 5.70 293.0
2457843.83430 17.905 0.020 5.60 268.0
2457844.87699 17.772 0.020 6.13 296.0
2457846.74001 17.684 0.022 7.73 307.0
2457847.76564 17.606 0.016 5.34 306.0
2457848.79460 17.469 0.014 5.03 281.0
2457849.82308 17.311 0.011 4.35 288.0
2457850.86183 17.046 0.010 4.92 296.0
2457851.89743 16.617 0.008 5.14 297.0
2457854.70207 16.822 0.011 5.32 691.0
2457855.74411 17.220 0.014 4.90 639.0
2457856.76821 17.535 0.025 7.61 540.0
2457858.89153 17.822 0.021 5.27 461.0
2457862.90076 18.194 0.029 5.78 361.0
2457865.70081 18.311 0.025 4.84 309.0
2457866.71202 18.309 0.025 4.46 324.0
2457867.73093 18.458 0.025 3.88 290.0
2457868.81234 18.532 0.043 6.61 332.0
2457869.82754 18.551 0.028 4.17 293.0
2457870.86593 18.483 0.027 3.96 299.0
2457871.89125 18.609 0.029 3.55 319.0
2457872.91393 18.591 0.031 4.35 356.0
2457873.89578 18.611 0.030 3.87 333.0
2457874.86778 18.535 0.032 4.33 391.0
2457876.65415 18.784 0.061 7.15 514.0
2457876.92811 18.635 0.034 4.12 433.0
2457877.89472 18.683 0.038 4.40 424.0
2457878.92924 18.737 0.036 3.63 499.0
2457880.69007 18.630 0.044 5.84 429.0
2457881.78172 18.781 0.063 6.09 623.0
2457882.78078 18.728 0.048 5.51 479.0
2457890.68443 18.823 0.071 7.40 473.0
2457893.68518 18.760 0.047 5.78 352.0
2457893.93595 18.921 0.065 5.93 557.0
2457894.82834 18.809 0.038 4.52 326.0
2457897.64090 18.824 0.057 7.04 392.0
2457901.69655 18.883 0.036 4.59 337.0
2457902.68408 18.857 0.037 4.33 303.0
2457903.77397 19.012 0.071 7.28 310.0
2457904.67792 18.809 0.036 4.51 281.0
2457904.93818 18.850 0.055 5.70 491.0
2457905.80798 18.902 0.038 3.76 338.0
2457906.69832 18.843 0.034 3.59 330.0
2457906.93586 18.885 0.054 4.53 690.0
2457908.56297 18.850 0.078 7.41 669.0
2457908.80525 18.922 0.043 4.27 362.0
2457909.67929 18.906 0.044 4.25 436.0
2457909.90593 18.963 0.055 4.52 587.0
2457910.71085 18.938 0.042 4.09 404.0
2457911.58987 18.847 0.076 6.92 702.0
2457916.56435 18.711 0.064 6.12 937.0
2457916.77626 18.895 0.049 3.68 840.0
2457917.62057 18.887 0.048 4.59 463.0
2457917.85805 18.891 0.063 5.50 632.0
2457923.58159 19.020 0.062 6.28 391.0
2457923.84264 18.831 0.046 4.82 403.0
2457924.65578 18.921 0.043 4.70 316.0
2457925.57438 18.875 0.059 7.07 347.0
2457925.84055 18.821 0.044 5.10 348.0
2457926.77192 18.842 0.055 6.38 342.0
2457928.56939 18.986 0.062 6.22 428.0
2457929.57749 18.915 0.063 7.13 700.0
2457932.60217 18.915 0.057 6.38 333.0
2457933.73069 18.821 0.046 6.04 257.0
2457934.67929 18.868 0.038 4.36 306.0
2457935.49784 18.903 0.051 5.68 421.0
2457935.75481 18.916 0.037 4.19 264.0
2457936.63225 18.934 0.046 5.28 290.0
2457937.47854 18.923 0.068 6.57 573.0
2457937.72697 18.885 0.048 5.59 311.0
2457938.64871 18.811 0.062 7.22 413.0
2457944.55268 18.927 0.063 5.35 658.0
2457944.66504 18.950 0.053 4.45 518.0
2457944.77595 18.888 0.051 4.33 609.0
2457945.58936 18.817 0.043 4.61 423.0
2457945.82649 19.034 0.067 5.29 607.0
2457946.69378 18.969 0.047 4.64 367.0
2457947.59592 18.922 0.050 5.42 339.0
2457948.50121 18.923 0.047 5.43 316.0
2457948.78522 18.926 0.048 4.68 425.0
2457949.71133 19.062 0.078 6.73 490.0
2457953.48395 18.797 0.058 7.01 405.0
2457953.76098 18.809 0.040 5.09 284.0
2457954.68097 18.932 0.038 4.24 250.0
2457956.50426 18.971 0.057 5.82 401.0
2457956.77967 18.939 0.044 4.92 335.0
2457958.62221 18.954 0.069 7.60 320.0
2457959.51059 18.905 0.045 5.24 324.0
2457959.76035 18.972 0.045 5.09 294.0
2457960.66489 19.014 0.046 5.17 252.0
2457961.64229 18.866 0.040 4.74 307.0
2457962.74502 19.006 0.043 4.60 373.0
2457964.66946 18.963 0.046 4.71 328.0
2457966.52029 18.917 0.075 7.67 411.0
2457966.73924 18.966 0.065 6.84 338.0
2457967.74881 18.949 0.072 7.09 434.0
2457971.57078 18.794 0.052 4.81 643.0
2457971.65944 18.872 0.050 4.21 619.0
2457972.50401 18.920 0.091 7.27 657.0
2457972.59478 18.916 0.067 5.90 578.0
2457972.71263 18.998 0.071 5.14 688.0
2457973.71911 18.998 0.102 7.59 740.0
2457974.69129 18.932 0.054 4.74 487.0
2457979.58946 18.955 0.040 3.91 366.0
2457980.65378 18.839 0.064 6.66 434.0
2457982.51068 18.968 0.049 4.93 342.0
2457983.57490 19.063 0.051 4.83 325.0
2457984.63275 18.826 0.043 4.89 316.0
2457986.55685 18.913 0.038 4.19 296.0
2457987.62630 19.033 0.041 3.76 338.0
2457991.48949 18.896 0.049 5.33 374.0
2457992.55501 18.979 0.044 4.43 338.0
2457993.61746 18.887 0.043 4.99 307.0
2457998.48576 18.973 0.056 4.73 570.0
2458000.51211 18.902 0.069 6.62 487.0
2458000.62313 18.845 0.066 6.14 617.0
2458002.50913 18.908 0.112 6.62 1380.0
2458004.54140 18.951 0.064 6.24 435.0
2458008.52975 18.960 0.052 5.27 350.0
2458012.51943 19.072 0.049 4.14 420.0
2458014.54843 18.910 0.044 4.49 367.0
2458017.47685 18.883 0.093 5.58 1368.0
2458019.55493 18.901 0.047 5.03 346.0
2458026.50298 19.020 0.072 4.23 1148.0
2458029.55683 18.912 0.059 4.67 617.0
2458039.54213 18.970 0.078 7.24 451.0
2458048.50078 18.888 0.047 4.66 430.0
2458054.50661 18.905 0.088 5.57 1053.0
