2457059.87896 16.884 0.017 7.46 987.0
2457060.86867 16.949 0.015 6.57 865.0
2457060.88477 16.905 0.013 5.31 1099.0
2457061.86467 16.958 0.011 5.42 846.0
2457061.88070 16.932 0.011 4.88 932.0
2457062.86256 16.938 0.011 5.12 836.0
2457062.87822 16.878 0.010 4.45 853.0
2457063.86287 16.938 0.013 5.83 843.0
2457064.85628 16.906 0.011 5.35 859.0
2457065.85140 16.924 0.012 5.73 812.0
2457066.88258 16.925 0.013 5.09 1059.0
2457069.86668 16.935 0.010 4.50 673.0
2457070.84046 16.911 0.010 5.00 626.0
2457070.87879 16.911 0.011 5.65 607.0
2457071.85315 16.914 0.010 5.23 616.0
2457072.86097 16.880 0.011 6.04 638.0
2457074.87698 16.880 0.013 6.65 678.0
2457075.85309 16.932 0.013 7.13 646.0
2457075.89212 16.952 0.013 6.07 781.0
2457076.85457 16.916 0.010 4.99 631.0
2457077.85228 16.919 0.013 6.70 659.0
2457078.84300 16.922 0.011 5.41 626.0
2457079.82310 16.930 0.013 6.78 684.0
2457080.82006 16.932 0.013 7.26 617.0
2457080.86721 16.913 0.010 5.94 500.0
2457081.87852 16.928 0.012 6.64 708.0
2457082.81373 16.903 0.012 6.68 642.0
2457082.84494 16.905 0.010 4.91 587.0
2457083.82246 16.898 0.014 6.97 706.0
2457084.81442 16.914 0.011 5.07 841.0
2457084.84492 16.937 0.012 4.87 748.0
2457085.80164 16.969 0.011 4.91 940.0
2457086.80606 16.908 0.012 5.18 974.0
2457086.83960 16.941 0.011 4.23 843.0
2457087.80296 16.928 0.013 5.39 981.0
2457087.85188 16.917 0.011 4.82 856.0
2457088.82272 16.922 0.010 4.20 775.0
2457089.79610 16.944 0.013 6.47 843.0
2457089.83320 16.918 0.011 4.85 734.0
2457089.87707 16.914 0.010 4.44 738.0
2457090.79340 16.956 0.013 5.98 856.0
2457090.83220 16.933 0.011 4.88 746.0
2457091.79099 16.905 0.011 4.97 818.0
2457091.82981 16.896 0.011 4.98 794.0
2457092.78663 16.908 0.011 5.05 869.0
2457092.82262 16.908 0.010 4.64 781.0
2457097.77498 16.911 0.010 5.48 606.0
2457097.81330 16.895 0.009 4.21 590.0
2457098.80668 16.910 0.010 5.10 605.0
2457099.80260 16.926 0.009 4.63 559.0
2457099.90871 16.896 0.009 3.78 608.0
2457100.76866 16.925 0.012 6.14 762.0
2457101.78666 16.963 0.015 7.38 867.0
2457101.89769 16.907 0.012 5.70 676.0
2457102.79305 16.955 0.016 8.08 627.0
2457104.81518 16.916 0.008 3.57 731.0
2457108.83737 16.956 0.012 6.25 589.0
2457109.74852 16.889 0.011 6.18 582.0
2457109.78582 16.927 0.011 6.11 565.0
2457109.83177 16.919 0.009 4.64 554.0
2457110.73886 16.900 0.010 5.41 611.0
2457110.79603 16.917 0.008 3.87 559.0
2457111.77193 16.932 0.010 4.55 609.0
2457112.73951 16.950 0.014 6.53 818.0
2457112.77953 16.916 0.011 5.18 753.0
2457113.72883 16.914 0.012 6.25 721.0
2457113.74578 16.930 0.010 4.87 666.0
2457113.76196 16.919 0.010 4.99 649.0
2457113.77650 16.938 0.010 4.63 629.0
2457113.79122 16.898 0.009 4.47 626.0
2457113.86128 16.911 0.008 3.38 534.0
2457113.87602 16.913 0.008 3.54 551.0
2457113.89206 16.927 0.009 3.86 575.0
2457113.90782 16.926 0.009 3.88 610.0
2457113.92160 16.908 0.012 3.89 1582.0
2457114.73492 16.925 0.016 7.66 819.0
2457114.75785 16.928 0.012 5.69 751.0
2457114.77239 16.913 0.010 4.86 720.0
2457114.78709 16.921 0.011 4.72 715.0
2457114.84305 16.909 0.009 3.66 647.0
2457114.85783 16.912 0.009 4.03 659.0
2457114.87351 16.906 0.009 3.77 652.0
2457114.88899 16.923 0.009 3.77 613.0
2457114.90471 16.917 0.009 4.20 608.0
2457115.72106 16.880 0.011 5.46 806.0
2457115.72440 16.931 0.012 6.21 801.0
2457115.74380 16.916 0.011 5.52 752.0
2457115.75834 16.934 0.011 5.39 732.0
2457115.77287 16.930 0.011 5.15 720.0
2457115.84524 16.922 0.010 4.21 664.0
2457115.85981 16.918 0.009 3.75 634.0
2457115.88342 16.903 0.008 3.59 630.0
2457115.89963 16.906 0.008 3.39 622.0
2457115.92335 16.913 0.013 4.36 1696.0
2457116.72148 16.963 0.015 6.87 1008.0
2457116.73288 16.909 0.013 6.01 941.0
2457116.74909 16.905 0.012 5.14 897.0
2457116.76763 16.897 0.012 5.31 866.0
2457116.78238 16.910 0.012 5.28 842.0
2457117.71680 16.900 0.013 5.66 1049.0
2457117.72815 16.950 0.014 6.08 1055.0
2457117.74976 16.907 0.011 4.77 910.0
2457117.76462 16.941 0.010 3.92 826.0
2457117.77888 16.930 0.009 3.83 814.0
2457118.73576 16.941 0.013 5.49 1089.0
2457118.75196 16.914 0.011 4.52 981.0
2457118.77123 16.916 0.012 4.38 1667.0
2457119.71345 16.937 0.014 6.57 1044.0
2457119.75215 16.909 0.015 6.94 1035.0
2457120.71618 16.904 0.015 5.41 1902.0
2457120.73027 16.897 0.012 4.98 1138.0
2457120.74266 16.929 0.010 4.51 791.0
2457120.75502 16.916 0.011 4.67 880.0
2457125.69746 16.880 0.012 7.15 655.0
2457125.71367 16.924 0.011 5.76 637.0
2457125.72825 16.900 0.011 5.92 652.0
2457125.74287 16.910 0.012 6.05 671.0
2457126.69365 16.958 0.011 5.73 600.0
2457126.70813 16.905 0.011 5.92 612.0
2457126.72250 16.947 0.011 5.40 618.0
2457126.73853 16.912 0.009 4.65 663.0
2457126.75661 16.927 0.010 4.74 674.0
2457126.79271 16.909 0.009 4.58 683.0
2457127.68992 16.923 0.011 5.93 682.0
2457127.72773 16.906 0.009 4.28 653.0
2457129.68467 16.950 0.013 6.91 649.0
2457129.70087 16.902 0.011 6.23 620.0
2457129.71568 16.904 0.011 5.61 610.0
2457129.73062 16.921 0.010 5.07 583.0
2457129.74530 16.905 0.010 4.80 578.0
2457129.76002 16.909 0.009 4.36 567.0
2457129.77473 16.904 0.009 4.32 569.0
2457130.68157 16.946 0.013 7.43 593.0
2457130.69731 16.937 0.012 6.38 564.0
2457130.71164 16.922 0.012 6.07 562.0
2457130.72608 16.946 0.011 5.75 568.0
2457130.74091 16.918 0.010 5.08 565.0
2457130.75564 16.921 0.010 4.93 567.0
2457131.68249 16.929 0.012 6.09 673.0
2457131.69848 16.900 0.010 5.31 652.0
2457131.71303 16.905 0.011 5.24 650.0
2457131.72753 16.899 0.010 5.34 630.0
2457131.74221 16.921 0.010 4.53 619.0
2457131.75663 16.947 0.010 4.16 601.0
2457131.77105 16.886 0.010 4.16 615.0
2457132.67612 16.925 0.014 7.00 754.0
2457132.69236 16.926 0.012 6.17 710.0
2457132.70700 16.931 0.011 5.56 669.0
2457132.72134 16.912 0.010 5.27 657.0
2457132.73590 16.920 0.011 5.59 671.0
2457132.75021 16.926 0.010 4.72 632.0
2457133.80303 16.915 0.013 6.16 654.0
2457133.81754 16.934 0.011 5.04 636.0
2457133.83296 16.927 0.010 4.81 646.0
2457133.84866 16.923 0.010 4.53 614.0
2457133.86656 16.920 0.010 4.59 620.0
2457133.88083 16.889 0.011 5.24 629.0
2457133.89531 16.913 0.010 5.07 629.0
2457133.90990 16.928 0.012 5.54 634.0
2457133.92431 16.931 0.012 5.45 681.0
2457134.66746 16.923 0.014 7.67 731.0
2457134.68324 16.962 0.013 6.84 689.0
2457134.69256 16.910 0.012 6.04 657.0
2457134.70516 16.923 0.011 5.95 642.0
2457134.72005 16.915 0.011 5.33 629.0
2457134.73498 16.913 0.010 5.04 621.0
2457134.74971 16.912 0.013 5.59 624.0
2457134.81888 16.906 0.010 4.56 598.0
2457134.84408 16.905 0.009 4.24 599.0
2457134.86040 16.910 0.010 4.70 605.0
2457134.87597 16.915 0.010 4.58 597.0
2457134.89109 16.892 0.009 4.23 598.0
2457134.90584 16.926 0.009 4.25 618.0
2457134.92040 16.920 0.009 4.21 643.0
2457135.67602 16.951 0.012 5.97 655.0
2457135.69232 16.917 0.010 4.75 626.0
2457135.70730 16.918 0.009 4.08 620.0
2457135.72181 16.920 0.009 3.87 605.0
2457135.73644 16.912 0.008 3.70 598.0
2457135.84583 16.907 0.008 3.38 517.0
2457135.86334 16.905 0.008 3.26 523.0
2457135.87866 16.928 0.008 3.50 538.0
2457135.89325 16.902 0.008 3.48 546.0
2457135.90790 16.885 0.008 3.23 540.0
2457135.92245 16.911 0.008 3.42 593.0
2457136.66953 16.924 0.012 6.95 675.0
2457136.68433 16.947 0.011 5.66 653.0
2457136.69893 16.914 0.010 4.68 645.0
2457136.71386 16.926 0.013 6.48 667.0
2457136.72818 16.910 0.010 4.86 650.0
2457136.82514 16.900 0.010 4.49 577.0
2457136.85072 16.912 0.010 4.30 595.0
2457136.86635 16.915 0.010 4.46 589.0
2457136.88173 16.927 0.010 4.45 591.0
2457136.89656 16.942 0.011 4.79 599.0
2457136.91144 16.929 0.010 4.54 621.0
2457136.92609 16.923 0.011 4.77 757.0
2457137.66388 16.930 0.011 6.49 571.0
2457137.67877 16.916 0.010 5.06 550.0
2457137.69338 16.930 0.009 4.26 541.0
2457137.70807 16.920 0.009 4.73 538.0
2457137.72291 16.906 0.009 4.21 533.0
2457137.83166 16.916 0.009 4.53 554.0
2457137.84767 16.917 0.010 4.91 559.0
2457137.86446 16.917 0.010 4.53 560.0
2457137.87935 16.972 0.010 4.37 566.0
2457137.89408 16.928 0.010 4.66 578.0
2457137.90875 16.935 0.012 5.91 612.0
2457137.92315 16.946 0.011 4.75 660.0
2457138.65912 16.910 0.016 8.28 718.0
2457138.66680 16.950 0.015 7.65 706.0
2457138.68069 16.888 0.012 6.26 647.0
2457138.69315 16.943 0.011 5.56 595.0
2457138.70788 16.916 0.011 5.78 571.0
2457138.84864 16.912 0.008 3.62 581.0
2457138.86431 16.928 0.009 3.86 609.0
2457138.87982 16.901 0.009 3.66 595.0
2457138.89450 16.895 0.009 3.92 610.0
2457138.90902 16.937 0.010 4.56 632.0
2457138.92422 16.922 0.009 4.06 659.0
2457139.65993 16.923 0.014 6.85 732.0
2457139.67486 16.925 0.018 8.82 733.0
2457139.70866 16.951 0.013 6.28 650.0
2457139.83900 16.933 0.010 4.98 586.0
2457139.85668 16.928 0.011 5.98 585.0
2457139.87183 16.917 0.010 4.80 563.0
2457139.88668 16.921 0.009 4.38 544.0
2457139.90247 16.918 0.010 5.04 560.0
2457139.91731 16.904 0.013 6.48 598.0
2457139.93193 16.917 0.012 5.10 972.0
2457140.65660 16.911 0.012 6.18 757.0
2457140.66885 16.897 0.011 5.30 723.0
2457140.69403 16.937 0.011 5.34 696.0
2457140.70657 16.921 0.010 4.98 710.0
2457140.72130 16.926 0.013 5.72 733.0
2457140.82815 16.940 0.012 5.58 645.0
2457140.84097 16.947 0.011 5.55 639.0
2457140.85821 16.953 0.011 5.27 649.0
2457140.87305 16.912 0.010 4.32 628.0
2457140.88795 16.913 0.010 4.65 639.0
2457140.90264 16.889 0.009 4.01 639.0
2457140.91727 16.885 0.010 4.57 639.0
2457140.93202 16.930 0.011 4.20 1034.0
2457141.65216 16.928 0.010 4.86 679.0
2457141.66748 16.942 0.010 4.66 650.0
2457141.68242 16.924 0.010 4.81 668.0
2457141.69722 16.914 0.009 3.98 641.0
2457141.71157 16.920 0.009 3.63 616.0
2457141.86903 16.915 0.009 3.75 617.0
2457141.88358 16.920 0.009 4.05 671.0
2457141.89764 16.925 0.009 3.69 984.0
2457141.91329 16.906 0.009 4.03 691.0
2457141.92606 16.916 0.009 3.59 742.0
2457142.65085 16.914 0.010 4.91 734.0
2457142.66467 16.910 0.009 4.08 705.0
2457142.67683 16.927 0.009 3.61 661.0
2457142.69184 16.940 0.009 3.44 626.0
2457142.70776 16.912 0.009 3.53 623.0
2457142.84877 16.906 0.009 3.62 572.0
2457142.86340 16.922 0.009 4.08 579.0
2457142.87795 16.911 0.010 4.21 585.0
2457142.89305 16.915 0.009 3.95 595.0
2457142.90756 16.930 0.010 4.06 603.0
2457142.92189 16.934 0.010 4.03 635.0
2457143.64650 16.946 0.012 6.24 768.0
2457143.65830 16.910 0.012 6.05 744.0
2457143.67484 16.899 0.011 5.38 740.0
2457143.68943 16.932 0.011 4.90 701.0
2457143.70372 16.958 0.014 6.31 701.0
2457143.71805 16.912 0.011 5.29 688.0
2457143.73291 16.910 0.010 4.74 672.0
2457143.74756 16.918 0.010 4.59 663.0
2457143.76219 16.932 0.010 4.20 649.0
2457143.84743 16.909 0.010 4.11 727.0
2457143.86314 16.908 0.010 4.35 651.0
2457143.88736 16.898 0.010 4.39 615.0
2457143.91107 16.915 0.010 4.24 623.0
2457143.92709 16.929 0.010 4.04 697.0
2457144.64640 16.976 0.016 6.43 993.0
2457144.65419 16.917 0.013 5.94 944.0
2457144.66659 16.942 0.013 5.46 900.0
2457144.67937 16.920 0.013 5.76 861.0
2457144.69411 16.927 0.012 5.16 817.0
2457144.70906 16.943 0.013 5.76 845.0
2457144.72369 16.917 0.013 5.52 821.0
2457144.83404 16.966 0.014 5.92 817.0
2457144.85136 16.915 0.012 5.01 849.0
2457144.86581 16.923 0.012 5.17 949.0
2457145.68389 16.940 0.013 5.99 929.0
2457145.71181 16.931 0.012 5.41 873.0
2457145.74494 16.928 0.012 5.06 839.0
2457145.75991 16.917 0.011 4.37 825.0
2457145.77510 16.899 0.011 4.74 807.0
2457145.78977 16.904 0.010 4.13 789.0
2457145.80490 16.922 0.010 4.09 785.0
2457145.82098 16.905 0.011 4.43 824.0
2457145.83665 16.914 0.011 4.30 853.0
2457145.85134 16.909 0.010 4.06 827.0
2457145.86592 16.933 0.011 4.40 843.0
2457145.88034 16.918 0.010 3.84 853.0
2457145.89673 16.915 0.010 3.93 858.0
2457145.91150 16.901 0.011 4.47 832.0
2457145.92586 16.899 0.011 4.61 870.0
2457146.63364 16.930 0.016 6.56 1406.0
2457146.64616 16.934 0.016 6.61 1318.0
2457146.65879 16.923 0.014 5.86 1222.0
2457146.67163 16.934 0.013 5.40 1135.0
2457146.68398 16.946 0.012 4.98 1075.0
2457146.69629 16.905 0.011 4.52 1042.0
2457146.70862 16.890 0.010 4.05 1014.0
2457146.73329 16.924 0.010 3.58 974.0
2457146.74566 16.885 0.010 4.06 990.0
2457146.83679 16.912 0.011 4.15 1028.0
2457146.84971 16.914 0.011 4.64 1031.0
2457146.86238 16.944 0.012 4.97 992.0
2457146.87496 16.915 0.011 4.35 992.0
2457146.88744 16.916 0.011 4.22 994.0
2457146.89974 16.915 0.011 4.25 970.0
2457146.91219 16.902 0.011 4.39 967.0
2457146.92484 16.914 0.011 4.62 1009.0
2457147.63646 16.893 0.018 7.65 1272.0
2457147.65271 16.903 0.017 6.91 1172.0
2457147.66522 16.900 0.014 6.08 1104.0
2457147.67785 16.918 0.013 5.47 1038.0
2457147.69062 16.917 0.012 5.21 1014.0
2457147.70324 16.913 0.012 4.85 976.0
2457147.80461 16.911 0.011 4.59 877.0
2457147.81706 16.903 0.014 5.25 1620.0
2457147.83051 16.947 0.013 4.43 1671.0
2457147.84348 16.900 0.011 4.77 912.0
2457147.85752 16.913 0.011 4.89 936.0
2457147.87012 16.888 0.011 4.70 957.0
2457147.88430 16.896 0.010 4.24 960.0
2457147.89699 16.962 0.012 4.96 1000.0
2457147.90932 16.933 0.012 4.88 1007.0
2457147.92169 16.935 0.013 5.49 1058.0
2457147.93563 16.895 0.017 5.51 1983.0
2457148.70028 16.939 0.012 5.39 943.0
2457148.78352 16.912 0.011 4.99 860.0
2457148.85774 16.902 0.012 5.36 991.0
2457148.93007 16.898 0.014 5.66 1170.0
2457150.80839 16.920 0.011 4.73 938.0
2457150.82466 16.948 0.012 5.05 941.0
2457150.83665 16.949 0.013 5.57 949.0
2457151.69524 16.917 0.015 6.53 942.0
2457151.70836 16.909 0.014 5.86 989.0
2457151.73115 16.926 0.012 5.13 951.0
2457151.75294 16.908 0.012 4.97 947.0
2457151.77551 16.913 0.014 5.51 1044.0
2457151.80308 16.924 0.011 4.35 865.0
2457151.87014 16.930 0.012 4.79 1058.0
2457151.90198 16.953 0.013 4.95 1260.0
2457152.74968 16.919 0.011 5.19 702.0
2457152.76424 16.903 0.010 4.53 680.0
2457152.77973 16.900 0.009 4.05 706.0
2457152.79678 16.910 0.009 4.03 721.0
2457152.81386 16.904 0.010 4.25 716.0
2457152.82662 16.922 0.011 4.61 762.0
2457152.84158 16.920 0.010 4.34 738.0
2457152.85679 16.896 0.010 4.51 765.0
2457152.87178 16.911 0.010 4.18 777.0
2457152.88654 16.926 0.012 5.68 814.0
2457152.90109 16.922 0.012 5.36 782.0
2457152.91588 16.914 0.011 5.25 794.0
2457152.93052 16.927 0.011 5.00 828.0
2457153.62001 16.925 0.013 6.50 698.0
2457153.63492 16.956 0.011 5.62 673.0
2457153.64969 16.941 0.012 5.97 664.0
2457153.66468 16.930 0.010 4.72 607.0
2457153.67917 16.904 0.009 4.07 597.0
2457153.69392 16.921 0.009 4.19 630.0
2457153.70855 16.902 0.008 3.70 623.0
2457153.84360 16.910 0.009 3.52 691.0
2457153.85823 16.914 0.009 3.69 697.0
2457153.87300 16.924 0.009 3.46 703.0
2457153.88904 16.895 0.009 4.15 716.0
2457153.90377 16.898 0.010 4.48 747.0
2457153.91851 16.906 0.010 4.39 741.0
2457153.93361 16.905 0.011 4.56 973.0
2457154.64236 16.911 0.011 5.73 575.0
2457154.65937 16.921 0.009 4.24 562.0
2457154.67393 16.904 0.007 3.93 522.0
2457155.61642 16.957 0.013 6.08 759.0
2457155.63112 16.944 0.012 5.64 681.0
2457155.64754 16.936 0.012 5.92 650.0
2457155.66258 16.936 0.011 5.01 644.0
2457155.67877 16.911 0.010 5.05 628.0
2457156.61868 16.904 0.010 5.21 629.0
2457156.63268 16.917 0.010 4.75 586.0
2457156.64549 16.925 0.010 4.79 574.0
2457156.65782 16.911 0.009 4.04 561.0
2457156.67349 16.941 0.009 4.02 571.0
2457157.61263 16.910 0.010 5.47 627.0
2457157.62734 16.925 0.010 5.01 595.0
2457157.64215 16.912 0.009 4.58 572.0
2457157.65675 16.932 0.009 4.03 580.0
2457157.67126 16.966 0.007 3.96 429.0
2457158.63064 16.906 0.012 6.20 648.0
2457158.64529 16.932 0.011 5.15 629.0
2457158.66023 16.907 0.009 4.40 607.0
2457158.67471 16.883 0.009 4.53 589.0
2457158.68955 16.882 0.010 4.72 588.0
2457158.70406 16.938 0.010 4.85 580.0
2457159.60241 16.921 0.012 5.71 754.0
2457159.61693 16.931 0.011 5.13 709.0
2457159.63195 16.903 0.009 4.40 681.0
2457159.64638 16.925 0.009 4.19 639.0
2457159.66097 16.924 0.009 3.79 612.0
2457159.67556 16.904 0.009 4.11 607.0
2457160.60784 16.941 0.014 6.94 727.0
2457160.62260 16.910 0.011 5.58 676.0
2457160.63745 16.935 0.011 5.42 659.0
2457160.65373 16.912 0.011 5.28 634.0
2457160.66923 16.910 0.010 4.64 617.0
2457160.68374 16.898 0.010 4.75 637.0
2457160.69826 16.916 0.010 4.66 622.0
2457161.60343 16.918 0.010 4.85 670.0
2457161.61936 16.951 0.011 5.13 655.0
2457161.63401 16.944 0.012 5.99 647.0
2457161.66610 16.911 0.010 4.68 617.0
2457162.59508 16.930 0.011 5.73 597.0
2457162.61016 16.925 0.010 5.25 585.0
2457162.62512 16.914 0.011 5.79 595.0
2457162.63971 16.939 0.011 5.59 589.0
2457162.65430 16.953 0.011 5.68 573.0
2457162.66974 16.908 0.010 5.17 564.0
2457163.60445 16.953 0.014 6.44 789.0
2457163.61934 16.958 0.014 6.74 773.0
2457163.63420 16.946 0.013 6.05 737.0
2457163.64923 16.950 0.013 6.02 681.0
2457163.66412 16.925 0.011 4.92 674.0
2457163.67886 16.938 0.012 5.90 661.0
2457163.69377 16.902 0.012 5.64 668.0
2457164.59926 16.980 0.012 5.76 711.0
2457165.59892 16.951 0.013 6.91 631.0
2457165.63626 16.893 0.012 6.98 592.0
2457166.59165 16.954 0.014 6.88 739.0
2457166.61002 16.917 0.013 6.27 721.0
2457166.62444 16.905 0.012 6.16 716.0
2457166.63898 16.932 0.012 5.76 675.0
2457166.65333 16.913 0.012 5.72 630.0
2457166.66773 16.900 0.011 5.86 602.0
2457166.68220 16.929 0.011 5.25 605.0
2457166.69704 16.921 0.011 5.46 604.0
2457166.85306 16.921 0.011 5.47 688.0
2457166.89699 16.926 0.012 6.02 708.0
2457166.94133 16.921 0.013 6.12 833.0
2457168.69276 16.931 0.013 6.83 595.0
2457168.71167 16.939 0.012 5.93 603.0
2457168.73354 16.925 0.010 5.18 518.0
2457169.58233 16.921 0.011 5.70 690.0
2457169.59812 16.902 0.011 5.63 654.0
2457169.61261 16.913 0.010 5.17 633.0
2457169.62745 16.929 0.010 4.70 605.0
2457169.64214 16.911 0.009 4.49 586.0
2457169.85241 16.924 0.009 4.79 538.0
2457169.86687 16.923 0.009 4.72 546.0
2457169.88143 16.904 0.009 4.85 566.0
2457169.89587 16.927 0.010 5.56 588.0
2457169.91018 16.920 0.011 6.07 615.0
2457169.92551 16.909 0.010 5.44 622.0
2457169.93822 16.939 0.011 5.53 687.0
2457170.58424 16.936 0.011 5.41 669.0
2457170.59866 16.901 0.010 5.33 640.0
2457170.61333 16.907 0.011 5.41 627.0
2457170.62815 16.910 0.010 5.02 622.0
2457170.64293 16.927 0.009 4.37 599.0
2457170.65742 16.895 0.009 4.06 597.0
2457170.67220 16.932 0.010 4.46 613.0
2457170.68706 16.877 0.009 4.27 600.0
2457171.83541 16.937 0.008 4.78 951.0
2457172.57198 16.936 0.015 6.71 938.0
2457172.58642 16.944 0.014 6.21 914.0
2457172.60099 16.901 0.016 7.17 871.0
2457172.61532 16.909 0.013 5.96 804.0
2457172.63035 16.925 0.011 4.91 761.0
2457172.64525 16.929 0.011 4.55 725.0
2457172.65988 16.901 0.011 4.69 737.0
2457172.67443 16.923 0.010 4.43 741.0
2457172.83180 16.927 0.012 5.35 776.0
2457173.56788 16.933 0.016 6.87 1083.0
2457173.58229 16.918 0.013 5.61 1007.0
2457173.59715 16.882 0.013 5.49 958.0
2457173.62045 16.936 0.015 6.54 904.0
2457173.63553 16.939 0.012 5.13 880.0
2457173.65126 16.929 0.012 5.31 848.0
2457173.66616 16.890 0.010 4.54 813.0
2457173.68094 16.927 0.011 4.42 804.0
2457173.81806 16.894 0.010 4.39 842.0
2457173.83241 16.908 0.011 4.65 855.0
2457174.56197 16.950 0.017 6.60 1336.0
2457174.57430 16.976 0.016 6.68 1205.0
2457174.58679 16.939 0.015 6.05 1128.0
2457174.60149 16.917 0.014 6.10 1049.0
2457174.61588 16.921 0.012 5.24 966.0
2457174.63046 16.910 0.011 4.48 928.0
2457175.57199 16.923 0.018 6.52 1565.0
2457175.58472 16.892 0.015 5.84 1419.0
2457175.59728 16.862 0.014 5.51 1310.0
2457175.61222 16.919 0.012 4.96 1248.0
2457175.62652 16.918 0.013 4.77 1337.0
2457175.93925 16.882 0.012 4.29 1505.0
2457176.70622 16.938 0.013 4.75 1512.0
2457176.82597 16.960 0.013 5.29 1072.0
2457177.77588 16.934 0.010 3.62 1329.0
2457178.68455 16.907 0.011 3.86 1190.0
2457178.91803 16.956 0.014 4.35 1525.0
2457179.55448 16.941 0.014 5.90 884.0
2457179.57040 16.931 0.013 5.82 922.0
2457179.58471 16.937 0.013 5.36 882.0
2457179.59903 16.939 0.015 6.23 876.0
2457179.81311 16.943 0.013 6.08 772.0
2457179.82774 16.953 0.014 6.32 782.0
2457179.84253 16.937 0.013 6.00 772.0
2457179.85708 16.916 0.013 5.67 807.0
2457179.87161 16.915 0.012 5.48 812.0
2457179.88755 16.894 0.011 5.30 849.0
2457179.90187 16.908 0.012 5.48 865.0
2457179.91613 16.896 0.011 5.35 895.0
2457179.93057 16.965 0.013 5.78 967.0
2457180.55234 16.939 0.013 6.74 683.0
2457180.56686 16.907 0.011 5.55 662.0
2457180.58129 16.965 0.013 6.06 646.0
2457180.59558 16.938 0.012 5.21 705.0
2457180.60977 16.936 0.013 5.86 758.0
2457181.54774 16.927 0.013 6.76 617.0
2457181.56199 16.929 0.011 5.95 586.0
2457181.57649 16.930 0.011 5.72 570.0
2457181.59076 16.901 0.010 5.16 544.0
2457181.60519 16.911 0.010 4.99 538.0
2457181.75178 16.923 0.011 5.62 589.0
2457181.76660 16.914 0.010 4.99 589.0
2457181.78105 16.927 0.011 5.21 589.0
2457181.79554 16.899 0.010 4.90 616.0
2457181.81106 16.914 0.010 4.81 593.0
2457181.82565 16.925 0.011 5.30 627.0
2457181.84023 16.898 0.012 6.22 644.0
2457181.85851 16.946 0.012 5.17 667.0
2457181.87317 16.946 0.013 6.00 657.0
2457181.88851 16.934 0.013 5.68 681.0
2457181.90305 16.906 0.011 5.19 686.0
2457181.91748 16.924 0.012 6.11 679.0
2457181.93089 16.923 0.013 6.61 714.0
2457182.54988 16.929 0.011 5.85 599.0
2457182.56496 16.917 0.011 6.04 564.0
2457182.57961 16.930 0.011 5.91 580.0
2457182.59390 16.910 0.010 5.10 534.0
2457182.60827 16.928 0.010 5.01 507.0
2457183.53973 16.983 0.015 7.76 598.0
2457183.56136 16.993 0.013 6.64 563.0
2457183.57613 16.943 0.011 5.52 560.0
2457183.59070 16.921 0.011 5.40 540.0
2457183.60541 16.944 0.011 5.31 568.0
2457183.61995 16.925 0.011 5.58 549.0
2457183.63441 16.943 0.013 6.10 559.0
2457183.83688 16.921 0.012 5.87 571.0
2457183.85121 16.944 0.013 6.53 586.0
2457183.86594 16.900 0.011 5.40 585.0
2457183.88169 16.972 0.012 5.99 604.0
2457183.89751 16.957 0.012 5.78 600.0
2457183.91190 16.979 0.014 6.88 630.0
2457183.92584 16.907 0.014 7.38 670.0
2457184.56648 16.971 0.015 7.28 656.0
2457184.58092 16.999 0.016 7.53 650.0
2457184.59780 16.940 0.014 7.05 650.0
2457184.61214 16.940 0.012 5.83 620.0
2457184.62645 16.910 0.011 5.39 586.0
2457184.64094 16.918 0.012 6.06 606.0
2457184.65533 16.915 0.012 5.91 622.0
2457184.67003 16.927 0.012 5.96 585.0
2457184.75176 16.932 0.012 6.09 578.0
2457184.79559 16.938 0.012 6.19 582.0
2457184.81007 16.927 0.011 5.54 576.0
2457184.82814 16.909 0.010 5.25 571.0
2457184.84252 16.956 0.011 5.57 570.0
2457184.85687 16.923 0.011 5.51 590.0
2457184.87130 16.924 0.010 4.85 606.0
2457184.88605 16.951 0.011 5.46 610.0
2457184.90138 16.936 0.011 5.20 630.0
2457184.91570 16.904 0.012 6.08 668.0
2457184.92997 16.925 0.014 6.71 757.0
2457185.54427 16.950 0.013 6.81 632.0
2457185.56239 16.952 0.013 6.70 624.0
2457185.57665 16.931 0.012 5.94 600.0
2457185.59105 16.905 0.010 4.87 579.0
2457185.60519 16.925 0.011 5.34 617.0
2457186.58107 16.915 0.013 6.61 621.0
2457186.59553 16.931 0.012 6.17 580.0
2457186.61026 16.948 0.015 7.62 614.0
2457186.62475 16.921 0.013 6.46 650.0
2457186.63919 16.894 0.014 7.19 670.0
2457186.65373 16.929 0.016 7.76 675.0
2457186.67549 16.935 0.015 7.42 670.0
2457186.68671 16.945 0.014 6.75 663.0
2457186.78625 16.934 0.014 7.00 685.0
2457186.80881 16.917 0.011 5.17 647.0
2457186.82332 16.900 0.011 5.61 654.0
2457186.83795 16.932 0.011 5.41 676.0
2457186.85251 16.904 0.011 5.32 695.0
2457186.86682 16.924 0.012 5.93 690.0
2457186.88135 16.966 0.014 6.88 692.0
2457186.89553 16.922 0.015 7.10 712.0
2457186.90990 16.939 0.016 7.66 756.0
2457187.54269 16.901 0.014 7.15 695.0
2457187.55996 16.941 0.013 6.34 658.0
2457187.57493 16.931 0.012 5.65 643.0
2457187.58929 16.964 0.012 5.55 605.0
2457187.60449 16.937 0.012 5.59 584.0
2457187.61895 16.923 0.011 5.38 572.0
2457187.63327 16.922 0.010 4.58 544.0
2457187.65715 16.903 0.009 4.21 530.0
2457187.68160 16.885 0.010 5.01 549.0
2457187.69703 16.908 0.010 4.63 559.0
2457187.71353 16.924 0.009 4.38 568.0
2457187.72863 16.924 0.010 5.02 604.0
2457187.74322 16.897 0.009 4.46 576.0
2457187.75877 16.911 0.010 4.78 595.0
2457187.77328 16.919 0.011 5.31 622.0
2457187.78768 16.912 0.010 5.14 614.0
2457187.80210 16.893 0.010 4.80 584.0
2457187.82236 16.915 0.010 4.91 584.0
2457187.83682 16.938 0.010 4.84 589.0
2457187.85122 16.920 0.010 5.26 600.0
2457187.86540 16.921 0.010 5.14 632.0
2457187.87989 16.909 0.010 5.18 668.0
2457187.89425 16.926 0.011 5.59 709.0
2457187.90840 16.941 0.012 5.93 774.0
2457187.92008 16.906 0.012 6.17 814.0
2457188.55369 16.933 0.013 6.56 660.0
2457188.57423 16.938 0.011 5.50 638.0
2457188.58874 16.933 0.012 5.63 666.0
2457188.60339 16.921 0.011 5.42 632.0
2457188.61762 16.914 0.010 4.93 638.0
2457188.63197 16.907 0.010 4.86 621.0
2457188.64623 16.920 0.012 6.39 638.0
2457188.66062 16.919 0.013 5.93 632.0
2457188.73160 16.927 0.012 6.29 671.0
2457188.74669 16.919 0.011 5.71 646.0
2457188.76147 16.906 0.012 5.58 660.0
2457188.77615 16.922 0.012 5.89 644.0
2457188.79122 16.898 0.012 6.15 620.0
2457188.80687 16.937 0.013 6.42 642.0
2457188.82216 16.936 0.015 6.83 699.0
2457188.84571 16.909 0.013 6.34 700.0
2457188.86015 16.959 0.015 6.79 733.0
2457189.53488 16.948 0.013 6.55 737.0
2457189.54944 16.896 0.012 5.98 696.0
2457189.56439 16.941 0.012 5.80 631.0
2457189.58039 16.922 0.011 5.41 615.0
2457189.59487 16.936 0.011 5.31 635.0
2457189.80200 16.899 0.009 4.10 653.0
2457189.81660 16.900 0.010 4.68 661.0
2457189.83089 16.893 0.011 5.24 693.0
2457189.84545 16.923 0.010 4.64 697.0
2457189.86022 16.901 0.011 5.26 740.0
2457189.87472 16.937 0.012 5.72 775.0
2457189.88906 16.918 0.012 5.71 803.0
2457189.90562 16.941 0.013 6.14 850.0
2457189.91724 16.952 0.016 7.37 886.0
2457190.52778 16.914 0.014 7.49 753.0
2457190.62162 16.927 0.011 5.03 646.0
2457190.63758 16.888 0.010 4.57 654.0
2457190.65199 16.922 0.009 4.30 632.0
2457190.67581 16.902 0.010 4.27 681.0
2457190.69659 16.892 0.009 4.14 636.0
2457190.72161 16.918 0.011 4.60 643.0
2457190.73843 16.883 0.010 4.28 622.0
2457190.75324 16.934 0.009 3.98 628.0
2457190.76808 16.904 0.010 4.60 674.0
2457190.78319 16.919 0.010 4.14 696.0
2457190.80453 16.901 0.011 4.65 756.0
2457190.81932 16.929 0.011 4.58 819.0
2457190.83432 16.900 0.010 3.97 863.0
2457190.84910 16.909 0.010 4.22 861.0
2457190.86399 16.918 0.010 4.12 869.0
2457190.87886 16.909 0.011 4.57 908.0
2457190.89505 16.925 0.013 5.36 948.0
2457191.55413 16.953 0.017 8.06 714.0
2457191.58696 16.944 0.017 8.30 726.0
2457191.61706 16.938 0.011 5.11 670.0
2457191.63129 16.903 0.010 4.81 640.0
2457191.64601 16.924 0.010 4.49 613.0
2457191.66093 16.907 0.009 4.72 581.0
2457191.67687 16.909 0.009 4.99 572.0
2457191.78583 16.910 0.012 5.84 605.0
2457191.80026 16.950 0.013 6.28 630.0
2457191.81704 16.951 0.016 7.57 653.0
2457191.83136 16.949 0.012 6.09 638.0
2457191.84644 16.932 0.013 6.47 638.0
2457191.86452 16.928 0.012 6.03 663.0
2457192.81966 16.925 0.008 3.64 544.0
2457192.83934 16.902 0.009 4.21 574.0
2457192.84928 16.928 0.010 4.83 611.0
2457192.86010 16.894 0.011 5.67 648.0
2457192.88715 16.898 0.010 4.44 688.0
2457193.54632 16.914 0.009 4.15 623.0
2457193.67796 16.894 0.007 3.36 488.0
2457193.69341 16.905 0.008 3.59 495.0
2457193.71246 16.907 0.008 3.63 511.0
2457193.72728 16.909 0.009 4.05 531.0
2457193.74230 16.916 0.009 3.99 533.0
2457193.76062 16.907 0.009 4.16 558.0
2457193.77831 16.918 0.009 3.87 561.0
2457193.79628 16.904 0.008 3.72 577.0
2457193.81245 16.897 0.008 3.63 580.0
2457193.83061 16.913 0.009 3.95 599.0
2457193.84617 16.909 0.010 4.92 622.0
2457193.86120 16.915 0.010 4.91 648.0
2457193.87134 16.899 0.010 4.62 649.0
2457193.88116 16.883 0.010 4.75 648.0
2457193.89141 16.924 0.009 4.50 652.0
2457194.51480 16.909 0.007 5.32 301.0
2457194.53052 16.918 0.009 5.38 405.0
2457194.55046 16.876 0.010 5.71 555.0
2457194.56469 16.926 0.010 5.19 532.0
2457194.60768 16.924 0.009 4.72 531.0
2457194.62341 16.901 0.010 4.88 537.0
2457194.64701 16.909 0.008 3.80 531.0
2457194.66382 16.892 0.008 4.09 539.0
2457194.70852 16.922 0.009 4.82 587.0
2457194.72561 16.895 0.009 4.26 602.0
2457194.74026 16.906 0.009 4.28 605.0
2457194.75507 16.887 0.009 4.63 633.0
2457194.76960 16.916 0.008 4.42 605.0
2457194.78415 16.913 0.010 5.35 620.0
2457195.52410 16.900 0.009 5.25 1050.0
2457195.53785 16.904 0.008 4.26 992.0
2457195.55129 16.925 0.008 4.24 929.0
2457195.56752 16.934 0.009 4.59 905.0
2457196.84346 16.913 0.012 5.86 627.0
2457196.85906 16.903 0.011 5.31 638.0
2457196.87412 16.911 0.011 5.20 654.0
2457196.88572 16.916 0.014 6.48 693.0
2457197.52171 16.945 0.014 7.11 743.0
2457197.53605 16.962 0.014 6.71 754.0
2457197.55028 16.890 0.012 6.34 716.0
2457197.56446 16.946 0.011 5.77 643.0
2457197.57874 16.878 0.011 6.09 664.0
2457197.62650 16.915 0.010 5.00 519.0
2457197.64113 16.926 0.010 5.13 523.0
2457197.65604 16.911 0.009 4.25 505.0
2457197.68089 16.897 0.009 4.78 519.0
2457197.69640 16.903 0.010 5.05 519.0
2457197.71144 16.890 0.009 4.67 490.0
2457197.73576 16.934 0.010 5.45 511.0
2457197.75055 16.974 0.012 6.12 525.0
2457197.76535 16.916 0.010 5.25 519.0
2457197.77995 16.926 0.011 5.62 537.0
2457197.79515 16.936 0.010 5.18 553.0
2457197.80978 16.921 0.011 5.55 582.0
2457197.82794 16.929 0.010 4.94 618.0
2457197.84269 16.921 0.013 6.40 668.0
2457197.85527 16.913 0.013 6.43 716.0
2457197.87303 16.950 0.013 6.39 733.0
2457198.51840 16.904 0.012 6.05 714.0
2457198.53273 16.908 0.011 5.44 666.0
2457198.54699 16.912 0.011 5.35 638.0
2457198.56134 16.911 0.010 5.10 636.0
2457198.57551 16.931 0.011 5.49 629.0
2457198.58982 16.929 0.011 5.41 613.0
2457198.60416 16.912 0.010 5.20 578.0
2457198.63567 16.939 0.010 5.24 545.0
2457198.65953 16.924 0.009 4.09 537.0
2457198.67502 16.933 0.010 4.92 571.0
2457198.70352 16.902 0.010 5.22 607.0
2457198.71822 16.898 0.010 4.61 609.0
2457198.73274 16.931 0.010 4.71 597.0
2457198.74738 16.941 0.012 5.74 589.0
2457198.76174 16.912 0.010 5.50 558.0
2457198.77604 16.905 0.010 5.01 572.0
2457198.79036 16.930 0.011 5.46 590.0
2457198.80665 16.945 0.014 5.36 1164.0
2457198.82178 16.944 0.017 6.27 1241.0
2457198.83765 16.933 0.014 5.23 1274.0
2457198.84501 16.922 0.013 6.05 672.0
2457198.85987 16.926 0.012 6.10 662.0
2457198.87529 16.929 0.014 6.87 712.0
2457198.88833 16.954 0.013 6.23 731.0
2457199.50911 16.916 0.011 5.13 771.0
2457199.52353 16.915 0.011 5.48 726.0
2457199.53791 16.893 0.010 5.14 700.0
2457199.55233 16.910 0.010 4.96 659.0
2457199.56662 16.923 0.010 4.79 640.0
2457199.58106 16.913 0.010 4.76 619.0
2457199.59564 16.915 0.010 4.75 614.0
2457199.68121 16.900 0.008 3.97 524.0
2457199.69635 16.887 0.008 3.97 519.0
2457199.72015 16.905 0.009 4.31 549.0
2457199.73463 16.913 0.009 4.39 547.0
2457199.74933 16.912 0.009 4.53 558.0
2457199.76374 16.919 0.009 4.48 545.0
2457199.77825 16.908 0.009 4.19 521.0
2457199.79268 16.909 0.009 4.05 564.0
2457199.80681 16.913 0.009 4.56 580.0
2457199.82240 16.921 0.009 4.44 597.0
2457199.83744 16.918 0.010 4.62 614.0
2457199.85233 16.920 0.011 5.42 647.0
2457199.86735 16.915 0.011 5.32 651.0
2457199.88269 16.934 0.011 5.08 678.0
2457200.49011 16.923 0.013 5.99 1017.0
2457200.50480 16.916 0.011 5.37 865.0
2457200.51920 16.916 0.010 5.01 784.0
2457200.53354 16.930 0.010 4.48 1068.0
2457200.53615 16.919 0.010 4.55 762.0
2457200.54962 16.909 0.010 4.28 1126.0
2457200.66691 16.902 0.008 3.29 528.0
2457200.68236 16.900 0.009 3.93 579.0
2457200.69892 16.904 0.009 3.83 579.0
2457200.71380 16.929 0.009 3.84 568.0
2457200.72830 16.934 0.010 4.52 657.0
2457200.74493 16.919 0.009 4.49 615.0
2457200.76139 16.909 0.010 4.40 822.0
2457200.77589 16.902 0.010 4.48 683.0
2457200.79183 16.913 0.010 4.63 715.0
2457200.80611 16.941 0.011 6.12 715.0
2457200.82085 16.908 0.011 6.26 673.0
2457200.83728 16.939 0.010 5.46 673.0
2457200.85231 16.933 0.010 4.75 665.0
2457200.86721 16.933 0.009 4.62 648.0
2457200.87255 16.917 0.009 4.53 1250.0
2457201.50224 16.985 0.019 6.41 2640.0
2457202.63689 16.931 0.012 5.42 824.0
2457202.68623 16.932 0.014 5.73 881.0
2457202.70335 16.931 0.014 5.82 874.0
2457202.71922 16.916 0.012 4.74 876.0
2457202.73692 16.948 0.013 5.31 933.0
2457202.75380 16.917 0.012 4.99 948.0
2457202.76814 16.905 0.012 4.86 1010.0
2457202.78242 16.908 0.014 5.75 1076.0
2457202.79706 16.921 0.014 5.36 1087.0
2457202.81147 16.927 0.014 5.61 1078.0
2457202.83007 16.942 0.016 6.15 1135.0
2457202.84440 16.936 0.016 5.86 1239.0
2457202.85875 16.959 0.015 5.40 1249.0
2457202.87293 16.907 0.014 5.70 1138.0
2457202.88730 16.912 0.013 5.65 921.0
2457206.62849 16.910 0.013 4.98 1121.0
2457206.64452 16.906 0.013 5.04 1120.0
2457206.67044 16.899 0.012 4.69 1067.0
2457206.68721 16.931 0.012 4.86 1073.0
2457206.69968 16.917 0.015 5.84 1133.0
2457206.71416 16.914 0.012 4.40 1100.0
2457206.72847 16.892 0.011 4.40 1103.0
2457206.74265 16.910 0.012 4.55 1130.0
2457206.75724 16.943 0.012 4.56 1144.0
2457206.77174 16.908 0.012 4.41 1178.0
2457206.78777 16.878 0.011 4.67 1220.0
2457206.80194 16.925 0.013 4.80 1270.0
2457206.81602 16.900 0.013 5.19 1338.0
2457206.83060 16.923 0.014 5.60 1410.0
2457206.84518 16.915 0.015 5.33 1537.0
2457207.48975 16.923 0.012 6.24 703.0
2457207.50407 16.940 0.013 6.34 793.0
2457207.53727 16.929 0.012 5.05 921.0
2457207.55176 16.881 0.011 4.76 913.0
2457207.56608 16.933 0.011 4.70 885.0
2457207.68654 16.928 0.011 4.75 799.0
2457207.70149 16.920 0.012 5.03 821.0
2457207.71636 16.902 0.012 5.57 848.0
2457207.73094 16.907 0.013 5.88 858.0
2457207.74538 16.946 0.014 6.40 873.0
2457207.75988 16.899 0.013 6.24 904.0
2457207.77422 16.934 0.015 7.20 939.0
2457207.79287 16.947 0.017 6.33 972.0
2457207.81329 16.885 0.013 5.13 1026.0
2457207.82844 16.910 0.013 5.12 1073.0
2457207.84307 16.937 0.015 5.91 1170.0
2457207.85820 16.981 0.015 6.10 1255.0
2457208.48341 16.930 0.012 6.66 1032.0
2457208.49665 16.904 0.011 6.28 807.0
2457208.50876 16.939 0.012 6.02 801.0
2457208.52512 16.913 0.010 5.41 694.0
2457209.61381 16.902 0.012 6.00 1006.0
2457209.63780 16.917 0.011 4.97 792.0
2457209.64685 16.922 0.012 5.79 674.0
2457209.66228 16.933 0.011 5.45 667.0
2457209.67641 16.938 0.011 5.23 649.0
2457209.69134 16.887 0.011 5.06 895.0
2457209.70596 16.915 0.011 5.00 720.0
2457209.72060 16.929 0.013 5.78 878.0
2457209.73499 16.935 0.011 4.96 659.0
2457209.74944 16.937 0.012 5.46 701.0
2457209.76371 16.946 0.012 5.50 761.0
2457209.77884 16.914 0.011 4.88 743.0
2457209.79326 16.937 0.012 4.94 798.0
2457209.80754 16.905 0.013 5.48 971.0
2457209.82030 16.936 0.013 5.44 1374.0
2457209.83540 16.940 0.013 5.10 1726.0
2457210.80815 16.881 0.015 7.04 823.0
2457210.83235 16.897 0.014 7.10 856.0
2457210.84735 16.946 0.015 6.90 879.0
2457210.86062 16.947 0.015 6.80 942.0
2457211.47028 16.927 0.018 7.87 1032.0
2457211.48447 16.860 0.011 6.15 757.0
2457211.49873 16.943 0.013 6.23 796.0
2457211.51313 16.921 0.016 7.43 811.0
2457211.52731 16.912 0.012 5.62 704.0
2457211.61367 16.873 0.009 4.55 536.0
2457211.64008 16.909 0.009 4.33 528.0
2457211.65663 16.902 0.010 4.99 523.0
2457211.67125 16.913 0.010 4.76 512.0
2457211.69544 16.916 0.010 5.06 564.0
2457211.71010 16.895 0.009 4.42 564.0
2457211.72458 16.906 0.009 4.52 562.0
2457211.73894 16.885 0.009 4.52 605.0
2457211.75331 16.911 0.010 4.59 614.0
2457211.76818 16.912 0.010 5.30 634.0
2457211.78266 16.941 0.010 5.18 686.0
2457211.79708 16.924 0.012 6.05 700.0
2457211.81189 16.954 0.012 5.88 749.0
2457211.82628 16.930 0.014 6.54 799.0
2457211.84065 16.898 0.013 6.77 824.0
2457211.85171 16.963 0.014 6.79 856.0
2457212.49753 16.931 0.011 6.73 627.0
2457212.79741 16.911 0.013 6.73 630.0
2457212.81494 16.954 0.011 6.08 676.0
2457214.49067 16.938 0.014 7.24 1304.0
2457214.59419 16.905 0.010 5.42 553.0
2457214.60967 16.881 0.009 5.39 640.0
2457214.62731 16.916 0.008 4.99 658.0
2457214.64539 16.935 0.009 5.47 658.0
2457214.66325 16.943 0.010 5.72 751.0
2457214.68167 16.909 0.010 5.54 751.0
2457214.69981 16.930 0.010 5.70 687.0
2457214.72603 16.934 0.012 6.64 582.0
2457214.74048 16.910 0.009 5.10 580.0
2457214.75472 16.922 0.011 6.44 799.0
2457214.77788 16.984 0.011 6.20 894.0
2457214.82549 16.929 0.013 7.38 1136.0
2457217.53087 16.955 0.015 6.86 697.0
2457217.54621 16.945 0.015 6.91 686.0
2457217.56335 16.895 0.012 5.66 630.0
2457217.57835 16.937 0.012 5.97 623.0
2457217.59310 16.891 0.010 4.83 578.0
2457217.61693 16.914 0.011 5.39 594.0
2457217.63226 16.929 0.011 5.37 591.0
2457217.69385 16.936 0.013 6.92 478.0
2457217.72049 16.976 0.014 7.18 550.0
2457217.75839 16.924 0.011 5.57 554.0
2457217.77288 16.915 0.013 6.62 579.0
2457217.78736 16.924 0.012 5.92 589.0
2457217.80169 16.908 0.011 5.72 594.0
2457217.81624 16.942 0.011 5.41 591.0
2457219.48824 16.907 0.014 7.29 1343.0
2457219.50443 16.915 0.012 6.08 731.0
2457219.51881 16.924 0.012 6.44 690.0
2457219.52252 16.933 0.012 6.37 870.0
2457219.54609 16.917 0.009 5.45 925.0
2457219.57133 16.892 0.012 6.43 623.0
2457219.58677 16.914 0.014 6.37 601.0
2457219.60239 16.914 0.010 5.08 563.0
2457219.62805 16.895 0.010 5.14 554.0
2457219.65354 16.920 0.010 4.80 552.0
2457219.66810 16.954 0.011 5.51 547.0
2457219.68307 16.930 0.010 4.64 540.0
2457219.69739 16.940 0.010 4.82 549.0
2457219.71235 16.900 0.010 5.03 539.0
2457219.72707 16.935 0.010 5.42 536.0
2457220.46578 16.925 0.016 6.72 1318.0
2457220.47837 16.901 0.013 6.83 754.0
2457220.49363 16.926 0.013 7.06 686.0
2457220.50779 16.914 0.011 5.91 655.0
2457220.52197 16.892 0.011 5.84 647.0
2457220.53608 16.927 0.012 6.23 639.0
2457220.55052 16.895 0.010 5.54 605.0
2457220.56487 16.897 0.009 4.94 555.0
2457220.58002 16.906 0.010 5.36 544.0
2457220.60410 16.917 0.009 4.98 531.0
2457220.62015 16.901 0.008 4.25 505.0
2457220.64721 16.921 0.009 4.23 517.0
2457220.66180 16.912 0.009 4.44 521.0
2457220.67613 16.916 0.008 4.02 518.0
2457220.69143 16.911 0.008 3.69 521.0
2457220.70578 16.901 0.008 3.73 530.0
2457220.72019 16.896 0.008 3.51 524.0
2457220.73471 16.923 0.009 4.21 532.0
2457220.74967 16.891 0.009 4.49 563.0
2457220.76419 16.932 0.009 4.49 557.0
2457220.78375 16.912 0.009 4.47 576.0
2457220.79845 16.898 0.009 4.58 599.0
2457220.81286 16.921 0.010 4.76 632.0
2457220.82566 16.916 0.011 5.64 651.0
2457221.46525 16.906 0.017 6.84 1385.0
2457221.47975 16.931 0.013 6.82 706.0
2457221.49459 16.926 0.014 6.86 689.0
2457221.50901 16.933 0.012 6.56 640.0
2457221.52376 16.929 0.011 5.83 637.0
2457221.53851 16.938 0.011 5.48 600.0
2457221.55283 16.911 0.010 5.35 619.0
2457221.56724 16.907 0.011 5.55 604.0
2457221.58176 16.908 0.011 5.71 602.0
2457221.60600 16.905 0.009 4.68 536.0
2457221.62197 16.934 0.010 5.17 511.0
2457221.64801 16.913 0.009 4.59 518.0
2457221.66241 16.915 0.009 4.49 526.0
2457221.67692 16.932 0.009 4.35 520.0
2457221.69142 16.897 0.009 4.61 538.0
2457221.70575 16.916 0.009 4.03 552.0
2457221.71997 16.915 0.011 5.23 573.0
2457221.73515 16.909 0.009 4.20 523.0
2457221.74977 16.890 0.010 4.96 526.0
2457221.76413 16.886 0.009 4.07 536.0
2457221.77839 16.927 0.009 4.36 548.0
2457221.79329 16.906 0.009 4.30 568.0
2457221.80781 16.912 0.010 5.16 571.0
2457221.81785 16.923 0.011 5.44 583.0
2457222.46781 16.970 0.017 7.20 1268.0
2457222.48204 16.914 0.012 6.53 714.0
2457222.50274 16.927 0.012 6.04 817.0
2457222.52015 16.941 0.011 5.68 865.0
2457222.53483 16.920 0.010 5.66 651.0
2457222.55052 16.926 0.011 5.79 806.0
2457222.56999 16.922 0.010 5.38 651.0
2457222.67693 16.894 0.011 5.70 828.0
2457222.70056 16.929 0.013 6.49 758.0
2457222.71484 16.905 0.015 7.23 726.0
2457222.73013 16.917 0.012 5.88 676.0
2457222.74766 16.915 0.011 4.90 713.0
2457222.76746 16.930 0.011 5.02 709.0
2457222.78583 16.919 0.012 5.47 733.0
2457222.80126 16.934 0.011 5.32 657.0
2457222.81474 16.908 0.011 6.06 659.0
2457223.49489 16.931 0.015 7.01 727.0
2457223.51029 16.940 0.014 6.82 691.0
2457223.52534 16.914 0.014 7.00 678.0
2457223.54121 16.957 0.013 6.46 643.0
2457223.55560 16.920 0.012 6.02 655.0
2457223.56983 16.929 0.012 5.91 660.0
2457223.58476 16.917 0.012 5.71 621.0
2457223.64957 16.910 0.011 5.29 594.0
2457223.66441 16.920 0.011 5.39 558.0
2457223.67876 16.963 0.012 5.80 584.0
2457223.69319 16.897 0.011 5.35 561.0
2457223.70746 16.911 0.012 6.01 586.0
2457223.72176 16.901 0.012 5.99 588.0
2457223.73625 16.916 0.012 5.91 596.0
2457223.75062 16.905 0.014 7.24 630.0
2457223.77179 16.933 0.013 6.47 615.0
2457223.79549 16.930 0.014 7.70 612.0
2457224.46441 16.895 0.011 4.92 1120.0
2457224.47926 16.927 0.012 5.97 773.0
2457224.49375 16.885 0.010 5.23 702.0
2457224.50850 16.933 0.011 5.51 642.0
2457224.52322 16.897 0.011 5.84 641.0
2457224.53774 16.919 0.010 5.34 612.0
2457224.60651 16.916 0.013 7.33 563.0
2457224.62653 16.923 0.014 7.66 552.0
2457224.63629 16.929 0.013 7.28 543.0
2457224.65824 16.940 0.013 6.82 543.0
2457224.67567 16.948 0.013 6.77 552.0
2457224.69896 16.964 0.015 7.59 595.0
2457224.71342 16.913 0.011 5.70 591.0
2457224.72868 16.897 0.011 6.08 582.0
2457224.74295 16.929 0.014 7.18 601.0
2457224.75722 16.923 0.012 6.57 566.0
2457224.77156 16.937 0.011 5.84 593.0
2457224.79400 16.943 0.012 6.29 1121.0
2457225.46050 16.925 0.015 5.94 1863.0
2457225.47591 16.931 0.010 5.64 1018.0
2457225.49238 16.923 0.011 5.57 829.0
2457225.50662 16.905 0.011 5.72 669.0
2457225.52109 16.889 0.010 4.98 671.0
2457225.53564 16.912 0.010 4.79 664.0
2457225.55014 16.884 0.009 4.45 652.0
2457225.56449 16.911 0.010 4.85 656.0
2457225.57918 16.918 0.009 3.92 599.0
2457225.60384 16.901 0.008 3.95 560.0
2457225.62930 16.931 0.008 3.95 536.0
2457226.46471 16.899 0.020 7.00 1784.0
2457226.47976 16.930 0.013 6.69 669.0
2457226.49441 16.945 0.012 5.84 623.0
2457226.50890 16.949 0.012 6.21 617.0
2457226.52375 16.936 0.012 5.76 625.0
2457226.53834 16.886 0.012 6.43 640.0
2457226.55304 16.899 0.010 4.89 601.0
2457226.56757 16.932 0.011 5.33 612.0
2457226.57097 16.890 0.010 4.69 604.0
2457226.62634 16.907 0.010 4.80 572.0
2457226.64108 16.917 0.009 3.97 548.0
2457226.66496 16.922 0.010 4.61 535.0
2457226.67967 16.914 0.009 4.50 510.0
2457226.69411 16.940 0.010 4.64 512.0
2457226.70865 16.901 0.009 4.39 515.0
2457226.72300 16.902 0.009 4.15 528.0
2457226.73727 16.905 0.009 4.25 565.0
2457226.75155 16.904 0.012 6.11 600.0
2457226.76575 16.940 0.012 5.80 610.0
2457226.77993 16.906 0.012 6.46 605.0
2457226.79556 16.924 0.012 5.83 614.0
2457226.80809 16.920 0.010 4.83 659.0
2457227.46341 16.935 0.018 5.83 2219.0
2457227.47781 16.917 0.016 7.40 1025.0
2457227.49225 16.898 0.013 5.66 967.0
2457227.50657 16.930 0.013 5.76 938.0
2457227.52107 16.918 0.012 4.94 929.0
2457227.53556 16.928 0.010 4.76 566.0
2457227.55003 16.920 0.010 5.01 591.0
2457227.58837 16.897 0.010 5.20 569.0
2457227.65273 16.916 0.009 4.00 494.0
2457227.67624 16.906 0.009 4.15 498.0
2457227.69057 16.918 0.009 4.47 517.0
2457227.70478 16.919 0.009 4.49 530.0
2457227.71916 16.929 0.010 5.15 534.0
2457227.73336 16.898 0.010 5.37 542.0
2457227.74782 16.931 0.010 5.11 530.0
2457227.76335 16.917 0.010 5.43 537.0
2457227.77755 16.921 0.012 6.55 567.0
2457227.79070 16.942 0.013 7.04 588.0
2457228.46235 16.879 0.020 6.36 2332.0
2457228.47933 16.900 0.012 5.81 690.0
2457228.49391 16.946 0.011 5.53 676.0
2457228.50889 16.906 0.012 5.80 674.0
2457228.52381 16.930 0.012 5.84 662.0
2457228.53827 16.916 0.010 4.98 642.0
2457228.55265 16.909 0.010 4.86 635.0
2457228.56756 16.927 0.010 4.37 612.0
2457228.59157 16.924 0.010 4.84 592.0
2457228.63417 16.883 0.009 4.13 699.0
2457228.64915 16.909 0.011 5.43 597.0
2457228.66335 16.896 0.010 4.94 589.0
2457228.67823 16.912 0.011 5.01 976.0
2457228.68189 16.940 0.012 5.46 1390.0
2457228.70189 16.917 0.010 5.07 820.0
2457228.71602 16.932 0.012 6.23 587.0
2457228.73036 16.898 0.010 5.21 570.0
2457228.74809 16.940 0.010 5.32 527.0
2457228.76049 16.934 0.010 5.04 500.0
2457228.77725 16.915 0.009 6.01 692.0
2457229.46466 16.911 0.015 5.16 1719.0
2457229.47890 16.912 0.010 4.70 731.0
2457229.49325 16.883 0.009 4.20 714.0
2457229.50759 16.913 0.009 4.18 707.0
2457229.52196 16.905 0.009 4.06 708.0
2457229.53645 16.907 0.009 3.82 825.0
2457229.55098 16.920 0.009 4.01 736.0
2457229.67225 16.911 0.009 3.70 694.0
2457229.68676 16.909 0.009 3.76 807.0
2457229.73024 16.928 0.010 4.29 868.0
2457229.74457 16.932 0.010 4.08 905.0
2457229.75880 16.901 0.009 4.19 713.0
2457229.77309 16.948 0.010 4.13 797.0
2457229.78734 16.917 0.010 4.67 716.0
2457229.79936 16.912 0.010 5.16 690.0
2457230.48112 16.909 0.022 5.85 3099.0
2457230.52284 16.922 0.017 5.24 1868.0
2457230.61566 16.905 0.017 4.86 2482.0
2457233.51271 16.958 0.017 5.44 1627.0
2457233.65269 16.922 0.013 4.74 1422.0
2457233.68043 16.981 0.014 4.93 1301.0
2457233.70569 16.904 0.013 4.87 1166.0
2457233.74326 16.913 0.014 5.36 1257.0
2457234.62330 16.909 0.020 7.70 1317.0
2457235.47458 16.938 0.017 6.82 1174.0
2457235.49467 16.941 0.016 7.16 960.0
2457235.51305 16.963 0.017 7.09 958.0
2457235.53690 16.912 0.014 6.31 924.0
2457235.64499 16.928 0.013 5.68 891.0
2457235.66454 16.912 0.013 5.76 926.0
2457235.67965 16.903 0.014 6.34 951.0
2457235.69420 16.932 0.014 6.49 935.0
2457235.71381 16.911 0.011 4.64 959.0
2457235.72807 16.931 0.013 5.16 1020.0
2457235.74357 16.927 0.012 5.09 1058.0
2457235.75669 16.925 0.013 5.36 1138.0
2457235.77940 16.941 0.017 6.92 1223.0
2457236.62274 16.944 0.011 4.95 720.0
2457236.63767 16.912 0.011 5.00 736.0
2457248.47530 16.963 0.017 7.71 739.0
2457248.49265 16.912 0.013 6.87 594.0
2457249.47024 16.970 0.016 7.24 841.0
2457249.48814 16.939 0.015 7.39 634.0
2457249.50348 16.925 0.014 7.44 624.0
2457249.55215 16.887 0.015 7.12 601.0
2457249.58126 16.945 0.012 6.26 557.0
2457249.59412 16.932 0.012 5.90 546.0
2457249.60707 16.884 0.013 6.21 535.0
2457249.61970 16.913 0.011 5.81 527.0
2457249.63248 16.910 0.010 5.33 523.0
2457249.65782 16.948 0.011 6.00 538.0
2457249.67173 16.945 0.013 6.55 555.0
2457249.69681 16.889 0.014 7.63 570.0
2457249.70990 16.920 0.013 6.94 579.0
2457249.72304 16.935 0.018 9.37 610.0
2457250.55265 16.911 0.010 5.10 714.0
2457250.56806 16.921 0.010 5.28 731.0
2457250.58503 16.862 0.009 5.67 698.0
2457250.59939 16.931 0.008 4.54 570.0
2457250.61226 16.927 0.010 5.12 717.0
2457250.63375 16.935 0.009 4.94 701.0
2457250.64860 16.895 0.010 5.66 671.0
2457250.67473 16.956 0.010 5.41 680.0
2457252.49903 16.940 0.014 6.67 747.0
2457252.51425 16.948 0.013 6.04 716.0
2457252.52996 16.938 0.011 5.48 631.0
2457252.55884 16.925 0.013 6.44 604.0
2457252.57929 16.949 0.012 5.67 593.0
2457252.59804 16.908 0.011 5.62 581.0
2457252.62604 16.904 0.010 5.46 596.0
2457253.47083 16.902 0.014 5.44 1384.0
2457253.48565 16.899 0.011 5.53 623.0
2457253.50016 16.918 0.012 6.17 594.0
2457253.52486 16.929 0.010 4.92 568.0
2457253.55108 16.920 0.010 4.70 547.0
2457253.56830 16.920 0.009 4.48 524.0
2457253.58334 16.911 0.010 4.97 508.0
2457253.59930 16.885 0.009 4.05 518.0
2457253.61411 16.904 0.009 4.45 533.0
2457253.62882 16.918 0.009 4.63 522.0
2457253.64797 16.918 0.010 5.21 551.0
2457253.66294 16.916 0.010 5.01 586.0
2457253.67777 16.928 0.011 5.12 617.0
2457255.47224 16.928 0.015 5.96 1124.0
2457255.48703 16.899 0.010 4.91 641.0
2457255.50187 16.924 0.011 5.45 597.0
2457255.52624 16.890 0.010 5.04 590.0
2457255.55168 16.908 0.011 5.11 664.0
2457255.56677 16.937 0.011 5.30 678.0
2457255.58661 16.946 0.013 6.20 609.0
2457255.60173 16.927 0.012 5.98 580.0
2457255.61629 16.897 0.011 5.79 587.0
2457255.63092 16.921 0.012 5.89 570.0
2457255.64539 16.935 0.012 5.81 562.0
2457255.66320 16.936 0.011 5.66 552.0
2457256.49072 16.961 0.012 5.64 721.0
2457256.50605 16.895 0.011 4.80 716.0
2457256.52142 16.905 0.010 4.45 658.0
2457256.54974 16.902 0.013 5.83 926.0
2457256.57489 16.935 0.013 5.35 968.0
2457256.58987 16.909 0.015 6.23 1013.0
2457256.60453 16.936 0.015 6.39 977.0
2457256.61899 16.930 0.012 5.58 676.0
2457256.63358 16.932 0.013 6.30 692.0
2457256.64849 16.943 0.013 5.93 705.0
2457256.66293 16.917 0.014 6.80 723.0
2457256.67966 16.940 0.015 6.59 969.0
2457257.53139 16.898 0.010 4.95 694.0
2457257.56486 16.921 0.010 4.11 1277.0
2457257.58515 16.914 0.009 4.15 701.0
2457257.61107 16.920 0.011 4.14 1320.0
2457257.63586 16.893 0.010 5.22 705.0
2457257.65187 16.910 0.010 4.72 705.0
2457257.66531 16.899 0.011 5.27 716.0
2457257.67802 16.910 0.010 4.54 684.0
2457257.69411 16.898 0.011 5.37 692.0
2457257.70240 16.921 0.010 4.93 678.0
2457258.47676 16.932 0.013 6.06 915.0
2457258.49934 16.913 0.010 4.50 706.0
2457258.51369 16.938 0.011 5.11 745.0
2457258.60300 16.967 0.016 6.29 1019.0
2457258.61679 16.959 0.014 6.02 850.0
2457258.62757 16.937 0.012 4.84 843.0
2457258.63992 16.964 0.014 5.45 921.0
2457258.65177 16.916 0.013 5.65 937.0
2457258.66309 16.972 0.015 6.34 852.0
2457258.67455 16.965 0.014 5.60 920.0
2457258.68619 16.967 0.015 6.26 923.0
2457261.49488 16.948 0.017 6.64 1139.0
2457261.51301 16.938 0.016 6.53 967.0
2457261.52946 16.924 0.016 6.81 997.0
2457261.54795 16.947 0.015 5.89 1122.0
2457261.56135 16.934 0.014 6.09 977.0
2457261.57268 16.933 0.013 5.39 963.0
2457261.58641 16.926 0.014 6.06 1004.0
2457261.60014 16.911 0.014 5.93 1009.0
2457261.61009 16.924 0.014 6.25 1024.0
2457261.63291 16.929 0.014 6.11 1054.0
2457261.64085 16.947 0.016 5.75 1527.0
2457261.65745 16.947 0.015 6.27 1109.0
2457261.67391 16.923 0.016 6.34 1151.0
2457263.47502 16.917 0.011 4.29 1228.0
2457263.49146 16.885 0.010 4.18 868.0
2457263.50746 16.929 0.010 4.01 856.0
2457263.52349 16.921 0.012 5.12 866.0
2457263.53874 16.890 0.010 4.26 850.0
2457263.55363 16.912 0.010 4.50 829.0
2457263.56823 16.912 0.009 4.00 821.0
2457263.58364 16.918 0.010 4.00 823.0
2457263.59839 16.913 0.010 4.37 799.0
2457263.61268 16.936 0.010 4.13 824.0
2457263.62847 16.944 0.011 4.73 924.0
2457263.64313 16.892 0.013 5.59 956.0
2457263.65742 16.924 0.013 4.86 1417.0
2457263.67193 16.923 0.010 4.18 883.0
2457263.68660 16.896 0.011 4.22 1282.0
2457264.47328 16.931 0.015 4.90 1641.0
2457264.49883 16.979 0.014 5.84 824.0
2457264.51521 16.912 0.010 4.27 787.0
2457264.53034 16.923 0.011 4.43 793.0
2457264.54540 16.932 0.011 4.48 794.0
2457264.56039 16.916 0.010 4.27 788.0
2457264.57519 16.897 0.010 4.14 788.0
2457264.59018 16.903 0.010 4.33 794.0
2457264.60467 16.905 0.010 4.36 797.0
2457264.61954 16.909 0.010 4.47 801.0
2457264.63589 16.925 0.010 4.49 804.0
2457264.67266 16.903 0.011 5.05 879.0
2457264.68900 16.937 0.012 4.99 945.0
2457264.70339 16.935 0.013 5.40 1028.0
2457265.47309 16.925 0.012 4.07 1412.0
2457265.49050 16.921 0.009 4.04 647.0
2457265.50722 16.906 0.010 4.48 690.0
2457265.52339 16.918 0.010 4.14 677.0
2457265.53849 16.916 0.009 4.07 669.0
2457265.55343 16.912 0.010 4.67 667.0
2457265.56876 16.930 0.009 3.84 665.0
2457265.58415 16.914 0.010 4.32 655.0
2457265.59853 16.906 0.010 4.73 661.0
2457265.61324 16.941 0.010 4.72 672.0
2457265.63845 16.918 0.010 4.51 696.0
2457265.67039 16.948 0.011 4.57 724.0
2457265.68547 16.901 0.011 5.05 778.0
2457265.69682 16.932 0.012 5.60 819.0
2457266.47762 16.888 0.014 6.83 808.0
2457266.56053 16.900 0.011 5.93 616.0
2457267.47278 16.919 0.017 6.02 1329.0
2457267.49807 16.955 0.015 6.99 615.0
2457267.51530 16.903 0.011 5.56 588.0
2457267.53061 16.973 0.012 5.70 601.0
2457267.54644 16.929 0.011 5.33 578.0
2457267.56145 16.941 0.011 5.31 553.0
2457267.58709 16.931 0.011 5.49 581.0
2457267.60168 16.931 0.010 4.74 588.0
2457267.61684 16.913 0.010 4.53 584.0
2457267.63243 16.918 0.010 4.46 589.0
2457267.67054 16.927 0.010 4.58 645.0
2457267.68828 16.927 0.012 5.62 678.0
2457267.69830 16.926 0.011 5.21 690.0
2457268.47420 16.909 0.011 4.52 877.0
2457268.48898 16.930 0.010 4.79 575.0
2457268.51481 16.908 0.009 4.32 532.0
2457268.52944 16.926 0.009 4.14 522.0
2457268.55418 16.908 0.008 3.70 518.0
2457268.56841 16.907 0.009 3.95 534.0
2457268.60219 16.913 0.008 3.89 503.0
2457268.61740 16.895 0.008 4.24 491.0
2457268.63165 16.903 0.008 3.99 535.0
2457268.64575 16.903 0.009 4.29 570.0
2457268.66083 16.916 0.009 4.64 594.0
2457268.67868 16.904 0.009 4.60 602.0
2457268.69158 16.914 0.011 5.51 641.0
2457269.47991 16.946 0.014 6.83 682.0
2457269.49640 16.936 0.012 5.95 601.0
2457269.51184 16.931 0.010 4.52 552.0
2457269.53633 16.909 0.009 4.16 560.0
2457269.55091 16.900 0.010 4.63 568.0
2457269.56520 16.900 0.010 4.87 562.0
2457269.57984 16.915 0.009 4.17 555.0
2457269.61788 16.902 0.009 4.41 549.0
2457269.63342 16.917 0.009 4.45 546.0
2457269.64776 16.900 0.010 4.87 560.0
2457269.66854 16.917 0.010 4.78 564.0
2457269.68285 16.946 0.011 5.01 607.0
2457269.69108 16.941 0.012 5.93 649.0
2457270.47184 16.910 0.013 4.72 1383.0
2457270.48779 16.925 0.011 5.10 596.0
2457270.50348 16.913 0.010 5.21 582.0
2457270.51849 16.939 0.010 4.71 570.0
2457270.53319 16.922 0.009 4.37 562.0
2457270.55791 16.926 0.009 4.41 541.0
2457270.57228 16.930 0.010 5.28 552.0
2457270.58718 16.918 0.009 4.60 534.0
2457270.60176 16.923 0.009 4.60 528.0
2457270.61956 16.932 0.012 6.40 552.0
2457270.66629 16.909 0.010 5.32 555.0
2457270.68223 16.944 0.011 5.88 553.0
2457270.69225 16.934 0.011 5.68 560.0
2457271.48120 16.968 0.016 7.59 647.0
2457271.50024 16.968 0.017 7.80 644.0
2457271.52828 16.944 0.013 6.18 617.0
2457271.54321 16.939 0.012 5.90 583.0
2457271.55757 16.911 0.011 5.44 552.0
2457271.57201 16.921 0.013 6.47 562.0
2457271.58646 16.908 0.011 5.66 568.0
2457271.62334 16.962 0.013 6.81 584.0
2457272.49164 16.901 0.013 6.79 664.0
2457272.53894 16.955 0.013 6.17 671.0
2457272.55362 16.936 0.012 5.74 679.0
2457272.56796 16.912 0.013 6.47 678.0
2457272.58909 16.916 0.012 5.92 679.0
2457273.52838 16.937 0.013 6.79 609.0
2457273.54439 16.932 0.013 6.41 620.0
2457273.55876 16.981 0.016 7.78 651.0
2457273.57423 16.947 0.012 5.92 628.0
2457273.58911 16.939 0.014 6.75 645.0
2457273.61335 16.931 0.011 5.24 597.0
2457273.62896 16.932 0.012 5.84 613.0
2457273.64445 16.926 0.013 6.70 644.0
2457273.65907 16.947 0.013 6.48 663.0
2457273.67377 16.905 0.012 6.11 671.0
2457274.49209 16.909 0.015 7.26 738.0
2457274.57982 16.907 0.011 5.78 604.0
2457275.50120 16.887 0.015 6.32 936.0
2457275.55737 16.967 0.016 6.53 1025.0
2457275.57287 16.891 0.013 5.39 1041.0
2457275.58708 16.902 0.014 5.69 1054.0
2457275.60296 16.920 0.014 5.59 1114.0
2457275.61697 16.921 0.014 5.43 1113.0
2457275.63150 16.944 0.014 5.19 1141.0
2457275.64579 16.915 0.014 5.65 1155.0
2457275.65999 16.894 0.012 6.19 651.0
2457275.67874 16.962 0.017 7.95 678.0
2457276.56420 16.921 0.014 7.61 556.0
2457277.47351 16.973 0.020 7.06 1489.0
2457277.49279 16.896 0.013 6.98 582.0
2457277.50779 16.948 0.013 6.57 574.0
2457277.52216 16.949 0.013 6.57 554.0
2457277.53702 16.921 0.012 6.56 553.0
2457277.57397 16.915 0.012 6.22 536.0
2457277.58831 16.969 0.013 6.62 556.0
2457277.60253 16.950 0.013 6.54 564.0
2457277.61694 16.951 0.013 6.65 572.0
2457277.63138 16.925 0.013 6.74 575.0
2457277.64813 16.933 0.012 6.63 579.0
2457277.66244 16.910 0.012 6.39 586.0
2457277.67669 16.933 0.015 7.55 607.0
2457278.47591 16.868 0.019 7.08 1351.0
2457278.49132 16.969 0.016 7.43 643.0
2457278.50587 16.935 0.017 8.28 655.0
2457278.52020 16.901 0.015 7.35 650.0
2457278.55315 16.912 0.013 6.38 630.0
2457278.57764 16.900 0.011 5.04 609.0
2457278.59196 16.934 0.012 5.71 611.0
2457278.60623 16.886 0.011 5.25 588.0
2457278.62051 16.964 0.013 6.58 594.0
2457278.63488 16.938 0.014 7.14 579.0
2457278.65087 16.908 0.012 6.23 573.0
2457278.66376 16.993 0.017 8.69 594.0
2457281.47688 16.965 0.020 7.52 1147.0
2457281.50104 17.007 0.018 8.03 630.0
2457281.51827 16.935 0.015 7.01 620.0
2457281.53310 16.954 0.014 6.88 593.0
2457281.56305 16.902 0.012 6.63 565.0
2457281.57827 16.933 0.011 5.83 534.0
2457283.56861 16.912 0.014 7.25 641.0
2457283.58610 16.957 0.013 6.60 648.0
2457283.60843 16.963 0.016 7.92 678.0
2457283.62419 16.922 0.015 7.63 676.0
2457284.47732 16.913 0.012 5.67 846.0
2457284.51060 16.892 0.010 6.54 619.0
2457284.52805 16.927 0.010 4.97 640.0
2457284.54392 16.909 0.010 5.07 649.0
2457284.56413 16.920 0.010 5.12 718.0
2457284.58077 16.929 0.010 5.01 871.0
2457284.60369 16.936 0.010 5.60 755.0
2457291.52785 16.970 0.016 7.03 895.0
2457292.48200 16.945 0.021 7.53 1462.0
2457292.55040 16.931 0.015 6.07 973.0
2457292.60352 16.928 0.018 7.13 1126.0
2457293.51681 16.938 0.011 4.89 889.0
2457293.58784 16.939 0.011 5.13 597.0
2457294.52625 16.909 0.014 7.76 749.0
2457294.58089 16.925 0.015 7.26 934.0
2457295.47929 16.905 0.019 7.83 1195.0
2457295.56147 16.943 0.011 4.99 724.0
2457297.53803 16.917 0.015 7.29 762.0
2457299.52757 16.939 0.012 6.14 727.0
2457299.57041 16.947 0.012 6.36 703.0
2457300.50266 16.929 0.013 6.51 715.0
2457301.50695 16.971 0.014 6.70 727.0
2457307.56257 16.940 0.011 5.31 639.0
2457311.51572 16.933 0.010 4.65 650.0
2457312.49206 16.935 0.017 6.62 1331.0
2457313.48770 16.944 0.023 7.52 1697.0
2457317.49307 16.889 0.015 5.39 1776.0
2457318.49240 16.923 0.015 5.30 1555.0
2457319.49675 16.949 0.019 7.12 1038.0
2457322.52083 16.943 0.016 6.04 1185.0
2457324.51206 16.948 0.015 6.38 832.0
2457325.51097 16.932 0.017 7.66 814.0
2457331.50317 16.978 0.019 6.82 1362.0
2457333.50149 16.947 0.023 6.91 1953.0
2457424.86651 16.947 0.010 5.38 616.0
2457425.86202 16.950 0.013 6.52 744.0
2457426.88470 16.975 0.017 7.34 902.0
2457427.85527 16.970 0.014 7.22 666.0
2457428.85099 16.926 0.010 5.56 624.0
2457429.84787 16.949 0.011 5.37 703.0
2457431.84756 16.943 0.012 6.15 725.0
2457432.84986 16.922 0.011 5.30 634.0
2457433.84804 16.962 0.011 6.02 607.0
2457434.83981 16.960 0.014 6.58 778.0
2457435.84571 16.988 0.016 7.90 848.0
2457435.87761 16.909 0.012 6.62 673.0
2457436.83982 16.955 0.015 7.49 642.0
2457436.87301 16.920 0.012 6.09 634.0
2457437.83420 16.943 0.010 5.01 580.0
2457437.87865 16.924 0.010 5.12 542.0
2457438.83810 16.927 0.012 5.82 778.0
2457438.87379 16.919 0.012 6.61 637.0
2457439.83608 16.952 0.015 6.36 870.0
2457439.87646 16.942 0.011 4.89 700.0
2457440.83162 16.912 0.011 5.05 966.0
2457440.87430 16.928 0.009 3.96 832.0
2457441.82936 16.932 0.015 6.71 959.0
2457441.87589 16.943 0.011 4.73 794.0
2457442.82189 16.949 0.013 5.95 904.0
2457442.87013 16.955 0.012 5.10 827.0
2457443.82644 16.955 0.017 7.79 837.0
2457444.82322 16.950 0.013 6.09 777.0
2457444.87368 16.939 0.010 4.58 707.0
2457445.82740 16.918 0.012 6.38 760.0
2457445.86061 16.948 0.011 5.05 699.0
2457445.90317 16.896 0.012 4.45 1397.0
2457446.83428 16.921 0.010 5.02 693.0
2457446.87422 16.914 0.008 3.80 633.0
2457447.80970 16.907 0.010 4.78 704.0
2457447.84606 16.933 0.010 4.82 660.0
2457448.81839 16.924 0.015 5.54 1891.0
2457448.86639 16.918 0.010 4.60 893.0
2457449.81972 16.907 0.011 4.79 1034.0
2457449.88561 16.916 0.013 4.11 1686.0
2457451.80577 16.895 0.011 4.60 1194.0
2457451.87220 16.931 0.013 5.20 1113.0
2457452.79910 16.916 0.009 5.03 639.0
2457452.84427 16.937 0.009 4.07 588.0
2457452.89106 16.922 0.008 3.76 533.0
2457453.81164 16.929 0.008 4.45 569.0
2457453.86572 16.926 0.008 3.79 537.0
2457454.84693 16.928 0.010 5.10 581.0
2457454.90185 16.915 0.011 5.56 649.0
2457455.83035 16.911 0.011 5.99 549.0
2457455.87540 16.932 0.010 5.22 555.0
2457456.80185 16.917 0.012 6.46 667.0
2457456.84994 16.940 0.011 5.81 612.0
2457456.90433 16.902 0.010 4.27 693.0
2457457.81529 16.913 0.011 5.09 704.0
2457457.87144 16.961 0.011 4.96 642.0
2457458.78069 16.951 0.014 7.16 671.0
2457458.82551 16.960 0.011 5.53 621.0
2457458.88011 16.921 0.009 4.45 520.0
2457460.78329 16.904 0.012 7.02 615.0
2457460.82913 16.928 0.009 4.75 619.0
2457460.88490 16.903 0.008 3.76 571.0
2457461.79674 16.919 0.009 4.43 601.0
2457461.84144 16.931 0.009 4.12 558.0
2457461.90508 16.890 0.008 3.46 672.0
2457462.79880 16.943 0.010 5.08 628.0
2457462.84453 16.906 0.008 3.78 580.0
2457462.90383 16.894 0.009 3.84 587.0
2457463.84094 16.933 0.010 4.94 573.0
2457464.87264 16.908 0.008 3.72 659.0
2457465.79748 16.947 0.011 5.18 649.0
2457465.89619 16.937 0.010 4.56 676.0
2457467.87746 16.919 0.010 4.76 546.0
2457470.75661 16.927 0.016 7.47 907.0
2457470.84814 16.923 0.012 5.73 744.0
2457471.76975 16.965 0.014 5.98 900.0
2457471.87117 16.926 0.011 4.55 745.0
2457472.77938 16.942 0.011 5.31 790.0
2457472.87927 16.913 0.010 4.54 702.0
2457473.75229 16.916 0.013 6.07 1013.0
2457474.84822 16.908 0.011 4.82 741.0
2457474.88652 16.918 0.009 3.74 700.0
2457475.74995 16.954 0.018 6.64 1400.0
2457476.75856 16.938 0.011 5.22 958.0
2457479.81634 16.895 0.012 6.30 684.0
2457488.92845 16.926 0.010 4.26 997.0
2457491.71684 16.917 0.011 6.53 601.0
2457492.69943 16.917 0.012 6.75 595.0
2457493.80175 16.919 0.009 4.28 490.0
2457494.89905 16.919 0.009 4.01 598.0
2457495.86350 16.939 0.011 5.04 584.0
2457497.89037 16.937 0.010 5.14 616.0
2457498.74621 16.959 0.013 6.06 768.0
2457500.67940 16.962 0.014 6.26 979.0
2457507.78741 16.908 0.010 4.88 690.0
2457507.89286 16.909 0.009 3.91 753.0
2457509.83176 16.932 0.009 4.11 595.0
2457511.68509 16.915 0.010 5.70 574.0
2457511.79357 16.898 0.008 3.82 542.0
2457511.90549 16.919 0.009 4.35 617.0
2457512.87354 16.891 0.007 3.84 535.0
2457522.79508 16.926 0.010 4.77 628.0
2457522.91070 16.954 0.014 6.02 772.0
2457523.90883 16.937 0.011 5.36 652.0
2457526.80621 16.920 0.011 4.80 834.0
2457526.92329 16.920 0.014 6.49 817.0
2457528.91502 16.925 0.012 4.81 940.0
2457529.81532 16.948 0.016 6.75 979.0
2457530.78256 16.901 0.011 4.61 980.0
2457530.92020 16.936 0.014 5.39 1270.0
2457534.76141 16.914 0.009 4.15 711.0
2457534.86994 16.904 0.011 4.30 1073.0
2457536.76721 16.878 0.009 4.56 617.0
2457536.86602 16.918 0.010 4.23 701.0
2457545.80154 16.895 0.010 4.94 558.0
2457545.91051 16.960 0.010 4.78 641.0
2457546.83422 16.934 0.012 5.73 610.0
2457546.93432 16.950 0.013 6.03 764.0
2457547.71092 16.906 0.010 5.27 519.0
2457547.82773 16.913 0.010 5.24 541.0
2457548.91508 16.931 0.010 6.03 825.0
2457549.83853 16.924 0.010 5.04 530.0
2457550.71067 16.908 0.010 4.96 539.0
2457550.83105 16.894 0.010 4.66 679.0
2457552.74306 16.961 0.010 5.79 787.0
2457554.60907 16.944 0.011 5.06 749.0
2457554.89301 16.967 0.013 6.93 963.0
2457555.62920 16.919 0.010 4.61 700.0
2457555.73788 16.934 0.010 4.88 649.0
2457555.83824 16.922 0.010 4.59 607.0
2457557.67986 16.904 0.009 4.09 821.0
2457557.82381 16.908 0.010 4.42 819.0
2457561.57856 16.926 0.013 5.47 1113.0
2457561.69189 16.920 0.011 4.12 1034.0
2457561.79900 16.928 0.010 4.35 920.0
2457566.65339 16.924 0.010 5.08 549.0
2457566.75518 16.900 0.010 5.34 614.0
2457566.85437 16.871 0.016 7.77 770.0
2457567.56334 16.940 0.012 6.27 702.0
2457567.68348 16.942 0.010 4.81 646.0
2457567.78408 16.914 0.011 5.25 669.0
2457567.87505 16.978 0.016 7.06 844.0
2457568.66807 16.903 0.010 5.10 511.0
2457568.78307 16.937 0.014 7.12 629.0
2457569.57385 16.880 0.010 5.69 576.0
2457569.69780 16.938 0.011 5.53 570.0
2457569.80053 16.929 0.010 5.52 590.0
2457570.70815 16.943 0.010 5.63 474.0
2457570.75206 16.907 0.011 5.95 543.0
2457570.79762 16.939 0.010 5.19 541.0
2457570.86460 16.962 0.015 7.72 737.0
2457573.62695 16.916 0.012 6.53 540.0
2457573.68110 16.908 0.011 5.85 528.0
2457573.72205 16.929 0.012 6.20 538.0
2457573.77921 16.924 0.013 6.58 587.0
2457575.55026 16.917 0.010 5.44 545.0
2457575.70315 16.916 0.009 3.95 511.0
2457575.74134 16.897 0.009 4.68 539.0
2457575.77975 16.910 0.009 4.81 558.0
2457575.81831 16.910 0.010 4.98 576.0
2457576.47993 16.908 0.011 6.71 609.0
2457576.64487 16.908 0.008 4.25 470.0
2457576.68558 16.940 0.009 4.95 495.0
2457576.72384 16.914 0.010 5.27 502.0
2457576.76226 16.931 0.010 4.99 496.0
2457576.80063 16.895 0.010 5.01 533.0
2457576.83866 16.969 0.013 6.78 576.0
2457577.55922 16.893 0.011 6.25 674.0
2457579.63060 16.908 0.011 6.02 581.0
2457579.69733 16.925 0.010 5.57 565.0
2457579.73942 16.926 0.011 5.76 575.0
2457581.71034 16.905 0.009 4.69 653.0
2457581.77685 16.927 0.010 5.25 650.0
2457581.82040 16.922 0.012 6.65 622.0
2457582.67167 16.928 0.012 6.18 611.0
2457583.69497 16.987 0.017 7.64 976.0
2457583.76918 16.943 0.012 6.17 599.0
2457584.51353 16.933 0.015 6.90 764.0
2457584.55209 16.914 0.011 5.32 724.0
2457584.59042 16.913 0.012 5.65 702.0
2457584.66923 16.909 0.010 4.97 642.0
2457584.70731 16.899 0.010 4.96 662.0
2457584.75657 16.914 0.011 5.48 684.0
2457584.79592 16.939 0.013 6.05 717.0
2457589.46959 16.934 0.018 7.21 1350.0
2457589.47221 16.951 0.019 7.62 1237.0
2457589.68515 16.911 0.012 5.34 938.0
2457589.72354 16.919 0.014 6.00 988.0
2457589.76996 16.953 0.017 6.52 1172.0
2457589.80747 16.982 0.014 5.30 1279.0
2457590.48460 16.922 0.013 6.55 889.0
2457590.59928 16.916 0.009 4.01 754.0
2457590.64488 16.924 0.010 4.29 709.0
2457590.68270 16.911 0.010 4.73 716.0
2457590.72070 16.914 0.010 4.78 724.0
2457590.80588 16.911 0.014 5.89 979.0
2457593.49770 16.904 0.011 6.19 547.0
2457593.54540 16.918 0.009 4.88 483.0
2457593.59191 16.911 0.009 4.72 505.0
2457593.63800 16.902 0.010 5.49 518.0
2457593.67595 16.924 0.010 5.25 501.0
2457593.71347 16.902 0.009 4.65 504.0
2457593.75189 16.913 0.009 4.53 508.0
2457593.78934 16.942 0.010 5.43 560.0
2457595.51263 16.963 0.016 7.95 612.0
2457595.60788 16.891 0.013 7.12 604.0
2457596.47399 16.908 0.010 5.74 618.0
2457596.51877 16.904 0.009 4.90 501.0
2457596.57854 16.913 0.009 4.67 510.0
2457599.47214 16.972 0.017 7.65 826.0
2457599.57886 16.971 0.013 6.61 565.0
2457599.65660 16.949 0.012 5.58 537.0
2457599.73364 16.922 0.011 5.05 552.0
2457599.77144 16.918 0.010 4.94 548.0
2457600.47993 16.999 0.016 7.79 644.0
2457600.61497 16.932 0.011 5.47 549.0
2457600.64386 16.913 0.011 5.53 510.0
2457600.69056 16.981 0.012 5.98 534.0
2457601.54506 16.916 0.008 4.78 810.0
2457601.75390 16.893 0.010 5.43 511.0
2457602.47221 16.973 0.017 7.82 798.0
2457602.51839 16.950 0.014 7.03 598.0
2457602.55573 16.933 0.014 7.62 588.0
2457602.59573 16.922 0.011 5.60 557.0
2457602.65207 16.916 0.010 5.22 544.0
2457602.68998 16.909 0.010 5.30 532.0
2457602.72973 16.955 0.016 8.04 606.0
2457602.76706 16.938 0.015 7.51 636.0
2457603.48537 16.932 0.011 5.72 533.0
2457603.52279 16.917 0.010 5.78 526.0
2457603.65540 16.918 0.009 4.68 498.0
2457603.69266 16.925 0.009 4.73 501.0
2457603.73252 16.888 0.010 5.61 534.0
2457603.77014 16.908 0.010 5.54 553.0
2457604.49625 16.942 0.012 6.52 589.0
2457604.65004 16.930 0.009 5.19 462.0
2457604.68740 16.910 0.009 5.00 477.0
2457604.72518 16.925 0.009 4.66 506.0
2457604.76336 16.921 0.010 5.26 518.0
2457605.49993 16.947 0.012 6.66 535.0
2457605.54236 16.932 0.010 5.46 509.0
2457605.60330 16.928 0.011 5.76 538.0
2457605.64094 16.923 0.010 4.97 529.0
2457605.67887 16.955 0.011 5.33 530.0
2457605.71606 16.955 0.011 5.54 558.0
2457605.75334 16.928 0.011 5.22 609.0
2457606.66022 16.937 0.012 6.52 525.0
2457606.70471 16.938 0.014 7.21 533.0
2457607.47249 16.937 0.014 6.67 744.0
2457607.52653 16.916 0.011 5.85 563.0
2457607.58400 16.914 0.012 6.47 549.0
2457607.62830 16.914 0.011 6.22 512.0
2457607.67193 16.943 0.011 5.87 506.0
2457607.71547 16.916 0.010 5.31 515.0
2457607.75548 16.993 0.012 6.18 542.0
2457608.50339 16.888 0.010 5.58 523.0
2457608.58661 16.904 0.009 4.61 500.0
2457608.63477 16.890 0.009 4.38 510.0
2457608.67919 16.902 0.009 4.42 502.0
2457608.72422 16.927 0.010 4.80 516.0
2457608.76389 16.939 0.011 5.48 581.0
2457609.50456 16.931 0.012 6.01 605.0
2457609.55993 16.932 0.011 5.18 586.0
2457609.61560 16.908 0.010 5.59 543.0
2457609.66033 16.907 0.009 4.52 532.0
2457609.71000 16.891 0.009 4.64 531.0
2457609.74164 16.949 0.011 5.81 601.0
2457610.47358 16.933 0.013 6.19 705.0
2457610.51860 16.961 0.013 6.64 607.0
2457610.57976 16.909 0.010 5.08 585.0
2457610.63345 16.885 0.010 5.27 605.0
2457610.67761 16.945 0.010 4.22 609.0
2457610.72153 16.953 0.010 4.47 607.0
2457611.64880 16.939 0.011 5.25 606.0
2457611.73074 16.886 0.013 6.89 646.0
2457612.49652 16.946 0.012 6.01 663.0
2457612.53431 16.904 0.011 4.80 758.0
2457612.57511 16.921 0.012 4.95 865.0
2457612.61281 16.927 0.010 5.01 656.0
2457612.65032 16.920 0.011 5.31 644.0
2457612.68814 16.902 0.010 4.90 649.0
2457612.72586 16.964 0.011 5.24 671.0
2457616.49833 16.957 0.016 5.63 1358.0
2457616.54645 16.944 0.011 4.72 901.0
2457617.52857 16.927 0.012 5.22 832.0
2457617.57566 16.985 0.014 5.85 824.0
2457617.61956 16.966 0.014 5.63 846.0
2457617.66333 16.951 0.013 4.89 884.0
2457617.70717 16.969 0.015 5.93 974.0
2457618.49024 16.931 0.013 6.04 838.0
2457618.53636 16.902 0.012 5.20 861.0
2457618.58069 16.915 0.011 4.54 820.0
2457618.62429 16.916 0.012 4.81 838.0
2457618.66794 16.952 0.013 5.35 925.0
2457618.70776 16.918 0.014 5.80 1048.0
2457621.52110 16.906 0.011 6.23 531.0
2457621.56757 16.908 0.010 4.91 564.0
2457621.61750 16.936 0.013 6.38 638.0
2457621.66717 16.949 0.012 6.09 617.0
2457622.47310 16.898 0.012 5.22 991.0
2457622.52608 16.944 0.011 5.59 520.0
2457622.57423 16.924 0.010 4.67 533.0
2457622.63797 16.916 0.010 4.87 594.0
2457622.68262 16.916 0.009 4.23 582.0
2457622.72047 16.949 0.010 4.76 620.0
2457623.50478 16.900 0.011 5.35 586.0
2457623.55012 16.927 0.010 5.15 558.0
2457623.61365 16.919 0.010 5.14 511.0
2457623.65768 16.931 0.011 5.57 567.0
2457623.70108 16.903 0.011 5.65 603.0
2457624.49064 16.949 0.012 5.88 585.0
2457624.54755 16.925 0.009 5.13 541.0
2457624.60503 16.941 0.011 5.90 533.0
2457624.65165 16.930 0.011 5.91 545.0
2457625.47742 16.944 0.012 6.14 699.0
2457625.53212 16.914 0.009 4.65 558.0
2457625.59521 16.941 0.011 5.63 562.0
2457625.63916 16.939 0.011 5.56 546.0
2457626.48021 16.898 0.010 4.88 635.0
2457626.52763 16.926 0.011 5.04 591.0
2457626.59316 16.929 0.010 4.93 566.0
2457626.64713 16.948 0.011 5.26 540.0
2457630.48068 16.956 0.013 6.06 641.0
2457630.54693 16.904 0.009 4.48 517.0
2457630.59155 16.931 0.010 4.67 526.0
2457630.63617 16.921 0.010 4.93 528.0
2457631.47808 16.908 0.011 5.35 732.0
2457631.53921 16.904 0.009 3.99 521.0
2457631.58402 16.898 0.009 4.44 516.0
2457631.62782 16.930 0.008 3.95 509.0
2457632.47806 16.922 0.012 6.17 662.0
2457632.53820 16.913 0.010 5.03 523.0
2457632.58394 16.960 0.010 4.44 529.0
2457632.62778 16.939 0.010 4.51 573.0
2457633.55048 16.917 0.014 7.25 586.0
2457633.59602 16.963 0.013 6.79 562.0
2457633.64091 16.916 0.013 6.45 574.0
2457634.52694 16.966 0.013 6.53 547.0
2457634.57212 16.954 0.013 6.57 528.0
2457635.50401 16.944 0.014 6.90 595.0
2457635.55740 16.924 0.012 6.46 576.0
2457635.62361 16.948 0.015 7.65 594.0
2457636.51330 16.917 0.012 6.25 600.0
2457636.56524 16.916 0.012 6.09 587.0
2457636.61033 16.924 0.016 7.96 618.0
2457636.65181 16.914 0.013 6.80 591.0
2457637.52344 16.936 0.011 5.73 537.0
2457637.57095 16.946 0.009 4.86 511.0
2457637.61448 16.942 0.011 5.46 541.0
2457638.48903 16.932 0.012 5.86 822.0
2457638.53776 16.914 0.012 5.88 785.0
2457638.60923 16.938 0.009 4.64 713.0
2457639.50319 16.944 0.014 6.58 667.0
2457639.56056 16.894 0.011 4.93 620.0
2457639.60601 16.925 0.009 4.38 593.0
2457643.50620 16.933 0.019 7.58 1090.0
2457643.60539 16.924 0.015 6.02 940.0
2457644.51532 16.911 0.016 7.04 842.0
2457644.55315 16.925 0.013 5.85 828.0
2457644.60402 16.919 0.013 5.65 972.0
2457645.49750 16.946 0.013 5.44 974.0
2457647.48480 16.936 0.017 6.79 1025.0
2457647.53467 16.917 0.012 4.91 918.0
2457647.57958 16.910 0.011 4.83 817.0
2457648.50056 16.923 0.014 6.23 720.0
2457648.54479 16.959 0.013 5.80 748.0
2457648.58866 16.937 0.011 4.59 790.0
2457649.48487 16.876 0.009 4.46 680.0
2457649.53962 16.912 0.010 4.51 714.0
2457649.58455 16.930 0.009 3.87 736.0
2457650.48032 16.920 0.010 4.59 841.0
2457650.55816 16.899 0.010 5.23 630.0
2457650.60223 16.913 0.012 6.12 718.0
2457651.55879 16.913 0.009 4.48 665.0
2457651.60219 16.905 0.011 5.08 804.0
2457652.54639 16.904 0.009 4.59 544.0
2457652.59509 16.917 0.010 4.93 602.0
2457653.55663 16.921 0.009 4.78 541.0
2457653.60053 16.922 0.010 5.30 557.0
2457655.48280 16.957 0.013 6.14 783.0
2457655.57324 16.949 0.013 6.48 591.0
2457656.52884 16.922 0.011 5.62 600.0
2457656.58209 16.930 0.011 5.62 615.0
2457657.57516 16.933 0.010 4.84 605.0
2457659.48326 16.958 0.013 5.56 876.0
2457660.48335 16.951 0.016 6.56 987.0
2457660.55245 16.915 0.012 6.06 642.0
2457661.48352 16.908 0.014 6.02 927.0
2457661.56958 16.952 0.012 6.05 647.0
2457662.52547 16.927 0.012 5.91 691.0
2457662.56923 16.944 0.013 5.91 691.0
2457664.53818 16.896 0.013 6.03 749.0
2457665.48765 16.942 0.016 7.13 759.0
2457666.55057 16.922 0.011 5.54 657.0
2457667.55383 16.923 0.010 5.05 617.0
2457672.53928 16.943 0.011 4.72 900.0
2457675.53348 16.950 0.013 5.41 874.0
2457679.52613 16.945 0.014 6.25 788.0
2457682.51437 16.911 0.011 5.06 772.0
2457689.50471 16.923 0.012 5.53 756.0
2457691.50189 16.913 0.010 4.36 903.0
2457790.87085 16.941 0.013 6.64 711.0
2457790.88639 16.924 0.017 5.38 2103.0
2457791.86596 16.909 0.011 5.42 648.0
2457792.86222 16.923 0.013 6.43 806.0
2457793.85965 16.934 0.012 5.48 859.0
2457794.86040 16.941 0.019 8.03 1073.0
2457795.87255 16.929 0.015 6.62 1022.0
2457796.87931 16.921 0.011 5.07 853.0
2457797.87457 16.918 0.014 6.18 992.0
2457798.87423 16.912 0.011 5.39 732.0
2457799.86948 16.919 0.013 5.85 797.0
2457800.86400 16.921 0.011 5.30 703.0
2457801.84395 16.934 0.015 6.88 968.0
2457801.88929 16.908 0.013 5.37 958.0
2457802.88763 16.939 0.015 6.90 932.0
2457803.87073 16.942 0.012 4.73 1107.0
2457807.84126 16.934 0.011 5.52 577.0
2457807.88792 16.912 0.010 4.45 569.0
2457808.89047 16.915 0.010 4.98 615.0
2457809.85155 16.926 0.011 5.63 598.0
2457809.89866 16.895 0.011 5.30 713.0
2457810.84752 16.933 0.011 5.29 603.0
2457810.90517 16.889 0.014 5.42 1440.0
2457811.85317 16.907 0.010 4.87 567.0
2457811.89843 16.929 0.010 4.79 641.0
2457812.86933 16.944 0.010 4.75 602.0
2457813.81368 16.921 0.013 6.22 731.0
2457814.82317 16.906 0.011 5.83 620.0
2457814.86898 16.904 0.010 4.84 583.0
2457815.83504 16.923 0.010 4.94 629.0
2457815.88210 16.925 0.010 4.93 583.0
2457816.82670 16.913 0.011 5.40 623.0
2457817.82327 16.928 0.011 5.20 685.0
2457818.80949 16.921 0.011 5.38 612.0
2457819.83461 16.918 0.011 5.67 588.0
2457820.84336 16.920 0.011 5.52 644.0
2457821.82742 16.937 0.013 6.18 664.0
2457822.80955 16.918 0.015 6.97 887.0
2457822.85419 16.912 0.012 5.41 726.0
2457823.83951 16.920 0.011 4.67 800.0
2457824.83547 16.934 0.013 5.88 844.0
2457825.82718 16.891 0.011 5.40 819.0
2457826.78560 16.930 0.015 6.62 923.0
2457826.83071 16.917 0.012 5.19 834.0
2457827.80469 16.924 0.011 4.93 759.0
2457827.84907 16.913 0.010 4.54 700.0
2457828.81840 16.937 0.011 5.01 751.0
2457829.84484 16.922 0.011 4.86 830.0
2457830.89337 16.897 0.011 4.51 913.0
2457834.80062 16.890 0.011 5.29 603.0
2457834.84747 16.923 0.011 5.34 594.0
2457834.89502 16.914 0.010 4.78 561.0
2457835.76845 16.938 0.013 6.74 559.0
2457835.84621 16.892 0.014 7.06 607.0
2457835.89286 16.885 0.010 5.08 553.0
2457836.77960 16.940 0.014 7.04 598.0
2457836.83002 16.936 0.010 5.25 530.0
2457836.87930 16.945 0.013 6.56 562.0
2457837.75124 16.910 0.012 6.60 541.0
2457837.79784 16.924 0.010 5.55 508.0
2457837.84397 16.912 0.009 4.75 503.0
2457837.89104 16.918 0.009 4.57 515.0
2457838.82203 16.888 0.009 4.50 562.0
2457838.86915 16.913 0.009 4.58 550.0
2457838.91734 16.897 0.011 4.87 792.0
2457839.83392 16.920 0.009 4.05 501.0
2457839.88445 16.912 0.009 3.92 482.0
2457840.74451 16.906 0.012 6.86 584.0
2457840.79214 16.914 0.010 5.44 509.0
2457840.84878 16.908 0.010 4.73 539.0
2457840.89629 16.917 0.009 4.35 506.0
2457841.77367 16.907 0.014 7.44 559.0
2457841.81974 16.908 0.012 6.43 534.0
2457841.86722 16.906 0.014 7.16 609.0
2457841.91386 16.925 0.014 6.66 653.0
2457842.76693 16.917 0.012 6.10 551.0
2457842.81335 16.925 0.010 5.17 536.0
2457842.85990 16.894 0.010 5.22 548.0
2457842.90590 16.920 0.011 5.44 544.0
2457843.73631 16.918 0.011 6.12 545.0
2457843.83751 16.902 0.011 5.49 528.0
2457843.88481 16.913 0.010 5.40 493.0
2457844.73243 16.910 0.011 6.12 550.0
2457844.83386 16.927 0.013 6.81 560.0
2457845.72446 16.905 0.012 6.49 584.0
2457845.82703 16.918 0.010 4.91 527.0
2457845.87428 16.882 0.009 4.61 502.0
2457845.92070 16.886 0.010 4.74 728.0
2457846.77365 16.909 0.010 5.37 511.0
2457846.81959 16.903 0.010 4.87 506.0
2457846.86589 16.904 0.009 4.53 498.0
2457846.91352 16.904 0.010 5.09 533.0
2457847.75310 16.921 0.012 6.16 576.0
2457847.79943 16.924 0.010 4.71 544.0
2457847.85559 16.905 0.011 5.58 542.0
2457847.90465 16.906 0.009 4.28 507.0
2457848.73664 16.899 0.013 6.81 599.0
2457848.78252 16.894 0.009 4.83 509.0
2457848.82810 16.902 0.009 4.62 512.0
2457848.88612 16.903 0.009 4.19 480.0
2457849.71903 16.902 0.014 7.12 735.0
2457849.81089 16.905 0.009 4.05 520.0
2457849.86789 16.898 0.008 3.81 485.0
2457849.91608 16.875 0.009 4.29 567.0
2457850.74625 16.941 0.012 5.63 692.0
2457850.79279 16.907 0.011 5.51 612.0
2457850.83997 16.909 0.010 4.76 531.0
2457850.89690 16.921 0.010 5.36 538.0
2457851.73309 16.928 0.013 5.96 763.0
2457852.74468 16.921 0.016 7.70 730.0
2457852.85441 16.918 0.013 6.79 621.0
2457852.90378 16.903 0.014 7.70 552.0
2457853.92288 16.944 0.015 7.12 778.0
2457854.73305 16.909 0.012 5.20 846.0
2457854.78352 16.874 0.010 4.51 742.0
2457854.83490 16.887 0.010 4.55 716.0
2457854.88517 16.917 0.012 5.58 707.0
2457855.73219 16.925 0.011 4.93 895.0
2457855.77876 16.899 0.010 4.44 791.0
2457855.82536 16.903 0.011 4.82 807.0
2457855.88572 16.908 0.010 4.32 763.0
2457856.70810 16.936 0.018 7.61 927.0
2457856.75624 16.936 0.015 6.60 824.0
2457856.91179 16.918 0.016 7.09 820.0
2457857.80269 16.926 0.020 6.92 1525.0
2457857.85185 16.922 0.014 6.35 878.0
2457857.89857 16.903 0.013 5.95 818.0
2457858.76897 16.912 0.010 4.23 749.0
2457858.78055 16.908 0.011 5.01 740.0
2457858.79312 16.903 0.011 5.07 746.0
2457858.80579 16.897 0.010 4.57 762.0
2457858.81718 16.891 0.011 4.92 799.0
2457858.90229 16.928 0.011 5.01 804.0
2457858.91680 16.895 0.011 4.92 745.0
2457862.69931 16.910 0.011 5.37 633.0
2457862.79361 16.918 0.011 5.54 596.0
2457862.90243 16.896 0.011 5.25 606.0
2457864.72949 16.916 0.010 5.12 511.0
2457864.81046 16.905 0.008 3.95 503.0
2457865.70245 16.898 0.010 5.03 535.0
2457866.71367 16.898 0.009 4.70 553.0
2457866.87751 16.897 0.008 3.49 546.0
2457866.92470 16.890 0.009 3.50 663.0
2457867.73258 16.922 0.009 4.40 522.0
2457867.84561 16.887 0.009 3.93 508.0
2457867.89542 16.912 0.009 4.60 540.0
2457868.75705 16.927 0.012 6.46 578.0
2457868.81398 16.950 0.014 6.62 600.0
2457869.72647 16.894 0.011 5.80 560.0
2457869.77262 16.899 0.009 4.22 520.0
2457869.82931 16.900 0.009 4.06 518.0
2457869.88900 16.894 0.009 4.26 565.0
2457870.70017 16.916 0.010 5.24 521.0
2457870.75335 16.889 0.008 3.78 470.0
2457870.80950 16.907 0.009 4.52 503.0
2457870.86776 16.917 0.009 3.98 514.0
2457870.91533 16.886 0.009 4.23 534.0
2457871.72277 16.893 0.009 4.51 556.0
2457871.76875 16.900 0.009 4.49 553.0
2457871.84051 16.904 0.009 3.73 530.0
2457871.89444 16.894 0.009 3.67 558.0
2457872.66812 16.921 0.011 5.88 597.0
2457872.73804 16.892 0.009 4.53 557.0
2457872.79500 16.915 0.009 3.79 523.0
2457872.86827 16.895 0.009 4.30 553.0
2457872.91785 16.901 0.009 3.78 589.0
2457873.68704 16.910 0.010 4.84 564.0
2457873.73292 16.890 0.009 3.84 536.0
2457873.77965 16.898 0.008 3.57 492.0
2457873.83802 16.894 0.009 4.44 552.0
2457873.89895 16.892 0.009 3.99 558.0
2457874.66227 16.913 0.014 7.26 642.0
2457874.70822 16.916 0.012 5.86 599.0
2457874.76350 16.905 0.013 6.39 607.0
2457874.82177 16.896 0.010 5.08 549.0
2457874.87100 16.894 0.011 5.05 634.0
2457874.91795 16.909 0.010 4.99 599.0
2457875.80602 16.895 0.008 3.88 689.0
2457875.87410 16.901 0.010 4.49 1090.0
2457875.91097 16.903 0.009 4.51 740.0
2457876.65771 16.912 0.013 6.65 749.0
2457876.70521 16.883 0.011 5.74 641.0
2457876.75332 16.907 0.010 5.19 596.0
2457876.81231 16.897 0.009 3.87 560.0
2457876.87413 16.904 0.010 4.49 576.0
2457876.93127 16.891 0.010 4.20 718.0
2457877.68239 16.925 0.011 5.58 630.0
2457877.73888 16.880 0.009 3.87 565.0
2457877.79562 16.891 0.008 3.56 561.0
2457877.84643 16.901 0.010 4.00 661.0
2457877.89790 16.885 0.010 4.60 666.0
2457878.73412 16.878 0.008 3.66 593.0
2457878.79266 16.902 0.008 3.67 570.0
2457878.85296 16.889 0.008 3.74 542.0
2457878.90017 16.904 0.009 3.71 582.0
2457879.65262 16.919 0.016 8.41 770.0
2457879.70912 16.903 0.012 5.71 656.0
2457879.84078 16.919 0.013 6.39 605.0
2457880.66056 16.891 0.014 7.20 724.0
2457880.70709 16.917 0.014 6.85 686.0
2457880.75300 16.906 0.011 5.21 666.0
2457880.81322 16.915 0.012 5.25 698.0
2457880.86673 16.928 0.013 6.49 667.0
2457881.74274 16.917 0.016 7.61 788.0
2457881.80001 16.921 0.012 5.68 715.0
2457881.84945 16.908 0.012 5.52 708.0
2457882.69665 16.908 0.015 7.64 770.0
2457882.74252 16.891 0.011 5.18 719.0
2457882.79977 16.913 0.012 5.85 747.0
2457882.85843 16.909 0.010 4.45 769.0
2457882.91415 16.899 0.011 4.96 839.0
2457889.92683 16.880 0.017 6.59 1229.0
2457890.70973 16.913 0.013 6.39 705.0
2457890.77717 16.898 0.014 6.59 796.0
2457890.85236 16.863 0.011 5.07 758.0
2457893.65789 16.896 0.013 6.65 647.0
2457893.70373 16.862 0.010 5.38 598.0
2457893.75961 16.877 0.011 5.63 614.0
2457893.81787 16.864 0.010 4.80 583.0
2457893.86514 16.919 0.012 5.98 628.0
2457893.91160 16.885 0.012 5.68 691.0
2457894.60072 16.886 0.014 7.79 699.0
2457894.64167 16.905 0.012 6.40 649.0
2457894.68768 16.871 0.009 4.67 555.0
2457894.75251 16.854 0.009 4.18 522.0
2457894.80028 16.871 0.009 4.46 542.0
2457894.84700 16.887 0.009 4.38 570.0
2457894.89412 16.876 0.011 5.13 628.0
2457894.93959 16.889 0.013 5.93 965.0
2457895.63749 16.889 0.009 5.23 728.0
2457895.78776 16.881 0.010 4.99 572.0
2457897.65185 16.878 0.012 6.50 622.0
2457897.69814 16.909 0.012 5.71 582.0
2457897.74838 16.869 0.010 5.63 659.0
2457900.91065 16.895 0.014 7.08 656.0
2457900.92729 16.896 0.015 7.76 663.0
2457901.61875 16.867 0.012 7.09 617.0
2457901.66608 16.915 0.012 6.56 543.0
2457901.73303 16.878 0.009 5.01 653.0
2457901.80641 16.873 0.010 5.09 564.0
2457902.57758 16.869 0.015 8.39 684.0
2457902.62459 16.904 0.014 7.36 604.0
2457902.67182 16.881 0.013 6.68 584.0
2457902.72774 16.871 0.010 5.17 559.0
2457902.78797 16.862 0.010 5.31 574.0
2457902.83405 16.888 0.014 7.35 648.0
2457902.93555 16.912 0.015 6.38 883.0
2457903.73052 16.911 0.014 7.36 578.0
2457903.79337 16.880 0.014 7.07 569.0
2457903.84936 16.855 0.012 6.25 629.0
2457903.89564 16.864 0.011 5.74 644.0
2457904.59177 16.874 0.014 7.83 649.0
2457904.63904 16.873 0.011 6.28 557.0
2457904.68301 16.865 0.009 5.20 515.0
2457904.73931 16.863 0.009 4.68 503.0
2457904.79851 16.877 0.009 4.40 486.0
2457904.84599 16.895 0.011 5.24 549.0
2457904.89209 16.885 0.011 5.50 617.0
2457904.94133 16.865 0.014 6.67 878.0
2457905.60497 16.850 0.011 6.01 600.0
2457905.65200 16.857 0.009 4.73 548.0
2457905.70735 16.875 0.009 4.06 502.0
2457905.76518 16.851 0.010 5.01 555.0
2457905.81264 16.869 0.009 3.83 553.0
2457905.86098 16.861 0.010 4.73 657.0
2457905.92416 16.878 0.010 4.65 680.0
2457906.56956 16.888 0.012 6.08 729.0
2457906.61549 16.867 0.010 4.92 601.0
2457906.66335 16.875 0.009 4.38 557.0
2457906.71822 16.882 0.008 3.63 548.0
2457906.77814 16.856 0.009 4.17 588.0
2457906.82545 16.884 0.009 4.11 608.0
2457906.87259 16.875 0.010 4.19 676.0
2457906.91895 16.855 0.010 4.44 821.0
2457907.60626 16.854 0.011 5.90 873.0
2457907.66804 16.845 0.010 5.04 826.0
2457907.71234 16.883 0.010 4.80 744.0
2457907.75208 16.859 0.009 4.44 696.0
2457907.82884 16.872 0.010 4.62 801.0
2457908.58563 16.881 0.014 7.03 856.0
2457908.63137 16.866 0.012 5.75 735.0
2457908.67811 16.857 0.010 4.44 657.0
2457908.73380 16.875 0.009 3.87 637.0
2457908.79264 16.877 0.011 5.05 680.0
2457908.83875 16.855 0.009 4.50 590.0
2457908.88594 16.860 0.012 5.95 682.0
2457908.92519 16.870 0.013 6.08 801.0
2457909.56386 16.897 0.016 7.47 1022.0
2457909.60977 16.870 0.012 5.80 804.0
2457909.65912 16.857 0.010 4.18 703.0
2457909.71484 16.861 0.009 4.03 684.0
2457909.76387 16.867 0.010 4.33 819.0
2457909.81093 16.858 0.009 3.91 759.0
2457909.84958 16.842 0.009 4.24 631.0
2457909.90057 16.886 0.010 4.28 737.0
2457909.93247 16.868 0.012 5.29 938.0
2457910.55759 16.893 0.014 6.59 971.0
2457910.61188 16.861 0.011 5.40 764.0
2457910.65870 16.874 0.011 4.89 700.0
2457910.71557 16.849 0.010 4.64 657.0
2457910.77527 16.867 0.009 3.96 697.0
2457910.82131 16.889 0.010 4.48 701.0
2457910.87652 16.887 0.011 4.75 901.0
2457910.92950 16.861 0.009 4.76 852.0
2457911.58492 16.890 0.016 7.11 985.0
2457911.62507 16.887 0.013 5.91 828.0
2457911.67230 16.875 0.012 5.62 783.0
2457911.71722 16.859 0.014 6.67 804.0
2457911.82600 16.883 0.015 6.64 889.0
2457916.55352 16.877 0.016 7.45 1135.0
2457916.60036 16.864 0.011 4.63 938.0
2457916.63658 16.849 0.010 4.61 932.0
2457916.67780 16.853 0.010 4.25 947.0
2457916.72022 16.879 0.011 4.53 899.0
2457916.76532 16.877 0.009 3.62 823.0
2457916.80765 16.854 0.012 4.34 1422.0
2457916.85137 16.887 0.014 4.74 1605.0
2457917.54771 16.893 0.015 7.02 850.0
2457917.57239 16.864 0.013 6.73 822.0
2457917.62216 16.868 0.011 5.18 715.0
2457917.66915 16.840 0.010 4.79 675.0
2457917.71825 16.849 0.011 5.44 693.0
2457917.76815 16.879 0.010 4.80 709.0
2457917.81413 16.865 0.014 6.48 805.0
2457917.85963 16.910 0.013 5.74 873.0
2457917.90622 16.889 0.015 6.42 1059.0
2457918.59257 16.883 0.013 6.88 1052.0
2457918.66806 16.895 0.011 5.13 962.0
2457922.57959 16.911 0.014 7.32 674.0
2457922.62974 16.886 0.012 5.83 629.0
2457922.68560 16.870 0.010 4.75 559.0
2457922.74440 16.870 0.011 5.65 609.0
2457923.55330 16.898 0.012 6.01 678.0
2457923.59862 16.896 0.011 6.04 615.0
2457923.64456 16.849 0.011 5.96 610.0
2457923.72017 16.916 0.013 6.34 618.0
2457923.76625 16.889 0.012 6.39 599.0
2457923.81428 16.909 0.014 6.82 649.0
2457923.87029 16.903 0.013 6.18 652.0
2457924.51216 16.885 0.013 6.94 700.0
2457924.55488 16.888 0.012 6.49 650.0
2457924.60072 16.880 0.010 4.75 575.0
2457924.64509 16.914 0.010 4.38 563.0
2457924.71143 16.878 0.010 4.87 566.0
2457924.75852 16.891 0.010 3.97 542.0
2457924.80452 16.882 0.009 3.80 571.0
2457924.85041 16.876 0.009 4.04 647.0
2457925.57902 16.893 0.015 7.95 627.0
2457925.62451 16.885 0.011 5.88 540.0
2457925.67135 16.883 0.008 4.42 455.0
2457925.74489 16.886 0.011 5.76 533.0
2457925.79297 16.880 0.011 5.50 533.0
2457925.84517 16.876 0.010 5.37 593.0
2457926.56094 16.900 0.012 7.12 621.0
2457926.61333 16.908 0.011 6.39 594.0
2457926.67923 16.887 0.011 5.90 549.0
2457926.74279 16.898 0.012 6.39 575.0
2457926.79556 16.889 0.015 7.36 611.0
2457926.85022 16.885 0.014 6.95 635.0
2457928.60772 16.881 0.011 5.82 612.0
2457928.65535 16.892 0.010 5.22 558.0
2457929.81090 16.905 0.012 6.98 770.0
2457932.61909 16.910 0.011 5.59 567.0
2457932.67651 16.890 0.012 6.39 571.0
2457932.72836 16.867 0.012 6.44 558.0
2457932.78352 16.905 0.012 6.02 558.0
2457932.82910 16.894 0.012 6.06 608.0
2457933.59738 16.887 0.013 6.72 566.0
2457933.64411 16.890 0.011 5.97 517.0
2457933.69386 16.886 0.011 6.06 501.0
2457933.76049 16.906 0.012 6.30 512.0
2457933.80467 16.926 0.015 7.53 567.0
2457933.82276 16.903 0.013 7.11 563.0
2457933.84249 16.899 0.013 6.85 596.0
2457934.50225 16.879 0.012 6.52 689.0
2457934.54816 16.870 0.010 5.08 568.0
2457934.59382 16.882 0.011 5.70 556.0
2457934.64915 16.883 0.011 4.97 537.0
2457934.74793 16.920 0.010 4.63 544.0
2457934.79390 16.907 0.013 6.59 578.0
2457934.83990 16.904 0.011 6.04 532.0
2457934.86287 16.901 0.012 6.32 547.0
2457935.53364 16.901 0.011 5.57 616.0
2457935.59006 16.888 0.010 4.86 580.0
2457935.64705 16.892 0.010 5.36 543.0
2457935.69635 16.899 0.010 4.71 543.0
2457935.74339 16.887 0.009 4.79 496.0
2457935.79037 16.884 0.009 4.22 496.0
2457935.85924 16.913 0.009 4.21 543.0
2457935.87522 16.903 0.010 4.79 555.0
2457936.48874 16.923 0.013 7.11 706.0
2457936.54136 16.878 0.013 6.86 615.0
2457936.58897 16.903 0.011 5.48 549.0
2457936.63691 16.884 0.011 5.80 531.0
2457936.70924 16.887 0.010 5.46 518.0
2457936.76577 16.901 0.010 5.36 492.0
2457936.81349 16.890 0.010 5.00 500.0
2457936.86210 16.910 0.014 7.34 571.0
2457937.48314 16.898 0.014 7.07 820.0
2457937.53007 16.888 0.012 6.33 725.0
2457937.57810 16.898 0.011 5.28 642.0
2457937.62530 16.898 0.010 4.57 550.0
2457937.67353 16.886 0.010 4.92 576.0
2457937.73161 16.905 0.010 5.43 546.0
2457937.78857 16.893 0.010 5.43 521.0
2457937.83546 16.914 0.012 6.24 588.0
2457938.55352 16.917 0.014 6.37 719.0
2457938.60198 16.927 0.014 6.75 668.0
2457938.65454 16.906 0.015 7.43 721.0
2457944.49390 16.884 0.013 6.11 954.0
2457944.53308 16.893 0.012 5.31 929.0
2457944.57329 16.891 0.012 5.16 868.0
2457944.61195 16.894 0.011 4.66 831.0
2457944.66015 16.895 0.011 4.75 800.0
2457944.70957 16.890 0.012 4.95 792.0
2457944.75631 16.881 0.012 5.49 816.0
2457944.79713 16.921 0.012 4.73 939.0
2457944.82801 16.949 0.019 7.31 1065.0
2457945.47900 16.901 0.013 6.36 780.0
2457945.51529 16.964 0.015 6.69 911.0
2457945.56157 16.893 0.011 4.98 702.0
2457945.60930 16.861 0.009 4.00 653.0
2457945.65782 16.930 0.010 4.66 630.0
2457945.70559 16.898 0.009 4.36 629.0
2457945.75294 16.899 0.009 4.03 678.0
2457945.79997 16.897 0.011 4.71 766.0
2457945.84520 16.911 0.014 5.94 939.0
2457946.49583 16.924 0.011 5.89 562.0
2457946.55306 16.891 0.010 5.05 666.0
2457946.60109 16.902 0.011 5.16 644.0
2457946.66641 16.900 0.010 5.01 594.0
2457946.71395 16.896 0.012 5.68 626.0
2457946.76184 16.911 0.012 5.85 634.0
2457946.81069 16.895 0.011 5.08 660.0
2457947.51296 16.896 0.012 6.80 566.0
2457947.55191 16.884 0.012 6.61 616.0
2457947.60051 16.920 0.010 5.01 543.0
2457947.65112 16.908 0.011 5.76 564.0
2457947.74514 16.914 0.014 6.78 640.0
2457948.47052 16.928 0.015 7.38 684.0
2457948.50582 16.905 0.011 6.04 561.0
2457948.56369 16.905 0.011 5.61 527.0
2457948.62137 16.901 0.011 5.75 552.0
2457948.67296 16.917 0.011 4.97 786.0
2457948.74353 16.913 0.011 5.48 646.0
2457948.79023 16.896 0.011 5.04 680.0
2457948.83455 16.904 0.011 5.14 730.0
2457949.58359 16.908 0.011 4.92 754.0
2457949.63426 16.920 0.012 6.01 653.0
2457949.68844 16.947 0.015 7.11 731.0
2457949.73778 16.904 0.012 5.43 841.0
2457952.68965 16.941 0.011 5.13 534.0
2457952.74139 16.919 0.012 5.83 530.0
2457952.79672 16.959 0.016 7.90 580.0
2457953.47663 16.901 0.014 7.26 681.0
2457953.52280 16.930 0.011 5.37 568.0
2457953.59225 16.900 0.009 4.70 501.0
2457953.64699 16.888 0.010 5.69 488.0
2457953.69743 16.920 0.010 5.18 458.0
2457953.74979 16.921 0.010 4.84 493.0
2457953.79866 16.888 0.011 5.55 561.0
2457954.48821 16.901 0.011 5.73 815.0
2457954.53984 16.908 0.010 4.69 642.0
2457954.60153 16.893 0.009 4.00 479.0
2457954.66948 16.905 0.009 4.68 473.0
2457954.73037 16.912 0.010 5.00 601.0
2457954.78608 16.890 0.009 4.52 625.0
2457955.75548 16.908 0.008 4.41 515.0
2457955.79396 16.914 0.011 5.42 542.0
2457956.50577 16.939 0.012 5.64 648.0
2457956.56414 16.913 0.010 4.78 546.0
2457956.61968 16.904 0.010 5.30 509.0
2457956.68212 16.918 0.010 4.72 513.0
2457956.73071 16.903 0.010 4.63 523.0
2457956.78116 16.905 0.010 4.91 571.0
2457957.64028 16.915 0.012 5.92 551.0
2457957.69028 16.944 0.013 6.70 560.0
2457957.73768 16.932 0.011 5.86 529.0
2457958.59029 16.905 0.014 7.01 609.0
2457958.62446 16.923 0.013 6.99 551.0
2457958.66172 16.954 0.013 6.77 539.0
2457958.71432 16.915 0.012 6.33 541.0
2457958.76419 16.924 0.011 6.01 512.0
2457958.79687 16.968 0.014 6.99 572.0
2457959.49800 16.906 0.010 5.15 548.0
2457959.54585 16.899 0.009 4.69 523.0
2457959.59587 16.898 0.009 4.69 509.0
2457959.64698 16.897 0.009 4.19 471.0
2457959.69602 16.935 0.009 4.60 475.0
2457959.74696 16.936 0.010 5.00 492.0
2457959.78979 16.943 0.012 6.35 544.0
2457960.48597 16.919 0.012 6.26 590.0
2457960.53388 16.913 0.010 5.41 518.0
2457960.59810 16.933 0.009 4.89 504.0
2457960.65398 16.950 0.009 4.68 448.0
2457960.70312 16.898 0.010 5.57 490.0
2457960.75747 16.893 0.011 6.04 518.0
2457960.79293 16.946 0.012 5.86 531.0
2457961.53807 16.877 0.009 5.18 610.0
2457961.59936 16.937 0.010 5.25 596.0
2457961.63608 16.898 0.010 5.00 551.0
2457961.67971 16.927 0.009 4.86 499.0
2457961.74832 16.901 0.012 6.62 669.0
2457962.49898 16.915 0.010 4.67 548.0
2457962.54346 16.886 0.009 4.33 532.0
2457962.65988 16.922 0.009 4.36 622.0
2457964.53731 16.933 0.011 5.00 718.0
2457964.57502 16.895 0.010 4.63 623.0
2457964.62628 16.905 0.011 5.05 559.0
2457964.67408 16.939 0.011 5.29 577.0
2457964.75486 16.933 0.011 5.53 632.0
2457965.64065 16.904 0.010 4.35 596.0
2457965.67602 16.915 0.011 5.02 573.0
2457965.70682 16.934 0.010 4.69 710.0
2457966.53867 16.917 0.015 7.30 665.0
2457966.56855 16.948 0.012 6.03 586.0
2457966.61420 16.906 0.012 6.15 546.0
2457966.66201 16.937 0.012 5.85 535.0
2457966.70982 16.921 0.013 6.30 572.0
2457967.57219 16.910 0.013 6.13 639.0
2457967.65453 16.908 0.013 6.45 635.0
2457967.72088 16.927 0.013 6.30 687.0
2457971.48474 16.928 0.014 5.88 969.0
2457971.52595 16.892 0.012 5.39 904.0
2457971.60177 16.940 0.014 5.93 808.0
2457971.64003 16.927 0.012 5.12 804.0
2457971.67776 16.937 0.012 4.58 867.0
2457971.71822 16.923 0.013 5.15 999.0
2457972.49938 16.965 0.020 8.07 931.0
2457972.57480 16.911 0.015 6.30 855.0
2457972.61795 16.931 0.013 5.17 800.0
2457972.66403 16.908 0.014 5.62 865.0
2457972.70801 16.931 0.013 4.90 935.0
2457972.74293 16.923 0.015 5.73 1081.0
2457973.54009 16.898 0.014 6.82 829.0
2457973.59201 16.944 0.016 6.91 823.0
2457973.64890 16.892 0.012 5.27 808.0
2457973.70744 16.915 0.018 7.90 961.0
2457974.59458 16.936 0.011 5.33 660.0
2457974.64405 16.917 0.011 4.90 667.0
2457974.69427 16.905 0.011 4.64 727.0
2457974.74018 16.908 0.014 5.53 865.0
2457975.62545 16.925 0.013 6.26 646.0
2457979.47394 16.908 0.011 5.13 810.0
2457979.53996 16.898 0.010 5.37 562.0
2457979.59248 16.918 0.009 4.00 583.0
2457979.64338 16.905 0.009 4.28 543.0
2457980.49086 16.936 0.014 6.67 666.0
2457980.56119 16.912 0.012 6.06 629.0
2457980.60890 16.961 0.014 6.37 645.0
2457980.65676 16.935 0.013 6.07 650.0
2457981.49159 16.956 0.013 5.61 697.0
2457981.58214 16.901 0.011 4.97 607.0
2457981.62977 16.923 0.010 4.14 568.0
2457981.67668 16.919 0.011 5.07 619.0
2457982.51365 16.928 0.011 5.32 568.0
2457982.57097 16.914 0.010 4.78 528.0
2457982.61936 16.924 0.011 5.24 555.0
2457982.66558 16.909 0.010 4.51 544.0
2457983.52927 16.920 0.013 6.10 595.0
2457983.57788 16.921 0.010 4.34 545.0
2457983.62403 16.913 0.010 4.53 539.0
2457983.67310 16.909 0.009 4.05 511.0
2457984.52192 16.921 0.012 5.92 573.0
2457984.57232 16.965 0.012 5.90 553.0
2457984.61993 16.924 0.011 5.18 515.0
2457984.66700 16.941 0.011 4.98 523.0
2457985.53454 16.916 0.014 6.61 640.0
2457985.58726 16.914 0.013 6.49 571.0
2457985.63329 16.951 0.015 7.41 568.0
2457986.48548 16.905 0.010 4.76 590.0
2457986.50277 16.910 0.009 4.31 560.0
2457986.53371 16.898 0.009 4.38 524.0
2457986.55829 16.918 0.009 4.27 496.0
2457986.57693 16.918 0.008 3.68 484.0
2457986.59546 16.890 0.009 4.19 495.0
2457986.60945 16.915 0.009 4.42 504.0
2457986.62686 16.936 0.010 4.54 498.0
2457986.64545 16.914 0.009 4.63 488.0
2457986.65917 16.929 0.010 4.93 514.0
2457987.49098 16.901 0.009 4.08 561.0
2457987.55691 16.909 0.009 3.99 540.0
2457987.61406 16.912 0.009 4.00 567.0
2457987.66045 16.911 0.009 4.10 557.0
2457990.50765 16.909 0.011 5.11 588.0
2457990.57541 16.921 0.011 5.15 567.0
2457990.62358 16.953 0.013 6.22 563.0
2457991.47697 16.902 0.012 5.66 780.0
2457991.52795 16.910 0.012 5.98 587.0
2457991.58610 16.928 0.012 6.01 548.0
2457991.64184 16.918 0.012 6.12 555.0
2457992.49261 16.892 0.010 5.42 597.0
2457992.54243 16.906 0.009 4.35 541.0
2457992.59820 16.933 0.011 5.18 544.0
2457992.64376 16.932 0.011 5.35 568.0
2457993.51018 16.924 0.011 5.32 615.0
2457993.55820 16.918 0.010 4.72 582.0
2457993.60515 16.935 0.010 5.05 520.0
2457993.65173 16.940 0.013 6.24 557.0
2457994.52361 16.937 0.013 5.77 659.0
2457994.56964 16.920 0.011 4.97 635.0
2457994.61957 16.912 0.011 5.37 605.0
2457998.47603 16.899 0.016 4.88 2205.0
2457998.51846 16.926 0.015 4.42 2015.0
2457998.55697 16.915 0.012 4.21 1199.0
2457998.59674 16.924 0.014 4.44 1653.0
2457998.63591 16.915 0.016 5.76 1404.0
2458000.50427 16.931 0.016 7.37 742.0
2458000.54636 16.933 0.012 5.51 707.0
2458000.58661 16.932 0.012 5.36 757.0
2458000.62946 16.907 0.013 5.52 888.0
2458001.51044 16.917 0.011 5.02 685.0
2458001.55763 16.912 0.010 4.19 695.0
2458001.60417 16.935 0.011 4.62 726.0
2458002.51262 16.876 0.020 6.47 1722.0
2458002.55926 16.958 0.022 6.02 2416.0
2458003.48339 16.995 0.018 7.53 763.0
2458003.58835 16.922 0.015 6.52 757.0
2458004.49421 16.908 0.013 6.10 642.0
2458004.56004 16.947 0.013 6.31 661.0
2458004.60721 16.928 0.012 5.26 682.0
2458005.59206 16.957 0.017 7.39 729.0
2458007.55616 16.930 0.015 7.45 613.0
2458007.60559 16.941 0.012 6.18 582.0
2458008.55825 16.941 0.012 5.89 559.0
2458010.49963 16.936 0.016 7.36 699.0
2458010.56315 16.946 0.011 5.23 610.0
2458011.53988 16.921 0.015 7.15 624.0
2458012.48053 16.930 0.012 4.73 1044.0
2458012.53867 16.912 0.010 4.71 637.0
2458012.58522 16.917 0.010 4.22 685.0
2458013.52690 16.903 0.010 4.26 623.0
2458013.57442 16.903 0.009 4.08 603.0
2458014.52075 16.896 0.010 4.29 585.0
2458014.56660 16.904 0.010 4.44 595.0
2458015.49308 16.951 0.013 6.46 616.0
2458015.54977 16.928 0.012 6.11 596.0
2458016.49523 16.932 0.013 6.11 665.0
2458016.54223 16.922 0.012 6.31 598.0
2458017.49524 16.915 0.011 5.27 631.0
2458017.55138 16.900 0.010 5.12 600.0
2458018.50376 16.912 0.010 4.64 613.0
2458018.56160 16.913 0.011 5.08 575.0
2458019.52652 16.905 0.009 3.95 555.0
2458020.48901 16.933 0.014 6.39 638.0
2458020.54491 16.892 0.011 4.45 621.0
2458021.50258 16.947 0.014 6.21 739.0
2458026.50932 16.933 0.013 4.26 1743.0
2458026.55104 16.907 0.011 4.44 977.0
2458029.49130 16.955 0.014 5.88 840.0
2458029.55975 16.908 0.012 4.81 882.0
2458030.51607 16.933 0.011 4.49 854.0
2458032.54649 16.941 0.014 5.89 875.0
2458035.53056 16.941 0.014 5.99 713.0
2458036.52157 16.940 0.014 6.84 684.0
2458039.49400 16.959 0.015 6.65 744.0
2458039.54948 16.971 0.017 8.06 720.0
2458040.52915 16.945 0.015 6.45 783.0
2458041.48854 16.944 0.019 7.61 1200.0
2458046.52230 16.944 0.016 6.71 902.0
2458049.50309 16.899 0.009 3.64 722.0
2458054.50046 16.948 0.018 6.06 1213.0
2458056.49651 16.980 0.023 6.92 1708.0
