2457065.88092 19.251 0.081 5.41 674.0
2457069.87093 19.624 0.096 5.25 497.0
2457070.89421 19.641 0.095 3.80 817.0
2457072.83847 19.446 0.091 6.20 465.0
2457074.86717 19.292 0.075 6.06 458.0
2457075.84331 19.208 0.075 6.70 431.0
2457076.84457 19.473 0.074 5.29 439.0
2457077.84249 19.478 0.102 6.65 443.0
2457078.83775 19.402 0.084 6.09 422.0
2457079.89045 19.365 0.098 6.88 420.0
2457080.85571 19.582 0.089 6.17 354.0
2457082.82705 19.395 0.079 6.15 404.0
2457082.89969 19.428 0.072 4.62 550.0
2457083.88237 19.489 0.067 4.82 357.0
2457084.86265 19.548 0.085 5.17 450.0
2457085.82815 19.742 0.108 4.69 701.0
2457086.81919 19.533 0.094 4.58 728.0
2457086.90299 19.466 0.072 3.61 725.0
2457087.87070 19.326 0.066 4.11 588.0
2457088.84160 19.401 0.077 4.67 522.0
2457089.80769 19.374 0.082 5.42 585.0
2457089.89618 19.394 0.076 4.80 525.0
2457090.86280 19.418 0.066 4.41 460.0
2457091.81615 19.370 0.066 4.21 584.0
2457091.90621 19.443 0.083 4.29 738.0
2457092.85068 19.396 0.060 3.91 506.0
2457093.85007 19.404 0.063 4.39 412.0
2457097.82925 19.385 0.049 3.68 366.0
2457098.79754 19.412 0.064 4.68 394.0
2457098.87693 19.462 0.057 4.25 365.0
2457099.81871 19.456 0.069 5.15 347.0
2457100.78536 19.376 0.076 5.17 507.0
2457100.85858 19.453 0.058 3.89 386.0
2457101.82809 19.397 0.103 6.85 548.0
2457102.80117 19.291 0.083 6.90 457.0
2457102.91268 19.390 0.075 5.23 488.0
2457109.82101 19.354 0.061 5.25 327.0
2457110.75806 19.467 0.059 4.60 364.0
2457110.83147 19.411 0.048 3.50 389.0
2457111.76441 19.645 0.079 4.57 411.0
2457111.87291 19.530 0.058 4.13 319.0
2457112.77037 19.402 0.091 5.79 544.0
2457112.87994 19.480 0.064 4.36 409.0
2457113.81147 19.479 0.057 3.81 401.0
2457114.80789 19.366 0.059 4.03 459.0
2457115.76410 19.514 0.088 5.46 493.0
2457116.73702 19.408 0.093 5.30 701.0
2457117.73377 19.588 0.103 4.79 820.0
2457117.90134 19.490 0.052 3.00 526.0
2457118.75772 19.453 0.087 4.23 966.0
2457119.77416 19.517 0.097 5.19 624.0
2457120.72339 19.627 0.097 5.07 645.0
2457120.86670 19.467 0.061 3.73 475.0
2457125.81561 19.546 0.068 4.34 413.0
2457126.76554 19.575 0.068 4.28 431.0
2457129.72142 19.517 0.082 5.85 375.0
2457129.90363 19.597 0.073 4.41 364.0
2457130.83872 19.517 0.078 5.52 327.0
2457131.74789 19.359 0.055 4.21 381.0
2457132.68338 19.431 0.119 7.48 522.0
2457133.80868 19.663 0.093 5.40 399.0
2457134.69826 19.424 0.088 6.30 417.0
2457134.88180 19.655 0.069 4.06 359.0
2457135.78621 19.449 0.054 4.10 336.0
2457136.70464 19.353 0.065 4.99 421.0
2457136.88756 19.380 0.064 4.57 355.0
2457137.77304 19.492 0.049 3.71 311.0
2457138.67713 19.749 0.113 6.03 429.0
2457138.85516 19.519 0.057 3.63 383.0
2457139.76696 19.494 0.066 4.47 361.0
2457140.67457 19.566 0.080 4.85 466.0
2457140.84666 19.488 0.066 4.41 406.0
2457141.73222 19.503 0.059 4.04 389.0
2457141.91981 19.520 0.060 3.63 434.0
2457142.78800 19.523 0.064 4.14 402.0
2457143.68237 19.481 0.076 4.89 474.0
2457143.85460 19.464 0.064 3.90 447.0
2457144.73521 19.502 0.132 6.22 813.0
2457145.76720 19.470 0.076 4.53 553.0
2457145.93307 19.246 0.084 5.34 720.0
2457146.76529 19.567 0.077 3.75 700.0
2457146.90713 19.597 0.083 3.90 705.0
2457147.74801 19.466 0.096 5.51 636.0
2457147.89163 19.577 0.081 4.03 671.0
2457152.89381 19.496 0.077 4.62 550.0
2457153.73106 19.390 0.056 4.08 398.0
2457153.89626 19.579 0.068 3.67 509.0
2457154.77517 19.579 0.063 3.64 418.0
2457155.63553 19.476 0.081 5.38 435.0
2457155.81574 19.521 0.061 3.73 392.0
2457156.64980 19.312 0.053 4.37 350.0
2457157.63164 19.533 0.073 5.31 369.0
2457157.87259 19.505 0.065 4.12 376.0
2457158.72581 19.350 0.059 4.91 340.0
2457158.90992 19.605 0.079 4.50 451.0
2457159.72672 19.400 0.065 4.83 385.0
2457159.91103 19.433 0.059 3.96 391.0
2457160.74898 19.581 0.066 4.35 380.0
2457160.93747 19.694 0.111 4.96 668.0
2457161.79856 19.476 0.046 3.11 345.0
2457162.61748 19.561 0.089 6.08 369.0
2457162.80209 19.464 0.064 4.62 339.0
2457163.62668 19.236 0.090 6.77 519.0
2457163.80999 19.417 0.059 4.13 389.0
2457164.71334 19.635 0.087 5.59 356.0
2457164.89667 19.415 0.068 4.82 432.0
2457166.72850 19.576 0.081 5.51 337.0
2457166.90432 19.633 0.085 4.89 442.0
2457169.64800 19.461 0.059 4.51 353.0
2457169.84325 19.427 0.048 3.69 307.0
2457170.63559 19.400 0.060 4.52 388.0
2457170.82588 19.526 0.070 4.82 352.0
2457172.63772 19.501 0.091 5.63 492.0
2457172.82149 19.358 0.072 4.74 497.0
2457173.60657 19.408 0.131 7.04 688.0
2457173.80772 19.589 0.082 4.31 560.0
2457174.58173 19.482 0.146 6.95 898.0
2457174.74233 19.546 0.069 3.63 560.0
2457174.91502 19.562 0.095 4.16 797.0
2457175.69607 19.340 0.077 4.30 882.0
2457175.91671 19.637 0.120 4.28 1106.0
2457178.83172 19.326 0.091 3.85 1360.0
2457179.57781 19.422 0.113 6.24 703.0
2457179.74233 19.241 0.070 4.87 511.0
2457179.90924 19.397 0.087 5.33 632.0
2457180.68951 19.524 0.078 4.98 398.0
2457180.86422 19.542 0.092 5.55 472.0
2457181.62713 19.545 0.069 4.88 308.0
2457181.81850 19.523 0.075 4.85 367.0
2457182.58701 19.570 0.077 5.67 301.0
2457182.77905 19.565 0.067 4.45 303.0
2457182.94347 19.329 0.084 4.48 877.0
2457183.71086 19.557 0.083 5.92 283.0
2457183.88921 19.398 0.080 5.89 358.0
2457184.69232 19.250 0.057 4.84 303.0
2457184.87874 19.494 0.080 5.56 367.0
2457185.66504 19.555 0.101 6.68 368.0
2457185.83874 19.557 0.082 5.45 374.0
2457186.79370 19.503 0.087 5.75 396.0
2457187.58249 19.436 0.074 5.36 369.0
2457187.76620 19.510 0.067 4.59 352.0
2457187.92752 19.384 0.087 5.69 594.0
2457188.73917 19.501 0.070 4.67 377.0
2457189.58639 19.451 0.071 5.27 371.0
2457189.77357 19.460 0.063 4.16 429.0
2457190.53464 19.550 0.117 7.27 493.0
2457190.75922 19.550 0.074 4.60 410.0
2457191.59442 19.488 0.099 6.25 448.0
2457191.85394 19.426 0.083 5.84 390.0
2457193.59368 19.477 0.054 3.75 317.0
2457193.80384 19.500 0.053 3.42 356.0
2457194.52380 19.449 0.044 4.72 170.0
2457194.57218 19.546 0.082 5.69 304.0
2457194.61518 19.602 0.067 4.40 313.0
2457194.67286 19.490 0.054 3.84 359.0
2457194.71923 19.401 0.053 4.03 371.0
2457194.76258 19.453 0.061 4.17 435.0
2457195.55754 19.547 0.061 3.77 657.0
2457197.60393 19.361 0.058 4.80 323.0
2457197.78791 19.401 0.063 5.09 314.0
2457198.58314 19.419 0.070 5.29 388.0
2457198.76927 19.370 0.066 5.28 341.0
2457199.54544 19.306 0.064 5.03 461.0
2457199.72781 19.458 0.050 3.58 327.0
2457199.89023 19.497 0.082 5.01 469.0
2457200.65859 19.549 0.054 3.93 328.0
2457200.82985 19.386 0.063 4.19 444.0
2457202.80461 19.390 0.099 5.05 809.0
2457202.82130 19.396 0.107 5.49 790.0
2457206.62044 19.467 0.104 4.73 949.0
2457206.79539 19.603 0.106 3.99 1043.0
2457207.60266 19.513 0.076 4.28 618.0
2457207.76744 19.396 0.094 5.51 675.0
2457209.69902 19.525 0.097 4.88 689.0
2457211.47797 19.314 0.104 6.84 673.0
2457211.64813 19.403 0.051 4.42 299.0
2457211.81952 19.492 0.075 4.77 492.0
2457214.59882 19.392 0.070 5.93 359.0
2457217.55694 19.500 0.120 7.28 384.0
2457217.80782 19.491 0.076 5.28 349.0
2457219.67631 19.466 0.056 4.09 316.0
2457220.55813 19.515 0.062 4.64 332.0
2457220.74234 19.474 0.048 3.52 311.0
2457221.54616 19.543 0.084 5.92 380.0
2457221.72835 19.503 0.064 4.57 306.0
2457222.51212 19.374 0.092 6.68 550.0
2457222.72321 19.622 0.102 5.80 435.0
2457223.56325 19.416 0.083 5.91 385.0
2457223.74405 19.594 0.095 5.90 354.0
2457224.58911 19.259 0.064 5.99 313.0
2457224.80193 19.371 0.084 6.18 628.0
2457226.47305 19.661 0.140 7.32 504.0
2457226.64874 19.377 0.058 4.51 322.0
2457226.81295 19.394 0.070 4.86 450.0
2457227.61240 19.516 0.057 4.09 308.0
2457227.78563 19.516 0.077 5.36 331.0
2457228.61701 19.439 0.055 3.77 358.0
2457229.47237 19.567 0.084 4.67 617.0
2457229.63614 19.325 0.053 3.49 475.0
2457229.79505 19.465 0.069 4.64 450.0
2457235.65136 19.439 0.081 4.54 640.0
2457236.51283 19.554 0.106 6.17 457.0
2457248.49895 19.614 0.114 6.88 354.0
2457249.49442 19.384 0.091 7.04 361.0
2457249.66423 19.499 0.071 5.52 286.0
2457250.66595 19.498 0.078 5.40 490.0
2457252.70303 19.429 0.071 5.66 354.0
2457253.63515 19.436 0.053 4.17 305.0
2457255.60804 19.376 0.071 5.61 352.0
2457257.67160 19.638 0.089 5.09 463.0
2457258.59321 19.383 0.089 5.68 538.0
2457258.68092 19.519 0.096 5.13 619.0
2457261.63927 19.420 0.105 5.76 835.0
2457263.59142 19.378 0.061 3.80 575.0
2457264.53825 19.455 0.075 4.41 534.0
2457265.49857 19.522 0.068 4.04 429.0
2457265.69331 19.464 0.079 4.88 531.0
2457267.62465 19.344 0.054 4.22 347.0
2457268.63946 19.518 0.056 3.94 348.0
2457269.62707 19.371 0.057 4.77 330.0
2457270.56576 19.384 0.057 4.47 318.0
2457271.52115 19.721 0.142 7.43 366.0
2457272.54682 19.713 0.104 5.60 419.0
2457273.67044 19.468 0.085 5.71 408.0
2457275.66783 19.582 0.098 5.84 403.0
2457277.65604 19.619 0.091 5.77 355.0
2457278.64287 19.505 0.094 6.81 310.0
2457284.48419 19.407 0.065 5.44 385.0
2457291.58322 19.536 0.134 6.61 664.0
2457292.59548 19.399 0.112 6.01 805.0
2457293.56658 19.492 0.066 4.32 399.0
2457294.57253 19.287 0.103 7.23 629.0
2457295.56639 19.297 0.066 4.91 484.0
2457297.56315 19.514 0.125 7.72 474.0
2457299.57603 19.407 0.086 6.37 467.0
2457301.51384 19.283 0.086 7.14 420.0
2457311.52211 19.479 0.065 4.40 405.0
2457313.49663 19.422 0.131 6.03 1018.0
2457318.49877 19.577 0.112 5.46 675.0
2457325.51428 19.450 0.105 6.51 520.0
2457331.50646 19.285 0.124 7.31 802.0
2457429.87690 19.633 0.122 6.22 524.0
2457430.87360 19.422 0.076 5.32 710.0
2457431.86121 19.412 0.069 4.53 526.0
2457432.86518 19.596 0.092 5.68 439.0
2457433.88446 19.390 0.065 4.35 492.0
2457435.89303 19.539 0.130 5.90 885.0
2457437.85163 19.325 0.060 5.16 348.0
2457438.86535 19.625 0.089 5.41 399.0
2457439.89170 19.498 0.091 4.61 739.0
2457441.84645 19.587 0.097 4.65 687.0
2457442.85865 19.791 0.119 4.88 636.0
2457443.87500 19.690 0.104 5.04 539.0
2457444.85271 19.514 0.086 5.17 496.0
2457445.84316 19.306 0.067 4.97 513.0
2457446.84854 19.491 0.062 4.02 463.0
2457447.84877 19.585 0.073 4.28 433.0
2457448.85587 19.581 0.072 4.80 411.0
2457449.89461 19.597 0.071 4.20 396.0
2457452.81709 19.384 0.055 4.03 411.0
2457453.81433 19.580 0.067 4.92 390.0
2457454.89104 19.517 0.073 5.08 334.0
2457455.90343 19.501 0.079 5.21 408.0
2457456.91003 19.348 0.094 4.37 1102.0
2457457.90673 19.438 0.114 5.90 864.0
2457458.90081 19.513 0.062 4.29 364.0
2457460.90246 19.452 0.060 4.15 435.0
2457461.90930 19.480 0.082 3.55 907.0
2457462.89201 19.506 0.057 4.06 327.0
2457464.82612 19.520 0.086 5.81 447.0
2457465.85542 19.370 0.058 4.07 412.0
2457466.90731 19.459 0.064 4.40 428.0
2457467.91010 19.489 0.071 5.00 400.0
2457470.86544 19.298 0.070 5.14 498.0
2457471.82989 19.474 0.089 5.25 556.0
2457472.78056 19.406 0.081 5.13 561.0
2457472.91343 19.392 0.070 4.37 524.0
2457474.78597 19.387 0.075 5.12 560.0
2457474.88770 19.520 0.063 3.96 478.0
2457475.81698 19.469 0.104 6.14 566.0
2457476.80612 19.543 0.082 4.68 564.0
2457480.77880 19.336 0.102 7.67 396.0
2457480.92423 19.246 0.117 6.19 1071.0
2457484.81704 19.572 0.080 5.55 338.0
2457485.73219 19.765 0.133 7.61 321.0
2457485.83661 19.603 0.078 5.27 315.0
2457486.73853 19.425 0.102 7.29 382.0
2457486.83677 19.510 0.083 5.99 351.0
2457487.72943 19.460 0.084 6.16 389.0
2457487.84597 19.601 0.087 5.89 387.0
2457488.73189 19.536 0.078 5.50 362.0
2457488.85423 19.450 0.055 4.09 404.0
2457489.78422 19.387 0.083 6.36 441.0
2457489.81940 19.500 0.072 5.12 505.0
2457491.74437 19.486 0.085 6.16 365.0
2457491.86345 19.447 0.056 4.43 317.0
2457492.72813 19.486 0.075 5.67 348.0
2457492.85107 19.501 0.054 4.06 360.0
2457493.72067 19.547 0.074 5.19 363.0
2457493.83909 19.482 0.056 4.71 278.0
2457494.70190 19.595 0.083 5.55 386.0
2457494.81485 19.610 0.065 4.34 326.0
2457494.92733 19.650 0.106 3.89 1090.0
2457495.77245 19.592 0.081 4.85 372.0
2457495.89337 19.504 0.083 5.54 353.0
2457497.91866 19.501 0.091 5.88 398.0
2457498.78532 19.294 0.066 4.53 502.0
2457498.92318 19.295 0.069 5.45 408.0
2457499.76512 19.703 0.091 4.76 509.0
2457499.86580 19.717 0.109 5.69 484.0
2457500.70720 19.616 0.104 5.08 657.0
2457500.80609 19.334 0.080 5.36 546.0
2457500.90869 19.266 0.078 5.72 539.0
2457507.81510 19.530 0.067 4.37 431.0
2457507.92546 19.557 0.070 3.77 527.0
2457508.76502 19.369 0.044 3.33 339.0
2457508.86589 19.544 0.061 3.87 389.0
2457509.75861 19.527 0.089 6.10 359.0
2457509.86142 19.600 0.077 5.10 380.0
2457511.71295 19.562 0.066 4.97 344.0
2457511.83263 19.506 0.048 3.28 362.0
2457511.93324 19.376 0.062 3.81 658.0
2457512.90140 19.376 0.055 4.29 385.0
2457512.91538 19.616 0.062 3.89 402.0
2457522.83952 19.501 0.087 5.35 450.0
2457522.94033 19.447 0.155 6.60 1192.0
2457523.93680 19.584 0.086 5.02 469.0
2457526.71054 19.561 0.105 6.03 504.0
2457526.85156 19.572 0.083 5.09 432.0
2457528.79023 19.433 0.096 4.92 781.0
2457528.94291 19.462 0.162 6.37 1339.0
2457530.82252 19.342 0.086 4.99 764.0
2457534.68443 19.418 0.075 5.15 534.0
2457534.79604 19.538 0.080 3.86 858.0
2457534.90173 19.365 0.067 3.64 823.0
2457536.67698 19.478 0.079 5.65 355.0
2457536.79528 19.573 0.077 4.71 376.0
2457536.89949 19.591 0.096 4.53 1114.0
2457545.83840 19.432 0.070 5.19 329.0
2457545.94177 19.524 0.092 5.48 514.0
2457546.76337 19.330 0.062 5.33 301.0
2457546.86239 19.436 0.080 5.44 420.0
2457547.61525 19.492 0.078 5.86 305.0
2457547.75728 19.535 0.067 5.02 265.0
2457547.85594 19.438 0.060 4.79 294.0
2457548.70534 19.533 0.054 4.51 473.0
2457549.74837 19.482 0.051 4.18 255.0
2457549.86650 19.426 0.068 5.48 312.0
2457550.62063 19.317 0.065 5.92 316.0
2457550.76058 19.502 0.068 5.01 362.0
2457550.85944 19.399 0.074 5.17 475.0
2457554.64797 19.598 0.108 5.54 992.0
2457555.54911 19.414 0.094 5.98 624.0
2457555.65965 19.370 0.066 5.44 436.0
2457555.76682 19.415 0.057 4.14 391.0
2457555.88715 19.500 0.071 4.79 396.0
2457557.59959 19.581 0.105 5.65 619.0
2457557.71200 19.815 0.129 5.49 632.0
2457557.85761 19.655 0.097 4.39 659.0
2457561.61161 19.455 0.094 5.21 686.0
2457561.72908 19.454 0.073 4.25 604.0
2457561.82729 19.410 0.079 4.41 766.0
2457562.59254 19.385 0.094 5.49 844.0
2457566.56290 19.489 0.091 6.32 407.0
2457566.68204 19.644 0.074 5.09 303.0
2457566.78386 19.489 0.080 5.92 359.0
2457566.88123 19.489 0.148 8.05 600.0
2457567.59166 19.560 0.093 5.80 470.0
2457567.71282 19.503 0.067 4.51 386.0
2457567.81232 19.477 0.071 4.77 428.0
2457568.58529 19.598 0.093 6.23 332.0
2457568.70858 19.619 0.098 6.62 279.0
2457568.81250 19.596 0.090 5.65 410.0
2457569.60275 19.583 0.092 6.29 344.0
2457569.72845 19.388 0.074 5.74 323.0
2457569.82980 19.569 0.086 5.30 449.0
2457570.68452 19.732 0.088 5.21 270.0
2457570.86843 19.753 0.128 6.93 476.0
2457575.69077 19.490 0.051 4.04 260.0
2457575.83255 19.335 0.060 4.95 358.0
2457576.64801 19.453 0.046 3.83 253.0
2457576.79088 19.422 0.072 6.01 285.0
2457579.61863 19.453 0.066 5.37 310.0
2457581.75293 19.412 0.065 5.25 369.0
2457583.75981 19.620 0.091 5.69 349.0
2457584.61945 19.358 0.068 4.99 409.0
2457584.77350 19.450 0.079 5.38 444.0
2457589.57312 19.877 0.151 5.41 762.0
2457589.72678 19.756 0.136 5.49 748.0
2457590.52585 19.366 0.082 5.54 604.0
2457590.67356 19.297 0.066 5.19 489.0
2457591.54126 19.368 0.094 5.68 613.0
2457593.61456 19.468 0.058 4.62 274.0
2457593.75514 19.513 0.064 4.95 305.0
2457596.52053 19.366 0.050 4.62 281.0
2457599.58214 19.853 0.133 6.51 299.0
2457599.79827 19.369 0.084 6.67 357.0
2457600.70871 19.720 0.094 5.76 368.0
2457602.52165 19.501 0.097 6.89 337.0
2457602.68085 19.384 0.059 4.83 300.0
2457603.50106 19.535 0.062 4.69 280.0
2457603.65870 19.512 0.057 4.80 258.0
2457604.48364 19.834 0.157 7.84 346.0
2457604.62705 19.525 0.062 5.11 252.0
2457604.76665 19.335 0.060 5.15 300.0
2457605.63180 19.354 0.061 5.32 283.0
2457605.76895 19.525 0.086 5.52 379.0
2457607.52983 19.611 0.086 5.91 311.0
2457607.70433 19.523 0.064 4.83 257.0
2457608.62334 19.388 0.050 4.07 283.0
2457609.47842 19.815 0.122 5.86 399.0
2457609.66358 19.481 0.061 4.62 293.0
2457610.50719 19.429 0.078 5.67 347.0
2457610.69553 19.563 0.070 4.61 363.0
2457611.73400 19.313 0.087 6.86 375.0
2457612.61614 19.641 0.083 5.05 409.0
2457612.75030 19.486 0.091 5.95 428.0
2457617.59224 19.478 0.109 6.03 565.0
2457618.47878 19.500 0.112 5.93 633.0
2457618.64226 19.440 0.090 5.07 591.0
2457619.58562 19.414 0.103 6.72 469.0
2457621.65560 19.335 0.070 5.69 386.0
2457622.59319 19.367 0.059 4.63 338.0
2457623.50810 19.488 0.069 4.80 343.0
2457623.69045 19.431 0.066 4.97 343.0
2457624.63844 19.391 0.064 5.34 301.0
2457625.61319 19.457 0.068 5.36 310.0
2457626.59650 19.561 0.083 5.91 324.0
2457630.58027 19.538 0.068 4.79 294.0
2457631.55736 19.486 0.055 4.25 296.0
2457632.54157 19.491 0.071 5.01 295.0
2457633.58406 19.383 0.086 6.53 323.0
2457635.48760 19.790 0.135 7.18 364.0
2457636.55232 19.524 0.093 6.54 338.0
2457637.54331 19.453 0.056 4.75 289.0
2457638.53989 19.377 0.078 5.25 545.0
2457639.60789 19.480 0.059 4.20 347.0
2457644.53127 19.278 0.143 6.42 1318.0
2457647.50605 19.291 0.111 6.92 648.0
2457648.54666 19.782 0.121 5.53 492.0
2457649.57170 19.515 0.071 4.15 481.0
2457650.60413 19.574 0.105 6.24 458.0
2457652.52467 19.419 0.062 5.16 314.0
2457653.57305 19.558 0.068 5.02 326.0
2457655.57512 19.458 0.075 5.87 342.0
2457657.52405 19.450 0.079 5.72 358.0
2457660.48682 19.285 0.086 6.08 528.0
2457661.55685 19.324 0.085 6.56 404.0
2457664.52554 19.617 0.120 6.42 480.0
2457671.51696 19.699 0.188 5.72 1547.0
2457675.53687 19.388 0.091 5.33 666.0
2457683.51832 19.753 0.101 5.27 466.0
2457792.87770 19.535 0.124 6.90 702.0
2457794.89148 19.457 0.137 6.12 1183.0
2457797.86414 19.637 0.140 6.22 819.0
2457799.85942 19.527 0.137 7.29 625.0
2457802.89497 19.425 0.127 6.44 969.0
2457808.87730 19.609 0.071 4.61 353.0
2457809.87208 19.663 0.102 6.18 386.0
2457810.86701 19.568 0.072 4.71 374.0
2457811.88609 19.609 0.087 5.74 360.0
2457813.81638 19.653 0.107 5.93 529.0
2457814.88878 19.528 0.058 3.94 351.0
2457816.81463 19.433 0.094 6.79 406.0
2457817.81105 19.479 0.072 4.85 462.0
2457817.90153 19.548 0.072 3.86 613.0
2457818.88762 19.416 0.058 4.45 359.0
2457819.87411 19.422 0.054 4.03 329.0
2457820.87682 19.479 0.060 4.11 383.0
2457821.87450 19.484 0.076 4.80 410.0
2457822.87024 19.555 0.076 4.67 408.0
2457823.85551 19.515 0.077 4.42 545.0
2457824.85160 19.508 0.100 5.69 570.0
2457825.84330 19.574 0.083 4.74 533.0
2457826.80161 19.471 0.097 5.55 649.0
2457826.89153 19.525 0.083 4.86 517.0
2457827.86655 19.510 0.068 4.24 439.0
2457828.83597 19.530 0.083 5.08 497.0
2457829.81729 19.387 0.118 6.82 651.0
2457830.82803 19.557 0.105 4.99 818.0
2457830.90971 19.362 0.079 4.32 895.0
2457834.88326 19.507 0.102 5.60 572.0
2457835.85044 19.414 0.083 6.38 321.0
2457836.80319 19.581 0.113 7.57 321.0
2457836.91594 19.558 0.124 6.01 750.0
2457837.84817 19.440 0.065 5.24 291.0
2457838.78594 19.517 0.084 5.91 356.0
2457838.90513 19.401 0.055 4.53 327.0
2457839.85272 19.470 0.049 3.78 263.0
2457840.77764 19.356 0.070 6.04 305.0
2457840.89754 19.389 0.050 4.28 281.0
2457841.83593 19.403 0.068 5.49 290.0
2457842.75288 19.515 0.110 7.86 322.0
2457842.86111 19.304 0.065 5.56 319.0
2457843.78466 19.547 0.077 5.75 279.0
2457843.90341 19.475 0.064 5.21 264.0
2457844.82158 19.412 0.083 6.53 286.0
2457845.73030 19.364 0.081 6.91 341.0
2457845.84552 19.376 0.053 4.54 285.0
2457846.77634 19.536 0.068 5.06 284.0
2457846.88402 19.340 0.052 4.56 292.0
2457847.78683 19.340 0.057 4.90 297.0
2457847.90734 19.364 0.052 4.45 283.0
2457848.80044 19.391 0.056 4.78 269.0
2457848.92128 19.454 0.068 4.73 419.0
2457849.81359 19.386 0.049 3.89 291.0
2457850.71830 19.417 0.093 6.13 491.0
2457850.82625 19.189 0.050 4.80 314.0
2457851.73579 19.193 0.076 5.84 532.0
2457851.84383 19.464 0.070 5.07 364.0
2457852.84156 19.236 0.066 6.11 357.0
2457853.90593 19.311 0.077 6.26 375.0
2457854.76682 19.303 0.064 4.61 545.0
2457854.88808 19.189 0.055 4.38 454.0
2457855.79691 19.302 0.075 5.11 559.0
2457855.91937 19.262 0.062 4.23 578.0
2457856.80752 19.136 0.072 5.78 506.0
2457857.84438 19.158 0.106 7.14 763.0
2457857.90892 19.084 0.061 4.71 613.0
2457858.90950 19.096 0.056 4.93 499.0
2457862.76605 19.227 0.082 6.92 386.0
2457862.87785 19.294 0.074 6.20 371.0
2457863.83783 19.113 0.047 4.87 337.0
2457864.81473 19.136 0.037 3.80 300.0
2457865.67608 19.178 0.054 5.45 351.0
2457865.78344 19.228 0.045 3.92 312.0
2457865.92325 19.191 0.052 3.91 479.0
2457866.77991 19.343 0.050 4.16 313.0
2457866.91336 19.228 0.042 3.52 351.0
2457867.78364 19.251 0.049 4.73 289.0
2457867.91514 19.174 0.045 4.22 303.0
2457868.86277 19.238 0.086 7.53 357.0
2457869.73075 19.241 0.051 4.91 318.0
2457869.86058 19.239 0.044 3.86 314.0
2457870.74194 19.252 0.039 3.85 280.0
2457870.87204 19.349 0.047 3.68 291.0
2457871.75617 19.304 0.047 4.04 332.0
2457871.89723 19.298 0.049 3.74 333.0
2457872.75612 19.342 0.045 3.60 333.0
2457872.90464 19.372 0.047 3.36 344.0
2457873.73570 19.384 0.052 4.36 322.0
2457873.86705 19.266 0.050 4.07 343.0
2457874.69589 19.352 0.072 5.87 384.0
2457874.82456 19.355 0.069 5.60 310.0
2457874.93617 19.406 0.123 5.29 1265.0
2457875.90264 19.235 0.052 4.16 626.0
2457876.70799 19.411 0.072 5.38 421.0
2457876.84601 19.283 0.050 3.97 359.0
2457877.66983 19.286 0.060 5.27 429.0
2457877.79893 19.418 0.048 3.66 328.0
2457878.66203 19.301 0.066 5.35 536.0
2457878.83084 19.424 0.048 3.54 337.0
2457879.66407 19.563 0.109 7.01 483.0
2457879.77490 19.460 0.100 6.38 444.0
2457880.69615 19.252 0.086 6.92 437.0
2457880.81754 19.324 0.063 4.64 423.0
2457881.77173 19.391 0.096 6.22 514.0
2457881.88626 19.435 0.096 5.96 474.0
2457882.76054 19.444 0.081 5.47 457.0
2457882.89265 19.499 0.078 4.53 538.0
2457889.93041 19.509 0.143 6.18 949.0
2457890.81386 19.564 0.127 6.47 543.0
2457893.64557 19.729 0.135 7.52 402.0
2457893.76250 19.364 0.070 5.45 384.0
2457893.88368 19.463 0.065 4.51 372.0
2457894.62929 19.518 0.093 6.92 421.0
2457894.75539 19.415 0.050 4.07 307.0
2457894.86551 19.389 0.059 4.23 361.0
2457895.62622 19.518 0.085 6.09 483.0
2457897.67024 19.411 0.071 5.38 339.0
2457900.91713 19.495 0.102 6.79 384.0
2457901.60567 19.280 0.093 7.61 414.0
2457901.73492 19.563 0.072 4.99 407.0
2457902.59989 19.393 0.107 8.17 386.0
2457902.71480 19.442 0.059 4.82 303.0
2457902.83697 19.429 0.091 6.24 368.0
2457903.76480 19.677 0.117 7.31 292.0
2457903.88339 19.467 0.080 5.40 383.0
2457904.62529 19.335 0.071 6.22 351.0
2457904.74075 19.468 0.049 3.98 271.0
2457904.86304 19.429 0.056 4.22 324.0
2457905.59052 19.519 0.093 6.76 391.0
2457905.70879 19.521 0.050 3.65 280.0
2457905.83005 19.495 0.058 3.85 365.0
2457905.94290 19.406 0.089 4.50 841.0
2457906.64913 19.527 0.063 4.38 354.0
2457906.77959 19.481 0.058 3.88 365.0
2457906.88934 19.566 0.078 4.26 501.0
2457907.65858 19.534 0.081 4.83 494.0
2457907.75384 19.495 0.060 3.81 441.0
2457908.60373 19.379 0.096 6.43 564.0
2457908.72109 19.615 0.067 4.07 397.0
2457908.84172 19.405 0.058 4.32 356.0
2457908.93623 19.547 0.101 5.37 619.0
2457909.64452 19.399 0.066 4.49 447.0
2457909.76534 19.399 0.065 3.85 555.0
2457909.86826 19.407 0.057 3.74 475.0
2457910.56599 19.413 0.105 6.53 645.0
2457910.66020 19.360 0.064 4.57 447.0
2457910.79216 19.522 0.064 3.76 461.0
2457910.90984 19.487 0.075 4.60 504.0
2457911.62657 19.425 0.095 6.00 559.0
2457911.76038 19.441 0.126 7.24 561.0
2457917.60749 19.564 0.101 5.76 507.0
2457917.72410 19.546 0.068 3.90 456.0
2457917.83389 19.450 0.093 5.28 598.0
2457918.57614 19.744 0.121 6.95 625.0
2457922.58570 19.225 0.080 6.77 440.0
2457922.71643 19.439 0.078 5.75 354.0
2457923.58780 19.587 0.096 6.07 434.0
2457923.72475 19.442 0.098 6.94 361.0
2457923.83338 19.493 0.088 5.43 403.0
2457924.61756 19.499 0.072 5.42 332.0
2457924.74449 19.374 0.056 3.91 329.0
2457924.85196 19.587 0.073 4.04 433.0
2457925.64157 19.518 0.059 4.43 306.0
2457925.77779 19.385 0.064 5.15 304.0
2457925.89727 19.438 0.098 6.41 510.0
2457926.68080 19.463 0.069 5.35 296.0
2457926.81522 19.381 0.081 6.32 361.0
2457928.65694 19.446 0.075 5.67 342.0
2457932.69770 19.463 0.096 6.87 343.0
2457932.81862 19.427 0.075 5.64 352.0
2457933.67961 19.570 0.092 6.87 261.0
2457933.80628 19.545 0.104 7.24 307.0
2457934.50386 19.526 0.094 6.13 465.0
2457934.61064 19.604 0.082 5.53 322.0
2457934.73360 19.498 0.059 4.38 299.0
2457934.84151 19.462 0.083 6.16 311.0
2457935.59168 19.492 0.070 5.03 332.0
2457935.71411 19.512 0.063 4.29 282.0
2457935.82330 19.466 0.052 3.95 274.0
2457935.88784 19.420 0.062 4.66 349.0
2457936.57489 19.657 0.085 5.53 326.0
2457936.71088 19.430 0.061 4.89 283.0
2457936.83077 19.514 0.078 5.83 271.0
2457937.51627 19.538 0.094 5.86 499.0
2457937.62695 19.574 0.074 5.20 324.0
2457937.75907 19.682 0.092 5.66 323.0
2457938.53957 19.367 0.089 5.90 491.0
2457938.65705 19.614 0.117 7.03 411.0
2457944.50853 19.371 0.107 6.20 752.0
2457944.54921 19.373 0.083 5.07 696.0
2457944.60061 19.446 0.087 5.17 615.0
2457944.64991 19.670 0.093 4.18 607.0
2457944.71122 19.423 0.081 4.61 575.0
2457944.75949 19.552 0.091 4.67 597.0
2457944.81170 19.509 0.135 6.59 738.0
2457944.84224 19.354 0.176 7.60 1340.0
2457945.54799 19.483 0.085 5.37 507.0
2457945.65949 19.604 0.074 4.40 401.0
2457945.77045 19.390 0.062 4.21 484.0
2457946.48331 19.697 0.107 6.65 356.0
2457946.60282 19.438 0.075 5.24 398.0
2457946.73195 19.388 0.072 5.33 378.0
2457946.84011 19.538 0.108 6.03 520.0
2457947.58600 19.634 0.083 5.45 335.0
2457947.74682 19.489 0.096 6.38 373.0
2457948.48212 19.467 0.095 7.00 357.0
2457948.60689 19.422 0.055 4.54 304.0
2457948.74524 19.467 0.066 4.50 388.0
2457948.84726 19.491 0.099 6.22 505.0
2457949.65033 19.582 0.094 5.91 391.0
2457952.67513 19.344 0.056 4.67 293.0
2457952.79846 19.564 0.097 6.65 298.0
2457953.56824 19.563 0.072 5.22 294.0
2457953.69917 19.473 0.060 5.06 246.0
2457953.81684 19.393 0.073 5.91 332.0
2457954.57457 19.439 0.052 4.09 285.0
2457954.73233 19.715 0.074 4.42 369.0
2457955.77543 19.480 0.066 4.92 280.0
2457956.57022 19.599 0.067 4.73 305.0
2457956.70322 19.489 0.064 4.73 290.0
2457957.54382 19.475 0.082 6.08 339.0
2457957.74588 19.416 0.072 6.25 294.0
2457958.63981 19.490 0.088 6.61 287.0
2457958.75346 19.381 0.066 5.51 296.0
2457959.50129 19.552 0.068 5.07 323.0
2457959.61594 19.391 0.052 4.31 281.0
2457959.73160 19.537 0.060 4.59 274.0
2457960.48773 19.605 0.099 6.54 351.0
2457960.62032 19.601 0.071 5.24 301.0
2457960.74115 19.506 0.072 5.50 308.0
2457961.57144 19.495 0.071 5.54 361.0
2457961.66594 19.350 0.056 4.87 314.0
2457962.50076 19.621 0.068 4.48 324.0
2457962.76349 19.465 0.069 5.22 396.0
2457964.56089 19.397 0.065 4.77 367.0
2457964.67588 19.467 0.080 5.38 409.0
2457965.65782 19.397 0.066 5.05 333.0
2457966.53077 19.432 0.100 6.90 390.0
2457966.61750 19.524 0.104 7.34 305.0
2457966.72880 19.442 0.085 6.43 315.0
2457967.65727 19.388 0.095 6.85 400.0
2457967.72522 19.547 0.097 6.22 417.0
2457971.50173 19.437 0.126 5.38 1159.0
2457971.54239 19.547 0.105 5.13 711.0
2457971.59222 19.606 0.118 5.62 622.0
2457971.63053 19.549 0.095 4.65 693.0
2457971.67960 19.484 0.096 4.50 831.0
2457971.72153 19.632 0.112 4.76 768.0
2457972.51387 19.552 0.134 6.26 635.0
2457972.55058 19.319 0.103 6.06 621.0
2457972.60307 19.626 0.113 5.20 589.0
2457972.64745 19.574 0.117 5.64 602.0
2457972.70983 19.411 0.094 4.96 686.0
2457972.74623 19.403 0.132 6.33 845.0
2457973.63517 19.637 0.110 5.53 571.0
2457974.50021 19.576 0.088 5.28 463.0
2457974.61573 19.695 0.097 4.98 432.0
2457974.72975 19.367 0.078 4.77 560.0
2457979.47732 19.595 0.077 4.71 432.0
2457979.61177 19.381 0.050 3.74 350.0
2457980.54758 19.384 0.082 5.90 390.0
2457980.66012 19.334 0.078 5.58 405.0
2457981.60143 19.595 0.071 4.28 344.0
2457982.49261 19.396 0.071 5.17 365.0
2457982.62273 19.434 0.079 5.96 340.0
2457983.55023 19.546 0.078 4.96 320.0
2457983.66220 19.400 0.056 5.00 289.0
2457984.57575 19.545 0.082 5.37 315.0
2457985.50407 19.446 0.096 6.78 376.0
2457985.62148 19.610 0.109 6.86 332.0
2457986.59886 19.432 0.059 4.65 306.0
2457987.51873 19.404 0.049 3.72 320.0
2457987.64808 19.472 0.053 3.84 328.0
2457990.57881 19.475 0.071 4.88 353.0
2457991.49649 19.532 0.072 4.98 359.0
2457991.62979 19.684 0.093 5.69 319.0
2457992.54584 19.585 0.064 4.19 327.0
2457993.48047 19.548 0.087 5.17 448.0
2457993.59316 19.374 0.065 5.23 324.0
2457994.52700 19.471 0.082 5.63 398.0
2457994.63813 19.538 0.088 5.73 391.0
2458000.48141 19.565 0.107 5.65 568.0
2458000.53583 19.499 0.118 6.96 487.0
2458000.57697 19.575 0.126 6.80 539.0
2458000.63288 19.679 0.123 5.61 633.0
2458001.56104 19.462 0.068 4.31 487.0
2458003.55284 19.585 0.134 6.71 496.0
2458004.56390 19.457 0.096 6.36 422.0
2458007.51680 19.597 0.101 6.20 378.0
2458008.53623 19.588 0.091 5.76 345.0
2458010.56657 19.653 0.095 5.58 385.0
2458012.50105 19.276 0.064 5.17 415.0
2458013.50519 19.418 0.060 4.26 382.0
2458014.52417 19.372 0.060 4.59 362.0
2458015.51197 19.374 0.096 7.23 362.0
2458016.52984 19.403 0.080 6.08 375.0
2458017.55480 19.482 0.068 4.71 379.0
2458019.48571 19.494 0.072 4.45 423.0
2458020.53286 19.570 0.085 4.84 368.0
2458026.51275 19.539 0.124 4.40 1468.0
2458026.55596 19.391 0.102 4.88 1090.0
2458030.48788 19.591 0.086 4.15 647.0
2458035.56523 19.625 0.111 5.94 451.0
2458037.54900 19.543 0.127 6.99 474.0
2458039.53335 19.588 0.107 6.20 427.0
2458041.50700 19.491 0.080 5.29 420.0
2458049.52856 19.503 0.067 4.06 635.0
2458056.50287 20.029 0.225 6.67 715.0
