2457059.87319 19.408 0.121 7.08 561.0
2457060.88200 19.135 0.068 5.07 646.0
2457061.86189 19.023 0.063 5.62 573.0
2457061.87793 19.178 0.056 4.60 571.0
2457062.85982 19.338 0.073 4.72 551.0
2457062.87543 19.169 0.023 4.42 64.0
2457063.87566 18.963 0.062 6.32 532.0
2457064.87242 19.142 0.063 5.23 538.0
2457065.86430 19.264 0.073 5.47 519.0
2457066.85717 19.385 0.147 6.10 1450.0
2457069.84108 19.061 0.051 5.48 397.0
2457069.88033 19.062 0.050 4.81 408.0
2457070.85385 19.132 0.045 4.88 317.0
2457070.89175 19.061 0.047 4.55 449.0
2457071.86619 19.168 0.043 4.55 309.0
2457072.83600 19.217 0.059 5.21 373.0
2457072.87387 19.068 0.047 4.84 336.0
2457074.83942 19.176 0.075 6.83 376.0
2457074.84976 19.115 0.072 7.13 366.0
2457074.88990 19.121 0.057 5.63 411.0
2457075.82801 18.946 0.052 6.25 351.0
2457075.86715 19.183 0.055 5.71 339.0
2457076.82969 19.226 0.053 4.79 357.0
2457076.86775 19.017 0.039 4.64 329.0
2457077.82749 19.045 0.065 6.59 373.0
2457077.86509 18.961 0.049 5.72 334.0
2457078.81664 19.017 0.056 6.17 361.0
2457078.85605 19.028 0.045 5.05 318.0
2457078.89378 19.033 0.043 4.85 348.0
2457079.89307 19.086 0.076 7.03 350.0
2457080.83914 19.104 0.051 6.01 293.0
2457080.88937 19.103 0.046 5.51 279.0
2457081.89033 19.053 0.061 6.53 303.0
2457082.80902 19.042 0.057 6.55 350.0
2457082.85784 19.171 0.044 4.99 280.0
2457082.89732 18.982 0.044 5.34 337.0
2457083.83596 19.038 0.062 6.42 321.0
2457083.87996 19.232 0.064 5.91 294.0
2457084.80132 19.143 0.073 5.95 558.0
2457084.86025 19.171 0.052 4.77 366.0
2457084.90510 19.069 0.046 4.24 469.0
2457085.80046 19.189 0.058 4.64 612.0
2457085.87842 19.093 0.045 3.90 454.0
2457086.80334 19.139 0.065 4.97 650.0
2457086.85514 19.009 0.047 4.35 493.0
2457086.89913 19.241 0.054 4.20 486.0
2457087.80179 18.933 0.055 5.08 640.0
2457087.86665 19.163 0.060 4.78 505.0
2457088.79212 19.152 0.056 4.29 549.0
2457088.83775 19.194 0.050 3.72 461.0
2457088.88231 19.128 0.049 4.05 410.0
2457089.78878 19.307 0.072 5.32 548.0
2457089.84810 19.036 0.052 4.90 445.0
2457089.89183 19.039 0.049 4.86 435.0
2457090.78754 19.134 0.069 5.76 549.0
2457090.84746 19.163 0.052 4.34 436.0
2457090.89161 19.091 0.044 4.20 390.0
2457091.78504 19.204 0.057 4.48 547.0
2457091.84546 19.025 0.050 4.70 489.0
2457091.89010 18.995 0.046 4.49 428.0
2457092.78211 18.959 0.045 4.26 599.0
2457092.83707 19.118 0.047 4.10 468.0
2457092.87596 18.980 0.044 4.71 453.0
2457097.76573 19.090 0.043 4.48 330.0
2457097.82841 19.136 0.039 4.18 298.0
2457097.87237 19.120 0.038 4.41 268.0
2457098.77743 19.146 0.046 4.42 342.0
2457098.82224 19.026 0.040 4.46 302.0
2457098.87609 19.189 0.041 4.05 308.0
2457099.76911 19.027 0.043 5.22 303.0
2457099.81784 19.132 0.050 5.39 284.0
2457099.86579 19.221 0.054 5.52 284.0
2457100.79463 19.205 0.050 4.14 399.0
2457100.84043 19.035 0.040 4.03 348.0
2457100.88545 19.028 0.041 4.33 319.0
2457101.78353 19.052 0.075 7.13 475.0
2457101.86759 19.175 0.069 5.90 410.0
2457102.81525 19.220 0.085 7.35 317.0
2457102.87712 18.958 0.054 6.17 309.0
2457108.80578 19.155 0.065 6.19 337.0
2457108.85274 19.006 0.054 6.22 350.0
2457109.74109 19.094 0.047 5.47 305.0
2457109.85679 19.083 0.047 5.42 288.0
2457109.90676 19.197 0.044 4.15 299.0
2457110.76610 19.193 0.043 4.66 298.0
2457110.81123 19.193 0.039 4.29 305.0
2457110.87651 19.055 0.036 4.05 307.0
2457111.74118 19.082 0.046 4.52 370.0
2457111.78702 19.122 0.048 5.55 275.0
2457111.84321 19.194 0.044 4.77 260.0
2457111.89862 19.093 0.037 4.19 266.0
2457112.73531 19.338 0.090 5.99 491.0
2457112.79468 19.124 0.061 5.82 393.0
2457112.85803 19.094 0.045 4.75 346.0
2457112.90563 19.084 0.042 4.31 350.0
2457113.73469 19.044 0.047 4.93 393.0
2457113.78142 19.032 0.037 4.40 332.0
2457113.82553 19.163 0.043 4.34 331.0
2457113.88094 19.063 0.035 3.95 290.0
2457114.73828 19.231 0.082 6.61 472.0
2457114.79201 19.042 0.043 4.11 407.0
2457114.84791 19.183 0.046 4.20 375.0
2457114.89390 19.138 0.043 4.19 315.0
2457115.71693 19.219 0.065 4.76 516.0
2457115.76325 19.152 0.057 5.11 419.0
2457115.80657 19.230 0.058 5.13 383.0
2457115.88829 19.144 0.042 4.13 361.0
2457116.71734 19.148 0.070 4.98 679.0
2457116.76948 19.228 0.066 4.75 550.0
2457116.81365 19.179 0.064 5.04 517.0
2457116.87662 19.116 0.050 4.35 507.0
2457116.92166 19.043 0.057 4.14 770.0
2457117.75162 19.049 0.047 4.19 603.0
2457117.79658 19.144 0.047 4.19 501.0
2457117.84141 19.108 0.043 3.69 492.0
2457117.89831 19.097 0.040 3.45 510.0
2457118.75535 19.142 0.062 4.11 950.0
2457118.81018 19.114 0.048 4.12 602.0
2457118.86169 19.222 0.049 3.79 585.0
2457118.91004 19.111 0.045 3.74 518.0
2457119.76547 19.159 0.070 5.22 649.0
2457119.77330 19.293 0.071 4.85 567.0
2457119.81688 19.237 0.071 4.91 531.0
2457119.86082 19.160 0.057 4.39 506.0
2457119.91093 19.149 0.058 4.73 509.0
2457120.75842 19.091 0.064 4.51 829.0
2457120.78181 19.009 0.061 4.25 973.0
2457120.81437 19.058 0.052 4.44 623.0
2457120.85334 19.195 0.051 4.40 478.0
2457125.71851 19.236 0.055 5.40 342.0
2457125.76574 19.165 0.065 6.01 352.0
2457125.81471 19.157 0.043 4.43 350.0
2457125.87237 19.097 0.040 4.04 372.0
2457125.92054 19.186 0.050 4.18 430.0
2457126.72881 19.218 0.051 5.09 309.0
2457126.78136 19.008 0.042 4.77 338.0
2457126.84616 19.152 0.039 3.80 361.0
2457126.91311 19.093 0.038 3.69 408.0
2457127.73480 19.122 0.041 4.32 350.0
2457129.72051 19.104 0.051 5.31 313.0
2457129.76491 19.085 0.048 5.55 283.0
2457129.81793 19.038 0.039 4.84 286.0
2457129.87786 19.177 0.042 4.01 308.0
2457129.91742 19.273 0.058 5.15 319.0
2457130.70213 19.327 0.063 5.83 266.0
2457130.74580 19.134 0.044 4.67 267.0
2457130.79869 19.086 0.046 4.97 272.0
2457130.85310 19.171 0.047 4.75 283.0
2457130.89905 19.160 0.052 4.85 310.0
2457131.68881 18.994 0.049 5.20 369.0
2457131.73244 19.060 0.044 4.51 331.0
2457131.77593 19.083 0.039 4.19 316.0
2457131.83284 19.126 0.035 3.73 293.0
2457131.88973 19.088 0.036 3.51 310.0
2457132.68094 19.135 0.072 6.32 429.0
2457132.72473 18.994 0.042 4.78 355.0
2457132.76806 19.169 0.050 5.08 330.0
2457132.83843 19.123 0.039 4.08 362.0
2457133.82092 19.068 0.045 4.57 342.0
2457133.86893 19.099 0.050 5.06 338.0
2457133.91331 19.052 0.051 5.55 330.0
2457134.68657 19.121 0.055 5.75 362.0
2457134.72338 19.125 0.058 6.14 325.0
2457134.76781 19.192 0.054 5.45 310.0
2457134.82223 19.104 0.049 5.28 321.0
2457134.87937 19.076 0.044 4.69 321.0
2457134.92381 19.134 0.046 4.13 417.0
2457135.71064 19.066 0.038 4.24 338.0
2457135.75419 19.256 0.043 4.33 307.0
2457135.79858 19.059 0.035 4.14 285.0
2457135.86678 19.146 0.036 3.73 279.0
2457135.91128 19.099 0.036 3.64 299.0
2457136.68766 19.059 0.043 4.91 343.0
2457136.73154 19.070 0.049 5.27 347.0
2457136.77497 19.095 0.046 4.86 326.0
2457136.82847 19.069 0.046 4.73 294.0
2457136.88513 19.114 0.048 4.65 313.0
2457136.92949 19.225 0.079 4.88 720.0
2457137.69673 19.078 0.037 4.55 266.0
2457137.74105 19.032 0.034 4.40 268.0
2457137.78548 19.123 0.032 3.56 264.0
2457137.85165 19.131 0.046 4.83 288.0
2457137.89745 19.102 0.053 5.45 319.0
2457138.65639 19.118 0.074 6.68 405.0
2457138.69651 19.234 0.059 5.67 288.0
2457138.74180 19.110 0.050 6.02 271.0
2457138.78592 19.056 0.039 4.36 295.0
2457138.85254 19.096 0.036 3.52 330.0
2457138.89790 19.069 0.043 4.36 349.0
2457139.66322 19.150 0.064 5.88 403.0
2457139.73662 19.049 0.045 4.82 298.0
2457139.77940 19.187 0.053 5.33 291.0
2457139.84288 19.126 0.048 5.00 295.0
2457139.89045 19.026 0.039 4.59 284.0
2457139.93529 19.036 0.080 4.57 1347.0
2457140.68608 19.148 0.051 4.91 363.0
2457140.72614 19.152 0.061 5.78 393.0
2457140.76947 19.100 0.045 4.53 358.0
2457140.83294 19.222 0.067 6.01 353.0
2457140.87794 19.173 0.061 5.47 376.0
2457140.92216 19.077 0.049 4.75 400.0
2457141.68574 19.093 0.044 4.21 362.0
2457141.72974 19.126 0.039 4.19 336.0
2457141.77411 19.053 0.031 3.25 339.0
2457141.83595 19.165 0.037 3.39 338.0
2457141.88695 19.239 0.046 3.61 408.0
2457141.93142 19.142 0.059 4.25 741.0
2457142.68013 19.176 0.044 4.22 365.0
2457142.72601 19.010 0.037 4.29 342.0
2457142.77073 19.199 0.048 4.50 361.0
2457142.82572 19.169 0.046 4.09 324.0
2457142.88129 19.083 0.042 4.11 316.0
2457142.92525 19.227 0.054 4.44 401.0
2457143.67987 19.155 0.051 4.26 417.0
2457143.72286 19.141 0.056 4.72 372.0
2457143.76698 19.064 0.052 5.10 349.0
2457143.81346 19.058 0.044 4.08 365.0
2457143.86796 19.058 0.047 4.38 423.0
2457143.93189 19.074 0.065 4.96 689.0
2457144.67139 19.167 0.065 4.56 550.0
2457144.71384 19.068 0.072 6.28 512.0
2457144.76868 19.266 0.058 4.47 460.0
2457144.84014 19.227 0.075 5.51 529.0
2457145.68871 19.213 0.071 4.71 590.0
2457145.76467 19.435 0.078 4.63 531.0
2457145.80968 19.196 0.054 4.18 501.0
2457145.85611 19.189 0.064 4.92 558.0
2457145.90180 19.093 0.055 4.43 609.0
2457146.63846 19.045 0.074 5.04 1038.0
2457146.67647 19.025 0.059 4.60 811.0
2457146.71344 19.122 0.061 4.46 737.0
2457146.75047 19.159 0.063 4.78 704.0
2457146.78778 19.125 0.056 4.61 678.0
2457146.82841 19.210 0.054 3.65 725.0
2457146.86722 19.117 0.053 3.92 732.0
2457146.90460 19.331 0.069 4.15 749.0
2457147.64499 19.134 0.099 6.31 876.0
2457147.68267 19.196 0.082 5.35 749.0
2457147.72061 19.158 0.076 5.69 665.0
2457147.75798 19.029 0.063 5.23 636.0
2457147.79538 19.178 0.074 5.65 632.0
2457147.83529 19.337 0.083 4.42 886.0
2457147.87494 19.118 0.061 4.42 732.0
2457147.91410 19.001 0.061 4.61 801.0
2457148.87690 19.346 0.100 6.23 724.0
2457151.84401 19.212 0.071 5.71 512.0
2457152.78598 19.123 0.047 4.39 435.0
2457152.83288 19.080 0.054 4.89 451.0
2457152.87804 19.118 0.053 4.73 504.0
2457152.92210 19.019 0.069 6.37 532.0
2457153.64116 19.224 0.058 5.18 373.0
2457153.68541 19.325 0.052 4.70 331.0
2457153.72997 19.037 0.039 4.32 343.0
2457153.77363 19.189 0.040 3.86 386.0
2457153.81936 19.078 0.036 3.41 410.0
2457153.86449 19.089 0.039 3.52 451.0
2457153.91002 19.058 0.053 4.80 493.0
2457154.66411 19.096 0.034 3.60 270.0
2457154.71338 19.126 0.039 4.05 313.0
2457154.75720 19.071 0.038 3.80 362.0
2457154.82049 19.155 0.046 4.02 369.0
2457154.87361 19.152 0.044 4.15 352.0
2457154.91697 19.030 0.042 4.33 396.0
2457155.63289 19.276 0.064 5.14 371.0
2457155.68055 19.132 0.048 4.70 327.0
2457155.72497 19.155 0.044 4.68 300.0
2457155.77161 19.087 0.041 4.50 316.0
2457155.83859 19.069 0.045 4.32 370.0
2457155.88187 19.189 0.053 4.39 408.0
2457155.92544 19.173 0.051 3.84 488.0
2457156.63441 19.150 0.038 3.63 300.0
2457156.67526 19.122 0.044 4.72 293.0
2457156.72078 19.223 0.042 4.72 300.0
2457156.79835 19.137 0.035 3.46 311.0
2457157.61434 19.105 0.043 4.10 345.0
2457157.65850 19.116 0.043 4.34 306.0
2457157.70798 19.068 0.040 4.53 280.0
2457157.76790 19.094 0.038 4.48 283.0
2457157.86996 18.964 0.049 5.28 343.0
2457157.91451 19.225 0.054 4.66 374.0
2457158.65003 19.183 0.053 4.98 317.0
2457158.69427 19.010 0.041 5.06 295.0
2457158.73795 19.139 0.045 4.95 298.0
2457158.79315 19.202 0.053 5.17 304.0
2457158.84903 19.035 0.048 5.19 339.0
2457158.89257 18.985 0.051 5.24 418.0
2457158.93674 19.126 0.067 5.15 615.0
2457159.63668 19.105 0.046 4.52 382.0
2457159.68026 19.072 0.043 4.83 311.0
2457159.72405 19.130 0.050 5.01 337.0
2457159.77959 19.190 0.045 4.29 310.0
2457159.83507 19.030 0.039 4.23 316.0
2457159.87890 19.079 0.047 4.76 318.0
2457159.92351 19.216 0.057 4.74 416.0
2457160.64358 19.119 0.055 5.23 361.0
2457160.68846 19.094 0.048 4.88 338.0
2457160.73179 19.073 0.043 4.58 338.0
2457160.79987 19.162 0.046 4.43 332.0
2457160.84312 19.100 0.040 4.19 284.0
2457160.89098 19.125 0.050 5.03 351.0
2457160.93482 19.247 0.071 5.30 526.0
2457161.63871 19.168 0.057 5.58 327.0
2457161.70141 19.186 0.040 3.95 327.0
2457161.75451 19.127 0.038 4.03 315.0
2457161.81096 19.109 0.039 4.07 306.0
2457161.85532 19.196 0.039 3.66 322.0
2457161.90120 19.020 0.043 4.47 416.0
2457162.59980 19.142 0.048 4.81 311.0
2457162.68907 19.019 0.041 4.24 298.0
2457162.73257 19.105 0.051 4.87 304.0
2457162.79943 19.103 0.047 4.81 303.0
2457162.84346 19.198 0.054 5.51 314.0
2457162.89038 19.151 0.055 5.44 315.0
2457162.93393 19.165 0.062 5.07 457.0
2457163.63892 19.137 0.069 6.27 393.0
2457163.68355 19.261 0.071 6.22 349.0
2457163.72788 19.044 0.049 5.17 378.0
2457163.79263 19.085 0.048 4.79 373.0
2457163.83706 19.237 0.053 4.83 339.0
2457163.88108 19.162 0.066 5.87 393.0
2457163.92481 19.064 0.067 5.93 490.0
2457164.67940 19.122 0.054 5.53 308.0
2457164.74205 19.262 0.058 5.62 287.0
2457164.78938 19.091 0.040 4.50 279.0
2457164.85220 19.177 0.055 5.24 339.0
2457164.89547 19.132 0.061 5.56 405.0
2457164.93908 19.039 0.080 5.77 871.0
2457165.90186 19.345 0.081 5.79 941.0
2457166.63061 19.199 0.070 6.04 383.0
2457166.67391 19.182 0.057 6.07 273.0
2457166.72727 19.133 0.052 5.91 286.0
2457166.78540 19.146 0.048 4.78 319.0
2457166.82972 19.412 0.067 5.07 363.0
2457166.87390 19.085 0.078 7.08 394.0
2457166.91797 19.226 0.065 5.62 415.0
2457168.70352 19.079 0.061 6.61 297.0
2457168.80754 19.308 0.056 5.15 311.0
2457169.61734 19.138 0.046 4.60 336.0
2457169.66171 19.082 0.038 4.55 288.0
2457169.70642 19.112 0.040 4.72 275.0
2457169.77239 19.139 0.035 3.94 258.0
2457169.81702 19.101 0.036 3.99 281.0
2457169.87159 19.065 0.036 4.28 293.0
2457169.91492 19.074 0.047 5.11 356.0
2457170.59038 18.992 0.045 4.86 372.0
2457170.63430 19.247 0.050 4.57 324.0
2457170.67832 19.099 0.045 5.08 312.0
2457170.72271 19.211 0.056 5.48 307.0
2457170.79225 19.041 0.046 5.45 280.0
2457170.83916 19.105 0.044 4.58 326.0
2457170.88224 19.061 0.051 4.95 373.0
2457171.84345 19.176 0.055 5.24 593.0
2457172.57662 19.044 0.071 5.89 603.0
2457172.61997 19.257 0.069 4.87 468.0
2457172.66450 19.218 0.064 5.17 434.0
2457172.70885 19.110 0.050 4.62 414.0
2457172.77490 19.132 0.059 4.75 464.0
2457172.81868 19.131 0.058 4.83 463.0
2457172.86992 19.204 0.067 5.85 368.0
2457172.91379 19.010 0.054 5.11 429.0
2457173.57253 19.066 0.094 6.88 725.0
2457173.62509 19.313 0.085 5.89 580.0
2457173.67079 19.083 0.056 5.04 522.0
2457173.72547 19.120 0.049 4.62 495.0
2457173.79025 19.178 0.062 4.86 550.0
2457173.83707 18.964 0.049 4.58 588.0
2457173.88095 19.071 0.057 4.53 657.0
2457173.92508 19.417 0.080 5.26 541.0
2457174.57893 19.329 0.093 4.98 876.0
2457174.62054 19.130 0.061 4.48 683.0
2457174.66481 19.105 0.059 4.71 618.0
2457174.70861 19.193 0.062 4.98 585.0
2457174.76241 19.134 0.055 4.09 610.0
2457174.80738 19.238 0.071 4.48 689.0
2457174.85091 19.214 0.075 4.58 781.0
2457174.89773 19.050 0.077 5.09 909.0
2457174.94133 19.252 0.084 4.40 1060.0
2457175.60226 19.038 0.073 5.19 880.0
2457175.69329 19.136 0.067 4.56 876.0
2457175.75233 19.111 0.063 4.27 900.0
2457175.84608 18.991 0.051 3.77 727.0
2457175.88765 19.004 0.077 5.11 994.0
2457175.92729 19.212 0.088 5.40 924.0
2457178.66848 19.378 0.080 4.41 731.0
2457178.83994 19.122 0.063 4.84 608.0
2457179.56066 19.275 0.080 5.41 537.0
2457179.60465 19.289 0.089 5.92 485.0
2457179.64771 19.060 0.071 6.01 459.0
2457179.69149 19.055 0.057 5.31 425.0
2457179.73902 19.234 0.060 4.60 408.0
2457179.78363 19.200 0.062 4.90 444.0
2457179.83235 19.148 0.070 5.48 479.0
2457179.87625 19.296 0.076 5.24 527.0
2457179.92076 19.080 0.067 5.17 654.0
2457180.57144 19.196 0.061 5.46 349.0
2457180.61435 19.341 0.087 6.43 408.0
2457180.65732 19.044 0.060 6.37 347.0
2457180.70138 19.179 0.053 4.73 330.0
2457180.74890 19.167 0.057 5.36 333.0
2457180.80010 18.967 0.044 4.59 358.0
2457180.84704 19.201 0.056 4.39 403.0
2457180.89219 19.180 0.061 4.71 496.0
2457181.58108 19.012 0.041 4.79 257.0
2457181.62422 19.078 0.042 4.62 267.0
2457181.69294 19.060 0.043 4.81 314.0
2457181.74020 19.172 0.059 5.66 315.0
2457181.78564 19.158 0.054 5.42 305.0
2457181.83023 19.143 0.057 4.78 359.0
2457181.87777 19.069 0.060 5.48 399.0
2457181.92210 19.197 0.088 6.64 453.0
2457182.56954 19.143 0.058 6.12 257.0
2457182.61285 19.195 0.057 6.18 216.0
2457182.65639 19.113 0.043 5.11 222.0
2457182.72004 19.218 0.061 5.71 301.0
2457182.77614 19.099 0.046 5.00 258.0
2457182.81961 19.089 0.046 4.85 280.0
2457182.86658 19.114 0.047 4.33 346.0
2457182.91160 19.082 0.061 5.65 410.0
2457183.54637 19.087 0.060 6.34 286.0
2457183.59529 19.100 0.045 4.78 245.0
2457183.63899 19.092 0.047 5.03 240.0
2457183.69220 19.036 0.054 6.37 233.0
2457183.75060 19.130 0.056 5.93 263.0
2457183.79388 19.240 0.055 5.48 271.0
2457183.84146 19.186 0.058 5.45 288.0
2457183.88629 19.184 0.065 5.92 329.0
2457184.60236 19.269 0.070 6.08 318.0
2457184.64552 19.031 0.070 7.40 318.0
2457184.68940 19.187 0.062 6.48 260.0
2457184.75635 19.099 0.054 5.82 268.0
2457184.80018 19.150 0.061 6.29 266.0
2457184.84707 19.022 0.050 5.36 296.0
2457184.89148 19.078 0.056 5.68 359.0
2457185.58121 19.241 0.058 5.56 285.0
2457185.62411 19.145 0.059 6.28 300.0
2457185.67694 19.132 0.071 7.15 318.0
2457185.73421 19.163 0.051 5.09 297.0
2457185.77836 19.090 0.048 5.01 303.0
2457185.82132 19.075 0.057 6.02 316.0
2457185.86674 19.035 0.065 6.59 391.0
2457186.58561 19.186 0.057 5.37 306.0
2457186.62931 19.135 0.081 7.53 340.0
2457186.69743 19.082 0.071 7.11 334.0
2457186.82789 19.387 0.076 5.67 374.0
2457186.87139 19.082 0.062 5.81 419.0
2457186.91448 19.179 0.099 7.70 509.0
2457187.57948 19.199 0.058 5.36 321.0
2457187.62351 19.212 0.060 6.14 262.0
2457187.68617 19.182 0.043 4.74 250.0
2457187.73316 19.108 0.043 4.75 284.0
2457187.77782 19.108 0.050 5.26 313.0
2457187.82689 19.204 0.051 5.08 320.0
2457187.86997 19.196 0.054 5.10 373.0
2457188.57876 19.355 0.064 5.20 327.0
2457188.62217 19.109 0.051 5.42 325.0
2457188.66517 19.356 0.072 6.28 308.0
2457188.73619 19.039 0.047 5.00 343.0
2457188.78069 19.121 0.065 6.39 323.0
2457188.82669 19.246 0.075 6.16 398.0
2457189.55254 19.139 0.060 5.58 371.0
2457189.59791 19.092 0.047 4.71 320.0
2457189.66251 19.143 0.045 4.64 304.0
2457189.71039 19.111 0.047 4.72 345.0
2457189.75589 19.109 0.048 4.68 368.0
2457189.80506 19.041 0.045 4.45 404.0
2457189.84856 19.206 0.057 4.81 444.0
2457189.89216 19.172 0.074 5.84 549.0
2457190.53120 19.182 0.067 5.91 432.0
2457190.60919 19.118 0.050 4.70 353.0
2457190.65508 19.042 0.039 3.90 358.0
2457190.72470 19.251 0.058 4.64 347.0
2457190.77118 19.195 0.057 4.83 425.0
2457190.82243 19.221 0.066 4.85 565.0
2457190.86742 19.018 0.054 4.93 565.0
2457191.60656 19.136 0.055 5.31 350.0
2457191.65054 19.027 0.045 4.90 338.0
2457191.79041 19.053 0.063 6.71 319.0
2457191.83592 19.056 0.065 6.78 346.0
2457192.82425 19.093 0.041 4.47 310.0
2457192.85389 19.192 0.062 5.63 370.0
2457193.58000 19.178 0.042 4.04 285.0
2457193.61427 19.156 0.041 4.08 250.0
2457193.66003 19.098 0.034 3.97 240.0
2457193.70084 19.108 0.031 3.53 253.0
2457193.74743 19.225 0.043 3.95 273.0
2457193.80081 19.148 0.038 3.65 328.0
2457193.85069 19.207 0.049 4.36 376.0
2457194.53504 19.061 0.042 4.60 289.0
2457194.58340 18.981 0.038 5.05 251.0
2457194.62792 19.123 0.042 4.81 255.0
2457194.69767 18.995 0.035 4.15 317.0
2457194.74478 18.959 0.038 4.29 368.0
2457194.78921 18.966 0.053 6.16 374.0
2457195.53090 19.195 0.047 4.27 626.0
2457195.56035 19.068 0.038 4.23 528.0
2457195.59238 19.030 0.038 4.74 563.0
2457196.84907 19.210 0.094 7.81 369.0
2457196.86394 19.028 0.063 6.26 381.0
2457197.52621 19.095 0.068 6.36 457.0
2457197.56900 19.025 0.048 5.56 304.0
2457197.61564 19.116 0.043 4.99 249.0
2457197.66051 19.250 0.045 4.62 242.0
2457197.71638 19.002 0.040 5.07 232.0
2457197.76986 19.063 0.050 5.74 258.0
2457197.81431 19.110 0.060 6.15 311.0
2457197.86236 19.337 0.117 7.98 464.0
2457198.53720 19.101 0.062 5.87 392.0
2457198.58000 19.216 0.063 5.98 340.0
2457198.62529 19.019 0.043 4.98 268.0
2457198.68012 19.092 0.044 4.75 279.0
2457198.73725 19.148 0.051 4.96 314.0
2457198.78052 19.113 0.054 5.45 305.0
2457198.82628 18.972 0.094 7.21 762.0
2457199.52799 19.132 0.056 5.38 410.0
2457199.57110 19.144 0.051 5.00 350.0
2457199.61451 19.159 0.045 4.80 312.0
2457199.65903 19.102 0.036 4.10 272.0
2457199.72467 19.199 0.043 4.17 304.0
2457199.76825 19.062 0.039 4.39 281.0
2457199.81129 19.030 0.039 4.16 331.0
2457199.85686 19.120 0.053 4.94 392.0
2457200.49458 18.937 0.056 5.08 612.0
2457200.54062 19.231 0.050 4.07 444.0
2457200.57107 19.082 0.045 4.12 712.0
2457200.59607 19.150 0.045 4.29 405.0
2457200.64044 19.106 0.037 3.96 310.0
2457200.68808 19.167 0.040 3.82 343.0
2457200.73313 19.100 0.044 4.13 387.0
2457200.78036 19.267 0.061 4.84 446.0
2457200.82673 19.118 0.054 4.76 404.0
2457200.88035 19.110 0.053 4.56 766.0
2457202.58430 19.258 0.077 5.11 609.0
2457202.61109 19.061 0.073 5.95 569.0
2457202.69096 19.183 0.082 5.55 657.0
2457202.74139 19.176 0.085 5.75 724.0
2457202.78738 19.325 0.117 6.32 839.0
2457202.84886 19.212 0.109 5.79 1015.0
2457206.55807 19.229 0.083 4.36 869.0
2457206.60254 19.162 0.075 4.54 764.0
2457206.64897 19.078 0.066 4.62 739.0
2457206.70409 19.259 0.088 5.48 734.0
2457206.74708 18.998 0.063 4.82 773.0
2457206.79220 19.100 0.068 4.36 896.0
2457206.83500 19.005 0.083 5.26 1139.0
2457207.52598 19.071 0.058 4.57 696.0
2457207.57053 19.348 0.073 4.75 526.0
2457207.61390 19.193 0.059 4.59 525.0
2457207.66005 19.148 0.056 4.62 475.0
2457207.70595 19.030 0.052 4.65 508.0
2457207.74981 19.196 0.092 6.86 572.0
2457207.79731 19.076 0.086 6.94 671.0
2457207.81776 19.171 0.080 5.16 739.0
2457207.86399 19.441 0.126 5.76 1035.0
2457208.49028 19.166 0.056 5.24 534.0
2457209.62022 19.109 0.056 5.67 417.0
2457209.65229 19.100 0.062 5.99 365.0
2457209.69580 19.074 0.053 5.09 410.0
2457209.73942 19.024 0.053 4.95 418.0
2457209.78327 19.138 0.062 4.56 513.0
2457210.83724 19.044 0.095 8.36 598.0
2457211.47470 19.382 0.093 5.57 582.0
2457211.51753 19.133 0.071 6.17 440.0
2457211.56039 19.091 0.050 5.08 342.0
2457211.60311 19.155 0.045 4.67 280.0
2457211.66104 19.029 0.040 5.17 229.0
2457211.71451 19.118 0.043 4.52 301.0
2457211.75773 19.236 0.059 5.18 361.0
2457211.80149 19.021 0.057 5.80 455.0
2457214.51397 19.107 0.062 5.89 364.0
2457214.56560 19.183 0.052 5.30 302.0
2457214.61303 19.131 0.047 5.25 341.0
2457214.66717 18.944 0.045 5.84 392.0
2457214.72896 19.338 0.075 6.36 316.0
2457217.56678 19.135 0.060 5.83 310.0
2457217.61981 19.094 0.060 6.24 307.0
2457217.74880 19.092 0.067 6.67 275.0
2457217.79031 19.051 0.069 7.04 310.0
2457219.49481 19.181 0.074 6.35 645.0
2457219.55734 19.432 0.111 7.26 425.0
2457219.60676 19.030 0.037 4.29 281.0
2457219.67267 19.143 0.044 4.65 270.0
2457219.71672 19.060 0.045 4.95 285.0
2457220.47016 19.074 0.073 6.17 583.0
2457220.48337 19.133 0.057 5.46 408.0
2457220.52632 19.115 0.048 5.15 340.0
2457220.56923 19.063 0.040 4.75 255.0
2457220.62508 19.093 0.032 3.71 243.0
2457220.68050 19.135 0.033 3.59 259.0
2457220.72459 19.074 0.035 3.85 296.0
2457220.76859 19.164 0.049 4.79 320.0
2457221.48586 19.160 0.059 5.28 384.0
2457221.52993 19.103 0.054 5.65 318.0
2457221.57309 19.217 0.052 4.88 301.0
2457221.62851 19.047 0.039 4.80 229.0
2457221.68279 19.097 0.052 5.79 269.0
2457221.72646 19.169 0.046 4.58 283.0
2457221.77001 19.040 0.041 4.44 295.0
2457222.48834 19.183 0.063 5.93 364.0
2457222.59108 19.104 0.043 4.45 275.0
2457222.64562 19.044 0.046 5.16 295.0
2457222.66210 19.138 0.053 5.80 355.0
2457222.72120 19.112 0.065 6.02 402.0
2457222.77569 19.246 0.066 5.37 512.0
2457223.49979 19.082 0.075 7.07 388.0
2457223.54556 19.012 0.058 6.22 332.0
2457223.58912 18.937 0.046 5.71 300.0
2457223.65393 19.054 0.050 5.63 261.0
2457223.69756 19.102 0.057 6.09 274.0
2457223.74064 19.049 0.064 6.72 314.0
2457224.46574 19.064 0.056 4.47 685.0
2457224.50983 19.124 0.050 5.16 337.0
2457224.55661 19.116 0.048 5.22 292.0
2457224.62787 19.230 0.071 7.08 233.0
2457224.67702 19.173 0.061 6.48 258.0
2457224.73006 19.169 0.071 6.94 310.0
2457224.77293 19.282 0.074 6.23 341.0
2457225.48165 19.282 0.065 5.04 613.0
2457225.52542 19.102 0.044 4.54 347.0
2457225.56883 19.076 0.049 5.05 342.0
2457226.46961 19.177 0.091 6.63 566.0
2457226.51359 19.059 0.054 5.80 305.0
2457226.55739 19.177 0.055 5.32 303.0
2457226.61589 19.036 0.042 4.52 303.0
2457226.66933 19.196 0.042 4.22 260.0
2457226.71302 19.174 0.047 4.84 265.0
2457226.75590 19.084 0.059 6.22 326.0
2457226.79388 19.020 0.059 6.22 354.0
2457227.49656 19.017 0.075 5.99 729.0
2457227.53986 19.162 0.042 4.32 282.0
2457227.59278 19.089 0.036 4.12 279.0
2457227.63923 19.020 0.041 5.10 248.0
2457227.69492 19.158 0.042 4.52 262.0
2457227.73769 19.153 0.053 5.53 278.0
2457227.78190 19.213 0.075 6.75 321.0
2457228.48364 19.114 0.061 5.79 404.0
2457228.52812 19.078 0.059 5.75 424.0
2457228.57185 19.186 0.051 4.73 337.0
2457228.63854 19.136 0.048 4.39 403.0
2457228.68859 19.410 0.091 5.60 814.0
2457228.73472 19.150 0.058 5.75 332.0
2457229.49758 19.047 0.047 4.71 444.0
2457229.54077 19.126 0.048 3.97 523.0
2457229.58417 19.137 0.039 3.79 344.0
2457229.62951 19.197 0.051 4.13 454.0
2457229.67658 19.100 0.049 4.04 562.0
2457229.71997 19.255 0.057 4.20 532.0
2457229.76313 19.175 0.061 4.50 723.0
2457233.49590 19.020 0.075 4.94 877.0
2457233.52557 19.147 0.137 5.29 2432.0
2457233.67787 19.050 0.071 4.58 868.0
2457234.64149 18.942 0.099 7.13 863.0
2457235.51583 19.107 0.094 6.92 621.0
2457235.64784 19.156 0.070 5.54 557.0
2457235.69699 19.094 0.067 5.39 633.0
2457235.74637 19.124 0.075 5.26 806.0
2457236.47585 19.096 0.062 5.72 319.0
2457236.52381 19.380 0.083 5.70 357.0
2457236.57159 19.153 0.067 5.49 428.0
2457236.61030 19.122 0.060 5.14 410.0
2457248.47890 19.085 0.064 6.66 322.0
2457249.47299 19.004 0.089 17.42 404.0
2457249.52978 18.990 0.057 6.46 300.0
2457249.58406 18.986 0.045 5.83 247.0
2457249.62248 19.046 0.053 6.44 227.0
2457249.66060 19.127 0.058 6.33 249.0
2457249.69955 19.125 0.076 16.70 270.0
2457250.55581 19.267 0.059 5.53 389.0
2457250.61545 19.093 0.053 5.87 411.0
2457250.67795 19.062 0.055 6.25 411.0
2457252.53339 18.982 0.053 6.11 344.0
2457252.60107 19.042 0.050 6.05 296.0
2457252.66983 19.199 0.060 6.12 313.0
2457253.50287 19.051 0.055 5.99 310.0
2457253.57102 19.169 0.044 4.71 254.0
2457253.61684 19.069 0.045 5.11 278.0
2457253.66566 19.188 0.057 5.69 327.0
2457255.48971 19.062 0.047 4.81 356.0
2457255.55436 19.135 0.060 5.58 386.0
2457255.60440 19.122 0.059 6.09 313.0
2457255.64808 19.183 0.057 5.83 278.0
2457256.50873 18.968 0.046 4.62 415.0
2457256.57758 19.134 0.081 5.79 695.0
2457256.62167 19.164 0.068 6.14 389.0
2457256.66563 19.053 0.075 6.91 424.0
2457257.57180 19.107 0.071 5.11 882.0
2457257.64118 18.985 0.051 5.17 452.0
2457257.68238 19.003 0.050 4.91 478.0
2457261.51116 18.953 0.092 7.40 663.0
2457261.55724 19.274 0.098 6.53 633.0
2457261.59465 19.151 0.092 6.73 689.0
2457263.48126 19.285 0.063 4.35 593.0
2457263.52918 19.213 0.057 4.23 555.0
2457263.57420 19.204 0.057 4.21 571.0
2457263.61840 19.095 0.057 4.88 539.0
2457263.66317 19.130 0.062 4.74 625.0
2457264.47896 18.971 0.064 5.80 618.0
2457264.53602 19.232 0.071 5.38 503.0
2457264.58089 19.178 0.063 5.11 517.0
2457264.62523 19.192 0.062 5.18 536.0
2457264.68716 19.022 0.071 5.92 693.0
2457265.51301 19.056 0.044 4.16 391.0
2457265.55913 19.105 0.052 4.89 386.0
2457265.60420 19.113 0.051 4.63 409.0
2457265.67608 19.014 0.056 4.95 505.0
2457266.48254 19.141 0.092 8.26 372.0
2457267.47720 19.159 0.080 6.81 483.0
2457267.53483 19.068 0.056 5.86 310.0
2457267.59129 19.204 0.058 5.33 316.0
2457267.63662 19.051 0.052 5.42 350.0
2457268.47834 19.239 0.061 5.20 391.0
2457268.53364 19.199 0.041 4.25 281.0
2457268.60639 19.062 0.036 4.20 269.0
2457268.64999 19.180 0.045 4.24 350.0
2457269.50212 19.133 0.052 5.66 300.0
2457269.55658 19.064 0.046 5.26 293.0
2457269.62482 19.159 0.050 5.59 311.0
2457269.66366 19.121 0.060 5.92 331.0
2457270.47783 19.009 0.052 5.34 418.0
2457270.52420 19.003 0.042 4.87 303.0
2457270.57798 19.058 0.043 4.84 279.0
2457270.61767 19.275 0.064 5.98 279.0
2457270.67883 19.090 0.057 6.23 316.0
2457271.51536 19.052 0.078 7.57 333.0
2457271.56330 19.145 0.061 6.26 277.0
2457271.63011 19.262 0.063 5.82 292.0
2457272.51560 19.235 0.077 6.76 314.0
2457272.55928 19.110 0.069 6.33 375.0
2457273.53412 19.207 0.082 7.30 320.0
2457273.57991 19.027 0.066 6.92 347.0
2457273.63482 19.147 0.061 5.77 342.0
2457275.53688 19.054 0.094 7.32 706.0
2457275.59126 19.012 0.076 6.34 665.0
2457275.63570 19.074 0.089 6.68 682.0
2457277.49696 19.239 0.081 7.31 281.0
2457277.54121 19.171 0.063 6.54 266.0
2457277.60673 19.252 0.077 6.95 273.0
2457277.65225 19.005 0.068 7.52 311.0
2457278.48009 19.264 0.112 7.98 509.0
2457278.52440 19.057 0.078 7.43 353.0
2457278.59614 19.072 0.059 6.13 328.0
2457278.63907 19.220 0.081 7.75 286.0
2457281.48859 19.193 0.091 7.70 328.0
2457281.53728 19.094 0.072 7.28 307.0
2457283.57308 19.318 0.101 8.21 352.0
2457284.48001 19.093 0.061 6.67 436.0
2457284.54660 19.050 0.051 5.84 383.0
2457284.60687 18.937 0.054 6.14 600.0
2457291.54283 19.454 0.147 8.46 588.0
2457292.50194 19.414 0.129 7.34 596.0
2457292.57375 19.258 0.117 7.15 736.0
2457293.48227 18.979 0.099 5.73 1233.0
2457293.53122 19.098 0.067 5.47 623.0
2457294.54247 19.137 0.095 8.39 520.0
2457295.50273 19.231 0.087 7.39 350.0
2457295.57601 19.205 0.072 6.12 535.0
2457296.54283 19.443 0.119 12.24 343.0
2457299.49221 19.037 0.067 6.97 423.0
2457299.54144 19.089 0.064 6.70 408.0
2457300.52117 19.084 0.075 7.77 432.0
2457307.52931 19.276 0.103 8.27 406.0
2457311.48498 19.007 0.095 4.95 1953.0
2457311.53142 19.125 0.057 5.42 401.0
2457312.50674 19.141 0.084 6.41 675.0
2457317.50750 19.259 0.100 6.88 610.0
2457318.50662 19.221 0.075 5.18 637.0
2457320.50682 18.949 0.099 8.46 708.0
2457412.87395 19.143 0.134 7.48 1251.0
2457415.86471 19.060 0.082 7.30 532.0
2457416.86347 19.070 0.095 7.30 748.0
2457424.85432 19.092 0.042 5.02 357.0
2457425.84936 19.028 0.059 5.87 455.0
2457426.84872 19.210 0.091 7.30 453.0
2457427.84322 19.148 0.063 5.88 401.0
2457427.88662 18.996 0.080 6.12 911.0
2457428.83894 19.099 0.044 4.93 358.0
2457428.87905 19.087 0.046 5.00 412.0
2457430.85970 19.082 0.049 5.22 562.0
2457432.83736 19.066 0.046 4.95 339.0
2457433.83589 19.254 0.058 5.61 342.0
2457434.89144 19.419 0.097 4.94 964.0
2457435.83852 19.029 0.073 7.49 490.0
2457436.83211 19.109 0.056 5.75 321.0
2457437.83096 19.122 0.042 4.87 298.0
2457437.87111 19.197 0.051 6.08 258.0
2457438.82563 19.008 0.058 6.07 517.0
2457438.86444 19.165 0.052 5.29 323.0
2457439.82367 19.290 0.093 6.07 584.0
2457439.86473 19.203 0.070 5.77 454.0
2457440.82089 19.113 0.056 4.25 695.0
2457440.86314 19.220 0.059 4.31 560.0
2457441.82028 19.089 0.073 5.61 667.0
2457441.86516 19.234 0.061 4.83 535.0
2457442.81269 19.172 0.089 6.37 627.0
2457442.85776 19.229 0.070 5.24 536.0
2457443.81240 19.040 0.070 5.86 598.0
2457443.89902 19.165 0.076 6.01 583.0
2457444.81112 19.377 0.089 6.17 516.0
2457445.80989 19.220 0.077 6.08 511.0
2457445.84721 19.216 0.061 5.62 428.0
2457445.88690 19.210 0.059 5.75 369.0
2457446.83158 19.100 0.047 4.96 410.0
2457446.87151 19.162 0.045 4.72 378.0
2457447.80651 19.206 0.059 4.97 455.0
2457447.84335 19.059 0.047 4.71 378.0
2457447.88113 19.050 0.044 4.59 370.0
2457448.82112 19.050 0.055 6.30 473.0
2457448.86369 19.106 0.054 5.99 486.0
2457448.90894 19.193 0.077 5.90 987.0
2457451.81104 19.194 0.063 5.11 678.0
2457451.86952 19.024 0.060 5.52 593.0
2457452.79642 19.063 0.043 4.43 366.0
2457452.84159 19.085 0.039 4.39 313.0
2457452.88838 19.094 0.040 5.12 272.0
2457453.80896 19.115 0.037 4.19 313.0
2457453.86304 19.210 0.041 4.23 282.0
2457453.90698 19.039 0.066 4.19 1307.0
2457454.88867 18.989 0.046 5.76 274.0
2457455.81700 19.134 0.049 5.70 274.0
2457455.86196 19.085 0.054 6.35 270.0
2457456.79046 19.042 0.058 6.01 383.0
2457456.83702 19.211 0.057 5.58 329.0
2457456.89163 19.117 0.050 5.41 312.0
2457457.79873 19.200 0.056 4.90 398.0
2457457.84811 19.075 0.055 5.40 390.0
2457457.90285 19.020 0.058 6.33 418.0
2457458.81242 19.140 0.061 6.10 321.0
2457458.86706 19.229 0.058 6.02 260.0
2457460.78062 19.217 0.059 5.80 335.0
2457460.82645 19.114 0.048 5.25 339.0
2457460.88219 19.203 0.047 5.15 298.0
2457461.78394 19.074 0.041 4.48 330.0
2457461.82849 19.235 0.043 4.91 283.0
2457461.89229 19.108 0.039 4.83 269.0
2457462.78165 19.116 0.052 5.34 388.0
2457462.83019 19.057 0.042 4.79 310.0
2457462.88964 19.098 0.039 4.40 274.0
2457463.82760 19.174 0.045 4.83 297.0
2457463.88945 19.110 0.042 4.95 295.0
2457464.84129 18.983 0.037 4.45 347.0
2457465.78450 19.055 0.045 4.94 339.0
2457465.82923 19.006 0.046 5.18 363.0
2457465.88331 19.128 0.051 5.56 345.0
2457466.85513 19.125 0.045 5.08 372.0
2457466.90493 19.060 0.041 4.50 339.0
2457467.82924 19.273 0.067 6.26 318.0
2457467.87475 19.048 0.039 4.87 260.0
2457470.75394 19.064 0.085 6.84 581.0
2457470.80085 19.170 0.060 5.21 502.0
2457470.84545 19.229 0.075 6.33 461.0
2457470.89969 19.080 0.046 4.55 432.0
2457471.76705 19.172 0.074 5.66 591.0
2457471.81106 19.325 0.074 5.18 532.0
2457471.86798 19.103 0.060 5.84 475.0
2457471.91196 19.209 0.061 4.76 512.0
2457472.77672 19.362 0.075 5.20 499.0
2457472.82143 19.284 0.066 5.22 454.0
2457472.87655 19.135 0.056 5.14 424.0
2457473.74938 19.054 0.074 6.46 627.0
2457473.85902 19.380 0.081 6.27 538.0
2457474.76834 19.182 0.073 6.12 539.0
2457474.80758 19.164 0.063 5.71 490.0
2457474.84555 19.274 0.067 5.81 465.0
2457474.88386 19.105 0.062 5.82 464.0
2457475.74158 19.169 0.086 6.04 704.0
2457475.90788 19.223 0.064 5.27 493.0
2457480.85772 19.054 0.073 7.54 337.0
2457484.75637 19.036 0.051 6.40 278.0
2457484.85990 19.210 0.057 5.91 281.0
2457485.77481 19.238 0.065 6.56 250.0
2457485.88040 19.102 0.045 5.37 256.0
2457486.78125 19.246 0.064 6.00 304.0
2457486.89096 19.004 0.055 6.14 313.0
2457487.77492 19.060 0.052 6.19 318.0
2457487.89499 19.142 0.051 5.27 339.0
2457488.77579 19.075 0.045 5.81 260.0
2457488.90019 19.104 0.041 4.16 379.0
2457489.80548 19.169 0.051 5.52 350.0
2457489.92299 19.126 0.052 5.06 340.0
2457491.78776 19.125 0.053 6.44 281.0
2457491.90872 19.009 0.031 3.89 256.0
2457492.77618 18.972 0.038 4.96 279.0
2457492.89677 19.192 0.040 3.91 314.0
2457493.76379 19.216 0.049 5.70 251.0
2457493.88428 19.115 0.039 4.72 234.0
2457494.74539 19.143 0.045 4.86 266.0
2457494.86980 19.188 0.041 4.07 295.0
2457495.71649 19.069 0.055 5.57 354.0
2457495.83392 19.151 0.057 6.07 288.0
2457497.85825 19.079 0.048 4.89 366.0
2457498.71814 19.240 0.066 5.17 469.0
2457498.85527 19.237 0.068 5.60 428.0
2457499.70885 19.122 0.061 5.50 537.0
2457499.80897 19.199 0.061 5.64 439.0
2457499.91024 19.139 0.056 4.97 456.0
2457500.75000 19.093 0.068 5.91 539.0
2457500.85017 19.300 0.079 5.43 522.0
2457507.75930 19.196 0.055 5.27 351.0
2457507.86486 19.079 0.041 3.99 409.0
2457508.68477 19.235 0.044 4.65 282.0
2457508.69888 19.102 0.039 4.64 289.0
2457508.80774 19.160 0.037 3.96 294.0
2457508.91051 19.026 0.043 4.92 363.0
2457509.80243 19.108 0.048 5.40 308.0
2457509.90469 19.271 0.071 6.24 370.0
2457509.91888 19.029 0.049 5.41 388.0
2457511.75561 19.165 0.037 4.04 277.0
2457511.87714 18.977 0.040 4.64 352.0
2457512.83596 19.034 0.039 4.64 269.0
2457519.81493 19.046 0.053 5.65 401.0
2457522.88263 19.054 0.078 7.21 448.0
2457523.88091 19.131 0.053 5.55 334.0
2457526.65110 19.181 0.061 5.07 505.0
2457526.77496 18.994 0.048 4.59 650.0
2457526.89522 19.075 0.069 6.52 474.0
2457528.88672 19.168 0.085 6.02 703.0
2457529.78676 19.192 0.115 7.67 658.0
2457530.74494 19.092 0.063 4.63 804.0
2457534.72774 19.066 0.049 5.05 393.0
2457534.84158 19.130 0.054 5.13 454.0
2457536.61251 19.076 0.064 6.83 332.0
2457536.73794 19.185 0.049 4.60 317.0
2457536.83809 19.174 0.055 5.24 350.0
2457545.75020 19.148 0.053 5.58 290.0
2457545.88252 19.252 0.063 5.55 358.0
2457546.67139 19.103 0.055 6.74 215.0
2457546.80601 19.188 0.055 5.75 279.0
2457546.90455 19.124 0.076 6.48 507.0
2457547.54911 19.290 0.082 7.00 315.0
2457547.65793 19.093 0.044 5.80 217.0
2457547.79961 19.156 0.049 5.95 228.0
2457547.89809 19.098 0.080 7.97 334.0
2457548.79457 19.316 0.051 5.40 283.0
2457549.67268 19.145 0.039 4.78 211.0
2457549.81065 19.124 0.046 5.69 250.0
2457549.90871 19.265 0.074 7.17 366.0
2457550.66356 19.124 0.070 7.37 251.0
2457550.80318 19.144 0.051 5.39 359.0
2457550.90215 19.167 0.082 6.75 554.0
2457554.56473 19.342 0.114 6.74 1373.0
2457554.73745 19.157 0.062 6.14 388.0
2457555.59967 19.173 0.065 6.19 411.0
2457555.70705 19.014 0.043 4.68 402.0
2457555.80967 19.216 0.055 5.26 362.0
2457557.64811 19.251 0.059 4.06 538.0
2457557.70089 18.986 0.057 4.84 705.0
2457557.77174 19.149 0.063 5.44 641.0
2457561.51960 19.174 0.089 6.04 760.0
2457561.65560 19.243 0.082 4.36 1206.0
2457561.77283 19.175 0.063 5.31 594.0
2457562.53312 18.921 0.069 5.91 771.0
2457562.64932 19.092 0.057 4.78 737.0
2457566.61453 19.236 0.083 7.56 310.0
2457566.72697 18.990 0.042 5.57 242.0
2457566.82613 19.277 0.073 6.06 419.0
2457567.53441 19.282 0.069 5.74 435.0
2457567.65369 19.057 0.043 4.57 361.0
2457567.75600 19.125 0.056 5.65 371.0
2457567.85432 19.156 0.082 6.63 538.0
2457568.62841 19.166 0.051 5.75 246.0
2457568.75482 19.062 0.067 7.18 304.0
2457569.52308 19.152 0.076 7.44 365.0
2457569.54590 19.151 0.064 6.25 284.0
2457569.65638 19.168 0.046 4.98 285.0
2457569.77232 19.068 0.055 6.07 320.0
2457570.59647 18.968 0.035 5.05 318.0
2457570.69395 19.044 0.049 6.03 229.0
2457570.73622 19.260 0.056 5.90 266.0
2457570.78404 19.054 0.054 6.63 293.0
2457570.84520 19.241 0.089 8.09 350.0
2457573.60445 19.087 0.051 6.09 236.0
2457573.65543 19.131 0.046 5.41 212.0
2457573.70932 19.267 0.060 6.46 219.0
2457575.53705 19.003 0.057 6.95 254.0
2457575.58628 19.230 0.071 7.16 234.0
2457575.63890 19.133 0.055 6.58 236.0
2457575.68900 19.091 0.036 4.44 210.0
2457575.72841 19.154 0.046 5.21 243.0
2457575.76702 19.063 0.043 5.37 244.0
2457575.80537 19.178 0.054 5.74 285.0
2457576.50514 19.007 0.044 5.27 300.0
2457576.57322 19.156 0.046 5.52 220.0
2457576.63053 19.061 0.031 4.13 206.0
2457576.67252 19.237 0.047 5.02 224.0
2457576.71112 19.194 0.048 5.46 222.0
2457576.74953 19.046 0.048 6.22 223.0
2457576.78759 19.118 0.056 6.29 247.0
2457576.82607 19.082 0.061 6.82 308.0
2457577.54413 19.173 0.073 7.42 256.0
2457577.58824 19.104 0.048 5.66 297.0
2457579.61668 19.168 0.050 5.65 265.0
2457579.67171 19.281 0.047 5.22 261.0
2457579.72574 19.181 0.069 7.03 277.0
2457579.76634 19.201 0.056 6.21 276.0
2457581.75087 19.098 0.048 5.71 311.0
2457581.80669 19.020 0.058 6.72 327.0
2457582.65779 19.333 0.085 6.85 377.0
2457582.72987 19.031 0.051 6.26 271.0
2457583.75641 19.190 0.064 6.04 327.0
2457584.50073 19.277 0.075 5.61 441.0
2457584.53901 19.177 0.065 5.56 432.0
2457584.57768 19.067 0.066 6.21 420.0
2457584.61608 19.064 0.059 5.73 386.0
2457584.65649 19.215 0.065 5.79 383.0
2457584.69443 19.119 0.067 6.26 396.0
2457584.73278 19.134 0.059 5.56 426.0
2457584.78309 19.117 0.067 6.24 476.0
2457589.49871 19.143 0.083 5.88 702.0
2457589.54415 19.122 0.071 5.36 664.0
2457589.58301 18.916 0.063 5.77 666.0
2457589.62749 19.080 0.067 5.63 610.0
2457589.67239 19.246 0.088 6.31 596.0
2457589.71056 19.409 0.098 5.95 632.0
2457589.75694 19.053 0.095 7.06 754.0
2457589.79524 19.396 0.128 6.69 957.0
2457590.47185 19.217 0.100 6.84 590.0
2457590.50972 19.204 0.058 4.73 497.0
2457590.54750 19.120 0.047 4.07 521.0
2457590.58600 19.136 0.046 4.11 462.0
2457590.62913 19.114 0.049 4.64 400.0
2457590.67010 19.028 0.050 5.35 428.0
2457590.70781 19.067 0.062 5.82 564.0
2457590.76006 19.140 0.067 6.18 518.0
2457591.50471 19.093 0.051 4.76 665.0
2457591.55662 19.312 0.133 6.99 1039.0
2457593.48498 19.099 0.056 6.31 245.0
2457593.53268 19.201 0.052 5.69 228.0
2457593.57923 19.113 0.044 5.26 222.0
2457593.62536 19.169 0.052 5.68 230.0
2457593.66338 19.235 0.046 5.06 232.0
2457593.70056 19.092 0.043 5.50 240.0
2457593.73923 19.028 0.041 5.57 258.0
2457593.77660 19.243 0.056 5.98 294.0
2457595.57691 18.987 0.062 7.37 273.0
2457595.70940 19.347 0.097 7.73 335.0
2457596.50557 19.028 0.036 4.60 246.0
2457596.55503 19.177 0.034 4.21 340.0
2457597.58446 19.037 0.043 5.89 426.0
2457599.51121 19.104 0.063 6.09 308.0
2457599.59320 19.056 0.058 6.90 229.0
2457599.63609 19.240 0.061 5.84 248.0
2457599.71700 19.230 0.066 6.43 263.0
2457599.75866 19.176 0.061 6.18 281.0
2457600.52017 19.009 0.064 6.81 282.0
2457600.58594 18.996 0.054 6.21 270.0
2457600.67786 19.159 0.056 6.30 246.0
2457601.74132 19.150 0.060 6.74 238.0
2457602.49741 19.068 0.061 6.41 304.0
2457602.54296 19.083 0.061 6.58 267.0
2457602.58227 19.215 0.058 5.92 247.0
2457602.63956 19.179 0.061 6.37 256.0
2457602.67730 19.097 0.050 5.80 258.0
2457602.71462 19.118 0.064 6.73 283.0
2457602.75438 19.156 0.073 6.85 347.0
2457603.47247 19.060 0.051 5.26 371.0
2457603.51000 19.042 0.051 6.24 236.0
2457603.55691 19.075 0.044 5.24 227.0
2457603.60469 19.003 0.041 5.77 223.0
2457603.64255 19.146 0.041 5.13 210.0
2457603.68013 19.053 0.041 5.55 212.0
2457603.71989 19.183 0.059 6.59 240.0
2457603.75755 19.242 0.071 7.19 260.0
2457604.48005 19.105 0.061 6.46 299.0
2457604.52088 19.142 0.063 6.41 294.0
2457604.55823 19.129 0.042 4.54 271.0
2457604.59825 19.071 0.041 5.23 214.0
2457604.63634 19.128 0.047 6.26 205.0
2457604.67477 19.062 0.050 6.49 208.0
2457604.71224 19.116 0.049 5.61 237.0
2457604.75046 19.189 0.058 6.17 263.0
2457605.48726 19.035 0.044 5.66 240.0
2457605.52951 19.082 0.043 5.21 232.0
2457605.58127 19.134 0.051 6.34 219.0
2457605.62823 19.147 0.054 6.30 239.0
2457605.66597 19.121 0.056 6.40 261.0
2457605.70350 19.202 0.066 6.76 280.0
2457605.74079 19.174 0.064 6.45 329.0
2457606.68947 19.154 0.063 6.80 243.0
2457607.50238 19.117 0.056 6.22 269.0
2457607.56780 19.119 0.055 6.27 242.0
2457607.61350 18.957 0.046 6.22 213.0
2457607.65715 19.173 0.048 5.17 205.0
2457607.70076 19.123 0.048 5.61 220.0
2457607.74259 19.112 0.065 7.16 257.0
2457608.48859 18.972 0.049 5.99 249.0
2457608.54677 19.073 0.041 4.73 227.0
2457608.61975 19.081 0.039 4.69 248.0
2457608.66408 19.102 0.044 5.10 239.0
2457608.70847 19.089 0.051 5.72 277.0
2457608.75128 19.024 0.062 6.70 330.0
2457609.48957 19.062 0.057 5.93 284.0
2457609.53384 19.126 0.061 6.20 305.0
2457609.60045 19.184 0.049 5.29 247.0
2457609.64453 19.167 0.051 5.40 263.0
2457609.69392 19.007 0.055 6.11 296.0
2457610.50356 19.130 0.060 5.85 300.0
2457610.55466 19.144 0.057 5.74 291.0
2457610.61860 19.050 0.049 5.80 288.0
2457610.66253 19.091 0.048 5.50 326.0
2457610.70655 19.352 0.067 5.71 350.0
2457611.52390 19.148 0.074 5.26 731.0
2457611.63336 19.136 0.061 6.21 298.0
2457611.67915 19.128 0.072 6.92 346.0
2457612.48114 19.163 0.088 7.30 459.0
2457612.52157 19.133 0.080 5.42 845.0
2457612.56164 18.971 0.053 5.68 424.0
2457612.59991 19.022 0.064 5.43 665.0
2457612.63753 19.009 0.072 6.49 583.0
2457612.67538 19.318 0.101 6.71 676.0
2457612.71299 19.221 0.076 6.30 480.0
2457616.48313 19.151 0.073 5.67 565.0
2457616.52997 19.131 0.098 5.17 1412.0
2457616.57696 19.067 0.057 5.54 488.0
2457616.62335 19.217 0.064 5.72 491.0
2457616.67609 19.270 0.073 5.79 563.0
2457617.51263 19.130 0.079 6.62 501.0
2457617.56053 19.053 0.071 6.26 478.0
2457617.60470 19.226 0.086 6.14 517.0
2457617.64847 19.067 0.065 5.87 535.0
2457618.47514 19.098 0.079 5.84 654.0
2457618.52025 19.231 0.071 5.24 535.0
2457618.56578 19.116 0.057 4.86 486.0
2457618.60940 19.136 0.074 6.28 513.0
2457618.65312 19.136 0.074 5.57 571.0
2457618.69496 19.007 0.074 5.94 719.0
2457619.55638 19.159 0.077 6.80 407.0
2457621.48860 18.992 0.053 6.73 266.0
2457621.55238 19.162 0.053 5.46 304.0
2457621.60268 19.159 0.057 5.98 300.0
2457621.65190 19.061 0.059 6.10 367.0
2457621.69861 19.195 0.084 7.25 384.0
2457622.50996 19.147 0.050 5.69 244.0
2457622.55919 19.078 0.044 4.96 242.0
2457622.61355 19.025 0.048 5.36 322.0
2457622.66720 18.995 0.041 4.28 326.0
2457622.70319 19.036 0.049 5.20 368.0
2457623.48838 19.190 0.067 6.42 324.0
2457623.53517 19.108 0.050 5.27 283.0
2457623.59853 19.115 0.046 5.47 255.0
2457623.64274 19.188 0.056 5.86 285.0
2457623.68676 18.988 0.055 6.55 327.0
2457624.47536 19.306 0.081 5.82 480.0
2457624.52287 19.164 0.048 5.02 281.0
2457624.58655 19.146 0.057 6.29 264.0
2457624.63474 19.101 0.052 6.22 265.0
2457624.68143 19.196 0.063 6.57 311.0
2457625.50838 19.194 0.052 5.24 291.0
2457625.58021 19.027 0.043 5.27 290.0
2457625.62409 19.052 0.052 6.23 266.0
2457625.67826 19.093 0.061 7.05 257.0
2457626.51132 19.176 0.055 5.09 313.0
2457626.56536 19.128 0.057 6.39 293.0
2457626.63198 19.028 0.050 6.39 279.0
2457626.67672 19.269 0.064 6.16 303.0
2457630.53173 19.205 0.051 5.20 255.0
2457630.57656 19.095 0.051 5.92 255.0
2457630.62112 18.905 0.042 5.89 260.0
2457631.52331 19.158 0.044 4.62 279.0
2457631.56843 19.012 0.037 4.85 256.0
2457631.61306 19.078 0.040 5.04 263.0
2457631.65662 18.952 0.041 5.76 269.0
2457632.52297 19.085 0.042 4.77 237.0
2457632.56793 19.177 0.053 5.62 268.0
2457632.61288 19.061 0.048 5.75 275.0
2457632.65560 19.085 0.062 6.32 308.0
2457633.58032 19.142 0.072 7.14 285.0
2457633.62578 19.149 0.064 6.64 285.0
2457634.51141 19.076 0.069 7.50 241.0
2457634.55700 18.990 0.059 7.20 235.0
2457635.48311 19.301 0.085 6.79 339.0
2457635.54229 19.074 0.063 6.71 290.0
2457635.59425 19.230 0.064 6.35 277.0
2457636.49812 19.082 0.072 7.37 301.0
2457636.55006 19.096 0.066 7.00 298.0
2457636.59524 19.017 0.063 7.32 290.0
2457636.63715 19.024 0.054 6.23 306.0
2457637.50695 19.087 0.061 6.88 267.0
2457637.55567 19.165 0.052 5.84 251.0
2457637.59953 19.081 0.046 5.48 269.0
2457637.64148 19.155 0.068 6.83 323.0
2457638.52245 19.056 0.068 6.95 470.0
2457638.58081 19.080 0.062 6.27 467.0
2457639.48152 19.121 0.086 7.02 455.0
2457639.53581 18.975 0.059 6.15 355.0
2457639.59068 19.075 0.047 5.10 327.0
2457639.63459 19.009 0.049 6.05 358.0
2457643.58380 19.268 0.126 7.55 656.0
2457645.48245 19.207 0.120 7.45 824.0
2457645.53234 19.142 0.115 6.35 1201.0
2457647.51913 18.931 0.084 6.93 678.0
2457647.56479 19.242 0.076 6.19 538.0
2457647.61547 19.170 0.106 7.74 627.0
2457648.52989 19.241 0.086 6.65 461.0
2457648.61715 19.052 0.072 6.15 625.0
2457649.52450 19.084 0.051 5.11 469.0
2457649.56941 19.097 0.058 5.36 483.0
2457649.61344 19.298 0.076 5.96 560.0
2457650.48152 19.235 0.063 5.16 484.0
2457651.53640 18.986 0.051 5.92 401.0
2457652.56466 19.290 0.063 6.11 316.0
2457653.60174 19.097 0.052 6.01 321.0
2457656.48412 19.102 0.073 6.22 522.0
2457657.59079 19.088 0.056 6.11 380.0
2457660.54070 19.183 0.082 7.33 394.0
2457662.48705 19.104 0.079 7.15 474.0
2457664.55737 18.949 0.082 7.82 496.0
2457666.52707 19.122 0.080 7.68 413.0
2457671.54800 19.233 0.095 7.22 517.0
2457679.53120 18.978 0.084 7.78 554.0
2457790.86809 19.116 0.062 6.06 394.0
2457790.88360 19.129 0.068 4.95 862.0
2457791.86319 19.194 0.054 5.09 356.0
2457792.85947 19.134 0.062 5.61 509.0
2457793.85690 19.063 0.058 5.26 580.0
2457793.88830 19.021 0.064 4.95 917.0
2457794.85764 19.078 0.087 6.57 699.0
2457795.86263 19.004 0.077 6.40 707.0
2457796.86656 19.322 0.067 4.64 543.0
2457797.87181 19.145 0.069 5.23 674.0
2457798.87149 18.998 0.050 4.72 449.0
2457799.86674 19.162 0.077 6.29 497.0
2457800.85073 19.290 0.070 5.66 433.0
2457801.84121 19.027 0.077 6.10 657.0
2457801.88654 19.222 0.076 5.25 585.0
2457802.88443 19.124 0.089 7.51 547.0
2457803.86770 19.257 0.093 4.88 1151.0
2457807.82750 19.093 0.056 5.89 317.0
2457807.87412 19.199 0.058 5.93 306.0
2457808.83066 19.255 0.070 6.05 338.0
2457809.83752 19.132 0.059 5.67 378.0
2457809.88517 19.200 0.058 5.64 305.0
2457810.83432 19.119 0.051 5.09 359.0
2457810.88176 19.052 0.049 5.23 297.0
2457811.83993 19.210 0.056 5.24 329.0
2457811.88520 19.162 0.053 5.44 294.0
2457812.85614 19.112 0.047 4.85 344.0
2457812.90097 18.974 0.046 4.77 420.0
2457813.84555 19.121 0.052 4.69 403.0
2457814.85551 19.268 0.050 4.65 304.0
2457814.90313 19.149 0.066 4.94 743.0
2457815.86914 19.121 0.048 4.98 316.0
2457816.81377 19.226 0.073 6.59 341.0
2457816.85895 19.176 0.052 5.47 308.0
2457817.81019 19.071 0.048 4.93 387.0
2457817.85547 19.170 0.046 4.82 356.0
2457817.90067 19.128 0.050 4.84 458.0
2457818.84167 19.323 0.056 4.50 334.0
2457818.88676 19.087 0.041 4.65 298.0
2457819.82145 19.039 0.046 5.40 311.0
2457819.87323 19.174 0.048 5.36 283.0
2457820.83012 19.096 0.051 5.15 363.0
2457820.87595 19.116 0.048 5.12 340.0
2457821.81451 19.085 0.057 5.04 443.0
2457821.85884 19.050 0.054 5.35 358.0
2457822.80688 19.162 0.071 5.52 569.0
2457822.85150 18.979 0.056 5.90 431.0
2457822.89625 19.112 0.049 5.30 325.0
2457823.83682 19.246 0.061 4.53 506.0
2457823.88140 19.116 0.053 4.88 427.0
2457824.83279 19.256 0.078 5.94 527.0
2457824.87754 19.103 0.070 6.37 472.0
2457825.82449 19.220 0.065 5.31 539.0
2457825.86911 19.193 0.062 5.25 461.0
2457826.78293 19.288 0.082 5.50 629.0
2457826.82802 19.192 0.081 6.18 554.0
2457826.87270 19.148 0.073 6.26 502.0
2457827.80203 19.176 0.060 4.82 488.0
2457827.84635 19.145 0.056 5.09 429.0
2457827.89113 19.224 0.057 4.95 410.0
2457828.81568 19.112 0.058 5.19 489.0
2457828.86014 19.068 0.050 4.81 435.0
2457828.90501 19.131 0.054 4.99 426.0
2457829.84214 19.166 0.072 5.86 577.0
2457830.80072 19.010 0.082 5.03 1521.0
2457830.84177 19.018 0.062 5.28 720.0
2457830.88011 19.116 0.061 5.14 616.0
2457834.78728 19.312 0.084 6.98 334.0
2457834.83371 19.231 0.059 6.03 303.0
2457834.88089 19.115 0.058 6.04 285.0
2457835.75505 19.127 0.062 6.78 254.0
2457835.82751 19.107 0.082 8.18 278.0
2457835.87927 19.145 0.057 6.04 271.0
2457836.75970 19.167 0.077 7.16 313.0
2457836.81658 19.182 0.075 7.53 261.0
2457836.86564 19.132 0.053 6.33 249.0
2457836.91357 19.124 0.069 6.25 412.0
2457837.78370 19.060 0.050 6.04 251.0
2457837.83003 19.029 0.050 6.17 239.0
2457837.87689 19.091 0.042 4.98 257.0
2457838.75333 19.004 0.055 6.21 331.0
2457838.79941 19.004 0.051 6.09 301.0
2457838.85494 19.146 0.051 5.67 301.0
2457838.90277 19.129 0.044 4.85 283.0
2457839.76117 19.137 0.043 4.75 241.0
2457839.82055 19.173 0.043 5.08 231.0
2457839.86969 19.010 0.036 4.77 226.0
2457840.74186 19.184 0.058 5.65 301.0
2457840.78949 19.174 0.053 5.64 242.0
2457840.84609 18.960 0.040 5.32 254.0
2457840.89362 19.122 0.040 4.72 249.0
2457841.77100 19.297 0.088 7.68 260.0
2457841.81706 19.217 0.073 7.34 249.0
2457841.86247 19.136 0.072 7.30 267.0
2457842.76429 19.003 0.054 6.92 257.0
2457842.81069 19.006 0.049 6.31 255.0
2457842.85721 19.105 0.057 6.43 277.0
2457842.91128 19.068 0.051 5.68 287.0
2457843.76873 19.162 0.051 5.77 241.0
2457843.82412 19.024 0.049 6.26 230.0
2457843.87105 19.147 0.045 5.37 218.0
2457843.92051 19.120 0.054 5.48 326.0
2457844.76529 19.148 0.049 5.83 241.0
2457844.82071 19.184 0.075 7.45 244.0
2457844.86632 19.023 0.059 7.30 250.0
2457844.92057 19.132 0.075 6.04 493.0
2457845.75854 19.274 0.067 6.58 265.0
2457845.81387 19.132 0.053 6.06 259.0
2457845.86054 19.153 0.054 6.32 247.0
2457845.91187 18.974 0.037 4.67 253.0
2457846.76023 19.034 0.046 5.68 245.0
2457846.80644 19.182 0.056 6.31 235.0
2457846.85187 19.160 0.052 5.84 244.0
2457846.90319 19.034 0.050 5.81 258.0
2457847.73994 19.101 0.056 6.21 269.0
2457847.78595 19.150 0.050 5.55 253.0
2457847.84206 19.019 0.045 5.57 248.0
2457847.89157 19.046 0.045 5.15 247.0
2457848.72343 19.079 0.059 6.11 350.0
2457848.76888 18.998 0.051 6.67 249.0
2457848.81475 19.010 0.041 5.41 233.0
2457848.87181 19.119 0.038 4.52 227.0
2457848.92042 19.070 0.047 5.05 327.0
2457849.75124 19.203 0.054 5.44 337.0
2457849.79758 19.043 0.042 5.40 258.0
2457849.85329 19.021 0.036 4.79 250.0
2457849.90425 19.070 0.040 4.83 251.0
2457850.73283 19.164 0.071 6.07 387.0
2457850.77970 19.266 0.079 6.73 341.0
2457850.82536 19.110 0.046 5.18 274.0
2457850.88317 19.115 0.042 4.85 252.0
2457851.76589 19.157 0.070 6.31 393.0
2457851.81233 19.063 0.057 6.02 353.0
2457851.85905 19.134 0.047 5.13 280.0
2457851.91929 19.037 0.045 5.12 312.0
2457852.84026 19.130 0.065 6.82 318.0
2457852.88956 19.144 0.061 6.45 283.0
2457853.87201 19.035 0.080 7.74 369.0
2457853.88362 19.074 0.065 6.41 359.0
2457853.91504 19.133 0.083 7.51 360.0
2457854.71954 19.215 0.071 5.47 588.0
2457854.76592 19.246 0.067 5.73 500.0
2457854.82138 19.201 0.057 4.57 445.0
2457854.87035 19.326 0.076 5.78 435.0
2457854.91885 19.160 0.049 3.94 506.0
2457855.76455 19.207 0.054 4.04 564.0
2457855.81168 19.126 0.055 4.46 531.0
2457855.86003 19.317 0.058 4.23 503.0
2457855.91847 19.032 0.053 4.59 561.0
2457856.79103 19.038 0.072 6.62 494.0
2457856.83791 18.984 0.076 7.06 493.0
2457856.89827 19.125 0.097 7.48 493.0
2457857.85384 19.175 0.085 6.44 630.0
2457857.89585 19.129 0.067 5.67 530.0
2457858.77385 19.093 0.045 4.31 404.0
2457858.81067 18.980 0.045 4.78 415.0
2457858.84466 19.133 0.070 6.07 497.0
2457858.88744 19.211 0.061 5.58 389.0
2457862.68546 19.158 0.060 5.93 335.0
2457862.73283 19.210 0.061 5.66 317.0
2457862.77986 19.302 0.064 5.46 304.0
2457862.82692 19.056 0.054 5.99 312.0
2457862.87540 18.986 0.054 6.11 324.0
2457863.73723 19.091 0.048 5.35 305.0
2457863.81295 19.198 0.056 5.69 283.0
2457863.88953 19.202 0.051 4.96 316.0
2457864.71464 19.095 0.038 4.85 262.0
2457864.78678 19.191 0.038 4.15 256.0
2457864.84783 18.989 0.037 4.91 274.0
2457864.89952 19.058 0.039 4.39 309.0
2457865.68898 19.025 0.038 4.35 286.0
2457865.73466 19.076 0.042 4.76 277.0
2457865.78093 19.169 0.041 4.20 268.0
2457865.85270 19.095 0.041 4.38 308.0
2457865.90531 19.115 0.049 4.74 358.0
2457866.69999 19.099 0.047 5.04 290.0
2457866.74655 19.137 0.043 4.32 276.0
2457866.80233 19.058 0.037 4.30 266.0
2457866.86330 19.100 0.036 3.98 290.0
2457866.91086 19.071 0.036 3.90 320.0
2457867.71880 19.080 0.038 4.20 263.0
2457867.76567 19.031 0.033 4.01 246.0
2457867.83156 19.112 0.038 4.67 253.0
2457867.88143 19.200 0.047 4.74 264.0
2457867.92824 19.082 0.060 5.25 427.0
2457868.79146 19.098 0.055 5.53 278.0
2457868.85328 19.252 0.071 6.32 314.0
2457868.92177 18.973 0.067 7.04 333.0
2457869.71310 19.101 0.046 5.37 258.0
2457869.75905 19.088 0.045 5.24 261.0
2457869.81484 19.076 0.037 4.46 249.0
2457869.87453 19.128 0.038 3.91 297.0
2457869.92191 19.158 0.041 3.79 363.0
2457870.73940 19.035 0.031 3.68 240.0
2457870.79562 19.108 0.035 3.91 239.0
2457870.85374 19.052 0.039 4.44 254.0
2457870.90166 19.082 0.043 4.61 282.0
2457871.70845 19.117 0.039 4.31 282.0
2457871.75516 19.149 0.040 4.16 286.0
2457871.82082 19.041 0.031 3.59 262.0
2457871.88025 19.141 0.042 4.07 284.0
2457871.92984 19.087 0.053 4.34 610.0
2457872.72438 19.106 0.040 4.48 291.0
2457872.77069 19.128 0.035 3.92 285.0
2457872.84117 19.072 0.034 3.92 286.0
2457872.90363 19.058 0.039 4.06 320.0
2457873.67352 19.176 0.044 4.71 297.0
2457873.71942 19.055 0.038 4.40 299.0
2457873.76581 19.091 0.035 3.93 267.0
2457873.81270 19.012 0.031 3.99 270.0
2457873.88463 19.077 0.041 4.37 313.0
2457873.93124 18.983 0.055 5.27 561.0
2457874.69487 19.135 0.056 5.77 326.0
2457874.74998 19.061 0.065 6.99 304.0
2457874.80692 19.091 0.054 5.80 288.0
2457874.85723 18.969 0.051 5.50 348.0
2457874.90441 19.081 0.052 5.37 359.0
2457875.76325 19.217 0.050 4.71 296.0
2457875.84372 19.175 0.045 4.33 322.0
2457875.90103 19.122 0.049 4.85 568.0
2457875.93486 19.081 0.071 5.52 746.0
2457876.69135 19.085 0.054 5.49 364.0
2457876.73893 19.085 0.044 4.54 333.0
2457876.79810 19.098 0.042 4.59 309.0
2457876.86032 19.046 0.040 4.41 310.0
2457876.90733 19.044 0.049 5.05 363.0
2457877.66877 19.016 0.046 5.18 359.0
2457877.71529 19.080 0.043 4.33 331.0
2457877.78126 19.125 0.039 4.32 298.0
2457877.83170 19.029 0.039 4.14 361.0
2457877.88443 19.190 0.053 4.53 403.0
2457878.71229 19.038 0.037 3.93 364.0
2457878.77763 19.176 0.039 3.90 312.0
2457878.82812 19.142 0.039 3.96 311.0
2457878.88665 19.086 0.039 4.13 331.0
2457878.93272 19.013 0.054 4.73 652.0
2457879.69544 19.115 0.063 6.08 375.0
2457879.74161 19.131 0.070 6.39 390.0
2457879.78760 19.031 0.064 6.49 336.0
2457879.87932 18.996 0.069 7.05 354.0
2457880.69352 19.079 0.071 6.88 386.0
2457880.73952 19.038 0.056 5.87 377.0
2457880.78787 19.214 0.079 6.52 391.0
2457880.84608 19.050 0.069 6.62 386.0
2457880.90078 19.214 0.094 7.59 404.0
2457881.78524 19.209 0.073 5.63 523.0
2457881.83527 18.974 0.058 5.84 449.0
2457881.88368 19.055 0.092 7.64 478.0
2457882.72900 19.053 0.057 5.58 437.0
2457882.78581 19.171 0.065 5.62 457.0
2457882.84452 19.119 0.057 4.76 507.0
2457882.89155 19.023 0.054 4.91 516.0
2457883.68772 19.056 0.089 7.39 583.0
2457890.69359 19.143 0.078 6.77 411.0
2457890.75417 19.170 0.066 5.59 444.0
2457890.83860 19.242 0.072 5.40 500.0
2457890.88623 19.251 0.105 7.28 535.0
2457893.64245 19.030 0.063 6.90 341.0
2457893.69009 19.021 0.055 6.25 301.0
2457893.73661 18.986 0.049 5.73 304.0
2457893.80364 19.185 0.063 5.94 303.0
2457893.85109 19.115 0.049 4.82 321.0
2457893.89801 19.165 0.067 5.96 385.0
2457893.94089 18.973 0.096 6.84 971.0
2457894.62806 19.149 0.059 6.03 359.0
2457894.67429 19.146 0.043 4.69 293.0
2457894.72934 19.161 0.042 4.52 276.0
2457894.78643 19.055 0.044 4.68 286.0
2457894.83331 19.062 0.044 4.58 307.0
2457894.87989 19.090 0.054 5.33 356.0
2457894.92613 19.024 0.069 6.60 420.0
2457895.62487 19.032 0.046 5.27 412.0
2457895.77864 19.128 0.048 4.97 342.0
2457897.63738 19.126 0.057 6.00 286.0
2457897.68414 19.017 0.051 5.84 289.0
2457897.73214 19.206 0.057 5.71 322.0
2457900.90394 19.033 0.077 8.06 355.0
2457901.61558 19.120 0.063 6.96 311.0
2457901.66318 19.143 0.064 6.87 262.0
2457901.71868 19.255 0.057 5.95 292.0
2457901.80354 19.231 0.062 5.74 292.0
2457901.85081 19.000 0.052 5.66 408.0
2457902.65828 19.160 0.061 6.18 292.0
2457902.71347 19.169 0.046 4.90 264.0
2457902.77421 19.070 0.045 4.91 288.0
2457902.82008 19.063 0.065 6.45 342.0
2457902.92187 19.195 0.104 8.02 494.0
2457903.69221 19.181 0.079 8.00 244.0
2457903.77911 19.053 0.069 7.60 256.0
2457903.82651 19.083 0.052 5.45 314.0
2457903.88206 19.006 0.056 6.19 357.0
2457904.58695 19.207 0.087 7.86 343.0
2457904.63613 19.063 0.048 5.64 278.0
2457904.67968 19.137 0.041 4.69 248.0
2457904.73641 19.031 0.034 3.99 243.0
2457904.79516 19.031 0.037 4.44 239.0
2457904.84308 19.128 0.057 5.80 300.0
2457904.88914 19.084 0.053 5.53 343.0
2457905.60204 19.115 0.054 5.49 316.0
2457905.64906 19.131 0.041 4.37 279.0
2457905.70439 19.110 0.035 4.00 259.0
2457905.76227 19.158 0.045 4.36 293.0
2457905.80972 19.055 0.041 4.46 315.0
2457905.85808 19.086 0.052 4.95 388.0
2457905.92094 19.072 0.061 5.77 448.0
2457906.56624 19.076 0.053 4.98 428.0
2457906.61215 19.112 0.046 4.53 330.0
2457906.66043 19.064 0.039 4.18 288.0
2457906.71531 19.104 0.037 4.08 309.0
2457906.77522 19.069 0.040 3.98 334.0
2457906.82251 19.093 0.048 4.72 382.0
2457906.86932 19.031 0.052 5.41 413.0
2457906.91601 19.088 0.070 6.52 577.0
2457907.59508 19.051 0.057 4.91 585.0
2457907.66461 19.181 0.051 4.33 438.0
2457907.70528 19.213 0.056 4.47 511.0
2457907.74892 19.203 0.053 4.40 477.0
2457907.82545 18.999 0.048 4.89 501.0
2457908.57699 19.111 0.075 6.29 527.0
2457908.61777 18.939 0.053 5.45 451.0
2457908.66448 19.029 0.047 4.68 407.0
2457908.71970 19.054 0.041 4.29 350.0
2457908.77838 19.093 0.051 4.75 404.0
2457908.82526 18.982 0.041 4.74 314.0
2457908.87225 19.093 0.053 5.46 391.0
2457908.91438 19.067 0.076 6.54 536.0
2457909.56048 19.123 0.079 5.86 672.0
2457909.60682 19.069 0.056 4.67 503.0
2457909.65584 19.122 0.048 4.08 419.0
2457909.71192 19.069 0.043 4.10 417.0
2457909.76091 19.173 0.059 4.27 595.0
2457909.80800 19.119 0.054 4.49 463.0
2457909.84664 19.119 0.048 4.77 384.0
2457909.89762 19.104 0.057 5.26 491.0
2457910.55435 19.135 0.078 5.72 652.0
2457910.60862 19.041 0.059 5.36 478.0
2457910.65533 19.120 0.060 5.40 426.0
2457910.71261 19.112 0.045 4.20 378.0
2457910.77233 18.977 0.045 4.49 436.0
2457910.81835 19.151 0.052 4.48 455.0
2457910.87330 19.167 0.063 5.19 588.0
2457911.58146 19.144 0.084 6.31 667.0
2457911.62211 19.127 0.070 5.58 545.0
2457911.66932 19.085 0.064 5.53 520.0
2457911.71425 19.158 0.097 7.30 517.0
2457911.82305 18.965 0.077 6.59 656.0
2457916.55054 19.204 0.089 6.16 747.0
2457916.59737 19.065 0.051 4.49 580.0
2457916.63362 19.066 0.050 4.26 602.0
2457916.67477 19.043 0.049 4.42 562.0
2457916.71722 19.145 0.057 4.55 568.0
2457916.76232 19.064 0.048 4.22 557.0
2457916.80466 19.064 0.052 4.37 573.0
2457916.84837 18.995 0.066 5.61 643.0
2457917.55828 18.967 0.061 5.98 481.0
2457917.60446 19.219 0.073 5.85 445.0
2457917.65464 19.023 0.051 5.37 387.0
2457917.70371 19.094 0.053 4.97 403.0
2457917.75370 19.072 0.044 4.10 421.0
2457917.80041 19.135 0.062 5.15 486.0
2457917.84609 19.019 0.082 6.67 611.0
2457917.89250 19.245 0.110 6.95 819.0
2457918.57195 18.997 0.046 5.42 482.0
2457918.65100 19.203 0.084 5.81 669.0
2457922.61587 19.080 0.057 6.20 298.0
2457922.67136 19.008 0.044 5.06 287.0
2457922.72941 19.113 0.060 6.11 307.0
2457923.53939 19.157 0.065 6.06 387.0
2457923.58472 19.116 0.057 5.53 382.0
2457923.63088 19.036 0.042 4.70 293.0
2457923.70574 19.056 0.065 6.57 315.0
2457923.75244 19.271 0.083 6.82 343.0
2457923.80048 19.084 0.061 5.72 370.0
2457923.84581 19.019 0.075 7.23 387.0
2457923.88849 18.912 0.070 6.89 475.0
2457924.50761 19.113 0.059 5.65 392.0
2457924.55182 19.077 0.047 4.77 329.0
2457924.59769 19.102 0.045 4.91 286.0
2457924.64205 19.059 0.043 4.64 282.0
2457924.70838 18.906 0.038 4.57 298.0
2457924.75546 19.049 0.043 4.39 287.0
2457924.80146 18.986 0.043 4.55 333.0
2457924.84738 19.010 0.050 5.06 408.0
2457925.57597 19.030 0.060 6.65 313.0
2457925.62147 19.242 0.064 6.38 269.0
2457925.66833 18.984 0.034 4.29 232.0
2457925.74186 19.295 0.075 6.54 281.0
2457925.78990 19.097 0.051 5.77 255.0
2457925.84216 19.093 0.063 6.81 329.0
2457926.55788 18.933 0.054 6.56 347.0
2457926.61002 19.108 0.049 5.60 301.0
2457926.67596 19.070 0.049 5.49 262.0
2457926.73974 19.038 0.055 6.14 296.0
2457926.79221 18.931 0.064 7.16 324.0
2457926.84716 19.171 0.073 7.42 350.0
2457928.60467 19.070 0.048 5.20 321.0
2457928.65228 19.008 0.046 5.38 286.0
2457929.58997 19.274 0.065 6.40 548.0
2457932.60522 19.097 0.048 5.28 275.0
2457932.66179 18.906 0.052 6.30 293.0
2457932.71047 19.010 0.059 6.59 287.0
2457932.76985 19.123 0.059 6.23 271.0
2457932.81542 19.105 0.058 6.35 323.0
2457933.59428 19.148 0.060 6.27 263.0
2457933.64101 19.187 0.054 5.92 227.0
2457933.69078 19.091 0.052 5.92 219.0
2457933.80127 19.150 0.080 7.83 281.0
2457934.49916 18.928 0.046 5.40 379.0
2457934.54505 19.062 0.046 5.25 298.0
2457934.59072 19.051 0.044 5.09 276.0
2457934.64604 19.010 0.041 4.89 278.0
2457934.74481 19.008 0.039 4.60 275.0
2457934.79075 19.122 0.062 6.22 300.0
2457934.83679 19.268 0.092 7.88 301.0
2457935.53055 19.038 0.043 4.69 347.0
2457935.58696 19.087 0.043 4.47 299.0
2457935.64391 19.041 0.040 4.44 270.0
2457935.69324 19.025 0.044 4.75 289.0
2457935.74028 19.070 0.041 4.69 235.0
2457935.78728 18.949 0.036 4.67 255.0
2457935.85613 18.993 0.045 5.58 324.0
2457936.48562 19.019 0.054 5.20 413.0
2457936.53825 19.156 0.059 5.62 325.0
2457936.58587 19.008 0.042 4.81 279.0
2457936.63381 19.073 0.045 5.22 257.0
2457936.70614 19.092 0.054 6.02 254.0
2457936.76227 19.048 0.055 6.65 229.0
2457936.81039 19.160 0.054 6.31 239.0
2457936.85713 18.974 0.083 19.75 315.0
2457937.48003 19.116 0.074 6.21 513.0
2457937.52695 19.159 0.070 6.12 434.0
2457937.57498 19.051 0.057 5.84 363.0
2457937.62217 19.135 0.043 4.53 288.0
2457937.67041 18.996 0.045 5.08 324.0
2457937.72848 19.060 0.058 6.42 293.0
2457937.78544 19.093 0.065 7.01 270.0
2457937.83187 18.936 0.072 8.24 319.0
2457938.55041 19.089 0.064 5.72 412.0
2457938.59888 18.938 0.062 6.73 365.0
2457938.65031 19.190 0.098 8.18 384.0
2457944.49075 18.907 0.054 4.89 620.0
2457944.52991 19.008 0.056 4.76 609.0
2457944.57014 19.130 0.057 4.46 550.0
2457944.60878 19.027 0.050 4.46 520.0
2457944.65698 19.013 0.051 4.48 478.0
2457944.70641 19.019 0.063 5.88 494.0
2457944.75314 19.013 0.065 5.95 529.0
2457944.79398 19.108 0.077 6.02 637.0
2457945.46705 18.913 0.091 7.42 695.0
2457945.51190 19.088 0.067 5.89 545.0
2457945.55840 19.004 0.053 5.38 420.0
2457945.60613 18.982 0.038 4.07 390.0
2457945.65465 19.027 0.046 4.86 347.0
2457945.70241 19.075 0.046 4.81 359.0
2457945.74976 18.923 0.042 4.72 425.0
2457945.79681 18.954 0.059 6.00 516.0
2457946.49267 19.103 0.055 5.71 282.0
2457946.54991 19.006 0.043 4.35 384.0
2457946.59791 19.027 0.040 4.06 379.0
2457946.66323 19.043 0.055 5.90 323.0
2457946.71077 19.001 0.055 6.14 334.0
2457946.75864 18.930 0.056 6.35 351.0
2457946.80692 19.091 0.074 7.04 398.0
2457947.50978 18.960 0.048 6.12 264.0
2457947.54849 19.134 0.055 5.99 281.0
2457947.59738 19.088 0.049 5.34 279.0
2457947.64794 18.999 0.047 5.37 285.0
2457947.74193 18.949 0.057 6.60 333.0
2457947.78935 18.937 0.073 8.10 388.0
2457948.46460 19.168 0.102 6.68 782.0
2457948.50263 18.943 0.044 5.66 272.0
2457948.56051 18.998 0.042 5.34 251.0
2457948.61818 18.990 0.041 5.00 273.0
2457948.66976 19.119 0.059 5.42 410.0
2457948.74033 19.048 0.052 5.49 364.0
2457948.78667 18.967 0.057 6.46 408.0
2457949.57382 19.033 0.063 5.80 501.0
2457949.63085 19.003 0.054 5.97 335.0
2457949.73434 19.135 0.082 6.51 515.0
2457952.68644 19.086 0.048 5.07 267.0
2457952.73818 19.026 0.058 6.82 240.0
2457952.79352 18.907 0.067 7.88 287.0
2457953.47343 19.002 0.056 5.70 410.0
2457953.51875 19.032 0.043 4.89 294.0
2457953.58906 19.037 0.037 4.59 243.0
2457953.64379 19.083 0.047 5.49 234.0
2457953.69423 19.022 0.040 5.19 213.0
2457953.74616 18.944 0.042 5.94 232.0
2457953.79543 18.970 0.060 7.34 312.0
2457954.48453 18.973 0.045 4.82 490.0
2457954.53638 18.925 0.039 4.71 353.0
2457954.59831 19.049 0.036 4.45 230.0
2457954.66532 18.963 0.035 4.72 222.0
2457954.72667 19.029 0.041 5.05 292.0
2457954.78187 18.946 0.044 5.59 322.0
2457955.73860 18.955 0.042 5.99 281.0
2457955.78225 18.950 0.054 7.16 300.0
2457956.48689 18.961 0.043 4.27 360.0
2457956.54446 18.935 0.041 4.76 319.0
2457956.60064 18.944 0.030 4.06 237.0
2457956.66826 18.930 0.036 4.58 240.0
2457956.71535 18.979 0.043 5.42 266.0
2457956.76596 19.130 0.065 7.31 293.0
2457957.54032 19.032 0.061 6.73 307.0
2457957.67491 19.005 0.060 7.02 273.0
2457957.72374 18.936 0.054 6.96 292.0
2457958.57154 19.042 0.065 6.68 339.0
2457958.61465 19.052 0.060 6.41 283.0
2457958.64686 19.120 0.075 7.59 266.0
2457958.69797 18.993 0.059 6.78 269.0
2457958.74994 19.065 0.059 6.77 284.0
2457958.79053 19.008 0.077 8.25 340.0
2457959.48956 19.045 0.044 5.02 293.0
2457959.53087 18.945 0.037 4.63 289.0
2457959.57959 18.936 0.034 4.45 259.0
2457959.63174 18.995 0.039 4.88 246.0
2457959.68067 19.019 0.038 4.91 232.0
2457959.72962 18.923 0.044 5.77 260.0
2457959.78099 19.019 0.056 6.69 298.0
2457960.48272 18.977 0.054 6.34 311.0
2457960.53036 19.013 0.044 5.23 247.0
2457960.59390 19.103 0.041 5.24 242.0
2457960.65038 18.992 0.041 5.65 211.0
2457960.69984 19.025 0.044 5.78 230.0
2457960.75421 18.958 0.058 7.18 257.0
2457961.53208 19.041 0.044 5.31 308.0
2457961.59564 18.928 0.041 5.67 280.0
2457961.63199 18.959 0.038 5.23 265.0
2457961.67645 18.972 0.042 5.45 268.0
2457961.74266 19.053 0.056 6.71 361.0
2457962.49571 18.922 0.040 5.35 281.0
2457962.54019 18.988 0.038 4.83 285.0
2457962.65350 18.948 0.037 4.74 339.0
2457963.54798 18.922 0.042 4.68 384.0
2457964.53380 19.005 0.045 4.76 371.0
2457964.57159 18.883 0.043 5.16 329.0
2457964.62249 18.856 0.045 5.79 304.0
2457964.67078 18.991 0.046 5.42 309.0
2457964.75106 19.054 0.069 7.04 382.0
2457965.63736 18.927 0.042 4.87 324.0
2457965.67273 18.953 0.045 5.50 317.0
2457965.70332 18.932 0.048 5.75 381.0
2457966.52527 18.984 0.074 7.48 374.0
2457966.56000 18.913 0.052 6.18 317.0
2457966.59939 18.928 0.056 6.61 297.0
2457966.64740 18.937 0.058 6.92 289.0
2457966.69580 19.023 0.057 6.34 288.0
2457967.64878 18.961 0.078 6.37 701.0
2457967.71622 18.950 0.064 6.85 427.0
2457971.48146 18.935 0.069 6.02 627.0
2457971.52265 19.062 0.065 5.12 574.0
2457971.56106 19.033 0.065 5.63 503.0
2457971.59845 18.948 0.063 6.05 506.0
2457971.63673 18.905 0.055 5.40 526.0
2457971.67441 18.952 0.059 5.42 566.0
2457971.71492 18.964 0.083 6.85 698.0
2457972.48184 19.087 0.103 7.58 600.0
2457972.57151 19.006 0.085 7.20 531.0
2457972.61464 18.909 0.061 5.83 523.0
2457972.66072 18.983 0.079 6.80 554.0
2457972.70464 18.843 0.064 6.32 632.0
2457973.58870 18.958 0.062 5.98 521.0
2457973.64556 18.959 0.064 6.05 522.0
2457974.52948 18.855 0.043 5.02 369.0
2457974.57967 18.889 0.045 4.93 371.0
2457974.62945 18.830 0.047 5.53 394.0
2457974.67843 19.037 0.074 6.72 455.0
2457974.72764 18.837 0.057 6.31 562.0
2457975.49443 19.023 0.070 7.20 313.0
2457975.65769 18.896 0.068 7.69 336.0
2457979.52527 18.884 0.034 4.47 286.0
2457979.57552 18.896 0.037 4.61 313.0
2457979.62811 18.809 0.033 4.50 298.0
2457980.47649 18.962 0.069 6.43 481.0
2457980.54495 18.775 0.049 6.33 353.0
2457980.59484 18.849 0.054 5.94 397.0
2457980.64254 18.844 0.055 6.38 405.0
2457981.47722 18.982 0.080 7.25 492.0
2457981.55811 18.832 0.043 5.32 368.0
2457981.61567 18.798 0.039 5.12 329.0
2457981.66270 18.716 0.045 6.03 351.0
2457982.49038 18.794 0.042 5.32 334.0
2457982.55655 18.917 0.042 5.32 274.0
2457982.60522 18.883 0.052 6.51 313.0
2457982.65145 18.895 0.049 6.46 311.0
2457983.51440 18.915 0.056 6.56 293.0
2457983.56374 18.806 0.040 5.47 291.0
2457983.61010 18.857 0.038 4.90 277.0
2457983.65999 18.790 0.037 5.60 273.0
2457984.50540 18.800 0.049 6.84 312.0
2457984.55779 18.765 0.046 6.09 276.0
2457984.60575 18.884 0.043 5.74 274.0
2457984.65233 18.711 0.042 6.11 274.0
2457985.51969 18.870 0.063 7.39 342.0
2457985.57317 18.799 0.053 6.69 318.0
2457985.61929 18.794 0.062 7.95 310.0
2457986.50881 18.834 0.032 4.38 297.0
2457986.58121 18.749 0.028 4.45 263.0
2457986.63118 18.863 0.038 5.37 271.0
2457987.47657 18.732 0.038 4.56 504.0
2457987.54204 18.815 0.035 4.53 298.0
2457987.59402 18.782 0.036 4.93 328.0
2457987.64586 18.715 0.034 5.62 324.0
2457990.49293 18.730 0.037 5.02 328.0
2457990.56026 18.733 0.043 6.26 321.0
2457990.60964 18.741 0.045 6.39 303.0
2457990.65499 18.729 0.056 7.63 313.0
2457991.51198 18.733 0.040 5.57 316.0
2457991.56984 18.736 0.052 7.03 310.0
2457991.62752 18.718 0.054 7.42 297.0
2457992.47797 18.656 0.034 4.83 418.0
2457992.52809 18.738 0.033 4.77 308.0
2457992.62982 18.733 0.039 5.63 317.0
2457993.49459 18.780 0.038 5.06 331.0
2457993.54386 18.700 0.038 5.33 342.0
2457993.59092 18.777 0.040 5.64 300.0
2457993.63752 18.678 0.042 6.24 311.0
2457994.50791 18.717 0.042 5.71 365.0
2457994.55559 18.693 0.054 6.51 497.0
2457994.60449 18.661 0.044 6.49 383.0
2457994.65135 18.602 0.050 7.30 409.0
2457998.50725 18.661 0.077 5.10 2166.0
2457998.54570 18.595 0.048 6.10 597.0
2457998.58265 18.572 0.054 5.60 1061.0
2457998.62467 18.546 0.060 6.51 935.0
2458000.49126 18.726 0.055 6.92 433.0
2458000.54284 18.637 0.050 6.60 442.0
2458000.57318 18.578 0.058 7.88 494.0
2458000.61810 18.678 0.052 6.34 579.0
2458001.49556 18.566 0.037 5.30 419.0
2458001.54339 18.567 0.035 5.10 442.0
2458001.59029 18.560 0.038 5.48 478.0
2458002.49737 18.488 0.066 6.78 987.0
2458002.54481 18.573 0.055 6.33 625.0
2458002.63336 18.534 0.067 7.18 1096.0
2458003.55055 18.668 0.063 7.09 457.0
2458004.47893 18.603 0.056 6.68 572.0
2458004.54562 18.455 0.041 6.55 405.0
2458004.59304 18.530 0.052 7.46 440.0
2458005.54869 18.463 0.052 7.95 394.0
2458007.52984 18.440 0.034 6.00 334.0
2458007.59153 18.431 0.043 7.45 340.0
2458008.53392 18.337 0.033 6.42 319.0
2458008.59064 18.355 0.035 6.86 324.0
2458010.54833 18.290 0.031 5.96 375.0
2458011.51582 18.253 0.040 7.69 360.0
2458011.58579 18.319 0.039 7.41 352.0
2458012.52362 18.199 0.024 5.00 398.0
2458012.57125 18.206 0.026 5.48 435.0
2458013.50288 18.213 0.023 4.69 359.0
2458013.55934 18.180 0.026 5.71 383.0
2458014.49655 18.111 0.025 5.87 330.0
2458014.55260 18.119 0.025 6.07 354.0
2458015.47885 18.117 0.032 6.02 637.0
2458015.52794 18.133 0.032 7.10 349.0
2458016.48088 18.132 0.036 6.58 606.0
2458016.52753 18.143 0.030 6.83 362.0
2458017.48113 18.035 0.031 6.50 588.0
2458017.53724 18.023 0.022 5.66 345.0
2458018.48988 17.929 0.024 6.17 383.0
2458018.54753 17.976 0.023 6.66 351.0
2458019.50117 17.905 0.020 5.81 341.0
2458019.55916 17.860 0.021 6.14 332.0
2458020.53055 17.866 0.022 5.42 356.0
2458021.48474 17.806 0.027 6.76 607.0
2458021.55604 17.765 0.023 7.34 406.0
2458026.49785 17.432 0.019 5.36 983.0
2458026.53810 17.363 0.017 6.11 835.0
2458029.50967 17.057 0.014 6.21 580.0
2458029.54087 17.133 0.016 6.60 593.0
2458030.50196 16.974 0.010 5.16 553.0
2458032.56303 16.742 0.012 6.75 702.0
2458035.56297 16.514 0.009 7.19 463.0
2458036.54017 16.519 0.009 7.53 416.0
2458037.54673 16.626 0.012 8.05 474.0
2458037.56479 16.613 0.012 8.23 512.0
2458039.53109 16.829 0.014 8.14 439.0
2458040.51410 16.923 0.013 6.90 502.0
2458040.56195 16.883 0.013 6.96 582.0
2458046.49734 17.485 0.026 8.34 638.0
2458048.51474 17.632 0.015 5.38 283.0
