2457066.86653 18.390 0.065 5.44 1624.0
2457072.88308 18.331 0.029 4.59 301.0
2457077.89932 18.346 0.048 5.19 894.0
2457082.81060 18.402 0.043 6.53 312.0
2457086.83614 18.323 0.032 4.45 488.0
2457089.88821 18.305 0.032 4.99 392.0
2457092.90885 18.249 0.033 4.01 837.0
2457097.83615 18.345 0.024 3.81 254.0
2457100.82044 18.356 0.032 4.67 324.0
2457110.73769 18.328 0.028 5.05 297.0
2457112.84494 18.315 0.028 4.32 289.0
2457114.82872 18.314 0.025 3.61 328.0
2457117.87126 18.251 0.023 3.37 451.0
2457120.91077 18.261 0.042 4.12 1378.0
2457129.90743 18.363 0.028 4.18 274.0
2457132.79761 18.337 0.026 4.01 283.0
2457135.87325 18.323 0.022 3.52 236.0
2457138.69004 18.301 0.035 5.86 265.0
2457140.78822 18.277 0.029 4.82 298.0
2457142.88756 18.298 0.024 3.43 272.0
2457145.92239 18.400 0.044 5.31 553.0
2457153.89984 18.333 0.029 4.03 430.0
2457155.93153 18.296 0.027 3.41 521.0
2457158.80031 18.276 0.025 4.08 256.0
2457160.75253 18.324 0.025 4.03 280.0
2457162.72408 18.376 0.033 5.01 255.0
2457164.76254 18.368 0.028 4.98 219.0
2457169.62187 18.367 0.028 4.62 289.0
2457170.90110 18.374 0.042 5.93 353.0
2457173.84328 18.364 0.034 4.44 556.0
2457175.68463 18.372 0.035 4.02 878.0
2457178.86023 18.294 0.043 4.84 857.0
2457180.67821 18.364 0.033 5.02 290.0
2457182.56129 18.359 0.032 5.27 215.0
2457183.80011 18.355 0.032 4.85 228.0
2457185.66834 18.328 0.041 6.44 261.0
2457187.70891 18.335 0.026 4.12 220.0
2457189.68379 18.321 0.026 4.28 267.0
2457193.84117 18.280 0.026 4.18 316.0
2457197.86855 18.351 0.051 7.12 433.0
2457199.75989 18.336 0.028 4.45 250.0
2457206.76773 18.339 0.041 4.61 806.0
2457209.77423 18.309 0.038 5.02 499.0
2457214.53326 18.274 0.037 6.19 308.0
2457219.72281 18.308 0.029 4.80 256.0
2457221.70187 18.327 0.029 4.34 247.0
2457223.68917 18.391 0.035 5.25 223.0
2457226.53408 18.322 0.036 5.85 264.0
2457228.47520 18.323 0.041 6.32 382.0
2457229.76930 18.307 0.036 4.47 796.0
2457249.57681 18.353 0.038 6.18 214.0
2457253.65671 18.350 0.032 5.11 254.0
2457261.59626 18.285 0.050 6.46 666.0
2457265.57904 18.270 0.027 4.10 343.0
2457269.64360 18.395 0.037 5.54 263.0
2457281.57406 18.411 0.038 5.59 241.0
2457299.50517 18.338 0.038 6.66 374.0
2457438.89608 18.256 0.050 5.82 947.0
2457445.88338 18.256 0.025 4.19 329.0
2457451.89867 18.338 0.034 4.19 670.0
2457456.79815 18.302 0.037 6.12 333.0
2457460.89324 18.282 0.024 4.35 267.0
2457465.80722 18.261 0.029 4.83 318.0
2457470.91095 18.327 0.035 5.26 469.0
2457474.83082 18.348 0.036 5.34 419.0
2457480.89484 18.368 0.042 6.28 303.0
2457486.74391 18.405 0.043 6.49 259.0
2457488.78060 18.289 0.026 4.78 225.0
2457492.73503 18.265 0.027 4.96 233.0
2457494.78332 18.310 0.027 5.01 211.0
2457498.72430 18.321 0.033 4.81 425.0
2457500.71399 18.376 0.043 5.47 548.0
2457508.68937 18.378 0.024 4.07 245.0
2457508.70348 18.297 0.021 3.67 247.0
2457511.70416 18.292 0.025 4.79 248.0
2457522.78290 18.350 0.034 5.48 546.0
2457526.87074 18.346 0.037 5.54 354.0
2457534.70439 18.307 0.035 5.52 348.0
2457536.85678 18.239 0.028 4.59 319.0
2457546.85318 18.326 0.040 6.21 309.0
2457547.53353 18.267 0.040 6.94 301.0
2457548.68827 18.392 0.024 4.82 252.0
2457550.68224 18.333 0.032 5.63 207.0
2457554.76288 18.451 0.046 5.62 1053.0
2457557.65188 18.274 0.032 4.51 519.0
2457567.58197 18.429 0.037 5.45 352.0
2457568.74166 18.400 0.042 6.60 233.0
2457570.70033 18.422 0.033 5.36 168.0
2457575.75887 18.364 0.027 4.50 199.0
2457579.65215 18.308 0.029 5.81 224.0
2457584.73900 18.354 0.044 6.30 390.0
2457590.59237 18.331 0.024 3.59 408.0
2457593.77023 18.382 0.032 5.36 244.0
2457599.52105 18.429 0.049 7.12 255.0
2457599.60410 18.295 0.036 6.58 174.0
2457599.69799 18.391 0.037 5.75 210.0
2457600.52985 18.406 0.041 6.27 225.0
2457600.62512 18.308 0.038 6.69 192.0
2457600.66213 18.391 0.034 5.80 192.0
2457600.75200 18.270 0.038 7.07 485.0
2457601.69653 18.450 0.032 5.11 182.0
2457603.56312 18.323 0.028 4.87 181.0
2457605.48082 18.421 0.037 6.14 197.0
2457607.66319 18.322 0.030 5.35 155.0
2457609.72852 18.266 0.032 5.64 236.0
2457612.66884 18.339 0.062 5.75 1370.0
2457618.51035 18.323 0.041 5.74 438.0
2457622.59564 18.347 0.031 4.64 263.0
2457625.51597 18.274 0.025 4.48 233.0
2457631.58973 18.320 0.026 4.55 217.0
2457636.51764 18.361 0.043 6.72 254.0
2457643.56791 18.303 0.049 7.10 433.0
2457649.58875 18.325 0.030 4.50 479.0
2457650.50382 18.294 0.025 4.64 228.0
2457651.51915 18.344 0.034 5.45 322.0
2457652.50637 18.466 0.035 5.49 227.0
2457653.50572 18.367 0.032 5.22 247.0
2457653.57851 18.400 0.034 5.44 271.0
2457654.51036 18.277 0.038 6.41 306.0
2457655.50717 18.278 0.035 6.03 253.0
2457656.51322 18.383 0.036 5.23 299.0
2457657.55933 18.391 0.034 4.98 311.0
2457658.52178 18.300 0.032 4.90 294.0
2457659.51952 18.434 0.044 6.21 322.0
2457660.50748 18.355 0.049 7.17 337.0
2457661.50911 18.324 0.043 6.69 297.0
2457662.50930 18.310 0.042 6.47 367.0
2457664.50790 18.396 0.048 6.70 372.0
2457665.51941 18.381 0.044 6.29 442.0
2457666.51017 18.299 0.040 6.30 368.0
2457667.53733 18.434 0.046 5.25 634.0
2457671.49651 18.353 0.047 6.29 477.0
2457672.49794 18.300 0.041 5.88 397.0
2457673.50432 18.437 0.047 5.22 709.0
2457675.50315 18.468 0.053 6.40 535.0
2457682.50018 18.354 0.043 5.84 521.0
2457683.49925 18.266 0.043 6.47 481.0
2457795.86421 18.265 0.046 5.99 667.0
2457796.85825 18.339 0.046 6.01 545.0
2457808.88109 18.328 0.028 4.66 261.0
2457815.85656 18.318 0.029 4.42 283.0
2457817.90537 18.347 0.033 4.05 729.0
2457820.85042 18.289 0.030 4.59 312.0
2457822.90395 18.368 0.032 4.56 318.0
2457825.84719 18.311 0.035 4.84 428.0
2457827.85407 18.341 0.034 4.84 372.0
2457830.78554 18.359 0.047 5.00 1006.0
2457834.91743 18.453 0.046 5.14 661.0
2457837.77315 18.423 0.041 6.38 219.0
2457839.76429 18.274 0.024 4.40 193.0
2457841.77714 18.239 0.044 7.69 212.0
2457842.90979 18.321 0.033 5.29 230.0
2457844.86948 18.434 0.045 7.01 197.0
2457846.82455 18.257 0.027 4.85 191.0
2457848.75689 18.290 0.044 7.29 214.0
2457849.88913 18.349 0.023 4.09 199.0
2457851.79957 18.324 0.037 5.72 310.0
2457854.72268 18.400 0.042 5.19 543.0
2457855.86339 18.361 0.030 3.86 499.0
2457858.79150 18.391 0.028 4.26 353.0
2457862.76828 18.337 0.039 5.93 265.0
2457865.67827 18.343 0.029 4.99 248.0
2457866.78216 18.293 0.024 3.95 228.0
2457867.91741 18.294 0.027 4.19 235.0
2457869.86280 18.296 0.024 4.09 234.0
2457871.75835 18.305 0.026 4.29 238.0
2457872.90687 18.251 0.025 3.78 271.0
2457874.71321 18.408 0.038 5.73 256.0
2457875.91660 18.340 0.033 5.12 397.0
2457877.70261 18.242 0.025 4.19 285.0
2457878.87579 18.303 0.024 3.77 274.0
2457880.72891 18.325 0.037 5.69 333.0
2457890.71452 18.307 0.037 5.53 350.0
2457893.82268 18.264 0.032 5.20 265.0
2457894.82066 18.257 0.028 4.56 245.0
2457897.75650 18.355 0.028 4.94 291.0
2457902.67656 18.272 0.025 4.45 225.0
2457903.85418 18.325 0.037 5.59 305.0
2457904.84929 18.223 0.031 5.17 257.0
2457905.81627 18.294 0.028 4.26 277.0
2457906.78147 18.285 0.025 4.05 295.0
2457907.82089 18.247 0.029 4.56 439.0
2457908.87536 18.299 0.035 5.17 341.0
2457909.79821 18.248 0.031 3.99 585.0
2457910.70248 18.346 0.035 4.66 423.0
2457911.58810 18.311 0.056 7.16 630.0
2457916.63977 18.290 0.037 4.59 792.0
2457918.62089 18.266 0.041 6.21 467.0
2457925.84831 18.272 0.040 5.63 401.0
2457928.61084 18.222 0.035 5.57 330.0
2457934.53605 18.110 0.027 5.38 295.0
2457935.53667 18.095 0.026 4.91 288.0
2457936.52894 18.093 0.029 5.66 293.0
2457937.51768 18.063 0.030 5.41 397.0
2457938.54093 18.126 0.035 5.71 395.0
2457944.65518 17.982 0.027 4.73 431.0
2457945.56453 17.995 0.029 5.68 365.0
2457946.49882 18.013 0.026 5.60 228.0
2457947.53864 17.965 0.026 5.87 200.0
2457948.55064 17.952 0.020 4.84 213.0
2457949.59723 17.882 0.025 6.04 375.0
2457953.50939 17.826 0.020 4.97 251.0
2457954.52626 17.859 0.019 4.43 336.0
2457956.51216 17.772 0.022 5.44 298.0
2457957.69624 17.752 0.023 6.16 233.0
2457959.50242 17.684 0.018 4.98 234.0
2457960.52118 17.630 0.019 5.40 208.0
2457961.60307 17.640 0.016 5.36 240.0
2457964.52976 17.494 0.017 5.08 406.0
2457965.69915 17.476 0.017 5.13 410.0
2457967.67200 17.460 0.022 6.59 364.0
2457971.69984 17.391 0.017 4.53 622.0
2457972.72948 17.413 0.023 6.08 707.0
2457974.63264 17.411 0.017 4.78 359.0
2457979.63128 17.570 0.016 4.35 242.0
2457981.61886 17.638 0.018 4.63 282.0
2457983.56692 17.713 0.020 4.96 238.0
2457985.52319 17.832 0.033 7.38 284.0
2457987.56152 17.789 0.018 3.97 273.0
2457991.53221 17.909 0.025 5.44 262.0
2457993.51448 17.965 0.025 5.03 296.0
2457998.48755 18.025 0.026 4.38 479.0
2458000.61314 18.230 0.048 6.72 520.0
2458003.55372 18.075 0.044 7.32 412.0
2458008.53709 18.202 0.033 5.61 264.0
2458013.50599 18.223 0.027 4.51 312.0
2458016.53070 18.231 0.042 6.77 313.0
2458020.53371 18.315 0.033 4.64 305.0
2458029.54402 18.250 0.043 5.62 564.0
2458040.55017 18.237 0.046 6.50 533.0
