2457084.89687 17.357 0.012 3.96 475.0
2457087.84606 17.365 0.016 4.68 758.0
2457089.88422 17.367 0.015 4.90 593.0
2457091.90913 17.372 0.019 4.36 1320.0
2457097.83216 17.396 0.012 3.77 440.0
2457099.82311 17.348 0.013 4.99 420.0
2457109.86602 17.387 0.013 4.44 412.0
2457111.80873 17.392 0.013 4.68 390.0
2457114.82630 17.313 0.012 3.75 520.0
2457116.81740 17.342 0.015 4.59 676.0
2457118.83477 17.337 0.012 3.90 721.0
2457120.81663 17.361 0.013 4.32 581.0
2457126.73107 17.369 0.013 4.88 466.0
2457129.91971 17.354 0.013 4.54 442.0
2457131.82053 17.335 0.010 3.46 405.0
2457133.93140 17.374 0.020 5.17 1109.0
2457135.78758 17.373 0.011 3.71 395.0
2457136.93335 17.317 0.022 4.45 1875.0
2457138.76038 17.343 0.013 5.24 406.0
2457139.92443 17.342 0.013 4.75 449.0
2457141.74876 17.359 0.011 3.54 464.0
2457142.88521 17.345 0.012 3.74 431.0
2457144.68800 17.344 0.018 5.87 730.0
2457145.93445 17.401 0.021 5.65 967.0
2457147.64902 17.348 0.025 6.88 1090.0
2457152.78863 17.369 0.013 3.98 578.0
2457153.83795 17.331 0.011 3.19 543.0
2457156.69394 17.322 0.011 4.02 420.0
2457158.65413 17.355 0.013 4.83 511.0
2457159.69879 17.349 0.012 4.21 450.0
2457160.77561 17.345 0.012 4.29 439.0
2457161.85945 17.350 0.011 3.57 447.0
2457162.90900 17.342 0.014 5.07 430.0
2457164.68202 17.331 0.015 5.66 455.0
2457166.77147 17.342 0.011 3.87 422.0
2457169.72381 17.345 0.011 4.25 387.0
2457170.78038 17.366 0.013 5.03 405.0
2457172.82293 17.350 0.015 4.93 600.0
2457173.85590 17.347 0.013 3.99 682.0
2457174.84087 17.340 0.014 4.03 807.0
2457175.90471 17.395 0.019 4.61 1204.0
2457178.82631 17.316 0.016 3.46 1487.0
2457179.80253 17.349 0.016 5.16 626.0
2457180.80451 17.350 0.014 4.48 499.0
2457181.81993 17.348 0.014 4.93 452.0
2457182.83867 17.327 0.012 4.63 390.0
2457183.84585 17.373 0.015 5.70 394.0
2457184.88020 17.333 0.014 5.24 438.0
2457185.89072 17.323 0.017 6.08 538.0
2457187.66615 17.364 0.013 4.96 356.0
2457188.66966 17.336 0.015 5.74 451.0
2457189.77505 17.335 0.013 4.38 523.0
2457190.84184 17.347 0.013 4.01 704.0
2457193.80532 17.340 0.011 3.90 431.0
2457197.55928 17.341 0.014 5.34 510.0
2457198.58463 17.342 0.013 4.90 488.0
2457199.59018 17.348 0.012 4.46 459.0
2457200.58643 17.353 0.012 3.99 597.0
2457202.80608 17.336 0.019 5.23 907.0
2457202.82280 17.349 0.021 5.91 903.0
2457206.83972 17.295 0.021 5.23 1472.0
2457208.51927 17.336 0.018 6.92 612.0
2457211.59354 17.342 0.011 4.49 355.0
2457214.56951 17.389 0.015 5.94 515.0
2457217.83546 17.317 0.014 5.69 806.0
2457220.63066 17.367 0.012 4.96 351.0
2457221.67167 17.355 0.013 4.76 359.0
2457222.76244 17.308 0.014 5.10 569.0
2457224.52949 17.348 0.014 5.53 474.0
2457225.61354 17.343 0.010 3.76 424.0
2457227.47275 17.330 0.019 5.95 977.0
2457228.51855 17.378 0.016 5.72 520.0
2457229.58915 17.359 0.010 3.44 411.0
2457236.54705 17.385 0.018 5.42 645.0
2457249.73268 17.337 0.016 6.48 403.0
2457253.59123 17.366 0.012 4.41 354.0
2457256.61240 17.337 0.017 5.83 599.0
2457263.68166 17.350 0.014 4.06 841.0
2457265.64788 17.331 0.013 4.45 547.0
2457268.65535 17.327 0.011 3.88 421.0
2457270.62597 17.339 0.014 5.78 370.0
2457273.63871 17.311 0.014 5.46 441.0
2457277.67191 17.363 0.016 6.28 418.0
2457284.55203 17.315 0.013 5.34 486.0
2457293.51139 17.379 0.016 4.76 727.0
2457296.59249 17.309 0.020 6.57 783.0
2457307.55831 17.351 0.015 6.02 483.0
2457319.50693 17.333 0.020 5.95 721.0
2457325.50457 17.360 0.018 5.90 650.0
2457331.52100 17.388 0.021 6.89 735.0
2457429.88317 17.352 0.019 5.81 933.0
2457431.86564 17.322 0.013 4.62 623.0
2457432.87436 17.370 0.015 5.24 510.0
2457433.88892 17.372 0.017 4.87 891.0
2457436.86777 17.361 0.018 6.46 495.0
2457437.86336 17.368 0.014 5.36 418.0
2457438.87791 17.365 0.019 6.72 491.0
2457440.85129 17.336 0.013 3.98 833.0
2457441.85480 17.376 0.016 4.78 793.0
2457442.87459 17.353 0.014 4.19 712.0
2457443.87942 17.333 0.015 5.27 630.0
2457444.85714 17.387 0.016 5.37 593.0
2457445.85145 17.377 0.014 4.81 582.0
2457446.86417 17.345 0.011 3.77 535.0
2457447.87225 17.324 0.012 4.28 491.0
2457448.88129 17.374 0.012 4.31 474.0
2457449.83670 17.329 0.020 5.06 1322.0
2457452.84536 17.355 0.011 4.07 451.0
2457453.84239 17.325 0.010 4.24 449.0
2457455.81152 17.352 0.014 5.84 425.0
2457456.81510 17.336 0.016 6.09 526.0
2457457.80133 17.358 0.015 5.36 588.0
2457458.79663 17.338 0.019 7.09 497.0
2457461.79933 17.357 0.011 4.07 466.0
2457462.78240 17.307 0.013 4.74 563.0
2457463.80539 17.341 0.013 5.37 538.0
2457464.87566 17.344 0.011 4.21 496.0
2457465.88405 17.330 0.013 4.39 507.0
2457467.81811 17.380 0.015 5.27 491.0
2457470.77492 17.341 0.023 7.48 763.0
2457470.90347 17.343 0.012 4.19 564.0
2457471.84808 17.353 0.017 5.39 642.0
2457472.79677 17.339 0.017 5.82 644.0
2457473.75851 17.357 0.021 6.19 1000.0
2457474.80001 17.346 0.014 5.11 637.0
2457474.90256 17.363 0.014 5.02 570.0
2457475.83170 17.384 0.019 6.15 653.0
2457476.80448 17.366 0.015 4.88 674.0
2457480.86007 17.352 0.018 6.73 491.0
2457485.77713 17.338 0.014 5.59 371.0
2457486.90790 17.324 0.015 5.85 460.0
2457488.79203 17.339 0.012 4.63 410.0
2457491.80274 17.380 0.013 5.04 412.0
2457492.83195 17.359 0.011 3.90 413.0
2457493.81993 17.347 0.011 4.21 335.0
2457494.81625 17.375 0.011 4.16 388.0
2457495.77693 17.355 0.013 4.36 451.0
2457497.92313 17.345 0.016 5.86 506.0
2457499.68439 17.363 0.020 6.27 832.0
2457499.88533 17.360 0.014 4.59 560.0
2457500.82474 17.325 0.014 4.57 624.0
2457507.89403 17.365 0.012 3.94 615.0
2457509.73176 17.343 0.013 4.67 407.0
2457511.79478 17.341 0.010 3.85 398.0
2457516.71306 17.371 0.013 5.73 487.0
2457523.93976 17.340 0.016 5.35 705.0
2457528.79361 17.359 0.016 4.88 724.0
2457530.68261 17.336 0.018 5.50 999.0
2457530.84806 17.319 0.015 4.78 866.0
2457536.61558 17.347 0.019 6.76 522.0
2457545.76626 17.336 0.013 5.29 396.0
2457546.80893 17.351 0.016 6.04 422.0
2457547.76030 17.324 0.012 4.72 324.0
2457549.62805 17.348 0.012 4.93 337.0
2457552.88681 17.346 0.014 5.84 551.0
2457555.70937 17.341 0.013 4.76 501.0
2457557.64385 17.337 0.014 4.34 658.0
2457561.80208 17.329 0.014 4.60 815.0
2457566.67078 17.336 0.013 5.31 398.0
2457567.59470 17.331 0.015 5.83 546.0
2457568.58834 17.338 0.015 6.24 408.0
2457569.60582 17.348 0.013 5.29 415.0
2457570.78950 17.326 0.013 5.51 409.0
2457573.63174 17.346 0.015 6.35 348.0
2457575.77035 17.353 0.012 4.81 360.0
2457576.77933 17.332 0.013 5.33 343.0
2457581.79614 17.348 0.013 5.41 449.0
2457584.69939 17.341 0.014 5.21 478.0
2457589.70276 17.379 0.018 5.55 862.0
2457590.71284 17.365 0.019 4.69 1423.0
2457593.69311 17.358 0.011 4.80 340.0
2457599.55680 17.369 0.016 6.22 405.0
2457601.69212 17.347 0.012 4.95 307.0
2457602.75950 17.307 0.015 5.75 441.0
2457604.48875 17.361 0.020 7.61 425.0
2457605.50492 17.335 0.014 5.93 348.0
2457606.73275 17.313 0.017 6.82 384.0
2457608.56689 17.363 0.011 4.57 321.0
2457609.68233 17.380 0.014 4.84 380.0
2457611.65370 17.337 0.013 5.06 414.0
2457617.63764 17.373 0.017 4.94 707.0
2457619.52864 17.361 0.019 5.96 722.0
2457622.61887 17.338 0.014 4.91 434.0
2457624.51058 17.360 0.013 4.91 403.0
2457626.51730 17.330 0.012 4.67 422.0
2457631.54421 17.345 0.011 4.07 363.0
2457633.61630 17.330 0.014 5.82 377.0
2457636.62861 17.326 0.014 5.54 410.0
2457639.53977 17.338 0.015 5.37 454.0
2457649.61738 17.339 0.012 4.35 604.0
2457651.49760 17.331 0.012 4.64 453.0
2457652.54993 17.326 0.013 5.58 400.0
2457653.58919 17.367 0.012 4.96 395.0
2457655.59134 17.340 0.017 7.08 431.0
2457657.57869 17.329 0.013 5.02 447.0
2457660.53992 17.341 0.016 6.00 492.0
2457661.58439 17.306 0.015 5.94 474.0
2457664.54207 17.345 0.019 6.89 595.0
2457671.54721 17.347 0.021 5.98 809.0
2457679.51513 17.328 0.022 7.64 555.0
2457807.86256 17.351 0.015 5.85 452.0
2457810.88721 17.356 0.014 5.14 429.0
2457814.87462 17.354 0.013 4.84 437.0
2457817.85927 17.360 0.012 4.10 493.0
2457819.89203 17.314 0.012 4.58 395.0
2457822.85830 17.342 0.015 5.13 560.0
2457824.89906 17.326 0.016 5.23 615.0
2457827.80880 17.311 0.015 5.27 634.0
2457829.81929 17.300 0.022 5.73 1391.0
2457834.86919 17.267 0.016 6.05 609.0
2457836.90055 17.218 0.015 6.44 376.0
2457838.89019 17.174 0.012 5.12 400.0
2457840.89893 17.117 0.009 4.12 337.0
2457842.86248 17.076 0.012 5.63 389.0
2457844.82298 17.069 0.015 7.31 364.0
2457846.77775 17.137 0.011 5.20 341.0
2457847.90876 17.170 0.010 4.35 343.0
2457849.83034 17.245 0.010 4.01 369.0
2457851.75269 17.185 0.015 5.72 588.0
2457853.91733 17.315 0.017 6.61 474.0
2457855.81399 17.282 0.014 4.81 632.0
2457857.85801 17.354 0.021 6.89 660.0
2457862.72086 17.307 0.016 6.07 501.0
2457863.92456 17.331 0.012 3.88 484.0
2457864.88619 17.333 0.011 4.07 394.0
2457866.73496 17.333 0.012 4.68 387.0
2457867.86932 17.336 0.012 4.51 359.0
2457869.79378 17.329 0.011 4.13 354.0
2457871.71091 17.343 0.011 4.41 398.0
2457872.84426 17.342 0.010 3.34 371.0
2457874.66646 17.330 0.017 6.80 479.0
2457875.87986 17.359 0.013 4.74 462.0
2457877.65582 17.311 0.014 5.70 544.0
2457878.81458 17.356 0.011 3.80 411.0
2457880.68219 17.352 0.018 6.82 539.0
2457881.87222 17.380 0.018 5.67 626.0
2457889.92103 17.354 0.023 6.45 998.0
2457893.76395 17.355 0.015 5.45 467.0
2457894.77263 17.334 0.014 5.95 387.0
2457897.70264 17.346 0.015 5.65 396.0
2457902.62904 17.333 0.017 6.87 432.0
2457903.79786 17.345 0.016 6.13 376.0
2457904.80146 17.350 0.011 4.03 326.0
2457905.76812 17.311 0.012 4.78 379.0
2457906.72127 17.359 0.011 3.73 408.0
2457907.74441 17.344 0.011 3.45 495.0
2457908.82811 17.318 0.011 3.85 378.0
2457909.75086 17.376 0.013 3.88 614.0
2457910.64548 17.379 0.015 5.08 550.0
2457910.94735 17.349 0.016 4.95 995.0
2457917.56282 17.318 0.020 6.39 783.0
2457917.89699 17.347 0.020 5.64 886.0
2457922.65126 17.385 0.015 5.26 442.0
2457923.80513 17.330 0.014 4.80 446.0
2457924.76159 17.346 0.012 3.99 378.0
2457925.79606 17.346 0.015 5.72 373.0
2457926.87614 17.305 0.019 7.25 534.0
2457932.83523 17.325 0.014 5.22 439.0
2457933.81559 17.355 0.017 6.63 367.0
2457934.82767 17.339 0.014 5.75 365.0
2457935.86240 17.334 0.011 3.94 367.0
2457936.84745 17.331 0.016 6.60 352.0
2457937.82305 17.351 0.017 6.67 394.0
2457944.60684 17.408 0.017 5.09 752.0
2457945.51875 17.324 0.019 6.30 775.0
2457945.84845 17.361 0.017 5.17 781.0
2457946.81393 17.330 0.014 4.98 495.0
2457948.49370 17.332 0.017 6.90 411.0
2457949.55821 17.383 0.019 5.89 724.0
2457952.81553 17.364 0.015 5.94 362.0
2457954.47438 17.361 0.015 5.11 726.0
2457955.78973 17.335 0.014 5.89 369.0
2457957.64660 17.340 0.013 5.26 361.0
2457958.77091 17.356 0.016 6.51 370.0
2457959.79504 17.353 0.016 6.54 405.0
2457961.56108 17.331 0.013 5.52 450.0
2457962.66427 17.364 0.012 4.59 471.0
2457965.66956 17.338 0.013 4.67 395.0
2457967.58692 17.351 0.017 6.01 493.0
2457972.69004 17.328 0.017 4.88 760.0
2457974.58344 17.335 0.014 4.87 495.0
2457979.57944 17.329 0.013 4.78 413.0
2457981.56201 17.350 0.013 4.57 461.0
2457983.51840 17.374 0.017 6.33 416.0
2457984.65615 17.337 0.014 5.15 364.0
2457987.49596 17.350 0.012 4.03 407.0
2457991.48198 17.361 0.015 5.26 504.0
2457992.64880 17.352 0.014 5.26 397.0
2457994.62460 17.323 0.015 5.78 445.0
2458000.56904 17.345 0.020 6.65 617.0
2458002.63754 17.338 0.022 5.30 1587.0
2458007.59550 17.314 0.015 5.58 424.0
2458012.57519 17.328 0.013 4.52 495.0
2458016.48481 17.324 0.017 6.15 583.0
2458019.56313 17.328 0.013 4.76 398.0
2458029.51363 17.312 0.016 4.97 703.0
2458040.50215 17.296 0.018 5.96 609.0
2458041.49896 17.342 0.015 5.59 512.0
2458053.53254 17.296 0.020 4.92 1155.0
