2457064.87523 18.367 0.029 3.87 684.0
2457066.88567 18.284 0.035 4.30 1053.0
2457070.84546 18.314 0.025 4.58 470.0
2457071.85777 18.327 0.024 4.36 449.0
2457072.86557 18.252 0.029 5.49 474.0
2457074.89420 18.197 0.033 5.43 762.0
2457075.87150 18.327 0.029 5.39 479.0
2457076.87199 18.286 0.022 4.13 442.0
2457077.86935 18.274 0.031 5.90 481.0
2457078.86032 18.284 0.026 4.79 457.0
2457079.90072 18.219 0.048 7.48 717.0
2457082.84952 18.328 0.027 4.94 436.0
2457083.81236 18.286 0.033 5.70 590.0
2457084.80707 18.336 0.038 5.62 721.0
2457086.84611 18.319 0.029 4.26 664.0
2457087.79512 18.313 0.036 4.93 845.0
2457087.90207 18.329 0.030 3.81 770.0
2457088.87329 18.248 0.026 4.34 533.0
2457089.83934 18.278 0.028 4.53 581.0
2457090.79030 18.313 0.034 5.02 719.0
2457091.84822 18.297 0.029 4.67 624.0
2457092.78361 18.301 0.028 4.06 730.0
2457092.87866 18.290 0.025 4.17 570.0
2457097.77041 18.306 0.030 5.72 465.0
2457098.80970 18.266 0.023 4.16 438.0
2457100.79884 18.264 0.025 4.15 529.0
2457108.82558 18.316 0.033 5.97 490.0
2457109.77356 18.357 0.028 5.28 428.0
2457110.78543 18.271 0.020 3.72 418.0
2457110.89673 18.342 0.021 3.78 428.0
2457111.80615 18.324 0.023 4.34 380.0
2457112.82334 18.272 0.025 4.55 463.0
2457113.73584 18.354 0.027 4.62 538.0
2457113.91409 18.338 0.026 4.10 564.0
2457115.88950 18.302 0.023 3.73 486.0
2457125.73422 18.265 0.024 4.51 491.0
2457130.74696 18.270 0.024 4.79 387.0
2457133.90128 18.287 0.028 5.15 472.0
2457135.71331 18.278 0.021 3.91 463.0
2457135.89924 18.297 0.021 3.74 412.0
2457137.69938 18.312 0.021 4.02 381.0
2457137.88533 18.246 0.028 5.41 434.0
2457139.66591 18.274 0.040 6.97 555.0
2457139.87785 18.283 0.025 5.10 414.0
2457141.65810 18.270 0.025 4.26 506.0
2457142.89901 18.249 0.023 4.12 451.0
2457144.66163 18.309 0.038 5.28 759.0
2457145.85888 18.291 0.029 4.16 704.0
2457146.70381 18.324 0.030 3.95 876.0
2457146.84457 18.305 0.035 4.94 899.0
2457147.82513 18.244 0.031 4.92 791.0
2457152.82134 18.284 0.028 4.55 590.0
2457153.65745 18.268 0.024 4.34 496.0
2457155.91368 18.332 0.026 3.81 582.0
2457160.67666 18.314 0.029 4.60 467.0
2457163.89836 18.325 0.030 5.10 545.0
2457169.58829 18.312 0.029 4.89 542.0
2457169.94416 18.243 0.035 5.03 935.0
2457172.57946 18.397 0.043 5.84 763.0
2457172.93077 18.291 0.036 5.86 616.0
2457173.91340 18.357 0.030 4.60 605.0
2457175.63397 18.279 0.033 4.08 1106.0
2457176.90775 18.325 0.041 4.87 1152.0
2457178.72353 18.349 0.034 4.83 765.0
2457179.84993 18.344 0.039 5.94 648.0
2457180.63152 18.267 0.032 5.48 542.0
2457180.80298 18.376 0.029 4.43 484.0
2457181.56943 18.302 0.026 5.10 412.0
2457181.75919 18.281 0.027 5.10 426.0
2457181.92497 18.239 0.035 5.99 553.0
2457182.88508 18.271 0.026 4.75 466.0
2457183.64189 18.313 0.028 5.52 367.0
2457183.82587 18.315 0.029 5.44 405.0
2457184.81745 18.284 0.025 4.72 394.0
2457185.59847 18.309 0.032 6.06 456.0
2457186.63222 18.405 0.044 7.32 494.0
2457186.90297 18.373 0.040 6.33 576.0
2457187.87290 18.292 0.026 4.66 491.0
2457188.65369 18.290 0.034 5.93 442.0
2457188.85311 18.319 0.041 6.86 565.0
2457189.88067 18.359 0.033 5.06 645.0
2457190.68179 18.290 0.025 4.08 526.0
2457190.87034 18.293 0.031 4.46 734.0
2457191.79336 18.238 0.030 6.31 445.0
2457193.64362 18.266 0.020 4.04 344.0
2457193.73476 18.294 0.021 3.77 397.0
2457193.89886 18.248 0.024 4.43 517.0
2457195.82948 18.397 0.021 3.66 771.0
2457196.88234 18.324 0.036 6.01 519.0
2457197.54345 18.270 0.035 6.35 564.0
2457197.71935 18.262 0.024 5.11 350.0
2457198.52587 18.329 0.034 5.58 557.0
2457198.71093 18.311 0.028 5.13 443.0
2457198.88122 18.307 0.038 6.28 599.0
2457199.82983 18.301 0.027 4.85 473.0
2457200.76880 18.312 0.025 3.95 517.0
2457202.74695 18.245 0.035 5.17 776.0
2457206.56110 18.411 0.048 5.14 1105.0
2457206.73589 18.262 0.032 4.10 996.0
2457207.54466 18.201 0.031 4.78 752.0
2457207.70900 18.247 0.032 5.06 679.0
2457208.53313 18.279 0.028 5.29 524.0
2457209.80067 18.296 0.032 4.17 782.0
2457211.76081 18.309 0.025 4.50 460.0
2457214.53020 18.255 0.033 6.31 504.0
2457214.73057 18.272 0.029 5.56 438.0
2457217.75190 18.325 0.028 5.58 376.0
2457220.50104 18.243 0.031 6.23 505.0
2457220.68362 18.329 0.020 3.66 371.0
2457221.48748 18.390 0.036 5.87 539.0
2457221.66988 18.334 0.026 4.84 375.0
2457221.82530 18.381 0.038 6.52 461.0
2457222.63079 18.314 0.029 5.59 468.0
2457223.50334 18.221 0.039 7.44 540.0
2457223.68621 18.280 0.027 5.41 408.0
2457224.52768 18.262 0.026 5.15 452.0
2457224.73321 18.368 0.035 6.50 427.0
2457225.55756 18.298 0.024 4.19 481.0
2457226.57839 18.277 0.026 5.36 425.0
2457226.75906 18.332 0.033 5.86 452.0
2457227.54304 18.241 0.022 4.51 406.0
2457227.72660 18.339 0.026 4.92 382.0
2457228.54570 18.403 0.030 5.01 506.0
2457228.74021 18.336 0.028 4.69 777.0
2457229.57277 18.332 0.022 3.78 448.0
2457235.50063 18.386 0.050 6.90 804.0
2457235.76262 18.258 0.040 5.32 1051.0
2457236.61357 18.301 0.032 5.25 554.0
2457249.61304 18.260 0.030 6.49 363.0
2457250.57493 18.231 0.025 4.87 564.0
2457252.63206 18.251 0.024 5.26 461.0
2457253.57436 18.313 0.024 4.53 378.0
2457255.53252 18.234 0.028 5.79 449.0
2457256.52737 18.360 0.033 5.49 520.0
2457257.59110 18.289 0.025 3.88 669.0
2457258.63060 18.258 0.032 4.93 686.0
2457261.57114 18.306 0.036 5.21 812.0
2457263.53103 18.267 0.027 4.17 712.0
2457263.69403 18.275 0.036 4.21 1325.0
2457264.64334 18.232 0.028 4.75 667.0
2457265.60607 18.257 0.025 4.46 527.0
2457268.56163 18.317 0.023 4.29 397.0
2457270.49595 18.310 0.027 5.04 432.0
2457270.68520 18.334 0.028 5.58 418.0
2457272.48321 18.265 0.038 6.72 573.0
2457273.59661 18.315 0.034 6.35 466.0
2457275.61042 18.350 0.046 5.59 1027.0
2457277.59578 18.337 0.032 6.48 399.0
2457278.58513 18.315 0.026 4.73 433.0
2457281.58577 18.280 0.028 5.66 412.0
2457291.51515 18.300 0.048 7.31 724.0
2457292.52178 18.358 0.053 7.34 801.0
2457293.50635 18.355 0.036 5.22 732.0
2457294.48409 18.326 0.043 7.11 640.0
2457294.60832 18.317 0.044 6.03 1072.0
2457295.59711 18.351 0.035 5.08 672.0
2457299.51832 18.209 0.031 6.42 563.0
2457300.50894 18.298 0.038 7.08 619.0
2457307.56714 18.262 0.029 5.58 501.0
2457312.49701 18.277 0.039 6.23 770.0
2457317.49765 18.282 0.043 5.77 1061.0
2457319.50348 18.279 0.049 7.04 754.0
2457324.50065 18.322 0.053 6.98 809.0
2457332.50696 18.316 0.040 5.73 880.0
2457436.87755 18.295 0.031 5.73 463.0
2457438.83019 18.402 0.037 5.57 659.0
2457439.85495 18.300 0.034 5.48 644.0
2457446.80855 18.280 0.025 4.36 568.0
2457447.81971 18.270 0.025 4.38 536.0
2457448.82233 18.248 0.025 4.91 515.0
2457457.87600 18.317 0.029 5.23 502.0
2457461.86912 18.291 0.021 3.85 411.0
2457470.83523 18.363 0.033 4.99 600.0
2457471.78754 18.276 0.033 5.04 701.0
2457472.85801 18.271 0.029 4.85 561.0
2457474.74897 18.202 0.039 6.52 745.0
2457474.85126 18.240 0.025 4.31 590.0
2457475.78068 18.338 0.042 6.08 722.0
2457476.77394 18.297 0.029 3.92 963.0
2457493.73979 18.273 0.024 4.72 388.0
2457494.73210 18.290 0.021 4.02 391.0
2457495.70649 18.324 0.031 5.42 499.0
2457522.92957 18.284 0.046 6.98 660.0
2457530.70265 18.309 0.042 5.44 996.0
2457552.87479 18.298 0.036 7.31 538.0
2457555.58759 18.306 0.030 5.12 605.0
2457555.91836 18.311 0.033 5.53 572.0
2457557.89259 18.379 0.044 5.81 877.0
2457561.69336 18.259 0.029 3.84 921.0
2457566.55029 18.255 0.031 6.25 468.0
2457566.86994 18.194 0.041 7.17 662.0
2457567.81374 18.348 0.028 4.85 541.0
2457568.83477 18.290 0.037 6.74 529.0
2457569.83120 18.311 0.041 6.33 579.0
2457570.78757 18.314 0.028 5.56 467.0
2457576.74007 18.287 0.023 4.93 339.0
2457577.56261 18.356 0.033 6.56 467.0
2457582.69735 18.368 0.026 4.98 446.0
2457582.71034 18.292 0.027 5.49 415.0
2457590.47503 18.264 0.042 6.80 751.0
2457593.54842 18.277 0.026 5.41 332.0
2457599.51442 18.208 0.032 6.42 445.0
2457600.61856 18.274 0.029 6.09 370.0
2457600.64684 18.273 0.029 6.56 355.0
2457601.78028 18.313 0.033 6.52 416.0
2457602.77003 18.281 0.038 7.01 486.0
2457604.71548 18.301 0.023 4.78 346.0
2457605.56769 18.213 0.023 5.71 342.0
2457605.71902 18.310 0.027 5.24 403.0
2457606.74330 18.247 0.035 7.26 401.0
2457608.52535 18.289 0.027 5.58 368.0
2457608.72719 18.254 0.025 5.26 379.0
2457609.75417 18.313 0.029 5.12 478.0
2457621.59076 18.267 0.035 6.19 571.0
2457622.52955 18.242 0.023 4.66 359.0
2457622.71246 18.292 0.026 4.65 473.0
2457625.53505 18.313 0.025 4.90 424.0
2457626.51488 18.339 0.031 5.51 448.0
2457630.50963 18.238 0.026 5.54 400.0
2457631.48121 18.262 0.029 5.15 506.0
2457631.65997 18.247 0.022 4.91 368.0
2457632.64513 18.336 0.029 5.09 409.0
2457634.52992 18.244 0.032 6.89 383.0
2457636.48263 18.303 0.043 7.40 500.0
2457636.65330 18.269 0.035 6.93 432.0
2457637.64334 18.241 0.027 5.80 420.0
2457643.62284 18.250 0.039 6.09 694.0
2457645.49906 18.244 0.039 5.95 783.0
2457647.61736 18.271 0.043 6.45 753.0
2457649.51107 18.307 0.025 4.27 582.0
2457650.56123 18.383 0.029 5.01 495.0
2457651.59079 18.299 0.034 5.79 635.0
2457653.48507 18.297 0.026 5.19 467.0
2457655.48592 18.316 0.034 6.51 495.0
2457656.57071 18.324 0.033 5.99 452.0
2457659.55640 18.312 0.031 5.53 481.0
2457661.48520 18.266 0.040 6.76 671.0
2457662.55749 18.263 0.031 5.58 548.0
2457667.49378 18.332 0.032 5.37 622.0
2457672.54385 18.226 0.034 5.18 842.0
2457681.51521 18.293 0.036 7.10 503.0
2457791.88450 17.933 0.027 4.42 1160.0
2457792.88729 17.959 0.034 5.51 1333.0
2457793.87873 18.014 0.022 4.68 581.0
2457794.88572 18.026 0.031 5.48 894.0
2457795.88976 18.068 0.034 5.17 1128.0
2457798.86115 18.042 0.023 4.84 583.0
2457800.85199 18.059 0.029 6.05 571.0
2457801.89086 18.121 0.031 4.83 874.0
2457803.87230 18.143 0.031 4.30 1105.0
2457807.84581 18.182 0.025 5.32 434.0
2457808.89657 18.205 0.033 5.48 739.0
2457809.90477 18.163 0.040 4.90 1414.0
2457811.82730 18.206 0.027 5.41 463.0
2457812.85886 18.195 0.024 4.53 462.0
2457814.82775 18.149 0.023 5.02 467.0
2457815.85463 18.196 0.023 4.57 455.0
2457817.84301 18.203 0.025 4.81 500.0
2457818.82922 18.198 0.022 4.47 455.0
2457819.80908 18.226 0.027 5.94 434.0
2457821.81720 18.243 0.031 5.22 569.0
2457822.81261 18.227 0.032 5.21 715.0
2457826.83374 18.243 0.034 5.46 697.0
2457827.82102 18.191 0.028 5.02 600.0
2457830.78207 18.253 0.035 4.55 1109.0
2457830.86931 18.244 0.026 4.54 569.0
2457839.84646 18.276 0.020 4.05 334.0
2457842.77821 18.212 0.026 5.97 370.0
2457847.75006 18.266 0.028 5.86 392.0
2457848.77947 18.263 0.024 4.98 360.0
2457850.83687 18.225 0.024 4.71 380.0
2457855.72914 18.278 0.031 4.68 772.0
2457865.68555 18.276 0.023 4.56 404.0
2457866.69654 18.266 0.022 4.08 402.0
2457867.71540 18.274 0.022 4.33 380.0
2457869.81137 18.268 0.020 3.79 357.0
2457873.87906 18.281 0.023 3.77 424.0
2457875.92990 18.242 0.027 4.56 597.0
2457878.91381 18.293 0.022 3.58 483.0
2457880.67486 18.352 0.035 6.05 531.0
2457881.75085 18.325 0.043 7.16 581.0
2457889.93403 18.286 0.047 6.22 1049.0
2457893.67003 18.274 0.033 6.80 440.0
2457893.92371 18.269 0.026 4.49 535.0
2457894.81263 18.303 0.026 4.76 413.0
2457901.67960 18.215 0.025 5.41 421.0
2457902.66872 18.297 0.031 6.14 406.0
2457904.66225 18.288 0.023 4.78 366.0
2457904.92802 18.330 0.035 6.11 506.0
2457905.79268 18.245 0.023 4.52 432.0
2457906.68312 18.310 0.021 3.66 420.0
2457906.92947 18.310 0.035 5.02 768.0
2457907.89514 18.229 0.027 4.67 769.0
2457909.65414 18.256 0.026 4.21 556.0
2457909.89591 18.286 0.027 4.22 587.0
2457910.69446 18.306 0.025 4.07 524.0
2457911.57978 18.298 0.041 6.07 847.0
2457916.54889 18.242 0.042 6.11 982.0
2457916.76063 18.309 0.025 3.51 679.0
2457917.60123 18.312 0.032 5.08 610.0
2457917.84286 18.280 0.042 6.22 751.0
2457918.86650 18.143 0.061 6.46 1620.0
2457922.56705 18.312 0.044 7.52 576.0
2457923.52106 18.221 0.034 6.62 553.0
2457923.86547 18.347 0.042 7.15 460.0
2457924.50448 18.255 0.037 6.83 580.0
2457924.89453 18.405 0.035 5.64 329.0
2457925.50563 18.237 0.037 6.81 456.0
2457925.57161 18.264 0.037 7.32 353.0
2457925.68063 18.202 0.018 4.01 100.0
2457925.78665 18.306 0.026 5.09 109.0
2457925.86606 18.219 0.027 5.52 383.0
2457925.89097 18.499 0.045 7.00 424.0
2457926.75497 18.302 0.028 5.34 409.0
2457926.87283 18.202 0.035 6.93 436.0
2457928.54385 18.299 0.039 7.47 384.0
2457928.56713 18.273 0.032 6.07 413.0
2457928.60124 18.230 0.026 4.96 282.0
2457928.63364 18.297 0.032 6.02 228.0
2457928.66710 18.290 0.028 5.43 215.0
2457928.88184 18.343 0.051 7.71 525.0
2457929.57004 18.222 0.034 6.88 473.0
2457929.80013 18.379 0.040 7.37 413.0
2457932.60063 18.299 0.034 6.87 419.0
2457932.71933 18.271 0.028 5.95 379.0
2457932.84267 18.335 0.037 6.49 507.0
2457933.51194 18.295 0.039 7.49 446.0
2457933.71450 18.356 0.029 5.98 337.0
2457934.64437 18.277 0.026 5.03 407.0
2457934.85979 18.258 0.031 6.50 407.0
2457935.73872 18.313 0.023 4.36 339.0
2457936.61656 18.288 0.024 4.70 367.0
2457936.86999 18.324 0.033 6.85 413.0
2457937.71075 18.257 0.023 4.45 395.0
2457938.63293 18.238 0.036 6.82 512.0
2457944.55111 18.319 0.032 4.46 761.0
2457944.65340 18.266 0.031 4.81 659.0
2457944.77438 18.250 0.029 4.50 693.0
2457945.57401 18.242 0.028 5.10 534.0
2457945.81120 18.301 0.027 4.24 649.0
2457946.67782 18.248 0.024 4.34 450.0
2457947.57969 18.249 0.027 5.60 416.0
2457948.48581 18.255 0.029 6.14 426.0
2457948.76932 18.279 0.028 5.37 480.0
2457949.69830 18.302 0.034 5.73 566.0
2457953.47201 18.245 0.035 6.28 589.0
2457953.74469 18.306 0.022 4.71 336.0
2457954.66390 18.276 0.021 4.22 319.0
2457956.48394 18.328 0.029 5.15 495.0
2457956.76238 18.295 0.025 5.35 397.0
2457958.61093 18.332 0.035 6.81 413.0
2457959.49489 18.255 0.023 4.85 402.0
2457959.74384 18.281 0.023 4.81 354.0
2457960.64898 18.320 0.026 5.59 313.0
2457961.63043 18.289 0.024 5.17 380.0
2457962.63563 18.228 0.023 4.81 385.0
2457964.65375 18.262 0.027 5.46 417.0
2457966.47720 18.247 0.046 7.99 587.0
2457966.72193 18.208 0.031 6.49 414.0
2457967.72883 18.222 0.035 7.02 537.0
2457971.65782 18.231 0.028 4.19 714.0
2457972.59317 18.286 0.036 5.35 673.0
2457972.70143 18.315 0.037 5.34 774.0
2457973.70202 18.274 0.049 7.34 803.0
2457974.67402 18.256 0.030 5.12 556.0
2457979.57096 18.276 0.022 4.18 412.0
2457980.63670 18.266 0.035 6.09 534.0
2457982.48603 18.317 0.029 5.08 471.0
2457983.55923 18.307 0.027 4.92 407.0
2457984.61684 18.324 0.027 5.27 391.0
2457986.53062 18.289 0.023 4.34 404.0
2457987.60750 18.255 0.022 4.14 459.0
2457991.47388 18.228 0.041 6.00 880.0
2457992.53929 18.318 0.024 4.27 404.0
2457993.60207 18.307 0.024 4.68 387.0
2457998.48414 18.296 0.029 4.40 664.0
2457998.57603 18.295 0.029 4.80 589.0
2458000.51049 18.349 0.040 6.15 580.0
2458000.61191 18.301 0.043 6.54 713.0
2458002.49213 18.333 0.054 6.91 979.0
2458004.51603 18.262 0.033 5.96 528.0
2458008.51408 18.277 0.032 6.07 455.0
2458012.49453 18.262 0.024 4.15 503.0
2458014.53307 18.284 0.026 4.82 463.0
2458016.55525 18.363 0.034 6.30 431.0
2458019.53910 18.284 0.022 4.00 426.0
2458029.53659 18.308 0.039 5.56 720.0
2458037.54015 18.237 0.043 7.21 567.0
2458039.52681 18.255 0.040 7.12 556.0
2458048.50525 18.288 0.026 4.51 505.0
2458054.51107 18.346 0.046 5.27 1146.0
2458056.50618 18.270 0.049 7.21 778.0
