2457060.87973 19.977 0.221 5.98 1039.0
2457061.87393 20.350 0.226 5.49 915.0
2457062.87146 20.530 0.275 5.49 876.0
2457062.88712 20.261 0.291 4.74 1798.0
2457063.88931 19.840 0.178 5.22 1240.0
2457064.88770 19.941 0.221 5.25 1843.0
2457066.87130 19.883 0.209 6.32 1086.0
2457069.85544 19.619 0.121 5.86 730.0
2457070.86744 20.106 0.149 5.86 585.0
2457071.84166 19.771 0.120 5.83 661.0
2457071.87974 19.883 0.112 5.01 596.0
2457072.84950 20.152 0.196 6.40 656.0
2457072.88755 20.192 0.182 5.60 674.0
2457075.84190 20.354 0.286 7.86 653.0
2457076.84314 20.024 0.149 5.69 651.0
2457076.88117 20.370 0.169 4.95 599.0
2457077.84108 20.006 0.204 7.18 671.0
2457077.87841 19.925 0.152 6.13 633.0
2457078.83484 19.956 0.201 7.65 649.0
2457078.86960 19.880 0.108 4.86 593.0
2457079.83353 19.981 0.262 8.54 744.0
2457080.83667 20.248 0.238 7.45 596.0
2457080.85280 20.277 0.228 7.01 584.0
2457081.90386 19.853 0.234 6.59 1476.0
2457082.83367 20.215 0.171 5.81 610.0
2457082.87180 20.200 0.133 4.67 536.0
2457083.82830 20.067 0.215 6.92 693.0
2457083.85161 20.208 0.219 6.67 600.0
2457083.89583 19.911 0.108 4.35 609.0
2457084.83182 20.460 0.204 4.78 803.0
2457084.87589 19.890 0.103 4.38 589.0
2457085.81609 20.229 0.211 5.44 1005.0
2457085.84870 20.550 0.241 4.72 891.0
2457085.89457 19.960 0.115 4.09 738.0
2457086.82627 19.719 0.149 6.06 957.0
2457086.87123 20.212 0.170 4.69 790.0
2457087.88229 19.938 0.137 4.66 805.0
2457088.81320 20.444 0.232 5.48 821.0
2457088.85359 20.271 0.188 4.94 731.0
2457088.89824 19.897 0.141 5.07 739.0
2457089.81813 20.389 0.253 6.13 787.0
2457089.86379 19.907 0.140 5.05 740.0
2457090.82893 20.133 0.181 5.45 750.0
2457090.87312 19.958 0.142 5.36 685.0
2457091.80743 19.829 0.134 5.16 836.0
2457091.82653 20.171 0.181 5.22 819.0
2457091.87162 20.026 0.131 4.55 706.0
2457092.79559 20.017 0.160 5.65 880.0
2457092.81933 20.083 0.154 4.89 797.0
2457092.85940 20.070 0.134 4.25 731.0
2457092.89748 20.059 0.124 4.05 717.0
2457093.86892 20.417 0.219 3.92 1097.0
2457097.78960 20.331 0.169 4.97 615.0
2457097.81003 19.716 0.094 4.86 589.0
2457097.85411 19.888 0.089 4.06 529.0
2457097.89803 19.929 0.081 3.69 513.0
2457098.80340 20.473 0.244 6.18 608.0
2457098.85767 19.884 0.091 3.82 584.0
2457098.90246 20.247 0.134 4.07 585.0
2457099.79933 19.804 0.105 5.11 562.0
2457099.84552 20.109 0.126 4.68 541.0
2457099.90544 20.392 0.153 4.44 565.0
2457100.77886 19.862 0.167 6.59 750.0
2457100.81018 19.896 0.116 4.60 659.0
2457100.85587 20.187 0.139 4.31 607.0
2457100.90381 20.027 0.115 4.26 587.0
2457101.88366 20.209 0.171 5.07 673.0
2457102.83108 19.839 0.141 6.29 592.0
2457102.89300 20.001 0.148 5.73 588.0
2457104.82437 20.548 0.178 4.15 576.0
2457108.82382 20.502 0.283 6.34 650.0
2457108.86865 20.334 0.206 5.67 620.0
2457109.77178 20.701 0.290 6.44 578.0
2457109.81808 20.240 0.162 5.42 539.0
2457109.87507 20.059 0.135 5.14 552.0
2457110.75364 20.213 0.152 5.54 561.0
2457110.78210 19.998 0.106 4.41 564.0
2457110.82697 19.668 0.070 3.82 563.0
2457110.89346 20.106 0.104 3.96 556.0
2457111.76149 19.975 0.138 5.54 644.0
2457111.80289 20.101 0.132 4.86 526.0
2457111.86848 19.979 0.103 4.37 516.0
2457111.91592 20.064 0.146 4.39 784.0
2457112.76594 19.995 0.191 6.30 811.0
2457112.82006 20.507 0.253 5.85 629.0
2457112.87541 19.941 0.109 4.20 616.0
2457113.74015 19.892 0.140 5.68 706.0
2457113.77925 20.360 0.163 4.74 620.0
2457113.82335 20.265 0.143 4.49 605.0
2457113.87877 19.819 0.081 4.02 540.0
2457114.75072 19.898 0.193 6.91 806.0
2457114.78986 19.938 0.128 4.70 719.0
2457114.84578 19.975 0.109 3.96 654.0
2457114.89174 20.007 0.108 3.87 582.0
2457115.80440 20.113 0.168 5.38 686.0
2457115.88617 20.055 0.107 4.00 620.0
2457115.91524 19.803 0.099 4.28 716.0
2457116.75185 20.302 0.267 5.90 933.0
2457116.79979 20.009 0.156 5.00 812.0
2457116.85325 20.127 0.144 4.23 772.0
2457116.90622 19.792 0.102 4.26 755.0
2457117.73091 19.955 0.194 5.84 1116.0
2457117.78164 19.718 0.095 4.11 823.0
2457117.82784 19.849 0.126 4.95 794.0
2457117.88105 19.949 0.101 3.70 740.0
2457118.74152 20.180 0.198 5.02 1028.0
2457118.79129 20.235 0.164 4.32 953.0
2457118.84736 19.941 0.127 4.00 1101.0
2457118.89436 20.133 0.172 3.67 1524.0
2457119.75998 20.164 0.222 5.85 1010.0
2457119.77114 19.955 0.166 5.53 878.0
2457119.81474 19.893 0.152 5.21 835.0
2457119.85866 20.668 0.284 5.11 774.0
2457119.90523 19.832 0.101 3.90 714.0
2457120.73306 20.095 0.179 5.43 937.0
2457120.77417 20.162 0.159 4.79 747.0
2457120.81225 19.986 0.128 4.49 749.0
2457120.85118 19.751 0.090 3.95 693.0
2457120.88851 19.990 0.113 4.07 688.0
2457125.71645 20.266 0.181 5.73 638.0
2457125.76360 20.010 0.189 6.42 663.0
2457125.81258 19.782 0.084 4.01 609.0
2457125.87030 19.928 0.097 3.88 622.0
2457125.91840 20.170 0.135 4.14 673.0
2457126.72674 19.951 0.142 5.95 622.0
2457126.77928 19.735 0.088 4.38 597.0
2457126.84408 20.042 0.103 3.82 601.0
2457126.91102 19.939 0.100 3.85 658.0
2457129.71846 20.450 0.234 6.17 598.0
2457129.76281 20.205 0.142 4.89 546.0
2457129.81582 20.119 0.112 3.99 537.0
2457129.87067 19.939 0.091 3.96 537.0
2457129.91528 20.106 0.134 4.81 573.0
2457130.74368 19.765 0.113 5.46 548.0
2457130.79659 20.061 0.118 4.27 537.0
2457130.85099 20.049 0.136 4.80 550.0
2457130.89692 19.999 0.144 5.28 576.0
2457131.68677 19.809 0.150 6.64 693.0
2457131.73034 20.049 0.144 5.31 622.0
2457131.77384 20.591 0.187 4.40 585.0
2457131.83075 19.982 0.083 3.44 522.0
2457131.88764 20.274 0.131 4.09 557.0
2457131.93232 20.117 0.207 3.76 1891.0
2457132.71124 20.356 0.223 6.28 674.0
2457132.75450 19.845 0.112 4.95 619.0
2457132.80696 19.850 0.090 3.96 571.0
2457133.80730 19.918 0.150 5.83 640.0
2457133.85291 20.058 0.126 4.65 600.0
2457133.89958 20.169 0.162 5.32 611.0
2457134.70945 20.298 0.213 6.26 634.0
2457134.75400 20.262 0.170 5.27 585.0
2457134.79799 19.986 0.120 4.75 580.0
2457134.86469 19.840 0.110 4.93 591.0
2457134.91011 19.874 0.107 4.71 615.0
2457135.69662 19.801 0.109 5.25 631.0
2457135.74073 19.807 0.086 4.05 580.0
2457135.78481 19.848 0.083 3.81 531.0
2457135.85014 19.858 0.073 3.59 506.0
2457135.89756 19.900 0.085 3.71 537.0
2457136.67406 20.091 0.188 6.64 672.0
2457136.71811 19.955 0.137 5.26 649.0
2457136.76143 19.837 0.114 5.01 616.0
2457136.80490 20.222 0.152 4.60 581.0
2457136.87064 20.091 0.133 4.49 582.0
2457136.91575 20.068 0.142 4.77 613.0
2457137.68307 20.266 0.186 6.05 550.0
2457137.72723 20.465 0.155 4.45 512.0
2457137.77166 19.934 0.081 3.61 497.0
2457137.83594 19.798 0.092 4.51 532.0
2457137.88364 19.944 0.134 5.39 571.0
2457137.92744 19.646 0.128 5.47 825.0
2457138.68499 20.276 0.225 6.78 626.0
2457138.72695 19.810 0.113 5.48 534.0
2457138.77236 20.060 0.113 4.31 534.0
2457138.82634 19.838 0.094 4.29 570.0
2457138.88413 19.872 0.103 4.48 598.0
2457138.92852 20.152 0.155 4.42 825.0
2457139.76556 19.923 0.127 5.09 582.0
2457139.82965 20.056 0.131 4.70 552.0
2457139.87614 19.761 0.106 5.21 559.0
2457139.92162 20.129 0.160 5.56 585.0
2457140.68409 20.399 0.228 5.88 701.0
2457140.72410 20.249 0.203 5.49 732.0
2457140.76741 20.156 0.157 5.10 642.0
2457140.83094 19.883 0.156 6.22 641.0
2457140.87586 19.991 0.133 4.90 631.0
2457140.92009 20.267 0.159 4.66 658.0
2457141.67180 20.128 0.154 5.09 672.0
2457141.71584 20.205 0.129 4.31 606.0
2457141.76061 19.874 0.086 3.85 591.0
2457141.81438 19.814 0.080 3.68 572.0
2457141.87333 19.866 0.100 4.05 642.0
2457141.91830 19.953 0.106 3.98 681.0
2457142.66897 19.868 0.117 4.75 715.0
2457142.71207 19.959 0.103 3.89 608.0
2457142.75710 19.905 0.104 3.88 637.0
2457142.80125 20.010 0.103 3.47 594.0
2457142.86772 20.085 0.116 3.81 568.0
2457142.91185 19.638 0.087 4.29 604.0
2457143.66410 20.098 0.177 5.48 767.0
2457143.70951 19.924 0.157 6.00 683.0
2457143.75336 20.171 0.157 4.65 633.0
2457143.79811 20.211 0.141 4.21 614.0
2457143.85322 19.874 0.106 3.87 700.0
2457143.91689 19.860 0.109 4.55 634.0
2457144.70023 19.874 0.220 7.07 864.0
2457144.87212 20.138 0.207 5.05 1164.0
2457145.75076 20.012 0.158 5.00 840.0
2457145.79559 20.507 0.219 4.58 794.0
2457145.84248 19.719 0.115 4.62 905.0
2457145.88795 20.257 0.181 4.60 876.0
2457145.93165 19.952 0.190 5.84 958.0
2457146.70216 19.989 0.148 4.43 1063.0
2457146.73917 19.750 0.116 4.30 995.0
2457146.77622 20.080 0.132 3.83 934.0
2457146.81535 19.937 0.103 3.42 900.0
2457146.85557 19.827 0.122 4.30 1009.0
2457146.89330 19.913 0.133 4.44 1004.0
2457146.93070 19.936 0.182 5.17 1263.0
2457147.70907 19.944 0.185 5.67 989.0
2457147.74659 19.961 0.155 4.87 906.0
2457147.78388 20.519 0.239 4.75 862.0
2457147.82320 20.138 0.158 4.49 842.0
2457147.86336 20.114 0.159 4.51 927.0
2457147.90283 20.019 0.135 4.15 978.0
2457148.87242 20.065 0.205 5.84 980.0
2457150.82081 20.381 0.253 5.28 978.0
2457150.84131 20.055 0.218 6.03 976.0
2457152.78407 19.966 0.116 4.41 734.0
2457152.83094 20.256 0.179 4.68 758.0
2457152.87611 20.271 0.172 4.75 797.0
2457152.92017 20.088 0.170 5.55 818.0
2457153.63926 20.133 0.173 5.84 659.0
2457153.68351 19.975 0.111 4.62 581.0
2457153.72806 19.864 0.088 3.82 598.0
2457153.77173 20.088 0.103 3.55 635.0
2457153.81745 20.126 0.104 3.33 660.0
2457153.86258 19.990 0.104 3.88 713.0
2457153.90811 20.222 0.150 4.47 748.0
2457154.64819 20.188 0.141 5.30 542.0
2457154.69428 20.093 0.117 4.26 569.0
2457154.74354 19.949 0.103 4.10 626.0
2457154.78932 20.026 0.118 4.34 633.0
2457154.85996 20.048 0.111 3.99 601.0
2457154.90370 20.164 0.118 3.85 620.0
2457155.66543 20.498 0.218 5.04 624.0
2457155.71130 20.039 0.122 4.43 575.0
2457155.75547 19.847 0.086 3.80 528.0
2457155.81416 19.834 0.092 3.71 604.0
2457155.86842 19.527 0.088 4.67 663.0
2457155.91207 19.888 0.110 4.19 709.0
2457156.62153 19.774 0.111 5.62 623.0
2457156.66069 20.070 0.115 4.32 550.0
2457156.70733 20.101 0.111 3.85 557.0
2457156.77344 19.664 0.075 3.96 560.0
2457156.88665 19.887 0.104 4.56 637.0
2457157.64502 19.777 0.096 5.06 515.0
2457157.69454 19.951 0.102 4.21 527.0
2457157.75258 20.015 0.105 4.31 517.0
2457157.85614 19.814 0.094 4.01 578.0
2457157.90088 20.070 0.128 4.48 599.0
2457158.63649 20.154 0.212 6.64 637.0
2457158.68057 19.960 0.118 4.79 583.0
2457158.72439 19.910 0.119 5.27 551.0
2457158.76792 20.133 0.145 5.04 569.0
2457158.83586 20.020 0.135 5.24 584.0
2457158.87903 19.890 0.111 4.85 623.0
2457158.92330 20.080 0.168 5.66 696.0
2457159.62278 19.949 0.133 5.29 715.0
2457159.66684 20.068 0.116 4.25 585.0
2457159.71047 20.092 0.118 4.27 583.0
2457159.75533 20.145 0.178 5.66 604.0
2457159.82164 20.071 0.121 4.52 565.0
2457159.86563 20.077 0.173 6.14 586.0
2457159.90961 20.074 0.134 4.95 607.0
2457160.62849 20.147 0.191 5.98 677.0
2457160.67508 20.399 0.206 5.53 618.0
2457160.71863 19.726 0.090 4.21 611.0
2457160.77277 20.239 0.141 4.59 573.0
2457160.82978 19.906 0.104 4.59 548.0
2457160.87328 19.939 0.114 4.88 574.0
2457160.92106 19.890 0.110 4.91 628.0
2457161.62523 20.154 0.170 5.77 646.0
2457161.68791 19.826 0.091 4.33 558.0
2457161.73169 20.040 0.090 3.41 554.0
2457161.79696 20.061 0.096 3.80 543.0
2457161.84180 19.937 0.105 4.45 562.0
2457161.88563 20.202 0.147 4.65 638.0
2457161.93204 20.201 0.149 4.48 763.0
2457162.63099 19.806 0.139 6.23 584.0
2457162.67559 20.115 0.136 4.91 531.0
2457162.71910 19.967 0.127 4.76 569.0
2457162.78469 19.895 0.112 4.68 556.0
2457162.83019 19.902 0.104 4.29 554.0
2457162.87337 20.141 0.133 4.53 571.0
2457162.92067 20.549 0.214 4.85 564.0
2457163.62525 20.190 0.280 7.17 792.0
2457163.67002 19.866 0.148 5.91 643.0
2457163.76859 20.350 0.177 4.69 676.0
2457163.82340 20.336 0.203 5.52 614.0
2457163.86771 20.028 0.161 5.82 637.0
2457163.91139 20.288 0.192 5.27 736.0
2457164.67757 20.204 0.180 5.59 571.0
2457164.74026 20.341 0.173 4.77 540.0
2457164.78757 20.113 0.124 4.38 536.0
2457164.85035 20.178 0.158 5.17 583.0
2457164.89365 20.067 0.144 5.03 637.0
2457166.62882 20.227 0.197 5.57 699.0
2457166.67212 20.032 0.142 5.38 551.0
2457166.72546 19.960 0.125 5.03 556.0
2457166.78362 19.727 0.092 4.43 585.0
2457166.82793 19.941 0.132 5.28 637.0
2457166.91616 19.771 0.117 5.57 671.0
2457168.70174 20.348 0.243 6.74 571.0
2457168.80578 20.354 0.167 5.22 516.0
2457169.61554 20.187 0.168 5.66 635.0
2457169.65990 19.948 0.100 4.41 541.0
2457169.70461 19.900 0.085 3.95 513.0
2457169.77004 19.726 0.068 3.68 491.0
2457169.81520 19.811 0.085 4.43 514.0
2457169.86977 20.169 0.125 4.93 534.0
2457170.58863 19.735 0.125 5.86 699.0
2457170.63255 20.139 0.170 5.78 617.0
2457170.67659 19.899 0.102 4.36 578.0
2457170.72094 20.043 0.138 5.19 580.0
2457170.79047 20.247 0.145 4.75 520.0
2457170.83738 19.925 0.109 4.59 572.0
2457170.88046 19.812 0.101 4.63 611.0
2457171.92698 20.251 0.194 5.13 1196.0
2457172.60691 19.831 0.171 6.26 858.0
2457172.69523 20.028 0.119 3.72 697.0
2457172.76138 19.868 0.147 5.72 707.0
2457172.80555 20.242 0.180 4.90 728.0
2457172.85671 19.844 0.155 5.98 704.0
2457172.90023 20.094 0.166 5.97 672.0
2457173.60513 20.068 0.249 7.07 971.0
2457173.65720 20.376 0.217 5.09 825.0
2457173.71112 19.703 0.103 4.69 761.0
2457173.77680 20.007 0.130 4.23 788.0
2457173.82396 19.756 0.105 4.37 815.0
2457173.86753 20.300 0.196 4.96 871.0
2457173.91186 20.116 0.151 4.99 743.0
2457174.60740 20.031 0.182 5.38 1025.0
2457174.65137 19.709 0.104 4.14 889.0
2457174.69528 20.303 0.190 4.36 842.0
2457174.74088 19.958 0.109 3.57 788.0
2457174.79401 20.139 0.167 4.45 887.0
2457174.83793 19.530 0.096 4.38 962.0
2457174.88433 19.686 0.124 4.62 1023.0
2457174.92798 20.152 0.212 5.37 1035.0
2457175.63245 19.858 0.170 5.14 1311.0
2457175.67987 19.906 0.140 3.99 1229.0
2457175.73083 19.916 0.125 3.79 1112.0
2457175.83247 19.565 0.116 4.55 1157.0
2457175.87524 20.190 0.227 4.94 1323.0
2457176.71073 19.841 0.155 4.87 1323.0
2457176.83042 19.616 0.134 4.69 1206.0
2457176.93441 19.656 0.189 6.48 1568.0
2457177.79161 20.018 0.170 3.35 1902.0
2457178.69061 19.786 0.143 4.54 1100.0
2457178.80877 20.159 0.166 4.44 932.0
2457179.63476 19.864 0.169 5.91 824.0
2457179.67812 20.058 0.169 4.84 787.0
2457179.72245 20.085 0.189 5.76 765.0
2457179.77042 19.646 0.118 5.12 735.0
2457179.86303 19.867 0.179 6.23 820.0
2457179.90780 19.717 0.134 5.67 891.0
2457180.55828 20.225 0.256 7.21 699.0
2457180.60151 19.732 0.187 7.15 752.0
2457180.64454 19.863 0.145 5.43 688.0
2457180.68807 20.053 0.137 4.59 626.0
2457180.73344 19.953 0.125 4.61 603.0
2457180.78692 20.011 0.133 4.59 625.0
2457180.83411 19.743 0.115 5.10 663.0
2457180.87867 20.410 0.217 5.10 753.0
2457180.92232 20.075 0.194 5.42 874.0
2457181.56794 20.352 0.208 6.01 568.0
2457181.61116 20.135 0.130 5.02 502.0
2457181.67042 19.896 0.100 4.39 546.0
2457181.72498 19.991 0.141 5.59 573.0
2457181.77256 20.075 0.149 5.27 570.0
2457181.81703 19.967 0.148 6.01 612.0
2457181.86446 19.881 0.136 5.24 660.0
2457181.90901 20.291 0.232 6.21 685.0
2457182.55663 20.074 0.187 6.70 598.0
2457182.59987 20.335 0.192 5.74 501.0
2457182.64308 19.709 0.080 4.60 454.0
2457182.70588 20.115 0.127 4.59 534.0
2457182.76264 19.695 0.097 5.17 507.0
2457182.80635 20.455 0.247 6.15 548.0
2457182.85351 20.239 0.169 5.03 585.0
2457182.89832 20.043 0.147 5.28 607.0
2457182.94200 20.001 0.178 5.24 995.0
2457183.58208 20.538 0.264 6.52 538.0
2457183.73647 20.185 0.162 5.40 508.0
2457183.78096 20.418 0.206 5.49 535.0
2457183.82438 20.531 0.255 5.73 547.0
2457183.87194 19.922 0.165 6.36 588.0
2457183.91786 20.267 0.212 6.05 622.0
2457184.63239 20.167 0.160 5.08 555.0
2457184.67598 20.542 0.274 6.21 565.0
2457184.74340 20.201 0.187 5.96 521.0
2457184.78709 20.331 0.208 5.85 546.0
2457184.83411 20.192 0.182 6.05 558.0
2457184.87727 19.916 0.128 5.21 594.0
2457184.92164 20.546 0.282 5.83 680.0
2457185.56836 20.028 0.184 6.58 605.0
2457185.61117 20.477 0.234 5.67 588.0
2457185.66357 20.190 0.210 6.45 602.0
2457185.72023 20.024 0.149 5.45 584.0
2457185.76529 20.287 0.228 6.41 575.0
2457185.80827 19.804 0.121 5.60 575.0
2457185.85230 19.994 0.185 6.64 638.0
2457186.65972 19.909 0.177 6.85 624.0
2457186.81479 20.013 0.141 5.12 641.0
2457186.85848 20.200 0.174 5.25 679.0
2457186.90149 19.909 0.189 6.97 708.0
2457187.56651 20.475 0.264 6.23 655.0
2457187.61047 20.151 0.162 5.61 539.0
2457187.66313 19.831 0.101 4.80 506.0
2457187.71949 20.143 0.124 4.55 524.0
2457187.76473 19.893 0.112 4.76 572.0
2457187.80807 19.695 0.106 5.42 583.0
2457187.85718 20.217 0.156 4.72 606.0
2457187.90021 20.202 0.188 5.71 733.0
2457188.56017 20.264 0.236 6.66 635.0
2457188.60937 20.284 0.182 5.29 614.0
2457188.65222 20.112 0.158 5.58 579.0
2457188.70649 20.075 0.119 4.59 559.0
2457188.76743 19.964 0.149 5.73 635.0
2457188.81331 20.147 0.203 6.47 642.0
2457189.53937 20.328 0.266 7.35 735.0
2457189.58489 20.422 0.232 6.14 603.0
2457189.64024 20.020 0.152 5.67 609.0
2457189.69434 20.127 0.129 4.53 605.0
2457189.74236 20.129 0.139 4.70 631.0
2457189.78673 20.094 0.127 4.39 662.0
2457189.83537 20.307 0.175 4.89 678.0
2457189.87919 19.921 0.134 4.94 781.0
2457190.58754 20.243 0.216 6.61 671.0
2457190.64206 19.892 0.118 5.08 650.0
2457190.70109 20.168 0.126 4.08 619.0
2457190.75774 20.079 0.133 4.62 639.0
2457190.80902 20.397 0.209 4.75 793.0
2457190.85358 20.098 0.154 4.58 875.0
2457190.89953 19.988 0.185 5.47 965.0
2457191.63729 19.754 0.108 5.35 629.0
2457191.68286 20.167 0.132 4.90 562.0
2457191.82303 20.176 0.231 7.09 625.0
2457191.87053 20.021 0.188 6.71 689.0
2457193.55670 19.795 0.105 4.94 597.0
2457193.60639 20.225 0.138 4.66 506.0
2457193.64067 19.911 0.100 4.47 483.0
2457193.68395 19.850 0.071 3.49 476.0
2457193.73330 19.939 0.102 4.47 523.0
2457193.78434 19.917 0.097 4.15 556.0
2457193.83659 20.041 0.118 4.73 603.0
2457193.87734 19.814 0.102 4.81 637.0
2457194.61369 19.925 0.109 4.98 529.0
2457194.66982 19.852 0.090 4.07 546.0
2457194.73161 20.438 0.192 4.88 625.0
2457195.54863 19.853 0.103 4.55 985.0
2457195.58197 19.763 0.091 4.37 1053.0
2457196.85711 20.334 0.176 4.80 605.0
2457197.60244 20.166 0.153 5.43 541.0
2457197.64716 19.918 0.094 4.44 488.0
2457197.70274 20.077 0.120 4.97 484.0
2457197.75657 19.979 0.114 5.32 490.0
2457197.80114 19.833 0.127 6.03 561.0
2457197.84871 19.963 0.189 6.96 679.0
2457198.52444 20.024 0.174 6.13 724.0
2457198.56736 19.619 0.114 6.00 639.0
2457198.61018 19.806 0.110 5.42 541.0
2457198.66558 19.737 0.094 4.91 533.0
2457198.72423 19.792 0.098 4.62 587.0
2457198.76777 20.045 0.145 5.48 565.0
2457198.81266 19.791 0.159 5.61 1105.0
2457198.86590 20.046 0.178 6.46 656.0
2457199.51515 20.018 0.178 6.10 792.0
2457199.55835 19.939 0.124 5.10 634.0
2457199.60164 20.030 0.127 5.02 583.0
2457199.64554 20.003 0.092 4.03 510.0
2457199.70265 19.961 0.104 4.47 513.0
2457199.75536 20.097 0.123 4.83 552.0
2457199.79867 19.877 0.102 4.73 567.0
2457199.84346 19.918 0.125 5.35 630.0
2457199.88874 19.882 0.145 5.75 706.0
2457200.52523 20.598 0.244 5.15 805.0
2457200.58339 19.923 0.105 4.05 707.0
2457200.62734 19.627 0.071 4.02 550.0
2457200.67296 19.847 0.075 3.59 539.0
2457200.71983 19.918 0.095 4.02 581.0
2457200.76740 20.107 0.137 4.49 661.0
2457200.81216 20.707 0.289 5.83 707.0
2457200.85833 19.947 0.130 5.14 682.0
2457202.59351 20.198 0.226 5.87 867.0
2457202.64295 20.013 0.178 5.54 812.0
2457202.72524 20.393 0.259 5.64 883.0
2457202.77416 20.477 0.281 5.37 1011.0
2457202.83610 20.115 0.298 6.61 1142.0
2457206.54405 20.084 0.271 6.34 1435.0
2457206.58957 19.553 0.159 6.89 1282.0
2457206.63456 20.438 0.282 5.21 1234.0
2457206.73451 19.762 0.142 4.79 1226.0
2457206.77778 20.158 0.205 4.80 1312.0
2457206.82208 20.250 0.265 5.54 1479.0
2457207.55782 20.209 0.222 5.53 961.0
2457207.60112 19.981 0.132 4.26 868.0
2457207.64532 20.062 0.142 4.48 846.0
2457207.69259 20.754 0.285 4.51 847.0
2457207.73698 20.051 0.192 5.74 904.0
2457207.84912 20.188 0.293 6.38 1211.0
2457208.50637 20.022 0.172 6.73 868.0
2457208.53163 20.384 0.195 5.62 670.0
2457209.68246 20.010 0.138 4.76 715.0
2457209.72666 20.437 0.257 5.56 742.0
2457209.76979 19.967 0.155 5.03 808.0
2457209.81362 20.152 0.247 5.69 1157.0
2457211.54763 20.135 0.162 5.26 649.0
2457211.59047 19.981 0.097 4.15 484.0
2457211.64661 19.904 0.092 4.28 506.0
2457211.70149 20.018 0.117 4.49 546.0
2457211.74500 19.830 0.098 4.33 625.0
2457211.78874 20.352 0.208 5.64 678.0
2457211.83235 20.056 0.201 6.75 776.0
2457214.51265 19.940 0.173 6.65 665.0
2457214.56426 20.305 0.210 6.30 588.0
2457214.61150 20.066 0.150 5.69 644.0
2457214.66534 20.531 0.242 5.83 751.0
2457214.72763 19.817 0.148 6.24 591.0
2457214.81290 20.162 0.225 6.95 1125.0
2457217.55082 20.098 0.250 7.25 661.0
2457217.59771 20.028 0.149 5.48 574.0
2457217.71292 19.977 0.174 6.61 504.0
2457217.82503 20.075 0.134 5.45 583.0
2457217.83017 19.691 0.123 6.31 1011.0
2457219.53703 19.923 0.138 5.55 1154.0
2457219.59286 19.913 0.108 4.98 534.0
2457219.65963 19.983 0.117 5.03 523.0
2457219.70381 20.051 0.139 5.47 543.0
2457220.51389 20.108 0.180 6.31 666.0
2457220.55659 20.143 0.135 5.13 551.0
2457220.61023 20.244 0.136 5.05 504.0
2457220.66790 20.067 0.110 4.81 502.0
2457220.71187 20.120 0.115 4.45 535.0
2457220.75610 19.917 0.102 4.79 536.0
2457220.80455 19.934 0.110 4.86 584.0
2457221.48464 20.185 0.202 6.47 706.0
2457221.57186 20.005 0.140 5.60 579.0
2457221.62660 19.971 0.118 5.26 490.0
2457221.68154 19.980 0.122 4.98 527.0
2457221.72521 20.235 0.149 4.66 547.0
2457221.76872 19.867 0.086 3.92 514.0
2457221.81237 20.514 0.217 5.44 574.0
2457222.48698 19.814 0.167 7.00 731.0
2457222.53979 20.042 0.160 5.84 658.0
2457222.58985 20.042 0.134 5.25 548.0
2457222.64422 20.009 0.144 5.60 582.0
2457222.66049 20.243 0.164 5.08 680.0
2457222.71980 20.113 0.192 5.81 705.0
2457222.77206 20.145 0.201 5.88 721.0
2457222.82028 20.509 0.292 6.63 724.0
2457223.53286 19.829 0.180 7.29 669.0
2457223.57594 20.195 0.231 6.89 617.0
2457223.63095 20.183 0.166 5.57 556.0
2457223.68489 20.376 0.182 5.18 550.0
2457223.72785 19.913 0.137 5.73 581.0
2457223.77791 20.026 0.183 6.65 608.0
2457224.49687 19.817 0.132 5.92 726.0
2457224.54086 19.969 0.139 5.74 586.0
2457224.58757 20.234 0.174 5.75 533.0
2457224.66138 19.717 0.136 7.01 521.0
2457224.71654 20.293 0.216 6.37 573.0
2457224.76035 20.330 0.233 6.59 571.0
2457225.46800 20.124 0.198 6.00 1129.0
2457225.51273 20.310 0.221 6.03 670.0
2457225.55624 20.480 0.204 4.86 648.0
2457225.60998 19.962 0.102 4.07 587.0
2457226.50056 19.915 0.165 6.52 628.0
2457226.54450 20.020 0.176 6.21 605.0
2457226.60152 20.080 0.108 4.09 537.0
2457226.64719 20.158 0.140 4.75 558.0
2457226.70023 20.004 0.119 5.01 516.0
2457226.74337 20.073 0.136 5.08 571.0
2457226.78607 20.217 0.183 5.65 610.0
2457227.48393 19.937 0.175 5.79 985.0
2457227.52724 20.175 0.196 5.38 917.0
2457227.57061 20.013 0.111 4.72 528.0
2457227.62612 20.026 0.108 4.55 509.0
2457227.68236 20.005 0.091 3.97 492.0
2457227.72528 19.966 0.121 5.36 517.0
2457227.76948 20.347 0.211 6.30 535.0
2457228.47092 19.997 0.186 6.24 834.0
2457228.51537 19.716 0.130 6.05 697.0
2457228.55879 20.063 0.125 4.68 607.0
2457228.61410 19.930 0.119 4.91 606.0
2457228.66948 20.463 0.240 5.88 583.0
2457228.72214 20.033 0.135 5.38 555.0
2457228.76694 20.385 0.167 5.49 490.0
2457229.48508 19.772 0.119 5.35 727.0
2457229.52806 19.948 0.110 4.02 756.0
2457229.57146 20.028 0.112 4.34 581.0
2457229.61611 19.889 0.098 4.40 575.0
2457229.66406 19.907 0.101 4.30 611.0
2457229.70729 20.514 0.190 4.40 710.0
2457229.75067 19.949 0.131 4.61 852.0
2457229.79349 20.373 0.198 5.31 701.0
2457235.49933 19.965 0.217 6.55 1015.0
2457235.68431 20.136 0.227 6.26 980.0
2457235.73273 20.524 0.287 5.15 1081.0
2457235.78405 19.889 0.228 6.71 1310.0
2457236.51125 19.948 0.222 6.93 865.0
2457236.64234 19.934 0.135 4.56 774.0
2457249.50814 20.590 0.296 6.52 582.0
2457249.57245 19.724 0.130 6.65 549.0
2457249.61176 20.729 0.276 6.01 494.0
2457249.64977 20.553 0.243 6.23 497.0
2457249.72933 20.517 0.291 7.02 570.0
2457252.51894 19.699 0.129 6.35 651.0
2457252.58399 20.339 0.227 6.33 586.0
2457252.65084 20.385 0.195 6.24 598.0
2457252.70145 19.926 0.135 6.46 572.0
2457253.49032 19.925 0.148 5.94 618.0
2457253.55605 20.075 0.138 5.09 526.0
2457253.60399 20.151 0.130 4.78 527.0
2457255.47740 20.044 0.153 5.25 739.0
2457255.53095 19.893 0.129 5.57 579.0
2457255.59133 20.111 0.168 5.74 587.0
2457255.63561 19.947 0.115 4.87 528.0
2457256.49542 19.940 0.157 5.75 719.0
2457256.60922 20.205 0.239 6.16 911.0
2457256.65321 20.287 0.231 6.24 701.0
2457257.57079 20.331 0.219 5.07 1150.0
2457257.63907 20.274 0.168 5.47 692.0
2457257.68136 19.926 0.125 5.18 684.0
2457258.48201 19.847 0.189 5.74 1273.0
2457258.51057 20.207 0.169 4.97 718.0
2457258.52552 20.017 0.166 5.50 795.0
2457258.62007 19.788 0.151 5.79 805.0
2457258.64474 19.953 0.169 5.72 810.0
2457258.67779 20.121 0.212 5.79 908.0
2457261.60638 20.047 0.260 6.51 1250.0
2457263.48004 19.955 0.143 4.76 963.0
2457263.52820 20.625 0.230 4.24 867.0
2457263.57319 19.991 0.128 4.26 869.0
2457263.61740 19.932 0.142 5.04 847.0
2457263.66214 19.842 0.144 4.94 1054.0
2457264.47799 20.243 0.254 5.96 1058.0
2457264.53506 20.139 0.171 4.79 811.0
2457264.57988 20.012 0.146 4.83 808.0
2457264.62425 19.871 0.121 4.55 807.0
2457264.69371 19.850 0.147 5.24 972.0
2457265.51195 19.657 0.087 4.33 665.0
2457265.55816 20.180 0.157 4.89 657.0
2457265.60325 19.825 0.104 4.21 660.0
2457265.67511 20.047 0.141 4.61 728.0
2457265.70876 19.998 0.173 5.57 866.0
2457266.55869 20.254 0.209 6.49 611.0
2457267.52150 20.095 0.164 5.54 577.0
2457267.57850 20.232 0.209 6.05 552.0
2457267.62304 20.107 0.130 4.46 571.0
2457267.69300 20.237 0.213 5.85 671.0
2457268.52104 19.781 0.085 4.34 519.0
2457268.57464 19.877 0.083 4.02 521.0
2457268.63787 19.753 0.075 4.15 531.0
2457268.68342 20.054 0.123 4.86 605.0
2457269.50110 20.080 0.145 5.46 565.0
2457269.55562 19.891 0.107 4.81 541.0
2457269.62260 19.836 0.104 4.95 551.0
2457269.67177 20.048 0.149 5.57 577.0
2457270.47691 20.120 0.163 4.93 762.0
2457270.52319 19.981 0.100 4.24 543.0
2457270.57700 19.894 0.114 5.09 528.0
2457270.62424 19.867 0.111 5.50 505.0
2457270.68698 20.078 0.140 5.59 553.0
2457271.51441 20.135 0.256 7.38 629.0
2457271.56228 19.909 0.139 5.73 541.0
2457273.57893 20.178 0.221 6.81 645.0
2457273.63369 20.146 0.164 5.71 599.0
2457273.67700 20.433 0.250 6.04 681.0
2457274.62657 20.654 0.279 5.70 573.0
2457275.57910 19.953 0.192 5.77 962.0
2457275.62318 20.202 0.261 5.99 1082.0
2457277.52863 20.297 0.203 6.22 540.0
2457278.58385 20.016 0.148 5.46 590.0
2457281.58450 20.341 0.221 6.36 558.0
2457284.53280 20.140 0.170 6.13 662.0
2457284.58659 20.553 0.240 5.77 859.0
2457293.50356 20.337 0.232 5.58 908.0
2457293.56192 20.015 0.123 4.70 654.0
2457294.60550 20.219 0.294 7.51 1058.0
2457295.52921 20.158 0.185 5.78 632.0
2457295.59283 20.066 0.182 5.77 802.0
2457299.51330 20.222 0.225 6.60 747.0
2457311.50303 19.883 0.101 4.29 634.0
2457313.51780 20.145 0.244 6.08 1019.0
2457317.52398 20.103 0.193 5.76 846.0
2457318.52325 19.871 0.152 5.18 935.0
2457322.50199 19.818 0.221 6.72 1158.0
2457324.50922 19.817 0.223 7.46 832.0
2457332.51343 20.294 0.242 5.45 889.0
2457424.87541 19.816 0.140 6.81 782.0
2457425.87143 19.606 0.144 6.81 810.0
2457427.87876 20.006 0.236 7.54 816.0
2457428.87069 19.833 0.122 5.65 698.0
2457429.85673 19.611 0.117 5.88 735.0
2457431.85645 20.526 0.242 5.66 739.0
2457432.86224 20.375 0.237 5.84 660.0
2457437.84680 20.456 0.202 5.60 559.0
2457437.87362 20.292 0.165 4.98 529.0
2457438.86078 20.052 0.165 6.00 643.0
2457439.84526 20.189 0.270 6.64 913.0
2457439.86108 19.969 0.172 5.70 815.0
2457440.84999 20.115 0.167 4.73 957.0
2457440.85945 20.344 0.216 5.08 926.0
2457441.86145 20.552 0.281 5.51 881.0
2457442.82958 19.642 0.165 6.82 982.0
2457442.84143 20.013 0.186 5.97 928.0
2457442.86029 20.138 0.204 5.53 880.0
2457442.88417 20.160 0.179 4.91 845.0
2457442.89829 19.951 0.207 4.78 1607.0
2457443.89532 20.340 0.240 5.66 826.0
2457444.87824 20.033 0.138 4.63 703.0
2457444.89612 20.616 0.252 4.44 816.0
2457445.82373 20.198 0.234 6.80 790.0
2457445.85885 20.129 0.157 5.19 710.0
2457445.89401 19.904 0.103 4.05 672.0
2457446.82147 19.924 0.130 5.18 734.0
2457446.85845 20.189 0.131 4.19 671.0
2457446.89700 19.864 0.108 3.81 868.0
2457447.83172 20.351 0.201 5.30 703.0
2457447.86943 20.471 0.200 4.94 629.0
2457448.85144 20.141 0.166 5.81 629.0
2457448.89396 19.931 0.105 4.50 598.0
2457452.82760 20.292 0.147 4.69 603.0
2457452.87293 19.951 0.094 4.11 532.0
2457453.80124 19.809 0.116 6.14 591.0
2457453.83929 19.879 0.103 4.95 568.0
2457453.89318 19.883 0.093 4.18 547.0
2457454.85474 20.156 0.159 5.45 569.0
2457454.88501 20.180 0.163 5.38 542.0
2457455.81329 20.278 0.209 6.57 563.0
2457455.85826 20.321 0.185 5.62 541.0
2457455.91237 19.810 0.175 5.07 1365.0
2457456.82253 19.787 0.144 6.48 652.0
2457456.87771 20.398 0.221 5.73 600.0
2457457.78803 19.863 0.147 5.68 766.0
2457457.83378 19.960 0.167 5.68 737.0
2457457.88882 20.160 0.162 5.09 616.0
2457458.79535 19.971 0.219 7.79 647.0
2457458.84290 19.941 0.123 5.23 570.0
2457458.89792 20.148 0.120 4.41 536.0
2457460.81235 20.267 0.193 6.00 611.0
2457460.86797 19.990 0.117 4.72 576.0
2457461.78005 19.940 0.131 5.65 613.0
2457461.82481 20.407 0.159 4.22 549.0
2457461.88859 20.217 0.116 3.89 515.0
2457462.77794 19.999 0.144 5.42 702.0
2457462.82648 19.819 0.105 4.91 583.0
2457462.88595 19.904 0.081 3.37 516.0
2457463.82383 20.384 0.169 4.74 562.0
2457463.88575 20.067 0.125 4.51 550.0
2457464.83593 19.944 0.138 5.89 659.0
2457465.78078 20.124 0.173 6.48 623.0
2457465.82552 19.929 0.129 4.96 655.0
2457465.87959 20.140 0.118 3.80 593.0
2457466.85093 20.648 0.211 4.54 684.0
2457466.90124 19.921 0.099 4.14 591.0
2457467.81532 20.334 0.215 5.83 634.0
2457467.86074 20.010 0.110 4.63 509.0
2457467.90567 20.629 0.210 4.83 535.0
2457470.78701 19.899 0.189 6.55 864.0
2457470.83196 20.268 0.181 4.77 756.0
2457470.88505 19.843 0.110 4.45 704.0
2457471.75306 20.001 0.252 7.24 1021.0
2457471.79746 20.324 0.219 5.10 846.0
2457471.84296 19.986 0.151 4.95 783.0
2457471.89944 19.922 0.144 5.27 732.0
2457472.76303 19.859 0.191 6.87 851.0
2457472.85324 20.123 0.165 4.97 709.0
2457472.90995 20.132 0.153 4.69 701.0
2457473.82689 19.979 0.149 4.28 1306.0
2457474.79572 20.440 0.228 5.23 777.0
2457474.83341 20.592 0.239 4.88 728.0
2457474.87216 19.884 0.106 4.11 716.0
2457474.91155 20.063 0.154 4.79 793.0
2457475.77589 19.708 0.190 7.30 906.0
2457475.81406 20.095 0.253 6.75 836.0
2457475.85405 20.310 0.234 5.75 797.0
2457475.89252 19.905 0.115 4.32 746.0
2457476.76961 20.278 0.194 4.98 955.0
2457476.84887 20.643 0.249 4.68 796.0
2457479.82856 20.131 0.233 6.35 849.0
2457480.76443 20.115 0.246 7.83 589.0
2457480.79186 20.099 0.241 7.40 651.0
2457480.86377 20.212 0.223 6.33 640.0
2457480.88166 19.910 0.166 6.35 648.0
2457480.89641 19.710 0.103 5.03 625.0
2457480.91181 19.973 0.191 6.61 663.0
2457484.74817 20.079 0.164 6.12 553.0
2457484.76207 19.933 0.170 7.00 558.0
2457484.77603 20.070 0.180 6.59 548.0
2457484.79558 20.045 0.161 6.12 551.0
2457484.80955 20.370 0.216 6.05 556.0
2457484.82353 20.392 0.209 5.76 552.0
2457484.83760 20.756 0.289 5.85 552.0
2457484.85169 20.512 0.204 5.10 543.0
2457484.87578 19.820 0.121 5.66 546.0
2457484.89000 19.903 0.119 5.37 545.0
2457484.90499 20.281 0.166 5.09 557.0
2457484.92034 20.016 0.136 4.78 712.0
2457485.74011 20.429 0.271 6.86 542.0
2457485.75408 20.030 0.166 6.36 525.0
2457485.76811 19.742 0.119 6.06 512.0
2457485.78214 20.317 0.187 5.55 510.0
2457485.79605 20.240 0.164 5.32 501.0
2457485.81004 20.379 0.176 5.10 499.0
2457485.83067 20.327 0.180 5.37 520.0
2457485.84477 20.004 0.131 5.38 521.0
2457485.85904 20.109 0.135 5.04 520.0
2457485.87373 20.284 0.135 4.44 498.0
2457485.88881 19.918 0.105 4.60 509.0
2457485.90313 20.113 0.115 4.35 510.0
2457485.91761 19.951 0.104 4.22 585.0
2457486.72827 20.360 0.281 7.30 621.0
2457486.74652 19.987 0.203 7.36 602.0
2457486.76049 20.329 0.247 6.69 601.0
2457486.77456 20.313 0.221 6.16 586.0
2457486.78847 20.064 0.180 6.26 577.0
2457486.80242 19.843 0.155 6.66 561.0
2457486.81680 19.922 0.161 6.28 570.0
2457486.83083 19.914 0.142 5.87 563.0
2457486.84508 20.237 0.171 5.26 559.0
2457486.86936 19.993 0.155 5.99 569.0
2457486.88367 20.055 0.149 5.40 574.0
2457486.89997 20.110 0.179 5.89 591.0
2457487.70931 20.067 0.249 8.27 668.0
2457487.72350 20.002 0.177 6.86 618.0
2457487.73754 20.249 0.214 6.64 602.0
2457487.75194 20.097 0.168 6.27 591.0
2457487.76821 20.258 0.179 5.58 600.0
2457487.78443 20.108 0.140 5.15 602.0
2457487.79970 20.190 0.153 5.06 596.0
2457487.81373 20.413 0.200 5.45 603.0
2457487.83970 19.949 0.136 5.63 597.0
2457487.85429 19.772 0.115 5.48 603.0
2457487.86844 19.882 0.103 4.52 580.0
2457487.88290 19.825 0.109 4.87 599.0
2457487.89846 20.104 0.129 4.55 583.0
2457487.91252 19.719 0.088 4.23 625.0
2457487.92663 20.025 0.154 4.67 893.0
2457488.71650 20.120 0.180 6.46 585.0
2457488.73049 20.350 0.193 5.87 570.0
2457488.74513 20.083 0.147 5.58 578.0
2457488.75922 20.164 0.153 5.72 520.0
2457488.77362 19.978 0.127 5.47 526.0
2457488.78918 20.003 0.112 4.67 530.0
2457488.81487 19.886 0.097 4.29 560.0
2457488.83844 19.988 0.100 3.98 596.0
2457488.85283 20.102 0.104 3.69 603.0
2457488.86796 19.584 0.067 3.86 614.0
2457488.88273 20.085 0.105 3.73 634.0
2457488.89808 20.055 0.110 4.00 641.0
2457488.91266 20.107 0.120 4.26 614.0
2457488.92670 19.846 0.109 4.27 853.0
2457489.77502 20.366 0.222 6.18 1009.0
2457489.79553 19.751 0.112 5.60 679.0
2457489.81743 19.935 0.133 5.59 831.0
2457489.83850 20.168 0.150 5.19 644.0
2457489.89821 19.915 0.116 5.03 708.0
2457489.92081 19.937 0.118 5.08 587.0
2457489.93507 19.940 0.243 5.28 2041.0
2457491.70117 20.165 0.280 8.48 635.0
2457491.71507 19.867 0.147 6.76 595.0
2457491.72908 20.050 0.186 7.08 587.0
2457491.74296 19.892 0.176 7.42 592.0
2457491.77150 20.032 0.147 5.91 562.0
2457491.78564 20.124 0.154 5.79 548.0
2457491.79991 19.957 0.124 5.26 545.0
2457491.82368 20.088 0.130 5.05 516.0
2457491.83778 20.001 0.104 4.46 503.0
2457491.86204 20.084 0.110 4.30 503.0
2457491.87635 19.926 0.084 3.83 483.0
2457491.89140 19.919 0.086 3.97 481.0
2457491.90657 20.389 0.127 3.93 480.0
2457491.92074 19.952 0.102 4.53 532.0
2457492.73726 19.800 0.117 5.90 539.0
2457492.75684 20.526 0.193 4.90 542.0
2457492.77253 20.230 0.153 5.21 535.0
2457492.78833 19.973 0.112 4.78 546.0
2457492.82156 19.952 0.091 3.92 522.0
2457492.84661 20.009 0.094 3.96 531.0
2457492.86262 19.881 0.082 3.63 531.0
2457492.87939 19.942 0.087 3.70 546.0
2457492.90482 19.838 0.089 4.16 546.0
2457492.92061 19.962 0.110 4.35 650.0
2457493.70362 19.723 0.130 6.27 651.0
2457493.71926 20.210 0.178 5.80 581.0
2457493.74306 20.244 0.174 5.57 529.0
2457493.75866 20.071 0.143 5.43 519.0
2457493.77429 20.002 0.129 5.55 496.0
2457493.80001 20.348 0.153 4.74 480.0
2457493.83311 20.063 0.096 3.86 460.0
2457493.84896 20.080 0.091 3.88 414.0
2457493.86497 19.890 0.071 3.68 437.0
2457493.88180 20.019 0.093 4.04 456.0
2457493.90618 20.011 0.103 4.48 470.0
2457493.92182 20.047 0.126 4.67 597.0
2457494.69899 19.970 0.133 5.68 592.0
2457494.71474 20.344 0.171 5.27 575.0
2457494.73874 20.133 0.153 5.59 543.0
2457494.75501 20.008 0.108 4.50 509.0
2457494.77358 20.056 0.121 4.97 490.0
2457494.79922 19.846 0.088 4.28 488.0
2457494.83258 19.976 0.095 4.05 494.0
2457494.84901 20.039 0.103 4.11 522.0
2457494.86552 19.952 0.088 3.72 525.0
2457494.88226 19.779 0.077 3.77 554.0
2457494.90721 20.128 0.114 4.07 576.0
2457494.92286 20.076 0.131 4.26 795.0
2457495.68444 20.356 0.261 6.77 707.0
2457495.70014 19.667 0.134 6.34 683.0
2457495.72407 20.401 0.245 5.98 661.0
2457495.73975 20.408 0.214 5.49 624.0
2457495.75529 19.970 0.146 5.33 611.0
2457495.77105 20.283 0.181 5.13 586.0
2457495.80382 20.614 0.212 4.72 535.0
2457495.82880 19.995 0.125 4.82 546.0
2457495.84542 20.382 0.192 5.15 554.0
2457495.86177 19.903 0.127 5.27 559.0
2457495.88712 19.850 0.119 5.10 568.0
2457495.90355 20.509 0.218 5.39 567.0
2457495.91920 20.068 0.131 4.83 574.0
2457497.85164 19.713 0.097 4.74 635.0
2457497.87011 20.005 0.136 5.21 615.0
2457497.88713 20.118 0.146 5.02 598.0
2457497.90294 20.374 0.222 5.94 617.0
2457497.92676 20.347 0.247 6.27 714.0
2457498.69881 19.972 0.214 6.99 828.0
2457498.73021 20.470 0.285 6.14 777.0
2457498.75410 19.971 0.144 4.93 748.0
2457498.78044 19.903 0.136 5.02 723.0
2457498.81108 19.738 0.106 4.52 698.0
2457498.83857 20.095 0.160 4.99 702.0
2457498.86405 20.120 0.166 4.92 699.0
2457498.88047 20.586 0.243 4.68 701.0
2457498.89660 20.229 0.157 4.24 719.0
2457498.92177 20.210 0.188 5.66 612.0
2457499.70376 20.168 0.210 5.92 877.0
2457499.71985 20.347 0.257 6.20 825.0
2457499.73563 20.230 0.197 5.55 784.0
2457499.75917 20.321 0.198 5.23 748.0
2457499.77478 19.784 0.113 5.05 722.0
2457499.79117 20.170 0.132 4.12 697.0
2457499.80687 19.856 0.119 4.76 706.0
2457499.83055 19.852 0.118 4.93 680.0
2457499.84658 20.031 0.133 4.61 681.0
2457499.86287 19.957 0.126 4.86 685.0
2457499.87936 19.652 0.104 5.07 689.0
2457499.90358 20.143 0.140 4.49 688.0
2457499.91948 20.414 0.186 4.72 701.0
2457500.67769 20.054 0.242 6.42 1057.0
2457500.68869 20.276 0.252 5.80 990.0
2457500.70428 19.839 0.154 5.45 925.0
2457500.71976 20.014 0.196 6.41 897.0
2457500.75917 20.050 0.206 5.89 830.0
2457500.77483 20.266 0.270 6.45 823.0
2457500.79041 20.298 0.230 5.38 808.0
2457500.81437 20.255 0.195 5.00 779.0
2457500.83000 20.063 0.157 4.68 778.0
2457500.84591 19.829 0.143 5.59 772.0
2457500.86450 20.238 0.199 5.08 773.0
2457500.88842 20.334 0.236 5.56 789.0
2457500.90423 20.456 0.256 5.62 773.0
2457500.91981 20.654 0.290 5.13 790.0
2457507.73876 20.348 0.180 4.76 748.0
2457507.75272 19.756 0.113 5.33 668.0
2457507.76668 19.869 0.119 5.15 670.0
2457507.78115 20.254 0.139 4.19 647.0
2457507.79509 19.757 0.101 4.68 685.0
2457507.80913 20.068 0.118 4.40 648.0
2457507.82341 19.943 0.101 3.87 642.0
2457507.83807 19.887 0.098 3.68 766.0
2457507.85829 19.580 0.083 4.09 832.0
2457507.87236 20.112 0.127 4.23 715.0
2457507.88638 20.056 0.166 5.49 772.0
2457507.90065 20.243 0.155 4.33 744.0
2457507.91929 20.116 0.129 4.06 727.0
2457507.93362 20.280 0.201 4.10 1250.0
2457508.65145 19.796 0.121 6.14 600.0
2457508.66558 20.166 0.155 5.68 560.0
2457508.67973 19.987 0.115 4.80 540.0
2457508.69385 20.071 0.122 4.95 552.0
2457508.70780 19.775 0.085 4.20 549.0
2457508.72183 20.165 0.114 4.05 538.0
2457508.73267 19.726 0.074 3.92 526.0
2457508.74669 20.245 0.107 3.38 520.0
2457508.76058 20.075 0.088 3.13 518.0
2457508.77453 19.838 0.069 3.20 508.0
2457508.78867 20.112 0.092 3.26 527.0
2457508.80274 20.056 0.086 3.30 523.0
2457508.81690 19.799 0.082 3.94 528.0
2457508.83168 19.869 0.076 3.43 533.0
2457508.84693 20.222 0.128 4.05 563.0
2457508.86140 19.821 0.094 4.10 587.0
2457508.87595 19.957 0.103 4.33 583.0
2457508.89009 19.958 0.118 4.90 602.0
2457508.90546 20.096 0.134 4.88 616.0
2457508.91964 20.362 0.153 4.48 621.0
2457508.93353 19.894 0.155 4.41 1530.0
2457509.72586 19.900 0.132 5.66 547.0
2457509.74003 20.257 0.180 5.37 561.0
2457509.75413 20.610 0.260 5.43 570.0
2457509.76843 20.463 0.186 4.60 556.0
2457509.78249 20.072 0.127 4.60 550.0
2457509.79738 20.441 0.171 4.46 551.0
2457509.81234 20.632 0.283 6.23 585.0
2457509.82703 20.313 0.158 4.64 576.0
2457509.84254 20.012 0.114 4.37 581.0
2457509.85691 20.429 0.215 5.41 607.0
2457509.87102 20.223 0.148 4.82 594.0
2457509.88545 20.608 0.220 4.99 609.0
2457509.89965 19.855 0.108 4.93 613.0
2457509.91383 20.158 0.150 5.05 628.0
2457511.68008 20.127 0.135 5.38 562.0
2457511.69448 19.851 0.128 6.07 571.0
2457511.70850 20.249 0.146 5.02 548.0
2457511.72247 20.261 0.145 4.91 534.0
2457511.73651 19.999 0.094 4.08 516.0
2457511.75058 19.959 0.097 4.30 528.0
2457511.76473 20.133 0.108 4.02 513.0
2457511.78886 19.833 0.082 4.09 532.0
2457511.80306 20.129 0.109 4.10 537.0
2457511.82817 19.789 0.080 3.99 550.0
2457511.84309 20.001 0.107 4.31 584.0
2457511.85785 20.018 0.108 4.23 576.0
2457511.87210 19.671 0.074 4.07 588.0
2457511.88674 19.925 0.112 4.88 610.0
2457511.90077 19.749 0.088 4.74 571.0
2457511.91484 19.964 0.097 4.24 583.0
2457511.92879 20.011 0.107 4.16 672.0
2457511.93821 19.955 0.200 4.51 1993.0
2457512.70633 19.997 0.106 4.62 891.0
2457512.72196 20.482 0.162 4.43 914.0
2457512.73355 19.937 0.095 4.17 768.0
2457512.74514 20.172 0.119 4.21 609.0
2457512.75560 20.039 0.097 3.93 757.0
2457512.76610 20.020 0.092 3.74 667.0
2457512.77546 20.356 0.139 4.07 571.0
2457512.78486 20.295 0.126 4.18 609.0
2457512.79519 20.059 0.114 4.56 519.0
2457512.81880 19.877 0.082 3.79 508.0
2457512.83401 19.932 0.095 3.96 508.0
2457512.85747 19.676 0.077 4.36 513.0
2457512.87187 19.818 0.091 4.47 530.0
2457512.88584 20.075 0.113 4.43 547.0
2457512.89996 19.823 0.096 4.53 586.0
2457512.91394 20.141 0.122 4.39 592.0
2457512.93219 19.637 0.101 4.10 1188.0
2457516.63750 19.718 0.154 7.42 649.0
2457516.65223 20.087 0.188 6.93 617.0
2457516.66958 19.897 0.169 7.29 570.0
2457516.68769 19.938 0.160 7.06 557.0
2457516.70972 20.461 0.232 6.39 611.0
2457516.72613 19.632 0.094 5.57 614.0
2457516.77301 20.228 0.171 5.57 955.0
2457518.79167 20.128 0.192 6.39 737.0
2457518.88388 20.382 0.255 6.23 892.0
2457518.90457 20.578 0.286 5.98 888.0
2457519.81185 19.981 0.148 5.62 732.0
2457522.78652 20.202 0.168 5.22 743.0
2457522.81316 20.367 0.299 7.17 668.0
2457522.84600 20.208 0.221 6.22 711.0
2457522.91712 19.991 0.187 6.27 765.0
2457523.84351 20.231 0.147 4.78 601.0
2457523.85874 20.117 0.139 5.14 595.0
2457523.87294 20.176 0.139 4.88 593.0
2457523.88708 20.029 0.131 5.14 609.0
2457523.90111 20.411 0.203 5.57 626.0
2457523.91517 19.779 0.112 5.25 642.0
2457523.92925 20.589 0.227 5.18 641.0
2457523.94322 19.703 0.202 6.48 1476.0
2457526.61216 19.799 0.199 8.11 874.0
2457526.63183 20.133 0.242 7.20 876.0
2457526.64702 19.977 0.176 6.10 860.0
2457526.67698 20.403 0.260 6.16 917.0
2457526.69177 20.237 0.271 6.84 917.0
2457526.72216 20.095 0.201 6.28 718.0
2457526.73653 20.020 0.138 5.08 669.0
2457526.75912 19.599 0.158 5.91 2302.0
2457526.78743 20.611 0.246 4.26 874.0
2457526.80308 19.861 0.144 5.80 695.0
2457526.83389 19.632 0.128 5.06 1133.0
2457526.84859 19.895 0.131 5.20 693.0
2457526.86270 20.058 0.147 5.29 655.0
2457526.87776 20.154 0.176 5.56 693.0
2457526.89182 19.672 0.126 6.01 741.0
2457526.90594 20.180 0.201 5.81 765.0
2457527.92352 20.254 0.152 4.51 999.0
2457527.93450 19.533 0.095 5.14 1107.0
2457528.78877 19.973 0.193 5.35 1064.0
2457528.84676 20.091 0.173 4.84 910.0
2457528.87006 19.924 0.152 4.95 918.0
2457528.88484 19.805 0.153 5.47 945.0
2457528.89906 20.508 0.281 5.24 954.0
2457528.91339 20.251 0.240 5.61 941.0
2457528.92747 20.394 0.267 5.65 879.0
2457529.76865 19.920 0.153 5.20 869.0
2457529.79931 19.847 0.213 6.98 952.0
2457529.89316 20.036 0.270 6.88 1099.0
2457530.63731 19.754 0.183 6.29 1268.0
2457530.64996 20.140 0.257 6.37 1197.0
2457530.66611 20.143 0.229 5.92 1155.0
2457530.68073 20.081 0.225 6.18 1115.0
2457530.69770 20.182 0.207 4.93 1118.0
2457530.71726 20.079 0.186 4.94 1084.0
2457530.74281 19.875 0.133 4.57 973.0
2457530.76389 20.268 0.191 4.58 992.0
2457530.78061 20.015 0.157 4.69 989.0
2457530.80165 19.848 0.152 5.05 1102.0
2457530.82070 19.687 0.122 4.90 1030.0
2457530.83750 20.341 0.219 5.01 960.0
2457530.88198 19.988 0.171 5.11 1084.0
2457534.65185 20.107 0.219 7.18 978.0
2457534.67994 19.887 0.149 6.36 786.0
2457534.69459 19.848 0.150 6.64 746.0
2457534.70896 20.205 0.219 6.72 728.0
2457534.72291 20.446 0.261 6.42 725.0
2457534.73774 20.391 0.238 6.00 742.0
2457534.75676 20.106 0.144 4.55 795.0
2457534.77750 20.156 0.135 4.25 695.0
2457534.79157 19.886 0.113 4.34 826.0
2457534.80564 20.006 0.112 4.29 710.0
2457534.81960 19.869 0.110 4.84 706.0
2457534.83674 20.360 0.200 5.41 768.0
2457534.85082 20.181 0.170 5.01 801.0
2457534.86528 20.051 0.217 4.90 1681.0
2457534.88004 20.095 0.156 5.07 841.0
2457534.89722 19.732 0.102 4.13 953.0
2457534.93381 20.017 0.146 4.59 943.0
2457536.58817 19.609 0.147 7.70 630.0
2457536.60570 20.391 0.295 7.39 667.0
2457536.62106 19.840 0.164 7.22 699.0
2457536.64105 20.103 0.218 7.07 686.0
2457536.67097 20.119 0.182 6.07 579.0
2457536.69410 19.886 0.120 5.31 562.0
2457536.70806 20.026 0.129 4.75 577.0
2457536.73124 19.719 0.098 5.05 566.0
2457536.74624 20.514 0.205 4.86 605.0
2457536.76080 20.599 0.227 4.91 614.0
2457536.77518 19.906 0.111 4.54 599.0
2457536.78928 20.005 0.138 5.08 598.0
2457536.80340 20.775 0.270 5.16 591.0
2457536.81747 19.955 0.122 4.80 595.0
2457536.83174 20.233 0.155 4.53 608.0
2457536.84578 19.882 0.118 4.82 628.0
2457536.85987 20.561 0.223 4.79 640.0
2457536.87395 19.880 0.128 4.43 811.0
2457536.89149 20.724 0.290 4.53 1041.0
2457536.90620 19.734 0.112 4.37 1186.0
2457536.93243 20.016 0.152 4.56 1640.0
2457545.62449 20.082 0.195 6.76 716.0
2457545.63434 20.706 0.286 5.89 684.0
2457545.64364 20.011 0.141 5.76 564.0
2457545.65528 20.209 0.164 5.64 549.0
2457545.66734 20.352 0.195 5.63 562.0
2457545.69298 20.175 0.179 6.58 772.0
2457545.72783 20.239 0.175 5.57 852.0
2457545.73936 19.965 0.129 5.13 544.0
2457545.75163 20.079 0.154 5.62 540.0
2457545.76331 19.930 0.134 5.56 535.0
2457545.77438 19.864 0.130 5.85 527.0
2457545.79846 20.142 0.140 4.80 555.0
2457545.82146 20.181 0.142 4.75 543.0
2457545.83539 20.467 0.205 5.41 553.0
2457545.84977 20.019 0.122 4.66 564.0
2457545.86371 20.205 0.160 5.26 579.0
2457545.87764 19.974 0.130 5.09 609.0
2457545.89321 20.169 0.172 5.53 625.0
2457545.90713 20.221 0.183 5.52 658.0
2457545.92154 20.418 0.237 5.78 687.0
2457545.94536 20.171 0.218 5.73 931.0
2457546.63452 20.402 0.280 7.39 578.0
2457546.64841 19.848 0.167 7.39 554.0
2457546.65692 20.287 0.233 7.19 540.0
2457546.66817 20.390 0.288 7.43 493.0
2457546.68240 19.968 0.129 5.73 463.0
2457546.69998 20.096 0.149 5.83 466.0
2457546.71392 20.522 0.186 5.08 462.0
2457546.72868 20.260 0.169 5.75 487.0
2457546.74622 19.925 0.122 5.39 527.0
2457546.76038 20.209 0.159 5.51 524.0
2457546.77436 20.064 0.165 6.17 555.0
2457546.78842 20.032 0.130 5.08 536.0
2457546.80279 19.757 0.103 5.01 551.0
2457546.81711 19.921 0.150 6.20 587.0
2457546.83116 20.368 0.200 5.48 596.0
2457546.84528 19.997 0.169 6.29 625.0
2457546.85939 19.921 0.136 5.27 662.0
2457546.87338 20.427 0.218 5.25 677.0
2457546.92947 19.843 0.163 6.13 772.0
2457547.55578 20.011 0.226 7.81 608.0
2457547.56977 20.292 0.268 7.49 601.0
2457547.58378 20.179 0.260 7.64 598.0
2457547.59792 20.252 0.212 6.51 553.0
2457547.61181 20.159 0.183 6.28 530.0
2457547.62615 19.670 0.107 5.79 500.0
2457547.64043 20.050 0.174 6.63 490.0
2457547.65471 19.993 0.135 5.78 483.0
2457547.67208 19.784 0.090 4.74 473.0
2457547.69045 19.795 0.093 4.90 474.0
2457547.70786 20.200 0.168 5.96 487.0
2457547.72187 20.060 0.136 5.49 476.0
2457547.73630 20.107 0.119 4.75 457.0
2457547.75429 20.026 0.116 4.91 468.0
2457547.76826 20.269 0.158 5.35 469.0
2457547.78228 20.167 0.141 5.35 470.0
2457547.79635 20.031 0.137 5.73 478.0
2457547.81050 20.259 0.156 5.43 479.0
2457547.82466 20.087 0.141 5.52 491.0
2457547.83884 19.998 0.122 5.25 503.0
2457547.85293 19.971 0.123 5.30 508.0
2457547.88089 20.332 0.255 6.97 559.0
2457547.90883 19.961 0.155 5.99 597.0
2457547.92720 20.217 0.167 5.13 607.0
2457547.93649 20.086 0.177 5.78 653.0
2457548.56823 20.345 0.276 7.57 956.0
2457548.57690 19.880 0.146 6.68 869.0
2457548.58985 20.364 0.208 6.37 855.0
2457548.60481 20.385 0.167 5.25 793.0
2457548.62200 20.204 0.162 5.93 822.0
2457548.63735 19.875 0.106 5.21 815.0
2457548.65377 20.232 0.137 5.23 627.0
2457548.66678 19.787 0.095 5.46 651.0
2457548.68020 19.971 0.104 5.03 590.0
2457548.70049 20.523 0.164 4.77 779.0
2457548.71562 19.932 0.081 3.91 789.0
2457548.73107 19.830 0.078 4.31 475.0
2457548.74397 19.672 0.067 4.14 482.0
2457548.76046 19.873 0.083 4.35 617.0
2457548.77333 19.964 0.093 4.36 636.0
2457548.78868 19.973 0.104 4.78 569.0
2457548.80233 19.709 0.096 5.62 543.0
2457548.82375 19.882 0.098 4.89 838.0
2457548.83811 20.047 0.111 4.83 692.0
2457548.85178 20.035 0.117 5.15 694.0
2457548.86684 20.279 0.134 4.74 645.0
2457548.88082 19.976 0.106 4.90 689.0
2457548.89504 20.408 0.161 4.99 818.0
2457548.91016 19.740 0.092 5.12 847.0
2457548.92553 19.951 0.141 6.11 865.0
2457549.57215 19.924 0.156 7.05 758.0
2457549.59707 20.182 0.189 6.86 524.0
2457549.61228 19.929 0.126 6.01 547.0
2457549.62358 20.029 0.124 5.57 480.0
2457549.63750 19.891 0.113 5.83 466.0
2457549.65156 19.852 0.113 5.99 468.0
2457549.66953 20.004 0.105 4.90 447.0
2457549.68407 20.359 0.163 5.38 465.0
2457549.70117 19.968 0.100 4.81 449.0
2457549.71550 20.081 0.121 5.20 450.0
2457549.73039 19.900 0.101 5.06 447.0
2457549.74539 20.343 0.141 4.68 442.0
2457549.75975 20.110 0.115 4.81 447.0
2457549.77371 20.295 0.150 5.41 458.0
2457549.79349 20.308 0.154 5.30 490.0
2457549.80744 20.395 0.169 5.29 496.0
2457549.82149 20.301 0.150 5.21 507.0
2457549.83549 20.646 0.204 5.06 501.0
2457549.84951 20.358 0.176 5.56 508.0
2457549.86348 20.182 0.173 6.09 527.0
2457549.87748 20.285 0.184 5.95 537.0
2457549.89144 20.158 0.190 6.48 566.0
2457549.90552 20.256 0.171 5.35 587.0
2457549.91951 20.637 0.284 6.07 632.0
2457549.93201 20.420 0.292 6.91 663.0
2457550.57147 19.725 0.159 8.09 684.0
2457550.58032 20.150 0.223 7.96 633.0
2457550.59338 19.902 0.148 6.86 535.0
2457550.60659 19.763 0.112 5.96 530.0
2457550.61761 20.576 0.217 5.65 522.0
2457550.63171 19.969 0.187 7.64 537.0
2457550.64588 19.683 0.111 6.19 519.0
2457550.67443 19.981 0.155 6.58 522.0
2457550.68857 20.349 0.156 4.93 500.0
2457550.70765 20.042 0.119 4.91 507.0
2457550.72369 19.884 0.091 4.29 517.0
2457550.74207 19.972 0.113 4.87 553.0
2457550.75757 20.417 0.192 5.32 584.0
2457550.77161 19.663 0.085 4.92 568.0
2457550.78609 20.219 0.138 4.90 600.0
2457550.80001 19.944 0.109 4.85 592.0
2457550.81404 20.152 0.165 5.48 644.0
2457550.82801 19.776 0.105 4.99 636.0
2457550.84210 19.977 0.144 5.70 690.0
2457550.85641 19.992 0.142 5.17 736.0
2457550.87037 20.002 0.147 5.22 724.0
2457550.88435 20.300 0.223 5.94 740.0
2457550.89897 20.162 0.226 6.60 770.0
2457550.92692 19.691 0.167 7.05 804.0
2457551.60557 20.073 0.161 6.04 1137.0
2457552.73642 19.716 0.111 6.24 792.0
2457553.86073 19.859 0.137 6.34 777.0
2457554.54820 19.945 0.255 6.86 1770.0
2457554.58812 19.752 0.148 5.76 1329.0
2457554.60581 20.173 0.189 5.04 920.0
2457554.62205 19.846 0.147 6.04 794.0
2457554.64380 20.273 0.193 5.28 1044.0
2457554.66125 20.092 0.136 4.89 556.0
2457554.68634 19.823 0.107 5.28 555.0
2457554.73332 20.304 0.195 5.87 967.0
2457554.75214 19.617 0.122 5.26 1010.0
2457554.78935 20.129 0.172 5.69 1205.0
2457555.52733 20.154 0.271 6.84 1191.0
2457555.57870 20.172 0.190 5.56 687.0
2457555.59474 19.773 0.127 5.62 723.0
2457555.60944 20.416 0.267 6.35 649.0
2457555.63951 20.079 0.131 4.58 684.0
2457555.65476 19.949 0.118 4.81 666.0
2457555.66996 19.818 0.103 4.63 673.0
2457555.68529 19.927 0.113 4.60 680.0
2457555.70141 20.511 0.201 4.84 673.0
2457555.71792 20.247 0.187 5.50 638.0
2457555.74805 20.031 0.122 4.72 617.0
2457555.76225 19.995 0.123 4.85 622.0
2457555.77633 20.192 0.138 4.53 613.0
2457555.79092 19.904 0.117 4.96 628.0
2457555.80504 19.689 0.093 4.80 610.0
2457555.81956 20.171 0.138 4.70 601.0
2457555.83370 20.149 0.147 5.20 602.0
2457555.85955 19.849 0.100 4.65 560.0
2457555.88257 19.878 0.109 4.65 613.0
2457555.89672 20.035 0.136 4.97 629.0
2457555.91077 20.188 0.156 4.77 680.0
2457557.56312 19.807 0.177 6.43 1039.0
2457557.57775 20.071 0.208 6.42 962.0
2457557.60915 20.281 0.235 6.05 885.0
2457557.62200 19.993 0.175 5.87 858.0
2457557.63775 20.043 0.178 5.76 842.0
2457557.65738 20.506 0.230 4.87 829.0
2457557.67418 20.285 0.167 4.59 809.0
2457557.68719 19.808 0.106 4.38 808.0
2457557.70650 20.639 0.283 5.18 926.0
2457557.72385 20.507 0.283 5.85 907.0
2457557.75884 20.187 0.189 5.41 898.0
2457557.76494 20.181 0.167 4.78 873.0
2457557.79155 20.597 0.260 5.33 868.0
2457557.81832 20.004 0.135 4.45 820.0
2457557.83448 20.033 0.143 4.81 837.0
2457557.85196 19.880 0.133 4.71 890.0
2457557.86865 20.111 0.180 4.83 964.0
2457557.88414 20.192 0.221 5.35 997.0
2457557.89980 20.190 0.204 4.95 999.0
2457557.91300 20.304 0.261 5.78 935.0
2457561.51660 20.046 0.266 6.79 1302.0
2457561.59248 19.983 0.193 5.57 1162.0
2457561.60859 20.215 0.232 5.68 984.0
2457561.62321 19.628 0.111 5.13 911.0
2457561.63824 20.221 0.171 4.38 950.0
2457561.65258 19.902 0.138 4.45 1054.0
2457561.67293 20.128 0.165 4.13 1108.0
2457561.68889 19.749 0.124 4.18 1238.0
2457561.70388 19.955 0.192 3.94 2033.0
2457561.72542 20.122 0.158 4.72 879.0
2457561.74059 20.166 0.167 4.85 889.0
2457561.75559 19.895 0.122 4.43 879.0
2457561.76980 20.301 0.204 5.19 914.0
2457561.78440 20.143 0.173 5.26 931.0
2457561.79599 20.016 0.148 4.80 934.0
2457561.82427 20.487 0.265 5.27 1027.0
2457561.83858 19.832 0.131 4.58 1054.0
2457562.52980 19.680 0.241 7.84 1417.0
2457562.54401 20.143 0.228 6.98 813.0
2457562.57250 20.418 0.257 5.65 914.0
2457562.58927 20.073 0.225 5.63 1522.0
2457562.60529 20.078 0.218 5.62 1483.0
2457562.62353 20.116 0.179 5.66 977.0
2457562.64538 19.918 0.174 5.58 1412.0
2457562.66360 19.857 0.184 5.21 1902.0
2457566.53054 19.831 0.134 5.93 647.0
2457566.54585 20.226 0.232 7.00 644.0
2457566.57416 20.131 0.179 6.16 618.0
2457566.63617 19.898 0.122 5.60 550.0
2457566.65040 20.247 0.152 5.31 523.0
2457566.66466 19.929 0.104 4.68 521.0
2457566.67898 20.045 0.117 4.85 510.0
2457566.69378 20.038 0.135 5.63 501.0
2457566.70839 20.137 0.148 5.31 507.0
2457566.72390 20.147 0.183 6.09 517.0
2457566.73808 20.208 0.176 5.97 558.0
2457566.75215 20.139 0.181 6.14 595.0
2457566.76626 20.225 0.169 5.73 562.0
2457566.78080 20.079 0.135 5.19 573.0
2457566.79489 20.324 0.192 5.57 634.0
2457566.80899 20.163 0.181 5.81 687.0
2457566.82312 20.468 0.210 5.27 672.0
2457566.85136 20.047 0.224 7.12 757.0
2457567.54558 19.847 0.161 6.66 737.0
2457567.56037 19.771 0.137 6.11 727.0
2457567.57435 19.608 0.116 6.32 704.0
2457567.58862 19.846 0.147 6.43 715.0
2457567.61195 20.034 0.175 6.25 685.0
2457567.62749 20.003 0.136 5.06 679.0
2457567.65068 19.970 0.119 4.81 642.0
2457567.66546 19.989 0.117 4.74 622.0
2457567.68050 20.071 0.134 4.98 629.0
2457567.69520 20.041 0.126 4.87 596.0
2457567.70977 20.207 0.139 4.67 603.0
2457567.72384 19.860 0.110 5.12 622.0
2457567.73905 19.962 0.141 5.60 641.0
2457567.75301 20.341 0.181 5.24 644.0
2457567.76704 20.622 0.278 5.75 677.0
2457567.78112 20.013 0.144 5.37 668.0
2457567.79535 19.746 0.102 5.09 620.0
2457567.80928 20.099 0.144 5.09 655.0
2457567.82325 20.031 0.139 5.12 649.0
2457567.83731 19.643 0.100 5.01 686.0
2457567.85132 20.227 0.202 5.75 746.0
2457567.86545 19.864 0.135 5.30 777.0
2457568.56846 19.777 0.138 6.61 575.0
2457568.58225 20.687 0.270 5.98 546.0
2457568.59621 20.121 0.158 5.95 539.0
2457568.61146 20.668 0.290 6.43 533.0
2457568.62543 20.027 0.146 6.04 520.0
2457568.63960 20.115 0.141 5.69 492.0
2457568.66507 20.050 0.132 5.49 499.0
2457568.68021 20.173 0.165 6.08 499.0
2457568.70553 20.153 0.188 6.54 505.0
2457568.71957 20.148 0.209 7.20 515.0
2457568.73405 20.087 0.167 6.30 525.0
2457568.75182 19.990 0.167 6.63 548.0
2457568.76593 19.685 0.114 6.09 571.0
2457568.78008 19.664 0.153 7.77 602.0
2457568.79407 19.860 0.141 5.97 616.0
2457568.80947 20.031 0.157 5.98 637.0
2457569.51515 20.089 0.241 8.02 741.0
2457569.54295 19.685 0.137 7.29 564.0
2457569.55697 20.227 0.180 6.18 557.0
2457569.57086 19.865 0.134 6.24 559.0
2457569.58571 19.841 0.148 6.64 586.0
2457569.59972 20.232 0.203 6.28 567.0
2457569.61396 19.793 0.106 5.39 550.0
2457569.63924 20.079 0.123 4.87 539.0
2457569.65344 19.979 0.124 5.29 534.0
2457569.69443 20.043 0.132 5.33 558.0
2457569.71124 20.089 0.136 5.29 546.0
2457569.72538 20.464 0.219 5.98 543.0
2457569.73972 19.931 0.154 6.43 546.0
2457569.75389 20.385 0.218 6.09 537.0
2457569.76933 19.953 0.143 6.32 561.0
2457569.78351 20.614 0.238 5.78 558.0
2457569.79754 20.364 0.200 5.77 586.0
2457569.81161 19.864 0.144 6.13 629.0
2457570.68299 19.941 0.131 5.86 484.0
2457570.72409 20.192 0.176 6.45 484.0
2457570.76777 20.095 0.160 6.25 601.0
2457570.83390 20.260 0.169 5.28 601.0
2457573.59345 20.587 0.269 6.43 522.0
2457573.64173 20.237 0.231 7.33 512.0
2457573.69505 19.967 0.177 7.09 507.0
2457573.73785 20.124 0.224 7.51 530.0
2457575.53563 20.511 0.299 6.93 550.0
2457575.63751 20.022 0.142 5.85 498.0
2457575.68760 20.293 0.140 4.80 461.0
2457575.72702 20.013 0.115 4.89 492.0
2457575.76565 20.118 0.122 4.82 495.0
2457575.80399 20.041 0.126 5.27 532.0
2457575.84247 20.309 0.175 5.36 587.0
2457576.49408 19.803 0.116 6.05 589.0
2457576.54578 20.057 0.156 6.53 490.0
2457576.61012 19.745 0.095 5.49 472.0
2457576.66107 20.040 0.109 4.82 464.0
2457576.70011 20.243 0.153 5.48 470.0
2457576.73867 20.085 0.139 5.52 463.0
2457576.77625 20.322 0.167 5.30 488.0
2457576.81502 20.155 0.145 4.96 531.0
2457577.53049 19.853 0.178 7.39 568.0
2457577.57555 20.146 0.173 6.07 636.0
2457579.61520 19.945 0.142 6.15 557.0
2457579.67021 19.617 0.092 5.56 520.0
2457579.72424 20.591 0.254 6.39 526.0
2457579.76499 20.198 0.171 5.98 529.0
2457581.74929 19.944 0.124 5.47 616.0
2457581.80520 19.887 0.143 6.19 603.0
2457581.83831 20.293 0.232 6.53 665.0
2457582.69585 20.136 0.195 6.55 615.0
2457582.70892 20.339 0.180 5.48 548.0
2457583.78473 20.270 0.233 6.83 639.0
2457584.52808 20.372 0.270 6.60 733.0
2457584.60487 20.119 0.178 5.75 641.0
2457584.64530 20.073 0.159 5.49 645.0
2457584.68355 20.143 0.158 5.18 637.0
2457584.72174 20.319 0.212 5.81 666.0
2457584.77195 20.409 0.220 5.57 690.0
2457584.81576 20.447 0.278 6.40 732.0
2457589.57157 20.355 0.298 6.28 1063.0
2457589.61279 19.790 0.168 5.79 1100.0
2457589.66199 19.834 0.175 6.06 1006.0
2457589.78435 19.938 0.194 5.37 1274.0
2457590.49887 20.098 0.237 6.83 885.0
2457590.53665 20.446 0.260 5.53 982.0
2457590.57470 20.361 0.171 4.27 799.0
2457590.61476 20.083 0.131 4.26 758.0
2457590.65913 20.071 0.139 4.69 740.0
2457590.69707 20.084 0.142 4.83 744.0
2457590.73475 20.130 0.152 4.97 747.0
2457591.48674 19.782 0.154 7.21 1046.0
2457591.53970 20.026 0.223 6.65 832.0
2457593.51185 20.191 0.154 5.81 498.0
2457593.56869 19.967 0.121 5.58 480.0
2457593.61232 20.040 0.119 4.97 478.0
2457593.65240 20.288 0.156 5.54 489.0
2457593.68992 19.967 0.111 5.33 493.0
2457593.72770 20.001 0.117 5.44 499.0
2457593.76598 20.289 0.156 5.47 525.0
2457593.79882 20.067 0.123 5.09 575.0
2457595.56274 20.044 0.203 7.22 559.0
2457595.64707 20.233 0.282 8.00 571.0
2457596.50435 20.252 0.147 5.53 504.0
2457596.55130 20.382 0.145 4.76 480.0
2457596.61363 19.964 0.117 5.07 871.0
2457599.48622 20.189 0.260 7.16 677.0
2457599.62494 20.114 0.170 6.32 510.0
2457599.69001 20.164 0.164 5.52 519.0
2457599.74795 20.185 0.151 4.79 531.0
2457599.78543 20.685 0.283 5.57 573.0
2457600.49548 20.271 0.280 7.46 583.0
2457600.65788 19.978 0.166 6.70 508.0
2457601.71679 20.268 0.153 5.31 467.0
2457601.76803 20.473 0.215 5.68 518.0
2457602.48671 20.229 0.242 7.15 621.0
2457602.53248 20.372 0.277 7.82 564.0
2457602.57041 20.060 0.180 6.63 538.0
2457602.66629 20.172 0.154 5.51 509.0
2457602.70393 20.050 0.149 5.86 532.0
2457602.74384 20.301 0.231 6.50 593.0
2457603.49947 20.559 0.207 5.45 494.0
2457603.54594 20.310 0.158 5.20 474.0
2457603.59385 20.558 0.203 5.22 473.0
2457603.63202 20.366 0.156 4.99 458.0
2457603.66953 20.284 0.135 4.81 449.0
2457603.70671 20.072 0.137 5.63 471.0
2457603.78425 20.076 0.146 5.55 529.0
2457604.51032 20.101 0.171 6.23 563.0
2457604.58729 20.255 0.148 5.05 473.0
2457604.62548 20.433 0.184 5.53 454.0
2457604.66413 20.141 0.140 5.76 450.0
2457604.70154 19.841 0.094 4.82 465.0
2457605.47672 20.034 0.169 6.40 554.0
2457605.51890 20.097 0.158 6.18 499.0
2457605.56610 19.996 0.118 5.24 467.0
2457605.61758 20.525 0.223 5.63 495.0
2457605.65539 20.087 0.144 5.42 513.0
2457605.69305 20.292 0.195 6.03 525.0
2457605.73021 20.385 0.188 5.00 548.0
2457605.76735 20.005 0.176 6.28 628.0
2457606.67643 20.694 0.289 6.20 493.0
2457607.48923 19.872 0.162 7.36 540.0
2457607.55280 19.870 0.134 6.08 512.0
2457607.60068 20.340 0.216 6.91 473.0
2457607.64456 20.212 0.170 6.31 452.0
2457607.68806 20.470 0.184 5.34 454.0
2457607.73166 20.012 0.132 5.49 484.0
2457608.47599 19.634 0.135 6.85 610.0
2457608.52403 20.002 0.144 6.08 505.0
2457608.60318 20.399 0.147 4.64 475.0
2457608.65121 19.931 0.100 4.75 484.0
2457608.69563 19.983 0.107 4.66 507.0
2457608.74075 20.048 0.128 4.98 551.0
2457609.47684 20.107 0.208 6.61 670.0
2457609.58736 19.853 0.119 5.56 528.0
2457609.67917 20.552 0.227 5.44 523.0
2457609.72445 20.313 0.169 5.18 515.0
2457610.49057 19.895 0.166 7.01 587.0
2457610.53595 19.970 0.171 6.30 557.0
2457610.60581 20.690 0.292 6.04 548.0
2457610.64976 19.983 0.114 4.29 552.0
2457610.69397 20.644 0.217 4.67 572.0
2457611.51064 20.009 0.202 6.07 880.0
2457611.66540 20.041 0.149 5.36 581.0
2457611.74707 19.858 0.173 6.99 613.0
2457612.51089 19.773 0.122 5.30 629.0
2457612.54852 20.672 0.236 4.93 574.0
2457612.58926 20.326 0.181 5.41 590.0
2457612.62705 20.642 0.246 5.42 603.0
2457612.74022 20.252 0.200 5.55 652.0
2457616.51528 19.973 0.159 5.07 966.0
2457616.56391 20.174 0.205 5.52 863.0
2457616.61062 20.173 0.164 4.73 847.0
2457616.65882 20.003 0.189 4.77 1407.0
2457616.71773 19.860 0.116 4.15 971.0
2457617.51163 20.446 0.289 5.84 842.0
2457617.55952 19.771 0.158 5.58 825.0
2457617.64746 19.987 0.165 4.93 847.0
2457617.69125 20.121 0.218 5.22 948.0
2457618.50621 19.909 0.177 5.70 863.0
2457618.55346 20.158 0.198 5.36 822.0
2457618.59684 20.150 0.221 6.07 843.0
2457618.64065 20.415 0.262 5.29 857.0
2457618.68433 20.032 0.215 5.92 977.0
2457621.47556 20.137 0.205 6.30 754.0
2457621.53920 20.310 0.224 6.57 527.0
2457621.58717 20.031 0.164 5.53 792.0
2457621.63926 19.960 0.140 5.82 571.0
2457621.68590 20.166 0.213 6.58 643.0
2457622.49003 20.038 0.148 5.90 519.0
2457622.54310 19.990 0.120 4.85 503.0
2457622.59159 20.249 0.141 4.29 549.0
2457622.65440 20.006 0.118 4.50 565.0
2457622.69682 20.312 0.170 4.85 589.0
2457623.47507 20.183 0.242 5.92 905.0
2457623.52164 19.980 0.114 4.68 537.0
2457623.57626 20.152 0.120 4.14 494.0
2457623.62993 20.147 0.128 4.64 482.0
2457623.67408 20.704 0.287 5.72 556.0
2457623.71561 19.737 0.122 5.80 622.0
2457624.50733 20.064 0.154 5.49 562.0
2457624.57334 20.236 0.176 5.92 519.0
2457624.62179 20.133 0.141 5.16 506.0
2457624.66859 19.808 0.092 4.69 500.0
2457625.49442 19.723 0.101 5.13 571.0
2457625.55792 20.407 0.191 5.47 548.0
2457625.61157 20.200 0.174 5.99 539.0
2457625.65576 20.694 0.271 5.88 518.0
2457626.49722 20.077 0.137 4.95 570.0
2457626.61917 19.883 0.121 4.71 546.0
2457626.66362 20.697 0.243 4.79 538.0
2457630.50791 20.128 0.147 5.16 541.0
2457630.56341 20.184 0.145 4.91 510.0
2457630.60784 20.672 0.274 5.77 518.0
2457630.65254 20.256 0.184 5.70 506.0
2457631.50055 20.361 0.167 4.82 557.0
2457631.55576 19.899 0.090 4.24 496.0
2457631.60043 20.426 0.182 5.18 508.0
2457631.64410 19.915 0.090 4.24 488.0
2457632.49995 20.648 0.262 6.23 504.0
2457632.55542 20.255 0.171 5.20 531.0
2457632.60026 20.284 0.163 4.66 514.0
2457633.61297 20.539 0.255 5.82 539.0
2457633.65498 20.509 0.237 5.45 551.0
2457634.54368 19.898 0.166 6.67 518.0
2457636.49709 19.923 0.177 6.73 587.0
2457636.54911 20.448 0.271 6.72 585.0
2457636.59424 20.243 0.206 6.32 562.0
2457637.55471 19.945 0.114 5.44 504.0
2457637.59857 20.081 0.137 5.67 518.0
2457637.64053 20.414 0.218 5.88 572.0
2457638.52125 20.500 0.296 6.50 766.0
2457638.57918 20.039 0.158 5.31 760.0
2457639.48012 20.121 0.262 6.70 801.0
2457639.53427 20.050 0.163 5.21 605.0
2457639.58971 20.134 0.120 3.97 555.0
2457639.63363 20.030 0.121 4.50 571.0
2457644.56783 19.976 0.249 6.31 1216.0
2457645.53142 19.609 0.205 6.20 1649.0
2457647.51812 19.895 0.247 7.20 1096.0
2457647.56381 20.435 0.224 4.97 812.0
2457647.61450 20.435 0.284 5.73 882.0
2457648.52891 20.025 0.210 6.40 738.0
2457648.57295 19.916 0.157 5.51 771.0
2457649.52354 19.764 0.098 4.60 695.0
2457649.56847 20.089 0.136 4.27 711.0
2457649.61248 20.259 0.152 4.29 756.0
2457650.54372 19.956 0.125 5.31 598.0
2457650.58777 20.653 0.279 5.66 684.0
2457651.53535 20.208 0.169 5.47 646.0
2457652.52304 20.533 0.198 5.38 527.0
2457652.57904 20.279 0.154 5.08 572.0
2457653.52443 20.143 0.120 4.61 532.0
2457653.58590 20.464 0.202 5.61 545.0
2457654.53802 20.166 0.201 6.47 618.0
2457655.55480 20.495 0.218 5.93 539.0
2457656.48277 19.931 0.196 5.90 961.0
2457656.56786 20.422 0.237 5.94 591.0
2457657.52243 20.157 0.182 5.69 587.0
2457659.58573 19.717 0.107 5.02 632.0
2457660.53815 19.923 0.172 6.28 664.0
2457660.58175 19.970 0.194 6.88 650.0
2457661.55368 19.644 0.131 6.77 623.0
2457664.57082 19.923 0.171 5.93 763.0
2457671.51230 19.899 0.197 4.75 1575.0
2457689.50641 19.737 0.109 4.94 721.0
2457690.50701 20.581 0.296 5.81 726.0
2457691.50815 20.332 0.180 4.30 755.0
2457790.87974 19.679 0.143 6.04 1004.0
2457791.87484 20.198 0.193 5.83 730.0
2457792.87182 19.636 0.145 6.64 889.0
2457793.86852 19.966 0.148 5.48 797.0
2457795.88144 20.290 0.297 6.46 1099.0
2457797.85968 19.963 0.214 6.36 1099.0
2457798.85787 20.127 0.198 6.05 779.0
2457800.84712 20.444 0.285 6.58 772.0
2457800.89212 20.358 0.275 5.54 1105.0
2457801.87259 20.209 0.239 5.95 905.0
2457803.85308 20.101 0.235 5.28 1406.0
2457807.82387 20.037 0.175 6.45 606.0
2457807.87045 20.504 0.211 5.29 563.0
2457808.87588 20.437 0.183 5.15 531.0
2457809.82071 20.105 0.225 7.52 646.0
2457809.87067 20.403 0.239 6.38 599.0
2457810.81978 19.669 0.111 5.65 642.0
2457810.86561 19.929 0.113 4.98 565.0
2457811.83628 20.623 0.289 6.22 637.0
2457811.88152 20.343 0.203 5.74 576.0
2457812.85248 20.279 0.169 5.08 605.0
2457812.89728 19.914 0.110 4.27 626.0
2457814.85182 20.431 0.247 6.44 577.0
2457814.89943 20.397 0.186 4.27 783.0
2457815.86546 20.346 0.199 5.46 586.0
2457816.81008 20.259 0.230 6.82 629.0
2457816.85530 20.241 0.174 5.75 572.0
2457817.80647 19.893 0.139 5.67 693.0
2457817.85177 20.007 0.118 4.55 623.0
2457817.89696 19.969 0.105 4.17 645.0
2457818.83797 20.180 0.158 5.17 618.0
2457818.88308 20.345 0.151 4.38 515.0
2457819.81776 20.520 0.266 6.86 594.0
2457819.86955 20.009 0.123 5.04 535.0
2457820.82644 20.200 0.198 6.18 653.0
2457820.87225 20.668 0.232 5.03 594.0
2457821.85516 20.456 0.245 5.67 640.0
2457821.89976 20.244 0.196 5.57 637.0
2457822.88234 20.004 0.130 4.91 605.0
2457823.82312 20.316 0.262 5.86 906.0
2457823.86745 19.910 0.126 4.72 742.0
2457824.86347 19.878 0.180 6.45 801.0
2457825.81064 20.491 0.266 5.72 892.0
2457825.85526 20.099 0.168 5.36 748.0
2457825.89983 20.461 0.205 4.58 757.0
2457826.81368 20.491 0.272 5.64 858.0
2457826.85872 20.098 0.180 5.54 786.0
2457826.90369 19.934 0.132 4.82 793.0
2457827.83261 19.982 0.136 4.91 721.0
2457827.87693 19.913 0.105 4.20 632.0
2457828.80173 20.236 0.206 5.65 787.0
2457828.84631 20.058 0.134 4.62 695.0
2457828.89107 19.915 0.128 5.22 659.0
2457830.79704 19.794 0.178 4.86 1772.0
2457830.83806 20.018 0.140 4.76 769.0
2457830.87642 20.306 0.168 4.61 715.0
2457830.91599 19.948 0.209 4.48 2223.0
2457834.81924 20.236 0.179 5.45 613.0
2457834.86638 20.342 0.244 6.29 659.0
2457834.91344 20.047 0.152 5.24 754.0
2457835.78648 20.302 0.268 7.38 549.0
2457835.86494 20.115 0.182 6.35 538.0
2457835.91178 20.048 0.154 5.39 697.0
2457836.80181 20.008 0.190 7.18 540.0
2457836.85072 20.222 0.142 5.07 485.0
2457836.89775 20.323 0.233 6.65 519.0
2457837.76935 20.408 0.247 6.86 519.0
2457837.81570 20.511 0.202 5.65 475.0
2457837.86221 20.236 0.142 5.04 490.0
2457837.91017 20.321 0.198 5.60 594.0
2457838.78453 20.175 0.179 5.99 573.0
2457838.84007 20.025 0.109 4.56 531.0
2457838.88739 20.528 0.195 5.09 536.0
2457839.75746 19.993 0.106 4.84 475.0
2457839.81683 20.024 0.094 4.18 449.0
2457839.86599 19.979 0.088 3.98 447.0
2457839.91668 20.050 0.125 3.76 862.0
2457840.77476 20.506 0.259 6.54 522.0
2457840.83189 20.032 0.130 5.34 496.0
2457840.87748 19.912 0.110 5.02 485.0
2457841.74657 20.181 0.273 8.34 564.0
2457841.89716 20.187 0.219 6.65 541.0
2457842.79629 20.190 0.161 5.68 503.0
2457842.84274 19.985 0.129 5.51 514.0
2457842.89031 19.953 0.107 4.84 501.0
2457843.76506 20.087 0.141 5.63 490.0
2457843.82042 19.966 0.121 5.54 473.0
2457843.86731 20.008 0.105 4.82 446.0
2457843.91328 20.211 0.141 5.18 477.0
2457844.76160 20.173 0.150 5.69 488.0
2457844.86269 20.709 0.288 6.21 498.0
2457844.91343 20.454 0.236 6.64 533.0
2457845.81018 20.250 0.152 5.15 505.0
2457845.85688 20.097 0.119 4.80 477.0
2457845.90301 20.060 0.105 4.54 460.0
2457846.75657 20.132 0.145 5.62 487.0
2457846.80274 20.159 0.145 5.41 472.0
2457846.84818 19.997 0.119 5.27 478.0
2457846.89433 19.933 0.099 4.69 478.0
2457847.73626 20.219 0.199 6.43 542.0
2457847.78229 19.833 0.112 5.40 506.0
2457847.83835 19.881 0.108 4.99 489.0
2457847.88482 20.244 0.179 5.89 504.0
2457848.71975 19.648 0.128 6.51 650.0
2457848.76522 19.955 0.137 5.99 507.0
2457848.81110 20.062 0.114 4.95 458.0
2457848.86788 19.915 0.088 4.48 446.0
2457848.91671 20.114 0.121 4.75 501.0
2457849.74757 20.205 0.157 5.23 610.0
2457849.79390 20.033 0.099 4.38 481.0
2457849.84960 19.916 0.082 4.03 468.0
2457849.89823 19.853 0.069 3.68 440.0
2457850.72914 20.083 0.185 5.93 698.0
2457850.77562 20.450 0.234 5.50 626.0
2457850.82169 20.033 0.128 5.17 522.0
2457850.87951 20.188 0.142 5.29 494.0
2457851.70751 20.044 0.233 6.90 884.0
2457851.76225 20.266 0.220 6.09 698.0
2457851.80867 20.204 0.160 5.13 604.0
2457851.85542 20.448 0.171 4.84 525.0
2457851.91563 20.153 0.144 5.21 520.0
2457852.83657 20.028 0.148 5.72 582.0
2457852.88524 20.231 0.184 6.09 543.0
2457853.87940 19.841 0.167 6.94 620.0
2457853.91133 20.090 0.200 6.76 602.0
2457854.71589 20.362 0.299 6.76 929.0
2457854.76223 20.602 0.276 5.39 787.0
2457854.81772 20.088 0.129 4.46 688.0
2457854.86663 19.944 0.126 5.26 678.0
2457854.91514 20.096 0.125 3.95 700.0
2457855.76091 19.858 0.120 4.53 841.0
2457855.80798 20.125 0.151 4.51 778.0
2457855.85637 19.933 0.111 4.30 730.0
2457855.91482 20.036 0.140 4.60 748.0
2457856.73915 20.129 0.248 6.75 856.0
2457856.83424 19.759 0.197 7.42 768.0
2457856.89467 20.299 0.288 6.85 756.0
2457857.90440 19.827 0.137 5.36 786.0
2457858.79892 19.911 0.122 5.02 714.0
2457858.83428 20.081 0.156 5.03 783.0
2457858.87553 20.223 0.170 5.15 682.0
2457858.92264 20.186 0.152 4.65 713.0
2457862.71802 20.356 0.225 6.16 622.0
2457862.76466 20.299 0.267 7.06 609.0
2457862.81202 20.327 0.209 5.94 599.0
2457862.92055 20.335 0.162 4.52 583.0
2457863.78985 20.025 0.174 6.52 549.0
2457863.86142 20.301 0.147 4.76 537.0
2457863.92175 20.286 0.147 4.54 582.0
2457864.74825 20.022 0.100 4.31 473.0
2457864.83179 20.001 0.095 4.28 481.0
2457864.88321 19.987 0.091 3.86 509.0
2457865.67467 19.959 0.125 5.57 552.0
2457865.72034 20.090 0.124 5.06 515.0
2457865.76630 19.752 0.088 4.83 500.0
2457865.82455 19.710 0.068 3.72 496.0
2457865.88965 20.039 0.114 4.40 584.0
2457866.68548 20.369 0.182 5.67 554.0
2457866.73209 20.362 0.151 4.74 507.0
2457866.77848 20.080 0.106 4.15 488.0
2457866.84579 20.045 0.090 3.75 492.0
2457866.89607 19.905 0.086 3.88 528.0
2457867.70431 20.057 0.127 5.27 529.0
2457867.75112 20.106 0.095 4.05 464.0
2457867.80702 20.004 0.087 3.95 455.0
2457867.86646 20.061 0.114 4.45 495.0
2457867.91372 20.010 0.108 4.68 496.0
2457868.77665 20.449 0.246 6.60 543.0
2457868.83669 19.779 0.148 6.68 580.0
2457869.69699 19.822 0.121 6.22 523.0
2457869.74473 19.840 0.094 4.66 509.0
2457869.79092 19.777 0.084 4.53 490.0
2457869.85897 19.837 0.086 4.13 509.0
2457869.90743 20.177 0.126 4.26 577.0
2457870.72425 20.291 0.137 5.05 489.0
2457870.77163 20.015 0.088 4.06 471.0
2457870.83828 19.974 0.116 5.40 502.0
2457870.88706 19.965 0.100 4.21 508.0
2457871.70485 20.223 0.131 4.90 526.0
2457871.75161 19.943 0.097 4.37 529.0
2457871.81731 19.943 0.082 3.83 476.0
2457871.87387 19.772 0.087 4.27 516.0
2457871.92626 19.890 0.099 3.83 661.0
2457872.71342 20.420 0.167 5.05 534.0
2457872.76714 19.970 0.090 4.04 511.0
2457872.83695 20.021 0.085 3.75 491.0
2457872.90007 20.125 0.112 4.21 538.0
2457873.66942 20.444 0.196 5.50 578.0
2457873.71585 20.115 0.119 4.42 544.0
2457873.76225 19.816 0.077 3.83 501.0
2457873.80918 19.757 0.072 3.96 480.0
2457873.88054 20.013 0.105 4.31 543.0
2457873.92768 19.833 0.103 4.34 637.0
2457874.69134 19.885 0.136 6.04 596.0
2457874.74644 20.510 0.268 6.15 572.0
2457874.80341 20.234 0.162 5.37 534.0
2457874.85364 20.311 0.176 5.07 590.0
2457874.90086 19.967 0.120 4.79 596.0
2457875.75832 20.418 0.238 6.16 571.0
2457875.83905 19.683 0.079 4.22 842.0
2457875.89635 19.799 0.099 4.39 942.0
2457875.93132 20.258 0.174 4.54 790.0
2457876.68704 20.180 0.195 6.39 685.0
2457876.73406 19.969 0.133 5.69 606.0
2457876.79457 20.047 0.125 4.96 570.0
2457876.85677 19.876 0.105 4.80 554.0
2457876.90380 20.120 0.121 4.60 580.0
2457877.66522 20.267 0.183 5.78 645.0
2457877.71132 19.942 0.107 4.70 581.0
2457877.77772 19.908 0.078 3.64 504.0
2457877.82721 19.893 0.093 3.98 582.0
2457877.87593 20.008 0.121 4.43 634.0
2457878.66061 20.271 0.196 5.80 761.0
2457878.75348 19.992 0.101 4.06 591.0
2457878.81170 19.972 0.094 3.98 542.0
2457878.87225 19.956 0.092 4.13 547.0
2457878.91830 19.973 0.100 4.17 621.0
2457879.68107 20.058 0.165 6.03 653.0
2457879.86467 20.393 0.299 7.12 629.0
2457880.67931 20.170 0.293 7.96 706.0
2457880.72533 20.466 0.237 5.84 647.0
2457880.77166 20.273 0.235 6.34 666.0
2457880.83175 19.972 0.169 6.04 671.0
2457880.88629 19.801 0.161 6.69 653.0
2457881.77030 20.046 0.198 6.73 681.0
2457881.81976 20.235 0.176 5.08 688.0
2457881.86934 20.379 0.285 6.42 781.0
2457882.72553 20.381 0.296 7.01 720.0
2457882.78233 20.089 0.176 5.70 722.0
2457882.84098 20.069 0.178 5.46 849.0
2457882.88806 19.987 0.154 5.36 781.0
2457890.68968 20.088 0.248 7.64 714.0
2457890.75073 20.219 0.233 6.38 749.0
2457890.83516 20.261 0.174 4.75 760.0
2457890.88283 20.332 0.277 6.35 817.0
2457893.63908 20.179 0.224 7.12 617.0
2457893.68673 19.882 0.152 6.44 590.0
2457893.73321 20.264 0.210 6.23 580.0
2457893.80024 19.858 0.148 6.51 582.0
2457893.84726 19.911 0.108 4.84 575.0
2457893.89460 20.534 0.247 5.74 631.0
2457893.93748 20.347 0.255 5.93 878.0
2457894.62471 19.986 0.168 6.89 656.0
2457894.67090 20.223 0.149 5.27 551.0
2457894.72596 19.931 0.106 4.92 519.0
2457894.78287 20.080 0.129 5.20 535.0
2457894.82992 19.747 0.096 5.12 539.0
2457894.87645 19.900 0.123 5.34 593.0
2457895.62128 20.252 0.178 5.95 714.0
2457895.77396 20.104 0.126 4.95 628.0
2457897.64317 20.232 0.231 7.25 602.0
2457897.68074 19.937 0.142 6.04 551.0
2457897.72856 20.274 0.203 6.07 612.0
2457900.90215 20.516 0.282 6.55 599.0
2457901.64884 20.451 0.203 5.71 518.0
2457901.70276 20.380 0.210 5.85 625.0
2457901.78895 20.305 0.150 4.83 522.0
2457901.83683 20.106 0.153 5.29 590.0
2457902.60496 19.856 0.213 8.35 626.0
2457902.71018 20.124 0.143 5.51 521.0
2457902.77070 20.364 0.190 5.66 540.0
2457902.81677 20.295 0.198 5.79 603.0
2457903.77579 20.014 0.200 7.25 536.0
2457903.82316 19.926 0.112 4.92 538.0
2457903.87876 20.238 0.182 5.72 603.0
2457903.93482 20.317 0.290 7.28 692.0
2457904.62230 19.737 0.134 6.84 582.0
2457904.66531 19.885 0.102 5.16 492.0
2457904.72161 20.076 0.104 4.77 457.0
2457904.78107 19.847 0.088 4.61 465.0
2457904.82911 20.081 0.118 4.94 509.0
2457904.87528 20.018 0.143 5.70 574.0
2457904.93110 19.985 0.157 5.89 627.0
2457905.58755 20.220 0.208 6.84 611.0
2457905.63473 20.271 0.175 5.93 542.0
2457905.69045 20.294 0.144 5.21 481.0
2457905.74609 19.897 0.085 4.27 488.0
2457905.79579 20.198 0.135 4.51 540.0
2457905.84320 20.087 0.125 4.35 596.0
2457905.89046 20.141 0.132 4.39 620.0
2457905.93992 19.857 0.135 4.98 861.0
2457906.64533 20.004 0.116 4.94 552.0
2457906.70140 19.937 0.087 3.83 524.0
2457906.76058 19.885 0.091 4.08 545.0
2457906.80839 20.235 0.140 4.27 596.0
2457906.85536 20.078 0.127 4.30 639.0
2457906.90207 20.130 0.149 4.27 761.0
2457906.93895 19.978 0.163 4.85 1000.0
2457907.65535 20.115 0.165 5.52 711.0
2457907.69596 20.281 0.169 5.10 691.0
2457907.73959 20.074 0.115 4.03 674.0
2457907.79616 20.005 0.117 4.27 672.0
2457908.61449 20.044 0.174 6.15 762.0
2457908.66083 20.233 0.173 5.08 709.0
2457908.71647 20.197 0.134 4.37 618.0
2457908.77475 20.057 0.147 4.85 749.0
2457908.82203 19.979 0.100 4.35 541.0
2457908.86850 20.138 0.129 4.51 596.0
2457908.91730 20.492 0.253 5.23 776.0
2457908.93952 19.961 0.165 5.35 928.0
2457909.59294 19.890 0.170 6.41 862.0
2457909.64116 20.492 0.208 4.92 675.0
2457909.69789 20.068 0.129 4.65 641.0
2457909.74641 20.048 0.111 3.99 639.0
2457909.79340 20.102 0.145 4.54 752.0
2457909.83833 19.848 0.103 4.24 686.0
2457909.88250 20.031 0.126 4.13 748.0
2457909.92187 20.234 0.180 4.78 897.0
2457910.56211 19.882 0.193 6.77 950.0
2457910.59492 19.889 0.176 6.44 797.0
2457910.64102 20.026 0.145 5.15 700.0
2457910.69757 20.213 0.145 4.42 657.0
2457910.75773 20.329 0.200 5.29 679.0
2457910.80445 19.878 0.102 4.25 670.0
2457910.85872 20.026 0.126 3.96 947.0
2457910.90683 20.103 0.154 4.98 689.0
2457911.57285 19.950 0.246 7.38 1096.0
2457911.60806 20.145 0.288 7.45 916.0
2457911.65487 20.644 0.277 5.31 783.0
2457911.70090 20.326 0.204 5.41 726.0
2457911.80899 20.323 0.242 5.55 860.0
2457916.83461 19.883 0.181 4.31 1813.0
2457917.59064 20.055 0.231 6.93 810.0
2457917.64070 20.205 0.181 5.23 704.0
2457917.68834 20.254 0.175 5.05 676.0
2457917.73904 19.915 0.121 4.96 683.0
2457917.78632 20.032 0.145 5.13 734.0
2457917.83239 19.844 0.155 5.69 861.0
2457917.87815 20.041 0.188 5.42 990.0
2457917.92168 20.169 0.267 6.09 1175.0
2457918.61747 20.344 0.284 6.91 824.0
2457918.69667 19.935 0.197 5.85 1290.0
2457922.64819 20.023 0.126 5.09 554.0
2457922.71478 20.362 0.224 6.12 586.0
2457923.52571 19.870 0.183 7.34 723.0
2457923.57093 19.916 0.153 6.23 659.0
2457923.61679 20.277 0.219 6.46 604.0
2457923.67993 20.407 0.211 5.86 553.0
2457923.78667 20.585 0.292 6.16 626.0
2457923.83186 19.690 0.120 5.80 641.0
2457923.88671 19.952 0.179 6.32 708.0
2457924.53813 20.399 0.224 6.42 643.0
2457924.58409 20.123 0.166 6.11 579.0
2457924.62985 20.062 0.143 5.26 552.0
2457924.68365 19.916 0.110 4.47 532.0
2457924.74147 20.034 0.120 4.43 559.0
2457924.78773 19.895 0.100 4.07 560.0
2457924.83358 20.125 0.126 3.93 629.0
2457924.88274 20.174 0.154 4.77 702.0
2457925.60783 20.403 0.233 6.45 538.0
2457925.65408 19.827 0.096 5.02 484.0
2457925.71876 20.215 0.163 5.50 506.0
2457925.77478 20.206 0.147 4.95 496.0
2457925.82838 20.117 0.153 5.48 554.0
2457925.87803 20.160 0.184 6.04 609.0
2457925.87985 20.590 0.278 6.06 653.0
2457926.59355 20.108 0.189 7.08 608.0
2457926.72454 20.237 0.211 6.55 552.0
2457926.77503 20.284 0.206 6.15 559.0
2457926.83150 20.308 0.211 6.07 581.0
2457928.58950 20.399 0.208 6.19 513.0
2457928.63849 20.047 0.156 5.91 600.0
2457929.82261 20.265 0.255 7.29 822.0
2457932.63770 20.218 0.158 5.38 535.0
2457932.75613 20.194 0.155 5.55 506.0
2457932.80180 20.378 0.224 6.30 553.0
2457933.58072 20.404 0.276 7.18 541.0
2457933.62695 20.302 0.222 6.75 510.0
2457933.73386 19.969 0.138 6.08 463.0
2457933.79063 20.545 0.253 6.23 513.0
2457933.81927 20.208 0.254 7.62 553.0
2457933.83621 20.178 0.224 7.08 566.0
2457934.57713 20.023 0.139 5.64 551.0
2457934.62294 19.904 0.123 5.71 508.0
2457934.69842 20.057 0.107 4.59 493.0
2457934.73055 20.095 0.117 4.64 500.0
2457934.77731 20.010 0.158 5.93 567.0
2457935.51621 20.055 0.175 6.63 661.0
2457935.56322 20.566 0.230 5.74 562.0
2457935.62961 20.184 0.141 5.12 500.0
2457935.67870 20.313 0.187 5.94 552.0
2457935.72668 19.929 0.098 4.50 477.0
2457935.77324 20.183 0.117 4.63 460.0
2457935.82025 19.823 0.082 4.43 467.0
2457935.87172 19.886 0.099 4.62 528.0
2457935.88327 19.887 0.096 4.52 528.0
2457936.52447 20.298 0.230 6.88 616.0
2457936.57184 20.015 0.128 5.38 528.0
2457936.61979 20.306 0.196 6.35 507.0
2457936.68242 20.127 0.126 5.00 473.0
2457936.73930 19.994 0.122 5.44 481.0
2457936.79668 20.145 0.124 4.86 452.0
2457936.84288 20.241 0.186 6.24 486.0
2457937.51321 20.293 0.230 6.55 727.0
2457937.56091 20.290 0.219 6.11 660.0
2457937.60834 19.990 0.112 4.56 537.0
2457937.65572 20.021 0.120 4.90 539.0
2457937.71397 19.815 0.120 5.61 545.0
2457937.77170 20.540 0.250 6.44 532.0
2457937.81844 19.874 0.167 7.31 552.0
2457938.58481 20.333 0.273 6.99 647.0
2457944.55858 20.105 0.190 5.45 918.0
2457944.59754 20.233 0.191 5.08 868.0
2457944.63708 20.051 0.182 5.16 1020.0
2457944.78221 20.146 0.185 4.81 919.0
2457944.82149 20.019 0.267 6.87 1036.0
2457945.54494 20.101 0.172 5.48 753.0
2457945.59254 20.385 0.201 5.38 662.0
2457945.63939 19.780 0.085 4.00 626.0
2457945.68831 19.801 0.087 4.13 615.0
2457945.73608 20.061 0.120 4.51 653.0
2457945.78281 19.902 0.138 5.23 752.0
2457945.82962 20.062 0.183 5.56 878.0
2457946.48023 19.959 0.170 7.00 589.0
2457946.53575 20.253 0.173 5.50 623.0
2457946.58369 19.991 0.128 5.02 621.0
2457946.63140 19.871 0.123 5.36 614.0
2457946.69695 20.328 0.177 5.23 596.0
2457946.74502 20.035 0.151 5.54 594.0
2457947.53428 19.948 0.154 6.33 526.0
2457947.58292 20.037 0.148 5.89 557.0
2457947.72845 20.051 0.158 5.73 585.0
2457947.77583 20.261 0.174 5.25 612.0
2457947.81265 20.208 0.208 6.24 667.0
2457948.48904 19.880 0.151 6.79 552.0
2457948.54631 20.133 0.134 5.07 515.0
2457948.60381 19.974 0.105 4.80 481.0
2457948.70245 19.960 0.132 4.93 713.0
2457948.77254 20.281 0.163 5.01 596.0
2457948.81922 20.304 0.223 5.97 713.0
2457949.56344 19.926 0.168 5.70 822.0
2457949.66929 20.008 0.195 6.19 813.0
2457952.67168 19.942 0.122 5.27 531.0
2457952.72462 20.500 0.212 5.27 499.0
2457952.78011 20.155 0.210 6.82 517.0
2457952.82688 20.050 0.173 6.32 575.0
2457953.50510 20.029 0.146 5.90 578.0
2457953.56516 20.027 0.124 5.40 505.0
2457953.72962 20.314 0.142 5.17 444.0
2457953.73172 19.799 0.084 4.78 442.0
2457953.78056 20.058 0.129 5.14 518.0
2457954.46869 19.936 0.180 5.87 979.0
2457954.52166 20.474 0.201 5.00 684.0
2457954.57146 19.716 0.075 4.24 475.0
2457954.64729 20.068 0.102 4.35 445.0
2457954.70018 19.880 0.084 3.91 463.0
2457954.76617 20.337 0.151 4.52 565.0
2457955.71913 20.165 0.125 4.74 569.0
2457955.77385 20.355 0.165 4.85 487.0
2457955.81584 19.874 0.159 6.71 597.0
2457956.52884 20.195 0.163 5.14 604.0
2457956.58448 20.052 0.112 4.79 489.0
2457956.65211 20.266 0.131 4.24 466.0
2457956.70165 20.141 0.127 4.54 505.0
2457956.75077 20.074 0.138 5.05 526.0
2457956.80173 20.046 0.169 6.27 576.0
2457957.65936 20.395 0.194 5.59 514.0
2457957.70986 20.437 0.206 5.87 520.0
2457957.78928 20.540 0.275 6.67 525.0
2457958.60540 19.869 0.123 5.66 527.0
2457958.63822 20.045 0.183 6.92 524.0
2457958.73413 20.037 0.149 5.98 520.0
2457958.78285 20.239 0.208 6.54 560.0
2457959.48646 20.088 0.148 5.75 561.0
2457959.52814 20.182 0.141 5.21 530.0
2457959.57682 20.002 0.107 4.97 491.0
2457959.62900 19.989 0.097 4.54 470.0
2457959.67757 20.015 0.107 4.91 463.0
2457959.72688 19.897 0.102 5.15 477.0
2457959.77820 20.191 0.174 6.19 514.0
2457959.80667 20.456 0.289 7.42 575.0
2457960.51692 19.785 0.108 5.65 511.0
2457960.56473 20.170 0.138 5.40 458.0
2457960.63656 20.209 0.134 5.12 441.0
2457960.68453 20.049 0.124 5.41 465.0
2457960.73783 20.470 0.197 5.40 526.0
2457960.78799 20.440 0.200 5.83 503.0
2457960.80894 20.297 0.241 7.33 514.0
2457961.58013 19.773 0.097 5.04 567.0
2457961.62266 20.158 0.143 5.16 570.0
2457961.66283 20.365 0.172 5.08 505.0
2457961.72283 20.090 0.155 5.85 638.0
2457962.48489 20.187 0.144 5.05 545.0
2457962.52533 20.114 0.129 5.00 505.0
2457962.57512 19.880 0.080 3.87 523.0
2457962.78254 20.003 0.135 5.45 600.0
2457964.55779 20.255 0.168 5.23 581.0
2457964.60829 20.115 0.151 5.24 546.0
2457964.65704 20.271 0.172 5.25 554.0
2457964.71896 20.318 0.168 5.01 527.0
2457965.62803 20.041 0.126 4.71 586.0
2457965.66486 20.180 0.142 4.81 543.0
2457965.69458 19.985 0.117 4.66 566.0
2457966.55730 20.265 0.242 6.93 589.0
2457966.59630 20.112 0.162 5.68 546.0
2457966.69316 20.243 0.169 5.26 514.0
2457966.74356 20.316 0.269 7.27 566.0
2457967.62430 20.258 0.182 5.52 600.0
2457967.69845 20.130 0.171 5.72 611.0
2457971.47038 19.857 0.286 7.33 1509.0
2457971.62587 20.325 0.221 5.01 922.0
2457971.66302 20.391 0.256 5.34 917.0
2457971.70401 20.303 0.253 5.42 992.0
2457972.56016 20.043 0.284 7.54 896.0
2457972.69403 20.186 0.213 5.06 927.0
2457972.73302 20.317 0.280 5.44 1056.0
2457973.57404 19.909 0.164 5.80 804.0
2457973.63208 20.437 0.283 6.08 832.0
2457974.52688 20.144 0.159 5.07 648.0
2457974.57704 19.958 0.136 5.24 637.0
2457974.62683 20.188 0.165 4.95 654.0
2457974.67581 20.270 0.189 5.08 686.0
2457974.72502 19.981 0.139 4.40 784.0
2457975.49186 20.275 0.263 7.26 583.0
2457975.65509 20.355 0.288 7.15 628.0
2457979.52271 19.801 0.098 5.17 531.0
2457979.57289 19.675 0.092 5.20 557.0
2457979.62422 19.746 0.087 4.77 516.0
2457980.47392 19.723 0.183 6.89 967.0
2457980.54168 19.676 0.141 6.87 629.0
2457980.63848 19.727 0.140 6.24 674.0
2457981.55554 19.553 0.085 4.77 613.0
2457981.61272 19.589 0.097 5.07 612.0
2457981.66011 19.734 0.111 5.10 606.0
2457982.48784 19.664 0.103 5.33 593.0
2457982.55400 19.303 0.067 5.06 512.0
2457982.60264 19.608 0.102 5.58 573.0
2457982.64889 19.340 0.067 4.57 555.0
2457983.51185 19.671 0.147 7.08 578.0
2457983.56118 19.384 0.076 4.96 553.0
2457983.60755 19.218 0.055 4.35 512.0
2457983.65740 19.282 0.056 4.60 496.0
2457984.50263 19.259 0.080 5.87 600.0
2457984.55466 19.520 0.108 6.00 554.0
2457984.60318 19.236 0.063 4.85 513.0
2457984.64975 19.303 0.072 5.18 533.0
2457985.51717 19.289 0.128 7.81 644.0
2457985.57058 19.320 0.110 6.88 612.0
2457985.61680 19.195 0.085 6.54 572.0
2457986.50629 19.051 0.047 4.73 538.0
2457986.57870 19.049 0.039 3.97 485.0
2457986.62861 18.977 0.044 4.78 504.0
2457987.47405 19.115 0.072 4.49 1109.0
2457987.53949 19.119 0.053 4.60 545.0
2457987.59123 19.095 0.044 3.86 542.0
2457987.64328 19.215 0.051 3.97 541.0
2457990.49035 19.724 0.118 5.53 600.0
2457990.55772 19.513 0.086 5.04 577.0
2457990.60709 19.525 0.088 5.66 542.0
2457990.65248 19.735 0.108 5.54 556.0
2457991.50878 19.545 0.102 6.09 577.0
2457991.62500 19.778 0.134 6.37 560.0
2457992.47547 19.820 0.117 4.64 845.0
2457992.52548 19.920 0.113 4.97 560.0
2457992.57197 19.737 0.108 5.58 558.0
2457992.62722 19.616 0.098 5.48 571.0
2457993.49209 19.844 0.117 5.13 603.0
2457993.54070 19.814 0.118 5.24 613.0
2457993.58843 19.815 0.106 5.20 550.0
2457993.63498 20.433 0.223 5.93 553.0
2457994.50491 20.101 0.153 5.29 627.0
2457994.55307 20.101 0.186 6.12 646.0
2457994.60198 19.966 0.144 5.55 624.0
2457994.64883 20.152 0.207 6.58 653.0
2457998.50385 19.737 0.202 4.99 2061.0
2458000.48861 19.800 0.155 5.91 767.0
2458001.49312 19.821 0.120 4.94 706.0
2458001.54089 19.984 0.124 4.54 711.0
2458001.58777 19.997 0.152 5.29 751.0
2458002.54229 20.080 0.242 6.00 1021.0
2458004.47597 19.878 0.209 5.85 1264.0
2458004.59050 20.264 0.215 5.90 689.0
2458007.52737 20.374 0.230 6.15 604.0
2458007.58900 20.043 0.182 6.48 607.0
2458008.53142 19.926 0.138 5.76 579.0
2458008.58811 20.122 0.183 6.20 581.0
2458010.53854 20.441 0.255 6.00 647.0
2458011.58330 20.200 0.241 7.11 610.0
2458012.52110 19.802 0.102 4.59 646.0
2458012.56878 19.927 0.115 4.52 669.0
2458013.50038 19.841 0.094 4.03 585.0
2458013.55685 20.182 0.133 4.21 597.0
2458014.49405 20.082 0.138 4.72 565.0
2458014.55011 20.056 0.128 4.59 574.0
2458015.47641 19.725 0.192 5.97 1398.0
2458016.47843 20.195 0.278 6.00 1203.0
2458017.47860 20.195 0.295 6.03 1308.0
2458017.53471 20.319 0.171 5.10 575.0
2458018.48590 20.446 0.280 6.32 694.0
2458018.54506 20.403 0.183 4.93 588.0
2458019.49873 20.045 0.139 5.13 577.0
2458020.52799 20.299 0.199 5.23 583.0
2458021.48225 19.999 0.204 5.02 1174.0
2458021.55355 20.383 0.200 5.34 634.0
2458026.53557 19.853 0.159 4.10 1459.0
2458029.50722 20.118 0.187 4.93 866.0
2458029.53836 20.254 0.246 5.75 885.0
2458030.49943 20.008 0.140 4.52 803.0
2458039.52855 20.124 0.256 7.40 686.0
2458048.51216 19.936 0.121 4.53 617.0
2458053.52578 20.164 0.237 5.35 1014.0
2458055.50661 20.548 0.275 4.40 911.0
