2455264.85181 18.936 0.068 4.72 983.0
2455268.78994 19.007 0.044 5.04 303.0
2455271.78400 19.006 0.042 4.52 324.0
2455273.79328 19.049 0.036 4.06 267.0
2455277.78141 19.132 0.045 4.92 285.0
2455279.89985 19.074 0.041 4.81 254.0
2455283.76050 19.001 0.061 5.70 483.0
2455285.88764 19.107 0.054 4.52 555.0
2455288.75254 19.168 0.060 3.80 641.0
2455292.91020 19.179 0.071 3.72 1186.0
2455294.82718 19.059 0.032 3.69 245.0
2455296.86986 19.044 0.032 3.63 244.0
2455299.73874 19.233 0.034 4.04 235.0
2455301.85592 19.139 0.053 5.75 290.0
2455306.79222 19.071 0.036 4.33 260.0
2455308.81850 19.050 0.034 3.89 249.0
2455310.88316 19.049 0.040 4.64 289.0
2455313.77771 19.057 0.065 5.87 516.0
2455314.91737 19.083 0.054 3.95 728.0
2455316.80147 19.107 0.088 6.28 746.0
2455320.77279 19.184 0.096 4.16 1835.0
2455321.91412 19.030 0.049 4.55 458.0
2455323.83113 18.967 0.038 4.35 401.0
2455325.65655 18.995 0.037 4.20 347.0
2455326.80337 19.084 0.038 3.98 282.0
2455328.61529 19.147 0.045 3.90 402.0
2455334.78534 19.121 0.039 4.19 282.0
2455336.85229 19.000 0.045 5.06 325.0
2455339.64964 19.045 0.061 5.85 452.0
2455340.86870 19.048 0.059 5.22 548.0
2455342.62751 19.166 0.074 5.21 649.0
2455343.65863 19.075 0.069 4.99 780.0
2455348.79887 19.073 0.045 4.49 371.0
2455351.58461 19.038 0.044 5.18 319.0
2455353.73492 19.037 0.037 4.01 293.0
2455362.57691 19.038 0.063 5.64 541.0
2455365.74802 19.005 0.041 4.69 296.0
2455378.65629 19.069 0.035 4.02 279.0
2455380.69037 19.079 0.036 4.24 227.0
2455382.83956 19.038 0.089 8.28 469.0
2455385.55905 19.077 0.037 4.23 428.0
2455385.66235 19.071 0.037 4.47 323.0
2455385.76069 19.071 0.036 3.78 347.0
2455388.78297 19.015 0.044 5.61 199.0
2455391.85100 19.053 0.068 6.58 479.0
2455405.67478 19.153 0.062 5.50 336.0
2455409.51270 19.032 0.040 4.98 241.0
2455413.59536 19.082 0.041 5.09 214.0
2455422.67662 19.126 0.043 5.43 196.0
2455434.51249 19.076 0.057 5.51 365.0
2455439.61067 19.128 0.061 6.24 278.0
2455447.54983 19.019 0.043 5.21 272.0
2455453.54917 19.105 0.084 6.51 612.0
2455458.56339 19.051 0.070 6.74 466.0
2455460.51894 19.078 0.054 4.91 395.0
2455461.62678 19.252 0.117 6.75 1032.0
2455465.54504 19.065 0.063 6.33 373.0
2455470.59650 19.010 0.057 5.86 400.0
2455473.52167 19.081 0.060 6.35 350.0
2455479.54450 19.011 0.065 7.42 382.0
2455485.51509 19.040 0.081 6.75 506.0
2455488.50024 19.096 0.066 5.18 622.0
2455493.52373 19.031 0.107 7.90 710.0
2455606.88607 19.182 0.062 5.46 395.0
2455612.88996 19.201 0.077 6.44 472.0
2455615.89875 19.061 0.054 4.49 643.0
2455621.86721 19.100 0.040 4.47 252.0
2455624.79478 19.067 0.043 4.46 310.0
2455626.88607 19.073 0.045 4.87 275.0
2455628.79973 19.075 0.050 5.62 306.0
2455629.87980 19.076 0.041 5.07 233.0
2455631.85521 19.133 0.050 5.65 290.0
2455633.81020 19.074 0.039 4.19 287.0
2455634.88662 19.079 0.046 5.69 236.0
2455637.79785 19.046 0.060 6.12 478.0
2455639.75954 19.006 0.052 4.44 560.0
2455640.85912 19.090 0.058 5.39 453.0
2455642.89680 19.148 0.057 6.19 443.0
2455644.86230 19.037 0.057 4.52 756.0
2455647.83679 19.198 0.071 4.93 766.0
2455649.86593 19.050 0.036 4.92 219.0
2455651.79943 19.118 0.036 4.10 235.0
2455653.92617 18.957 0.074 3.50 2213.0
2455655.86937 19.159 0.036 4.64 233.0
2455657.89684 19.046 0.032 3.82 232.0
2455659.78154 19.086 0.041 5.39 249.0
2455660.88071 19.124 0.048 5.77 221.0
2455664.76468 19.191 0.063 6.70 327.0
2455665.89099 19.041 0.035 4.49 242.0
2455668.91681 18.924 0.065 4.70 1076.0
2455671.76273 19.082 0.053 4.57 600.0
2455676.86771 19.013 0.038 5.13 269.0
2455679.82200 18.998 0.039 4.65 287.0
2455681.70380 19.182 0.049 5.06 317.0
2455682.91333 19.001 0.042 4.82 359.0
2455684.88181 19.007 0.038 4.19 300.0
2455686.86663 19.075 0.044 4.77 315.0
2455689.77882 19.112 0.037 4.41 236.0
2455691.79374 19.060 0.044 5.14 293.0
2455692.92549 18.939 0.056 6.12 484.0
2455694.68852 19.208 0.052 4.84 399.0
2455695.85605 19.029 0.036 4.28 288.0
2455698.68559 19.164 0.079 5.28 880.0
2455705.72796 19.167 0.057 6.16 294.0
2455707.63155 19.030 0.041 5.22 284.0
2455708.71882 19.064 0.041 5.18 254.0
2455712.72523 19.095 0.040 4.56 310.0
2455715.57344 19.108 0.049 5.78 296.0
2455715.59501 19.069 0.044 5.41 271.0
2455716.77730 19.051 0.041 5.43 219.0
2455722.59374 19.124 0.045 4.37 353.0
2455723.76642 19.111 0.041 4.25 298.0
2455725.63477 19.105 0.050 4.97 436.0
2455726.81424 19.083 0.087 5.72 1010.0
2455729.74078 19.120 0.093 5.92 976.0
2455734.78445 19.096 0.054 6.01 314.0
2455736.60898 19.056 0.032 3.87 224.0
2455737.70149 19.088 0.032 3.99 200.0
2455739.52003 19.238 0.062 5.76 341.0
2455740.57727 19.120 0.060 6.65 266.0
2455741.64661 19.036 0.043 5.88 207.0
2455742.68187 19.112 0.032 3.85 196.0
2455743.80836 19.120 0.057 5.72 318.0
2455744.85579 19.138 0.070 6.63 380.0
2455746.62532 19.101 0.051 6.27 241.0
2455747.81875 19.202 0.077 7.52 314.0
2455749.81301 19.100 0.059 6.95 286.0
2455760.69038 19.021 0.045 4.81 395.0
2455763.59214 19.202 0.042 4.46 281.0
2455764.69187 19.082 0.037 4.33 239.0
2455766.52447 19.190 0.047 5.43 250.0
2455767.70042 19.129 0.050 5.29 309.0
2455768.79568 19.083 0.057 6.06 390.0
2455775.61084 19.002 0.046 6.43 214.0
2455777.74864 19.014 0.045 5.63 283.0
2455783.58415 19.006 0.114 4.84 2711.0
2455784.57927 19.020 0.052 4.48 567.0
2455786.71557 19.109 0.084 6.94 582.0
2455788.65349 19.174 0.058 5.09 393.0
2455791.60524 19.060 0.045 5.12 288.0
2455794.67947 19.101 0.047 5.18 303.0
2455798.69065 19.059 0.066 7.78 301.0
2455804.55869 19.031 0.047 5.97 271.0
2455807.56906 19.044 0.053 6.21 272.0
2455813.62962 19.100 0.050 4.25 532.0
2455817.50692 19.056 0.044 4.66 400.0
2455819.59443 19.156 0.059 4.87 479.0
2455822.56187 19.011 0.050 5.92 260.0
2455827.56548 19.315 0.086 6.36 454.0
2455829.52481 19.052 0.047 4.93 371.0
2455831.53525 18.970 0.045 5.86 316.0
2455833.54167 19.017 0.044 5.26 302.0
2455836.54357 19.204 0.099 6.53 858.0
2455840.55602 19.094 0.061 5.07 495.0
2455842.51991 18.985 0.086 7.78 490.0
2455844.53234 19.181 0.077 6.09 513.0
2455846.57397 19.172 0.114 6.93 846.0
2455852.52309 19.088 0.083 6.45 579.0
2455857.50377 19.052 0.093 8.49 485.0
2455977.85219 19.067 0.051 5.45 366.0
2455982.87191 19.082 0.039 4.93 242.0
2455985.89737 19.154 0.051 4.84 372.0
2455988.88717 19.198 0.043 4.42 291.0
2455991.82854 19.094 0.041 4.48 284.0
2455993.90843 19.046 0.063 5.10 629.0
2455996.78353 18.962 0.056 5.83 493.0
2455998.79982 19.002 0.047 4.91 422.0
2456002.86563 19.052 0.047 4.45 428.0
2456003.85772 19.200 0.078 7.25 368.0
2456005.83487 19.102 0.047 5.52 257.0
2456007.81933 19.131 0.040 4.53 244.0
2456009.74462 19.261 0.058 5.43 339.0
2456010.87014 19.042 0.032 4.21 242.0
2456012.80216 19.110 0.039 4.42 209.0
2456014.73387 19.042 0.043 5.63 272.0
2456015.82774 19.038 0.030 3.84 214.0
2456017.74588 19.084 0.034 4.09 262.0
2456018.83807 19.061 0.035 4.65 215.0
2456020.71869 19.131 0.059 6.54 318.0
2456021.77903 19.075 0.037 4.47 315.0
2456022.83171 19.106 0.042 4.68 311.0
2456023.92200 18.959 0.054 4.54 695.0
2456024.91196 18.982 0.042 4.05 484.0
2456029.75469 18.812 0.110 6.40 2037.0
2456029.77492 18.898 0.106 5.95 1909.0
2456029.78557 18.908 0.112 6.20 1903.0
2456029.79525 19.006 0.097 4.99 1861.0
2456029.79730 19.300 0.116 4.57 1847.0
2456029.80181 19.037 0.105 5.22 1840.0
2456029.80328 18.846 0.082 4.84 1834.0
2456029.80892 18.991 0.101 5.31 1824.0
2456029.81039 19.028 0.088 4.52 1819.0
2456029.81495 19.199 0.113 4.90 1806.0
2456029.86253 19.096 0.091 4.29 1754.0
2456029.88027 19.118 0.077 3.82 1537.0
2456032.93375 19.151 0.113 3.93 3275.0
2456035.85647 19.048 0.035 3.67 300.0
2456037.91256 19.152 0.049 4.00 454.0
2456040.75284 19.057 0.039 5.03 257.0
2456045.93700 19.056 0.069 4.32 1105.0
2456047.68357 19.067 0.043 4.77 320.0
2456048.89083 18.906 0.036 4.37 249.0
2456050.80915 19.089 0.044 4.50 371.0
2456052.87306 18.908 0.038 3.78 539.0
2456057.79625 19.089 0.053 4.08 636.0
2456061.71519 19.200 0.054 5.14 311.0
2456062.86479 19.009 0.042 4.27 400.0
2456064.87355 19.085 0.039 4.08 360.0
2456066.71686 19.089 0.040 4.42 316.0
2456067.80416 19.010 0.034 3.98 272.0
2456069.60772 19.050 0.040 4.88 268.0
2456070.69522 19.082 0.037 4.34 253.0
2456071.75684 19.008 0.038 5.04 244.0
2456075.83437 19.040 0.037 4.23 246.0
2456077.71579 19.080 0.039 4.80 259.0
2456078.81885 19.144 0.040 4.07 301.0
2456079.89492 19.084 0.043 4.86 355.0
2456080.93214 19.143 0.057 5.99 358.0
2456085.73772 19.136 0.053 4.77 472.0
2456086.73271 19.088 0.037 3.76 341.0
2456088.60252 18.957 0.032 4.83 206.0
2456092.66662 19.039 0.038 5.00 244.0
2456093.85967 19.080 0.058 6.84 273.0
2456096.65142 19.088 0.038 4.95 229.0
2456097.85722 19.000 0.047 5.30 335.0
2456099.63113 18.989 0.051 5.79 343.0
2456100.86460 19.081 0.069 6.51 450.0
2456102.51642 19.328 0.091 5.69 627.0
2456103.53309 19.082 0.048 4.40 398.0
2456105.67026 19.094 0.042 5.24 233.0
2456108.74343 19.132 0.052 3.48 797.0
2456113.70034 19.062 0.055 4.66 556.0
2456114.79936 19.304 0.063 4.50 489.0
2456116.52431 19.025 0.035 4.67 254.0
2456117.59464 19.107 0.035 4.24 249.0
2456118.66756 19.040 0.033 3.95 228.0
2456119.68918 19.030 0.035 4.91 202.0
2456120.80715 19.129 0.048 5.68 248.0
2456123.55541 19.100 0.043 5.19 243.0
2456124.68656 19.163 0.042 5.08 216.0
2456125.77599 18.979 0.046 6.18 251.0
2456127.63870 19.115 0.051 6.73 210.0
2456131.69772 19.104 0.039 4.63 221.0
2456131.77104 19.070 0.043 4.73 292.0
2456133.77529 18.914 0.066 8.52 320.0
2456135.77147 19.016 0.045 5.77 285.0
2456149.56306 19.075 0.041 5.10 227.0
2456151.73030 19.177 0.058 6.31 282.0
2456154.70812 19.198 0.060 6.69 257.0
2456158.72349 18.956 0.046 5.08 393.0
2456161.51771 19.030 0.053 7.09 214.0
2456179.51391 19.022 0.049 5.65 469.0
2456179.52796 19.166 0.063 6.46 313.0
2456181.61798 19.061 0.044 4.55 383.0
2456184.62252 19.074 0.041 5.70 229.0
2456190.59137 19.072 0.043 4.77 328.0
2456196.50032 19.042 0.049 4.17 472.0
2456198.59400 19.316 0.117 8.11 502.0
2456204.49422 19.081 0.052 5.40 348.0
2456210.59752 19.098 0.065 6.87 373.0
2456213.53786 19.225 0.066 6.12 325.0
2456218.51271 19.026 0.054 5.51 397.0
2456340.87322 19.069 0.040 4.66 271.0
2456345.87013 19.042 0.036 4.27 231.0
2456350.84164 19.051 0.044 4.29 400.0
2456353.88922 19.255 0.048 5.29 326.0
2456361.88924 18.962 0.040 5.66 247.0
2456367.86122 19.076 0.030 4.21 191.0
2456369.88574 19.081 0.036 5.05 219.0
2456371.87339 19.146 0.033 4.52 193.0
2456372.86691 19.186 0.036 4.52 226.0
2456374.83723 19.220 0.047 5.76 229.0
2456376.78280 19.125 0.042 4.20 361.0
2456377.91635 18.971 0.041 3.61 582.0
2456379.85348 19.165 0.048 4.52 474.0
2456381.82461 19.089 0.038 3.84 386.0
2456386.75033 18.994 0.043 5.76 259.0
2456387.84609 19.146 0.037 4.39 222.0
2456389.75631 19.043 0.038 4.99 257.0
2456390.83094 19.082 0.042 5.07 242.0
2456393.77017 19.010 0.042 4.83 282.0
2456395.77654 18.998 0.035 4.17 300.0
2456397.73905 19.024 0.033 4.11 251.0
2456398.92712 18.993 0.047 3.63 744.0
2456401.68668 18.968 0.047 6.22 294.0
2456402.88330 19.190 0.064 6.48 298.0
2456404.82121 19.158 0.039 4.47 256.0
2456407.75438 18.983 0.046 4.94 443.0
2456409.89985 18.926 0.066 5.23 844.0
2456416.85959 19.011 0.033 4.35 269.0
2456418.70295 19.224 0.049 4.62 318.0
2456419.85558 19.044 0.039 4.23 305.0
2456421.82280 19.063 0.034 4.25 262.0
2456423.84470 19.025 0.040 4.13 357.0
2456426.65781 19.090 0.037 4.98 227.0
2456428.84376 19.126 0.048 5.26 323.0
2456431.93971 19.289 0.107 7.66 599.0
2456433.69802 19.043 0.042 5.66 263.0
2456434.89173 18.940 0.041 4.78 424.0
2456436.63543 19.057 0.048 4.48 593.0
2456442.68104 19.141 0.040 4.49 339.0
2456444.83097 19.145 0.051 5.41 355.0
2456445.93115 19.072 0.067 6.98 410.0
2456446.83907 19.259 0.040 3.70 319.0
2456447.89105 19.093 0.040 4.43 326.0
2456448.92236 19.061 0.084 8.36 440.0
2456450.57890 19.076 0.048 5.69 317.0
2456451.63868 19.072 0.042 4.70 359.0
2456452.72887 19.123 0.044 5.74 215.0
2456454.81088 19.161 0.045 5.31 250.0
2456456.68451 19.073 0.028 3.46 259.0
2456458.52727 19.174 0.067 6.30 394.0
2456459.59851 19.069 0.040 4.37 330.0
2456460.79648 19.085 0.038 4.48 404.0
2456462.66951 18.989 0.038 4.65 352.0
2456463.81361 19.007 0.040 3.87 467.0
2456468.53477 19.161 0.070 5.59 601.0
2456469.70516 19.176 0.050 5.08 359.0
2456472.84622 19.002 0.053 6.32 396.0
2456474.60176 19.165 0.050 5.41 320.0
2456475.68763 19.162 0.041 4.80 252.0
2456476.74606 19.043 0.044 5.22 304.0
2456477.82119 19.207 0.082 7.60 431.0
2456480.56486 19.021 0.046 6.13 276.0
2456481.71832 19.056 0.047 6.34 248.0
2456485.53325 19.083 0.041 5.98 226.0
2456486.69868 19.102 0.038 4.49 257.0
2456487.77721 19.017 0.033 4.42 308.0
2456490.56679 19.111 0.043 4.88 292.0
2456491.73484 19.022 0.041 4.00 338.0
2456496.49018 19.012 0.064 5.83 672.0
2456498.51656 19.053 0.036 5.02 272.0
2456500.55776 19.070 0.065 7.13 360.0
2456504.72691 19.084 0.046 6.55 224.0
2456506.74104 19.143 0.057 6.49 286.0
2456509.52585 19.059 0.032 4.34 218.0
2456510.71447 19.096 0.047 6.08 282.0
2456514.67821 19.173 0.034 4.13 209.0
2456518.51889 19.061 0.042 5.14 291.0
2456523.51943 19.071 0.047 4.56 473.0
2456525.52710 19.157 0.059 4.86 512.0
2456531.48068 19.123 0.064 7.34 316.0
2456533.61289 19.189 0.054 6.23 352.0
2456538.58697 19.092 0.054 6.84 236.0
2456543.63197 18.926 0.042 6.18 280.0
2456547.59061 18.973 0.071 7.01 580.0
2456559.49672 19.127 0.065 6.77 382.0
2456562.60947 19.100 0.046 5.71 252.0
2456565.59540 19.125 0.055 6.05 316.0
2456569.55313 19.087 0.039 4.66 273.0
2456572.52593 19.067 0.066 9.60 321.0
2456576.56007 18.967 0.057 6.40 415.0
2456581.49438 19.209 0.072 5.60 521.0
2456741.81783 19.218 0.048 4.84 384.0
2456741.90513 19.094 0.033 3.56 355.0
2456744.83988 19.114 0.037 5.10 278.0
2456745.92533 19.080 0.070 4.65 1073.0
2456749.86336 19.028 0.031 4.07 293.0
2456754.82383 19.030 0.046 6.30 300.0
2456757.90092 19.084 0.033 4.84 243.0
2456761.71407 19.051 0.048 5.21 508.0
2456764.70734 19.179 0.060 4.62 700.0
2456769.67997 19.022 0.037 4.78 323.0
2456771.80118 19.107 0.035 3.98 324.0
2456774.68932 19.090 0.049 5.80 329.0
2456776.89309 19.042 0.040 4.82 347.0
2456789.78732 19.006 0.039 3.86 430.0
2456791.77187 19.008 0.044 3.87 601.0
2456796.71759 18.959 0.051 4.61 572.0
2456798.87019 18.970 0.070 7.54 391.0
2456804.75618 19.007 0.036 4.57 258.0
2456806.91479 19.099 0.068 7.04 364.0
2456808.88382 19.095 0.051 5.80 318.0
2456810.80956 19.087 0.040 4.31 296.0
2456813.78758 18.981 0.042 5.91 217.0
2456815.77502 19.140 0.046 5.01 263.0
2456817.76979 18.990 0.050 5.73 355.0
2456819.77664 19.020 0.070 6.11 609.0
2456824.84605 18.963 0.055 5.34 578.0
2456826.70921 19.054 0.042 4.30 345.0
2456828.56522 19.026 0.037 4.69 255.0
2456829.80854 18.932 0.044 6.16 274.0
2456831.82785 19.055 0.051 6.10 329.0
2456833.76936 19.087 0.051 4.69 481.0
2456835.66642 19.001 0.047 6.28 259.0
2456837.55674 18.984 0.038 4.43 369.0
2456838.79704 19.090 0.054 5.89 335.0
2456840.71556 18.989 0.055 7.45 244.0
2456842.72074 19.141 0.046 5.09 293.0
2456845.58554 19.000 0.042 4.63 370.0
2456847.76947 18.960 0.059 5.32 701.0
2456852.69827 18.875 0.077 7.59 592.0
2456856.63127 18.957 0.033 4.51 232.0
2456858.56349 18.959 0.031 3.89 242.0
2456862.76540 19.009 0.054 6.88 389.0
2456864.76309 18.962 0.057 7.83 278.0
2456873.59046 18.900 0.050 6.64 275.0
2456879.69861 18.918 0.076 6.37 715.0
2456882.64535 18.778 0.035 5.10 310.0
2456886.58128 18.713 0.026 4.19 232.0
2456889.48154 18.700 0.034 4.84 304.0
2456891.67776 18.637 0.042 7.43 300.0
2456907.61995 17.961 0.025 6.33 461.0
2456915.62612 18.021 0.024 6.89 330.0
2456924.48882 18.444 0.033 5.83 388.0
2456928.57913 18.552 0.043 7.17 339.0
2456931.48440 18.455 0.057 5.11 1850.0
2456932.51018 18.743 0.067 6.28 1032.0
2456938.49115 18.718 0.057 6.13 639.0
2456942.53871 18.811 0.051 6.95 397.0
