2455265.81251 20.903 0.192 4.06 339.0
2455266.79609 20.711 0.205 4.34 390.0
2455268.82630 20.769 0.178 3.96 333.0
2455271.84391 20.502 0.134 3.40 374.0
2455273.81683 20.940 0.195 3.93 297.0
2455276.89165 20.881 0.198 3.88 313.0
2455281.90119 20.624 0.144 3.28 356.0
2455282.77882 20.647 0.217 3.96 503.0
2455284.88205 20.820 0.255 4.61 477.0
2455294.78402 20.908 0.163 3.38 282.0
2455294.82121 20.980 0.173 3.57 280.0
2455294.85128 21.013 0.196 3.70 302.0
2455294.89105 20.733 0.145 3.36 307.0
2455295.78596 20.531 0.134 4.18 262.0
2455295.82442 20.886 0.196 4.24 280.0
2455295.86236 20.727 0.148 3.69 285.0
2455295.90194 20.747 0.164 3.68 301.0
2455296.90385 20.746 0.178 4.15 290.0
2455297.86080 20.851 0.134 2.90 272.0
2455297.89991 20.592 0.126 3.30 303.0
2455300.84144 20.845 0.181 3.87 312.0
2455300.88113 21.040 0.216 3.58 326.0
2455300.91999 20.939 0.207 3.37 391.0
2455304.77462 20.789 0.223 5.12 404.0
2455307.69778 20.730 0.185 4.23 357.0
2455307.76131 20.540 0.160 4.58 356.0
2455307.82270 20.583 0.153 4.11 379.0
2455307.86205 20.777 0.181 3.75 408.0
2455307.90172 20.945 0.217 4.04 395.0
2455308.68905 20.855 0.243 4.90 375.0
2455308.75090 20.660 0.198 4.92 333.0
2455308.81243 20.560 0.146 4.31 297.0
2455308.85033 20.769 0.175 4.37 298.0
2455309.82240 20.433 0.134 4.26 315.0
2455310.73246 20.754 0.227 5.10 399.0
2455310.78882 20.658 0.180 4.65 328.0
2455310.86427 20.584 0.132 3.74 325.0
2455310.90226 20.754 0.191 4.26 375.0
2455311.84602 20.558 0.172 4.97 330.0
2455311.89492 20.846 0.256 5.28 393.0
2455312.80116 20.681 0.244 5.11 460.0
2455312.84095 20.282 0.171 5.40 493.0
2455312.92293 20.743 0.219 4.41 439.0
2455313.79500 20.687 0.280 5.34 560.0
2455313.83400 20.305 0.202 5.42 544.0
2455313.91205 20.520 0.261 5.20 630.0
2455314.68275 20.054 0.170 4.64 958.0
2455314.76486 20.574 0.238 4.63 771.0
2455314.80241 20.599 0.240 4.80 703.0
2455314.86021 20.604 0.275 4.91 800.0
2455315.78570 20.614 0.248 4.21 816.0
2455315.86368 20.155 0.220 4.89 1074.0
2455315.90567 20.426 0.264 4.59 1085.0
2455316.74170 20.072 0.262 5.65 1294.0
2455324.74525 20.991 0.225 3.94 333.0
2455324.78262 20.818 0.297 5.66 383.0
2455324.82299 20.929 0.261 4.67 383.0
2455324.86172 20.586 0.192 4.28 431.0
2455324.89905 20.854 0.217 3.68 465.0
2455325.69846 20.492 0.146 4.17 335.0
2455325.73499 20.698 0.169 3.98 313.0
2455325.77331 20.754 0.168 3.69 297.0
2455325.81282 21.004 0.242 4.21 320.0
2455325.86031 20.886 0.242 4.33 390.0
2455326.67331 20.660 0.179 4.31 327.0
2455326.73399 20.592 0.172 4.54 312.0
2455326.77138 20.472 0.144 4.14 318.0
2455326.81092 20.925 0.202 3.67 340.0
2455326.88763 21.001 0.266 3.84 463.0
2455326.92636 20.819 0.265 4.74 573.0
2455327.75841 21.263 0.278 3.66 287.0
2455327.79730 20.778 0.208 4.17 316.0
2455327.83560 20.843 0.284 5.02 357.0
2455327.91268 20.954 0.262 4.02 466.0
2455334.77654 21.267 0.281 4.06 329.0
2455338.80575 20.291 0.255 6.93 465.0
2455339.81362 20.534 0.209 4.46 586.0
2455340.92415 20.222 0.223 5.48 783.0
2455341.67149 20.663 0.191 4.02 526.0
2455341.74287 20.935 0.267 4.27 505.0
2455341.89338 20.576 0.199 3.98 564.0
2455342.68276 20.397 0.203 4.61 652.0
2455342.72027 20.684 0.259 4.77 604.0
2455342.76133 20.272 0.174 4.76 596.0
2455342.80325 20.557 0.283 5.38 699.0
2455342.84099 20.366 0.207 4.57 709.0
2455342.87886 20.226 0.213 4.69 932.0
2455343.66369 20.532 0.249 4.42 912.0
2455343.73943 20.330 0.208 4.67 795.0
2455343.77984 20.385 0.222 4.68 888.0
2455343.81892 20.383 0.205 4.12 950.0
2455343.85702 20.500 0.240 4.04 1025.0
2455348.60385 20.595 0.255 5.52 498.0
2455348.67332 20.895 0.272 4.62 458.0
2455348.84220 20.965 0.283 4.26 488.0
2455349.68458 20.430 0.212 5.29 505.0
2455349.85661 20.562 0.270 4.75 838.0
2455350.73127 20.739 0.280 5.97 383.0
2455351.59336 20.574 0.183 4.75 357.0
2455351.65050 21.005 0.230 4.19 305.0
2455351.72964 20.591 0.179 4.38 412.0
2455351.81565 20.711 0.237 4.60 478.0
2455352.65291 20.966 0.265 4.88 324.0
2455352.74657 20.865 0.233 4.15 353.0
2455352.83087 20.815 0.232 3.78 463.0
2455353.63610 20.648 0.181 4.39 329.0
2455353.71286 20.874 0.192 4.21 309.0
2455353.78104 21.083 0.265 3.95 362.0
2455353.86352 20.483 0.185 4.42 470.0
2455354.65862 20.922 0.253 4.95 317.0
2455354.75393 20.738 0.223 4.56 363.0
2455354.83017 20.539 0.188 3.93 478.0
2455354.87051 20.617 0.240 4.41 559.0
2455355.68424 20.847 0.221 4.38 374.0
2455355.77130 20.825 0.270 4.88 423.0
2455355.82404 20.547 0.209 4.53 497.0
2455357.77227 20.506 0.210 5.65 348.0
2455357.87253 20.226 0.225 6.57 514.0
2455358.74524 20.888 0.257 4.97 334.0
2455358.85541 20.423 0.190 5.34 408.0
2455359.57813 20.640 0.268 5.36 546.0
2455359.67552 20.828 0.233 4.63 381.0
2455362.66595 21.113 0.256 3.93 422.0
2455362.76045 20.948 0.229 4.15 398.0
2455364.56802 20.460 0.149 4.23 351.0
2455364.63942 21.083 0.204 3.64 308.0
2455364.87163 20.384 0.188 5.69 341.0
2455365.58529 20.787 0.243 4.70 457.0
2455365.65977 20.368 0.178 5.22 376.0
2455365.75562 20.549 0.192 5.35 338.0
2455365.83031 20.719 0.239 4.83 397.0
2455368.79293 20.158 0.146 4.90 479.0
2455376.78701 20.737 0.282 4.76 612.0
2455376.82520 20.227 0.227 5.65 730.0
2455377.64892 20.561 0.166 4.02 384.0
2455377.66934 20.788 0.253 5.16 354.0
2455377.71456 20.667 0.196 4.34 388.0
2455377.75764 20.585 0.197 4.33 448.0
2455377.80034 20.606 0.249 5.12 511.0
2455377.83855 20.217 0.186 5.35 612.0
2455378.56315 20.997 0.241 4.52 310.0
2455378.64782 20.779 0.207 4.27 342.0
2455378.72418 20.940 0.205 3.78 373.0
2455378.76246 20.701 0.166 3.59 398.0
2455379.51759 20.676 0.244 5.49 313.0
2455379.59958 20.478 0.162 4.82 259.0
2455379.68612 20.474 0.162 4.35 339.0
2455379.75536 20.742 0.224 4.52 395.0
2455379.87183 20.237 0.294 9.25 735.0
2455380.52908 20.494 0.158 4.75 291.0
2455380.58206 20.911 0.192 4.23 255.0
2455380.66844 20.529 0.131 4.24 246.0
2455380.72484 20.618 0.169 4.45 301.0
2455380.76309 20.593 0.208 5.01 340.0
2455380.80096 20.585 0.285 6.56 393.0
2455380.83886 20.233 0.273 7.86 505.0
2455381.57614 20.521 0.288 7.02 353.0
2455381.67572 20.514 0.210 6.01 294.0
2455381.71401 20.568 0.271 6.43 356.0
2455381.83720 20.306 0.277 7.10 588.0
2455382.56493 20.361 0.271 7.66 396.0
2455382.61437 20.468 0.226 6.09 346.0
2455382.65295 20.742 0.266 5.92 352.0
2455382.73389 20.586 0.240 6.14 337.0
2455382.82244 20.479 0.292 6.99 472.0
2455385.51133 20.643 0.185 4.13 454.0
2455385.52508 20.913 0.237 4.66 585.0
2455385.62458 20.846 0.193 4.43 383.0
2455385.72691 20.784 0.164 3.74 366.0
2455385.81184 20.729 0.193 4.56 313.0
2455386.60899 20.847 0.212 4.56 268.0
2455386.74484 20.697 0.170 3.76 303.0
2455386.78315 20.856 0.212 4.03 305.0
2455386.82614 20.746 0.239 5.43 357.0
2455387.50533 20.820 0.176 3.19 343.0
2455387.61434 20.799 0.127 3.20 202.0
2455387.64965 20.930 0.145 3.10 229.0
2455387.68860 20.516 0.130 3.68 259.0
2455387.72720 20.708 0.140 3.53 258.0
2455387.76799 21.007 0.256 4.80 281.0
2455387.80918 20.670 0.258 6.89 355.0
2455388.46914 20.598 0.260 5.39 489.0
2455388.50676 20.726 0.224 5.11 293.0
2455388.56664 20.621 0.181 5.13 268.0
2455388.67908 20.692 0.191 5.19 209.0
2455388.80902 20.529 0.213 6.14 284.0
2455389.50607 20.570 0.230 6.30 314.0
2455389.65186 20.600 0.190 5.42 221.0
2455389.75702 20.574 0.232 5.83 294.0
2455389.79629 20.561 0.289 7.14 340.0
2455390.67075 20.688 0.262 6.14 302.0
2455390.72045 20.791 0.208 4.99 232.0
2455390.75870 20.617 0.163 4.60 244.0
2455390.79652 20.499 0.175 5.64 233.0
2455391.53056 20.714 0.235 5.47 308.0
2455391.56790 20.459 0.231 6.67 268.0
2455391.65144 20.838 0.247 5.42 258.0
2455391.82019 20.548 0.248 5.51 501.0
2455392.62834 20.885 0.209 4.37 279.0
2455392.73796 21.000 0.216 4.06 260.0
2455392.83520 20.269 0.239 7.18 423.0
2455396.60076 20.373 0.172 5.05 372.0
2455396.66389 20.772 0.265 5.54 338.0
2455396.77094 20.743 0.197 4.57 315.0
2455397.66426 20.592 0.253 6.19 350.0
2455397.70206 20.542 0.270 6.39 390.0
2455403.49325 20.688 0.215 3.90 686.0
2455403.53041 20.756 0.213 3.68 677.0
2455403.56793 20.768 0.245 4.13 680.0
2455403.60841 20.813 0.263 4.12 672.0
2455403.72679 20.610 0.260 4.38 837.0
2455404.50641 20.676 0.220 4.05 486.0
2455404.58202 20.526 0.226 4.80 483.0
2455404.62520 20.285 0.157 4.24 445.0
2455409.50804 20.527 0.211 6.05 276.0
2455409.59476 20.818 0.180 4.42 253.0
2455410.51278 20.860 0.247 4.85 323.0
2455410.59790 20.515 0.150 4.64 248.0
2455410.70473 20.810 0.251 4.99 317.0
2455410.76668 20.523 0.217 5.30 465.0
2455411.48896 21.216 0.262 4.21 274.0
2455411.52687 20.694 0.170 4.37 254.0
2455412.55080 20.858 0.277 4.97 430.0
2455412.62943 20.564 0.215 5.68 322.0
2455412.67271 20.280 0.168 5.45 333.0
2455413.49242 21.051 0.285 4.89 362.0
2455413.55313 20.706 0.190 4.71 292.0
2455413.66017 20.893 0.165 3.70 215.0
2455414.51059 20.833 0.192 4.17 256.0
2455414.59583 20.743 0.189 4.69 253.0
2455414.70747 20.863 0.238 4.92 293.0
2455416.63038 20.665 0.246 6.15 266.0
2455416.68548 20.370 0.198 6.39 287.0
2455418.54755 20.539 0.125 4.06 235.0
2455418.59763 21.011 0.228 4.74 230.0
2455418.64776 20.650 0.173 4.77 223.0
2455418.69717 20.406 0.169 5.26 271.0
2455421.50575 20.706 0.244 5.64 288.0
2455421.54891 20.448 0.150 4.63 285.0
2455421.56546 21.096 0.272 4.80 293.0
2455421.61019 21.075 0.263 4.94 255.0
2455421.69555 20.875 0.248 5.81 221.0
2455422.62900 20.725 0.157 3.97 252.0
2455422.75679 20.587 0.279 6.94 343.0
2455423.51306 20.607 0.148 4.08 273.0
2455423.58468 20.772 0.182 4.37 267.0
2455423.69254 20.772 0.285 6.31 306.0
2455425.52139 20.679 0.183 4.35 340.0
2455430.55959 20.826 0.297 4.68 547.0
2455430.63666 20.549 0.255 5.03 587.0
2455431.51438 20.635 0.213 4.38 568.0
2455431.55467 20.675 0.227 4.49 479.0
2455431.59242 20.392 0.173 4.49 486.0
2455433.67492 20.476 0.285 5.85 696.0
2455434.55086 20.153 0.162 5.83 397.0
2455434.63652 20.675 0.247 4.56 495.0
2455434.67895 20.077 0.186 5.76 584.0
2455435.47787 20.548 0.233 4.81 471.0
2455435.51785 20.461 0.204 5.38 378.0
2455436.47574 20.401 0.263 5.81 548.0
2455436.66003 20.636 0.239 4.56 444.0
2455437.62199 20.719 0.179 3.70 340.0
2455438.51090 20.709 0.257 5.01 367.0
2455438.65099 20.497 0.187 4.16 445.0
2455438.68862 20.840 0.260 4.64 424.0
2455439.52063 20.533 0.260 6.39 352.0
2455439.56693 20.733 0.272 5.28 349.0
2455439.64256 20.433 0.238 6.28 336.0
2455444.63315 20.650 0.255 5.78 377.0
2455444.67127 20.364 0.257 6.96 410.0
2455445.64092 20.494 0.181 4.71 346.0
2455446.51547 20.667 0.220 5.04 334.0
2455446.60107 20.212 0.158 5.39 315.0
2455446.64029 20.621 0.222 5.63 311.0
2455448.66308 20.481 0.255 7.88 367.0
2455449.61735 20.377 0.189 5.34 392.0
2455450.50599 20.925 0.299 5.41 345.0
2455450.54362 20.812 0.282 5.56 346.0
2455457.54227 20.983 0.254 4.85 447.0
2455457.59897 20.749 0.271 6.01 541.0
2455458.58336 20.391 0.218 5.50 575.0
2455459.59036 20.742 0.279 5.23 565.0
2455463.50192 20.628 0.227 4.54 515.0
2455463.54398 20.752 0.264 4.71 523.0
2455464.53397 20.271 0.160 4.45 472.0
2455472.54340 20.626 0.285 6.17 424.0
2455479.50653 20.081 0.174 6.22 402.0
2455487.54293 20.198 0.228 6.36 652.0
2455616.84754 20.471 0.276 5.60 529.0
2455627.83542 20.956 0.239 4.67 291.0
2455628.84616 21.147 0.298 4.88 293.0
2455629.81434 20.762 0.223 4.99 285.0
2455632.82678 20.544 0.190 5.07 340.0
2455634.83889 20.604 0.205 5.19 303.0
2455638.78624 20.417 0.222 5.50 524.0
2455639.78180 20.354 0.192 4.80 560.0
2455639.85754 20.746 0.193 3.74 430.0
2455640.82477 20.417 0.193 4.32 534.0
2455640.87244 20.364 0.161 4.29 491.0
2455641.82164 20.969 0.293 4.47 499.0
2455641.85984 20.538 0.194 4.71 476.0
2455641.90448 20.788 0.270 6.31 474.0
2455642.84059 20.798 0.265 4.76 544.0
2455643.85416 20.803 0.219 3.81 562.0
2455647.86732 20.770 0.250 5.01 495.0
2455647.90114 20.471 0.250 6.49 625.0
2455648.80837 20.463 0.145 4.50 297.0
2455648.85239 20.611 0.146 3.92 291.0
2455648.89561 20.736 0.219 5.82 287.0
2455649.79083 20.618 0.153 4.42 252.0
2455649.85827 20.808 0.183 4.48 247.0
2455649.89678 20.849 0.204 5.37 258.0
2455650.78271 21.078 0.201 4.05 241.0
2455650.84507 20.555 0.146 4.86 261.0
2455650.88925 20.930 0.270 7.01 272.0
2455651.76436 20.806 0.201 4.49 276.0
2455652.80589 20.657 0.139 4.12 244.0
2455652.84819 20.757 0.164 4.24 250.0
2455653.77283 20.547 0.134 4.01 287.0
2455654.77425 21.101 0.283 4.77 298.0
2455654.82449 20.881 0.226 5.44 264.0
2455654.86604 20.555 0.147 4.75 260.0
2455655.76581 20.994 0.286 4.81 342.0
2455655.80383 20.975 0.245 4.18 323.0
2455655.84200 20.777 0.171 4.14 298.0
2455655.88898 20.376 0.145 5.69 274.0
2455656.78386 20.950 0.236 4.42 334.0
2455656.82747 21.010 0.189 3.68 310.0
2455656.87183 21.021 0.216 4.75 289.0
2455657.77515 20.934 0.181 3.53 308.0
2455657.81386 20.938 0.185 3.68 302.0
2455657.85926 21.130 0.233 4.15 293.0
2455657.90390 20.820 0.209 4.94 275.0
2455658.76894 20.686 0.222 5.72 394.0
2455658.81018 20.744 0.222 5.47 267.0
2455658.86713 21.000 0.255 5.13 257.0
2455659.72394 20.440 0.159 5.07 321.0
2455659.76148 20.459 0.139 4.50 280.0
2455659.83975 20.536 0.184 5.73 273.0
2455659.88880 20.963 0.215 4.37 266.0
2455660.80271 20.407 0.140 5.19 261.0
2455660.85908 20.529 0.209 6.42 261.0
2455660.91748 20.041 0.136 5.70 316.0
2455662.75358 20.744 0.276 6.48 314.0
2455662.79385 20.505 0.152 4.52 325.0
2455662.85394 20.410 0.150 4.86 361.0
2455662.89521 20.613 0.174 4.45 363.0
2455663.75182 20.813 0.226 5.07 323.0
2455664.75775 20.708 0.271 6.44 386.0
2455664.80027 21.056 0.276 5.15 301.0
2455664.86002 20.611 0.226 5.98 334.0
2455664.90390 21.012 0.256 4.59 317.0
2455665.76650 20.802 0.284 5.95 310.0
2455665.83686 20.758 0.168 4.68 257.0
2455665.88370 20.752 0.187 4.77 275.0
2455667.76059 21.160 0.272 4.15 407.0
2455667.81253 20.614 0.170 4.70 362.0
2455667.85477 20.420 0.131 4.44 339.0
2455667.90820 20.654 0.151 3.99 267.0
2455668.81464 20.663 0.220 4.55 556.0
2455668.91386 20.766 0.289 4.77 662.0
2455669.76206 20.235 0.156 4.53 617.0
2455669.80198 20.871 0.275 4.63 592.0
2455669.85225 20.472 0.186 4.66 571.0
2455669.90366 20.711 0.273 4.59 625.0
2455670.77657 20.680 0.234 4.35 668.0
2455670.84037 20.306 0.212 5.45 676.0
2455671.75976 20.472 0.199 4.21 726.0
2455675.72188 21.032 0.267 3.95 466.0
2455675.79880 20.601 0.202 4.68 409.0
2455675.85706 20.892 0.265 4.77 422.0
2455675.91195 20.587 0.240 5.59 432.0
2455676.72555 20.625 0.130 4.32 195.0
2455676.76501 20.335 0.103 4.63 221.0
2455676.80437 20.662 0.155 4.19 319.0
2455676.86463 20.518 0.145 4.45 317.0
2455676.91466 20.899 0.216 4.47 337.0
2455677.71950 20.934 0.215 4.53 313.0
2455677.76161 20.706 0.165 4.08 333.0
2455677.80386 20.665 0.218 5.66 326.0
2455677.86522 20.442 0.144 4.40 324.0
2455677.90673 20.654 0.161 4.18 326.0
2455679.72572 20.930 0.224 4.09 311.0
2455679.77755 20.697 0.196 4.94 312.0
2455679.81880 20.278 0.154 5.55 339.0
2455679.87067 20.586 0.165 4.04 345.0
2455679.90912 20.510 0.165 4.95 361.0
2455680.67168 20.623 0.204 5.04 339.0
2455680.71025 20.622 0.229 5.84 297.0
2455680.74954 20.436 0.160 4.74 300.0
2455680.79943 21.082 0.274 5.00 294.0
2455680.85396 20.663 0.187 4.60 320.0
2455680.89592 20.372 0.136 4.54 313.0
2455681.70087 20.490 0.165 4.73 331.0
2455681.73967 20.884 0.192 4.02 320.0
2455681.84482 20.306 0.144 4.71 382.0
2455681.88708 20.552 0.181 4.45 412.0
2455681.92654 20.792 0.252 4.96 453.0
2455682.73077 20.834 0.229 4.90 367.0
2455682.77937 20.350 0.136 4.66 353.0
2455682.83213 20.423 0.146 4.20 377.0
2455682.85779 20.810 0.217 4.41 407.0
2455682.86796 20.364 0.138 4.20 409.0
2455682.91034 20.765 0.295 5.92 423.0
2455683.66024 20.124 0.123 5.00 385.0
2455683.71174 20.646 0.165 4.40 338.0
2455683.79104 21.166 0.276 4.44 353.0
2455683.83174 20.512 0.141 3.97 364.0
2455683.89152 21.080 0.278 4.12 436.0
2455683.93299 20.706 0.294 4.64 866.0
2455684.69402 20.851 0.232 4.92 336.0
2455684.74431 20.900 0.188 4.06 317.0
2455684.79428 20.783 0.205 4.95 318.0
2455684.90541 20.439 0.165 4.67 352.0
2455685.78096 20.492 0.120 3.71 299.0
2455685.81988 21.130 0.203 3.69 296.0
2455685.87471 20.591 0.147 3.90 322.0
2455685.91691 20.942 0.248 5.08 347.0
2455686.67083 20.701 0.227 5.46 367.0
2455686.73022 20.788 0.199 4.79 331.0
2455686.78638 20.750 0.144 3.41 346.0
2455686.87694 20.997 0.269 4.51 363.0
2455687.67092 20.553 0.235 6.16 461.0
2455687.71572 21.000 0.260 5.02 407.0
2455687.76656 21.044 0.264 5.00 333.0
2455687.81857 20.925 0.211 4.49 312.0
2455688.83062 20.420 0.169 5.54 312.0
2455688.88404 21.057 0.262 4.63 332.0
2455689.73880 21.017 0.254 4.93 284.0
2455689.78722 20.813 0.158 3.86 274.0
2455689.82766 21.094 0.291 5.71 275.0
2455690.70503 21.147 0.280 5.13 271.0
2455690.80744 20.582 0.181 4.93 312.0
2455691.68702 20.781 0.212 5.12 330.0
2455691.74505 20.924 0.241 5.11 304.0
2455691.78928 20.165 0.138 5.70 337.0
2455691.83863 20.896 0.263 5.06 357.0
2455691.87739 21.050 0.292 5.19 363.0
2455692.68205 20.664 0.200 4.94 396.0
2455692.74136 20.408 0.162 5.37 346.0
2455692.77911 20.831 0.248 5.55 383.0
2455692.81964 20.750 0.233 4.84 457.0
2455692.85768 20.503 0.172 4.19 475.0
2455692.89605 20.721 0.243 4.91 553.0
2455692.93585 20.204 0.236 6.80 670.0
2455693.64649 20.560 0.218 5.70 437.0
2455693.70597 21.068 0.246 4.16 380.0
2455693.76515 20.771 0.164 3.76 347.0
2455693.80298 21.031 0.224 3.86 391.0
2455693.84167 20.305 0.123 3.65 457.0
2455694.62410 20.447 0.187 4.68 528.0
2455694.65856 20.442 0.180 4.86 500.0
2455694.76569 20.760 0.233 4.84 439.0
2455694.81179 20.526 0.158 4.26 420.0
2455694.84972 21.006 0.269 4.83 374.0
2455694.88731 20.335 0.177 5.48 456.0
2455694.92475 20.630 0.264 6.57 485.0
2455695.68109 20.570 0.226 4.99 618.0
2455695.76263 20.735 0.215 5.00 379.0
2455695.81265 20.473 0.149 3.74 497.0
2455695.85156 20.575 0.142 4.15 321.0
2455695.88934 20.542 0.164 4.90 335.0
2455696.65850 20.429 0.197 4.66 563.0
2455696.71531 20.868 0.258 4.60 457.0
2455696.75467 20.732 0.221 4.88 418.0
2455696.79649 20.725 0.214 4.41 464.0
2455696.88137 20.589 0.235 5.70 463.0
2455697.67405 20.553 0.193 4.09 596.0
2455697.72165 20.568 0.218 4.61 576.0
2455697.76057 20.796 0.261 4.80 569.0
2455697.88625 20.726 0.253 4.75 642.0
2455697.92700 20.485 0.244 6.63 625.0
2455698.70750 20.269 0.229 5.14 964.0
2455698.74741 20.488 0.276 4.98 914.0
2455702.59562 20.322 0.265 6.02 975.0
2455702.74392 20.206 0.284 6.28 1320.0
2455703.73145 20.401 0.243 7.36 460.0
2455705.72497 20.698 0.224 5.59 343.0
2455705.82064 20.321 0.144 4.73 353.0
2455705.91782 20.037 0.221 8.46 504.0
2455706.65863 20.475 0.193 5.91 359.0
2455706.75515 20.352 0.206 6.81 388.0
2455707.60326 20.884 0.250 5.09 342.0
2455707.65054 20.526 0.160 4.86 306.0
2455707.69778 20.523 0.177 5.10 337.0
2455707.77630 20.488 0.153 4.14 397.0
2455707.81597 20.677 0.181 4.18 387.0
2455707.85512 20.087 0.151 5.51 492.0
2455707.89713 20.487 0.241 5.99 532.0
2455708.67784 20.496 0.172 5.33 296.0
2455708.76786 20.405 0.187 6.14 364.0
2455708.81677 20.818 0.254 5.21 364.0
2455708.86208 20.309 0.206 6.60 409.0
2455711.78176 20.634 0.277 6.90 343.0
2455712.61228 20.899 0.245 4.61 416.0
2455712.69596 20.509 0.158 4.80 354.0
2455712.73570 20.663 0.159 4.12 362.0
2455712.77833 20.516 0.149 4.03 370.0
2455712.81813 20.556 0.207 5.68 349.0
2455712.86093 20.352 0.201 6.40 422.0
2455713.74255 20.602 0.163 4.63 313.0
2455713.83250 20.557 0.188 5.43 331.0
2455714.62880 20.520 0.193 6.08 327.0
2455714.64247 20.862 0.240 5.71 253.0
2455714.85716 20.490 0.228 6.62 358.0
2455715.57520 20.461 0.199 5.98 342.0
2455715.63279 20.908 0.212 4.52 298.0
2455715.68563 20.706 0.174 4.73 281.0
2455715.73211 20.831 0.187 4.56 273.0
2455715.77802 20.692 0.169 4.35 277.0
2455715.82191 20.466 0.167 5.57 316.0
2455715.91814 20.340 0.243 7.64 470.0
2455716.65264 20.932 0.252 5.50 278.0
2455716.71705 20.760 0.190 4.96 246.0
2455716.80101 20.937 0.261 5.49 257.0
2455716.88041 20.664 0.249 6.20 361.0
2455721.56127 20.202 0.156 4.54 523.0
2455721.57523 20.833 0.248 3.96 585.0
2455721.72749 20.605 0.199 5.44 348.0
2455721.79260 20.932 0.274 5.18 358.0
2455722.55866 20.617 0.193 4.41 488.0
2455722.57200 21.170 0.272 3.56 472.0
2455722.63147 20.757 0.194 4.11 395.0
2455722.72799 20.838 0.212 3.99 390.0
2455722.74210 20.942 0.220 3.82 386.0
2455722.83277 20.889 0.272 5.25 448.0
2455723.57298 20.478 0.183 4.40 434.0
2455723.62116 20.613 0.193 4.91 361.0
2455723.71010 21.179 0.273 4.33 332.0
2455723.75080 20.573 0.166 3.94 365.0
2455723.78922 20.566 0.158 4.29 345.0
2455723.82836 20.319 0.152 5.25 347.0
2455724.64917 20.793 0.293 5.28 446.0
2455724.75123 20.738 0.239 4.76 404.0
2455724.80170 20.098 0.158 5.76 442.0
2455725.54227 20.881 0.298 4.77 592.0
2455725.61839 20.950 0.219 3.74 460.0
2455725.68494 21.170 0.291 4.22 514.0
2455725.72560 20.686 0.181 3.40 576.0
2455725.76479 20.300 0.155 4.19 568.0
2455726.61330 20.532 0.254 5.02 806.0
2455726.65115 20.625 0.279 5.03 771.0
2455726.69895 20.595 0.196 3.72 736.0
2455726.78572 19.916 0.212 5.51 1242.0
2455734.67496 20.477 0.183 5.31 350.0
2455734.76591 20.714 0.271 6.15 390.0
2455734.80935 20.313 0.207 6.30 404.0
2455734.85969 20.021 0.204 7.52 487.0
2455735.69300 20.564 0.196 5.85 290.0
2455735.80422 20.895 0.277 5.25 364.0
2455736.50826 20.466 0.232 5.65 542.0
2455736.58923 20.687 0.173 4.11 333.0
2455736.63354 20.831 0.166 4.12 260.0
2455736.67356 21.138 0.255 4.60 267.0
2455736.72654 20.706 0.139 3.96 249.0
2455736.74329 21.255 0.264 4.19 277.0
2455736.79968 20.632 0.183 4.44 342.0
2455736.84678 20.438 0.180 4.85 407.0
2455736.89355 20.070 0.192 6.85 567.0
2455737.53446 20.817 0.233 4.54 425.0
2455737.57444 20.581 0.154 4.12 324.0
2455737.62714 20.795 0.149 3.60 282.0
2455737.66947 21.115 0.188 3.69 236.0
2455737.72399 20.832 0.160 3.98 236.0
2455737.76340 20.569 0.146 4.41 272.0
2455737.80411 20.473 0.141 4.44 302.0
2455737.84969 20.432 0.177 5.07 399.0
2455738.60270 20.676 0.180 4.76 271.0
2455738.65582 20.760 0.153 3.73 273.0
2455738.71026 21.037 0.232 4.55 284.0
2455738.74978 20.965 0.210 4.36 296.0
2455739.61968 20.389 0.131 4.77 258.0
2455739.68684 20.590 0.164 4.89 241.0
2455739.72635 21.163 0.253 4.33 267.0
2455739.76529 20.949 0.234 4.88 314.0
2455739.80777 20.749 0.278 6.25 364.0
2455740.51502 20.709 0.247 5.07 423.0
2455740.66332 20.703 0.219 5.55 270.0
2455740.76383 20.525 0.157 4.38 313.0
2455740.80847 20.688 0.241 5.62 372.0
2455740.84670 20.409 0.245 6.78 439.0
2455741.49542 20.663 0.277 5.78 446.0
2455741.53364 20.937 0.246 4.43 364.0
2455741.57896 20.949 0.239 4.40 300.0
2455741.65482 20.931 0.214 4.64 240.0
2455741.71602 20.198 0.113 4.21 278.0
2455741.75756 21.221 0.257 4.05 254.0
2455741.79598 20.528 0.153 4.01 312.0
2455741.83399 20.342 0.149 4.56 366.0
2455741.87217 20.493 0.173 4.86 418.0
2455742.50583 20.653 0.251 4.76 552.0
2455742.54879 20.587 0.227 4.79 471.0
2455742.58992 21.038 0.288 4.98 317.0
2455742.63846 20.599 0.143 4.23 265.0
2455742.69027 21.111 0.222 3.95 262.0
2455742.72926 20.682 0.145 3.81 264.0
2455742.76727 21.105 0.218 3.55 315.0
2455742.80559 21.002 0.211 3.71 325.0
2455742.84579 20.704 0.195 4.74 382.0
2455743.68048 20.384 0.160 5.08 292.0
2455743.81649 20.672 0.260 5.58 405.0
2455744.53614 20.479 0.219 5.51 405.0
2455744.57462 20.567 0.241 6.09 356.0
2455744.67365 20.890 0.233 4.93 302.0
2455744.74558 20.809 0.207 4.78 281.0
2455745.57241 20.614 0.221 5.97 299.0
2455745.66209 20.650 0.174 4.49 303.0
2455745.74971 21.082 0.269 4.79 295.0
2455745.78778 20.639 0.256 6.51 295.0
2455746.58455 20.961 0.225 4.46 298.0
2455746.62222 20.690 0.219 5.48 285.0
2455746.76645 20.623 0.233 5.94 325.0
2455747.62754 20.519 0.232 6.54 297.0
2455747.71686 20.459 0.198 6.03 290.0
2455748.60470 20.591 0.193 4.72 412.0
2455749.70456 20.642 0.245 6.47 272.0
2455749.74279 20.461 0.220 6.66 293.0
2455749.78129 20.467 0.234 7.03 308.0
2455752.63564 20.251 0.201 5.66 565.0
2455752.73338 20.484 0.182 5.32 397.0
2455760.50293 20.470 0.248 6.42 449.0
2455760.55928 20.505 0.225 5.42 476.0
2455760.74844 20.666 0.214 4.60 472.0
2455760.78643 20.600 0.222 4.74 541.0
2455760.82406 20.094 0.192 6.00 678.0
2455761.51936 20.632 0.138 4.03 316.0
2455761.56253 21.127 0.177 3.41 308.0
2455762.48360 20.526 0.193 4.73 355.0
2455762.52423 20.766 0.259 5.41 345.0
2455762.64321 20.272 0.170 6.03 318.0
2455763.51716 20.881 0.204 3.94 370.0
2455763.55885 20.631 0.130 3.39 323.0
2455763.61291 20.089 0.126 5.55 306.0
2455763.66104 20.505 0.153 4.47 327.0
2455763.70144 20.425 0.188 5.50 391.0
2455763.74641 20.498 0.202 4.88 507.0
2455763.78440 20.092 0.192 6.55 532.0
2455764.47895 20.824 0.235 4.35 406.0
2455764.52302 20.330 0.130 4.48 314.0
2455764.56273 20.605 0.181 4.63 371.0
2455764.60508 20.709 0.184 4.64 309.0
2455764.65307 20.354 0.120 4.55 259.0
2455764.70121 20.430 0.136 4.27 307.0
2455764.74730 20.764 0.252 5.44 372.0
2455765.52438 20.248 0.150 4.97 423.0
2455765.57634 20.771 0.168 3.80 370.0
2455765.67545 20.635 0.200 4.65 401.0
2455765.72043 20.496 0.192 5.51 363.0
2455766.49399 20.731 0.243 5.61 325.0
2455766.53357 20.221 0.135 5.31 293.0
2455766.59782 20.876 0.166 3.93 254.0
2455766.63726 20.483 0.143 4.47 265.0
2455766.67806 20.971 0.232 4.88 260.0
2455767.47112 19.952 0.176 6.52 512.0
2455767.51494 20.598 0.220 5.40 355.0
2455767.55806 20.855 0.250 4.86 376.0
2455767.66998 20.621 0.189 4.55 365.0
2455767.72379 20.646 0.230 5.56 351.0
2455767.76586 20.330 0.242 7.76 351.0
2455768.50048 21.004 0.276 5.26 336.0
2455768.55175 20.414 0.149 4.87 354.0
2455768.60242 21.076 0.242 4.74 298.0
2455768.64948 21.130 0.243 4.32 305.0
2455768.69724 20.903 0.195 4.21 301.0
2455768.73975 20.561 0.179 4.91 359.0
2455768.78007 20.597 0.193 4.68 441.0
2455769.48527 20.686 0.249 5.77 373.0
2455769.52741 20.484 0.135 4.41 299.0
2455769.58023 20.354 0.139 5.13 263.0
2455769.63597 20.626 0.150 4.49 263.0
2455769.69268 20.870 0.205 4.55 271.0
2455769.78523 20.495 0.263 7.38 391.0
2455770.76651 20.295 0.194 6.35 312.0
2455775.60765 20.659 0.224 6.07 261.0
2455776.62101 20.753 0.291 6.68 301.0
2455777.49243 20.561 0.177 4.71 379.0
2455777.54252 20.592 0.134 3.89 331.0
2455777.58902 20.599 0.190 5.59 307.0
2455777.66923 21.005 0.211 4.23 286.0
2455777.71981 20.968 0.234 4.58 311.0
2455778.57389 20.442 0.219 5.57 442.0
2455779.61145 20.855 0.192 4.13 300.0
2455779.65775 20.965 0.269 5.03 322.0
2455785.59027 20.256 0.189 5.12 530.0
2455786.67016 20.227 0.202 5.55 552.0
2455787.48927 20.806 0.265 4.51 540.0
2455787.56055 21.110 0.299 3.99 499.0
2455787.60469 20.755 0.212 3.88 501.0
2455787.64732 20.875 0.277 4.42 535.0
2455788.50409 20.577 0.216 4.96 382.0
2455788.56840 20.765 0.289 5.65 417.0
2455788.60706 20.247 0.161 4.74 462.0
2455790.48568 20.758 0.245 5.83 309.0
2455790.53477 20.269 0.166 6.24 293.0
2455790.66760 20.538 0.185 4.98 368.0
2455790.70789 20.045 0.151 5.32 531.0
2455791.47404 20.274 0.252 6.87 495.0
2455791.52413 20.249 0.171 5.72 348.0
2455793.47420 20.215 0.213 6.29 515.0
2455793.53895 20.507 0.188 5.48 316.0
2455793.62235 20.360 0.156 5.28 306.0
2455793.66104 20.778 0.213 4.90 323.0
2455793.70241 20.454 0.197 5.52 397.0
2455794.53603 20.989 0.276 5.28 275.0
2455794.58856 20.704 0.254 6.08 299.0
2455794.62721 20.721 0.231 5.39 307.0
2455794.67479 20.563 0.214 5.53 354.0
2455795.64035 20.690 0.256 5.83 317.0
2455796.56565 20.816 0.286 6.21 344.0
2455796.60899 21.026 0.291 5.23 327.0
2455801.54418 20.713 0.229 5.75 288.0
2455801.58314 20.604 0.223 6.21 272.0
2455801.66262 20.109 0.177 7.04 331.0
2455802.57704 20.671 0.257 6.02 320.0
2455803.50785 20.538 0.220 5.88 337.0
2455804.50439 20.696 0.204 5.07 318.0
2455804.55544 20.613 0.221 5.90 309.0
2455804.59590 20.713 0.212 5.06 301.0
2455804.63382 20.575 0.209 5.44 341.0
2455805.50365 20.912 0.193 4.00 303.0
2455805.55612 20.767 0.171 4.08 289.0
2455807.54994 20.257 0.191 6.52 329.0
2455812.61619 19.830 0.176 6.43 651.0
2455813.50422 20.698 0.222 4.54 497.0
2455813.55033 21.043 0.294 3.90 542.0
2455813.58866 20.698 0.202 3.84 552.0
2455813.62647 20.239 0.161 4.52 612.0
2455815.52961 20.502 0.161 3.79 472.0
2455815.56808 20.682 0.174 3.36 478.0
2455815.61529 20.777 0.223 3.77 597.0
2455816.50098 20.989 0.279 4.28 476.0
2455816.58677 20.729 0.249 4.74 573.0
2455817.50214 20.904 0.260 4.48 453.0
2455819.48141 20.537 0.267 5.64 609.0
2455819.57718 20.433 0.210 5.02 512.0
2455819.61647 20.254 0.177 5.22 583.0
2455820.55524 20.541 0.207 4.94 405.0
2455822.56684 20.162 0.166 6.10 309.0
2455823.49845 20.337 0.261 7.15 378.0
2455823.54175 20.316 0.226 6.52 387.0
2455823.58529 20.243 0.180 5.42 413.0
2455824.52235 20.395 0.178 5.22 352.0
2455825.48163 20.392 0.253 6.04 520.0
2455825.53367 20.235 0.176 5.27 417.0
2455825.57999 20.707 0.270 5.72 433.0
2455826.50315 20.622 0.268 6.17 362.0
2455826.55182 20.575 0.258 6.30 385.0
2455828.50271 20.419 0.160 4.46 338.0
2455828.54260 20.790 0.228 4.66 337.0
2455829.55337 20.296 0.157 5.31 429.0
2455830.47931 20.460 0.221 4.30 839.0
2455830.52862 20.692 0.196 5.16 368.0
2455830.60453 20.413 0.266 8.65 407.0
2455831.52738 20.616 0.218 5.81 366.0
2455832.51079 21.021 0.290 4.83 404.0
2455832.58999 20.154 0.232 8.67 481.0
2455833.50845 20.933 0.284 4.88 385.0
2455833.54834 20.776 0.245 5.52 361.0
2455833.58617 19.975 0.171 7.68 400.0
2455834.50794 20.343 0.144 4.82 353.0
2455834.54563 20.556 0.200 6.41 345.0
2455839.52226 20.243 0.221 6.15 571.0
2455840.56289 20.379 0.217 4.90 592.0
2455846.53845 19.928 0.193 5.71 815.0
2455850.51119 20.847 0.265 4.72 490.0
2455851.50012 20.536 0.215 5.18 440.0
2455854.49151 20.073 0.293 5.89 1287.0
2455854.53471 19.995 0.188 6.24 654.0
2455862.50857 20.214 0.226 7.07 490.0
2455867.49775 20.277 0.280 5.18 1407.0
2455960.87561 20.807 0.216 4.28 437.0
2455961.87078 20.113 0.176 6.60 442.0
2455962.87487 20.316 0.167 5.33 399.0
2455963.87611 20.382 0.194 5.94 437.0
2455965.87854 20.407 0.197 4.67 619.0
2455968.87661 20.749 0.296 5.82 569.0
2455971.85889 20.203 0.174 5.57 473.0
2455976.86440 20.672 0.191 4.65 316.0
2455977.82246 20.739 0.254 4.69 465.0
2455979.86559 20.868 0.263 5.47 365.0
2455982.81292 20.947 0.296 5.73 359.0
2455982.85155 20.554 0.160 4.61 303.0
2455983.84333 21.121 0.283 4.51 355.0
2455983.89089 21.201 0.215 3.41 324.0
2455984.81207 20.864 0.285 5.92 354.0
2455984.86363 20.714 0.153 3.50 295.0
2455985.84763 20.640 0.227 5.56 380.0
2455985.89093 20.992 0.292 5.33 333.0
2455986.80245 20.456 0.214 6.16 426.0
2455986.90369 20.650 0.234 4.78 552.0
2455987.83250 20.636 0.207 4.89 397.0
2455987.87094 20.309 0.126 4.14 330.0
2455988.81678 20.672 0.265 6.11 379.0
2455988.85772 20.821 0.253 5.13 362.0
2455989.82724 20.498 0.192 5.98 298.0
2455989.86899 20.666 0.216 5.77 256.0
2455990.79255 20.555 0.183 5.22 335.0
2455990.80358 20.755 0.227 5.54 316.0
2455990.81764 20.496 0.171 5.37 301.0
2455990.83179 20.440 0.160 5.26 304.0
2455990.85909 20.724 0.194 4.90 306.0
2455990.88587 20.564 0.169 5.31 279.0
2455991.83362 20.687 0.202 4.74 316.0
2455991.86141 21.022 0.235 4.42 292.0
2455991.89986 20.638 0.159 4.21 336.0
2455992.80310 20.765 0.290 5.78 486.0
2455992.85075 20.708 0.189 4.30 390.0
2455992.86548 20.438 0.142 4.11 329.0
2455992.87857 20.314 0.127 4.41 302.0
2455992.89784 20.823 0.172 3.67 298.0
2455992.90583 21.206 0.295 3.86 394.0
2455992.91205 20.354 0.206 4.20 929.0
2455993.86235 20.418 0.284 7.44 399.0
2455993.88818 20.622 0.193 4.56 356.0
2455993.90697 20.759 0.283 4.75 551.0
2455994.78423 20.673 0.289 5.00 793.0
2455994.79871 20.779 0.258 4.16 711.0
2455994.81690 20.314 0.181 4.43 637.0
2455994.86769 20.826 0.260 4.59 520.0
2455994.88355 20.404 0.170 4.35 505.0
2455994.90721 20.763 0.228 3.71 657.0
2455995.83450 20.811 0.204 3.39 519.0
2455995.86443 20.375 0.137 3.66 468.0
2455995.88160 20.700 0.227 4.58 443.0
2455996.82406 20.585 0.195 4.61 465.0
2455996.87102 20.830 0.201 3.96 404.0
2455996.90845 20.355 0.145 3.50 654.0
2455997.81782 20.461 0.190 5.12 459.0
2455997.86623 20.354 0.158 4.86 434.0
2455997.90410 20.670 0.194 4.10 468.0
2455998.84292 20.679 0.188 4.00 435.0
2455999.81649 20.304 0.159 4.24 520.0
2455999.90326 21.102 0.276 3.80 479.0
2456002.87203 20.533 0.254 4.39 929.0
2456004.83145 20.432 0.152 4.48 353.0
2456004.87988 20.604 0.159 4.26 325.0
2456005.78604 20.640 0.167 4.66 283.0
2456005.89295 20.569 0.106 3.31 267.0
2456006.75979 21.041 0.254 4.18 307.0
2456006.80284 21.124 0.229 3.83 266.0
2456006.86248 20.917 0.185 3.68 272.0
2456006.90083 20.431 0.123 3.91 280.0
2456007.76431 20.965 0.237 4.47 271.0
2456007.81172 20.776 0.173 3.93 268.0
2456007.85976 20.728 0.168 4.33 251.0
2456007.89773 20.639 0.141 4.25 271.0
2456008.78672 20.658 0.204 4.97 326.0
2456008.83498 20.752 0.206 4.87 292.0
2456008.88319 20.502 0.175 5.25 280.0
2456009.77574 20.295 0.124 4.33 360.0
2456009.82402 20.521 0.138 3.83 331.0
2456009.87109 20.771 0.171 3.92 337.0
2456009.90846 20.442 0.153 4.23 381.0
2456010.75157 20.790 0.258 5.00 465.0
2456010.79364 20.597 0.153 4.27 347.0
2456010.85223 20.986 0.235 4.55 305.0
2456010.89075 21.008 0.178 3.54 299.0
2456011.73620 20.543 0.217 5.35 399.0
2456011.89662 20.908 0.288 3.69 739.0
2456012.73888 20.955 0.278 5.83 286.0
2456012.78421 20.858 0.215 5.21 257.0
2456012.88162 20.624 0.113 3.65 225.0
2456012.91994 20.725 0.173 3.24 542.0
2456013.77832 20.700 0.168 4.86 254.0
2456013.81754 20.714 0.166 4.53 245.0
2456013.88051 21.068 0.244 4.75 256.0
2456013.92099 20.136 0.189 4.07 1170.0
2456014.75528 20.831 0.218 5.04 303.0
2456014.79368 20.548 0.144 4.41 270.0
2456014.85327 20.765 0.181 4.82 240.0
2456014.89273 20.722 0.206 5.51 251.0
2456015.73244 20.993 0.244 4.90 346.0
2456015.77166 20.673 0.147 4.04 275.0
2456015.81058 20.843 0.157 4.07 247.0
2456015.83879 21.007 0.180 3.75 246.0
2456015.90031 20.314 0.096 3.65 246.0
2456016.75191 20.628 0.152 4.14 300.0
2456016.79170 20.526 0.138 4.06 277.0
2456016.83180 20.824 0.165 3.59 278.0
2456016.89514 21.105 0.196 3.60 281.0
2456017.72701 20.959 0.246 4.80 334.0
2456017.76533 20.521 0.137 4.41 287.0
2456017.80348 20.904 0.153 3.54 258.0
2456017.84294 21.100 0.190 3.71 245.0
2456017.90061 21.272 0.195 3.49 227.0
2456018.83212 20.859 0.186 4.42 247.0
2456018.87393 21.071 0.180 3.54 246.0
2456019.75930 20.535 0.217 6.13 319.0
2456019.81705 21.271 0.270 4.40 255.0
2456019.85575 20.476 0.108 3.64 262.0
2456019.89412 20.829 0.152 3.59 253.0
2456020.75140 20.726 0.197 4.70 318.0
2456020.80745 21.088 0.234 4.46 276.0
2456020.84569 21.061 0.185 3.89 245.0
2456020.88491 20.478 0.135 4.50 259.0
2456021.77308 20.798 0.206 4.63 360.0
2456021.81121 20.876 0.194 4.26 328.0
2456021.85054 20.886 0.181 4.07 307.0
2456021.90860 20.588 0.155 4.29 317.0
2456022.72168 20.730 0.273 5.52 504.0
2456022.75979 21.083 0.255 4.05 416.0
2456022.79811 20.260 0.126 4.27 384.0
2456022.89433 20.666 0.159 4.03 335.0
2456023.75479 20.367 0.152 4.16 525.0
2456023.79529 20.611 0.168 3.78 476.0
2456023.83641 21.071 0.269 3.76 469.0
2456023.89875 20.237 0.124 3.38 525.0
2456024.70128 20.554 0.280 5.36 766.0
2456024.77987 20.980 0.293 4.77 525.0
2456024.84054 20.583 0.161 3.70 503.0
2456024.89100 20.577 0.187 3.53 559.0
2456025.77703 20.264 0.174 5.04 550.0
2456029.82929 20.628 0.184 3.87 500.0
2456031.76802 20.608 0.221 6.13 334.0
2456031.80747 20.549 0.156 4.68 343.0
2456031.84843 21.146 0.273 4.32 355.0
2456032.72451 21.128 0.286 4.81 344.0
2456032.77220 20.655 0.156 4.07 332.0
2456032.82069 21.098 0.227 4.03 318.0
2456032.90475 21.147 0.239 3.91 322.0
2456033.78480 21.005 0.274 5.36 306.0
2456033.85579 20.589 0.144 3.84 326.0
2456033.89743 21.016 0.284 4.89 345.0
2456034.69224 20.689 0.189 4.76 334.0
2456034.73891 20.489 0.133 4.13 288.0
2456034.78466 20.445 0.113 3.67 288.0
2456034.83879 20.863 0.179 3.76 289.0
2456034.92706 20.624 0.226 4.08 676.0
2456035.87132 21.083 0.268 4.34 357.0
2456036.69865 20.443 0.150 5.10 278.0
2456036.79289 21.020 0.201 4.10 299.0
2456036.86266 20.653 0.126 3.16 334.0
2456036.91779 21.119 0.249 3.93 394.0
2456037.72554 20.539 0.211 5.82 325.0
2456037.76689 20.170 0.140 5.27 315.0
2456037.82050 20.578 0.163 4.23 336.0
2456037.88122 20.517 0.160 3.98 424.0
2456038.73579 20.273 0.147 5.70 280.0
2456038.77600 20.818 0.268 6.35 275.0
2456038.84309 20.763 0.189 4.39 329.0
2456039.75675 20.707 0.244 5.88 320.0
2456039.80339 20.794 0.247 5.42 332.0
2456039.86502 20.393 0.151 4.65 348.0
2456039.90818 20.496 0.166 4.48 379.0
2456040.73591 20.426 0.234 7.20 290.0
2456040.77685 20.492 0.182 5.52 305.0
2456040.81698 20.824 0.206 4.52 334.0
2456040.92014 20.648 0.184 4.39 363.0
2456041.72362 20.739 0.257 6.53 328.0
2456041.76885 20.879 0.242 5.30 332.0
2456041.82063 21.023 0.262 4.78 343.0
2456041.87342 20.967 0.247 4.47 375.0
2456041.91359 21.044 0.235 3.98 389.0
2456045.90767 21.049 0.273 4.35 405.0
2456046.91867 20.754 0.199 4.37 351.0
2456047.73082 20.451 0.143 4.60 292.0
2456047.77117 20.877 0.190 4.15 315.0
2456047.82149 20.691 0.146 3.45 348.0
2456047.92491 20.644 0.179 3.86 451.0
2456048.69873 20.760 0.212 3.88 378.0
2456048.73902 20.632 0.167 3.99 306.0
2456048.80004 20.935 0.193 3.83 241.0
2456048.84450 20.692 0.166 4.51 239.0
2456048.88786 20.859 0.192 3.92 261.0
2456048.92890 20.479 0.171 3.93 441.0
2456049.70737 21.159 0.270 4.01 373.0
2456049.76102 20.433 0.105 3.13 352.0
2456049.81958 20.604 0.111 2.97 306.0
2456049.86027 20.578 0.158 4.02 348.0
2456050.65492 20.520 0.247 5.95 463.0
2456050.69667 20.874 0.274 4.99 400.0
2456050.73580 20.394 0.159 4.41 393.0
2456050.84609 20.602 0.194 4.37 414.0
2456050.88500 20.832 0.223 4.11 426.0
2456051.75519 21.088 0.254 3.79 426.0
2456052.68106 20.401 0.218 5.03 671.0
2456052.77722 20.966 0.254 3.82 535.0
2456052.81686 20.712 0.242 4.30 585.0
2456052.85724 20.440 0.175 3.96 611.0
2456052.89607 20.881 0.231 3.58 620.0
2456053.67266 20.479 0.236 4.12 1026.0
2456053.76016 21.009 0.291 3.41 771.0
2456053.80843 20.476 0.145 2.88 767.0
2456053.86352 20.440 0.186 3.69 812.0
2456053.90447 20.408 0.200 3.57 1046.0
2456057.70327 20.570 0.289 5.18 848.0
2456057.80348 20.533 0.169 4.15 427.0
2456057.86259 20.642 0.182 3.75 507.0
2456057.86456 20.685 0.198 3.84 528.0
2456057.89600 20.467 0.270 4.30 1174.0
2456057.91063 20.487 0.234 3.78 1031.0
2456058.76812 20.730 0.181 4.10 355.0
2456058.81766 20.561 0.185 4.75 349.0
2456058.86092 20.640 0.202 4.54 392.0
2456058.94049 19.852 0.205 5.40 1340.0
2456059.73546 20.647 0.203 5.25 322.0
2456059.77389 20.657 0.169 4.30 315.0
2456059.83407 20.839 0.184 3.77 350.0
2456059.87286 20.890 0.202 3.85 380.0
2456059.91174 20.751 0.182 3.84 396.0
2456060.77993 20.283 0.119 4.45 297.0
2456061.76227 20.873 0.179 3.33 359.0
2456061.81277 20.553 0.188 4.93 357.0
2456061.85175 20.509 0.156 4.03 426.0
2456061.92850 20.245 0.155 4.45 531.0
2456062.68135 20.562 0.202 5.57 390.0
2456062.82081 20.576 0.183 4.16 465.0
2456062.86036 20.439 0.185 4.68 461.0
2456062.89840 20.515 0.208 4.64 567.0
2456062.93626 19.898 0.155 5.00 877.0
2456063.87796 20.629 0.203 4.93 345.0
2456063.92557 20.446 0.226 5.61 526.0
2456064.71352 20.924 0.193 4.12 317.0
2456064.75203 20.718 0.138 3.39 330.0
2456064.81644 20.825 0.166 3.48 369.0
2456064.85611 20.529 0.169 4.42 405.0
2456064.89782 20.874 0.218 4.20 444.0
2456064.93633 20.278 0.166 4.37 690.0
2456065.68521 20.671 0.172 4.77 271.0
2456065.73315 20.721 0.153 4.02 270.0
2456065.78504 20.588 0.167 4.27 378.0
2456065.82568 20.741 0.216 4.52 410.0
2456066.60950 20.981 0.280 4.81 401.0
2456066.64906 20.903 0.234 4.62 343.0
2456066.68714 21.206 0.255 3.95 327.0
2456066.72521 20.773 0.192 4.07 367.0
2456066.79019 20.515 0.131 3.78 363.0
2456066.82986 20.806 0.173 3.78 350.0
2456066.87222 20.649 0.163 3.74 419.0
2456066.91051 20.583 0.162 3.83 425.0
2456067.59417 20.973 0.246 4.18 357.0
2456067.63335 20.547 0.145 4.02 297.0
2456067.67414 20.629 0.175 4.61 298.0
2456067.71247 20.658 0.145 3.64 303.0
2456067.76147 21.052 0.203 3.66 325.0
2456067.81291 21.196 0.242 3.64 322.0
2456067.85220 20.962 0.189 3.23 357.0
2456067.89006 20.574 0.175 3.81 444.0
2456067.92789 20.220 0.176 5.16 486.0
2456068.62956 20.847 0.207 4.24 346.0
2456068.68020 20.890 0.225 4.35 319.0
2456068.72710 20.657 0.144 3.90 270.0
2456068.79512 20.940 0.191 4.01 278.0
2456068.85348 20.239 0.108 3.69 362.0
2456068.89822 20.696 0.178 3.90 461.0
2456069.61767 20.846 0.207 4.67 300.0
2456069.67626 20.787 0.193 4.36 297.0
2456069.71798 20.377 0.123 4.26 282.0
2456069.76882 20.825 0.171 3.83 283.0
2456069.82467 20.611 0.136 3.62 279.0
2456069.86719 20.930 0.182 3.55 297.0
2456069.90538 20.251 0.105 3.58 340.0
2456070.58710 20.755 0.272 5.81 347.0
2456070.62566 20.568 0.246 6.19 352.0
2456070.66380 20.486 0.160 4.68 315.0
2456070.70364 21.004 0.224 4.30 284.0
2456070.74159 20.870 0.194 4.58 262.0
2456070.80213 20.616 0.171 4.48 310.0
2456070.84038 20.646 0.177 4.43 316.0
2456070.88059 20.889 0.214 4.25 326.0
2456071.58583 20.699 0.261 6.10 351.0
2456071.62566 21.058 0.234 4.53 268.0
2456071.66660 20.645 0.165 4.66 268.0
2456071.70433 20.435 0.125 4.31 245.0
2456071.75214 20.627 0.157 4.42 273.0
2456071.80671 20.801 0.212 4.64 304.0
2456071.84621 21.112 0.281 4.81 309.0
2456071.88440 20.530 0.158 4.39 338.0
2456075.60993 20.733 0.166 4.15 313.0
2456075.64802 21.022 0.176 3.57 257.0
2456075.68628 20.983 0.247 5.30 248.0
2456075.73977 21.382 0.277 3.81 255.0
2456075.79190 20.807 0.147 3.32 260.0
2456075.83141 21.180 0.250 4.02 288.0
2456075.87589 20.568 0.159 4.11 339.0
2456076.64266 20.618 0.180 5.03 339.0
2456076.68944 20.598 0.159 4.31 318.0
2456076.73661 20.887 0.184 4.04 292.0
2456076.78571 21.056 0.258 4.59 302.0
2456076.82443 20.942 0.280 5.20 325.0
2456076.87371 20.855 0.275 5.83 372.0
2456077.70154 21.014 0.266 5.02 318.0
2456077.76097 20.672 0.195 5.50 272.0
2456077.81964 21.053 0.262 4.53 319.0
2456077.86064 20.368 0.133 4.29 332.0
2456077.90202 20.623 0.196 4.57 376.0
2456077.94066 20.396 0.246 6.19 628.0
2456078.62252 20.399 0.163 4.52 435.0
2456078.69912 21.012 0.242 4.01 388.0
2456078.76249 20.948 0.206 3.45 392.0
2456078.80312 21.064 0.202 3.30 338.0
2456078.84132 20.960 0.221 4.18 374.0
2456078.88546 20.650 0.190 3.96 479.0
2456079.59883 21.018 0.263 4.16 417.0
2456079.63655 20.881 0.212 4.38 328.0
2456079.73728 20.563 0.151 4.04 336.0
2456079.78879 20.842 0.226 4.06 422.0
2456079.83996 20.795 0.213 4.17 383.0
2456079.87799 20.982 0.215 3.96 389.0
2456079.91779 20.873 0.298 5.90 474.0
2456080.60700 20.156 0.157 4.90 543.0
2456080.64528 20.381 0.177 4.54 583.0
2456080.69194 21.094 0.262 4.04 438.0
2456080.73368 20.336 0.139 4.28 429.0
2456080.77442 20.516 0.201 4.75 465.0
2456080.82264 20.376 0.162 4.67 431.0
2456080.87036 20.829 0.295 5.59 468.0
2456080.91509 20.531 0.172 4.78 387.0
2456081.56274 20.091 0.222 5.84 917.0
2456081.68144 20.760 0.268 4.97 572.0
2456081.72694 19.992 0.122 4.31 556.0
2456081.82435 20.235 0.158 4.47 629.0
2456081.86453 20.708 0.290 5.10 708.0
2456081.91264 20.003 0.225 6.83 837.0
2456085.59806 20.569 0.246 5.14 592.0
2456085.64769 20.612 0.204 4.50 503.0
2456085.68252 20.375 0.172 4.65 528.0
2456086.62170 20.389 0.154 4.40 388.0
2456086.66469 20.974 0.214 3.93 360.0
2456086.71358 20.641 0.149 3.77 365.0
2456086.76707 20.956 0.246 4.38 368.0
2456086.80698 20.368 0.166 5.03 384.0
2456087.54531 20.376 0.189 5.91 349.0
2456087.60065 20.699 0.198 5.35 259.0
2456087.80540 20.718 0.206 4.09 488.0
2456088.61057 20.914 0.179 4.29 244.0
2456088.64902 20.841 0.189 4.55 258.0
2456088.68713 21.006 0.206 4.19 277.0
2456089.65333 20.700 0.173 4.34 322.0
2456089.69159 21.016 0.233 4.72 298.0
2456089.76222 20.653 0.181 4.45 356.0
2456092.60924 20.548 0.157 4.88 270.0
2456092.76682 20.863 0.192 4.15 310.0
2456092.89407 20.333 0.246 6.81 493.0
2456093.56163 20.687 0.208 5.16 330.0
2456093.68927 21.288 0.293 4.88 251.0
2456093.76419 20.580 0.166 4.71 289.0
2456093.80188 20.821 0.278 6.10 302.0
2456093.84170 20.214 0.181 6.63 319.0
2456094.61509 20.565 0.234 6.06 361.0
2456094.65268 20.325 0.170 5.70 354.0
2456094.69047 20.895 0.258 5.27 351.0
2456094.74967 20.667 0.220 5.20 380.0
2456094.78727 21.106 0.294 4.84 344.0
2456096.61452 20.954 0.254 5.51 267.0
2456096.65967 21.194 0.298 5.15 273.0
2456096.70401 20.423 0.165 5.49 415.0
2456096.72146 20.636 0.216 5.94 285.0
2456096.73425 20.536 0.217 6.30 290.0
2456096.77354 20.821 0.227 5.04 314.0
2456096.81283 20.610 0.242 5.97 363.0
2456097.75081 20.345 0.201 6.75 297.0
2456097.78956 20.834 0.245 5.12 311.0
2456097.82716 20.678 0.227 5.09 355.0
2456097.86687 20.504 0.232 5.70 439.0
2456098.54735 20.535 0.218 6.04 313.0
2456098.59614 20.523 0.214 5.99 324.0
2456098.73513 21.022 0.290 5.53 306.0
2456098.77331 20.480 0.154 4.62 311.0
2456098.81439 20.670 0.227 5.47 349.0
2456099.75166 20.760 0.280 6.19 364.0
2456100.64908 20.789 0.195 4.44 331.0
2456100.70900 20.308 0.114 3.95 309.0
2456100.79586 20.343 0.190 5.65 386.0
2456100.83650 20.763 0.278 5.18 521.0
2456100.87421 19.999 0.151 5.75 469.0
2456101.51246 20.962 0.297 4.76 460.0
2456101.58808 21.008 0.280 4.93 364.0
2456101.62621 20.373 0.128 4.34 331.0
2456101.66584 20.289 0.105 4.08 275.0
2456101.72762 20.505 0.138 4.02 297.0
2456101.76656 20.587 0.166 4.20 332.0
2456101.80556 20.800 0.247 4.68 463.0
2456102.55233 20.174 0.169 5.32 523.0
2456102.60078 20.732 0.221 4.80 354.0
2456102.64802 21.030 0.246 4.32 310.0
2456102.68811 20.538 0.146 4.03 348.0
2456102.72768 20.896 0.191 3.58 383.0
2456102.80638 20.411 0.146 3.95 403.0
2456103.48414 20.611 0.282 5.03 717.0
2456103.52863 20.922 0.277 4.47 458.0
2456103.56873 20.359 0.152 4.41 372.0
2456103.60885 20.416 0.140 4.32 342.0
2456103.66721 20.745 0.168 3.74 368.0
2456103.70757 20.746 0.188 4.07 326.0
2456103.74776 20.133 0.115 4.36 336.0
2456103.81387 20.526 0.185 6.25 323.0
2456104.48497 20.669 0.237 4.54 543.0
2456104.52927 20.995 0.249 4.15 425.0
2456104.56733 20.873 0.190 4.02 370.0
2456104.65166 21.110 0.234 4.12 291.0
2456104.69216 20.898 0.163 3.55 268.0
2456104.73239 20.687 0.134 3.40 287.0
2456104.77100 20.519 0.134 4.14 271.0
2456104.81232 20.398 0.148 4.98 298.0
2456104.86099 20.492 0.207 6.33 344.0
2456105.48053 20.235 0.239 7.01 509.0
2456105.56781 20.700 0.226 5.59 328.0
2456105.62592 21.253 0.295 4.68 289.0
2456105.68146 20.706 0.187 4.90 271.0
2456105.72000 20.507 0.137 4.52 241.0
2456106.62577 20.809 0.272 5.85 320.0
2456108.52990 20.709 0.270 4.86 630.0
2456108.56878 20.976 0.266 4.06 539.0
2456108.62143 19.845 0.133 4.51 897.0
2456108.67294 20.968 0.251 4.20 423.0
2456108.75462 20.524 0.162 3.79 477.0
2456108.79348 20.773 0.253 4.18 607.0
2456108.83541 20.506 0.200 4.38 590.0
2456113.58875 20.519 0.227 4.94 584.0
2456113.62659 20.600 0.236 4.98 609.0
2456113.70849 20.877 0.273 3.89 668.0
2456113.74704 20.516 0.246 4.42 723.0
2456113.78477 20.353 0.183 4.16 704.0
2456114.63390 20.277 0.154 4.83 452.0
2456114.68327 20.547 0.231 5.37 444.0
2456114.73081 20.847 0.229 4.03 453.0
2456114.76850 20.986 0.295 4.38 519.0
2456114.80741 20.695 0.267 4.74 587.0
2456114.84885 19.882 0.183 6.19 799.0
2456115.49487 20.354 0.148 4.95 339.0
2456115.53327 20.662 0.200 4.79 382.0
2456115.57092 20.570 0.187 4.92 386.0
2456115.63065 20.104 0.126 5.30 384.0
2456115.74860 20.361 0.163 5.52 325.0
2456116.49240 20.974 0.231 4.53 338.0
2456116.53385 21.033 0.232 4.60 293.0
2456116.57475 20.703 0.150 4.29 271.0
2456116.62200 20.942 0.186 4.01 288.0
2456116.67112 20.353 0.122 4.61 271.0
2456116.71273 20.611 0.175 4.73 304.0
2456116.75578 20.983 0.280 5.05 340.0
2456116.79529 20.546 0.182 4.72 359.0
2456117.51405 20.184 0.126 4.40 411.0
2456117.65233 20.788 0.202 4.71 306.0
2456117.69194 21.000 0.252 4.72 341.0
2456117.73039 20.438 0.153 4.32 374.0
2456117.76960 20.452 0.158 4.40 379.0
2456118.54332 20.814 0.180 4.37 300.0
2456118.58300 20.394 0.117 4.20 277.0
2456118.63835 20.447 0.144 4.94 266.0
2456118.69287 20.871 0.179 4.37 269.0
2456118.73190 20.693 0.138 3.71 264.0
2456118.76925 20.620 0.153 3.98 308.0
2456118.80673 20.659 0.210 4.92 362.0
2456119.49244 20.707 0.290 6.69 309.0
2456119.57261 20.546 0.156 5.35 216.0
2456119.62871 20.346 0.120 5.06 214.0
2456119.67198 20.438 0.131 4.72 230.0
2456119.70998 20.827 0.182 4.27 245.0
2456119.73716 20.710 0.172 4.43 276.0
2456119.77680 20.314 0.187 6.27 315.0
2456119.81238 20.211 0.165 5.15 495.0
2456120.62598 20.897 0.212 5.32 204.0
2456120.67638 20.543 0.130 4.39 202.0
2456121.47498 20.992 0.236 4.41 317.0
2456121.51234 20.603 0.132 4.14 269.0
2456121.55010 20.966 0.171 4.13 230.0
2456121.60236 20.970 0.162 4.31 199.0
2456121.65516 20.437 0.114 4.37 214.0
2456121.71925 20.959 0.165 3.75 219.0
2456121.75740 20.551 0.118 3.88 218.0
2456123.56337 20.537 0.172 5.05 276.0
2456123.61066 21.103 0.289 5.59 259.0
2456123.66232 20.280 0.107 4.51 237.0
2456123.78000 21.105 0.256 4.66 259.0
2456124.53917 20.674 0.189 5.04 268.0
2456124.67011 20.876 0.208 4.87 237.0
2456124.70984 21.119 0.272 4.83 270.0
2456124.75044 20.589 0.171 4.47 320.0
2456124.83067 20.318 0.219 6.19 440.0
2456125.55463 20.392 0.165 5.82 269.0
2456125.61637 20.931 0.240 5.55 239.0
2456125.71401 20.474 0.156 5.03 250.0
2456125.75929 20.761 0.211 4.94 283.0
2456126.54357 20.498 0.162 5.30 262.0
2456126.64810 20.858 0.207 5.12 241.0
2456126.70677 21.102 0.266 5.11 265.0
2456126.75112 20.650 0.190 5.55 275.0
2456127.49248 20.944 0.295 5.56 344.0
2456127.53442 20.733 0.220 5.45 281.0
2456128.51120 20.763 0.164 3.84 306.0
2456128.55389 20.688 0.167 4.42 283.0
2456128.59770 20.827 0.209 5.01 246.0
2456128.64366 20.324 0.124 4.59 282.0
2456130.54869 20.205 0.139 5.09 294.0
2456130.72970 20.368 0.170 5.40 312.0
2456131.56627 20.132 0.110 5.30 230.0
2456131.67770 19.842 0.074 4.37 232.0
2456131.74718 20.868 0.281 5.96 290.0
2456132.49911 20.689 0.261 6.41 289.0
2456132.65540 20.710 0.221 5.50 240.0
2456132.74186 20.786 0.226 5.02 292.0
2456132.77835 20.486 0.189 5.44 367.0
2456133.55247 20.701 0.236 6.22 257.0
2456133.60155 20.746 0.256 6.37 242.0
2456133.66302 21.148 0.282 4.84 257.0
2456133.70617 20.762 0.239 5.52 280.0
2456133.75480 20.336 0.181 5.85 336.0
2456134.60840 20.493 0.233 6.61 311.0
2456135.72644 21.039 0.274 4.48 359.0
2456135.76837 20.467 0.192 5.65 333.0
2456136.62416 20.479 0.277 6.86 424.0
2456136.65460 20.140 0.167 6.14 420.0
2456140.50717 20.021 0.161 5.13 703.0
2456140.64637 20.446 0.240 5.48 640.0
2456140.68553 20.231 0.205 5.47 688.0
2456141.70887 20.692 0.254 4.49 636.0
2456142.48567 20.045 0.218 7.47 480.0
2456147.52459 20.555 0.171 5.19 239.0
2456147.57671 20.749 0.247 6.64 227.0
2456147.61797 20.696 0.241 6.84 222.0
2456148.50742 20.726 0.157 4.23 243.0
2456148.55603 21.011 0.182 3.95 229.0
2456148.60986 20.984 0.200 4.46 223.0
2456149.61601 20.610 0.219 5.93 282.0
2456150.64952 20.497 0.147 4.71 249.0
2456151.48347 20.343 0.193 6.08 325.0
2456151.59334 20.397 0.182 6.11 277.0
2456151.63222 20.570 0.199 5.81 276.0
2456151.67309 20.236 0.164 6.63 252.0
2456151.71309 20.596 0.246 6.12 355.0
2456152.52234 20.421 0.144 5.19 237.0
2456152.56282 20.795 0.247 6.42 239.0
2456152.62724 20.167 0.125 5.52 243.0
2456152.66666 21.159 0.278 5.04 231.0
2456154.55206 20.622 0.225 6.08 317.0
2456154.63148 20.488 0.185 5.40 292.0
2456154.70351 20.415 0.214 6.72 295.0
2456157.65956 20.457 0.191 5.58 297.0
2456158.50009 20.652 0.160 4.34 303.0
2456158.60183 20.749 0.201 4.84 320.0
2456158.64240 20.713 0.214 4.84 364.0
2456158.68218 20.709 0.210 4.39 409.0
2456159.50634 20.721 0.291 6.07 389.0
2456160.54366 20.444 0.155 5.16 266.0
2456160.55764 20.420 0.138 4.49 268.0
2456160.60329 20.958 0.242 4.87 256.0
2456160.69605 20.819 0.217 4.57 327.0
2456161.48700 20.432 0.210 6.52 283.0
2456161.52731 20.314 0.166 5.79 247.0
2456161.56709 20.447 0.197 6.21 256.0
2456161.69035 20.053 0.135 6.12 278.0
2456164.61347 20.807 0.265 5.56 391.0
2456166.62865 20.975 0.288 3.75 602.0
2456167.53808 20.524 0.199 4.31 527.0
2456167.64029 20.509 0.215 3.95 799.0
2456168.53979 20.553 0.174 3.66 553.0
2456168.60441 20.730 0.223 4.01 550.0
2456168.66075 20.647 0.224 4.34 661.0
2456169.49056 20.285 0.192 5.27 535.0
2456169.54152 20.070 0.151 4.96 485.0
2456169.59214 20.479 0.186 4.13 512.0
2456169.63228 20.620 0.249 4.82 616.0
2456169.66762 20.037 0.163 5.41 704.0
2456171.49321 20.902 0.202 3.69 473.0
2456171.54720 20.807 0.223 4.00 524.0
2456171.59660 19.939 0.105 3.87 553.0
2456171.67871 20.494 0.276 6.00 675.0
2456172.50545 20.600 0.128 3.19 363.0
2456172.55595 20.630 0.163 3.66 408.0
2456172.60640 20.549 0.168 4.03 414.0
2456172.64482 20.591 0.189 4.53 462.0
2456174.57809 20.284 0.222 6.74 409.0
2456175.51805 20.348 0.162 5.15 347.0
2456175.55615 20.502 0.212 5.58 369.0
2456179.52316 20.499 0.239 6.76 358.0
2456179.56935 20.329 0.199 6.21 355.0
2456179.61275 20.142 0.186 6.78 352.0
2456180.54783 20.527 0.211 5.52 370.0
2456181.49283 20.718 0.227 5.00 404.0
2456181.58851 20.136 0.109 3.65 423.0
2456181.62757 20.861 0.278 5.22 432.0
2456182.49316 20.812 0.224 4.82 328.0
2456182.54803 20.578 0.177 4.85 304.0
2456182.59624 21.053 0.289 5.15 317.0
2456182.64137 20.125 0.184 6.99 400.0
2456183.59332 20.511 0.156 4.25 298.0
2456184.52818 20.907 0.207 4.11 283.0
2456184.58660 20.674 0.175 4.75 251.0
2456184.63244 21.052 0.294 6.35 275.0
2456185.49505 20.885 0.230 5.03 277.0
2456185.55385 20.453 0.125 3.74 289.0
2456190.51467 20.281 0.148 5.16 353.0
2456190.61215 20.189 0.161 5.89 396.0
2456191.51570 20.591 0.270 4.83 557.0
2456195.49172 20.902 0.248 4.22 427.0
2456195.54397 20.404 0.162 4.11 482.0
2456196.57975 20.421 0.214 5.18 607.0
2456197.54249 20.402 0.230 5.47 536.0
2456199.51279 20.506 0.285 6.64 466.0
2456202.56129 20.271 0.262 6.05 711.0
2456204.54424 20.281 0.176 5.15 424.0
2456205.56660 21.036 0.298 5.04 329.0
2456210.53788 20.599 0.221 5.51 378.0
2456211.54365 20.454 0.186 5.13 364.0
2456212.53915 20.642 0.219 4.54 452.0
2456213.54563 20.662 0.262 5.75 411.0
2456216.51140 20.609 0.235 5.37 402.0
2456216.55039 20.666 0.267 5.57 442.0
2456217.50621 20.788 0.207 3.97 368.0
2456217.54408 20.692 0.218 4.62 375.0
2456334.87081 20.557 0.182 5.25 304.0
2456335.84123 20.384 0.180 5.63 343.0
2456337.86223 20.603 0.205 4.90 350.0
2456339.85862 20.548 0.146 4.52 266.0
2456344.83237 20.750 0.186 4.59 306.0
2456344.87144 20.756 0.169 4.20 274.0
2456345.84653 20.869 0.197 4.01 299.0
2456347.85304 20.809 0.210 3.98 400.0
2456347.89141 21.046 0.224 4.28 279.0
2456348.83575 21.103 0.295 4.33 482.0
2456348.87768 20.591 0.167 4.30 395.0
2456350.83557 20.528 0.191 4.51 470.0
2456350.88249 20.814 0.241 4.53 415.0
2456351.83564 20.721 0.285 5.85 424.0
2456352.83497 20.296 0.140 4.16 472.0
2456352.88022 20.929 0.218 4.09 417.0
2456353.85583 20.635 0.191 4.83 385.0
2456354.84210 20.500 0.146 3.99 447.0
2456354.88766 20.599 0.189 4.73 406.0
2456358.84308 20.858 0.166 3.86 288.0
2456360.80835 20.455 0.123 3.79 299.0
2456360.84582 20.903 0.188 3.91 307.0
2456361.83135 20.715 0.177 4.14 317.0
2456361.86894 21.065 0.246 4.62 285.0
2456362.79168 20.247 0.157 5.54 325.0
2456362.82922 20.986 0.242 4.39 306.0
2456362.85524 20.683 0.193 4.97 271.0
2456363.82506 20.426 0.179 5.41 303.0
2456363.88136 20.756 0.179 4.41 286.0
2456367.84384 20.948 0.177 4.28 219.0
2456367.88216 20.807 0.147 4.14 222.0
2456368.77996 20.959 0.219 4.60 253.0
2456368.83295 20.420 0.116 3.79 245.0
2456368.87226 20.444 0.131 4.46 260.0
2456368.91258 20.530 0.232 4.77 642.0
2456369.79983 20.828 0.194 4.50 258.0
2456369.89764 21.031 0.208 4.53 251.0
2456370.78213 21.195 0.269 4.45 266.0
2456370.82983 20.630 0.163 4.70 271.0
2456370.87265 20.736 0.169 4.39 274.0
2456370.91298 21.144 0.285 4.48 392.0
2456371.79399 20.641 0.164 4.79 227.0
2456371.84299 20.857 0.219 5.30 217.0
2456371.88179 20.440 0.116 4.30 214.0
2456372.78668 20.635 0.176 4.92 282.0
2456372.83546 20.755 0.167 4.39 257.0
2456372.87553 20.479 0.127 4.51 249.0
2456373.75536 20.312 0.149 4.96 374.0
2456373.84954 20.548 0.148 4.70 252.0
2456374.79336 20.622 0.207 5.25 328.0
2456374.84474 20.374 0.138 5.08 256.0
2456374.88434 20.809 0.204 4.98 280.0
2456375.75282 20.445 0.144 4.22 366.0
2456375.79175 20.668 0.158 4.17 313.0
2456375.85943 20.569 0.137 5.14 229.0
2456375.90005 20.916 0.156 3.49 256.0
2456376.76362 20.376 0.175 5.17 428.0
2456376.81539 20.556 0.154 4.12 379.0
2456376.85535 21.065 0.259 4.81 338.0
2456376.89741 20.440 0.110 3.64 269.0
2456377.77758 20.616 0.163 3.93 425.0
2456377.82766 20.992 0.193 3.50 381.0
2456377.86741 21.252 0.220 3.22 363.0
2456377.90990 20.732 0.147 3.22 346.0
2456378.82310 21.210 0.261 3.46 517.0
2456378.86426 20.764 0.158 3.05 494.0
2456378.90372 20.637 0.142 3.05 482.0
2456379.80769 20.746 0.204 3.54 560.0
2456379.84740 20.398 0.151 3.99 521.0
2456380.74832 20.995 0.266 4.17 525.0
2456380.78734 20.479 0.140 3.65 453.0
2456380.85032 20.781 0.195 3.85 420.0
2456380.89121 21.215 0.281 3.88 434.0
2456381.74735 20.639 0.202 4.12 553.0
2456381.75071 20.887 0.237 4.06 540.0
2456381.79581 20.563 0.152 3.85 457.0
2456381.84446 20.697 0.152 3.52 400.0
2456381.88369 20.651 0.142 3.41 404.0
2456386.74410 20.285 0.186 6.52 302.0
2456386.78248 20.644 0.170 4.76 291.0
2456386.83894 20.554 0.160 4.77 274.0
2456386.88757 20.939 0.279 5.82 287.0
2456387.75704 20.506 0.133 4.53 236.0
2456387.79880 20.549 0.148 4.48 255.0
2456387.84002 20.890 0.173 3.97 243.0
2456388.81855 20.743 0.165 4.25 246.0
2456388.88671 20.686 0.180 4.54 317.0
2456389.70460 20.421 0.226 6.97 373.0
2456389.74692 20.252 0.127 4.78 311.0
2456389.79921 20.603 0.146 4.35 270.0
2456389.83600 20.960 0.259 5.12 299.0
2456389.87462 20.694 0.176 4.48 289.0
2456389.91880 20.702 0.215 4.96 376.0
2456390.74021 20.670 0.172 4.51 291.0
2456390.82319 20.648 0.164 4.28 274.0
2456390.86666 21.102 0.251 4.74 269.0
2456390.91353 21.127 0.278 4.89 289.0
2456391.79333 20.279 0.147 5.80 280.0
2456391.84539 20.705 0.255 6.46 306.0
2456391.88737 20.615 0.268 8.10 331.0
2456393.69958 20.020 0.135 5.44 343.0
2456393.80607 20.668 0.189 5.05 288.0
2456394.72126 20.804 0.288 6.48 350.0
2456394.86042 20.055 0.113 5.33 295.0
2456394.92512 20.422 0.170 4.46 447.0
2456395.72495 20.865 0.205 4.11 358.0
2456395.77356 20.749 0.176 4.15 335.0
2456395.86226 21.041 0.185 3.67 329.0
2456395.90632 20.637 0.140 3.83 339.0
2456396.71040 20.319 0.120 4.26 360.0
2456396.75731 20.684 0.132 3.61 280.0
2456396.80706 20.648 0.124 3.79 267.0
2456396.84981 20.806 0.134 3.23 284.0
2456396.89075 20.402 0.124 4.15 308.0
2456397.72343 20.622 0.142 4.08 289.0
2456397.77425 20.880 0.154 3.48 267.0
2456397.82317 20.757 0.144 3.67 254.0
2456397.89974 20.614 0.144 3.91 271.0
2456398.69191 20.539 0.171 4.34 337.0
2456398.73084 20.945 0.191 3.64 283.0
2456398.79264 20.600 0.132 3.73 244.0
2456398.83066 21.190 0.243 3.83 250.0
2456398.87160 21.257 0.299 4.61 260.0
2456398.91167 20.318 0.121 3.85 285.0
2456399.69770 20.612 0.154 4.29 300.0
2456399.73653 20.387 0.153 5.18 263.0
2456399.78539 20.379 0.129 4.79 264.0
2456399.83321 20.858 0.195 4.80 269.0
2456399.87243 20.561 0.176 5.14 272.0
2456400.70116 20.851 0.175 4.31 251.0
2456400.74573 20.765 0.205 4.96 277.0
2456400.81189 20.686 0.197 5.11 278.0
2456400.86730 20.684 0.193 5.10 258.0
2456400.91232 20.891 0.223 4.45 312.0
2456401.70823 21.005 0.284 5.43 298.0
2456401.75529 21.117 0.215 4.10 258.0
2456401.80627 20.634 0.164 4.55 259.0
2456401.84476 20.694 0.146 4.04 276.0
2456401.88658 21.202 0.235 3.58 294.0
2456401.92447 20.419 0.135 3.30 475.0
2456402.71765 20.809 0.206 4.70 337.0
2456402.76490 20.986 0.267 5.23 292.0
2456402.81183 20.942 0.217 4.64 281.0
2456402.85197 20.358 0.161 5.30 299.0
2456403.72104 20.740 0.148 3.78 292.0
2456403.75857 21.023 0.197 3.89 285.0
2456403.80709 20.515 0.120 4.02 269.0
2456403.84539 20.248 0.111 4.72 273.0
2456403.90073 20.418 0.136 4.37 321.0
2456404.79098 20.636 0.183 4.34 402.0
2456404.82982 21.020 0.238 4.66 268.0
2456405.84733 20.834 0.193 3.89 507.0
2456405.91458 20.762 0.152 3.57 330.0
2456406.89299 20.444 0.157 3.36 1080.0
2456407.71190 20.305 0.187 5.32 519.0
2456407.78789 20.632 0.196 4.40 470.0
2456407.83691 21.022 0.274 4.26 494.0
2456407.92562 20.052 0.146 4.17 715.0
2456408.82229 20.639 0.274 5.53 549.0
2456415.72253 20.628 0.238 6.54 305.0
2456415.77383 20.610 0.247 6.53 294.0
2456415.81431 20.882 0.241 5.20 299.0
2456416.65591 20.566 0.195 5.16 364.0
2456416.70103 20.479 0.175 5.10 343.0
2456416.76416 20.313 0.114 4.35 292.0
2456416.81158 21.338 0.275 4.23 295.0
2456417.72685 20.456 0.158 4.82 340.0
2456417.81201 20.643 0.156 3.93 341.0
2456417.85255 20.658 0.203 4.56 385.0
2456418.66248 20.531 0.176 4.37 408.0
2456418.70006 20.948 0.264 4.82 361.0
2456418.73755 20.770 0.196 4.43 313.0
2456418.77514 21.152 0.261 4.59 257.0
2456418.82446 20.947 0.185 3.79 261.0
2456418.86419 20.503 0.131 3.91 289.0
2456418.91154 20.711 0.171 3.93 361.0
2456419.71135 20.301 0.116 4.24 277.0
2456419.74942 20.525 0.140 4.45 253.0
2456419.78826 20.416 0.156 4.97 304.0
2456419.83950 20.623 0.174 4.48 309.0
2456419.88713 20.847 0.209 3.73 365.0
2456419.92516 20.643 0.170 3.55 406.0
2456420.61608 20.905 0.264 5.47 351.0
2456420.65354 21.232 0.257 3.98 281.0
2456420.69112 20.842 0.166 4.19 255.0
2456420.72894 20.635 0.116 3.44 230.0
2456420.76485 20.772 0.157 4.47 228.0
2456420.82460 20.656 0.128 3.47 247.0
2456420.86335 20.812 0.157 3.53 263.0
2456420.91230 20.556 0.130 3.46 289.0
2456421.79272 21.186 0.253 4.40 282.0
2456421.83344 20.810 0.217 5.07 298.0
2456422.68486 20.593 0.150 4.32 305.0
2456422.73712 20.666 0.157 4.27 275.0
2456422.77494 20.984 0.213 4.27 296.0
2456423.64705 20.612 0.214 5.64 375.0
2456423.69478 20.534 0.183 4.84 387.0
2456423.75200 20.852 0.262 5.00 390.0
2456423.81604 20.867 0.223 4.39 394.0
2456423.85462 20.750 0.183 3.80 381.0
2456424.65490 20.690 0.175 4.37 386.0
2456424.69537 20.566 0.142 3.97 370.0
2456424.75472 20.636 0.137 3.80 341.0
2456424.80564 20.581 0.130 3.58 354.0
2456424.84906 21.116 0.256 4.14 374.0
2456424.89055 20.189 0.119 4.66 398.0
2456426.61233 20.379 0.133 5.11 298.0
2456426.65302 20.562 0.160 5.02 275.0
2456426.72914 20.798 0.146 4.01 256.0
2456426.80072 20.759 0.193 5.02 284.0
2456426.85241 20.708 0.144 3.74 299.0
2456426.89352 20.982 0.213 4.06 326.0
2456427.89503 20.616 0.165 4.13 535.0
2456428.73611 20.578 0.182 5.50 284.0
2456428.78665 20.797 0.195 4.87 305.0
2456429.94810 19.982 0.230 6.13 1727.0
2456431.68365 20.430 0.179 6.04 303.0
2456431.73422 20.529 0.141 4.64 295.0
2456431.78637 20.734 0.189 4.94 299.0
2456431.82799 20.575 0.153 4.42 326.0
2456432.58958 20.244 0.222 7.53 416.0
2456432.66534 20.810 0.245 5.63 336.0
2456432.70829 20.846 0.211 4.81 329.0
2456432.76764 20.485 0.156 5.07 335.0
2456432.80952 20.913 0.212 4.73 296.0
2456432.93079 20.115 0.160 5.98 431.0
2456433.61379 20.177 0.166 6.34 368.0
2456433.74475 20.729 0.259 5.11 548.0
2456433.79641 20.417 0.186 5.54 390.0
2456434.61405 20.329 0.207 6.38 505.0
2456434.69655 20.622 0.186 4.57 407.0
2456434.74604 20.708 0.178 4.31 411.0
2456434.79768 20.729 0.189 4.03 458.0
2456434.83896 20.478 0.169 4.25 492.0
2456434.88689 20.561 0.201 4.86 477.0
2456434.93251 20.555 0.261 5.60 564.0
2456435.73710 20.232 0.119 3.86 491.0
2456435.91597 20.699 0.198 4.06 518.0
2456436.63068 20.928 0.287 4.31 678.0
2456436.67370 20.416 0.163 4.30 583.0
2456436.71539 20.364 0.156 4.40 588.0
2456436.77908 20.761 0.214 3.68 736.0
2456436.81987 20.811 0.257 3.93 773.0
2456436.86164 20.830 0.278 3.85 883.0
2456441.77826 20.326 0.202 5.62 615.0
2456442.56576 20.696 0.190 4.52 431.0
2456442.65119 21.240 0.277 4.09 396.0
2456442.69125 20.386 0.121 4.10 361.0
2456442.75339 20.481 0.123 3.99 323.0
2456442.79511 20.433 0.111 3.74 312.0
2456442.83549 20.742 0.164 3.92 328.0
2456442.87531 20.393 0.128 4.00 381.0
2456443.59447 20.239 0.150 5.82 559.0
2456443.75567 20.722 0.220 4.71 700.0
2456444.76114 20.502 0.168 5.44 318.0
2456444.81436 20.858 0.249 5.09 344.0
2456444.85525 20.596 0.176 4.43 394.0
2456445.62587 20.355 0.148 5.46 319.0
2456445.68420 21.239 0.266 4.35 316.0
2456445.72914 20.493 0.152 4.65 333.0
2456445.83362 20.778 0.221 4.81 375.0
2456446.57104 21.024 0.230 4.75 301.0
2456446.61669 20.879 0.181 4.39 296.0
2456446.65801 20.906 0.172 3.94 293.0
2456446.70972 20.889 0.167 4.22 261.0
2456446.76520 20.604 0.140 4.27 295.0
2456446.80553 21.134 0.195 3.24 329.0
2456446.84811 20.578 0.152 3.99 373.0
2456446.91543 20.404 0.179 5.53 472.0
2456447.54516 20.913 0.269 5.11 395.0
2456447.63194 20.618 0.146 3.88 271.0
2456447.67265 20.627 0.154 4.34 279.0
2456447.73246 20.739 0.167 4.43 273.0
2456447.77740 20.862 0.198 4.29 290.0
2456447.81911 20.834 0.181 3.81 325.0
2456447.85923 20.765 0.184 3.68 367.0
2456448.58170 20.325 0.140 4.40 368.0
2456448.62187 20.875 0.234 4.93 297.0
2456448.71297 20.574 0.157 4.54 292.0
2456448.76535 20.782 0.159 4.15 273.0
2456448.80691 20.340 0.104 3.74 300.0
2456448.84832 20.838 0.203 4.12 368.0
2456448.88887 20.592 0.266 6.12 442.0
2456448.92465 19.968 0.211 7.74 524.0
2456449.58094 20.296 0.125 4.42 317.0
2456449.62192 20.647 0.183 5.09 278.0
2456449.66516 20.963 0.241 5.30 276.0
2456449.70549 20.696 0.156 4.04 333.0
2456449.76705 20.291 0.127 4.51 307.0
2456449.80816 20.639 0.192 4.58 327.0
2456449.84901 20.395 0.163 4.91 345.0
2456450.57249 20.319 0.135 4.22 386.0
2456450.61524 20.614 0.159 4.16 325.0
2456450.65825 20.869 0.175 4.16 286.0
2456450.70732 20.649 0.119 3.46 282.0
2456450.75793 21.210 0.229 3.70 307.0
2456450.84038 20.413 0.144 4.10 393.0
2456450.88562 20.368 0.176 5.96 452.0
2456451.66093 20.993 0.260 4.69 395.0
2456451.71290 20.476 0.145 4.51 339.0
2456451.76532 20.369 0.117 3.98 315.0
2456452.57613 20.685 0.175 4.83 284.0
2456452.62508 20.451 0.102 3.86 247.0
2456452.66577 21.322 0.264 4.44 252.0
2456452.75698 20.687 0.130 3.78 257.0
2456452.81789 20.435 0.115 3.93 278.0
2456452.86056 20.572 0.161 4.73 325.0
2456452.90353 20.481 0.202 5.97 370.0
2456454.59217 20.476 0.144 4.66 253.0
2456454.63465 20.555 0.150 4.77 257.0
2456454.77850 20.552 0.138 4.02 276.0
2456454.81963 20.798 0.223 5.27 285.0
2456454.86025 20.664 0.215 5.59 303.0
2456454.90109 20.772 0.240 5.96 328.0
2456455.70173 20.641 0.148 4.66 299.0
2456455.80201 20.870 0.203 4.78 358.0
2456456.55841 20.644 0.134 4.18 264.0
2456456.60079 21.069 0.159 3.56 239.0
2456456.64196 20.594 0.101 3.49 230.0
2456456.69363 20.886 0.138 3.41 291.0
2456456.74591 20.682 0.128 3.81 257.0
2456456.78718 20.303 0.115 4.31 273.0
2456456.82819 20.871 0.188 3.94 342.0
2456456.89879 21.088 0.252 4.51 367.0
2456457.68506 21.256 0.217 3.84 371.0
2456457.72208 20.310 0.094 3.91 255.0
2456457.77424 20.473 0.115 3.93 259.0
2456457.81564 20.584 0.161 4.66 323.0
2456457.85663 21.066 0.278 4.66 429.0
2456458.59897 20.838 0.230 4.95 343.0
2456458.73341 20.804 0.210 4.97 314.0
2456458.78405 21.149 0.266 3.91 397.0
2456458.82490 20.786 0.197 4.25 386.0
2456459.55105 20.624 0.200 4.50 458.0
2456459.59201 20.732 0.194 4.39 378.0
2456459.63488 21.279 0.277 4.19 315.0
2456459.68670 20.720 0.150 3.91 268.0
2456459.74311 20.676 0.126 3.37 279.0
2456459.78394 20.951 0.210 3.65 352.0
2456459.82468 20.659 0.181 3.99 424.0
2456459.86558 20.668 0.203 4.96 396.0
2456460.60961 20.628 0.215 5.19 402.0
2456460.66501 20.701 0.169 3.82 391.0
2456460.75079 21.047 0.269 4.61 501.0
2456460.83650 20.937 0.215 3.88 515.0
2456461.53504 20.311 0.165 4.89 622.0
2456461.58085 20.248 0.132 4.48 387.0
2456461.62228 20.551 0.174 4.71 366.0
2456461.66706 20.444 0.153 4.30 431.0
2456461.78525 20.320 0.124 4.18 317.0
2456461.88717 20.609 0.209 4.66 509.0
2456462.61061 20.841 0.267 4.35 820.0
2456462.65222 20.575 0.161 4.15 413.0
2456462.83127 20.764 0.219 4.74 365.0
2456463.70180 20.859 0.288 5.37 445.0
2456463.75532 20.669 0.196 4.04 476.0
2456463.79661 20.736 0.228 4.39 501.0
2456463.83779 20.692 0.211 4.12 528.0
2456464.61404 20.353 0.214 5.28 639.0
2456464.70211 20.808 0.275 4.45 631.0
2456464.84682 20.421 0.228 4.53 879.0
2456468.57186 20.587 0.225 5.24 567.0
2456468.61197 20.258 0.158 4.78 545.0
2456468.65314 20.583 0.201 4.89 513.0
2456469.59410 20.964 0.279 4.74 430.0
2456469.63426 20.739 0.178 4.02 413.0
2456469.69963 20.578 0.193 5.31 405.0
2456469.74124 20.728 0.224 4.88 412.0
2456471.64969 20.602 0.234 5.77 494.0
2456471.78589 20.097 0.239 7.07 794.0
2456472.61926 20.667 0.255 6.75 282.0
2456472.65573 20.769 0.225 5.75 244.0
2456472.70854 20.620 0.174 5.07 261.0
2456472.76018 20.702 0.207 5.25 303.0
2456473.59304 20.934 0.237 5.28 260.0
2456473.63338 21.015 0.177 4.13 233.0
2456473.68549 21.127 0.243 4.65 246.0
2456474.58007 20.559 0.170 4.80 331.0
2456474.66676 20.272 0.131 4.93 296.0
2456475.50725 20.495 0.193 5.51 385.0
2456475.59936 20.722 0.195 4.93 302.0
2456475.63318 20.329 0.114 4.58 245.0
2456475.65846 20.329 0.114 4.31 253.0
2456475.68428 20.461 0.136 4.53 271.0
2456475.71164 20.385 0.158 5.08 310.0
2456475.73341 20.920 0.222 4.13 335.0
2456475.77371 20.378 0.166 5.31 355.0
2456475.79413 20.776 0.217 4.74 384.0
2456475.81583 20.460 0.217 6.21 423.0
2456476.58147 20.263 0.147 5.03 344.0
2456476.62284 20.302 0.125 4.48 331.0
2456476.68829 20.808 0.216 4.64 326.0
2456476.72917 20.546 0.173 4.42 346.0
2456476.76994 20.354 0.142 5.00 343.0
2456477.49018 20.588 0.207 5.96 298.0
2456477.53396 20.804 0.217 5.50 269.0
2456477.57513 21.072 0.237 4.72 257.0
2456477.68165 20.841 0.217 5.00 294.0
2456477.72244 20.781 0.211 4.91 325.0
2456477.76298 20.726 0.251 5.37 390.0
2456478.57175 20.757 0.232 5.67 300.0
2456478.61194 20.762 0.193 4.83 308.0
2456478.66772 21.001 0.295 6.48 348.0
2456479.56620 20.783 0.209 5.49 262.0
2456479.60714 20.688 0.172 5.08 234.0
2456479.64942 20.829 0.183 5.02 220.0
2456479.72529 20.587 0.203 7.23 201.0
2456479.79461 20.912 0.271 6.27 255.0
2456480.61415 20.631 0.250 7.05 262.0
2456480.71681 20.488 0.218 7.29 219.0
2456480.75753 20.866 0.217 5.46 234.0
2456481.47023 20.400 0.202 5.66 494.0
2456481.55436 21.082 0.294 5.36 285.0
2456481.59594 20.330 0.145 5.83 251.0
2456481.61056 20.766 0.222 5.91 264.0
2456481.71349 20.681 0.240 6.85 272.0
2456482.73878 20.260 0.191 6.85 313.0
2456482.76071 20.377 0.203 6.41 321.0
2456483.63563 20.159 0.101 5.03 252.0
2456484.49497 20.798 0.253 5.64 361.0
2456484.53542 20.344 0.150 5.22 327.0
2456485.64022 21.116 0.211 4.27 237.0
2456485.70275 21.097 0.213 4.19 246.0
2456485.74558 20.649 0.145 4.04 275.0
2456485.79162 20.196 0.153 6.13 327.0
2456486.51449 20.913 0.242 5.18 302.0
2456486.56083 20.470 0.138 5.01 252.0
2456486.61107 21.228 0.279 4.84 254.0
2456486.67198 20.945 0.198 4.50 251.0
2456486.72485 20.679 0.194 5.06 282.0
2456486.76992 20.893 0.200 4.25 320.0
2456487.47019 20.487 0.152 4.11 468.0
2456487.51440 20.601 0.162 4.58 316.0
2456487.56046 21.176 0.236 4.23 274.0
2456487.60166 20.936 0.162 3.92 247.0
2456487.67440 21.282 0.268 4.29 270.0
2456487.71571 20.808 0.141 3.38 275.0
2456487.75888 20.791 0.193 4.41 356.0
2456489.60940 20.579 0.131 9.99 0.0
2456489.67487 20.368 0.178 9.99 0.0
2456490.53470 20.755 0.212 4.89 346.0
2456490.57591 21.071 0.268 4.71 322.0
2456490.63584 20.757 0.181 4.02 339.0
2456490.72167 20.566 0.164 4.42 301.0
2456490.76567 20.557 0.171 6.00 287.0
2456491.50420 20.719 0.255 5.14 443.0
2456491.54954 20.909 0.256 4.92 385.0
2456491.60953 20.926 0.237 4.20 404.0
2456491.64381 20.537 0.189 4.92 363.0
2456491.67565 20.843 0.233 4.59 357.0
2456491.68115 20.557 0.191 4.90 358.0
2456491.70153 20.973 0.245 4.07 356.0
2456491.72341 20.606 0.170 3.93 359.0
2456491.74341 20.668 0.193 4.09 389.0
2456491.78586 20.743 0.257 5.60 476.0
2456492.46333 20.192 0.271 5.52 1205.0
2456492.47763 19.993 0.164 5.44 600.0
2456492.49355 19.941 0.171 5.93 658.0
2456492.51058 20.030 0.144 5.23 511.0
2456492.54008 20.618 0.221 5.14 457.0
2456492.57089 20.559 0.187 5.26 332.0
2456492.59032 20.555 0.193 4.54 444.0
2456492.60553 21.058 0.272 4.78 333.0
2456492.68361 20.131 0.140 5.18 410.0
2456492.72717 20.238 0.177 5.05 554.0
2456492.77090 20.120 0.234 7.50 603.0
2456497.68658 20.326 0.185 6.38 407.0
2456497.72771 20.436 0.222 6.14 453.0
2456498.51291 20.881 0.170 4.19 290.0
2456498.55802 20.462 0.115 3.22 447.0
2456498.60261 20.865 0.182 3.90 360.0
2456498.64957 21.042 0.244 4.47 333.0
2456498.69238 20.341 0.136 4.71 342.0
2456498.73568 20.913 0.232 4.39 380.0
2456498.78122 20.783 0.281 5.38 472.0
2456499.48354 20.525 0.174 5.02 314.0
2456499.52733 20.851 0.176 4.21 268.0
2456499.57003 20.458 0.146 5.62 280.0
2456500.68084 20.935 0.297 5.88 370.0
2456500.73220 20.176 0.181 6.42 437.0
2456501.55932 20.963 0.290 5.87 294.0
2456501.61999 20.704 0.168 4.79 247.0
2456501.66541 20.561 0.155 5.05 228.0
2456501.70782 20.600 0.175 5.34 247.0
2456504.60877 20.005 0.095 5.16 399.0
2456504.63079 20.610 0.173 5.45 312.0
2456504.64955 20.417 0.148 5.45 308.0
2456504.69301 20.135 0.125 5.88 240.0
2456504.73576 20.354 0.202 7.78 250.0
2456505.48710 20.767 0.236 5.75 329.0
2456505.54815 20.611 0.181 5.13 293.0
2456505.62201 20.498 0.168 5.53 267.0
2456505.70460 20.359 0.169 5.76 297.0
2456505.74670 20.048 0.159 6.65 391.0
2456506.58519 20.459 0.201 7.03 265.0
2456506.66086 20.915 0.269 6.24 254.0
2456506.72250 20.838 0.296 6.72 289.0
2456507.66432 20.677 0.273 6.66 299.0
2456508.53908 20.971 0.217 4.59 274.0
2456508.63011 20.918 0.177 4.18 267.0
2456508.67208 20.654 0.154 4.42 271.0
2456509.54375 20.641 0.149 4.15 273.0
2456509.59559 20.615 0.115 3.35 255.0
2456509.63768 20.729 0.149 3.92 266.0
2456509.67899 20.781 0.189 5.26 235.0
2456510.51321 20.546 0.139 4.18 267.0
2456510.56576 20.807 0.150 3.69 261.0
2456510.61162 20.844 0.169 4.08 249.0
2456510.65367 20.502 0.131 4.61 262.0
2456511.47536 20.906 0.284 6.18 369.0
2456511.54329 21.051 0.264 4.93 281.0
2456511.61374 20.480 0.193 6.56 261.0
2456511.66874 20.588 0.176 4.85 278.0
2456511.71815 20.670 0.203 5.21 285.0
2456512.72056 20.191 0.168 6.66 328.0
2456514.53770 20.666 0.192 5.26 301.0
2456514.62222 20.888 0.186 4.55 224.0
2456514.67321 21.190 0.220 4.10 220.0
2456514.72826 20.503 0.142 4.50 309.0
2456515.49087 20.480 0.135 4.01 330.0
2456515.56195 20.653 0.151 4.37 272.0
2456515.71341 20.593 0.137 4.45 259.0
2456516.61624 20.528 0.138 4.72 230.0
2456516.67062 20.862 0.298 7.40 229.0
2456518.51373 20.610 0.156 4.08 320.0
2456518.57661 21.369 0.281 3.63 330.0
2456518.62882 20.925 0.203 3.95 325.0
2456518.67604 20.464 0.148 4.67 315.0
2456518.72220 20.993 0.278 6.26 307.0
2456519.50966 20.646 0.143 3.28 344.0
2456519.58165 20.489 0.147 3.86 358.0
2456519.62970 20.822 0.207 4.07 359.0
2456519.68208 20.393 0.155 5.16 403.0
2456519.72903 20.559 0.245 6.99 477.0
2456523.51411 20.978 0.249 3.86 530.0
2456523.55257 20.761 0.205 3.72 494.0
2456523.58987 20.884 0.216 3.47 524.0
2456524.48735 20.857 0.273 4.29 572.0
2456524.53610 20.155 0.164 4.33 737.0
2456524.58363 20.556 0.181 3.65 592.0
2456524.63198 20.535 0.204 4.33 625.0
2456525.58522 20.545 0.263 5.30 558.0
2456526.63147 20.278 0.176 5.07 437.0
2456528.56660 19.874 0.105 5.49 616.0
2456529.60869 20.183 0.181 6.76 321.0
2456531.59652 20.921 0.251 5.27 283.0
2456531.64401 20.692 0.223 5.76 288.0
2456532.47737 20.647 0.211 5.05 412.0
2456532.53315 20.803 0.180 4.10 283.0
2456532.63605 20.560 0.201 6.20 278.0
2456533.60785 20.313 0.145 5.36 375.0
2456534.56812 20.829 0.248 5.33 322.0
2456534.60954 20.339 0.150 5.52 308.0
2456536.49036 20.630 0.192 4.99 333.0
2456536.59008 20.626 0.150 4.27 292.0
2456538.48919 20.919 0.234 5.03 269.0
2456538.52728 21.058 0.249 4.71 266.0
2456538.57499 20.928 0.280 5.93 237.0
2456538.58195 20.771 0.250 6.11 265.0
2456539.47819 21.066 0.295 4.67 410.0
2456539.52958 20.670 0.149 3.83 300.0
2456539.57876 20.377 0.121 4.06 421.0
2456539.63830 19.782 0.077 4.95 421.0
2456541.47563 20.826 0.226 4.76 334.0
2456541.52541 20.805 0.212 4.73 316.0
2456543.53269 20.587 0.168 4.49 298.0
2456543.58419 20.990 0.243 4.82 300.0
2456543.62853 20.606 0.204 5.70 333.0
2456544.57063 20.957 0.231 5.23 247.0
2456545.48259 20.839 0.227 4.98 319.0
2456545.52805 20.967 0.181 3.95 269.0
2456545.57312 20.805 0.231 5.76 267.0
2456545.61902 20.578 0.217 6.78 281.0
2456546.49045 20.544 0.280 6.84 362.0
2456546.61285 20.567 0.249 7.23 670.0
2456551.57389 19.939 0.171 6.48 520.0
2456555.59713 20.633 0.247 4.79 521.0
2456558.49349 20.986 0.216 4.04 356.0
2456558.53758 20.575 0.169 4.89 360.0
2456559.53688 20.577 0.181 4.55 415.0
2456559.57704 20.118 0.139 6.20 371.0
2456561.54179 20.328 0.156 5.24 298.0
2456562.49695 20.929 0.292 6.01 312.0
2456562.59102 21.030 0.258 4.63 287.0
2456564.50841 20.425 0.250 7.26 350.0
2456564.54945 20.669 0.226 5.79 337.0
2456565.52091 20.975 0.298 5.01 381.0
2456567.49848 20.530 0.295 7.43 353.0
2456568.49974 20.519 0.293 7.28 435.0
2456569.50525 20.996 0.239 4.46 326.0
2456569.54633 20.765 0.193 4.43 321.0
2456569.58738 21.033 0.284 5.16 337.0
2456571.57762 20.372 0.221 6.68 446.0
2456572.55920 20.719 0.257 5.26 390.0
2456573.52487 20.845 0.285 5.19 439.0
2456573.56966 20.779 0.286 5.31 518.0
2456573.57832 20.466 0.222 6.00 515.0
2456577.50782 20.060 0.229 6.01 1086.0
2456579.51037 20.339 0.202 4.97 577.0
2456579.56009 19.894 0.190 7.10 646.0
2456581.53207 20.235 0.199 5.50 602.0
2456582.55157 20.379 0.204 4.45 675.0
2456585.50608 20.238 0.216 5.30 585.0
2456586.51800 20.400 0.243 6.84 387.0
2456690.86455 20.330 0.160 5.42 418.0
2456691.86332 20.234 0.143 5.11 434.0
2456691.88498 20.456 0.218 4.79 822.0
2456692.86491 20.894 0.282 5.19 488.0
2456693.85769 20.847 0.281 5.30 568.0
2456693.87605 21.018 0.237 3.98 494.0
2456694.85588 20.534 0.205 5.47 451.0
2456696.85412 21.230 0.271 4.17 397.0
2456699.85976 20.692 0.170 4.19 398.0
2456700.88201 20.386 0.137 4.08 417.0
2456701.88554 20.554 0.149 3.90 490.0
2456705.85942 20.193 0.194 5.56 626.0
2456705.89093 20.383 0.198 5.10 622.0
2456708.87745 20.165 0.120 4.23 497.0
2456709.84570 20.807 0.222 4.41 514.0
2456709.88900 20.384 0.153 4.68 484.0
2456710.86196 20.484 0.152 4.08 515.0
2456714.87096 20.625 0.224 6.19 336.0
2456715.83026 20.483 0.121 4.16 325.0
2456715.87557 20.846 0.185 4.57 301.0
2456716.82237 21.086 0.259 4.63 382.0
2456716.86563 20.661 0.149 4.51 311.0
2456717.82474 20.329 0.144 5.21 376.0
2456718.89810 21.020 0.280 5.01 390.0
2456719.84021 20.796 0.233 5.19 424.0
2456720.81606 20.955 0.241 4.84 382.0
2456720.86461 20.719 0.159 4.28 308.0
2456721.88821 20.858 0.205 4.76 352.0
2456722.82346 20.436 0.177 5.67 411.0
2456722.87241 20.354 0.137 4.84 372.0
2456723.79442 20.662 0.194 4.38 473.0
2456723.84894 20.742 0.183 4.30 412.0
2456723.89668 21.251 0.259 3.83 379.0
2456725.80365 20.544 0.183 5.26 368.0
2456725.85319 20.647 0.173 4.77 340.0
2456725.89905 20.877 0.252 5.57 357.0
2456726.81581 21.237 0.289 4.30 397.0
2456726.86724 20.522 0.164 4.56 375.0
2456727.82162 21.264 0.230 4.05 283.0
2456727.87076 20.831 0.152 4.33 254.0
2456728.78640 20.654 0.176 4.60 406.0
2456728.83941 20.907 0.179 4.24 310.0
2456728.88472 20.832 0.164 4.22 310.0
2456729.79190 20.617 0.171 4.04 523.0
2456729.84246 20.471 0.148 4.67 374.0
2456729.88763 21.074 0.219 4.26 312.0
2456730.88926 20.153 0.161 7.00 288.0
2456731.88757 20.834 0.254 5.50 380.0
2456733.78647 20.128 0.126 4.14 626.0
2456733.83557 20.268 0.124 3.72 530.0
2456733.87914 20.679 0.169 3.90 471.0
2456734.76832 20.180 0.141 4.52 593.0
2456734.86539 20.468 0.147 4.18 443.0
2456734.90950 20.525 0.149 3.74 504.0
2456735.85892 20.745 0.248 4.80 586.0
2456735.90221 20.403 0.147 3.97 592.0
2456736.77582 20.307 0.205 5.76 639.0
2456736.87910 20.102 0.135 4.94 499.0
2456737.83267 20.805 0.168 3.40 536.0
2456737.86529 20.959 0.215 3.67 526.0
2456737.91021 20.991 0.262 4.12 631.0
2456741.82888 20.860 0.203 4.25 408.0
2456741.86087 21.048 0.272 4.57 434.0
2456741.87701 20.691 0.168 4.59 393.0
2456741.89009 20.716 0.156 4.09 371.0
2456741.89746 20.522 0.120 3.72 369.0
2456741.91364 20.621 0.166 4.01 455.0
2456742.78997 20.537 0.141 4.57 332.0
2456742.83673 20.952 0.171 3.61 332.0
2456742.87973 20.718 0.123 3.41 304.0
2456743.87808 20.090 0.111 5.39 567.0
2456744.79878 20.388 0.129 4.88 318.0
2456744.84586 21.198 0.253 4.66 311.0
2456744.88936 20.317 0.091 3.74 302.0
2456745.72943 20.408 0.166 5.45 372.0
2456745.76481 20.201 0.119 5.24 343.0
2456745.78114 20.716 0.206 5.70 329.0
2456745.82625 20.428 0.129 4.73 306.0
2456745.86939 20.675 0.132 3.98 292.0
2456745.91305 20.327 0.133 4.90 332.0
2456746.77293 20.872 0.236 5.66 306.0
2456746.81961 20.701 0.167 4.82 288.0
2456746.86295 20.930 0.180 4.21 284.0
2456747.82670 20.874 0.189 4.44 313.0
2456747.87635 20.285 0.093 3.81 292.0
2456747.92046 20.445 0.177 4.71 548.0
2456748.80448 20.930 0.193 4.31 317.0
2456748.86188 20.526 0.123 3.98 302.0
2456748.91596 20.485 0.167 4.81 402.0
2456749.76868 20.213 0.129 5.33 344.0
2456749.81521 20.384 0.115 4.10 331.0
2456749.85819 20.351 0.107 4.01 330.0
2456749.91154 20.582 0.164 4.85 338.0
2456750.79323 20.288 0.155 6.07 314.0
2456750.85264 20.598 0.125 3.96 142.0
2456750.89935 20.077 0.077 3.63 313.0
2456751.72281 20.388 0.174 6.23 316.0
2456751.73926 20.618 0.205 6.21 307.0
2456751.80760 20.602 0.118 3.75 290.0
2456751.85804 20.368 0.091 3.52 281.0
2456751.90452 19.999 0.078 4.24 282.0
2456752.71466 20.683 0.195 5.41 327.0
2456752.79909 20.409 0.121 4.52 288.0
2456752.84437 20.038 0.087 4.35 311.0
2456752.91924 20.405 0.134 4.07 407.0
2456753.89136 20.128 0.159 7.02 382.0
2456754.70885 20.177 0.176 7.02 346.0
2456754.80358 20.209 0.144 6.07 298.0
2456754.85996 19.999 0.098 4.88 319.0
2456755.79077 20.293 0.172 6.80 308.0
2456755.84077 19.867 0.080 4.70 306.0
2456755.89551 20.542 0.160 4.71 336.0
2456756.69614 20.784 0.197 4.97 411.0
2456756.76084 20.094 0.079 4.23 279.0
2456756.82036 20.298 0.086 3.26 282.0
2456756.86363 19.904 0.082 4.63 302.0
2456756.91818 19.990 0.089 4.29 319.0
2456757.73849 20.285 0.144 4.82 378.0
2456757.78757 20.392 0.135 4.47 299.0
2456757.84521 20.058 0.115 5.73 301.0
2456757.89511 19.839 0.072 4.35 263.0
2456758.71490 20.441 0.223 6.06 504.0
2456758.83503 19.972 0.129 7.10 273.0
2456758.89181 20.484 0.190 6.59 287.0
2456759.68939 20.180 0.148 5.01 569.0
2456759.74118 19.703 0.067 4.13 435.0
2456759.80029 19.867 0.070 3.76 368.0
2456759.85551 19.817 0.052 3.08 339.0
2456759.90137 19.994 0.063 3.16 336.0
2456760.69347 19.547 0.070 4.63 537.0
2456760.74637 19.589 0.061 3.77 446.0
2456760.80531 19.661 0.063 3.75 397.0
2456760.85092 19.711 0.057 3.75 375.0
2456761.70884 19.687 0.105 6.22 578.0
2456761.75901 19.635 0.083 4.87 465.0
2456761.80251 19.614 0.067 4.19 431.0
2456761.84662 19.654 0.066 3.68 417.0
2456761.89791 19.667 0.088 3.73 748.0
2456762.71897 19.677 0.085 3.88 756.0
2456762.76662 19.601 0.065 4.45 390.0
2456762.86254 19.503 0.042 3.26 302.0
2456762.90804 19.535 0.064 3.49 588.0
2456763.70688 19.244 0.055 4.07 652.0
2456763.75470 19.219 0.052 4.11 572.0
2456763.80121 19.155 0.049 4.10 563.0
2456763.85837 19.558 0.089 4.93 582.0
2456763.90404 19.342 0.058 3.85 626.0
2456764.70224 19.045 0.058 4.61 820.0
2456764.75551 19.422 0.062 3.99 645.0
2456764.80354 19.273 0.057 4.09 611.0
2456764.84656 19.291 0.045 3.15 600.0
2456764.89211 19.116 0.048 3.79 646.0
2456765.91251 19.042 0.057 4.99 625.0
2456765.93199 19.112 0.082 4.41 1593.0
2456768.75804 18.227 0.018 3.48 426.0
2456768.80887 18.200 0.023 3.88 694.0
2456768.86188 18.191 0.030 3.94 1269.0
2456768.91403 18.197 0.016 3.57 357.0
2456769.68910 17.891 0.016 4.87 376.0
2456769.73634 17.875 0.014 4.27 355.0
2456769.78215 17.824 0.014 4.35 366.0
2456769.82610 17.880 0.014 4.12 374.0
2456769.87000 17.806 0.014 4.32 408.0
2456769.91401 17.876 0.015 4.10 446.0
2456770.69766 17.770 0.012 3.40 346.0
2456770.74189 17.767 0.014 4.48 340.0
2456770.78556 17.832 0.013 3.93 365.0
2456770.82944 17.834 0.013 3.52 360.0
2456770.87516 17.795 0.014 3.96 377.0
2456771.66989 18.029 0.016 4.90 307.0
2456771.68819 18.055 0.015 3.79 307.0
2456771.73410 18.068 0.015 3.74 296.0
2456771.79399 18.102 0.016 4.08 348.0
2456771.85286 18.086 0.018 4.01 399.0
2456771.89796 18.111 0.018 3.68 450.0
2456772.67337 18.397 0.023 4.30 378.0
2456772.71910 18.379 0.021 4.23 338.0
2456772.78179 18.425 0.023 4.60 306.0
2456772.82537 18.369 0.019 3.87 321.0
2456772.88418 18.509 0.022 3.83 339.0
2456772.92780 18.474 0.030 4.55 535.0
2456773.71392 18.790 0.041 5.44 373.0
2456773.76319 18.756 0.037 5.67 322.0
2456773.81673 18.703 0.039 6.39 303.0
2456773.87272 18.729 0.032 5.03 314.0
2456773.91595 18.779 0.029 4.27 323.0
2456774.69688 18.879 0.047 5.91 362.0
2456774.74475 19.022 0.043 4.91 338.0
2456774.79021 19.277 0.069 6.41 326.0
2456774.83362 19.042 0.061 7.11 339.0
2456775.67726 19.156 0.036 3.97 314.0
2456775.72581 19.160 0.033 3.66 309.0
2456775.78619 19.247 0.040 4.51 288.0
2456775.84067 19.052 0.035 4.54 281.0
2456775.89712 19.203 0.042 4.25 322.0
2456776.65902 19.304 0.055 5.21 410.0
2456776.71707 19.225 0.049 5.12 493.0
2456776.77733 19.193 0.043 4.61 438.0
2456776.82670 19.158 0.045 5.34 342.0
2456776.88615 19.352 0.056 4.63 371.0
2456777.72515 19.500 0.053 4.40 444.0
2456777.77703 19.471 0.049 3.90 293.0
2456777.82280 19.512 0.063 4.54 362.0
2456777.90641 19.196 0.050 4.26 429.0
2456784.64826 19.947 0.103 4.26 425.0
2456784.70631 20.133 0.128 4.71 383.0
2456784.75700 20.196 0.132 4.58 362.0
2456784.80601 20.031 0.089 3.72 361.0
2456784.85776 20.174 0.176 5.73 413.0
2456784.90255 20.447 0.156 4.20 431.0
2456785.63418 20.073 0.099 3.57 443.0
2456785.68322 20.028 0.084 3.19 368.0
2456785.73058 20.060 0.088 3.60 332.0
2456785.78535 19.944 0.071 3.34 332.0
2456785.84261 20.213 0.112 3.45 406.0
2456785.89913 20.197 0.119 3.88 441.0
2456786.64505 20.058 0.088 3.42 336.0
2456786.69135 20.186 0.108 3.83 365.0
2456786.74915 20.258 0.107 3.68 373.0
2456786.80466 20.129 0.079 3.02 363.0
2456786.83041 20.488 0.154 3.84 395.0
2456786.87534 20.186 0.133 4.52 418.0
2456786.92167 20.278 0.148 4.62 446.0
2456787.72641 20.228 0.121 3.17 639.0
2456787.78972 20.197 0.101 3.30 464.0
2456787.83528 20.238 0.118 3.61 499.0
2456788.80859 20.375 0.175 3.98 806.0
2456789.63598 20.155 0.150 4.44 586.0
2456789.67998 20.800 0.291 5.20 490.0
2456789.72379 20.173 0.134 4.37 479.0
2456789.76706 20.324 0.136 3.97 461.0
2456789.81531 20.696 0.200 3.70 589.0
2456789.86910 20.353 0.185 4.66 612.0
2456789.92685 20.502 0.199 4.47 592.0
2456790.63768 20.030 0.153 4.81 685.0
2456790.68147 20.660 0.249 4.78 570.0
2456790.72496 20.216 0.146 4.40 530.0
2456790.76904 20.331 0.163 4.46 524.0
2456790.82161 20.800 0.245 3.90 590.0
2456790.86729 20.469 0.229 4.84 702.0
2456791.63014 20.143 0.190 4.57 919.0
2456791.72320 20.593 0.244 4.88 662.0
2456791.76738 20.458 0.176 3.88 670.0
2456791.81656 19.970 0.128 3.88 842.0
2456791.86316 20.610 0.239 4.13 763.0
2456791.90869 20.302 0.187 4.16 878.0
2456792.61842 19.974 0.179 4.29 1233.0
2456792.66452 20.291 0.195 4.13 969.0
2456792.75385 20.249 0.169 3.90 964.0
2456792.83308 20.599 0.230 3.64 941.0
2456792.86628 20.342 0.221 4.49 958.0
2456796.60482 20.539 0.225 4.39 563.0
2456796.64896 20.400 0.157 3.78 481.0
2456796.69715 20.405 0.196 4.01 706.0
2456796.74083 20.523 0.210 4.13 770.0
2456796.78844 20.749 0.256 4.03 689.0
2456796.83776 20.447 0.169 4.27 432.0
2456797.62606 20.554 0.201 4.83 475.0
2456797.66245 20.767 0.284 4.08 859.0
2456797.71661 20.482 0.215 3.99 874.0
2456797.76593 20.369 0.155 4.06 639.0
2456797.81238 19.944 0.158 4.71 1051.0
2456797.85589 20.660 0.275 4.39 931.0
2456797.93401 19.576 0.149 5.72 1403.0
2456798.67105 20.072 0.145 6.17 579.0
2456798.75654 20.192 0.212 6.95 360.0
2456803.62481 20.462 0.159 5.42 251.0
2456803.69077 20.669 0.176 5.08 234.0
2456803.73903 20.389 0.105 3.85 239.0
2456803.78933 20.910 0.191 4.07 325.0
2456803.83761 20.745 0.200 4.80 442.0
2456803.87916 20.985 0.255 4.98 316.0
2456803.91718 20.639 0.204 4.95 380.0
2456804.57169 20.635 0.256 6.58 325.0
2456804.61572 20.315 0.125 4.55 288.0
2456804.66402 20.520 0.147 4.46 289.0
2456804.71750 20.743 0.156 3.97 287.0
2456804.82146 20.945 0.270 4.94 342.0
2456804.86594 20.466 0.166 4.82 362.0
2456804.90754 20.703 0.278 5.92 428.0
2456805.61936 20.402 0.169 5.16 316.0
2456805.78299 20.566 0.171 4.62 310.0
2456805.82678 20.563 0.199 5.19 364.0
2456805.91412 20.375 0.229 6.01 512.0
2456806.84913 20.726 0.234 5.40 398.0
2456806.89611 20.531 0.268 6.91 389.0
2456807.63647 20.740 0.284 6.42 308.0
2456807.79518 20.739 0.234 5.43 299.0
2456807.83996 20.356 0.183 5.70 336.0
2456807.88387 20.496 0.245 6.28 379.0
2456808.64323 20.593 0.202 5.34 335.0
2456808.68988 20.688 0.165 4.14 320.0
2456808.75742 20.579 0.141 3.78 330.0
2456808.84830 20.744 0.203 4.77 342.0
2456808.89262 20.274 0.139 4.73 381.0
2456809.58793 20.725 0.189 4.49 356.0
2456809.64625 20.661 0.155 4.23 292.0
2456809.70375 20.720 0.116 3.18 266.0
2456809.76143 20.697 0.129 3.39 269.0
2456809.81684 20.469 0.154 4.72 318.0
2456809.87117 20.491 0.203 5.42 390.0
2456809.91318 20.546 0.260 5.85 501.0
2456810.58370 20.682 0.224 4.54 437.0
2456810.63089 20.732 0.209 4.75 359.0
2456810.67663 20.670 0.183 4.39 354.0
2456810.73336 20.726 0.163 3.85 336.0
2456810.78872 20.776 0.177 3.93 320.0
2456810.84275 20.293 0.142 4.43 404.0
2456810.88808 20.291 0.172 5.03 530.0
2456811.58258 20.035 0.158 5.88 454.0
2456811.67412 20.922 0.249 4.66 348.0
2456811.73047 20.387 0.147 4.55 364.0
2456811.79258 20.838 0.259 4.59 440.0
2456811.83879 20.848 0.280 4.94 476.0
2456811.88724 20.541 0.265 5.90 575.0
2456813.61946 20.566 0.265 6.32 368.0
2456813.72088 20.685 0.177 4.66 270.0
2456813.78161 20.902 0.219 4.79 242.0
2456813.83501 20.846 0.242 5.45 268.0
2456813.88582 20.500 0.192 5.67 313.0
2456814.61483 20.578 0.209 5.64 311.0
2456814.67346 20.985 0.183 3.80 254.0
2456814.75099 21.146 0.236 4.08 265.0
2456814.79642 20.351 0.140 5.04 270.0
2456814.84073 20.565 0.192 5.47 294.0
2456815.59558 20.682 0.244 5.53 342.0
2456815.64245 20.503 0.196 5.38 331.0
2456815.69044 20.524 0.175 4.78 319.0
2456815.76912 20.789 0.218 4.56 319.0
2456815.82272 20.440 0.156 4.40 359.0
2456815.87329 21.029 0.276 4.57 429.0
2456815.91798 20.278 0.184 5.22 571.0
2456816.64602 20.639 0.241 5.70 387.0
2456816.71181 20.867 0.265 5.34 341.0
2456816.82255 20.427 0.155 4.96 307.0
2456817.63414 21.029 0.271 4.50 407.0
2456817.68343 20.994 0.292 4.92 386.0
2456817.77885 20.636 0.212 4.84 425.0
2456817.83258 20.686 0.261 5.62 411.0
2456818.57307 20.400 0.177 4.66 479.0
2456818.85391 20.071 0.210 6.37 733.0
2456819.56650 20.593 0.292 5.19 806.0
2456819.68101 20.831 0.299 4.45 755.0
2456819.73082 20.575 0.266 5.39 645.0
2456819.86617 19.981 0.227 6.81 831.0
2456823.70064 20.665 0.297 3.61 1323.0
2456823.73911 20.526 0.196 3.98 615.0
2456824.59379 20.388 0.256 6.04 562.0
2456824.64662 20.507 0.269 5.15 657.0
2456824.69775 20.908 0.294 4.40 581.0
2456824.76582 20.746 0.242 4.55 506.0
2456824.89746 20.390 0.296 6.19 849.0
2456825.56243 20.524 0.169 4.04 372.0
2456825.60622 20.801 0.233 4.34 413.0
2456825.65086 20.679 0.190 3.93 391.0
2456825.70737 20.483 0.170 4.25 432.0
2456825.76327 21.040 0.273 4.07 426.0
2456825.80805 20.636 0.236 4.76 550.0
2456826.57455 20.666 0.244 4.82 447.0
2456826.61819 20.584 0.197 4.82 342.0
2456826.66262 20.801 0.197 3.96 371.0
2456826.73013 20.593 0.193 4.36 411.0
2456827.54472 20.666 0.191 4.01 402.0
2456827.63468 20.836 0.196 3.98 337.0
2456827.70265 20.599 0.153 3.84 340.0
2456827.76929 21.031 0.240 4.34 330.0
2456827.81428 20.654 0.214 5.31 365.0
2456828.54424 20.666 0.223 5.25 392.0
2456828.59012 20.521 0.149 4.53 278.0
2456828.63564 20.823 0.175 4.18 255.0
2456828.69157 21.228 0.264 4.29 264.0
2456828.76040 20.557 0.151 4.47 279.0
2456828.81388 20.564 0.167 4.77 303.0
2456829.54400 20.441 0.215 5.92 352.0
2456829.64253 20.761 0.235 5.69 251.0
2456829.69985 20.488 0.187 5.83 258.0
2456829.74421 21.002 0.285 5.67 262.0
2456829.78834 20.571 0.191 5.24 291.0
2456829.83172 20.777 0.255 5.75 330.0
2456829.87277 20.380 0.232 6.48 698.0
2456830.59614 20.849 0.233 4.65 354.0
2456830.64999 21.180 0.208 3.49 306.0
2456830.70794 20.861 0.152 3.44 279.0
2456830.75291 20.785 0.168 3.96 310.0
2456830.79705 20.098 0.113 4.88 346.0
2456831.52750 20.932 0.212 3.94 735.0
2456831.61563 20.976 0.184 3.65 377.0
2456831.65920 20.608 0.132 3.70 304.0
2456831.72792 20.992 0.207 3.93 304.0
2456831.77266 21.208 0.294 4.46 334.0
2456831.82155 20.422 0.172 5.13 381.0
2456832.52071 21.164 0.299 4.33 378.0
2456832.57212 20.457 0.156 4.70 291.0
2456832.61681 20.867 0.243 5.05 315.0
2456832.68396 21.014 0.298 5.59 282.0
2456832.77545 20.806 0.272 5.56 383.0
2456833.57059 20.543 0.245 6.28 409.0
2456833.62071 20.433 0.176 5.37 320.0
2456833.77803 20.693 0.244 4.83 544.0
2456833.82218 20.221 0.227 6.21 635.0
2456834.55706 20.762 0.237 5.08 329.0
2456834.60063 20.758 0.252 4.94 410.0
2456834.71024 20.721 0.189 4.23 327.0
2456835.53424 20.716 0.276 6.18 337.0
2456835.57975 20.514 0.184 5.09 297.0
2456835.62303 20.700 0.205 5.06 276.0
2456835.68878 20.738 0.229 5.45 302.0
2456835.73304 21.036 0.270 5.23 268.0
2456836.53232 20.472 0.266 6.78 393.0
2456836.62973 21.049 0.298 5.51 269.0
2456836.68973 20.814 0.228 5.18 261.0
2456836.78111 20.699 0.283 6.42 367.0
2456836.82520 20.589 0.241 5.94 446.0
2456837.49244 20.933 0.260 4.18 563.0
2456837.53626 20.939 0.224 3.84 451.0
2456837.57955 20.783 0.185 4.13 397.0
2456837.62294 20.699 0.170 4.07 375.0
2456837.68808 20.400 0.138 4.49 298.0
2456837.73163 21.124 0.292 4.43 391.0
2456837.77609 20.765 0.229 4.56 433.0
2456837.85665 20.567 0.292 5.93 659.0
2456838.51719 20.718 0.271 5.63 436.0
2456838.60818 20.611 0.181 4.78 321.0
2456838.71787 21.220 0.278 4.09 342.0
2456838.76150 20.296 0.152 5.13 348.0
2456838.80575 20.305 0.174 5.57 397.0
2456839.51502 20.843 0.225 4.56 375.0
2456839.56143 20.990 0.280 5.37 320.0
2456839.60530 20.681 0.251 5.84 383.0
2456839.65127 21.092 0.272 4.42 392.0
2456839.71870 20.473 0.199 5.33 411.0
2456840.54517 20.521 0.274 6.78 409.0
2456840.59075 20.471 0.206 5.32 438.0
2456840.75309 21.119 0.283 4.99 289.0
2456840.79690 20.504 0.236 6.84 327.0
2456841.59117 20.661 0.160 3.92 465.0
2456841.74576 20.479 0.180 5.10 360.0
2456841.79000 20.444 0.216 6.02 421.0
2456842.51833 20.616 0.295 6.00 503.0
2456842.60577 20.873 0.261 5.04 358.0
2456842.67067 20.738 0.205 4.68 319.0
2456842.71460 20.525 0.192 5.38 323.0
2456842.76019 20.191 0.146 5.52 356.0
2456842.80389 20.036 0.170 6.85 450.0
2456844.51725 20.973 0.273 4.21 494.0
2456844.56208 20.446 0.148 4.27 393.0
2456844.60564 20.790 0.196 4.10 387.0
2456844.66359 20.800 0.198 3.97 395.0
2456844.71991 20.971 0.257 4.56 391.0
2456844.80876 20.409 0.206 6.01 397.0
2456845.48037 20.359 0.182 4.60 585.0
2456845.52365 20.526 0.155 4.04 401.0
2456845.56671 20.637 0.185 4.51 415.0
2456845.60986 21.109 0.267 4.30 378.0
2456845.66389 20.913 0.193 3.44 419.0
2456845.71765 20.988 0.247 4.15 419.0
2456845.80586 20.710 0.228 5.45 368.0
2456846.81340 20.805 0.269 5.26 490.0
2456847.49510 20.616 0.292 4.21 1140.0
2456847.53233 20.415 0.189 4.37 707.0
2456847.60821 20.908 0.249 3.80 624.0
2456847.68872 20.420 0.209 4.12 785.0
2456847.72618 20.791 0.246 3.84 680.0
2456847.80067 20.517 0.275 5.49 793.0
2456850.62755 20.570 0.271 4.45 866.0
2456850.64998 20.349 0.271 4.38 1321.0
2456851.49973 20.586 0.253 4.67 755.0
2456851.54952 20.880 0.290 4.36 699.0
2456851.59605 20.821 0.265 4.35 672.0
2456851.64557 20.862 0.273 4.29 635.0
2456851.69182 20.570 0.220 4.58 622.0
2456854.51452 20.817 0.255 4.98 574.0
2456854.53056 20.848 0.226 4.63 510.0
2456854.54763 20.353 0.118 3.85 628.0
2456854.67579 20.391 0.151 4.05 580.0
2456855.71928 21.078 0.284 5.26 273.0
2456855.76553 20.401 0.208 6.74 313.0
2456855.80008 20.864 0.283 6.50 364.0
2456856.48544 20.886 0.260 4.89 397.0
2456856.53073 20.508 0.160 4.49 337.0
2456856.57470 20.999 0.266 4.92 302.0
2456856.64133 20.694 0.171 4.35 274.0
2456856.68547 20.950 0.220 4.26 318.0
2456856.72889 21.169 0.296 4.95 346.0
2456856.77552 20.215 0.164 5.63 462.0
2456857.47012 21.084 0.286 3.65 534.0
2456857.51403 21.208 0.297 4.18 363.0
2456857.55861 20.413 0.154 4.69 327.0
2456857.61367 20.653 0.137 3.81 255.0
2456857.67167 20.517 0.134 4.21 244.0
2456857.71548 20.719 0.169 4.81 255.0
2456857.76704 20.371 0.160 5.32 360.0
2456858.46997 21.108 0.276 3.79 461.0
2456858.51425 20.765 0.173 3.98 288.0
2456858.55886 20.835 0.170 3.76 274.0
2456858.62425 21.104 0.207 3.67 295.0
2456858.67007 20.511 0.135 4.06 309.0
2456858.71440 21.065 0.254 4.78 308.0
2456858.76069 20.749 0.233 5.86 350.0
2456859.57277 20.609 0.269 6.26 336.0
2456859.68727 20.578 0.213 5.26 364.0
2456859.73703 20.724 0.286 6.26 409.0
2456862.55919 20.611 0.244 6.32 306.0
2456862.62679 20.924 0.282 5.51 332.0
2456862.67068 20.836 0.272 6.12 339.0
2456862.71741 20.855 0.291 5.97 373.0
2456862.75934 20.491 0.210 6.32 416.0
2456863.48471 20.871 0.222 4.49 388.0
2456863.52928 20.849 0.180 3.78 351.0
2456863.59905 20.835 0.153 3.62 263.0
2456863.64457 20.426 0.144 4.88 280.0
2456863.68968 21.121 0.263 4.82 317.0
2456863.73698 20.809 0.258 5.98 342.0
2456864.61314 20.908 0.245 5.24 254.0
2456864.65823 21.018 0.250 5.16 263.0
2456864.70422 20.913 0.244 5.88 266.0
2456865.54598 20.607 0.183 5.16 286.0
2456865.65131 20.398 0.170 5.99 296.0
2456870.52745 20.728 0.295 7.21 286.0
2456870.58077 20.189 0.148 5.82 289.0
2456870.67155 20.502 0.176 5.88 269.0
2456870.72307 20.649 0.223 5.98 309.0
2456871.53702 20.718 0.198 4.50 345.0
2456871.60755 20.633 0.223 5.07 472.0
2456872.51416 20.816 0.290 6.17 304.0
2456872.59066 20.994 0.284 5.68 260.0
2456872.64773 20.673 0.197 5.00 288.0
2456872.71615 20.462 0.192 7.02 265.0
2456873.57365 20.455 0.224 6.27 325.0
2456874.64114 20.796 0.218 5.04 304.0
2456874.70547 20.354 0.243 7.62 336.0
2456878.57372 20.197 0.278 7.06 699.0
2456879.51872 20.407 0.272 5.75 650.0
2456880.56117 20.404 0.247 5.63 590.0
2456880.72127 20.153 0.256 6.43 850.0
2456881.69406 20.316 0.226 5.83 526.0
2456882.47643 20.169 0.163 5.50 399.0
2456882.53180 20.794 0.276 6.42 281.0
2456882.57990 20.724 0.229 5.30 312.0
2456882.62543 20.657 0.176 4.30 339.0
2456882.67388 20.421 0.170 4.71 418.0
2456882.72202 20.199 0.177 5.95 493.0
2456883.47597 20.345 0.200 5.84 453.0
2456883.50905 20.318 0.152 5.06 300.0
2456883.55371 20.759 0.213 5.32 291.0
2456883.62766 20.730 0.233 5.18 393.0
2456883.64957 20.148 0.178 5.58 652.0
2456883.66644 20.565 0.256 5.11 738.0
2456883.68396 20.386 0.228 5.39 703.0
2456883.72877 20.528 0.286 6.57 606.0
2456884.67720 20.930 0.280 5.86 325.0
2456884.71954 20.399 0.222 6.84 396.0
2456885.48945 20.673 0.218 5.16 300.0
2456885.55756 20.969 0.241 4.40 277.0
2456885.60315 20.904 0.201 4.35 257.0
2456885.65139 20.758 0.222 5.64 286.0
2456885.69906 20.398 0.192 6.44 372.0
2456886.53401 20.910 0.266 4.92 332.0
2456886.59146 20.936 0.208 4.12 290.0
2456886.63775 20.870 0.226 4.79 347.0
2456887.54145 20.457 0.149 4.39 301.0
2456887.59073 20.959 0.180 3.59 253.0
2456887.63774 20.696 0.182 4.91 251.0
2456887.68768 20.544 0.200 6.16 261.0
2456888.47332 20.788 0.225 3.85 533.0
2456888.53988 20.958 0.195 4.02 237.0
2456888.58619 20.869 0.221 4.48 294.0
2456888.63742 20.627 0.196 5.15 352.0
2456888.68900 20.214 0.183 6.28 405.0
2456889.48988 20.539 0.173 4.74 306.0
2456889.55652 20.501 0.163 5.27 240.0
2456889.60388 20.611 0.196 5.52 271.0
2456890.56027 21.110 0.295 5.33 261.0
2456890.60689 20.912 0.252 5.67 249.0
2456890.65150 21.081 0.279 5.34 254.0
2456891.50342 20.754 0.250 5.61 325.0
2456891.56213 20.951 0.231 4.66 287.0
2456891.65673 20.599 0.243 6.21 336.0
2456891.69940 20.455 0.235 6.65 387.0
2456895.49838 20.567 0.162 4.30 338.0
2456895.56811 21.216 0.276 4.26 314.0
2456895.61272 20.619 0.165 4.57 291.0
2456896.47802 20.513 0.211 5.17 451.0
2456896.59582 20.541 0.167 4.76 300.0
2456898.51392 20.594 0.199 5.00 352.0
2456900.53986 21.089 0.240 4.29 370.0
2456907.51365 20.602 0.208 4.84 432.0
2456907.55752 20.726 0.261 5.23 467.0
2456909.52457 20.395 0.277 6.55 525.0
2456912.49506 20.587 0.231 6.16 351.0
2456912.54794 20.642 0.242 6.06 341.0
2456916.50414 20.581 0.213 5.10 505.0
2456916.53179 20.488 0.193 5.33 463.0
2456918.53171 20.216 0.191 5.96 457.0
2456920.50943 20.498 0.298 7.31 378.0
2456922.53988 20.619 0.245 5.63 395.0
2456924.54207 20.567 0.251 5.71 478.0
2456925.50854 20.445 0.266 7.19 409.0
2456926.54865 20.556 0.217 5.26 372.0
2456926.59231 20.877 0.295 5.62 365.0
2456927.61228 20.118 0.208 6.66 560.0
2456928.57412 20.373 0.252 7.04 392.0
2456929.56250 20.396 0.246 6.97 444.0
2456930.52817 19.882 0.184 7.10 460.0
2456936.50023 20.354 0.215 5.82 562.0
2456937.49997 20.442 0.239 5.77 567.0
2456938.52908 20.321 0.289 6.63 669.0
2456942.50349 20.185 0.193 6.17 506.0
2456943.50209 20.343 0.273 7.35 539.0
2456944.48670 20.556 0.294 5.51 801.0
2456947.50035 20.335 0.260 7.29 478.0
2456950.53555 19.757 0.177 7.55 564.0
2456954.52050 20.337 0.286 8.04 601.0
2456955.51029 20.230 0.206 5.97 544.0
