2455268.87990 20.248 0.149 4.70 396.0
2455272.78972 20.384 0.218 5.87 412.0
2455275.90995 20.125 0.157 5.04 507.0
2455279.77604 20.142 0.208 6.56 439.0
2455284.91447 20.521 0.265 5.33 578.0
2455286.90466 20.354 0.193 4.10 633.0
2455287.77647 20.313 0.194 4.75 722.0
2455293.91319 20.558 0.192 3.84 467.0
2455294.90944 20.444 0.133 3.32 375.0
2455295.91875 20.018 0.104 3.54 462.0
2455297.80202 20.778 0.185 3.54 360.0
2455298.84058 20.215 0.118 3.78 355.0
2455299.82503 20.509 0.120 3.68 307.0
2455301.75409 20.650 0.178 4.07 366.0
2455306.68770 20.389 0.188 5.23 428.0
2455307.68974 20.489 0.202 5.19 425.0
2455309.74362 20.151 0.139 5.13 393.0
2455310.73537 20.396 0.192 5.33 461.0
2455311.85018 20.433 0.178 5.13 384.0
2455312.84424 20.522 0.227 5.20 556.0
2455313.87719 20.343 0.225 5.20 661.0
2455315.75111 20.224 0.210 4.67 870.0
2455319.83991 20.032 0.285 4.13 3432.0
2455321.88624 20.762 0.282 4.77 546.0
2455323.79904 20.285 0.174 5.57 505.0
2455324.73420 20.685 0.227 4.62 408.0
2455324.92862 20.392 0.176 3.72 606.0
2455325.84943 20.635 0.217 4.19 420.0
2455326.77437 20.265 0.122 3.87 361.0
2455327.69043 20.633 0.204 4.59 349.0
2455327.91565 20.115 0.133 3.96 517.0
2455328.84690 20.616 0.233 4.70 411.0
2455334.75372 20.608 0.259 5.98 401.0
2455335.73752 20.669 0.187 4.25 395.0
2455335.93198 20.395 0.232 5.14 578.0
2455337.83719 19.985 0.145 5.15 489.0
2455338.83745 20.316 0.276 6.58 593.0
2455339.86939 20.251 0.231 5.50 725.0
2455341.67452 20.344 0.151 3.81 578.0
2455341.93658 20.312 0.218 4.64 836.0
2455342.76544 20.525 0.261 4.97 702.0
2455343.78443 19.796 0.260 4.77 3674.0
2455348.67788 20.054 0.158 5.27 517.0
2455349.86116 20.454 0.288 5.37 878.0
2455351.66852 20.287 0.171 5.39 347.0
2455352.67998 20.483 0.163 4.64 333.0
2455353.65407 20.465 0.160 4.18 366.0
2455358.67212 20.538 0.171 4.58 339.0
2455359.59766 20.754 0.297 5.07 567.0
2455359.83472 20.384 0.199 4.79 538.0
2455362.70424 20.771 0.246 4.60 484.0
2455365.79256 20.480 0.195 4.77 404.0
2455369.76398 20.193 0.209 5.00 858.0
2455377.63111 20.460 0.205 5.34 449.0
2455378.79111 20.364 0.180 4.57 456.0
2455379.66401 20.540 0.173 3.99 380.0
2455380.78992 20.533 0.217 5.16 425.0
2455382.52897 20.326 0.209 5.48 547.0
2455386.75924 20.559 0.174 4.27 334.0
2455387.74149 20.531 0.157 3.93 296.0
2455388.60841 20.382 0.125 3.88 253.0
2455389.52195 20.647 0.251 5.85 341.0
2455390.78706 20.503 0.183 5.12 278.0
2455391.72742 20.758 0.257 4.99 378.0
2455392.59612 20.106 0.117 4.53 329.0
2455393.68090 20.237 0.163 5.52 288.0
2455396.54059 20.045 0.211 7.26 497.0
2455403.61165 20.535 0.213 4.08 748.0
2455404.48423 20.270 0.159 3.74 574.0
2455404.68051 20.384 0.207 4.64 542.0
2455405.69718 20.228 0.190 4.81 480.0
2455407.54986 20.346 0.211 6.28 296.0
2455407.74409 19.954 0.159 5.22 538.0
2455408.67371 20.470 0.203 5.04 422.0
2455409.56108 20.569 0.153 4.05 286.0
2455410.56347 20.414 0.161 4.82 316.0
2455411.59902 20.480 0.142 3.73 303.0
2455412.60713 20.496 0.233 5.84 402.0
2455413.59232 20.566 0.177 4.52 304.0
2455414.63624 20.532 0.158 4.32 277.0
2455418.56993 20.363 0.129 4.25 287.0
2455421.59641 20.452 0.198 5.76 328.0
2455422.56468 20.467 0.184 5.06 370.0
2455425.51020 20.503 0.269 5.26 728.0
2455430.50521 20.194 0.207 4.90 687.0
2455431.50646 20.428 0.216 4.58 662.0
2455433.67973 20.217 0.224 5.37 772.0
2455434.68373 20.550 0.271 5.10 646.0
2455435.68689 20.236 0.163 4.33 543.0
2455437.62678 20.215 0.133 4.12 386.0
2455439.54651 20.449 0.270 6.53 392.0
2455443.56050 20.702 0.265 5.97 391.0
2455444.57200 20.325 0.180 5.79 322.0
2455445.67083 20.293 0.164 4.89 414.0
2455447.47787 20.681 0.275 4.79 664.0
2455448.53702 20.349 0.181 4.33 384.0
2455450.49667 20.174 0.176 6.18 398.0
2455451.58844 20.328 0.251 6.65 418.0
2455457.50341 20.294 0.138 3.41 561.0
2455461.62494 19.965 0.231 5.54 1392.0
2455463.54741 20.604 0.224 4.18 568.0
2455467.57711 20.376 0.193 5.41 471.0
2455470.59190 20.482 0.222 4.80 513.0
2455472.55424 20.431 0.245 5.71 492.0
2455476.50827 20.599 0.274 5.86 465.0
2455479.54145 20.227 0.256 7.80 500.0
2455605.88382 20.166 0.131 4.18 503.0
2455611.88292 20.414 0.199 4.56 614.0
2455614.84353 20.218 0.174 5.00 623.0
2455620.83364 20.207 0.161 5.31 408.0
2455630.84707 20.535 0.254 6.39 355.0
2455634.78515 20.134 0.126 4.74 383.0
2455639.87442 20.399 0.157 4.11 478.0
2455642.77434 20.127 0.185 5.26 709.0
2455649.75756 20.372 0.156 5.09 298.0
2455650.88229 20.640 0.229 7.36 313.0
2455652.86857 20.692 0.180 4.86 311.0
2455655.78467 20.412 0.180 4.90 377.0
2455657.80727 20.179 0.109 3.88 348.0
2455660.77932 20.718 0.235 5.86 308.0
2455662.90057 20.435 0.170 4.68 395.0
2455665.77092 20.675 0.244 5.60 355.0
2455670.92657 20.300 0.189 4.12 861.0
2455676.80929 20.424 0.134 4.13 360.0
2455679.78051 20.462 0.178 4.95 356.0
2455681.66558 20.385 0.198 5.47 450.0
2455682.83563 20.465 0.195 5.45 427.0
2455682.86134 20.241 0.163 5.02 446.0
2455684.82290 20.509 0.166 4.26 357.0
2455686.81731 20.648 0.219 5.56 400.0
2455689.70400 20.897 0.229 4.71 349.0
2455691.74956 20.608 0.218 5.35 359.0
2455692.88798 20.817 0.250 4.39 562.0
2455694.65066 20.206 0.169 5.05 601.0
2455695.81715 20.729 0.208 4.18 427.0
2455703.85204 20.061 0.230 7.66 592.0
2455707.59348 20.033 0.145 5.54 448.0
2455708.66852 20.231 0.170 6.00 341.0
2455712.67352 20.236 0.142 5.04 394.0
2455712.68620 20.767 0.219 4.88 383.0
2455714.86027 20.125 0.162 6.15 401.0
2455716.73414 20.261 0.136 4.87 298.0
2455723.72739 20.293 0.149 4.62 367.0
2455725.56758 20.424 0.173 4.24 574.0
2455734.74125 20.019 0.179 6.87 440.0
2455736.56859 20.489 0.176 4.59 409.0
2455737.64678 20.285 0.106 3.71 300.0
2455738.76738 20.781 0.222 4.57 366.0
2455740.53523 20.399 0.189 4.62 453.0
2455741.60888 20.366 0.154 4.73 310.0
2455742.61991 20.614 0.187 4.86 302.0
2455743.77048 20.089 0.143 5.02 400.0
2455744.81045 20.088 0.121 4.50 369.0
2455746.58772 20.457 0.167 4.69 341.0
2455747.75258 20.583 0.258 6.25 354.0
2455753.69574 20.481 0.237 4.44 1062.0
2455763.55051 20.558 0.157 4.02 360.0
2455764.64304 20.631 0.183 4.58 310.0
2455766.48571 20.176 0.156 5.54 375.0
2455767.63671 20.317 0.161 4.77 387.0
2455768.75721 20.505 0.180 4.66 389.0
2455770.68190 20.199 0.156 5.17 375.0
2455770.77930 20.349 0.201 6.41 367.0
2455777.67402 20.271 0.134 4.62 336.0
2455786.66038 20.824 0.299 4.56 585.0
2455788.61186 20.398 0.206 5.08 499.0
2455791.49293 20.304 0.201 5.88 389.0
2455794.63208 20.173 0.156 5.42 352.0
2455804.50792 20.333 0.152 5.00 349.0
2455806.59923 20.303 0.251 6.95 417.0
2455813.59203 20.678 0.205 3.77 600.0
2455819.55705 20.757 0.260 4.60 523.0
2455828.58809 20.065 0.157 5.68 434.0
2455830.56158 20.647 0.258 6.61 426.0
2455832.58351 20.288 0.222 7.36 492.0
2455835.53543 19.978 0.201 6.76 484.0
2455841.58810 19.926 0.209 6.36 775.0
2455851.54780 20.515 0.269 6.23 475.0
2455855.53192 20.255 0.263 6.31 703.0
2455862.50508 19.890 0.157 5.72 544.0
2455972.88199 20.649 0.252 4.32 926.0
2455980.85464 19.990 0.178 7.10 453.0
2455984.89351 20.254 0.131 4.32 415.0
2455987.87686 20.154 0.124 4.32 376.0
2455990.84071 20.491 0.183 5.33 362.0
2455995.82626 20.098 0.128 3.81 611.0
2455997.84806 20.713 0.239 4.87 492.0
2455999.85673 20.243 0.156 4.70 525.0
2456004.89984 20.493 0.158 4.21 382.0
2456006.89573 19.939 0.088 3.88 314.0
2456008.82731 20.693 0.178 4.10 332.0
2456010.75596 20.430 0.196 5.21 518.0
2456011.88985 20.429 0.206 3.69 881.0
2456015.73835 20.148 0.117 4.58 380.0
2456019.84910 20.458 0.131 3.92 305.0
2456020.90665 20.429 0.179 5.56 321.0
2456022.75285 20.185 0.141 4.62 488.0
2456023.81472 20.339 0.154 4.06 510.0
2456024.79764 20.480 0.194 4.56 568.0
2456025.88772 20.678 0.267 4.71 592.0
2456032.89324 20.229 0.103 3.62 341.0
2456034.91733 20.514 0.174 4.35 379.0
2456037.87279 20.479 0.150 3.60 438.0
2456039.91268 20.254 0.135 4.18 428.0
2456045.89944 20.377 0.166 4.59 454.0
2456046.91062 20.535 0.178 4.44 384.0
2456048.84748 20.684 0.161 3.97 273.0
2456050.73876 20.545 0.191 4.36 433.0
2456052.83368 20.278 0.162 4.18 611.0
2456060.78318 20.381 0.144 4.39 341.0
2456061.67631 20.729 0.297 6.38 362.0
2456062.82544 20.355 0.142 3.73 496.0
2456064.83358 20.315 0.139 4.10 424.0
2456066.67893 20.749 0.193 4.00 370.0
2456067.75294 20.114 0.094 3.64 358.0
2456068.90272 20.459 0.158 3.93 508.0
2456070.65559 20.422 0.200 5.69 373.0
2456071.70962 20.440 0.151 4.62 295.0
2456075.79498 20.396 0.114 3.23 297.0
2456078.77902 20.304 0.125 3.50 415.0
2456079.85730 20.384 0.129 3.70 404.0
2456080.88751 20.102 0.156 5.72 476.0
2456081.93013 20.117 0.258 6.92 875.0
2456085.68713 19.927 0.172 5.05 1034.0
2456086.68296 20.273 0.130 4.06 427.0
2456088.56481 20.173 0.129 4.98 342.0
2456092.62644 20.367 0.186 6.08 339.0
2456093.82101 20.369 0.218 6.36 351.0
2456096.60656 20.589 0.218 5.70 339.0
2456097.81779 20.552 0.202 4.84 397.0
2456098.86965 20.148 0.182 5.83 510.0
2456100.82694 19.966 0.164 6.12 528.0
2456104.57197 20.863 0.208 3.87 431.0
2456105.60687 20.369 0.184 5.64 356.0
2456108.70565 20.246 0.132 3.81 556.0
2456113.66037 20.122 0.162 4.71 683.0
2456114.76052 19.841 0.124 4.94 559.0
2456116.48438 20.589 0.196 4.86 426.0
2456117.55637 20.283 0.145 4.64 372.0
2456118.60118 20.576 0.152 4.21 315.0
2456120.76258 20.205 0.164 5.88 302.0
2456124.64545 20.667 0.212 5.51 268.0
2456125.73062 20.226 0.135 4.82 309.0
2456127.55073 20.404 0.198 5.90 335.0
2456131.65167 19.994 0.112 5.99 262.0
2456133.72640 20.385 0.178 5.44 330.0
2456135.72971 20.558 0.197 4.58 392.0
2456147.71808 20.321 0.219 7.09 329.0
2456148.68343 20.480 0.154 4.43 297.0
2456151.69230 20.708 0.282 6.10 362.0
2456154.63633 20.382 0.173 5.12 326.0
2456158.68704 20.334 0.166 4.61 441.0
2456160.70452 20.477 0.200 5.30 388.0
2456181.57570 20.614 0.187 3.86 463.0
2456184.57543 20.474 0.138 3.81 302.0
2456190.53285 20.335 0.163 4.73 422.0
2456195.57720 20.365 0.204 4.84 588.0
2456203.51046 20.263 0.194 5.86 449.0
2456205.55084 20.559 0.200 4.68 378.0
2456210.50889 20.536 0.240 5.98 411.0
2456212.57433 20.139 0.153 4.87 570.0
2456217.51549 20.482 0.163 3.93 402.0
2456339.85179 20.070 0.118 5.13 344.0
2456349.83817 20.121 0.153 4.39 594.0
2456352.89885 20.289 0.177 4.82 612.0
2456360.90068 20.337 0.152 5.90 355.0
2456363.83098 20.232 0.137 4.84 349.0
2456369.77981 20.320 0.164 5.44 332.0
2456371.77385 20.452 0.149 4.96 282.0
2456373.89853 20.619 0.211 5.64 342.0
2456375.86750 20.791 0.195 5.18 291.0
2456377.82201 20.650 0.170 3.93 439.0
2456379.75500 20.295 0.155 3.79 771.0
2456380.88560 20.205 0.125 4.46 488.0
2456382.82351 20.114 0.163 5.11 595.0
2456387.75185 20.648 0.178 4.78 284.0
2456388.86135 20.409 0.135 4.15 330.0
2456388.87759 20.312 0.137 4.99 353.0
2456390.74779 20.143 0.123 4.71 349.0
2456393.71570 20.648 0.229 4.98 400.0
2456395.72822 20.479 0.159 4.34 404.0
2456397.70123 20.637 0.190 4.72 371.0
2456398.88885 20.688 0.189 4.35 317.0
2456400.90240 20.592 0.180 4.67 343.0
2456402.84371 19.996 0.125 5.46 351.0
2456404.77196 20.666 0.188 4.24 374.0
2456416.79401 20.416 0.133 4.41 342.0
2456418.66548 19.996 0.114 4.23 458.0
2456419.81471 20.258 0.140 4.83 362.0
2456420.92804 20.455 0.141 3.45 404.0
2456423.80457 20.091 0.118 4.45 461.0
2456426.61716 20.430 0.164 5.33 353.0
2456428.79018 20.362 0.181 5.88 358.0
2456431.89871 20.079 0.142 5.32 456.0
2456433.65750 20.434 0.167 5.09 378.0
2456434.84387 20.365 0.174 4.68 550.0
2456436.59377 20.146 0.208 5.65 883.0
2456442.64108 20.683 0.179 4.14 462.0
2456444.78095 20.789 0.239 5.21 401.0
2456445.88371 20.709 0.235 4.95 465.0
2456446.79709 20.582 0.128 3.25 367.0
2456447.85060 20.716 0.201 4.00 429.0
2456448.88021 19.981 0.135 5.38 478.0
2456449.91228 20.152 0.196 6.02 609.0
2456451.59866 20.685 0.254 5.42 454.0
2456452.65717 20.360 0.111 4.10 292.0
2456454.76989 20.326 0.130 4.35 326.0
2456456.63338 20.160 0.082 3.59 282.0
2456457.87498 20.562 0.179 4.54 499.0
2456459.55761 20.895 0.288 4.91 521.0
2456460.72404 20.965 0.246 4.53 399.0
2456462.62849 20.779 0.224 4.25 514.0
2456463.77277 20.748 0.234 4.20 554.0
2456464.86369 20.360 0.235 4.96 955.0
2456469.63926 20.783 0.220 4.51 493.0
2456474.55671 20.563 0.212 5.47 409.0
2456475.63662 20.412 0.128 4.54 300.0
2456476.70556 20.240 0.150 4.89 398.0
2456477.77990 19.991 0.160 6.38 464.0
2456481.60100 20.292 0.146 5.56 299.0
2456485.48704 20.583 0.203 5.46 375.0
2456486.62989 20.291 0.145 5.34 305.0
2456487.73448 20.491 0.152 4.25 362.0
2456490.52625 20.853 0.246 4.63 419.0
2456491.69307 20.109 0.123 4.44 413.0
2456498.47306 20.387 0.136 3.95 455.0
2456499.58906 20.199 0.141 5.49 415.0
2456504.68464 20.428 0.165 5.43 293.0
2456506.68961 20.577 0.258 6.95 321.0
2456510.64475 20.387 0.128 4.11 312.0
2456514.62739 20.327 0.140 5.21 285.0
2456516.67588 20.558 0.222 6.57 285.0
2456529.64286 20.449 0.234 6.12 450.0
2456533.55249 20.278 0.177 4.91 419.0
2456538.53247 20.185 0.119 4.49 319.0
2456543.58775 20.346 0.146 4.63 359.0
2456546.61983 20.146 0.172 7.14 645.0
2456562.56615 20.840 0.227 4.49 338.0
2456564.58890 20.160 0.166 6.80 447.0
2456571.55328 20.392 0.264 6.86 489.0
2456578.56935 20.529 0.268 6.15 623.0
2456698.88359 20.058 0.168 6.16 596.0
2456710.85612 20.138 0.121 4.00 646.0
2456716.81133 20.195 0.120 4.67 472.0
2456718.89056 20.082 0.137 5.66 432.0
2456721.82258 20.247 0.176 5.85 468.0
2456723.85755 19.822 0.094 4.57 471.0
2456725.86353 19.831 0.100 5.40 400.0
2456727.86132 19.847 0.072 4.52 319.0
2456729.83666 19.873 0.087 4.38 469.0
2456733.86039 19.982 0.110 4.36 555.0
2456735.78876 19.748 0.127 4.85 1010.0
2456736.90078 19.591 0.073 4.14 544.0
2456743.89311 19.566 0.071 5.06 553.0
2456745.85104 19.322 0.049 4.30 339.0
2456747.88512 19.356 0.054 4.86 348.0
2456748.80777 19.357 0.051 4.35 370.0
2456749.81677 19.582 0.073 4.92 396.0
2456750.83468 19.367 0.056 4.72 380.0
2456751.85966 19.382 0.043 3.53 337.0
2456752.83160 19.469 0.057 4.31 358.0
2456754.82000 19.349 0.109 8.47 407.0
2456755.84237 19.244 0.052 4.86 361.0
2456756.80487 19.344 0.049 4.02 342.0
2456757.75643 19.344 0.062 4.78 425.0
2456758.75590 19.455 0.071 4.91 451.0
2456759.72660 19.414 0.060 4.55 529.0
2456759.91752 19.533 0.054 3.67 409.0
2456760.86836 19.442 0.048 3.39 413.0
2456761.80448 19.375 0.062 4.54 493.0
2456762.75215 19.677 0.091 4.51 595.0
2456763.72359 19.553 0.086 4.81 703.0
2456763.90570 19.740 0.086 3.65 707.0
2456764.83365 19.633 0.066 3.35 641.0
2456765.77896 19.587 0.078 3.82 674.0
2456768.72985 19.723 0.078 3.99 558.0
2456768.91562 19.764 0.069 3.58 436.0
2456769.81265 19.641 0.065 3.94 434.0
2456770.71415 19.734 0.077 4.31 398.0
2456770.87676 19.956 0.102 4.35 434.0
2456771.84037 20.125 0.117 4.65 453.0
2456772.73894 19.665 0.072 4.61 379.0
2456772.93117 19.729 0.121 4.78 950.0
2456773.85099 19.767 0.110 6.46 357.0
2456774.76447 19.941 0.134 6.28 404.0
2456775.72920 19.718 0.067 4.15 366.0
2456775.92977 19.799 0.099 4.87 496.0
2456776.85047 20.147 0.118 4.58 416.0
2456777.82654 19.868 0.110 5.40 435.0
2456784.73790 19.883 0.102 4.40 422.0
2456784.92409 20.168 0.178 5.38 521.0
2456785.71855 20.137 0.102 3.41 414.0
2456785.91730 19.991 0.122 4.21 491.0
2456786.72743 20.227 0.128 3.98 467.0
2456789.69590 20.224 0.160 4.66 550.0
2456789.87050 20.287 0.185 4.48 680.0
2456790.72637 19.987 0.145 4.89 600.0
2456790.90780 19.929 0.153 5.14 700.0
2456791.73921 20.176 0.172 4.48 715.0
2456791.91013 20.331 0.190 4.05 934.0
2456792.74263 20.349 0.188 3.74 1008.0
2456792.88993 20.155 0.191 4.42 1034.0
2456796.68402 20.164 0.166 4.38 650.0
2456796.85575 20.395 0.173 4.27 528.0
2456797.72002 19.453 0.102 4.27 1312.0
2456797.88562 19.790 0.163 5.83 836.0
2456803.66189 20.227 0.148 5.54 294.0
2456803.84147 20.004 0.102 4.44 420.0
2456804.60384 20.243 0.157 5.27 366.0
2456804.79490 20.744 0.208 4.38 371.0
2456805.59190 20.385 0.205 5.52 425.0
2456805.78602 20.536 0.197 4.89 378.0
2456806.85268 19.947 0.135 5.64 381.0
2456807.73552 20.486 0.238 5.91 388.0
2456807.90194 19.793 0.165 7.39 453.0
2456808.69286 20.151 0.121 4.25 391.0
2456808.88087 20.198 0.154 4.84 441.0
2456809.66684 20.239 0.134 4.66 354.0
2456809.87416 20.339 0.191 5.31 444.0
2456810.66512 20.402 0.166 4.33 420.0
2456810.86103 20.196 0.147 4.36 511.0
2456811.62978 20.160 0.159 5.39 413.0
2456811.82703 20.478 0.237 5.52 503.0
2456813.68948 20.307 0.148 4.70 344.0
2456813.88883 20.435 0.183 5.13 378.0
2456814.73717 20.265 0.121 4.00 313.0
2456815.69347 20.626 0.241 5.41 387.0
2456815.90594 20.219 0.172 4.94 572.0
2456816.75638 20.284 0.174 5.25 437.0
2456817.60507 20.112 0.162 5.50 492.0
2456817.78187 19.980 0.119 4.58 485.0
2456818.54980 20.275 0.237 5.13 892.0
2456819.60695 20.220 0.224 5.49 829.0
2456819.75953 20.395 0.241 5.28 712.0
2456823.77047 20.440 0.211 4.76 640.0
2456824.54898 20.156 0.216 5.58 733.0
2456824.74390 20.434 0.194 4.59 511.0
2456825.53366 20.597 0.228 4.67 473.0
2456825.71065 19.946 0.117 4.25 501.0
2456825.89071 20.436 0.239 4.58 888.0
2456826.64932 20.202 0.130 4.21 420.0
2456826.85889 20.497 0.227 5.01 578.0
2456827.63624 20.548 0.189 4.62 412.0
2456827.84546 20.670 0.250 5.12 480.0
2456828.60951 20.409 0.148 4.49 309.0
2456828.81693 20.423 0.168 4.74 361.0
2456829.56275 20.225 0.195 6.16 388.0
2456829.74730 20.340 0.177 5.66 314.0
2456830.53737 20.364 0.181 5.04 457.0
2456830.72650 20.402 0.121 3.65 314.0
2456831.61912 20.700 0.152 3.37 357.0
2456831.80807 20.844 0.264 4.93 392.0
2456832.60548 20.236 0.158 5.35 370.0
2456832.79367 20.073 0.155 5.69 459.0
2456833.62379 20.168 0.147 5.18 371.0
2456833.81023 20.544 0.266 5.41 660.0
2456834.58754 20.711 0.284 5.61 449.0
2456834.77129 20.189 0.178 5.90 412.0
2456835.59576 20.142 0.150 5.18 388.0
2456835.77888 20.096 0.151 5.71 374.0
2456836.56559 20.285 0.275 7.64 466.0
2456836.75317 20.698 0.282 5.94 396.0
2456837.53937 20.149 0.129 4.01 555.0
2456837.72023 20.334 0.147 4.22 425.0
2456838.49106 20.678 0.277 5.38 509.0
2456838.66668 20.341 0.172 5.38 332.0
2456838.83650 20.175 0.188 5.84 528.0
2456839.62352 20.010 0.129 4.97 453.0
2456840.63366 20.035 0.198 7.19 436.0
2456841.70582 20.568 0.213 5.11 377.0
2456842.68841 20.284 0.173 5.37 390.0
2456844.47681 20.225 0.223 5.70 753.0
2456844.64988 20.461 0.164 4.07 465.0
2456844.82418 20.172 0.181 6.14 449.0
2456845.56833 20.589 0.201 4.57 477.0
2456845.74849 20.175 0.126 4.18 443.0
2456847.46272 19.954 0.204 4.57 1653.0
2456847.52302 20.423 0.194 4.05 765.0
2456847.56503 20.253 0.164 4.05 726.0
2456851.55265 20.689 0.273 4.53 801.0
2456851.72665 19.953 0.158 5.19 761.0
2456852.54250 20.329 0.253 5.71 788.0
2456852.74412 20.044 0.231 5.94 1019.0
2456855.51768 20.187 0.186 6.50 386.0
2456855.70578 20.420 0.179 5.30 326.0
2456856.50319 20.375 0.231 6.33 448.0
2456856.68712 21.065 0.277 4.16 371.0
2456857.50105 20.260 0.129 3.83 419.0
2456857.68797 20.463 0.153 4.35 291.0
2456858.51590 20.113 0.109 3.98 340.0
2456858.70113 20.440 0.151 4.32 338.0
2456859.65898 20.466 0.183 4.63 399.0
2456862.61400 20.462 0.225 5.96 385.0
2456862.76733 20.489 0.240 6.39 505.0
2456863.64787 20.206 0.123 4.57 334.0
2456864.48826 20.502 0.246 6.21 362.0
2456864.67605 20.697 0.219 5.19 317.0
2456870.58271 20.565 0.233 5.85 331.0
2456871.57382 20.731 0.227 4.40 430.0
2456872.67293 20.492 0.198 5.27 302.0
2456874.55481 20.391 0.232 6.37 466.0
2456880.49215 19.891 0.226 7.31 753.0
2456881.67274 20.222 0.219 5.98 546.0
2456882.59656 20.208 0.167 5.30 375.0
2456883.51081 20.641 0.219 4.91 345.0
2456885.47623 20.604 0.232 4.93 431.0
2456885.67008 20.244 0.159 5.47 365.0
2456886.59316 20.524 0.197 4.98 349.0
2456887.49310 20.522 0.200 4.86 434.0
2456887.69088 20.367 0.184 6.10 311.0
2456888.62593 20.474 0.184 4.85 374.0
2456889.57474 20.492 0.156 4.31 305.0
2456890.50400 20.286 0.175 5.53 334.0
2456890.68424 20.723 0.273 6.18 307.0
2456891.63022 20.937 0.279 5.03 359.0
2456895.58550 20.483 0.165 4.35 358.0
2456907.57370 20.426 0.224 5.41 544.0
2456912.61470 20.148 0.176 5.42 532.0
2456915.62466 20.197 0.242 7.56 433.0
2456924.54381 20.458 0.222 5.47 514.0
2456925.58474 20.455 0.248 6.25 443.0
2456929.59309 20.322 0.267 6.90 591.0
2456937.50634 20.498 0.291 6.23 629.0
2456948.52100 20.420 0.289 7.00 560.0
