2455265.88189 18.226 0.024 3.86 544.0
2455266.82806 18.247 0.026 4.75 391.0
2455267.85534 18.270 0.028 5.17 373.0
2455268.85776 18.239 0.024 4.55 356.0
2455269.82141 18.251 0.022 4.23 351.0
2455270.82708 18.204 0.023 4.36 338.0
2455271.82264 18.235 0.022 3.84 402.0
2455272.82777 18.278 0.028 5.47 329.0
2455273.81273 18.237 0.025 5.04 333.0
2455274.83130 18.204 0.021 4.22 327.0
2455275.81763 18.241 0.027 4.81 404.0
2455276.79576 18.225 0.025 4.66 348.0
2455277.85178 18.273 0.024 4.50 363.0
2455278.82787 18.213 0.029 5.83 363.0
2455279.82912 18.267 0.031 6.01 350.0
2455280.83578 18.257 0.021 3.62 372.0
2455281.81571 18.252 0.023 4.29 355.0
2455282.83845 18.225 0.022 3.86 372.0
2455283.79843 18.226 0.028 4.46 527.0
2455283.88989 18.253 0.027 5.45 342.0
2455284.80410 18.216 0.030 4.89 612.0
2455285.79495 18.245 0.031 4.48 720.0
2455286.81061 18.172 0.036 5.90 653.0
2455287.86379 18.198 0.022 3.13 567.0
2455288.78917 18.240 0.028 3.99 665.0
2455289.84103 18.251 0.027 4.19 611.0
2455293.86901 18.216 0.026 3.95 552.0
2455295.85204 18.252 0.018 3.36 290.0
2455296.89222 18.239 0.021 4.34 291.0
2455298.77546 18.236 0.021 4.15 343.0
2455299.76015 18.292 0.020 4.39 297.0
2455300.86890 18.240 0.019 3.48 310.0
2455301.87856 18.225 0.024 4.97 346.0
2455306.86349 18.275 0.021 3.88 311.0
2455307.86492 18.233 0.020 3.74 384.0
2455308.85274 18.233 0.021 4.10 297.0
2455309.90727 18.220 0.020 3.55 345.0
2455310.90619 18.233 0.020 3.68 369.0
2455312.76635 18.324 0.034 5.89 454.0
2455313.79896 18.294 0.031 5.07 531.0
2455314.72916 18.247 0.034 5.08 786.0
2455315.65538 18.308 0.052 6.12 1220.0
2455315.86773 18.174 0.033 5.15 824.0
2455316.82471 18.295 0.042 5.83 745.0
2455320.66321 18.250 0.035 4.82 975.0
2455320.86527 18.247 0.026 4.09 568.0
2455321.80831 18.268 0.026 4.81 460.0
2455322.82828 18.210 0.027 4.97 499.0
2455323.91826 18.223 0.026 4.40 555.0
2455324.85167 18.297 0.029 4.89 411.0
2455325.76496 18.219 0.022 4.25 299.0
2455326.67738 18.307 0.026 4.94 346.0
2455326.89170 18.231 0.024 4.02 437.0
2455327.83967 18.211 0.024 4.47 369.0
2455328.76972 18.245 0.021 4.00 346.0
2455329.72362 18.293 0.029 5.64 336.0
2455334.89344 18.250 0.027 5.00 394.0
2455335.86596 18.215 0.029 5.44 400.0
2455337.76056 18.268 0.025 4.70 338.0
2455338.75780 18.273 0.026 4.82 460.0
2455339.71118 18.168 0.035 6.11 537.0
2455340.67000 18.215 0.035 5.73 691.0
2455340.92835 18.259 0.033 5.33 660.0
2455341.85986 18.272 0.028 4.48 565.0
2455342.68698 18.235 0.034 5.52 616.0
2455342.88306 18.260 0.036 5.53 658.0
2455343.71667 18.205 0.034 5.22 709.0
2455343.92300 18.308 0.038 4.85 904.0
2455348.86368 18.257 0.027 4.38 526.0
2455349.79504 18.197 0.029 4.26 838.0
2455350.74872 18.255 0.035 5.03 945.0
2455351.90512 18.235 0.030 5.10 583.0
2455352.90150 18.238 0.025 3.90 554.0
2455353.83408 18.216 0.024 4.07 406.0
2455354.84587 18.244 0.026 3.87 468.0
2455355.80190 18.270 0.026 4.44 461.0
2455357.80952 18.228 0.039 7.36 387.0
2455359.75694 18.254 0.028 5.31 410.0
2455362.57373 18.223 0.037 5.85 700.0
2455364.54117 18.244 0.035 6.18 478.0
2455365.62193 18.283 0.028 4.90 413.0
2455368.64792 18.318 0.036 4.78 889.0
2455376.85508 18.253 0.037 4.91 953.0
2455377.55169 18.197 0.028 5.09 454.0
2455377.79244 18.244 0.029 5.02 501.0
2455378.72584 18.241 0.019 3.28 355.0
2455379.51925 18.220 0.029 5.79 346.0
2455379.82296 18.268 0.028 4.74 466.0
2455380.53076 18.266 0.025 5.21 312.0
2455380.71511 18.281 0.024 4.91 300.0
2455381.56684 18.125 0.040 8.18 445.0
2455381.78927 18.231 0.035 6.42 403.0
2455382.65671 18.257 0.027 5.35 347.0
2455383.79531 18.286 0.035 7.22 289.0
2455386.47439 18.153 0.024 3.85 501.0
2455386.55160 18.134 0.021 3.85 595.0
2455386.63355 18.242 0.023 4.88 420.0
2455386.71756 18.224 0.019 3.41 403.0
2455387.54530 18.211 0.021 4.17 309.0
2455388.48488 18.201 0.029 5.40 413.0
2455388.82489 18.279 0.028 5.52 289.0
2455389.77449 18.249 0.028 5.64 292.0
2455390.71427 18.214 0.025 5.88 241.0
2455391.56022 18.197 0.028 6.35 299.0
2455392.49759 18.229 0.029 5.67 373.0
2455392.82746 18.262 0.031 5.70 340.0
2455393.80422 18.250 0.033 6.51 330.0
2455396.78696 18.247 0.029 6.20 310.0
2455403.53534 18.220 0.024 3.55 736.0
2455403.73173 18.192 0.026 3.81 827.0
2455404.60002 18.258 0.031 5.32 499.0
2455405.62000 18.261 0.035 6.06 407.0
2455407.47608 18.130 0.028 6.05 318.0
2455407.66883 18.269 0.037 6.97 355.0
2455408.59793 18.223 0.027 5.93 306.0
2455408.78867 18.235 0.031 5.21 563.0
2455409.79092 18.181 0.031 5.84 474.0
2455411.47990 18.226 0.021 4.36 313.0
2455412.53046 18.236 0.027 5.30 367.0
2455412.76449 18.322 0.037 6.87 371.0
2455414.49051 18.254 0.021 4.44 283.0
2455416.65309 18.263 0.026 5.51 269.0
2455421.49456 18.213 0.027 5.99 325.0
2455421.73111 18.185 0.025 6.08 274.0
2455423.54691 18.243 0.020 4.33 271.0
2455426.64609 18.268 0.038 4.75 1046.0
2455430.54067 18.282 0.036 5.34 684.0
2455430.64035 18.218 0.031 4.90 612.0
2455431.63759 18.249 0.033 5.53 549.0
2455434.61021 18.237 0.027 4.67 449.0
2455435.60406 18.168 0.024 4.57 399.0
2455436.70533 18.244 0.026 4.35 434.0
2455438.66722 18.197 0.021 3.75 366.0
2455439.67935 18.278 0.035 5.99 377.0
2455444.48714 18.269 0.032 6.20 349.0
2455445.53935 18.272 0.025 4.93 330.0
2455446.60337 18.252 0.024 4.63 313.0
2455447.63800 18.311 0.029 5.99 301.0
2455450.63414 18.218 0.030 6.15 381.0
2455453.62460 18.230 0.022 4.15 365.0
2455458.49423 18.257 0.033 5.57 545.0
2455459.54027 18.274 0.029 4.50 474.0
2455460.55564 18.229 0.044 4.35 1645.0
2455461.58389 18.231 0.035 5.69 650.0
2455463.50725 18.198 0.026 5.05 470.0
2455464.49745 18.281 0.028 5.48 377.0
2455467.48639 18.300 0.031 5.38 480.0
2455470.53025 18.212 0.025 4.30 371.0
2455472.49283 18.252 0.029 5.26 430.0
2455473.57092 18.247 0.026 4.73 368.0
2455478.54616 18.286 0.030 5.28 378.0
2455481.49251 18.235 0.046 6.35 819.0
2455486.50183 18.296 0.042 6.07 575.0
2455488.49262 18.219 0.029 3.78 812.0
2455494.53974 18.265 0.039 5.25 786.0
2455499.51749 18.230 0.032 5.54 544.0
2455600.87888 18.226 0.028 4.99 518.0
2455620.88365 18.256 0.036 6.75 404.0
2455624.89718 18.285 0.023 4.46 366.0
2455626.86839 18.191 0.025 4.90 341.0
2455628.82779 18.167 0.024 5.27 350.0
2455629.85674 18.201 0.032 7.41 304.0
2455631.88377 18.283 0.025 5.08 344.0
2455633.83768 18.227 0.023 4.47 368.0
2455635.87058 18.193 0.026 5.54 382.0
2455637.91334 18.321 0.038 5.43 847.0
2455638.87138 18.229 0.026 5.25 423.0
2455639.83614 18.310 0.032 5.57 505.0
2455641.78611 18.304 0.031 5.36 582.0
2455643.79972 18.244 0.031 5.36 576.0
2455648.82920 18.246 0.022 4.39 334.0
2455650.74908 18.249 0.024 5.66 304.0
2455651.91572 18.207 0.020 3.67 409.0
2455654.84422 18.198 0.024 6.10 281.0
2455656.81812 18.224 0.021 4.27 342.0
2455658.80282 18.244 0.028 6.15 294.0
2455659.86286 18.230 0.023 5.50 398.0
2455662.77089 18.225 0.028 6.02 331.0
2455664.86394 18.272 0.028 5.76 348.0
2455667.79090 18.178 0.021 4.48 378.0
2455669.89274 18.194 0.026 4.55 576.0
2455675.83478 18.313 0.047 6.04 1013.0
2455677.79242 18.241 0.027 5.72 348.0
2455680.70008 18.190 0.030 6.74 327.0
2455681.87622 18.202 0.026 5.16 398.0
2455683.83542 18.252 0.019 3.67 374.0
2455685.82357 18.254 0.019 4.05 301.0
2455687.73195 18.152 0.024 5.67 371.0
2455690.75319 18.313 0.039 7.86 408.0
2455692.65451 18.166 0.032 6.79 555.0
2455693.78155 18.257 0.024 4.65 373.0
2455694.86632 18.269 0.024 4.41 407.0
2455696.64839 18.151 0.030 5.56 601.0
2455697.75198 18.241 0.026 4.41 545.0
2455698.83274 18.185 0.026 3.99 854.0
2455705.89036 18.286 0.032 6.10 459.0
2455707.79263 18.249 0.022 4.31 382.0
2455708.88455 18.316 0.036 6.46 528.0
2455712.88083 18.222 0.025 5.80 417.0
2455715.76637 18.226 0.018 4.00 277.0
2455721.56415 18.278 0.029 4.73 555.0
2455721.57811 18.272 0.029 4.82 584.0
2455722.79425 18.227 0.022 4.18 402.0
2455724.57514 18.163 0.032 5.31 629.0
2455726.54390 18.272 0.041 5.86 951.0
2455735.69796 18.322 0.030 6.14 314.0
2455736.80583 18.272 0.022 4.09 353.0
2455737.85434 18.236 0.022 4.50 361.0
2455739.69185 18.242 0.022 4.95 251.0
2455740.76850 18.150 0.020 4.47 312.0
2455741.81338 18.255 0.024 4.71 319.0
2455742.82289 18.233 0.019 3.60 328.0
2455744.54086 18.294 0.032 5.81 424.0
2455745.61737 18.287 0.030 6.26 334.0
2455746.79947 18.215 0.034 7.36 319.0
2455749.55524 18.303 0.032 6.50 350.0
2455752.71299 18.288 0.030 5.89 360.0
2455761.49739 18.349 0.022 4.99 347.0
2455762.62161 18.261 0.027 5.29 371.0
2455763.76385 18.235 0.028 5.19 490.0
2455765.54305 18.296 0.026 4.83 449.0
2455766.68302 18.209 0.019 4.20 269.0
2455768.50396 18.160 0.024 5.24 379.0
2455769.63956 18.223 0.019 4.55 272.0
2455776.65181 18.275 0.032 7.02 284.0
2455778.62714 18.217 0.031 5.76 494.0
2455785.65927 18.256 0.034 5.58 583.0
2455787.62461 18.224 0.023 3.92 507.0
2455790.52561 18.294 0.032 6.59 309.0
2455793.64054 18.298 0.026 5.53 307.0
2455795.71487 18.181 0.026 5.81 321.0
2455801.63921 18.291 0.038 7.67 311.0
2455805.49533 18.198 0.019 4.49 300.0
2455812.54232 18.240 0.042 6.24 640.0
2455815.57342 18.230 0.021 3.61 485.0
2455817.66027 18.334 0.039 6.06 564.0
2455820.56053 18.234 0.028 5.29 405.0
2455823.50833 18.223 0.035 6.76 361.0
2455824.50590 18.209 0.030 6.22 350.0
2455825.50666 18.286 0.034 6.22 407.0
2455826.50035 18.279 0.032 6.07 351.0
2455827.63082 18.198 0.032 6.41 421.0
2455829.60000 18.259 0.021 4.73 367.0
2455831.60752 18.315 0.028 5.79 401.0
2455834.49109 18.279 0.023 4.29 349.0
2455836.59798 18.243 0.030 5.00 548.0
2455840.62450 18.243 0.037 5.90 661.0
2455842.60323 18.254 0.046 7.03 673.0
2455842.61430 18.145 0.038 6.38 694.0
2455845.49221 18.342 0.043 6.95 553.0
2455850.54507 18.287 0.030 5.69 435.0
2455852.57388 18.136 0.036 6.42 602.0
2455859.49993 18.156 0.040 6.87 628.0
2455978.86813 18.238 0.027 5.81 350.0
2455983.86446 18.348 0.021 4.15 340.0
2455986.86156 18.235 0.023 5.28 361.0
2455989.84680 18.224 0.027 6.11 303.0
2455991.90823 18.268 0.033 4.08 1241.0
2455994.84906 18.289 0.025 4.03 591.0
2455996.87488 18.233 0.020 3.96 413.0
2455998.88804 18.188 0.021 4.37 401.0
2456004.77792 18.275 0.030 6.03 416.0
2456006.76666 18.291 0.025 5.02 335.0
2456007.89364 18.215 0.019 4.48 280.0
2456009.82941 18.253 0.019 3.78 380.0
2456011.75094 18.236 0.028 5.72 382.0
2456012.88691 18.246 0.018 4.01 246.0
2456014.79906 18.229 0.020 4.67 287.0
2456015.90655 18.212 0.017 3.95 271.0
2456017.81034 18.207 0.016 3.49 278.0
2456019.72601 18.251 0.033 6.51 422.0
2456020.78368 18.173 0.019 4.20 336.0
2456021.84482 18.234 0.019 4.11 328.0
2456022.92861 18.240 0.043 5.17 1455.0
2456025.75737 18.220 0.029 5.31 579.0
2456031.89204 18.254 0.030 5.72 418.0
2456033.87118 18.284 0.019 3.83 334.0
2456036.83600 18.201 0.016 3.25 311.0
2456038.85962 18.219 0.019 4.05 337.0
2456040.92411 18.200 0.023 4.76 415.0
2456047.84817 18.199 0.022 4.47 364.0
2456049.80931 18.240 0.016 3.12 306.0
2456051.66836 18.268 0.028 5.04 557.0
2456053.71521 18.272 0.029 4.06 803.0
2456058.73454 18.237 0.035 6.96 392.0
2456059.72516 18.208 0.023 5.05 348.0
2456061.87957 18.286 0.028 5.62 437.0
2456063.82068 18.276 0.029 6.15 331.0
2456065.68945 18.240 0.021 4.65 290.0
2456066.88928 18.253 0.022 4.08 404.0
2456068.61972 18.310 0.028 5.42 412.0
2456069.78872 18.125 0.017 4.04 315.0
2456070.85912 18.203 0.020 4.43 328.0
2456071.91391 18.211 0.035 7.13 345.0
2456076.67955 18.323 0.028 5.39 348.0
2456077.90483 18.253 0.025 5.11 389.0
2456079.60313 18.304 0.025 4.26 456.0
2456080.64958 18.283 0.026 4.53 518.0
2456081.68579 18.240 0.024 4.56 500.0
2456086.90135 18.243 0.031 5.63 529.0
2456089.67107 18.259 0.022 4.83 338.0
2456093.56878 18.244 0.023 5.16 323.0
2456094.69511 18.224 0.024 5.20 365.0
2456096.83279 18.277 0.025 4.93 392.0
2456098.63824 18.240 0.028 6.10 328.0
2456101.61665 18.214 0.023 4.85 404.0
2456102.67754 18.270 0.024 4.84 364.0
2456103.69937 18.251 0.023 4.45 342.0
2456104.76316 18.218 0.018 3.98 286.0
2456106.64145 18.245 0.036 7.23 367.0
2456108.87992 18.283 0.028 5.45 424.0
2456109.77017 18.226 0.040 4.79 1302.0
2456113.84260 18.303 0.033 4.61 851.0
2456115.55048 18.212 0.026 5.38 399.0
2456116.68840 18.212 0.021 4.82 302.0
2456117.76188 18.247 0.023 4.39 381.0
2456118.81157 18.173 0.022 4.64 391.0
2456120.51280 18.229 0.029 5.60 373.0
2456121.57994 18.180 0.016 4.18 222.0
2456123.71852 18.164 0.024 6.44 240.0
2456124.83406 18.204 0.026 5.75 378.0
2456126.59226 18.265 0.026 5.85 246.0
2456128.60260 18.186 0.020 4.93 270.0
2456132.74533 18.219 0.021 4.14 297.0
2456134.67796 18.248 0.032 7.06 288.0
2456136.76012 18.252 0.039 7.69 402.0
2456141.59934 18.263 0.036 6.23 573.0
2456150.56722 18.253 0.028 6.26 291.0
2456152.60769 18.162 0.021 5.78 224.0
2456159.68884 18.246 0.036 7.37 324.0
2456180.49221 18.125 0.038 8.53 377.0
2456182.61544 18.293 0.027 5.36 320.0
2456191.61515 18.255 0.021 4.09 306.0
2456196.58663 18.247 0.026 4.21 557.0
2456204.56705 18.134 0.024 4.97 409.0
2456211.55353 18.253 0.022 4.20 333.0
2456214.50114 18.277 0.026 5.15 365.0
2456218.57862 18.327 0.033 5.54 483.0
2456234.54678 18.284 0.033 5.65 487.0
2456342.83835 18.202 0.028 6.50 364.0
2456347.88428 18.208 0.022 4.99 342.0
2456351.83953 18.290 0.033 5.72 455.0
2456354.89163 18.318 0.024 4.35 429.0
2456359.89788 18.210 0.024 5.55 317.0
2456362.79705 18.168 0.024 5.54 362.0
2456368.79840 18.160 0.018 4.45 287.0
2456370.82183 18.271 0.020 4.50 304.0
2456373.78299 18.336 0.032 6.26 366.0
2456374.90604 18.228 0.022 5.35 320.0
2456376.86241 18.203 0.020 4.49 370.0
2456378.81699 18.291 0.021 3.59 528.0
2456380.75608 18.286 0.024 4.31 532.0
2456381.89115 18.213 0.018 3.89 388.0
2456386.83314 18.205 0.024 5.58 326.0
2456387.91761 18.307 0.035 6.22 474.0
2456388.72392 18.236 0.026 5.84 331.0
2456389.84314 18.227 0.021 4.63 335.0
2456390.91906 18.154 0.023 4.87 411.0
2456394.70724 18.245 0.036 7.07 445.0
2456396.70013 18.225 0.022 4.64 438.0
2456397.90228 18.205 0.018 3.94 303.0
2456399.83565 18.267 0.020 4.48 298.0
2456401.86348 18.227 0.018 3.85 321.0
2456403.77522 18.257 0.018 3.87 335.0
2456405.89290 18.180 0.015 3.30 329.0
2456407.91688 18.299 0.028 4.48 589.0
2456415.83190 18.183 0.024 5.88 322.0
2456417.74339 18.216 0.022 4.72 364.0
2456418.85422 18.196 0.018 3.84 306.0
2456420.69375 18.193 0.017 4.08 286.0
2456422.75231 18.283 0.021 4.51 312.0
2456424.67116 18.263 0.023 4.91 409.0
2456426.88433 18.201 0.020 4.58 350.0
2456431.65971 18.182 0.027 6.64 360.0
2456432.78427 18.149 0.020 5.25 341.0
2456434.60687 18.218 0.038 7.31 560.0
2456435.71820 18.186 0.020 3.90 496.0
2456436.81100 18.239 0.025 4.23 662.0
2456441.78142 18.131 0.030 5.81 653.0
2456442.85171 18.316 0.021 4.19 373.0
2456444.67073 18.278 0.029 6.36 556.0
2456444.76903 18.232 0.020 4.41 340.0
2456444.88852 18.268 0.024 4.60 475.0
2456445.56347 18.222 0.029 6.09 442.0
2456445.58984 18.169 0.031 7.19 405.0
2456445.60489 18.306 0.027 5.61 377.0
2456445.61881 18.301 0.028 6.06 361.0
2456445.63526 18.236 0.022 5.05 348.0
2456445.65022 18.245 0.022 5.08 344.0
2456445.66510 18.285 0.021 4.62 334.0
2456445.69228 18.214 0.021 4.89 355.0
2456445.70718 18.276 0.025 5.29 371.0
2456445.72220 18.280 0.023 5.09 363.0
2456445.73744 18.235 0.022 4.88 356.0
2456445.75417 18.281 0.020 4.16 340.0
2456445.76974 18.246 0.020 4.14 338.0
2456445.79107 18.176 0.024 5.33 396.0
2456445.81149 18.225 0.020 4.21 402.0
2456445.82664 18.208 0.021 4.54 394.0
2456445.84164 18.143 0.021 4.77 410.0
2456445.85665 18.199 0.020 4.41 389.0
2456445.87182 18.284 0.027 5.44 409.0
2456445.88686 18.167 0.023 4.95 415.0
2456445.90426 18.280 0.034 6.63 443.0
2456446.59529 18.179 0.018 4.39 326.0
2456446.70293 18.167 0.017 4.15 298.0
2456446.81385 18.196 0.016 3.29 344.0
2456446.86997 18.173 0.017 3.54 388.0
2456446.94390 18.232 0.025 4.25 791.0
2456447.57248 18.218 0.023 4.87 394.0
2456447.75663 18.199 0.020 4.27 314.0
2456447.94019 18.295 0.026 4.25 528.0
2456448.64004 18.217 0.020 4.72 312.0
2456449.68328 18.297 0.024 5.21 331.0
2456450.74909 18.251 0.017 3.75 342.0
2456451.81039 18.257 0.024 5.34 320.0
2456452.91999 18.215 0.020 4.49 366.0
2456455.56937 18.250 0.023 5.34 293.0
2456456.88151 18.241 0.018 3.82 323.0
2456458.70931 18.270 0.023 5.16 330.0
2456459.77485 18.236 0.018 3.68 331.0
2456461.64104 18.273 0.027 5.36 478.0
2456464.61729 18.173 0.027 5.10 588.0
2456468.71805 18.383 0.035 5.74 569.0
2456471.62525 18.219 0.027 6.40 357.0
2456473.68912 18.240 0.019 4.46 271.0
2456474.77417 18.260 0.025 4.98 440.0
2456477.53738 18.206 0.022 5.30 302.0
2456478.67190 18.304 0.024 5.59 399.0
2456480.73548 18.215 0.022 5.51 273.0
2456482.80535 18.297 0.041 7.60 473.0
2456485.74913 18.250 0.018 4.18 293.0
2456487.47374 18.165 0.021 4.53 475.0
2456489.61647 18.236 0.020 4.73 296.0
2456490.74015 18.196 0.019 4.03 329.0
2456492.53652 18.237 0.028 5.42 518.0
2456497.56031 18.265 0.031 5.94 497.0
2456498.68187 18.229 0.022 5.04 360.0
2456501.56306 18.322 0.029 6.19 335.0
2456505.64102 18.278 0.027 6.14 317.0
2456508.48556 18.307 0.032 6.78 364.0
2456509.69816 18.274 0.017 3.96 277.0
2456511.64256 18.225 0.020 4.54 295.0
2456515.61417 18.213 0.019 4.44 288.0
2456518.71384 18.228 0.018 4.23 288.0
2456526.65224 18.240 0.027 4.85 462.0
2456531.68167 18.244 0.026 5.79 335.0
2456534.64200 18.234 0.023 5.13 357.0
2456539.62619 18.212 0.016 3.57 444.0
2456545.51817 18.200 0.018 4.56 296.0
2456552.58328 18.212 0.036 6.89 516.0
2456560.54357 18.246 0.024 4.84 389.0
2456563.61127 18.260 0.026 5.54 331.0
2456567.55706 18.210 0.029 6.13 369.0
2456570.49638 18.260 0.027 5.69 345.0
2456572.60600 18.222 0.027 5.21 425.0
2456577.54262 18.300 0.040 4.70 1032.0
2456582.50475 18.274 0.031 5.14 543.0
2456585.50012 18.254 0.031 4.88 543.0
2456593.54768 18.358 0.035 5.97 455.0
2456599.52846 18.345 0.031 5.23 470.0
2456702.89276 18.237 0.034 4.77 1174.0
2456709.86654 18.239 0.024 5.22 488.0
2456715.83849 18.240 0.020 4.75 362.0
2456717.90272 18.285 0.038 5.56 979.0
2456720.85833 18.226 0.019 4.35 352.0
2456722.89488 18.222 0.019 4.07 427.0
2456725.79492 18.220 0.033 7.54 430.0
2456726.90597 18.285 0.023 4.14 522.0
2456728.90716 18.175 0.022 4.46 627.0
2456730.88035 18.192 0.038 9.10 344.0
2456733.79498 18.289 0.026 4.45 648.0
2456734.88852 18.301 0.021 4.17 474.0
2456736.81643 18.296 0.035 6.66 558.0
2456737.91664 18.252 0.033 4.23 1486.0
2456742.87342 18.207 0.017 4.00 344.0
2456745.78915 18.218 0.021 5.27 338.0
2456746.87276 18.244 0.023 5.97 327.0
2456750.90490 18.221 0.018 4.32 353.0
2456755.87085 18.211 0.019 4.59 351.0
2456759.71518 18.188 0.023 4.98 538.0
2456761.90277 18.165 0.018 3.61 428.0
2456764.89742 18.271 0.021 3.64 590.0
2456769.85999 18.175 0.018 3.94 437.0
2456772.72556 18.261 0.021 4.95 371.0
2456775.66924 18.222 0.019 4.41 374.0
2456777.91287 18.305 0.024 4.51 449.0
2456790.67094 18.170 0.028 4.74 620.0
2456792.62331 18.194 0.037 4.99 1134.0
2456796.90302 18.202 0.025 3.88 673.0
2456803.69649 18.219 0.022 5.17 256.0
2456804.93686 18.145 0.033 6.28 528.0
2456807.81561 18.189 0.029 6.01 333.0
2456809.70953 18.200 0.015 3.01 269.0
2456811.60307 18.187 0.032 6.42 432.0
2456814.62072 18.278 0.034 6.67 352.0
2456816.61237 18.278 0.038 6.90 432.0
2456817.93641 18.267 0.040 6.79 571.0
2456823.80236 18.166 0.025 4.30 588.0
2456823.80657 18.138 0.022 3.80 606.0
2456823.80763 18.185 0.025 3.82 151.0
2456825.64206 18.178 0.022 4.22 415.0
2456826.90817 18.140 0.025 4.30 677.0
2456828.79033 18.141 0.021 4.76 309.0
2456830.61695 18.150 0.018 3.71 342.0
2456832.64926 18.167 0.020 4.58 299.0
2456834.56168 18.099 0.027 5.79 428.0
2456835.85523 18.072 0.028 6.43 401.0
2456837.75255 18.064 0.021 4.62 408.0
2456839.59683 18.052 0.023 5.18 438.0
2456841.61241 18.040 0.019 4.50 403.0
2456844.53936 17.924 0.018 4.01 455.0
2456845.78097 17.875 0.015 3.92 345.0
2456851.57192 17.776 0.022 4.77 887.0
2456855.53893 17.851 0.019 5.52 324.0
2456856.80520 17.876 0.019 4.98 461.0
2456858.76556 17.932 0.016 4.58 315.0
2456863.65132 18.013 0.016 3.82 296.0
2456870.63974 18.122 0.020 4.83 290.0
2456880.66311 18.188 0.041 6.60 641.0
2456883.57368 18.217 0.021 4.51 241.0
2456887.49662 18.225 0.024 4.86 375.0
2456889.69013 18.211 0.025 5.47 282.0
2456895.65093 18.254 0.022 4.75 287.0
2456909.48546 18.226 0.043 7.06 538.0
2456919.50617 18.138 0.036 7.67 397.0
2456925.54372 18.146 0.028 6.00 355.0
2456930.54423 18.211 0.040 6.98 497.0
2456936.52539 18.208 0.027 4.94 546.0
2456940.49346 18.271 0.034 5.98 452.0
2456947.49243 18.230 0.033 5.64 532.0
2456951.51441 18.198 0.029 5.68 434.0
2456954.53665 18.289 0.035 6.02 516.0
2456959.53402 18.255 0.044 5.29 1031.0
