2456688.87597 19.834 0.158 5.27 991.0
2456689.87624 20.437 0.257 5.58 770.0
2456691.86984 20.030 0.143 5.11 614.0
2456692.87045 19.621 0.116 5.64 670.0
2456693.86325 19.970 0.154 5.77 765.0
2456693.88151 20.666 0.252 4.94 812.0
2456694.86342 20.434 0.255 6.21 636.0
2456694.88073 20.095 0.149 4.72 694.0
2456695.87471 20.609 0.245 5.36 661.0
2456696.86770 19.879 0.110 4.64 551.0
2456697.86418 19.823 0.133 5.84 533.0
2456698.87642 19.875 0.144 5.79 606.0
2456699.89168 20.140 0.204 4.19 1548.0
2456700.88348 19.989 0.134 4.70 616.0
2456701.88700 20.056 0.134 4.38 714.0
2456702.85894 19.931 0.135 4.56 859.0
2456703.84664 20.400 0.335 6.48 978.0
2456704.86279 20.422 0.207 4.72 794.0
2456705.86086 20.476 0.303 6.03 819.0
2456705.89237 21.086 0.515 5.70 874.0
2456707.85837 20.510 0.281 6.15 667.0
2456708.83591 19.826 0.116 4.52 739.0
2456708.88148 20.563 0.228 4.95 660.0
2456709.84714 20.309 0.195 5.30 681.0
2456709.89044 20.369 0.206 5.23 683.0
2456710.86340 20.232 0.168 4.23 888.0
2456711.84340 20.334 0.179 4.60 718.0
2456711.88502 20.261 0.167 4.68 705.0
2456714.87240 20.404 0.277 7.43 513.0
2456715.83169 19.915 0.107 4.98 483.0
2456715.87700 19.722 0.100 5.54 465.0
2456716.82379 19.941 0.121 5.37 539.0
2456716.86703 19.802 0.088 4.62 458.0
2456717.82615 20.035 0.153 5.85 546.0
2456717.87945 19.689 0.127 6.40 518.0
2456718.84397 19.774 0.137 6.11 553.0
2456718.89951 20.158 0.164 5.23 592.0
2456719.84162 20.558 0.235 5.16 591.0
2456719.88931 20.884 0.300 5.10 562.0
2456720.81746 20.462 0.195 5.15 540.0
2456720.86602 20.015 0.110 4.74 463.0
2456721.80096 19.567 0.117 6.17 596.0
2456721.84492 20.338 0.184 5.30 539.0
2456721.88962 20.101 0.128 4.92 509.0
2456722.82485 20.891 0.352 6.03 577.0
2456722.87380 21.019 0.341 5.25 543.0
2456723.79583 19.884 0.135 5.41 650.0
2456723.85034 20.711 0.214 4.11 581.0
2456723.89809 20.669 0.204 4.13 567.0
2456724.83069 19.974 0.166 6.46 564.0
2456724.87764 19.673 0.143 7.01 536.0
2456725.80504 19.727 0.120 6.06 529.0
2456725.85459 20.653 0.219 4.92 501.0
2456725.90045 20.575 0.241 5.52 550.0
2456726.81722 20.128 0.146 5.11 562.0
2456726.86863 20.209 0.167 5.34 546.0
2456726.91205 19.962 0.182 4.53 1215.0
2456727.82302 20.007 0.096 4.35 434.0
2456727.87216 20.349 0.133 4.75 410.0
2456728.78781 19.811 0.121 5.72 574.0
2456728.84079 20.569 0.180 4.90 459.0
2456728.88612 20.550 0.166 4.66 470.0
2456729.79329 20.400 0.195 4.78 709.0
2456729.84387 20.346 0.149 4.53 529.0
2456729.88902 20.310 0.145 4.57 474.0
2456730.79198 20.224 0.221 6.04 697.0
2456730.84320 20.076 0.216 7.22 570.0
2456730.89065 20.002 0.164 6.66 459.0
2456731.88897 20.308 0.265 6.99 567.0
2456732.80215 20.583 0.349 6.58 746.0
2456732.85155 20.345 0.255 6.00 700.0
2456732.89489 20.073 0.150 4.93 668.0
2456733.78787 21.222 0.439 4.79 799.0
2456733.83698 20.830 0.294 4.82 697.0
2456733.88054 19.959 0.111 4.11 635.0
2456734.76973 19.923 0.141 4.95 778.0
2456734.82117 19.985 0.122 4.34 666.0
2456734.86677 19.763 0.100 4.81 610.0
2456734.91089 20.502 0.182 3.86 702.0
2456735.79596 19.744 0.160 4.94 1385.0
2456735.86032 20.271 0.190 4.93 745.0
2456735.90359 20.306 0.156 3.95 741.0
2456736.77722 19.934 0.186 6.22 804.0
2456736.82616 20.401 0.235 5.66 684.0
2456736.88050 20.028 0.161 5.41 657.0
2456737.78707 20.435 0.210 4.98 752.0
2456737.83406 20.555 0.166 3.60 684.0
2456737.86670 20.155 0.128 3.99 679.0
2456737.91160 20.346 0.180 4.15 877.0
2456741.91535 20.869 0.237 3.58 714.0
2456742.79136 20.547 0.193 4.85 484.0
2456742.83812 20.302 0.124 3.97 482.0
2456742.88112 20.152 0.087 3.32 447.0
2456743.88065 20.572 0.266 5.20 787.0
2456744.80018 20.323 0.159 4.94 468.0
2456744.84726 20.264 0.144 4.87 470.0
2456744.89076 20.491 0.125 3.58 445.0
2456745.76620 20.039 0.140 5.46 458.0
2456745.78254 20.153 0.153 5.47 447.0
2456745.82764 20.134 0.132 4.90 423.0
2456745.87082 20.454 0.143 4.05 413.0
2456745.91475 20.300 0.169 5.10 482.0
2456746.77431 20.427 0.208 5.75 466.0
2456746.82101 20.394 0.156 4.68 442.0
2456746.86437 20.558 0.191 5.10 451.0
2456747.82810 20.418 0.155 4.62 465.0
2456747.87773 20.828 0.205 4.39 445.0
2456747.92186 20.040 0.183 5.18 940.0
2456748.80587 20.005 0.109 4.58 467.0
2456748.86327 20.243 0.131 4.49 457.0
2456749.73797 19.993 0.169 6.37 543.0
2456749.78280 19.886 0.116 5.25 494.0
2456749.82743 20.234 0.117 3.91 492.0
2456749.87946 20.353 0.128 3.98 474.0
2456750.75452 19.942 0.145 6.16 496.0
2456750.81143 20.152 0.149 5.43 469.0
2456750.91414 20.064 0.119 4.56 516.0
2456751.76399 20.391 0.171 5.32 463.0
2456751.82354 20.455 0.128 3.83 437.0
2456751.87029 20.562 0.142 3.80 430.0
2456751.92012 20.629 0.181 3.58 633.0
2456752.75344 19.904 0.140 6.49 450.0
2456752.81311 20.381 0.152 4.74 438.0
2456752.85676 20.384 0.147 4.32 458.0
2456753.84035 19.979 0.162 6.71 462.0
2456754.72349 20.380 0.252 7.23 493.0
2456754.77267 20.417 0.193 5.63 459.0
2456754.81613 20.069 0.163 6.10 502.0
2456754.87926 20.205 0.168 5.57 488.0
2456755.73221 20.571 0.289 6.94 477.0
2456755.80607 20.101 0.172 6.41 470.0
2456755.86408 20.643 0.217 5.13 475.0
2456755.90996 20.209 0.140 4.69 504.0
2456756.72692 19.892 0.101 4.92 519.0
2456756.77599 19.922 0.094 4.67 426.0
2456756.83263 20.415 0.131 3.76 431.0
2456756.88576 20.883 0.246 4.38 448.0
2456757.70728 20.001 0.181 6.23 640.0
2456757.75247 20.280 0.179 5.41 524.0
2456757.81128 20.204 0.138 4.36 431.0
2456757.85846 20.687 0.218 4.78 449.0
2456757.90827 20.470 0.141 3.94 421.0
2456758.72214 19.869 0.146 5.69 640.0
2456758.77034 20.439 0.192 5.06 532.0
2456758.85320 20.093 0.174 6.64 453.0
2456758.90505 19.945 0.149 6.46 453.0
2456759.70857 19.743 0.112 5.15 674.0
2456759.75560 20.128 0.143 4.77 592.0
2456759.81269 20.029 0.105 3.91 527.0
2456759.86793 20.438 0.119 3.42 470.0
2456759.91383 20.260 0.104 3.39 482.0
2456760.70985 20.247 0.166 5.17 659.0
2456760.76094 19.933 0.113 4.49 595.0
2456760.81861 20.523 0.140 3.23 537.0
2456760.86443 20.454 0.118 3.10 503.0
2456760.90998 19.918 0.089 4.12 441.0
2456760.92410 20.422 0.161 3.59 690.0
2456761.72287 19.888 0.143 5.56 708.0
2456761.77139 20.156 0.165 5.11 607.0
2456761.81488 20.236 0.143 4.09 577.0
2456761.86107 20.230 0.137 4.03 552.0
2456761.92605 20.623 0.310 4.58 1055.0
2456762.73139 20.166 0.185 4.79 882.0
2456762.78471 20.204 0.128 4.47 468.0
2456762.87509 20.472 0.115 3.19 455.0
2456762.92133 20.534 0.219 3.54 1004.0
2456763.71924 20.197 0.164 4.86 789.0
2456763.76868 19.922 0.124 4.39 724.0
2456763.81343 20.586 0.213 3.96 702.0
2456763.87118 20.042 0.149 4.40 725.0
2456763.92616 20.453 0.218 3.45 1182.0
2456764.71437 20.069 0.158 4.51 920.0
2456764.77002 20.241 0.127 3.40 750.0
2456764.81564 20.408 0.159 3.69 730.0
2456764.85875 20.029 0.123 3.79 743.0
2456764.90474 20.316 0.149 3.57 747.0
2456764.91932 20.527 0.172 3.42 766.0
2456765.72498 19.980 0.151 4.48 921.0
2456765.77010 20.160 0.142 3.92 787.0
2456765.80092 20.212 0.132 3.59 708.0
2456765.85620 20.140 0.137 3.82 776.0
2456765.89800 20.039 0.123 4.11 710.0
2456768.68564 20.902 0.359 5.86 689.0
2456768.72622 20.213 0.189 4.18 1206.0
2456768.77085 20.195 0.165 3.66 1075.0
2456768.82011 20.233 0.173 4.20 835.0
2456768.87820 20.394 0.158 4.04 543.0
2456768.92674 20.228 0.127 3.42 711.0
2456769.70142 20.352 0.148 4.55 537.0
2456769.75037 19.990 0.113 4.58 525.0
2456769.79467 20.218 0.156 4.98 546.0
2456769.83847 19.823 0.090 4.07 536.0
2456769.88288 20.337 0.145 3.84 583.0
2456769.92624 20.494 0.189 3.89 703.0
2456770.71048 20.151 0.113 3.75 495.0
2456770.75427 20.734 0.234 4.65 502.0
2456770.79783 20.057 0.108 3.88 519.0
2456770.84169 20.327 0.147 4.13 519.0
2456770.88824 19.929 0.110 4.24 531.0
2456771.68989 20.815 0.225 4.30 470.0
2456771.73554 20.058 0.110 4.34 450.0
2456771.79564 20.214 0.126 4.07 505.0
2456771.85433 20.435 0.205 5.15 566.0
2456771.89940 20.206 0.124 3.42 595.0
2456772.67483 20.518 0.230 5.70 535.0
2456772.72056 20.240 0.134 4.47 488.0
2456772.78325 20.296 0.144 4.70 464.0
2456772.82682 20.264 0.125 4.36 479.0
2456772.88565 20.463 0.143 3.78 490.0
2456772.92926 20.827 0.297 4.27 811.0
2456773.71538 20.184 0.207 6.32 550.0
2456773.76465 20.260 0.183 5.90 486.0
2456773.81819 19.877 0.159 7.19 474.0
2456773.87417 20.026 0.136 5.61 474.0
2456773.91742 20.029 0.114 4.50 475.0
2456774.69832 19.885 0.131 5.61 524.0
2456774.74620 20.234 0.187 5.87 505.0
2456774.79166 19.882 0.165 6.96 504.0
2456774.83511 20.106 0.201 7.23 517.0
2456775.67875 20.357 0.148 4.56 467.0
2456775.72729 20.035 0.091 3.79 458.0
2456775.78767 20.135 0.110 4.47 449.0
2456775.84213 20.535 0.167 4.83 434.0
2456775.89858 20.217 0.142 4.68 475.0
2456776.66070 20.052 0.161 5.90 556.0
2456776.77914 19.778 0.119 5.50 621.0
2456776.82816 20.354 0.178 5.83 502.0
2456776.88762 19.774 0.104 4.82 526.0
2456777.72814 20.498 0.188 4.48 550.0
2456777.77852 19.976 0.103 4.54 449.0
2456777.82428 20.507 0.195 4.88 527.0
2456777.90787 20.287 0.169 4.57 588.0
2456777.93512 19.884 0.137 4.77 773.0
2456784.64953 20.757 0.249 4.83 591.0
2456784.70774 20.389 0.180 4.97 541.0
2456784.75870 19.948 0.109 4.44 523.0
2456784.80728 20.161 0.109 3.83 512.0
2456784.85903 20.575 0.273 5.90 578.0
2456784.90391 20.473 0.171 4.12 584.0
2456785.63544 20.439 0.161 3.80 595.0
2456785.68449 20.333 0.127 3.48 522.0
2456785.73185 20.734 0.169 3.38 490.0
2456785.78663 20.456 0.119 3.29 476.0
2456785.84387 20.233 0.120 3.57 554.0
2456785.90041 20.503 0.165 3.71 577.0
2456786.64632 20.750 0.190 3.67 492.0
2456786.69262 20.251 0.123 3.57 518.0
2456786.75043 20.110 0.092 3.10 525.0
2456786.80594 20.372 0.101 3.01 502.0
2456786.83170 20.411 0.150 3.69 554.0
2456786.87663 20.598 0.198 4.23 566.0
2456786.92296 20.204 0.138 3.94 602.0
2456787.72770 20.116 0.121 3.28 800.0
2456787.79122 20.242 0.132 3.63 655.0
2456787.83678 20.081 0.119 3.59 688.0
2456788.81012 20.828 0.340 3.88 1076.0
2456789.64885 20.337 0.241 5.93 730.0
2456789.69274 20.298 0.163 4.35 653.0
2456789.73638 20.202 0.169 5.00 638.0
2456789.78097 20.142 0.114 3.56 621.0
2456789.82833 20.508 0.196 3.87 736.0
2456789.89117 20.326 0.164 4.30 662.0
2456789.93964 20.922 0.397 4.17 1320.0
2456790.65045 19.961 0.175 5.47 856.0
2456790.69420 20.075 0.152 4.60 724.0
2456790.73774 20.528 0.194 4.19 692.0
2456790.78491 20.252 0.150 4.12 678.0
2456790.83550 20.484 0.193 3.92 760.0
2456790.88059 19.929 0.164 5.33 820.0
2456790.93360 20.497 0.281 5.69 774.0
2456791.64302 20.521 0.337 5.58 1029.0
2456791.68916 20.364 0.233 4.94 881.0
2456791.73604 19.889 0.118 4.12 796.0
2456791.78242 20.546 0.197 3.67 807.0
2456791.83019 19.978 0.146 3.80 1110.0
2456791.87733 20.695 0.292 4.42 943.0
2456791.92178 20.697 0.261 3.83 1003.0
2456792.63040 19.871 0.174 5.03 1282.0
2456792.67709 19.977 0.160 4.49 1061.0
2456792.72078 20.431 0.194 3.75 970.0
2456792.76469 20.070 0.142 3.88 996.0
2456792.80312 20.451 0.283 4.05 1904.0
2456792.84447 20.258 0.164 3.54 1029.0
2456792.88349 20.439 0.231 4.22 1077.0
2456792.91837 20.274 0.211 4.55 1143.0
2456796.60615 20.178 0.206 5.73 768.0
2456796.65029 19.966 0.129 4.22 663.0
2456796.69848 20.363 0.181 3.77 777.0
2456796.74214 19.972 0.121 3.74 800.0
2456796.78977 20.515 0.201 4.35 673.0
2456796.83907 20.404 0.173 4.33 618.0
2456796.88390 20.320 0.162 4.00 718.0
2456796.92824 20.188 0.178 4.61 836.0
2456797.62760 20.209 0.197 5.16 686.0
2456797.66401 20.347 0.256 5.36 859.0
2456797.71817 19.930 0.173 4.44 1181.0
2456797.76748 19.986 0.146 4.48 840.0
2456797.81393 20.370 0.260 4.73 1169.0
2456797.85746 20.677 0.301 4.34 1114.0
2456797.89655 20.081 0.184 4.85 1007.0
2456797.93558 20.210 0.282 5.17 1564.0
2456798.67331 20.462 0.349 6.69 812.0
2456798.75786 20.010 0.190 6.62 536.0
2456798.82067 19.669 0.143 6.60 562.0
2456798.86347 20.360 0.277 6.68 620.0
2456799.78463 20.431 0.315 7.46 498.0
2456799.85890 19.638 0.150 7.17 541.0
2456799.91668 20.011 0.228 7.18 621.0
2456803.62819 19.986 0.140 6.30 407.0
2456803.69214 20.197 0.134 5.38 387.0
2456803.74037 20.169 0.107 4.43 383.0
2456803.79093 20.291 0.146 4.59 499.0
2456803.83964 20.700 0.227 4.68 526.0
2456803.88054 20.240 0.127 4.47 455.0
2456803.91855 20.753 0.237 4.82 517.0
2456804.57678 20.603 0.221 5.58 465.0
2456804.61708 20.471 0.172 4.94 440.0
2456804.66539 20.675 0.207 4.89 446.0
2456804.71887 20.426 0.128 3.96 425.0
2456804.76774 20.450 0.162 4.57 452.0
2456804.82281 20.025 0.117 4.50 486.0
2456804.86732 20.247 0.202 6.05 522.0
2456804.90891 20.350 0.201 5.47 572.0
2456804.94335 19.986 0.221 5.78 1148.0
2456805.62072 20.249 0.186 5.99 481.0
2456805.67039 20.568 0.314 6.98 517.0
2456805.71694 20.367 0.164 5.03 454.0
2456805.78437 20.425 0.174 4.93 469.0
2456805.82816 20.283 0.155 4.74 506.0
2456805.87162 20.768 0.277 5.15 552.0
2456805.91550 20.552 0.284 6.01 638.0
2456806.85110 20.172 0.161 5.56 478.0
2456806.89748 20.270 0.210 6.17 540.0
2456807.63784 20.085 0.207 7.22 492.0
2456807.69934 19.743 0.120 6.00 469.0
2456807.74920 19.807 0.129 6.06 470.0
2456807.79658 20.251 0.178 5.61 468.0
2456807.84137 20.399 0.206 5.38 495.0
2456807.88527 20.343 0.216 5.78 534.0
2456807.92923 19.645 0.145 6.67 601.0
2456808.59878 20.286 0.215 6.15 553.0
2456808.64461 19.839 0.104 4.74 496.0
2456808.69127 20.283 0.125 3.98 481.0
2456808.75881 20.205 0.109 3.69 471.0
2456808.80419 20.147 0.114 4.26 453.0
2456808.84970 20.379 0.143 4.23 483.0
2456808.89402 20.265 0.149 4.74 501.0
2456809.58931 20.456 0.193 5.45 523.0
2456809.64764 20.302 0.130 4.52 450.0
2456809.70514 20.244 0.086 3.22 398.0
2456809.76284 20.278 0.094 3.23 406.0
2456809.81824 20.500 0.147 4.14 454.0
2456809.87257 20.222 0.155 5.02 525.0
2456809.91457 20.346 0.201 5.27 639.0
2456810.58510 20.356 0.204 5.25 600.0
2456810.63229 20.060 0.130 4.76 517.0
2456810.67803 20.492 0.169 4.01 533.0
2456810.73478 20.273 0.112 3.60 486.0
2456810.79013 20.311 0.129 4.23 465.0
2456810.84415 20.324 0.153 4.38 551.0
2456810.88947 20.140 0.140 4.39 667.0
2456810.92981 19.777 0.150 5.64 804.0
2456811.58398 20.158 0.206 6.31 633.0
2456811.62818 20.023 0.159 5.98 517.0
2456811.67554 20.280 0.170 5.22 518.0
2456811.73188 20.409 0.166 4.51 532.0
2456811.79399 20.349 0.205 5.34 593.0
2456811.84020 20.352 0.185 4.77 632.0
2456811.88864 20.259 0.197 5.10 704.0
2456811.93001 20.023 0.229 6.74 781.0
2456813.67294 20.208 0.168 5.60 470.0
2456813.72230 20.155 0.143 5.22 437.0
2456813.78303 20.191 0.147 5.28 413.0
2456813.83643 20.307 0.159 5.16 432.0
2456813.88726 19.993 0.122 5.16 467.0
2456813.92927 20.479 0.212 5.08 578.0
2456814.61627 20.194 0.191 6.34 490.0
2456814.67488 20.243 0.114 4.20 410.0
2456814.75243 20.201 0.109 3.97 415.0
2456814.79786 20.111 0.129 5.07 428.0
2456814.84218 20.035 0.123 5.07 442.0
2456814.88786 20.107 0.161 5.72 519.0
2456814.92954 19.799 0.157 6.69 603.0
2456815.59701 20.058 0.166 5.98 527.0
2456815.64388 20.117 0.157 5.47 503.0
2456815.69187 20.304 0.182 5.45 502.0
2456815.77054 19.928 0.109 4.70 469.0
2456815.82415 20.226 0.139 4.37 518.0
2456815.87471 20.290 0.144 4.13 560.0
2456815.91941 19.996 0.137 4.59 699.0
2456816.58542 19.644 0.139 6.77 597.0
2456816.64747 19.951 0.147 5.67 560.0
2456816.71326 20.088 0.151 5.43 519.0
2456816.76945 20.048 0.148 5.36 548.0
2456816.82401 20.020 0.138 5.53 473.0
2456816.87379 20.159 0.162 5.58 504.0
2456817.58841 19.816 0.142 6.05 664.0
2456817.63560 20.220 0.141 4.59 564.0
2456817.68488 20.031 0.133 5.29 541.0
2456817.73536 20.354 0.159 4.45 580.0
2456817.78029 20.086 0.131 4.66 574.0
2456817.83404 20.364 0.188 5.24 556.0
2456817.88777 19.897 0.165 6.30 633.0
2456818.57452 20.333 0.186 4.54 649.0
2456818.85538 19.726 0.145 5.69 794.0
2456819.56796 19.696 0.146 5.56 1001.0
2456819.60538 19.851 0.151 5.22 891.0
2456819.64269 20.166 0.202 4.48 1227.0
2456819.68246 20.097 0.236 4.54 1966.0
2456819.73229 20.034 0.171 5.23 791.0
2456819.77215 19.849 0.170 5.48 1001.0
2456819.82244 20.032 0.210 5.95 912.0
2456819.86761 20.202 0.245 5.95 919.0
2456823.70216 19.810 0.113 4.16 810.0
2456823.75292 19.623 0.091 3.94 752.0
2456823.79634 19.640 0.093 4.20 745.0
2456823.84165 19.760 0.106 4.14 826.0
2456823.88635 19.909 0.128 3.93 1001.0
2456824.54698 19.718 0.150 5.69 863.0
2456824.59528 19.804 0.152 5.52 764.0
2456824.64810 19.685 0.118 4.75 832.0
2456824.69924 19.809 0.123 4.86 713.0
2456824.76732 19.672 0.086 4.10 660.0
2456824.81205 19.756 0.112 4.72 720.0
2456824.85690 19.526 0.110 5.30 841.0
2456824.89897 19.762 0.157 5.50 987.0
2456825.56393 19.594 0.086 4.54 526.0
2456825.60774 19.447 0.076 4.40 582.0
2456825.65238 19.457 0.072 4.13 548.0
2456825.70888 19.598 0.079 3.84 594.0
2456825.76479 19.532 0.077 3.98 598.0
2456825.80958 19.670 0.100 4.24 735.0
2456825.85433 19.725 0.135 5.11 871.0
2456825.90031 19.392 0.086 4.22 985.0
2456826.54257 19.054 0.072 5.93 555.0
2456826.58762 19.271 0.071 4.86 540.0
2456826.63119 19.075 0.055 4.89 498.0
2456826.68627 19.127 0.045 3.55 527.0
2456826.74400 19.259 0.062 4.25 571.0
2456826.78842 19.261 0.056 3.95 541.0
2456826.85581 19.341 0.070 4.36 611.0
2456826.89633 19.013 0.063 4.61 859.0
2456827.55824 18.759 0.038 4.11 513.0
2456827.60340 18.736 0.036 3.96 548.0
2456827.64790 18.753 0.034 3.92 526.0
2456827.73780 18.713 0.033 3.96 470.0
2456827.78280 18.620 0.035 4.80 489.0
2456827.82758 18.594 0.034 4.64 513.0
2456827.87029 18.665 0.047 5.24 695.0
2456828.54576 18.487 0.038 5.85 523.0
2456828.59163 18.481 0.029 4.87 415.0
2456828.63718 18.583 0.028 4.33 406.0
2456828.69381 18.617 0.026 3.80 405.0
2456828.76191 18.560 0.028 4.21 430.0
2456828.81539 18.701 0.035 4.70 444.0
2456828.85910 18.675 0.039 4.98 528.0
2456828.89558 18.487 0.047 6.20 697.0
2456829.54551 16.699 0.010 6.65 520.0
2456829.59003 17.097 0.014 6.79 459.0
2456829.64405 17.494 0.016 5.87 418.0
2456829.70138 17.786 0.020 5.71 417.0
2456829.74572 17.921 0.021 5.35 409.0
2456829.78986 18.016 0.023 5.51 438.0
2456829.83325 18.180 0.026 5.12 470.0
2456829.87486 18.269 0.042 5.92 889.0
2456830.55054 18.800 0.049 5.18 586.0
2456830.59767 18.823 0.046 5.14 524.0
2456830.65152 18.907 0.032 3.43 458.0
2456830.70949 18.962 0.031 3.37 414.0
2456830.75442 18.925 0.035 3.78 441.0
2456830.79859 18.869 0.039 4.38 486.0
2456830.85071 18.960 0.046 4.09 638.0
2456831.52997 19.042 0.062 4.36 990.0
2456831.61758 19.195 0.041 3.40 452.0
2456831.66074 19.151 0.042 3.69 444.0
2456831.72947 19.205 0.046 3.86 466.0
2456831.77419 19.221 0.050 4.26 459.0
2456831.86484 19.472 0.112 6.22 665.0
2456832.52225 19.413 0.072 4.66 540.0
2456832.57368 19.295 0.063 4.69 469.0
2456832.61835 19.439 0.077 5.10 463.0
2456832.68622 19.361 0.063 4.60 447.0
2456832.73196 19.386 0.069 4.94 469.0
2456832.77700 19.482 0.084 5.12 534.0
2456832.82258 19.193 0.078 5.85 648.0
2456833.52681 19.622 0.125 6.08 678.0
2456833.57212 19.292 0.087 6.03 592.0
2456833.62225 19.573 0.102 6.10 497.0
2456833.68951 19.634 0.085 4.71 508.0
2456833.73574 19.547 0.082 4.70 557.0
2456833.77958 19.780 0.105 4.48 677.0
2456833.82372 19.877 0.152 5.34 798.0
2456833.86318 19.582 0.137 5.69 980.0
2456834.52668 19.467 0.106 5.80 643.0
2456834.56997 19.649 0.113 5.95 503.0
2456834.61354 19.448 0.085 5.15 540.0
2456834.66725 19.719 0.081 4.24 476.0
2456834.72354 19.746 0.087 4.29 480.0
2456834.76823 19.704 0.106 5.30 520.0
2456834.81251 19.539 0.117 6.55 590.0
2456834.85716 19.310 0.127 6.97 836.0
2456835.54767 19.471 0.100 5.91 509.0
2456835.59270 19.854 0.114 5.02 470.0
2456835.63646 19.752 0.109 5.52 475.0
2456835.70195 19.767 0.096 4.74 459.0
2456835.74637 19.925 0.110 4.91 443.0
2456835.79044 19.946 0.130 5.58 485.0
2456835.83463 19.895 0.162 6.96 533.0
2456836.49217 20.311 0.293 7.22 649.0
2456836.54792 19.608 0.118 5.89 576.0
2456836.60020 19.660 0.110 5.80 502.0
2456836.64987 19.815 0.105 5.09 457.0
2456836.70314 19.957 0.136 5.89 447.0
2456836.75010 19.914 0.127 5.58 482.0
2456836.79435 19.828 0.138 6.07 535.0
2456836.83871 19.898 0.199 7.17 677.0
2456837.49402 19.438 0.088 4.87 789.0
2456837.53785 19.911 0.108 4.29 634.0
2456837.58111 19.924 0.089 3.73 542.0
2456837.62457 19.950 0.093 3.90 529.0
2456837.68966 20.170 0.126 4.54 450.0
2456837.73319 19.936 0.115 4.47 562.0
2456837.77767 20.042 0.125 4.37 600.0
2456837.82171 20.019 0.143 5.17 607.0
2456837.85821 20.268 0.214 5.40 759.0
2456838.51876 19.892 0.140 5.51 581.0
2456838.56453 20.501 0.270 6.21 560.0
2456838.60975 20.066 0.126 4.98 476.0
2456838.66477 19.924 0.113 5.23 432.0
2456838.71944 20.222 0.129 4.27 484.0
2456838.76307 20.149 0.134 4.61 509.0
2456838.80732 20.198 0.195 6.01 578.0
2456838.84752 20.597 0.307 6.09 633.0
2456839.51662 19.857 0.112 4.77 566.0
2456839.56303 20.032 0.134 5.20 497.0
2456839.60687 19.934 0.127 5.13 542.0
2456839.65285 20.032 0.119 4.46 548.0
2456839.72028 19.789 0.115 5.21 569.0
2456839.76416 20.186 0.169 5.42 563.0
2456839.80907 20.191 0.167 4.99 641.0
2456839.84608 19.956 0.174 5.86 788.0
2456840.54677 19.653 0.138 6.73 602.0
2456840.59233 20.349 0.203 5.63 573.0
2456840.64454 20.493 0.227 5.74 502.0
2456840.71117 19.509 0.115 7.01 472.0
2456840.75468 20.440 0.171 4.96 454.0
2456840.79850 20.032 0.164 6.32 488.0
2456841.53842 19.794 0.126 4.97 828.0
2456841.59311 20.243 0.152 4.41 673.0
2456841.64878 20.283 0.165 4.86 602.0
2456841.70426 20.101 0.130 4.88 475.0
2456841.74738 20.437 0.175 4.85 515.0
2456841.79161 20.070 0.150 5.40 570.0
2456841.83131 20.366 0.227 6.15 583.0
2456842.51995 20.097 0.214 6.72 697.0
2456842.56407 20.194 0.189 5.85 586.0
2456842.60736 19.923 0.129 5.39 537.0
2456842.67227 20.046 0.127 4.99 490.0
2456842.71622 20.203 0.149 5.24 471.0
2456842.76177 20.392 0.177 5.06 506.0
2456842.80550 20.174 0.159 5.44 565.0
2456844.47531 19.665 0.149 6.07 876.0
2456844.51885 20.380 0.192 4.68 663.0
2456844.56371 19.928 0.100 4.17 553.0
2456844.60725 20.006 0.128 4.90 558.0
2456844.66519 20.037 0.118 4.40 548.0
2456844.72153 20.228 0.138 4.49 533.0
2456844.76699 20.410 0.189 5.49 488.0
2456844.81037 20.354 0.183 5.53 521.0
2456844.84868 20.235 0.221 6.68 576.0
2456845.49337 20.105 0.136 4.44 673.0
2456845.53666 19.962 0.115 4.69 527.0
2456845.57971 20.230 0.129 3.98 576.0
2456845.62289 20.250 0.122 3.96 527.0
2456845.68687 20.249 0.126 3.67 565.0
2456845.73083 20.049 0.113 3.93 607.0
2456845.77465 20.342 0.147 4.42 516.0
2456845.81715 20.459 0.182 4.95 493.0
2456846.80049 19.548 0.143 4.53 1743.0
2456846.81160 20.537 0.229 4.86 688.0
2456846.83457 20.610 0.220 4.88 509.0
2456847.46430 19.960 0.208 5.06 1446.0
2456847.49673 20.158 0.262 4.40 2143.0
2456847.53399 19.814 0.151 4.02 1542.0
2456847.57279 20.055 0.138 4.30 819.0
2456847.60985 20.130 0.137 3.83 779.0
2456847.65147 21.746 0.948 3.79 1867.0
2456847.69035 20.343 0.331 3.94 2695.0
2456847.72781 20.630 0.322 3.69 1849.0
2456847.76500 20.333 0.197 3.95 1112.0
2456847.80231 21.344 0.506 4.52 887.0
2456848.58661 20.487 0.168 3.77 673.0
2456848.71397 20.273 0.166 4.18 730.0
2456848.75725 20.634 0.249 4.16 831.0
2456848.77311 20.021 0.175 5.59 739.0
2456848.79162 20.424 0.211 4.42 751.0
2456848.80923 21.194 0.463 4.43 888.0
2456848.82398 19.797 0.144 4.66 1039.0
2456848.83437 20.496 0.349 5.70 1123.0
2456848.83616 19.849 0.204 6.07 1081.0
2456848.83792 20.547 0.345 5.70 1030.0
2456848.84600 20.179 0.337 6.67 1297.0
2456849.62529 20.102 0.302 6.60 1205.0
2456849.63580 19.349 0.133 6.01 1179.0
2456849.64780 19.824 0.212 5.91 1186.0
2456849.65478 19.597 0.187 6.64 1184.0
2456849.66402 21.081 0.542 5.08 1174.0
2456850.51730 20.172 0.342 6.89 1351.0
2456850.53680 20.279 0.329 6.39 1232.0
2456850.55728 20.091 0.237 5.62 1192.0
2456850.57020 20.460 0.410 6.68 1232.0
2456850.57956 20.543 0.317 5.06 1182.0
2456850.59225 19.731 0.192 6.27 1173.0
2456850.60331 20.031 0.221 5.72 1133.0
2456850.63158 20.026 0.187 4.88 1080.0
2456850.64166 20.549 0.335 4.50 1510.0
2456850.67988 20.152 0.249 5.71 1106.0
2456850.69046 19.717 0.198 6.36 1284.0
2456850.70199 20.208 0.313 6.30 1295.0
2456850.71538 19.585 0.198 7.14 1273.0
2456850.72990 20.909 0.662 6.84 1336.0
2456850.74348 20.400 0.360 6.09 1325.0
2456850.75566 19.859 0.237 6.49 1322.0
2456850.76887 20.199 0.299 5.98 1390.0
2456850.78040 20.727 0.497 6.26 1324.0
2456850.79378 19.914 0.235 6.16 1398.0
2456850.80963 20.456 0.490 7.10 1597.0
2456851.46421 20.993 0.659 6.07 1666.0
2456851.48373 20.468 0.262 4.95 1066.0
2456851.50138 20.256 0.230 5.19 991.0
2456851.51617 20.383 0.238 4.87 983.0
2456851.53073 20.364 0.202 4.46 930.0
2456851.55116 20.163 0.168 4.46 918.0
2456851.56131 21.076 0.364 4.22 918.0
2456851.57882 20.515 0.208 4.05 900.0
2456851.59772 20.196 0.176 4.65 891.0
2456851.61935 20.002 0.163 4.88 905.0
2456851.64723 20.370 0.190 4.31 816.0
2456851.67102 20.092 0.159 4.53 832.0
2456851.69348 20.122 0.150 4.41 798.0
2456851.71501 20.010 0.140 4.22 857.0
2456851.74023 20.265 0.226 5.02 1009.0
2456851.76149 20.476 0.254 4.91 931.0
2456851.78629 20.237 0.225 5.50 991.0
2456851.80975 20.167 0.258 6.01 1093.0
2456852.46297 20.184 0.403 7.72 1499.0
2456852.47364 19.683 0.183 7.78 746.0
2456852.48384 20.250 0.272 7.04 717.0
2456852.49226 19.985 0.167 5.81 712.0
2456852.50235 19.866 0.167 5.88 811.0
2456852.51854 19.878 0.169 5.78 835.0
2456852.52953 20.856 0.443 6.03 861.0
2456852.54103 19.914 0.162 5.23 880.0
2456852.55098 20.552 0.283 5.12 911.0
2456852.56425 20.540 0.298 5.59 824.0
2456852.57553 19.989 0.218 5.45 1289.0
2456852.59059 19.947 0.137 4.87 760.0
2456852.59973 19.731 0.122 4.95 845.0
2456852.61250 20.200 0.178 4.93 773.0
2456852.62458 20.288 0.248 6.09 783.0
2456852.63511 20.230 0.234 6.16 757.0
2456852.64754 20.311 0.260 6.14 722.0
2456852.66266 20.030 0.208 6.18 790.0
2456852.67743 19.591 0.176 6.71 1136.0
2456852.69080 20.554 0.486 6.32 1576.0
2456852.70267 20.033 0.238 6.88 843.0
2456852.71375 19.984 0.176 5.47 804.0
2456852.72393 20.014 0.220 5.63 1176.0
2456852.73605 19.892 0.228 6.60 1094.0
2456852.74567 19.823 0.189 5.60 1255.0
2456852.76755 20.005 0.266 7.23 993.0
2456852.77890 20.491 0.417 7.13 1029.0
2456852.79334 20.453 0.365 6.64 1041.0
2456852.80204 20.955 0.548 6.65 1006.0
2456852.81083 20.672 0.459 6.85 1071.0
2456852.81696 20.545 0.480 6.87 1432.0
2456853.54304 19.444 0.144 7.81 667.0
2456853.55152 19.788 0.188 7.31 700.0
2456853.55614 19.931 0.251 7.25 961.0
2456853.58110 19.918 0.203 7.59 619.0
2456853.58894 20.331 0.327 7.38 787.0
2456853.59272 19.876 0.205 6.75 855.0
2456853.59972 20.328 0.328 6.66 1019.0
2456853.60521 20.381 0.268 6.61 593.0
2456853.61293 20.662 0.436 6.46 1062.0
2456853.67349 19.953 0.271 6.35 1596.0
2456853.68545 21.034 0.566 7.71 589.0
2456853.70362 19.998 0.206 7.43 602.0
2456853.71838 20.002 0.184 6.35 604.0
2456853.73229 19.828 0.178 7.24 629.0
2456853.75258 19.785 0.180 7.23 691.0
2456854.46129 18.828 0.107 6.61 1903.0
2456854.47026 19.229 0.087 5.96 755.0
2456854.48521 20.425 0.229 5.03 787.0
2456854.51643 20.253 0.171 4.68 723.0
2456854.53247 19.798 0.105 4.52 673.0
2456854.55110 19.775 0.104 3.78 957.0
2456854.67759 20.475 0.169 3.82 697.0
2456855.48385 20.029 0.163 5.53 574.0
2456855.53203 20.049 0.142 5.56 466.0
2456855.57672 19.632 0.118 6.64 428.0
2456855.62222 19.927 0.103 5.40 384.0
2456855.68823 20.240 0.129 4.48 413.0
2456855.73282 20.237 0.143 4.84 436.0
2456855.77933 20.377 0.164 5.08 448.0
2456855.81443 20.356 0.165 4.70 526.0
2456856.50023 19.901 0.147 6.02 547.0
2456856.54387 20.042 0.127 5.07 492.0
2456856.59860 20.494 0.168 4.68 436.0
2456856.65485 20.814 0.229 4.66 426.0
2456856.69855 20.288 0.133 4.05 471.0
2456856.74421 20.471 0.160 4.10 534.0
2456856.78649 20.222 0.176 5.77 633.0
2456857.48583 20.474 0.172 4.08 536.0
2456857.52729 20.166 0.125 3.91 518.0
2456857.57209 20.339 0.154 4.23 487.0
2456857.64006 20.037 0.091 3.77 383.0
2456857.68498 20.284 0.120 4.06 383.0
2456857.73272 20.388 0.135 3.99 422.0
2456857.77816 20.493 0.188 4.82 493.0
2456858.48346 20.264 0.142 4.65 478.0
2456858.52791 20.231 0.134 4.80 424.0
2456858.57231 20.527 0.134 3.51 421.0
2456858.63932 20.437 0.138 3.84 454.0
2456858.68359 20.309 0.112 3.67 431.0
2456858.72757 20.647 0.192 4.49 454.0
2456858.77186 20.393 0.150 4.36 467.0
2456859.58677 20.198 0.234 6.95 521.0
2456859.65599 20.520 0.183 4.45 493.0
2456859.70473 20.355 0.198 5.34 527.0
2456859.75067 20.295 0.221 6.16 583.0
2456862.56092 20.722 0.330 6.57 495.0
2456862.62850 20.182 0.166 5.66 501.0
2456862.67240 20.185 0.156 5.06 508.0
2456862.71912 20.585 0.221 5.10 521.0
2456862.76105 20.743 0.247 5.24 547.0
2456863.48642 20.527 0.181 4.60 532.0
2456863.53099 20.328 0.122 3.73 496.0
2456863.60159 20.099 0.087 3.79 407.0
2456863.64630 20.416 0.132 4.12 426.0
2456863.69141 20.618 0.172 4.36 453.0
2456863.73870 20.379 0.175 5.41 474.0
2456863.77819 21.067 0.368 5.72 539.0
2456864.50309 20.695 0.264 5.35 443.0
2456864.54886 20.025 0.121 5.41 387.0
2456864.61487 19.945 0.108 4.79 404.0
2456864.65997 20.330 0.150 4.76 416.0
2456864.70594 20.276 0.149 5.35 414.0
2456864.75536 20.305 0.175 5.59 444.0
2456865.54769 20.310 0.153 4.99 435.0
2456865.67206 20.368 0.172 5.18 439.0
2456866.55726 20.371 0.216 6.41 431.0
2456866.73040 20.197 0.169 5.88 452.0
2456866.76464 20.477 0.210 5.71 482.0
2456866.79883 20.305 0.201 5.83 559.0
2456882.48992 20.124 0.161 5.18 494.0
2456882.54778 20.304 0.188 5.58 459.0
2456882.59360 20.336 0.199 5.76 484.0
2456882.63945 20.373 0.142 3.99 490.0
2456882.68747 20.268 0.155 4.56 571.0
2456882.73368 20.090 0.179 6.01 630.0
2456883.47807 20.278 0.216 5.70 626.0
2456883.52171 20.076 0.142 5.09 513.0
2456883.56726 20.094 0.129 5.54 376.0
2456883.62975 20.263 0.214 5.84 635.0
2456883.65164 20.237 0.210 5.40 760.0
2456883.66854 20.499 0.243 4.90 736.0
2456883.68603 20.006 0.183 5.12 965.0
2456883.73086 20.295 0.246 6.01 718.0
2456884.69077 20.307 0.161 5.35 469.0
2456884.73090 19.731 0.147 7.12 550.0
2456885.50312 20.348 0.181 5.51 439.0
2456885.57198 20.485 0.174 4.69 413.0
2456885.61666 20.529 0.162 4.47 405.0
2456885.66715 20.528 0.162 4.47 433.0
2456885.71269 20.111 0.146 5.63 503.0
2456886.49012 20.559 0.246 5.61 529.0
2456886.55984 20.135 0.128 4.58 438.0
2456886.60507 20.366 0.162 4.69 474.0
2456886.65190 20.647 0.215 4.65 506.0
2456886.69810 20.260 0.179 5.28 622.0
2456887.47708 20.232 0.178 5.16 626.0
2456887.54327 20.173 0.137 4.87 451.0
2456887.59254 19.920 0.079 3.47 407.0
2456887.63956 20.501 0.158 4.73 389.0
2456887.68950 20.360 0.181 6.03 396.0
2456888.47515 20.397 0.164 4.27 578.0
2456888.54171 20.298 0.123 4.15 377.0
2456888.58802 20.210 0.142 4.96 442.0
2456888.63923 20.469 0.167 4.55 492.0
2456888.69081 20.400 0.207 5.66 533.0
2456889.49170 20.431 0.169 4.64 454.0
2456889.55834 20.479 0.164 4.89 384.0
2456889.60569 20.345 0.158 5.19 411.0
2456889.65294 20.133 0.120 4.93 396.0
2456889.69811 20.228 0.171 6.05 439.0
2456890.50242 20.174 0.148 5.28 432.0
2456890.56210 20.260 0.157 5.11 411.0
2456890.60873 20.036 0.143 5.80 401.0
2456890.65333 20.192 0.143 5.26 394.0
2456890.69547 19.975 0.155 6.78 404.0
2456891.47007 20.294 0.302 5.10 1478.0
2456891.50526 20.064 0.136 5.14 469.0
2456891.56397 20.922 0.233 4.38 430.0
2456891.61302 20.162 0.145 4.96 460.0
2456891.65857 20.183 0.171 5.86 469.0
2456891.70125 20.346 0.220 6.27 510.0
2456895.52827 20.304 0.137 4.43 456.0
2456895.58262 20.558 0.157 4.04 447.0
2456895.62944 20.385 0.161 4.81 436.0
2456895.67510 20.333 0.160 5.18 434.0
2456896.49809 20.456 0.177 4.55 503.0
2456896.56524 20.212 0.165 5.39 476.0
2456896.60924 20.106 0.131 5.00 457.0
2456898.47415 20.165 0.179 5.24 725.0
2456898.61342 20.047 0.195 6.44 634.0
2456900.48900 20.458 0.175 4.32 600.0
2456900.50874 20.499 0.194 4.98 581.0
2456900.52268 20.151 0.111 4.01 502.0
2456900.53662 20.340 0.140 4.11 551.0
2456907.47718 20.097 0.169 4.76 850.0
2456907.52720 20.067 0.129 4.51 593.0
2456907.57080 20.405 0.177 4.41 631.0
2456907.61404 20.796 0.339 5.32 687.0
2456907.65340 20.259 0.206 5.45 738.0
2456908.48024 20.156 0.267 5.74 1203.0
2456908.51027 19.961 0.172 5.76 700.0
2456908.52357 20.102 0.206 5.58 759.0
2456908.56255 19.922 0.125 4.59 664.0
2456908.61593 20.351 0.236 4.77 1002.0
2456908.64281 20.463 0.307 4.49 1655.0
2456909.52644 22.783 2.718 6.64 697.0
2456909.58317 20.358 0.265 5.53 732.0
2456909.62720 20.201 0.241 5.89 815.0
2456909.65126 19.572 0.172 6.72 950.0
2456910.57780 20.307 0.292 7.11 643.0
2456912.47757 20.681 0.333 5.36 860.0
2456912.51781 19.952 0.125 5.24 479.0
2456912.56791 20.342 0.180 5.07 545.0
2456912.61185 20.805 0.316 5.44 598.0
2456912.64487 20.145 0.185 5.57 673.0
2456915.51998 20.641 0.203 4.71 468.0
2456915.56302 20.470 0.196 5.21 483.0
2456915.60718 20.399 0.238 6.41 515.0
2456916.49934 20.273 0.179 4.74 663.0
2456918.48760 20.341 0.277 6.77 669.0
2456918.54509 20.249 0.185 5.33 598.0
2456918.58949 20.060 0.165 5.63 580.0
2456918.63793 20.115 0.262 7.44 697.0
2456919.52940 20.243 0.203 6.12 536.0
2456919.57324 20.199 0.171 5.63 487.0
2456920.51131 20.021 0.226 7.77 546.0
2456921.62851 20.216 0.159 6.06 478.0
2456922.50992 20.180 0.185 5.71 567.0
2456922.55372 20.407 0.229 5.83 538.0
2456922.59893 20.314 0.200 5.31 521.0
2456923.49931 20.490 0.318 6.99 553.0
2456923.54747 21.233 0.580 6.52 583.0
2456923.60333 20.976 0.553 7.00 697.0
2456924.51218 20.326 0.205 5.67 597.0
2456924.55569 20.747 0.274 5.08 599.0
2456924.60111 20.521 0.262 5.95 595.0
2456925.52309 20.322 0.245 6.42 513.0
2456925.56685 20.612 0.263 5.66 515.0
2456925.61229 20.105 0.178 5.78 551.0
2456926.51333 19.815 0.154 6.55 550.0
2456926.56223 20.167 0.161 5.32 512.0
2456926.60563 20.480 0.197 4.94 506.0
2456927.53821 20.091 0.200 6.50 568.0
2456927.58193 19.737 0.150 6.37 629.0
2456928.48222 20.239 0.311 7.48 701.0
2456928.54439 19.923 0.176 6.81 543.0
2456928.58912 20.131 0.256 7.99 543.0
2456929.52002 19.789 0.134 6.00 542.0
2456929.57596 20.239 0.196 5.78 590.0
2456930.48733 20.340 0.465 7.49 1492.0
2456930.53708 20.472 0.339 7.00 647.0
2456930.58858 20.019 0.185 6.05 665.0
2456936.50212 20.254 0.185 5.33 694.0
2456936.54908 20.397 0.273 6.51 799.0
2456937.50186 20.067 0.181 5.07 705.0
2456937.54616 19.932 0.160 5.31 711.0
2456938.48672 19.558 0.161 5.42 1378.0
2456938.53097 20.187 0.252 6.14 799.0
2456938.57338 20.118 0.220 5.16 965.0
2456940.48623 20.077 0.280 7.08 990.0
2456940.53564 19.729 0.157 6.35 740.0
2456941.49981 19.920 0.191 6.61 724.0
2456942.50536 19.980 0.153 5.45 634.0
2456942.54886 19.790 0.144 6.43 606.0
2456943.50395 20.193 0.244 6.63 670.0
2456944.48859 20.379 0.227 5.24 751.0
2456944.54125 20.330 0.218 6.29 523.0
2456947.50257 19.890 0.162 6.72 589.0
2456948.48961 19.780 0.208 6.33 1119.0
2456949.52687 19.758 0.172 6.98 592.0
2456950.53955 20.316 0.266 6.52 682.0
2456951.49066 19.861 0.165 5.04 1027.0
2456951.54838 20.112 0.191 5.94 689.0
2456953.49607 20.193 0.240 5.78 883.0
2456954.53176 20.123 0.220 6.41 711.0
2456955.52215 20.511 0.230 5.04 648.0
2456956.53762 20.387 0.271 5.63 680.0
