2455261.86451 18.158 0.024 4.12 534.0
2455262.90147 18.288 0.057 4.56 2657.0
2455270.86588 18.235 0.024 4.61 370.0
2455272.88224 18.212 0.032 6.36 349.0
2455274.86986 18.222 0.026 4.68 394.0
2455278.90405 18.232 0.025 4.77 422.0
2455282.81046 18.288 0.028 4.19 545.0
2455284.84917 18.277 0.038 5.54 594.0
2455295.85349 18.212 0.020 3.54 335.0
2455296.89407 18.146 0.020 4.09 328.0
2455298.77692 18.212 0.024 4.92 400.0
2455299.76161 18.231 0.022 4.82 329.0
2455300.87040 18.205 0.019 3.67 344.0
2455301.88039 18.234 0.024 4.71 387.0
2455313.80988 18.141 0.030 5.43 560.0
2455314.73994 18.192 0.040 5.14 837.0
2455315.67781 18.213 0.047 6.12 1119.0
2455323.73337 18.272 0.031 5.57 490.0
2455326.68818 18.271 0.027 4.80 377.0
2455327.85087 18.222 0.026 3.77 425.0
2455328.78057 18.236 0.022 3.96 399.0
2455334.61970 18.162 0.033 6.54 478.0
2455337.77188 18.138 0.022 4.62 386.0
2455338.76927 18.294 0.031 5.05 523.0
2455339.75106 18.250 0.028 4.71 543.0
2455340.68260 18.167 0.038 5.87 822.0
2455340.93937 18.122 0.040 6.48 854.0
2455341.87085 18.190 0.027 4.71 629.0
2455342.69780 18.223 0.030 4.65 643.0
2455343.71821 18.222 0.036 5.09 773.0
2455349.79662 18.238 0.032 4.66 836.0
2455351.90668 18.283 0.039 5.90 632.0
2455355.80346 18.176 0.033 5.27 494.0
2455357.82378 18.242 0.030 5.45 406.0
2455359.75850 18.250 0.029 5.55 458.0
2455362.57533 18.222 0.045 6.88 790.0
2455364.55438 18.218 0.033 6.01 497.0
2455364.78239 18.224 0.032 6.14 363.0
2455365.63725 18.236 0.032 5.78 455.0
2455368.64953 18.201 0.039 5.86 876.0
2455376.67426 18.199 0.034 5.68 631.0
2455376.86637 18.253 0.066 7.74 1060.0
2455377.56727 18.217 0.035 6.02 525.0
2455377.80356 18.185 0.032 5.82 531.0
2455379.52085 18.246 0.032 5.66 419.0
2455380.53237 18.228 0.026 5.23 348.0
2455380.72662 18.213 0.023 4.84 329.0
2455381.57798 18.192 0.039 7.06 483.0
2455381.80088 18.232 0.034 6.00 476.0
2455382.67042 18.250 0.034 6.39 370.0
2455384.77814 18.167 0.035 6.73 507.0
2455386.52868 18.209 0.025 4.23 452.0
2455387.57817 18.209 0.020 4.06 274.0
2455388.49611 18.254 0.034 6.15 426.0
2455390.72382 18.182 0.026 5.80 263.0
2455391.57133 18.255 0.033 6.87 318.0
2455392.50888 18.199 0.030 5.82 392.0
2455393.81544 18.283 0.044 8.49 401.0
2455396.79827 18.182 0.029 6.42 342.0
2455403.54644 18.233 0.029 4.14 817.0
2455403.74285 18.240 0.036 5.35 916.0
2455405.63264 18.247 0.037 5.89 440.0
2455407.48714 18.219 0.032 5.96 320.0
2455407.67999 18.215 0.036 6.46 396.0
2455408.60965 18.248 0.030 5.90 364.0
2455409.47244 18.184 0.033 6.10 507.0
2455410.47332 18.256 0.038 6.06 589.0
2455411.49116 18.197 0.026 5.72 327.0
2455412.54179 18.203 0.028 5.60 393.0
2455413.48197 18.212 0.037 6.79 468.0
2455414.50163 18.236 0.023 4.74 302.0
2455416.67541 18.250 0.028 5.53 299.0
2455421.50953 18.235 0.028 5.74 334.0
2455422.49352 18.235 0.032 6.00 384.0
2455423.58852 18.252 0.024 4.95 301.0
2455426.64777 18.180 0.039 5.31 965.0
2455430.64202 18.151 0.035 5.48 696.0
2455431.63926 18.213 0.036 5.90 601.0
2455432.65641 18.250 0.043 6.43 662.0
2455434.61186 18.245 0.029 4.29 488.0
2455435.60575 18.181 0.028 4.88 433.0
2455438.66890 18.205 0.025 4.71 396.0
2455439.68101 18.157 0.034 6.21 414.0
2455444.48920 18.189 0.032 6.51 385.0
2455445.54104 18.193 0.028 5.61 379.0
2455446.60504 18.260 0.028 5.26 338.0
2455447.63967 18.178 0.026 5.79 318.0
2455450.63582 18.299 0.033 5.72 417.0
2455458.50564 18.250 0.035 5.36 624.0
2455459.55490 18.224 0.026 4.06 515.0
2455460.56722 18.275 0.041 5.33 933.0
2455461.59558 18.153 0.033 5.68 573.0
2455463.51920 18.238 0.029 5.27 518.0
2455464.51126 18.187 0.032 6.15 467.0
2455467.48804 18.239 0.032 5.89 495.0
2455470.53192 18.225 0.029 5.06 412.0
2455472.49450 18.261 0.033 5.90 467.0
2455473.57259 18.184 0.027 5.33 401.0
2455478.54779 18.223 0.030 5.22 412.0
2455481.49415 18.192 0.042 6.01 813.0
2455486.51311 18.274 0.039 5.36 631.0
2455488.49757 18.177 0.028 4.15 723.0
2455490.50932 18.290 0.051 6.70 701.0
2455494.54136 18.182 0.044 6.31 876.0
2455499.51908 18.315 0.043 6.51 601.0
2455621.87155 18.254 0.025 5.00 373.0
2455630.85295 18.278 0.040 7.71 369.0
2455639.84720 18.151 0.027 5.33 517.0
2455641.78755 18.196 0.031 5.70 647.0
2455643.80114 18.237 0.033 5.62 621.0
2455648.83062 18.246 0.022 4.38 365.0
2455650.75049 18.206 0.025 5.92 336.0
2455651.91714 18.210 0.028 5.26 513.0
2455654.84565 18.181 0.023 5.40 303.0
2455656.81954 18.253 0.022 4.23 376.0
2455658.80426 18.303 0.030 6.06 320.0
2455659.86480 18.199 0.024 5.44 435.0
2455662.77235 18.235 0.031 6.41 379.0
2455664.86548 18.272 0.030 5.88 372.0
2455667.81488 18.182 0.021 4.34 402.0
2455677.80625 18.143 0.023 5.21 361.0
2455680.71272 18.211 0.034 6.54 368.0
2455683.86511 18.189 0.026 5.65 460.0
2455687.75536 18.218 0.025 5.33 379.0
2455690.76905 18.314 0.029 5.70 348.0
2455692.66768 18.236 0.031 5.94 480.0
2455693.79394 18.184 0.019 3.99 404.0
2455694.87874 18.187 0.026 4.88 477.0
2455696.66261 18.113 0.028 5.24 635.0
2455698.84534 18.204 0.028 3.89 895.0
2455705.90526 18.203 0.036 7.22 509.0
2455707.80564 18.167 0.024 4.86 401.0
2455708.90357 18.185 0.036 7.24 676.0
2455715.78088 18.253 0.024 5.10 325.0
2455721.59849 18.222 0.035 6.23 494.0
2455721.61099 18.233 0.028 5.25 462.0
2455721.62341 18.205 0.026 5.46 408.0
2455724.58765 18.182 0.035 5.89 620.0
2455724.60190 18.272 0.035 5.52 581.0
2455724.61445 18.203 0.034 5.80 546.0
2455726.55728 18.211 0.040 5.77 926.0
2455735.73457 18.174 0.024 5.29 365.0
2455736.82176 18.158 0.021 4.24 370.0
2455740.78106 18.132 0.023 5.19 358.0
2455744.55348 18.233 0.032 6.14 438.0
2455745.63031 18.183 0.027 5.74 354.0
2455749.56818 18.267 0.032 6.31 362.0
2455752.72566 18.127 0.026 6.40 361.0
2455761.50997 18.150 0.017 4.74 341.0
2455763.77678 18.200 0.034 6.49 530.0
2455768.51728 18.249 0.025 5.10 365.0
2455779.58860 18.155 0.021 4.52 348.0
2455787.64009 18.193 0.025 4.17 579.0
2455790.54079 18.203 0.025 5.47 345.0
2455805.50999 18.236 0.023 4.86 346.0
2455815.59544 18.230 0.026 4.87 572.0
2455818.48683 18.232 0.033 6.16 429.0
2455820.57333 18.239 0.029 5.38 447.0
2455823.52132 18.192 0.041 9.58 402.0
2455824.53260 18.318 0.028 5.17 371.0
2455825.51795 18.153 0.031 6.33 447.0
2455826.51169 18.251 0.034 6.56 399.0
2455834.49279 18.215 0.025 5.04 381.0
2455841.49140 18.191 0.040 6.34 658.0
2455845.49386 18.197 0.043 7.78 582.0
2455850.54671 18.231 0.030 5.69 471.0
2455854.49987 18.227 0.039 6.34 604.0
2455859.50155 18.191 0.046 7.59 647.0
2455986.87256 18.230 0.025 5.46 395.0
2455989.86154 18.302 0.039 7.57 332.0
2455992.81904 18.195 0.037 6.85 588.0
2455994.87144 18.227 0.029 4.96 591.0
2455996.87629 18.153 0.020 4.22 452.0
2456004.78890 18.190 0.032 6.43 456.0
2456006.77716 18.191 0.026 5.61 364.0
2456007.90456 18.257 0.020 3.99 339.0
2456009.84947 18.194 0.022 4.62 400.0
2456011.75701 18.205 0.036 7.16 434.0
2456012.89785 18.189 0.016 3.86 261.0
2456015.91811 18.273 0.029 4.05 773.0
2456017.82172 18.238 0.019 4.24 318.0
2456019.73723 18.193 0.030 5.91 444.0
2456020.81273 18.210 0.022 4.85 313.0
2456021.85585 18.175 0.019 4.27 342.0
2456023.79139 18.168 0.022 4.24 538.0
2456023.83250 18.177 0.023 4.15 512.0
2456023.85920 18.164 0.021 4.04 488.0
2456023.92494 18.227 0.038 4.28 1329.0
2456025.75880 18.273 0.033 5.39 636.0
2456031.91518 18.133 0.032 6.70 442.0
2456033.88478 18.187 0.022 4.46 370.0
2456038.87710 18.227 0.022 4.47 360.0
2456039.78357 18.298 0.033 6.64 358.0
2456041.71334 18.377 0.038 7.53 387.0
2456051.73204 18.127 0.025 5.10 498.0
2456053.72766 18.222 0.030 4.85 819.0
2456058.74694 18.195 0.026 5.60 431.0
2456059.73811 18.227 0.034 6.84 387.0
2456061.89254 18.234 0.033 6.32 487.0
2456065.70196 18.191 0.022 4.65 313.0
2456066.90182 18.286 0.023 4.40 427.0
2456068.63375 18.214 0.028 5.98 426.0
2456070.87192 18.264 0.026 5.39 361.0
2456071.92644 18.209 0.034 6.91 386.0
2456076.69222 18.194 0.021 4.42 367.0
2456079.61563 18.185 0.023 4.48 448.0
2456080.66228 18.179 0.025 4.62 551.0
2456081.70589 18.182 0.023 4.25 511.0
2456082.61349 18.305 0.057 6.83 1004.0
2456082.81800 18.258 0.042 5.26 1073.0
2456086.91649 18.200 0.040 6.68 650.0
2456089.68355 18.196 0.021 5.00 337.0
2456093.58138 18.245 0.028 6.08 346.0
2456094.71923 18.168 0.025 5.05 417.0
2456096.84571 18.242 0.034 6.71 438.0
2456098.65082 18.225 0.027 5.74 356.0
2456100.60208 18.136 0.029 6.32 437.0
2456101.62939 18.200 0.022 4.55 422.0
2456102.69213 18.208 0.026 5.06 418.0
2456103.71255 18.224 0.023 4.46 374.0
2456104.77573 18.134 0.020 5.32 304.0
2456106.65434 18.372 0.040 6.49 546.0
2456108.87695 18.229 0.027 5.54 438.0
2456109.78929 18.221 0.046 5.04 1705.0
2456113.85359 18.215 0.042 5.19 1407.0
2456115.56297 18.219 0.029 5.85 446.0
2456116.70097 18.234 0.025 5.64 338.0
2456117.77449 18.140 0.023 4.66 427.0
2456118.82412 18.179 0.026 5.49 439.0
2456120.52557 18.245 0.032 6.19 380.0
2456121.60763 18.136 0.017 4.48 251.0
2456123.73115 18.177 0.023 6.14 260.0
2456125.51571 18.208 0.028 5.81 399.0
2456126.60802 18.155 0.024 6.09 268.0
2456128.61920 18.216 0.020 4.31 303.0
2456132.72183 18.271 0.024 4.91 295.0
2456134.69182 18.306 0.035 7.37 314.0
2456140.48401 18.173 0.064 6.36 2394.0
2456141.61195 18.175 0.034 6.18 631.0
2456150.59149 18.364 0.037 7.17 300.0
2456159.70387 18.234 0.032 6.33 389.0
2456180.51068 18.230 0.027 5.65 378.0
2456182.63220 18.236 0.028 5.72 378.0
2456214.51759 18.261 0.030 6.03 370.0
2456219.51920 18.191 0.025 4.89 368.0
2456342.83976 18.211 0.036 8.59 385.0
2456347.88571 18.298 0.023 4.69 371.0
2456351.84094 18.193 0.034 6.51 509.0
2456354.89306 18.117 0.021 4.47 483.0
2456360.79958 18.142 0.021 4.97 386.0
2456362.87158 18.231 0.022 4.62 325.0
2456368.81059 18.176 0.020 4.69 316.0
2456370.83371 18.218 0.021 4.57 332.0
2456373.79415 18.223 0.030 6.48 388.0
2456374.91763 18.141 0.026 4.20 656.0
2456376.87668 18.170 0.018 3.91 358.0
2456378.82853 18.137 0.020 3.96 537.0
2456380.76723 18.159 0.022 4.55 559.0
2456381.90304 18.185 0.018 3.88 413.0
2456386.84637 18.281 0.028 5.78 345.0
2456389.84465 18.123 0.020 4.55 357.0
2456390.92065 18.149 0.025 4.57 522.0
2456394.72365 18.232 0.037 7.61 436.0
2456396.71277 18.180 0.024 5.44 437.0
2456397.91506 18.247 0.021 4.71 321.0
2456399.84831 18.172 0.024 5.68 307.0
2456401.87760 18.148 0.019 4.26 341.0
2456403.78917 18.177 0.016 3.85 314.0
2456405.90582 18.159 0.017 3.90 362.0
2456407.92956 18.110 0.031 5.04 820.0
2456417.75586 18.154 0.022 4.81 383.0
2456418.86688 18.221 0.021 4.30 317.0
2456420.70619 18.185 0.019 4.84 290.0
2456422.76466 18.201 0.020 4.58 331.0
2456424.68463 18.227 0.024 4.72 457.0
2456426.89795 18.151 0.019 4.48 358.0
2456431.67305 18.118 0.029 7.02 380.0
2456432.79877 18.175 0.023 5.53 360.0
2456434.61854 18.200 0.040 8.04 576.0
2456435.74167 18.194 0.023 4.28 539.0
2456436.82447 18.131 0.025 4.83 715.0
2456442.86496 18.185 0.019 4.11 398.0
2456445.63188 18.203 0.025 5.42 381.0
2456446.57901 18.176 0.023 5.34 382.0
2456447.62333 18.178 0.021 4.79 325.0
2456448.65355 18.180 0.026 6.00 330.0
2456449.69670 18.151 0.021 4.71 404.0
2456450.76289 18.128 0.017 3.88 359.0
2456451.82396 18.212 0.026 5.92 355.0
2456454.55601 18.313 0.032 6.64 382.0
2456455.58320 18.192 0.024 5.96 306.0
2456456.89503 18.160 0.018 4.17 362.0
2456458.72464 18.225 0.029 6.37 373.0
2456459.78885 18.174 0.020 4.15 395.0
2456461.65528 18.161 0.024 4.76 491.0
2456463.54139 18.240 0.043 8.87 639.0
2456464.63082 18.198 0.030 5.59 589.0
2456471.63876 18.294 0.034 6.63 453.0
2456473.70289 18.221 0.022 4.68 337.0
2456474.78771 18.210 0.028 5.51 482.0
2456475.86050 18.070 0.030 6.11 565.0
2456477.55114 18.157 0.024 5.64 329.0
2456479.56977 18.128 0.024 6.28 332.0
2456480.74903 18.192 0.027 6.60 301.0
2456483.58794 18.160 0.024 5.86 351.0
2456485.76620 18.139 0.020 4.75 351.0
2456487.48908 18.194 0.024 5.12 465.0
2456490.75389 18.188 0.021 4.33 346.0
2456492.55192 18.222 0.029 5.55 515.0
2456497.57389 18.226 0.031 6.00 540.0
2456498.69657 18.127 0.024 6.05 401.0
2456501.57676 18.188 0.025 5.72 322.0
2456505.65471 18.161 0.024 5.88 330.0
2456508.49911 18.227 0.034 7.66 376.0
2456509.71188 18.207 0.020 4.99 300.0
2456511.65845 18.249 0.021 4.55 313.0
2456515.63033 18.171 0.020 5.17 308.0
2456526.66893 18.163 0.028 5.25 540.0
2456532.48331 18.225 0.026 5.60 377.0
2456534.65820 18.293 0.030 6.40 347.0
2456539.64548 18.239 0.020 4.56 470.0
2456545.53222 18.206 0.019 4.47 311.0
2456553.54904 18.264 0.044 6.72 868.0
2456560.56038 18.159 0.025 5.19 435.0
2456563.62186 18.131 0.030 6.71 379.0
2456567.56901 18.251 0.033 6.45 402.0
2456570.53130 18.156 0.025 5.46 363.0
2456573.48920 18.143 0.028 5.77 483.0
2456582.50655 18.132 0.029 5.69 582.0
2456585.51509 18.142 0.031 5.37 579.0
2456599.53156 18.179 0.031 5.66 556.0
2456704.88911 18.085 0.027 5.04 951.0
2456709.86819 18.072 0.023 5.05 562.0
2456715.85305 18.032 0.018 4.96 394.0
2456717.90441 17.972 0.035 5.63 1487.0
2456720.87261 17.998 0.017 4.66 383.0
2456722.89652 18.015 0.018 4.27 471.0
2456725.79899 18.042 0.030 7.48 487.0
2456727.79576 17.958 0.020 5.67 435.0
2456728.90881 17.946 0.022 4.68 862.0
2456730.88456 17.984 0.025 7.08 361.0
2456733.79665 17.888 0.021 5.02 710.0
2456734.89020 17.865 0.016 4.21 502.0
2456736.83096 17.805 0.022 6.18 571.0
2456738.79736 17.891 0.032 4.88 1894.0
2456742.87511 17.828 0.013 3.99 369.0
2456747.81697 17.771 0.019 6.16 394.0
2456749.78757 17.703 0.015 4.97 402.0
2456751.87523 17.745 0.012 3.99 326.0
2456754.89883 17.776 0.020 6.29 412.0
2456759.72779 17.633 0.014 4.84 564.0
2456760.91483 17.638 0.012 4.26 358.0
2456760.92930 17.585 0.019 3.82 1638.0
2456762.91078 17.561 0.014 4.05 724.0
2456764.83483 17.579 0.012 3.59 597.0
2456768.77574 17.452 0.012 4.24 652.0
2456769.90196 17.447 0.011 3.87 503.0
2456771.79880 17.469 0.011 4.49 427.0
2456773.68667 17.393 0.016 6.64 511.0
2456774.82373 17.403 0.016 6.94 400.0
2456776.78300 17.328 0.011 5.35 498.0
2456784.73900 17.093 0.011 4.96 407.0
2456785.71965 17.080 0.008 3.33 400.0
2456786.72856 17.070 0.009 3.24 435.0
2456789.66785 16.961 0.011 5.59 574.0
2456790.74204 16.916 0.009 4.16 537.0
2456791.80271 16.871 0.009 3.67 841.0
2456792.83781 16.862 0.010 3.80 861.0
2456796.90148 16.703 0.009 4.33 925.0
2456798.82376 16.684 0.012 7.99 476.0
2456803.85596 16.414 0.006 4.78 334.0
2456804.87017 16.382 0.007 5.95 384.0
2456805.91839 16.339 0.008 6.52 483.0
2456807.90324 16.276 0.008 6.49 410.0
2456808.92374 16.249 0.007 5.63 435.0
2456810.60268 16.231 0.007 5.59 442.0
2456811.61644 16.193 0.006 5.42 459.0
2456813.72527 16.183 0.006 4.99 310.0
2456814.83043 16.197 0.006 5.57 319.0
2456815.90734 16.205 0.006 4.64 508.0
2456817.63863 16.253 0.006 5.45 446.0
2456818.86146 16.279 0.007 4.96 563.0
2456823.72687 16.465 0.007 3.75 722.0
2456824.77041 16.504 0.007 4.66 515.0
2456825.78276 16.559 0.008 5.19 523.0
2456826.79293 16.591 0.007 4.43 420.0
2456827.86197 16.609 0.008 4.98 464.0
2456828.89862 16.664 0.009 5.61 541.0
2456829.87906 16.682 0.009 5.70 668.0
2456831.63331 16.738 0.007 3.68 352.0
2456832.68927 16.794 0.009 5.07 339.0
2456833.75340 16.819 0.009 4.63 471.0
2456834.75808 16.882 0.010 5.47 388.0
2456835.80958 16.919 0.011 6.03 371.0
2456836.84332 16.958 0.015 7.70 513.0
2456837.84920 16.980 0.011 5.55 510.0
2456838.85072 17.033 0.013 6.18 516.0
2456840.53451 17.098 0.014 6.42 533.0
2456841.63607 17.100 0.010 5.31 405.0
2456842.69008 17.118 0.011 4.93 377.0
2456844.72474 17.158 0.010 4.62 402.0
2456845.70635 17.197 0.010 4.12 490.0
2456847.66857 17.243 0.016 4.19 1292.0
2456851.65060 17.299 0.014 4.17 857.0
2456852.73018 17.370 0.021 5.84 999.0
2456855.78408 17.421 0.014 5.41 343.0
2456856.80379 17.420 0.016 6.10 493.0
2456858.51780 17.453 0.012 4.77 321.0
2456859.70954 17.450 0.015 5.43 423.0
2456863.54920 17.509 0.012 3.87 371.0
2456864.64799 17.517 0.014 5.06 290.0
2456870.74275 17.672 0.022 7.32 338.0
2456874.50404 17.704 0.019 5.72 365.0
2456880.49417 17.793 0.037 8.08 785.0
2456882.48019 17.773 0.020 4.98 431.0
2456884.68094 17.790 0.019 5.88 352.0
2456886.58028 17.804 0.016 4.50 314.0
2456888.47867 17.809 0.016 4.37 373.0
2456889.67170 17.809 0.018 5.49 292.0
2456891.59782 17.885 0.019 4.97 359.0
2456896.58486 17.870 0.022 5.87 351.0
2456907.54694 17.980 0.020 4.19 505.0
2456915.55216 18.042 0.022 5.43 349.0
2456922.48591 18.062 0.031 5.86 537.0
2456924.62054 17.970 0.029 7.31 419.0
2456927.61622 18.096 0.032 6.49 529.0
2456936.53900 18.156 0.034 6.71 613.0
2456940.51081 18.036 0.027 5.56 487.0
2456947.49408 18.102 0.033 6.58 515.0
2456951.53648 18.143 0.031 6.06 532.0
2456954.53828 18.068 0.032 6.67 570.0
