2455264.83621 18.251 0.039 4.67 1111.0
2455279.88446 18.257 0.021 4.50 271.0
2455283.74512 18.211 0.033 5.33 573.0
2455285.87109 18.246 0.027 4.22 594.0
2455292.89473 18.251 0.027 3.94 677.0
2455296.89821 18.238 0.019 3.98 264.0
2455301.88449 18.280 0.024 4.89 318.0
2455308.84483 18.212 0.019 3.97 263.0
2455310.90949 18.259 0.019 3.41 337.0
2455313.81332 18.188 0.030 5.56 513.0
2455315.68119 18.208 0.038 5.32 949.0
2455316.84386 18.210 0.044 6.26 870.0
2455320.79943 18.237 0.051 4.32 2752.0
2455322.70172 18.262 0.024 4.48 445.0
2455323.85790 18.254 0.023 3.89 485.0
2455325.70571 18.244 0.022 4.49 306.0
2455326.83117 18.239 0.023 4.38 331.0
2455328.67808 18.176 0.020 3.70 345.0
2455334.84210 18.242 0.024 5.10 315.0
2455339.68780 18.201 0.031 5.66 496.0
2455340.90485 18.225 0.036 6.09 649.0
2455342.66354 18.229 0.037 5.72 628.0
2455343.69466 18.224 0.031 4.63 758.0
2455348.83547 18.190 0.024 4.57 441.0
2455353.79960 18.227 0.022 3.97 329.0
2455357.67521 18.212 0.024 5.12 316.0
2455362.65876 18.204 0.020 3.37 426.0
2455365.82220 18.256 0.024 4.65 344.0
2455378.72890 18.238 0.020 3.68 359.0
2455380.75508 18.241 0.021 4.79 297.0
2455384.80644 18.261 0.043 7.38 564.0
2455389.47340 18.193 0.034 6.70 422.0
2455392.52424 18.265 0.027 5.83 284.0
2455402.70606 18.231 0.047 7.08 727.0
2455405.73795 18.236 0.030 4.89 440.0
2455409.67124 18.246 0.022 4.67 269.0
2455413.75089 18.144 0.023 6.39 259.0
2455423.51958 18.264 0.020 4.18 245.0
2455434.58321 18.233 0.028 5.01 407.0
2455439.68207 18.128 0.032 6.78 365.0
2455447.64079 18.266 0.025 6.24 270.0
2455453.66359 18.249 0.024 5.10 373.0
2455458.59304 18.205 0.033 6.53 528.0
2455462.50549 18.252 0.029 5.38 435.0
2455467.50863 18.262 0.026 5.02 357.0
2455471.55314 18.259 0.027 5.40 308.0
2455473.57532 18.220 0.030 6.38 355.0
2455480.51435 18.181 0.029 5.96 387.0
2455485.54361 18.266 0.037 5.65 596.0
2455488.53670 18.299 0.036 5.46 648.0
2455607.88822 18.282 0.033 5.21 704.0
2455614.88490 18.171 0.026 5.48 442.0
2455620.86499 18.209 0.026 5.65 351.0
2455624.82569 18.249 0.026 5.91 321.0
2455625.78776 18.309 0.037 7.76 369.0
2455627.81254 18.267 0.025 5.84 290.0
2455629.79190 18.279 0.029 6.56 280.0
2455630.78445 18.225 0.025 5.94 319.0
2455632.78256 18.240 0.033 7.07 499.0
2455634.76606 18.256 0.027 6.35 328.0
2455635.84017 18.197 0.031 7.26 379.0
2455638.76028 18.246 0.038 6.56 730.0
2455639.86330 18.232 0.025 5.21 417.0
2455643.76485 18.216 0.028 4.80 615.0
2455650.75257 18.226 0.021 5.13 247.0
2455655.76184 18.200 0.027 5.89 330.0
2455659.75775 18.274 0.021 4.78 259.0
2455664.82014 18.300 0.024 5.04 296.0
2455669.80624 18.279 0.027 5.20 551.0
2455676.73004 18.205 0.018 5.08 203.0
2455680.79012 18.264 0.025 5.76 279.0
2455683.88233 18.221 0.023 4.48 405.0
2455687.70590 18.267 0.026 5.92 389.0
2455692.85101 18.229 0.025 5.14 423.0
2455695.68712 18.185 0.027 4.91 648.0
2455697.86075 18.281 0.030 4.65 594.0
2455707.74081 18.257 0.023 4.95 340.0
2455712.76879 18.260 0.020 4.21 333.0
2455716.77874 18.241 0.023 5.55 237.0
2455723.71547 18.205 0.023 5.22 310.0
2455726.71859 18.281 0.029 4.15 771.0
2455735.88669 18.213 0.042 7.71 505.0
2455738.66208 18.246 0.019 4.33 257.0
2455740.84002 18.128 0.032 7.32 385.0
2455742.83676 18.228 0.022 5.12 313.0
2455746.62687 18.224 0.029 7.06 267.0
2455749.68494 18.318 0.031 7.26 248.0
2455760.76737 18.195 0.026 5.47 473.0
2455762.55593 18.234 0.024 4.99 298.0
2455763.55208 18.243 0.021 4.50 326.0
2455765.74424 18.170 0.032 7.49 330.0
2455769.66717 18.222 0.019 4.64 236.0
2455778.60067 18.234 0.034 6.45 438.0
2455783.58917 18.309 0.046 4.06 2016.0
2455786.70130 18.172 0.032 5.75 567.0
2455791.48065 18.158 0.032 6.95 362.0
2455796.52051 18.219 0.024 5.37 310.0
2455804.62592 18.231 0.023 5.45 288.0
2455815.66912 18.245 0.026 4.15 648.0
2455820.52730 18.266 0.031 6.08 405.0
2455825.52057 18.186 0.029 5.53 387.0
2455830.52703 18.249 0.022 5.37 328.0
2455834.60092 18.233 0.029 5.32 344.0
2455842.54013 18.159 0.033 6.11 509.0
2455977.89915 18.229 0.036 4.89 908.0
2455986.80670 18.259 0.029 6.70 364.0
2455991.84606 18.201 0.020 5.07 273.0
2455996.81890 18.216 0.024 4.88 446.0
2456004.84204 18.259 0.022 4.87 337.0
2456008.74820 18.301 0.026 5.95 331.0
2456011.78966 18.239 0.023 5.08 274.0
2456014.86108 18.298 0.020 4.82 222.0
2456017.83888 18.257 0.017 3.93 233.0
2456020.81623 18.261 0.019 4.61 236.0
2456023.72439 18.242 0.029 5.45 556.0
2456025.85405 18.207 0.030 5.59 507.0
2456033.88725 18.298 0.026 5.50 315.0
2456038.71383 18.208 0.025 6.29 284.0
2456041.86614 18.293 0.024 4.94 345.0
2456049.68544 18.221 0.025 5.36 406.0
2456052.78171 18.174 0.025 4.88 508.0
2456058.86677 18.306 0.025 4.85 376.0
2456062.71345 18.210 0.025 5.54 412.0
2456065.66502 18.202 0.021 4.64 298.0
2456067.76803 18.189 0.019 4.11 305.0
2456069.88567 18.265 0.019 3.78 285.0
2456071.85206 18.264 0.021 4.67 296.0
2456076.89089 18.248 0.026 6.72 362.0
2456079.64249 18.243 0.019 4.28 304.0
2456081.59594 18.201 0.030 5.24 710.0
2456086.78568 18.260 0.024 5.03 360.0
2456089.90780 18.305 0.027 5.88 331.0
2456094.68369 18.280 0.025 5.31 337.0
2456097.84423 18.236 0.028 5.99 340.0
2456100.71417 18.255 0.021 4.73 283.0
2456102.63999 18.236 0.020 4.39 283.0
2456104.56077 18.291 0.021 4.31 360.0
2456108.50951 18.210 0.037 6.24 686.0
2456116.54002 18.325 0.021 4.78 271.0
2456117.84507 18.309 0.033 5.85 492.0
2456119.78298 18.274 0.027 5.93 297.0
2456121.79047 18.233 0.020 5.51 242.0
2456127.74291 18.127 0.027 7.90 211.0
2456133.55718 18.221 0.026 6.56 229.0
2456136.61550 18.224 0.033 7.06 354.0
2456141.52450 18.266 0.030 5.02 604.0
2456148.56412 18.290 0.017 4.08 212.0
2456152.48907 18.196 0.025 6.38 253.0
2456158.72520 18.189 0.024 5.25 396.0
2456164.60688 18.304 0.048 5.67 1396.0
2456171.54098 18.310 0.024 4.09 502.0
2456179.65824 18.212 0.026 6.13 305.0
2456184.57715 18.215 0.019 4.51 232.0
2456195.52541 18.272 0.024 4.55 413.0
2456203.52549 18.121 0.026 5.98 373.0
2456211.52532 18.237 0.022 4.89 322.0
2456218.52874 18.173 0.030 6.07 437.0
2456220.50893 18.137 0.039 5.43 1090.0
2456231.52763 18.154 0.040 6.30 737.0
2456239.53364 18.199 0.035 7.55 440.0
2456349.84119 18.297 0.034 5.92 503.0
2456356.84431 18.333 0.049 4.66 1972.0
2456367.86408 18.243 0.017 4.36 209.0
2456371.87626 18.309 0.016 4.19 192.0
2456372.86976 18.171 0.016 4.18 240.0
2456376.80201 18.274 0.021 4.24 378.0
2456379.85694 18.263 0.022 4.04 493.0
2456389.71531 18.273 0.027 6.36 341.0
2456393.70572 18.225 0.025 5.59 329.0
2456396.77404 18.234 0.016 3.66 256.0
2456399.74072 18.252 0.022 5.45 254.0
2456402.79591 18.298 0.021 4.83 268.0
2456405.93293 18.217 0.033 3.74 1756.0
2456415.72830 18.264 0.027 6.33 291.0
2456417.92016 18.205 0.023 5.13 364.0
2456420.70799 18.272 0.017 3.73 238.0
2456423.85897 18.251 0.022 4.51 389.0
2456428.68566 18.280 0.027 6.85 260.0
2456432.74973 18.252 0.024 5.39 353.0
2456434.85871 18.226 0.025 5.39 423.0
2456436.90951 18.306 0.031 4.60 896.0
2456442.79985 18.233 0.017 4.06 312.0
2456445.88520 18.222 0.023 5.17 395.0
2456447.86571 18.216 0.021 4.50 363.0
2456449.80051 18.206 0.023 5.14 351.0
2456451.73319 18.164 0.019 4.76 306.0
2456454.74388 18.277 0.019 4.59 247.0
2456457.69051 18.265 0.019 4.49 263.0
2456459.64138 18.222 0.018 4.21 291.0
2456461.82947 18.242 0.020 4.23 362.0
2456464.59104 18.217 0.030 5.45 594.0
2456469.66720 18.216 0.023 5.08 408.0
2456474.54487 18.143 0.028 6.71 386.0
2456478.53632 18.256 0.029 6.98 330.0
2456481.51791 18.229 0.027 6.32 348.0
2456485.73526 18.251 0.018 4.28 260.0
2456487.80914 18.200 0.019 4.72 368.0
2456505.72479 18.246 0.024 5.53 296.0
2456509.58844 18.213 0.016 3.89 255.0
2456514.52599 18.215 0.025 6.05 301.0
2456519.48699 18.242 0.025 5.80 330.0
2456525.57653 18.226 0.032 5.79 557.0
2456532.67859 18.163 0.026 7.54 302.0
2456576.48936 18.236 0.056 5.84 1880.0
2456576.55866 18.173 0.027 5.74 421.0
2456701.88157 18.102 0.017 3.78 468.0
2456709.89937 18.152 0.029 4.53 1145.0
2456716.90335 18.053 0.024 4.21 1014.0
2456720.87670 18.105 0.016 4.46 286.0
2456724.80681 18.020 0.021 5.69 398.0
2456727.80003 18.021 0.016 4.39 321.0
2456729.88529 18.030 0.015 4.35 300.0
2456733.78225 18.055 0.022 4.42 628.0
2456735.85648 17.983 0.020 4.72 560.0
2456737.90442 18.029 0.017 4.19 477.0
2456744.81087 17.994 0.016 4.80 314.0
2456746.84616 18.042 0.015 4.32 272.0
2456750.76160 18.020 0.017 5.02 322.0
2456754.90135 18.046 0.025 6.80 343.0
2456757.71247 18.045 0.022 5.56 425.0
2456758.77727 18.040 0.019 5.34 356.0
2456761.77843 18.105 0.019 4.53 438.0
2456764.77698 18.098 0.017 3.49 563.0
2456769.74133 18.139 0.017 4.23 355.0
2456771.87581 18.106 0.018 3.93 421.0
2456774.75140 18.040 0.020 5.47 336.0
2456777.75005 18.117 0.019 5.15 277.0
2456789.85849 18.125 0.025 5.01 542.0
2456791.83620 18.099 0.027 4.48 801.0
2456796.77810 18.145 0.023 4.43 457.0
2456799.86341 18.065 0.032 7.43 334.0
2456804.82720 18.168 0.020 4.62 320.0
2456807.68730 18.205 0.025 5.76 281.0
2456808.93781 18.132 0.031 6.51 462.0
2456810.87864 18.135 0.025 5.31 462.0
2456813.85907 18.201 0.023 5.67 263.0
2456815.84349 18.207 0.023 5.17 325.0
2456817.83857 18.151 0.025 5.98 372.0
2456819.83918 18.186 0.035 6.00 697.0
2456824.90349 18.280 0.041 6.65 751.0
2456826.77962 18.192 0.021 4.16 385.0
2456828.62703 18.160 0.017 4.61 263.0
2456829.86515 18.229 0.027 5.74 363.0
2456832.50942 18.252 0.026 4.92 371.0
2456833.82816 18.185 0.029 5.23 638.0
2456835.73755 18.168 0.020 4.79 274.0
2456837.61447 18.206 0.021 4.35 381.0
2456838.85203 18.155 0.033 6.93 446.0
2456840.77357 18.187 0.024 6.00 265.0
2456842.78088 18.207 0.025 5.77 347.0
2456845.65340 18.203 0.023 4.49 411.0
2456847.81934 18.251 0.033 5.83 641.0
2456852.77202 18.214 0.050 7.82 727.0
2456856.69011 18.218 0.020 4.19 294.0
2456858.64545 18.190 0.018 3.87 291.0
2456863.50558 18.197 0.019 4.02 339.0
2456866.56562 18.154 0.025 6.45 247.0
2456879.76095 18.141 0.048 7.00 1075.0
2456882.71209 18.252 0.029 5.93 406.0
2456886.64261 18.227 0.022 4.78 337.0
2456889.56296 18.267 0.019 4.35 221.0
2456895.50353 18.249 0.023 5.23 307.0
2456908.50336 18.208 0.030 5.67 497.0
2456918.53671 18.223 0.030 5.90 424.0
2456924.54703 18.215 0.026 5.19 403.0
2456929.52624 18.252 0.030 6.35 342.0
2456931.48628 18.254 0.046 4.86 1802.0
2456932.51496 18.194 0.040 5.82 1076.0
2456937.53919 18.222 0.032 5.36 513.0
2456944.51611 18.195 0.027 6.49 325.0
