2455261.85120 20.754 0.206 4.11 422.0
2455264.86251 20.573 0.282 4.75 840.0
2455267.90428 20.929 0.290 4.84 411.0
2455270.85258 20.694 0.168 4.10 288.0
2455272.86891 20.928 0.286 5.78 263.0
2455274.85651 20.701 0.183 4.44 287.0
2455278.89062 21.075 0.216 3.67 310.0
2455284.83581 20.781 0.276 4.89 491.0
2455294.85694 20.847 0.159 3.54 272.0
2455296.90985 20.696 0.168 4.13 263.0
2455299.77602 20.753 0.155 4.12 244.0
2455301.89610 20.925 0.255 4.97 315.0
2455306.85535 20.790 0.155 3.59 278.0
2455308.85643 20.852 0.176 4.31 262.0
2455310.92038 20.557 0.153 3.95 344.0
2455320.81143 20.722 0.202 4.32 433.0
2455323.87004 21.092 0.281 3.97 480.0
2455325.71625 20.592 0.150 3.85 280.0
2455326.84230 20.890 0.207 3.91 321.0
2455328.68911 20.694 0.180 3.91 345.0
2455334.84356 20.642 0.187 4.81 309.0
2455336.91723 20.694 0.255 4.82 461.0
2455339.68926 20.467 0.208 4.95 468.0
2455343.69614 20.660 0.272 4.66 720.0
2455348.83697 20.988 0.275 4.47 428.0
2455351.66990 20.621 0.174 4.90 248.0
2455353.81212 21.031 0.227 3.64 344.0
2455357.68927 20.494 0.179 5.30 301.0
2455362.67357 21.095 0.252 3.91 397.0
2455378.74159 20.809 0.172 3.55 340.0
2455392.53789 20.754 0.243 5.76 271.0
2455405.75042 20.444 0.189 4.09 433.0
2455409.70608 20.808 0.248 5.31 305.0
2455423.53271 20.724 0.148 4.02 227.0
2455434.59588 21.062 0.293 4.22 397.0
2455443.50344 20.364 0.222 7.38 292.0
2455448.48224 20.651 0.187 4.26 353.0
2455453.66523 20.779 0.202 4.20 355.0
2455467.51026 20.859 0.222 4.60 337.0
2455471.55477 20.768 0.236 5.04 302.0
2455473.58776 20.553 0.211 5.53 346.0
2455480.52653 20.853 0.283 5.06 369.0
2455488.53829 20.856 0.285 4.14 607.0
2455622.89696 20.975 0.227 3.95 356.0
2455625.83063 21.082 0.280 4.66 297.0
2455629.83412 20.927 0.260 5.77 256.0
2455631.86279 20.736 0.202 5.15 302.0
2455633.81786 21.084 0.257 4.24 318.0
2455634.81163 20.462 0.187 5.90 277.0
2455637.84789 20.405 0.193 6.34 293.0
2455639.86467 20.593 0.182 4.32 403.0
2455643.81575 20.991 0.289 4.32 509.0
2455650.82796 20.668 0.152 4.60 230.0
2455655.81264 20.748 0.232 5.67 284.0
2455659.80941 20.861 0.239 5.81 257.0
2455680.87340 21.001 0.221 4.39 271.0
2455684.65980 20.966 0.293 5.50 362.0
2455687.78457 20.997 0.231 4.89 287.0
2455692.91431 20.880 0.255 4.78 487.0
2455695.80192 20.473 0.133 3.97 347.0
2455697.93279 20.766 0.251 4.94 547.0
2455707.80736 21.112 0.290 4.57 354.0
2455712.83505 20.994 0.226 4.44 310.0
2455723.78055 20.595 0.142 3.75 298.0
2455736.57003 20.453 0.163 4.80 367.0
2455738.74314 20.789 0.181 4.38 274.0
2455744.51692 20.644 0.288 6.14 434.0
2455749.74899 20.495 0.194 6.36 250.0
2455760.83032 20.309 0.259 7.02 570.0
2455767.52144 20.690 0.248 6.10 326.0
2455779.61801 20.591 0.145 4.13 277.0
2455787.49572 20.867 0.286 4.87 503.0
2455796.61575 20.986 0.269 5.49 286.0
2455804.69551 20.447 0.201 5.86 387.0
2455820.59974 20.692 0.225 4.32 411.0
2455825.59127 20.407 0.168 5.06 386.0
2455830.57755 20.887 0.250 5.42 324.0
2455836.49239 20.618 0.293 5.99 521.0
2455850.53524 20.755 0.228 4.96 394.0
2455978.88416 21.134 0.267 4.83 284.0
2455986.87601 20.461 0.140 4.25 300.0
2455992.79583 20.590 0.247 5.83 500.0
2455996.87824 20.514 0.132 3.61 362.0
2456004.90126 21.095 0.248 4.27 313.0
2456011.87849 20.774 0.261 3.90 659.0
2456017.91076 20.915 0.160 4.03 236.0
2456020.86784 20.876 0.158 4.04 224.0
2456023.77711 20.605 0.164 3.72 471.0
2456034.71031 20.959 0.237 5.01 283.0
2456038.78167 20.875 0.187 4.46 255.0
2456041.93194 20.695 0.296 4.82 814.0
2456049.76516 20.829 0.145 3.07 328.0
2456058.93220 20.785 0.293 5.32 456.0
2456062.77848 20.884 0.277 4.82 448.0
2456065.73897 20.915 0.213 4.52 280.0
2456067.84427 20.824 0.180 3.75 310.0
2456079.72121 20.594 0.141 3.93 296.0
2456081.66192 20.385 0.165 4.45 477.0
2456086.86145 20.858 0.269 4.93 436.0
2456092.61530 20.576 0.176 5.39 274.0
2456094.76805 20.523 0.180 5.23 325.0
2456100.77796 20.752 0.297 6.40 357.0
2456102.70702 21.095 0.230 3.74 365.0
2456104.62189 20.667 0.157 4.20 291.0
2456108.57350 20.552 0.230 4.03 873.0
2456114.62667 20.732 0.275 5.86 425.0
2456116.61568 20.835 0.174 4.38 272.0
2456118.53617 20.943 0.228 4.71 301.0
2456120.52688 20.746 0.252 5.75 290.0
2456123.56958 21.070 0.271 5.34 256.0
2456125.59457 20.647 0.158 4.93 223.0
2456128.56014 20.884 0.175 4.11 250.0
2456136.76144 20.215 0.219 7.37 371.0
2456148.64325 20.412 0.114 4.35 216.0
2456152.55452 20.638 0.233 7.13 214.0
2456159.56801 20.824 0.228 5.10 293.0
2456180.56592 20.931 0.294 5.63 343.0
2456211.58015 21.058 0.286 4.87 318.0
2456212.49933 20.366 0.177 5.30 377.0
2456218.58007 20.584 0.227 5.11 441.0
2456340.84861 20.576 0.175 5.12 296.0
2456349.89276 20.778 0.292 5.45 483.0
2456358.88114 20.859 0.205 4.08 402.0
2456368.78727 20.581 0.173 5.35 240.0
2456376.86429 20.551 0.155 4.64 320.0
2456379.91561 20.861 0.238 3.74 612.0
2456386.79138 20.474 0.155 5.15 281.0
2456389.79681 20.789 0.188 4.76 260.0
2456393.78421 20.549 0.193 5.17 294.0
2456396.85417 21.131 0.201 3.67 278.0
2456399.82433 20.852 0.188 4.46 255.0
2456406.84559 20.203 0.157 3.96 1313.0
2456418.67925 20.594 0.202 5.24 356.0
2456420.76914 20.738 0.128 3.69 216.0
2456423.92288 20.398 0.145 3.97 442.0
2456428.75442 20.695 0.193 5.32 283.0
2456432.82744 20.967 0.233 4.88 288.0
2456435.59697 20.169 0.222 7.01 580.0
2456442.86664 21.196 0.253 4.13 333.0
2456446.56395 20.638 0.163 4.63 300.0
2456447.93321 20.798 0.194 4.01 389.0
2456449.86881 20.731 0.186 4.50 318.0
2456451.81199 20.606 0.184 5.40 273.0
2456454.81245 21.088 0.266 5.11 261.0
2456457.78106 20.909 0.186 4.49 246.0
2456459.73547 20.713 0.121 3.55 247.0
2456461.90761 20.617 0.230 5.16 466.0
2456478.60339 21.022 0.236 4.92 283.0
2456481.58896 20.642 0.220 6.42 268.0
2456485.81305 20.571 0.174 4.75 359.0
2456491.69478 20.510 0.166 5.01 328.0
2456509.65811 20.833 0.136 3.52 235.0
2456514.64539 20.895 0.190 4.96 205.0
2456519.58879 20.599 0.147 3.87 298.0
2456541.57869 20.916 0.189 4.00 295.0
2456562.55128 20.351 0.142 5.33 259.0
2456569.54323 21.106 0.257 4.70 291.0
2456576.56407 20.951 0.293 5.01 406.0
2456702.86782 20.218 0.188 5.67 617.0
2456704.87344 20.032 0.116 4.61 563.0
2456710.88663 19.777 0.075 4.22 426.0
2456717.87551 19.654 0.100 6.27 342.0
2456721.82591 19.451 0.087 6.65 376.0
2456724.87366 19.661 0.090 5.98 341.0
2456727.86467 19.458 0.046 4.63 246.0
2456730.82141 19.511 0.095 6.62 425.0
2456733.84761 19.374 0.060 4.41 478.0
2456735.91422 19.365 0.086 4.98 773.0
