2456688.87597 20.916 0.391 5.14 887.0
2456691.86984 20.234 0.159 4.78 517.0
2456692.87045 20.301 0.191 5.27 569.0
2456693.86325 20.277 0.170 4.84 654.0
2456693.88151 19.959 0.113 4.11 707.0
2456694.86342 20.086 0.156 5.47 534.0
2456694.88073 20.147 0.138 4.28 595.0
2456695.87471 20.010 0.121 4.61 563.0
2456696.86770 19.988 0.110 4.43 462.0
2456697.86418 19.844 0.130 5.99 441.0
2456698.87642 20.186 0.184 5.91 506.0
2456699.86125 20.381 0.149 4.19 484.0
2456699.89168 20.562 0.294 4.24 1411.0
2456700.88348 19.777 0.100 4.35 518.0
2456701.88700 20.459 0.182 4.30 615.0
2456702.85894 20.450 0.203 4.43 757.0
2456703.84664 19.843 0.185 6.35 859.0
2456704.86279 20.469 0.206 4.72 693.0
2456705.86086 20.045 0.187 5.74 711.0
2456705.89237 19.569 0.121 5.44 765.0
2456707.85837 20.718 0.311 5.75 569.0
2456708.83591 19.863 0.110 4.21 641.0
2456708.88148 20.188 0.154 4.77 565.0
2456709.84714 20.110 0.148 4.90 582.0
2456709.89044 19.865 0.120 5.01 585.0
2456710.86340 20.026 0.125 3.90 731.0
2456711.84340 20.720 0.238 4.55 624.0
2456711.88502 20.378 0.179 4.62 608.0
2456714.87240 19.871 0.160 7.23 410.0
2456715.83169 20.453 0.161 4.87 395.0
2456715.87700 19.908 0.106 5.31 367.0
2456716.82379 19.993 0.117 5.18 453.0
2456716.86703 20.077 0.107 4.71 374.0
2456717.82615 20.008 0.137 5.60 453.0
2456717.87945 19.768 0.134 6.60 418.0
2456718.84397 20.192 0.196 6.17 452.0
2456718.89951 20.631 0.235 5.12 492.0
2456719.84162 19.939 0.131 5.37 496.0
2456719.88931 20.221 0.156 5.14 463.0
2456720.81746 19.799 0.098 4.95 451.0
2456720.86602 19.806 0.086 4.69 374.0
2456721.80096 21.049 0.438 6.37 501.0
2456721.84492 20.000 0.131 5.41 445.0
2456721.88962 19.798 0.090 4.71 413.0
2456722.82485 20.377 0.210 6.05 482.0
2456722.87380 19.867 0.110 5.09 447.0
2456723.79583 20.558 0.221 4.80 549.0
2456723.85034 19.973 0.109 4.25 486.0
2456723.89809 20.916 0.260 4.56 470.0
2456724.83069 19.750 0.127 6.32 466.0
2456724.87764 19.836 0.160 7.14 430.0
2456725.80504 20.578 0.251 6.04 435.0
2456725.85459 20.004 0.115 4.89 409.0
2456725.90045 20.279 0.178 5.59 452.0
2456726.81722 19.834 0.102 4.78 469.0
2456726.86863 19.926 0.122 5.29 447.0
2456726.91205 19.864 0.164 4.71 1091.0
2456727.82302 20.322 0.119 4.31 347.0
2456727.87216 19.902 0.082 4.61 318.0
2456728.78781 20.318 0.176 5.38 479.0
2456728.84079 19.634 0.070 4.56 370.0
2456728.88612 20.049 0.096 4.33 377.0
2456729.79329 19.929 0.121 4.69 610.0
2456729.84387 19.754 0.084 4.44 439.0
2456729.88902 19.773 0.089 4.95 380.0
2456730.79198 19.792 0.147 6.30 592.0
2456730.84320 19.660 0.140 7.20 465.0
2456730.89065 20.253 0.195 6.79 355.0
2456731.88897 19.727 0.146 6.95 457.0
2456732.80215 19.568 0.133 6.63 638.0
2456732.85155 19.682 0.135 6.29 592.0
2456732.89489 19.614 0.097 5.09 567.0
2456733.78787 19.511 0.085 4.50 700.0
2456733.83698 19.728 0.103 4.78 598.0
2456733.88054 19.514 0.074 4.28 540.0
2456734.76973 19.600 0.097 4.71 677.0
2456734.82117 19.332 0.065 4.29 576.0
2456734.86677 19.180 0.054 4.38 516.0
2456734.91089 19.375 0.062 3.78 614.0
2456735.79596 19.184 0.091 4.70 1319.0
2456735.86032 18.916 0.054 5.08 645.0
2456735.90359 18.895 0.043 4.10 649.0
2456736.77722 17.929 0.031 6.54 706.0
2456736.82616 17.876 0.024 5.69 586.0
2456736.88050 17.764 0.021 5.41 559.0
2456737.78707 18.046 0.024 5.21 657.0
2456737.83406 18.078 0.019 3.69 593.0
2456737.86670 18.194 0.022 4.01 588.0
2456741.91535 19.804 0.093 4.00 627.0
2456742.79136 19.869 0.100 4.94 392.0
2456742.83812 19.772 0.075 4.03 396.0
2456742.88112 19.796 0.062 3.37 363.0
2456743.88065 20.570 0.265 5.62 669.0
2456744.80018 19.777 0.097 5.50 379.0
2456744.84726 20.167 0.139 5.97 379.0
2456744.89076 19.954 0.077 3.86 360.0
2456745.76620 20.306 0.170 5.75 404.0
2456745.78254 19.941 0.124 5.87 390.0
2456745.82764 19.955 0.112 5.36 364.0
2456745.87082 19.784 0.078 4.41 350.0
2456745.91475 20.034 0.124 4.91 414.0
2456746.77431 20.032 0.143 6.05 375.0
2456746.82101 19.844 0.098 5.18 349.0
2456746.86437 19.814 0.100 5.87 358.0
2456747.82810 20.043 0.103 4.56 378.0
2456747.87773 19.926 0.086 4.33 353.0
2456747.92186 20.568 0.277 4.98 837.0
2456748.80587 19.894 0.091 4.54 380.0
2456748.86327 19.810 0.082 4.38 367.0
2456749.73797 20.345 0.221 6.48 449.0
2456749.78280 19.693 0.092 5.42 404.0
2456749.82743 20.094 0.103 4.13 403.0
2456749.87946 20.264 0.120 4.30 388.0
2456750.75452 20.563 0.231 5.86 400.0
2456750.81143 19.895 0.108 5.30 376.0
2456750.91414 20.241 0.129 4.36 431.0
2456751.76399 20.133 0.121 5.04 372.0
2456751.82354 20.073 0.084 3.68 349.0
2456751.87029 20.127 0.091 3.76 345.0
2456751.92012 19.921 0.093 3.63 544.0
2456752.75344 19.420 0.085 6.48 371.0
2456752.81311 19.869 0.088 4.50 352.0
2456752.85676 19.878 0.091 4.50 376.0
2456753.84035 20.269 0.194 6.41 362.0
2456754.72349 20.083 0.181 7.07 393.0
2456754.77267 21.228 0.385 5.68 364.0
2456754.81613 19.731 0.112 6.05 390.0
2456754.87926 20.240 0.163 5.50 392.0
2456755.73221 19.911 0.150 6.84 382.0
2456755.80607 19.802 0.119 6.24 372.0
2456755.86408 20.077 0.121 5.04 379.0
2456755.90996 19.857 0.096 4.58 408.0
2456756.72692 19.935 0.103 5.16 433.0
2456756.77599 20.135 0.107 4.69 337.0
2456756.83263 20.015 0.087 3.71 345.0
2456756.88576 19.919 0.099 4.60 356.0
2456757.70728 21.382 0.572 5.82 539.0
2456757.75247 19.926 0.120 5.28 432.0
2456757.81128 20.388 0.156 4.39 340.0
2456757.85846 20.349 0.161 5.11 355.0
2456757.90827 20.132 0.104 4.22 340.0
2456758.72214 19.677 0.121 5.84 542.0
2456758.77034 19.937 0.125 5.48 443.0
2456758.85320 21.224 0.495 7.31 356.0
2456758.90505 19.779 0.127 7.03 358.0
2456759.70857 20.296 0.175 5.21 578.0
2456759.75560 19.801 0.098 4.60 501.0
2456759.81269 20.459 0.141 3.70 438.0
2456759.86793 20.160 0.091 3.56 389.0
2456759.91383 19.906 0.074 3.59 398.0
2456760.70985 20.276 0.154 5.03 564.0
2456760.76094 20.194 0.133 4.30 503.0
2456760.81861 19.920 0.085 3.67 450.0
2456760.86443 20.241 0.099 3.33 422.0
2456760.90998 20.298 0.117 3.92 352.0
2456760.92410 20.163 0.123 3.56 598.0
2456761.72287 20.233 0.184 5.49 612.0
2456761.77139 19.988 0.133 4.98 517.0
2456761.81488 20.057 0.119 4.12 488.0
2456761.86107 20.523 0.177 4.23 464.0
2456761.92605 20.741 0.346 4.88 931.0
2456762.73139 20.191 0.176 4.61 786.0
2456762.78471 19.885 0.093 4.52 379.0
2456762.87509 20.042 0.075 3.12 376.0
2456762.92133 20.652 0.247 3.85 891.0
2456763.71924 20.124 0.149 5.02 693.0
2456763.76868 19.980 0.127 4.62 626.0
2456763.81343 20.168 0.147 4.27 609.0
2456763.87118 19.986 0.137 4.52 627.0
2456763.92616 20.208 0.176 3.79 1088.0
2456764.71437 20.060 0.148 4.32 824.0
2456764.77002 20.175 0.118 3.55 664.0
2456764.81564 20.111 0.116 3.59 641.0
2456764.85875 19.832 0.099 3.83 655.0
2456764.90474 20.159 0.128 3.75 656.0
2456764.91932 20.252 0.135 3.52 677.0
2456765.72498 20.627 0.260 4.35 832.0
2456765.77010 20.121 0.132 3.75 697.0
2456765.80092 19.903 0.099 3.69 614.0
2456765.85620 20.438 0.180 4.02 691.0
2456765.89800 20.549 0.193 4.27 621.0
2456768.68564 20.336 0.199 5.66 591.0
2456768.72622 21.470 0.604 4.20 1143.0
2456768.77085 19.769 0.118 3.94 1025.0
2456768.82011 20.298 0.179 4.10 769.0
2456768.87820 20.192 0.129 4.13 455.0
2456768.92674 20.125 0.117 3.60 618.0
2456769.70142 20.482 0.157 4.65 452.0
2456769.75037 20.281 0.141 4.55 431.0
2456769.79467 19.944 0.114 4.97 453.0
2456769.83847 19.937 0.100 4.47 449.0
2456769.88288 20.103 0.117 4.15 494.0
2456769.92624 19.801 0.101 4.28 612.0
2456770.71048 19.998 0.090 3.58 407.0
2456770.75427 20.384 0.162 4.70 409.0
2456770.79783 20.058 0.108 4.19 433.0
2456770.84169 19.919 0.097 3.98 427.0
2456770.88824 19.917 0.105 4.20 438.0
2456771.68989 19.876 0.090 4.20 378.0
2456771.73554 20.330 0.123 3.83 358.0
2456771.79564 20.241 0.119 3.87 416.0
2456771.85433 19.915 0.120 5.08 468.0
2456771.89940 19.941 0.097 3.67 506.0
2456772.67483 19.784 0.108 5.33 444.0
2456772.72056 20.206 0.122 4.36 401.0
2456772.78325 19.940 0.098 4.71 371.0
2456772.82682 20.189 0.106 4.08 391.0
2456772.88565 19.943 0.085 3.70 406.0
2456772.92926 20.248 0.172 4.43 720.0
2456773.71538 20.077 0.176 6.18 454.0
2456773.76465 19.937 0.125 5.77 389.0
2456773.81819 20.017 0.167 6.92 372.0
2456773.87417 20.182 0.146 5.68 382.0
2456773.91742 20.191 0.123 4.48 392.0
2456774.69832 19.788 0.125 6.23 434.0
2456774.74620 19.989 0.146 6.08 410.0
2456774.79166 19.715 0.134 6.98 398.0
2456774.83511 19.862 0.148 6.96 416.0
2456775.67875 20.694 0.185 4.44 381.0
2456775.72729 20.030 0.085 3.77 373.0
2456775.78767 20.147 0.103 4.44 360.0
2456775.84213 20.352 0.128 4.60 346.0
2456775.89858 20.186 0.130 4.64 388.0
2456776.66070 20.785 0.307 6.01 478.0
2456776.71923 19.653 0.103 5.12 578.0
2456776.77914 19.832 0.117 5.24 517.0
2456776.82816 20.038 0.123 5.74 412.0
2456776.88762 20.240 0.154 4.96 438.0
2456777.72814 19.967 0.112 4.43 444.0
2456777.77852 20.066 0.103 4.42 357.0
2456777.82428 19.985 0.111 4.74 434.0
2456777.90787 20.436 0.178 4.35 489.0
2456777.93512 20.220 0.173 4.53 677.0
2456784.64953 19.948 0.110 4.53 489.0
2456784.70774 20.103 0.130 4.92 441.0
2456784.75870 20.126 0.120 4.27 424.0
2456784.80728 20.147 0.102 3.71 419.0
2456784.85903 20.249 0.190 5.61 477.0
2456784.90391 20.496 0.174 4.24 498.0
2456785.63544 20.045 0.100 3.54 500.0
2456785.68449 19.996 0.085 3.32 431.0
2456785.73185 20.094 0.098 3.76 394.0
2456785.78663 20.139 0.090 3.44 388.0
2456785.84387 20.130 0.108 3.57 463.0
2456785.90041 20.278 0.132 3.85 491.0
2456786.64632 20.015 0.093 3.80 398.0
2456786.69262 20.131 0.112 4.01 425.0
2456786.75043 20.179 0.104 3.73 432.0
2456786.80594 20.187 0.086 3.05 420.0
2456786.83170 20.137 0.114 3.75 458.0
2456786.87663 20.084 0.126 4.57 478.0
2456786.92296 19.980 0.118 4.58 517.0
2456787.72770 19.933 0.101 3.34 716.0
2456787.79122 20.153 0.121 3.76 543.0
2456787.83678 20.109 0.123 3.83 580.0
2456788.81012 19.917 0.142 3.90 974.0
2456789.64885 19.939 0.149 5.52 624.0
2456789.69274 20.154 0.139 4.47 561.0
2456789.73638 19.967 0.133 5.11 534.0
2456789.78097 20.167 0.115 3.72 525.0
2456789.82833 20.121 0.135 4.05 640.0
2456789.89117 19.778 0.101 4.56 562.0
2456789.93964 19.902 0.159 4.40 1217.0
2456790.65045 19.535 0.111 5.34 743.0
2456790.69420 20.077 0.146 4.65 619.0
2456790.73774 20.081 0.131 4.36 587.0
2456790.78491 20.140 0.137 4.30 576.0
2456790.83550 19.900 0.113 4.08 655.0
2456790.88059 19.797 0.141 5.57 712.0
2456790.93360 20.251 0.225 5.93 664.0
2456791.64302 19.987 0.197 5.59 918.0
2456791.68916 20.001 0.164 5.09 773.0
2456791.73604 19.873 0.115 4.15 691.0
2456791.78242 19.993 0.119 3.87 710.0
2456791.83019 20.271 0.189 4.03 1004.0
2456791.87733 20.185 0.179 4.54 844.0
2456791.92178 20.787 0.285 4.08 909.0
2456792.63040 19.878 0.162 4.72 1175.0
2456792.67709 20.399 0.225 4.46 960.0
2456792.72078 20.687 0.253 4.11 876.0
2456792.76469 20.451 0.207 4.09 904.0
2456792.80312 19.801 0.153 4.32 1616.0
2456792.84447 20.477 0.206 3.76 936.0
2456792.88349 20.092 0.171 4.37 982.0
2456792.91837 19.965 0.161 4.53 1053.0
2456796.60615 19.891 0.145 5.30 649.0
2456796.65029 20.202 0.149 4.15 556.0
2456796.69848 20.303 0.169 3.90 666.0
2456796.74214 19.840 0.113 4.58 682.0
2456796.78977 20.022 0.120 3.98 564.0
2456796.83907 20.106 0.121 3.93 515.0
2456796.88390 20.432 0.172 4.01 617.0
2456796.92824 20.006 0.149 4.80 730.0
2456797.62760 20.176 0.175 5.08 568.0
2456797.66401 19.972 0.170 5.17 740.0
2456797.71817 20.288 0.228 4.27 1053.0
2456797.76748 20.374 0.210 4.96 716.0
2456797.81393 20.453 0.266 4.49 1043.0
2456797.85746 20.184 0.186 4.18 994.0
2456797.89655 22.798 2.227 4.86 907.0
2456797.93558 20.663 0.427 5.41 1442.0
2456798.67331 19.559 0.146 6.93 675.0
2456798.75786 20.074 0.192 6.71 425.0
2456798.82067 20.005 0.188 6.73 450.0
2456798.86347 20.015 0.193 6.65 501.0
2456799.78463 20.099 0.221 7.51 371.0
2456799.85890 20.150 0.225 7.02 420.0
2456799.91668 20.224 0.260 7.07 500.0
2456803.62819 20.100 0.147 6.39 307.0
2456803.69214 20.112 0.111 5.01 289.0
2456803.74037 20.002 0.084 4.07 292.0
2456803.79093 20.135 0.117 4.30 389.0
2456803.83964 19.963 0.111 4.62 422.0
2456803.88054 20.112 0.110 4.52 361.0
2456803.91855 20.025 0.119 4.79 421.0
2456804.57678 20.146 0.132 5.23 372.0
2456804.61708 20.094 0.114 4.94 346.0
2456804.66539 20.264 0.136 4.84 350.0
2456804.71887 20.198 0.101 4.06 336.0
2456804.76774 20.076 0.108 4.40 354.0
2456804.82281 20.118 0.124 4.61 388.0
2456804.86732 19.939 0.147 6.08 415.0
2456804.90891 20.241 0.180 5.66 474.0
2456804.94335 21.039 0.587 5.86 1045.0
2456805.62072 19.906 0.125 5.86 378.0
2456805.67039 20.050 0.177 6.76 402.0
2456805.71694 20.155 0.124 4.88 351.0
2456805.78437 20.471 0.166 4.62 371.0
2456805.82816 20.290 0.147 4.62 406.0
2456805.87162 20.112 0.146 5.22 451.0
2456805.91550 20.382 0.235 6.11 537.0
2456806.85110 20.030 0.135 5.63 377.0
2456806.89748 20.133 0.186 6.58 438.0
2456807.63784 19.895 0.162 7.21 378.0
2456807.69934 20.038 0.145 6.08 360.0
2456807.74920 19.825 0.121 5.88 362.0
2456807.79658 19.963 0.130 5.79 356.0
2456807.84137 19.727 0.108 5.51 390.0
2456807.88527 19.876 0.139 6.08 429.0
2456807.92923 20.257 0.251 7.07 491.0
2456808.59878 20.182 0.174 5.67 443.0
2456808.64461 20.093 0.132 5.30 397.0
2456808.69127 20.441 0.145 4.25 382.0
2456808.75881 20.194 0.102 3.59 373.0
2456808.80419 20.159 0.110 4.22 352.0
2456808.84970 20.444 0.153 4.45 390.0
2456808.89402 19.754 0.094 5.01 406.0
2456808.93336 19.832 0.166 7.10 495.0
2456809.58931 20.155 0.129 4.88 424.0
2456809.64764 20.412 0.142 4.62 352.0
2456809.70514 20.315 0.089 3.33 315.0
2456809.76284 20.229 0.086 3.23 313.0
2456809.81824 20.458 0.137 4.16 361.0
2456809.87257 19.946 0.118 5.12 424.0
2456809.91457 20.569 0.246 5.48 537.0
2456810.58510 20.374 0.190 4.93 494.0
2456810.63229 19.963 0.120 5.21 414.0
2456810.67803 20.064 0.119 4.56 428.0
2456810.73478 20.208 0.104 3.65 392.0
2456810.79013 20.170 0.110 4.29 365.0
2456810.84415 19.777 0.092 4.56 450.0
2456810.88947 20.310 0.166 4.79 569.0
2456810.92981 20.030 0.186 5.72 701.0
2456811.58398 20.216 0.204 6.19 523.0
2456811.62818 19.935 0.139 6.15 409.0
2456811.67554 20.436 0.193 5.56 412.0
2456811.73188 20.516 0.183 4.85 432.0
2456811.79399 20.087 0.158 5.55 487.0
2456811.84020 19.842 0.116 5.05 530.0
2456811.88864 20.003 0.157 5.48 601.0
2456811.93001 19.827 0.188 7.04 672.0
2456813.62091 19.914 0.154 6.48 434.0
2456813.67294 19.896 0.117 5.54 361.0
2456813.72230 20.309 0.155 5.45 332.0
2456813.78303 20.317 0.157 5.38 302.0
2456813.83643 20.320 0.155 5.40 323.0
2456813.88726 20.156 0.138 5.38 365.0
2456813.92927 20.150 0.157 5.45 476.0
2456814.61627 20.132 0.172 6.42 380.0
2456814.67488 20.137 0.098 4.21 310.0
2456814.75243 20.108 0.098 4.11 320.0
2456814.79786 20.123 0.126 5.20 327.0
2456814.84218 20.117 0.131 5.42 344.0
2456814.88786 19.755 0.114 5.98 417.0
2456814.92954 20.003 0.189 7.05 491.0
2456815.59701 20.352 0.207 6.08 423.0
2456815.64388 19.820 0.112 5.42 395.0
2456815.69187 20.243 0.165 5.59 394.0
2456815.77054 20.538 0.175 4.58 364.0
2456815.82415 20.113 0.124 4.59 413.0
2456815.87471 20.046 0.117 4.62 459.0
2456815.91941 19.944 0.132 5.08 591.0
2456816.58542 20.264 0.231 6.78 490.0
2456816.64747 19.797 0.128 6.07 455.0
2456816.71326 20.055 0.141 5.64 412.0
2456816.76945 20.081 0.149 5.42 441.0
2456816.82401 19.987 0.131 5.63 364.0
2456816.87379 19.979 0.136 5.83 400.0
2456817.58841 19.762 0.129 6.06 556.0
2456817.63560 20.204 0.133 4.51 464.0
2456817.68488 20.341 0.170 5.11 439.0
2456817.73536 19.990 0.108 4.36 475.0
2456817.78029 20.294 0.156 4.79 473.0
2456817.83404 20.198 0.159 5.28 452.0
2456817.88777 20.176 0.208 6.63 528.0
2456817.91960 19.917 0.165 6.18 597.0
2456818.57452 20.191 0.160 4.84 546.0
2456818.85538 19.694 0.146 6.23 700.0
2456819.56796 19.793 0.153 5.47 884.0
2456819.60538 19.839 0.150 5.51 784.0
2456819.64269 20.064 0.184 4.76 1120.0
2456819.68246 20.510 0.369 4.90 1906.0
2456819.73229 19.849 0.143 5.47 684.0
2456819.77215 21.179 0.581 5.68 911.0
2456819.82244 20.074 0.214 6.11 807.0
2456819.86761 20.253 0.256 6.16 814.0
2456823.70216 20.518 0.215 4.42 708.0
2456823.75041 20.082 0.273 3.90 2771.0
2456823.75292 20.273 0.160 4.04 639.0
2456823.79634 19.890 0.120 4.99 632.0
2456823.84165 20.177 0.160 4.50 714.0
2456823.88635 19.814 0.122 4.19 901.0
2456824.54698 20.064 0.189 5.49 743.0
2456824.59528 20.077 0.186 5.62 649.0
2456824.64810 19.746 0.122 4.81 717.0
2456824.69924 19.819 0.123 4.99 607.0
2456824.76732 20.044 0.119 4.19 561.0
2456824.81205 20.524 0.227 4.97 620.0
2456824.85690 20.822 0.362 5.46 740.0
2456824.89897 20.136 0.205 5.47 885.0
2456825.56393 20.223 0.153 4.95 425.0
2456825.60774 20.123 0.137 4.52 479.0
2456825.65238 20.325 0.156 4.36 448.0
2456825.70888 20.081 0.123 4.17 490.0
2456825.76479 19.992 0.113 4.13 493.0
2456825.80958 20.198 0.165 4.72 627.0
2456825.85433 20.387 0.252 5.39 767.0
2456825.90031 20.172 0.178 4.41 893.0
2456826.54257 19.671 0.118 6.04 457.0
2456826.58762 20.219 0.156 4.86 439.0
2456826.63119 20.108 0.143 5.60 397.0
2456826.68627 20.307 0.127 3.78 430.0
2456826.74400 20.179 0.138 4.41 475.0
2456826.78842 20.023 0.112 4.32 451.0
2456826.85581 19.878 0.117 5.13 523.0
2456826.89633 19.809 0.135 5.16 774.0
2456827.55824 20.046 0.110 4.10 420.0
2456827.60340 20.115 0.117 4.02 456.0
2456827.64790 20.227 0.125 4.14 434.0
2456827.73780 20.202 0.117 4.16 368.0
2456827.78280 20.059 0.123 5.17 385.0
2456827.82758 20.077 0.126 4.98 417.0
2456827.87029 20.539 0.261 5.79 598.0
2456828.54576 20.546 0.211 5.48 416.0
2456828.59163 20.184 0.121 4.99 316.0
2456828.63718 20.321 0.122 4.35 310.0
2456828.69381 20.184 0.099 4.07 323.0
2456828.76191 20.111 0.106 4.42 334.0
2456828.81539 19.766 0.087 4.99 352.0
2456828.85910 20.045 0.130 5.10 435.0
2456828.89558 20.887 0.425 6.69 603.0
2456829.54551 20.386 0.238 6.50 415.0
2456829.59003 20.176 0.192 6.87 345.0
2456829.64405 20.026 0.139 6.03 310.0
2456829.70138 19.904 0.117 5.80 309.0
2456829.74572 20.274 0.149 5.41 311.0
2456829.78986 19.953 0.122 5.73 339.0
2456829.83325 20.235 0.157 5.55 368.0
2456829.87486 19.662 0.146 6.13 773.0
2456830.55054 19.908 0.125 5.36 482.0
2456830.59767 20.101 0.134 5.12 418.0
2456830.65152 20.097 0.085 3.52 371.0
2456830.70949 20.474 0.113 3.38 334.0
2456830.75442 20.361 0.119 3.91 355.0
2456830.79859 19.837 0.093 4.71 396.0
2456830.85071 20.268 0.144 4.19 532.0
2456831.52997 20.170 0.160 4.21 859.0
2456831.61758 20.202 0.095 3.52 365.0
2456831.66074 20.086 0.093 3.84 356.0
2456831.72947 20.313 0.116 3.82 373.0
2456831.77419 20.172 0.117 4.61 362.0
2456831.86484 19.898 0.164 6.44 563.0
2456832.52225 20.574 0.193 4.73 447.0
2456832.57368 20.082 0.125 5.01 374.0
2456832.61835 20.036 0.127 5.25 363.0
2456832.68622 20.372 0.153 5.03 351.0
2456832.73196 20.466 0.178 5.13 365.0
2456832.77700 20.291 0.172 5.37 430.0
2456832.82258 19.888 0.147 6.10 550.0
2456833.52681 20.144 0.192 5.95 565.0
2456833.57212 19.895 0.151 6.59 485.0
2456833.62225 20.295 0.184 6.03 383.0
2456833.68951 20.145 0.122 4.54 404.0
2456833.73574 20.664 0.220 4.78 456.0
2456833.77958 20.310 0.169 4.71 575.0
2456833.82372 19.836 0.148 5.78 672.0
2456833.86318 20.116 0.232 6.30 880.0
2456834.52668 19.939 0.163 6.14 531.0
2456834.56997 20.136 0.170 6.18 388.0
2456834.61354 20.156 0.158 5.51 432.0
2456834.66725 20.103 0.116 4.60 383.0
2456834.72354 20.529 0.172 4.46 376.0
2456834.76823 19.925 0.128 5.64 408.0
2456834.81251 20.122 0.202 7.20 472.0
2456834.85716 19.923 0.225 7.41 697.0
2456835.54767 19.879 0.136 6.05 398.0
2456835.59270 20.041 0.128 5.27 358.0
2456835.63646 19.967 0.130 5.75 358.0
2456835.70195 20.142 0.132 5.13 358.0
2456835.74637 20.133 0.125 4.85 338.0
2456835.79044 20.269 0.171 5.64 375.0
2456835.83463 20.041 0.182 7.16 422.0
2456836.49217 20.217 0.246 7.27 527.0
2456836.54792 19.873 0.143 6.08 466.0
2456836.60020 20.306 0.185 5.79 388.0
2456836.64987 20.346 0.168 5.52 347.0
2456836.70314 20.161 0.156 6.05 335.0
2456836.75010 20.280 0.179 6.15 376.0
2456836.79435 19.627 0.115 6.39 422.0
2456836.83871 19.508 0.144 7.71 556.0
2456837.49402 19.970 0.132 4.72 679.0
2456837.53785 20.329 0.147 4.17 538.0
2456837.58111 20.140 0.110 4.09 450.0
2456837.62457 20.321 0.129 4.18 432.0
2456837.68966 20.084 0.113 4.68 350.0
2456837.73319 20.270 0.152 4.71 457.0
2456837.77767 19.801 0.102 4.64 501.0
2456837.82171 20.271 0.179 5.53 495.0
2456837.85821 19.726 0.130 5.64 648.0
2456838.51876 20.364 0.211 5.85 485.0
2456838.56453 19.651 0.122 6.63 449.0
2456838.60975 20.128 0.133 5.17 373.0
2456838.66477 20.131 0.133 5.37 331.0
2456838.71944 20.296 0.133 4.32 384.0
2456838.76307 20.482 0.178 4.82 406.0
2456838.80732 19.738 0.126 6.14 470.0
2456838.84752 20.005 0.180 6.52 530.0
2456839.51662 20.125 0.134 4.87 460.0
2456839.56303 20.076 0.138 5.52 392.0
2456839.60687 19.994 0.131 5.47 437.0
2456839.65285 20.153 0.132 4.78 455.0
2456839.72028 19.830 0.117 5.34 463.0
2456839.76416 20.068 0.147 5.40 457.0
2456839.80907 20.141 0.159 5.26 539.0
2456839.84608 20.337 0.245 6.19 641.0
2456840.54677 19.738 0.153 7.24 482.0
2456840.59233 20.217 0.174 5.63 467.0
2456840.64454 20.010 0.138 5.73 386.0
2456840.71117 19.917 0.155 6.94 361.0
2456840.75468 19.967 0.108 5.08 354.0
2456840.79850 20.128 0.178 6.73 383.0
2456841.53842 19.986 0.136 4.76 686.0
2456841.59311 20.180 0.138 4.33 550.0
2456841.64878 20.162 0.143 5.07 482.0
2456841.70426 20.341 0.155 4.94 371.0
2456841.74738 20.169 0.135 4.89 412.0
2456841.79161 20.068 0.148 5.58 466.0
2456841.83131 20.162 0.191 6.53 474.0
2456842.51995 19.868 0.155 6.20 580.0
2456842.56407 20.023 0.148 5.64 475.0
2456842.60736 20.198 0.156 5.38 429.0
2456842.67227 20.225 0.139 4.75 380.0
2456842.71622 20.199 0.142 5.24 368.0
2456842.76177 20.003 0.123 5.19 403.0
2456842.80550 19.823 0.118 5.77 462.0
2456844.47531 19.913 0.174 5.98 759.0
2456844.51885 20.038 0.133 4.80 561.0
2456844.56371 20.401 0.153 4.42 457.0
2456844.60725 20.086 0.133 5.00 456.0
2456844.66519 20.268 0.137 4.19 446.0
2456844.72153 20.123 0.125 4.52 437.0
2456844.76699 20.048 0.133 5.44 381.0
2456844.81037 19.971 0.129 5.73 415.0
2456844.84868 20.108 0.193 6.76 474.0
2456845.49337 20.111 0.129 4.41 571.0
2456845.53666 20.269 0.149 4.92 429.0
2456845.57971 20.369 0.150 4.50 480.0
2456845.62289 20.134 0.109 4.12 432.0
2456845.68687 20.208 0.118 3.80 469.0
2456845.73083 20.022 0.110 4.03 518.0
2456845.77465 20.272 0.140 4.72 421.0
2456845.81715 20.042 0.124 5.16 400.0
2456846.80049 20.763 0.438 4.84 1610.0
2456846.81160 19.999 0.140 4.94 608.0
2456846.83457 20.181 0.147 5.28 414.0
2456847.46430 20.449 0.293 4.47 1318.0
2456847.49673 20.338 0.272 4.08 1711.0
2456847.53399 20.648 0.319 4.45 1245.0
2456847.57279 20.279 0.180 5.12 716.0
2456847.60985 20.185 0.144 3.94 678.0
2456847.65147 20.791 0.356 3.79 1519.0
2456847.69035 20.622 0.399 4.05 2155.0
2456847.72781 20.628 0.307 3.90 1499.0
2456847.76500 20.104 0.162 4.34 947.0
2456847.80231 19.801 0.125 4.72 791.0
2456848.58661 20.142 0.128 4.22 594.0
2456848.71397 20.106 0.135 3.96 630.0
2456848.75725 20.260 0.180 4.57 725.0
2456848.77311 19.695 0.127 5.62 642.0
2456848.79162 19.675 0.105 4.70 661.0
2456848.80923 19.780 0.131 4.89 782.0
2456848.82398 20.248 0.228 5.22 926.0
2456848.83437 19.643 0.165 6.16 1004.0
2456848.83616 20.068 0.253 6.52 960.0
2456848.83792 19.624 0.154 6.21 916.0
2456848.84600 19.842 0.253 7.11 1169.0
2456849.62529 20.553 0.461 6.86 1110.0
2456849.63580 19.742 0.187 5.99 1091.0
2456849.64780 19.710 0.190 6.01 1100.0
2456849.65478 19.559 0.177 6.54 1094.0
2456849.66402 20.230 0.246 5.01 1089.0
2456850.51730 20.183 0.328 6.75 1241.0
2456850.53680 19.605 0.170 6.20 1137.0
2456850.55728 19.853 0.183 5.61 1102.0
2456850.57020 19.790 0.220 6.75 1136.0
2456850.57956 20.328 0.259 5.16 1100.0
2456850.59225 19.582 0.161 6.26 1083.0
2456850.60331 19.863 0.184 5.76 1054.0
2456850.63158 20.427 0.260 4.87 977.0
2456850.64166 19.965 0.192 4.54 1379.0
2456850.67988 20.177 0.259 5.94 1010.0
2456850.69046 20.111 0.297 6.66 1192.0
2456850.70199 20.328 0.345 6.36 1180.0
2456850.71538 20.250 0.368 7.21 1158.0
2456850.72990 19.822 0.250 7.16 1225.0
2456850.74348 19.637 0.180 6.28 1215.0
2456850.75566 20.134 0.310 6.56 1226.0
2456850.76887 19.906 0.236 6.22 1298.0
2456850.78040 19.558 0.177 6.67 1240.0
2456850.79378 20.221 0.324 6.60 1318.0
2456850.80963 20.244 0.418 7.55 1493.0
2456851.46421 20.293 0.319 5.74 1523.0
2456851.48373 20.004 0.161 4.83 946.0
2456851.50138 19.897 0.160 5.41 873.0
2456851.51617 20.136 0.185 5.00 868.0
2456851.53073 20.080 0.157 4.68 821.0
2456851.55116 20.302 0.192 4.70 811.0
2456851.56131 20.056 0.146 4.54 811.0
2456851.57882 20.697 0.253 4.40 793.0
2456851.59772 20.089 0.162 4.90 779.0
2456851.61935 20.295 0.213 5.12 790.0
2456851.64723 20.208 0.164 4.52 703.0
2456851.67102 20.126 0.165 4.86 718.0
2456851.69348 20.255 0.171 4.64 687.0
2456851.71501 20.410 0.206 4.56 747.0
2456851.74023 20.018 0.183 5.34 892.0
2456851.76149 19.838 0.143 5.10 821.0
2456851.78629 20.484 0.292 5.93 884.0
2456851.80975 19.983 0.225 6.33 986.0
2456852.46297 19.944 0.294 7.12 1361.0
2456852.47364 19.650 0.154 7.07 628.0
2456852.48384 19.644 0.145 6.80 596.0
2456852.49226 19.934 0.147 5.64 605.0
2456852.50235 20.051 0.192 6.08 693.0
2456852.51854 20.023 0.191 6.08 717.0
2456852.52953 19.977 0.194 6.25 743.0
2456852.54103 20.259 0.218 5.51 770.0
2456852.55098 20.328 0.231 5.44 798.0
2456852.56425 20.091 0.201 6.05 710.0
2456852.57553 19.796 0.183 5.66 1159.0
2456852.59059 19.910 0.137 5.28 652.0
2456852.59973 20.317 0.211 5.35 731.0
2456852.61250 20.383 0.215 5.35 662.0
2456852.62458 20.133 0.223 6.65 670.0
2456852.63511 19.608 0.135 6.55 644.0
2456852.64754 20.056 0.206 6.59 610.0
2456852.66266 19.832 0.178 6.78 676.0
2456852.67743 20.179 0.313 7.54 1017.0
2456852.69080 20.191 0.362 6.89 1453.0
2456852.70267 20.020 0.239 7.42 713.0
2456852.71375 20.210 0.221 6.06 688.0
2456852.72393 20.037 0.234 6.22 1063.0
2456852.73605 20.761 0.517 6.99 973.0
2456852.74567 20.459 0.349 6.16 1130.0
2456852.76755 20.180 0.314 7.55 872.0
2456852.77890 19.653 0.198 7.61 910.0
2456852.79334 19.536 0.164 7.11 930.0
2456852.80204 20.249 0.299 7.20 903.0
2456852.81083 20.977 0.632 7.35 968.0
2456852.81696 19.654 0.217 7.31 1300.0
2456853.54304 19.978 0.219 7.56 551.0
2456853.55152 20.070 0.237 7.46 594.0
2456853.55614 20.636 0.472 7.29 889.0
2456853.58110 19.859 0.189 7.70 504.0
2456853.58894 19.878 0.208 7.61 657.0
2456853.59272 19.596 0.156 6.95 739.0
2456853.59972 19.896 0.217 6.85 911.0
2456853.60521 20.440 0.274 6.79 476.0
2456853.61293 19.853 0.204 6.59 946.0
2456853.67349 21.721 1.404 6.56 1462.0
2456853.68545 19.438 0.123 7.47 469.0
2456853.70362 19.513 0.129 7.23 488.0
2456853.71838 19.760 0.141 6.46 489.0
2456853.73229 19.987 0.194 7.06 515.0
2456853.75258 19.851 0.189 7.40 571.0
2456854.46129 19.437 0.185 6.35 1916.0
2456854.47026 19.248 0.084 5.79 710.0
2456854.48521 19.709 0.113 5.17 688.0
2456854.51643 20.072 0.148 5.26 629.0
2456854.53247 19.827 0.114 5.21 585.0
2456854.55110 20.029 0.135 4.24 852.0
2456854.67759 20.295 0.144 4.05 597.0
2456855.48385 19.890 0.141 5.79 468.0
2456855.53203 19.804 0.120 6.85 371.0
2456855.57672 20.114 0.176 7.05 326.0
2456855.62222 20.073 0.123 6.23 292.0
2456855.68823 20.046 0.110 5.10 318.0
2456855.73282 20.091 0.128 5.41 336.0
2456855.77933 20.175 0.140 5.64 354.0
2456855.81443 20.208 0.152 5.43 436.0
2456856.50023 19.850 0.131 5.88 445.0
2456856.54387 20.172 0.137 5.15 391.0
2456856.59860 20.119 0.116 4.65 334.0
2456856.65485 20.177 0.125 4.97 325.0
2456856.69855 19.913 0.094 4.27 365.0
2456856.74421 20.437 0.161 4.56 439.0
2456856.78649 19.958 0.142 6.15 529.0
2456857.48583 20.161 0.125 4.32 440.0
2456857.52729 20.170 0.121 3.95 419.0
2456857.57209 19.920 0.102 4.28 384.0
2456857.64006 20.148 0.095 3.71 290.0
2456857.68498 20.310 0.127 4.62 293.0
2456857.73272 20.087 0.104 4.48 332.0
2456857.77816 20.228 0.150 5.30 398.0
2456858.48346 20.116 0.113 4.50 385.0
2456858.52791 20.278 0.126 4.38 328.0
2456858.57231 20.321 0.110 3.73 330.0
2456858.63932 20.221 0.116 4.21 362.0
2456858.68359 20.244 0.107 3.97 341.0
2456858.72757 20.008 0.107 4.83 358.0
2456858.77186 20.011 0.110 4.74 381.0
2456859.58677 19.886 0.169 7.02 408.0
2456859.65599 20.367 0.154 4.47 395.0
2456859.70473 19.990 0.143 5.70 426.0
2456859.75067 20.172 0.199 6.67 480.0
2456862.56092 19.778 0.133 6.68 382.0
2456862.62850 19.879 0.126 6.21 390.0
2456862.67240 20.028 0.137 5.59 400.0
2456862.71912 19.910 0.123 5.55 421.0
2456862.76105 20.070 0.136 5.67 444.0
2456863.48642 20.244 0.135 4.61 438.0
2456863.53099 20.269 0.116 4.08 405.0
2456863.60159 20.173 0.090 3.87 320.0
2456863.64630 20.076 0.099 4.39 328.0
2456863.69141 20.420 0.149 4.72 357.0
2456863.73870 20.094 0.137 5.71 374.0
2456863.77819 19.988 0.140 6.03 442.0
2456864.50309 20.004 0.134 5.49 336.0
2456864.54886 20.402 0.177 6.47 290.0
2456864.61487 19.906 0.107 5.72 304.0
2456864.65997 20.260 0.143 5.12 314.0
2456864.70594 19.919 0.107 5.74 313.0
2456864.75536 19.875 0.115 5.92 345.0
2456865.54769 19.858 0.103 5.74 340.0
2456865.67206 19.889 0.110 5.47 344.0
2456866.55726 19.822 0.132 7.04 329.0
2456866.73040 19.916 0.129 6.28 351.0
2456866.76464 19.985 0.137 6.23 385.0
2456866.79883 20.300 0.206 6.42 468.0
2456882.48992 19.767 0.109 5.12 389.0
2456882.54778 19.996 0.138 5.92 355.0
2456882.59360 19.970 0.135 5.75 372.0
2456882.63945 19.926 0.094 4.05 397.0
2456882.68747 19.890 0.108 4.68 478.0
2456882.73368 20.191 0.188 6.00 532.0
2456883.47807 20.172 0.177 5.29 510.0
2456883.52171 19.847 0.104 4.73 413.0
2456883.56726 20.320 0.138 4.97 281.0
2456883.62975 19.963 0.147 5.37 516.0
2456883.65164 20.329 0.215 5.21 643.0
2456883.66854 19.899 0.134 4.81 621.0
2456883.68603 19.759 0.141 5.09 855.0
2456883.73086 20.045 0.189 6.15 602.0
2456884.69077 19.987 0.120 5.80 377.0
2456884.73090 20.258 0.231 7.21 444.0
2456885.50312 20.206 0.141 5.03 341.0
2456885.57198 20.142 0.119 4.60 313.0
2456885.61666 20.143 0.108 4.43 309.0
2456885.66715 19.981 0.099 4.88 345.0
2456885.71269 19.787 0.112 6.15 411.0
2456886.49012 20.434 0.207 5.63 428.0
2456886.55984 19.950 0.103 4.61 338.0
2456886.60507 20.044 0.118 4.73 376.0
2456886.65190 19.883 0.104 4.87 407.0
2456886.69810 19.724 0.112 5.57 532.0
2456887.47708 20.244 0.164 4.87 524.0
2456887.54327 20.213 0.128 4.38 348.0
2456887.59254 20.178 0.097 3.62 313.0
2456887.63956 20.156 0.111 4.56 292.0
2456887.68950 19.812 0.104 5.93 303.0
2456888.47515 20.309 0.148 4.39 483.0
2456888.54171 20.042 0.094 4.11 283.0
2456888.58802 20.199 0.128 4.54 341.0
2456888.63923 20.366 0.153 4.74 393.0
2456888.69081 20.347 0.196 5.88 432.0
2456889.49170 19.972 0.110 4.80 358.0
2456889.55834 20.167 0.120 4.75 288.0
2456889.60569 20.044 0.118 5.20 315.0
2456889.65294 19.993 0.105 5.15 305.0
2456889.69811 20.083 0.147 6.17 348.0
2456890.50242 20.023 0.119 5.17 333.0
2456890.56210 20.204 0.146 5.56 307.0
2456890.60873 20.111 0.148 6.06 297.0
2456890.65333 20.132 0.132 5.64 297.0
2456890.69547 20.017 0.155 6.97 306.0
2456891.47007 20.068 0.243 5.22 1350.0
2456891.50526 20.592 0.212 5.33 368.0
2456891.56397 20.135 0.113 4.61 331.0
2456891.61302 20.342 0.168 5.33 362.0
2456891.65857 19.826 0.121 6.11 368.0
2456891.70125 20.070 0.173 6.69 415.0
2456895.52827 20.084 0.105 4.22 356.0
2456895.58262 20.316 0.125 4.42 345.0
2456895.62944 20.202 0.133 5.00 336.0
2456895.67510 20.122 0.129 5.27 339.0
2456896.49809 20.179 0.130 4.69 407.0
2456896.56524 20.187 0.154 5.45 367.0
2456896.60924 20.155 0.134 5.22 351.0
2456898.47415 20.273 0.197 5.51 620.0
2456898.61342 20.128 0.203 6.59 509.0
2456900.48900 20.508 0.171 4.21 492.0
2456900.50874 20.355 0.162 4.82 462.0
2456900.52268 20.312 0.123 4.05 395.0
2456900.53662 20.254 0.124 4.09 443.0
2456907.47718 20.006 0.153 4.86 745.0
2456907.52720 20.422 0.177 4.78 493.0
2456907.57080 19.882 0.112 4.73 533.0
2456907.61404 20.133 0.180 5.58 581.0
2456907.65340 20.036 0.169 5.62 634.0
2456908.48024 20.223 0.272 5.58 1085.0
2456908.51027 20.300 0.224 5.69 572.0
2456908.52357 19.940 0.168 5.49 630.0
2456908.56255 19.962 0.130 4.85 554.0
2456908.61593 19.921 0.165 5.18 906.0
2456908.64281 19.826 0.178 4.93 1508.0
2456909.52644 19.874 0.181 6.68 571.0
2456909.58317 19.981 0.180 5.61 615.0
2456909.62720 20.153 0.234 6.36 710.0
2456909.65126 20.357 0.377 7.44 846.0
2456910.57780 19.974 0.211 7.37 526.0
2456912.47757 20.050 0.185 5.56 742.0
2456912.51781 20.277 0.163 5.46 379.0
2456912.56791 20.365 0.181 5.33 436.0
2456912.61185 20.465 0.234 5.84 501.0
2456912.64487 20.551 0.276 6.09 576.0
2456915.51998 20.171 0.134 5.09 372.0
2456915.56302 19.964 0.120 5.43 388.0
2456915.60718 20.195 0.194 6.62 417.0
2456916.49934 20.299 0.175 4.82 546.0
2456918.48760 20.053 0.212 7.10 558.0
2456918.54509 20.391 0.205 5.45 497.0
2456918.58949 20.330 0.206 5.84 480.0
2456918.63793 20.221 0.292 7.85 570.0
2456919.52940 20.029 0.163 6.29 429.0
2456919.57324 20.056 0.152 5.87 385.0
2456920.51131 19.774 0.168 7.40 430.0
2456921.62851 20.011 0.133 6.50 385.0
2456922.50992 20.002 0.148 5.52 461.0
2456922.55372 20.170 0.173 5.64 435.0
2456922.59893 20.385 0.214 5.84 420.0
2456923.49931 19.698 0.149 7.21 439.0
2456923.54747 19.645 0.133 6.63 474.0
2456923.60333 19.899 0.201 7.28 568.0
2456924.51218 20.483 0.222 5.35 490.0
2456924.55569 19.951 0.133 5.31 501.0
2456924.60111 20.310 0.209 6.09 495.0
2456925.52309 19.888 0.159 6.68 401.0
2456925.56685 19.781 0.122 5.98 412.0
2456925.61229 19.904 0.151 6.35 450.0
2456926.51333 20.230 0.218 6.83 439.0
2456926.56223 19.927 0.127 5.63 412.0
2456926.60563 20.339 0.178 5.44 411.0
2456927.53821 19.911 0.167 6.81 460.0
2456927.58193 19.683 0.141 6.74 525.0
2456928.48222 19.367 0.135 7.53 579.0
2456928.54439 20.097 0.202 7.13 433.0
2456928.58912 19.618 0.158 8.05 431.0
2456929.52002 19.955 0.154 6.37 440.0
2456929.57596 20.129 0.183 6.47 493.0
2456930.48733 19.869 0.297 7.57 1345.0
2456930.53708 19.296 0.114 7.34 530.0
2456930.58858 20.085 0.202 6.63 556.0
2456936.50212 19.928 0.134 5.32 595.0
2456936.54908 19.370 0.106 6.61 696.0
2456937.50186 19.824 0.145 5.66 599.0
2456937.54616 19.801 0.142 5.85 610.0
2456938.48672 19.897 0.223 5.70 1268.0
2456938.53097 20.203 0.260 6.71 693.0
2456938.57338 20.226 0.249 5.44 872.0
2456940.48623 19.934 0.230 6.59 880.0
2456940.53564 20.045 0.211 6.79 636.0
2456941.49981 20.312 0.265 6.56 617.0
2456942.50536 20.159 0.175 5.64 535.0
2456942.54886 20.001 0.172 6.48 511.0
2456943.50395 20.435 0.303 7.04 565.0
2456944.48859 19.968 0.157 5.76 656.0
2456944.54125 20.180 0.192 6.90 431.0
2456947.50257 19.865 0.158 7.23 491.0
2456948.48961 19.515 0.166 6.89 1014.0
2456949.52687 19.697 0.158 6.94 487.0
2456950.53955 20.274 0.262 6.94 582.0
2456951.49066 19.561 0.128 5.58 935.0
2456951.54838 19.980 0.176 6.56 600.0
2456953.49607 19.570 0.136 5.99 795.0
2456954.53176 19.830 0.173 6.83 623.0
2456955.52215 20.196 0.174 5.43 558.0
2456956.53762 20.807 0.402 6.28 584.0
