2455265.87430 19.544 0.101 4.70 825.0
2455266.82056 19.731 0.106 5.79 431.0
2455267.84780 19.463 0.071 5.13 402.0
2455268.85018 19.518 0.064 4.55 381.0
2455269.81390 19.457 0.055 3.98 373.0
2455270.81954 19.379 0.052 3.79 358.0
2455271.81510 19.433 0.062 4.36 438.0
2455272.82022 19.469 0.069 5.24 354.0
2455273.80522 19.494 0.067 5.11 364.0
2455274.82376 19.427 0.060 4.46 362.0
2455275.81006 19.335 0.062 4.14 440.0
2455276.78823 19.408 0.063 4.51 376.0
2455276.91582 19.414 0.109 4.32 1364.0
2455277.84425 19.549 0.089 5.79 384.0
2455278.82033 19.651 0.079 4.90 370.0
2455279.82159 19.457 0.067 4.91 355.0
2455280.82823 19.404 0.056 4.20 394.0
2455281.80813 19.537 0.054 3.21 368.0
2455282.83087 19.522 0.064 3.82 435.0
2455283.79091 19.570 0.098 5.36 564.0
2455283.88233 19.333 0.068 5.92 402.0
2455284.79659 19.509 0.102 5.18 668.0
2455285.78740 19.571 0.118 5.75 789.0
2455285.91788 19.315 0.102 5.33 1035.0
2455286.80305 19.573 0.124 5.72 703.0
2455287.85623 19.537 0.076 3.66 601.0
2455288.78159 19.424 0.082 4.53 729.0
2455289.83348 19.534 0.099 5.15 739.0
2455293.86143 19.435 0.059 3.98 389.0
2455294.81268 19.416 0.049 4.05 313.0
2455295.81572 19.438 0.056 4.59 302.0
2455296.85513 19.388 0.040 3.05 307.0
2455297.89129 19.378 0.043 3.35 312.0
2455298.92592 19.434 0.083 3.47 1075.0
2455299.91633 19.590 0.063 4.09 400.0
2455301.84124 19.383 0.059 4.93 351.0
2455306.80129 19.482 0.057 4.65 335.0
2455307.82673 19.487 0.064 4.60 393.0
2455308.81641 19.371 0.051 4.31 320.0
2455309.87121 19.574 0.069 4.90 347.0
2455310.87960 19.448 0.059 4.90 370.0
2455312.73619 19.547 0.108 6.53 521.0
2455313.77266 19.773 0.126 5.73 605.0
2455314.69967 19.483 0.116 5.58 949.0
2455314.91238 19.579 0.088 4.03 768.0
2455315.84018 19.502 0.095 4.52 885.0
2455316.79634 19.600 0.123 5.33 767.0
2455320.83537 19.424 0.074 4.18 687.0
2455321.78121 19.647 0.086 4.96 482.0
2455323.66720 19.474 0.099 6.54 519.0
2455323.89173 19.501 0.075 4.31 578.0
2455324.82422 19.369 0.069 5.13 401.0
2455325.73759 19.390 0.057 4.64 333.0
2455326.62458 19.530 0.107 6.37 479.0
2455326.86410 19.373 0.061 4.14 415.0
2455327.81277 19.336 0.061 4.59 350.0
2455328.74202 19.488 0.068 4.99 363.0
2455334.86411 19.473 0.080 5.96 370.0
2455335.82987 19.462 0.059 4.25 368.0
2455336.92514 19.422 0.063 3.60 537.0
2455337.92642 19.302 0.088 5.83 628.0
2455339.68470 19.633 0.111 5.51 574.0
2455340.64332 19.744 0.163 6.87 720.0
2455340.90176 19.628 0.110 5.11 695.0
2455341.83312 19.535 0.075 4.14 586.0
2455342.66046 19.276 0.095 6.09 701.0
2455342.85671 19.485 0.090 4.87 674.0
2455343.68047 19.519 0.105 4.84 852.0
2455343.88672 19.694 0.129 5.14 933.0
2455348.82114 19.517 0.112 6.72 509.0
2455349.73127 19.429 0.108 5.43 938.0
2455350.70940 19.457 0.077 5.63 385.0
2455351.86848 19.394 0.070 4.57 504.0
2455352.87520 19.373 0.071 4.36 544.0
2455353.79804 19.424 0.056 3.70 382.0
2455354.80472 19.400 0.060 3.81 434.0
2455355.73408 19.536 0.069 4.67 417.0
2455357.73404 19.484 0.080 6.00 352.0
2455359.71461 19.292 0.072 5.88 445.0
2455361.65652 19.669 0.105 6.42 360.0
2455362.90863 19.220 0.092 6.60 621.0
2455365.57206 19.386 0.083 5.58 552.0
2455365.89692 19.297 0.085 5.93 544.0
2455376.63384 19.497 0.114 6.67 594.0
2455376.82841 19.715 0.143 5.81 735.0
2455377.52242 19.610 0.114 6.64 469.0
2455377.76082 19.529 0.075 4.41 475.0
2455378.65467 19.356 0.057 4.38 361.0
2455378.88187 19.331 0.088 5.99 624.0
2455379.79620 19.367 0.064 4.71 451.0
2455380.67503 19.420 0.049 4.20 267.0
2455381.54037 19.456 0.088 5.71 501.0
2455381.75390 19.558 0.112 6.98 433.0
2455382.62893 19.563 0.107 7.06 393.0
2455382.83681 19.472 0.123 7.43 523.0
2455385.83869 19.622 0.068 4.82 334.0
2455386.54122 19.532 0.068 4.27 620.0
2455386.62273 19.466 0.054 4.52 408.0
2455386.70716 19.500 0.058 4.74 403.0
2455387.47272 19.439 0.077 3.99 660.0
2455387.83839 19.460 0.071 5.98 392.0
2455388.79298 19.538 0.062 5.35 260.0
2455389.72540 19.381 0.058 5.36 256.0
2455390.67411 19.453 0.080 6.48 309.0
2455391.53393 19.445 0.077 5.80 361.0
2455392.47102 19.616 0.114 6.36 489.0
2455392.80106 19.442 0.059 4.78 307.0
2455393.77752 19.502 0.082 6.53 297.0
2455396.72542 19.608 0.068 4.52 322.0
2455396.76017 19.562 0.060 4.53 293.0
2455403.50914 19.655 0.092 4.02 818.0
2455403.70198 19.597 0.091 3.90 821.0
2455404.57271 19.476 0.079 4.36 525.0
2455404.77772 19.421 0.085 5.07 695.0
2455405.78527 19.558 0.084 4.35 535.0
2455407.64188 19.489 0.096 7.03 331.0
2455408.56959 19.376 0.070 6.01 314.0
2455408.76227 19.295 0.083 5.92 518.0
2455409.76449 19.525 0.083 5.36 422.0
2455410.76875 19.486 0.075 5.07 439.0
2455411.77987 19.253 0.072 6.05 445.0
2455412.52443 19.602 0.090 6.11 377.0
2455412.70251 19.471 0.093 6.93 353.0
2455413.49136 19.662 0.086 5.28 391.0
2455413.77334 19.758 0.111 6.83 310.0
2455416.61858 19.379 0.070 6.25 280.0
2455418.68583 19.451 0.065 5.58 268.0
2455421.69921 19.385 0.056 5.59 235.0
2455423.51674 19.491 0.061 5.01 291.0
2455426.53328 19.448 0.097 4.64 970.0
2455430.53828 19.347 0.090 4.86 704.0
2455430.60289 19.470 0.093 5.07 607.0
2455431.59770 19.509 0.078 4.62 528.0
2455432.51820 19.363 0.156 6.90 1112.0
2455432.56184 19.490 0.120 7.11 526.0
2455434.56884 19.496 0.075 4.74 417.0
2455435.47201 19.297 0.131 5.79 1289.0
2455435.53897 19.380 0.069 4.79 413.0
2455436.47001 19.293 0.169 6.02 1999.0
2455436.60168 19.339 0.068 5.22 387.0
2455437.47585 19.466 0.085 4.70 660.0
2455438.49143 19.526 0.098 6.31 421.0
2455438.59441 19.429 0.071 5.18 339.0
2455439.47266 19.546 0.172 7.08 890.0
2455439.63513 19.479 0.080 6.10 321.0
2455443.48473 19.640 0.077 5.26 353.0
2455443.65390 19.513 0.076 5.76 345.0
2455444.47616 19.397 0.128 7.05 684.0
2455444.67513 19.296 0.071 6.16 390.0
2455445.50628 19.395 0.049 3.49 360.0
2455446.52267 19.454 0.062 4.55 339.0
2455446.56510 19.548 0.068 4.16 347.0
2455447.49525 19.464 0.060 4.50 343.0
2455447.57411 19.373 0.054 4.83 309.0
2455448.49688 19.430 0.052 3.72 318.0
2455449.50717 19.261 0.069 6.03 336.0
2455449.52290 19.538 0.088 6.22 326.0
2455450.59077 19.316 0.067 5.71 343.0
2455453.50491 19.513 0.112 5.03 892.0
2455453.53094 19.453 0.101 6.36 509.0
2455453.65602 19.404 0.062 4.33 405.0
2455457.48688 19.676 0.075 3.59 597.0
2455457.53979 19.466 0.059 3.66 508.0
2455457.58732 19.545 0.073 4.51 525.0
2455457.62802 19.533 0.080 4.99 552.0
2455458.52228 19.664 0.145 7.08 551.0
2455458.56910 19.401 0.095 5.93 535.0
2455458.57249 19.416 0.092 5.74 539.0
2455459.48910 19.588 0.091 4.75 515.0
2455459.50233 19.558 0.098 5.53 483.0
2455459.53554 19.519 0.081 4.26 500.0
2455459.57924 19.464 0.091 5.12 541.0
2455460.47890 19.221 0.136 7.23 987.0
2455460.50503 19.481 0.091 5.05 551.0
2455460.52508 19.431 0.086 5.76 458.0
2455461.49071 19.583 0.158 6.76 972.0
2455461.52660 19.366 0.148 5.83 1700.0
2455461.57694 19.355 0.182 6.66 1888.0
2455462.49400 19.673 0.105 5.55 485.0
2455462.51236 19.379 0.077 5.01 475.0
2455462.60471 19.560 0.098 5.10 595.0
2455463.48950 19.350 0.073 5.07 508.0
2455463.49912 19.487 0.078 5.17 481.0
2455463.54158 19.476 0.077 4.73 499.0
2455464.48179 19.352 0.107 6.28 761.0
2455464.50436 19.440 0.069 4.77 416.0
2455464.53162 19.517 0.080 4.99 455.0
2455465.48293 19.418 0.120 7.20 627.0
2455465.53442 19.418 0.081 6.03 370.0
2455466.53593 19.387 0.082 6.32 373.0
2455466.53952 19.360 0.081 6.52 377.0
2455467.49606 19.468 0.076 5.52 395.0
2455468.53473 19.535 0.095 6.18 391.0
2455468.54598 19.472 0.096 6.85 386.0
2455469.53083 19.549 0.061 3.97 373.0
2455469.55073 19.462 0.067 4.59 395.0
2455470.53847 19.591 0.086 5.05 400.0
2455470.58932 19.560 0.078 4.70 434.0
2455471.52884 19.605 0.076 4.83 340.0
2455471.57341 19.557 0.075 4.95 364.0
2455472.50086 19.559 0.096 6.08 437.0
2455472.52953 19.618 0.133 7.62 431.0
2455473.48860 19.532 0.117 7.41 446.0
2455473.51265 19.356 0.081 6.25 388.0
2455473.58184 19.500 0.081 5.73 397.0
2455476.51878 19.406 0.081 5.95 404.0
2455477.51990 19.593 0.110 6.43 439.0
2455478.50601 19.556 0.091 5.91 388.0
2455478.54307 19.516 0.085 5.79 389.0
2455480.49410 19.418 0.080 5.07 471.0
2455480.54715 19.302 0.088 6.65 469.0
2455481.51740 19.363 0.123 6.10 935.0
2455484.54409 19.362 0.181 7.26 1354.0
2455485.50403 19.277 0.109 7.11 576.0
2455485.56167 19.713 0.138 5.55 708.0
2455486.49378 19.687 0.167 6.65 693.0
2455486.54960 19.493 0.115 5.84 673.0
2455487.53239 19.461 0.082 5.12 576.0
2455488.51967 19.482 0.084 4.32 656.0
2455489.50601 19.526 0.107 5.97 584.0
2455490.50614 19.372 0.129 6.81 678.0
2455493.51459 19.646 0.166 6.99 685.0
2455494.51178 19.324 0.111 6.91 619.0
2455495.52311 19.338 0.069 4.70 519.0
2455497.51457 19.521 0.089 5.33 541.0
2455499.52568 19.544 0.121 6.43 602.0
2455504.49797 19.498 0.179 6.88 1202.0
2455595.86887 19.743 0.149 6.34 715.0
2455595.87072 19.552 0.127 6.43 748.0
2455595.87279 19.554 0.120 5.80 801.0
2455595.87431 19.226 0.105 6.50 869.0
2455595.87938 19.589 0.192 6.80 1443.0
2455596.86926 19.755 0.154 6.76 676.0
2455596.87841 19.555 0.126 5.74 1012.0
2455597.87808 19.494 0.143 7.07 836.0
2455598.87727 19.657 0.117 5.72 647.0
2455599.88543 19.372 0.096 4.25 1148.0
2455600.88363 19.441 0.112 5.55 892.0
2455600.88685 19.562 0.134 4.62 1422.0
2455601.88351 19.274 0.109 6.74 718.0
2455602.87193 19.730 0.168 8.28 511.0
2455604.88034 19.529 0.094 5.98 513.0
2455605.87846 19.459 0.063 4.52 430.0
2455606.87613 19.648 0.089 5.39 421.0
2455607.88113 19.253 0.058 4.54 501.0
2455608.87538 19.590 0.099 6.80 382.0
2455611.85991 19.592 0.135 6.99 671.0
2455612.87512 19.545 0.111 6.64 570.0
2455614.86039 19.398 0.077 5.22 556.0
2455615.86897 19.528 0.076 4.67 486.0
2455616.86195 19.542 0.088 5.26 511.0
2455617.87961 19.460 0.154 6.40 1318.0
2455620.84993 19.486 0.101 6.10 570.0
2455620.87609 19.705 0.106 5.57 517.0
2455621.85265 19.540 0.067 4.88 360.0
2455621.89841 19.339 0.066 4.11 658.0
2455622.87096 19.458 0.056 4.58 289.0
2455624.88957 19.548 0.060 4.21 325.0
2455626.86078 19.453 0.072 5.52 362.0
2455628.82023 19.659 0.083 5.29 378.0
2455629.84687 19.523 0.063 4.50 304.0
2455631.87517 19.381 0.054 4.57 357.0
2455633.83013 19.357 0.057 4.56 388.0
2455635.86304 19.481 0.072 5.25 391.0
2455637.90579 19.164 0.080 7.50 381.0
2455638.86382 19.385 0.068 5.04 449.0
2455639.78567 19.524 0.095 5.10 639.0
2455640.80454 19.416 0.087 4.91 627.0
2455640.89150 19.542 0.075 4.58 495.0
2455641.81036 19.466 0.076 4.52 558.0
2455642.77078 19.441 0.097 5.80 698.0
2455642.89153 19.563 0.089 5.46 503.0
2455643.79669 19.430 0.083 5.14 615.0
2455643.89739 19.496 0.065 4.46 492.0
2455644.80298 19.286 0.090 4.92 1011.0
2455648.81074 19.406 0.060 5.09 343.0
2455648.89798 19.447 0.063 5.67 320.0
2455649.79318 19.494 0.056 4.50 289.0
2455649.89914 19.523 0.059 5.20 284.0
2455650.78510 19.570 0.056 4.51 276.0
2455650.89164 19.454 0.067 6.47 297.0
2455651.80940 19.521 0.065 4.87 307.0
2455652.74682 19.507 0.059 4.89 308.0
2455652.85058 19.491 0.057 4.75 282.0
2455653.90582 19.431 0.045 3.96 295.0
2455654.82843 19.480 0.057 4.71 287.0
2455655.74199 19.409 0.071 5.34 421.0
2455655.81904 19.410 0.058 4.26 338.0
2455656.76932 19.464 0.062 4.53 375.0
2455656.85507 19.472 0.048 3.86 320.0
2455657.81625 19.401 0.048 3.87 323.0
2455657.90644 19.423 0.047 3.96 287.0
2455658.81261 19.676 0.086 5.92 292.0
2455658.91103 19.385 0.063 5.86 274.0
2455659.76388 19.364 0.055 4.86 311.0
2455659.84215 19.471 0.067 5.78 296.0
2455660.72843 19.353 0.067 5.87 348.0
2455660.81913 19.484 0.057 4.94 285.0
2455662.72749 19.497 0.087 6.39 376.0
2455662.82962 19.293 0.057 5.03 385.0
2455662.90974 19.457 0.058 4.41 369.0
2455664.77336 19.363 0.075 6.49 406.0
2455664.87413 19.435 0.084 6.54 351.0
2455665.75465 19.668 0.120 7.63 369.0
2455665.86456 19.574 0.066 5.28 289.0
2455667.76151 19.501 0.064 4.35 437.0
2455668.73904 19.392 0.077 4.98 578.0
2455669.76391 19.222 0.063 4.76 635.0
2455670.73860 19.439 0.113 5.02 1193.0
2455670.92455 19.473 0.075 3.88 728.0
2455675.79981 19.743 0.093 4.57 516.0
2455676.72655 19.838 0.060 4.42 172.0
2455676.91564 19.391 0.049 4.07 346.0
2455677.86628 19.440 0.049 3.61 327.0
2455679.77857 19.595 0.066 4.41 329.0
2455680.67270 19.297 0.082 6.93 365.0
2455680.85506 19.427 0.055 4.46 315.0
2455681.74070 19.500 0.061 4.67 342.0
2455681.92755 19.484 0.068 4.45 480.0
2455682.83371 19.512 0.060 4.27 388.0
2455682.85938 19.479 0.060 4.15 405.0
2455683.80517 19.313 0.052 4.68 354.0
2455684.70840 19.370 0.052 4.45 351.0
2455684.92035 19.508 0.061 3.97 362.0
2455685.89047 19.455 0.050 3.94 329.0
2455686.80144 19.448 0.052 4.01 367.0
2455687.68762 19.463 0.084 6.27 497.0
2455688.84738 19.442 0.051 4.03 309.0
2455689.80361 19.353 0.046 4.31 291.0
2455690.79500 19.540 0.076 5.60 350.0
2455691.73430 19.422 0.059 5.10 321.0
2455691.93513 19.681 0.125 7.01 634.0
2455692.80873 19.412 0.067 5.06 446.0
2455693.63672 19.427 0.081 5.62 530.0
2455693.83179 19.471 0.054 3.41 450.0
2455694.64879 19.368 0.074 5.05 593.0
2455694.83998 19.473 0.059 4.11 387.0
2455695.66047 19.431 0.079 5.59 488.0
2455695.87940 19.427 0.052 4.15 335.0
2455696.69650 19.446 0.077 4.89 505.0
2455696.86892 19.513 0.078 4.76 503.0
2455697.71185 19.750 0.099 4.75 566.0
2455697.87212 19.555 0.074 3.95 617.0
2455698.71024 19.513 0.126 6.43 896.0
2455698.86917 19.376 0.085 4.88 924.0
2455703.83467 19.289 0.085 6.93 532.0
2455705.85663 19.430 0.070 5.44 362.0
2455706.79385 19.668 0.088 6.20 382.0
2455707.68634 19.446 0.064 5.23 359.0
2455707.84368 19.425 0.054 3.79 470.0
2455708.66678 19.461 0.072 6.31 311.0
2455708.85034 19.616 0.104 6.53 499.0
2455709.85343 19.555 0.066 4.48 397.0
2455712.75154 19.355 0.049 4.14 355.0
2455713.76041 19.592 0.062 4.26 342.0
2455714.65664 19.439 0.064 5.78 286.0
2455714.66962 19.541 0.052 4.42 263.0
2455715.70181 19.821 0.073 5.02 276.0
2455715.89116 19.526 0.082 6.07 355.0
2455716.77560 19.592 0.077 5.99 270.0
2455721.59702 19.405 0.077 5.03 492.0
2455721.60951 19.452 0.079 5.36 437.0
2455721.62192 19.521 0.084 5.42 447.0
2455721.84787 19.367 0.066 5.25 420.0
2455722.68782 19.475 0.060 4.54 342.0
2455723.57447 19.504 0.077 4.81 482.0
2455723.75225 19.521 0.060 4.03 354.0
2455724.57367 19.428 0.100 5.57 650.0
2455724.80316 19.561 0.082 5.06 429.0
2455725.72708 19.488 0.063 3.67 569.0
2455726.62736 19.378 0.087 5.58 692.0
2455726.80018 19.571 0.102 4.95 746.0
2455734.78302 19.387 0.072 5.74 365.0
2455735.73308 19.479 0.064 4.86 344.0
2455736.65132 19.545 0.048 3.70 278.0
2455736.86710 19.557 0.067 4.26 434.0
2455737.65890 19.475 0.048 4.11 268.0
2455737.84009 19.519 0.064 4.71 350.0
2455738.70050 19.432 0.050 3.89 303.0
2455739.56946 19.429 0.070 5.51 357.0
2455739.75505 19.522 0.057 4.40 300.0
2455740.54910 19.336 0.080 6.27 411.0
2455740.75318 19.411 0.059 4.74 320.0
2455741.52395 19.503 0.084 5.71 416.0
2455741.70629 19.562 0.064 5.00 257.0
2455741.86257 19.473 0.059 4.51 358.0
2455742.61847 19.551 0.063 5.04 289.0
2455742.79589 19.366 0.046 3.78 311.0
2455743.66983 19.394 0.057 4.59 309.0
2455743.84469 19.367 0.081 5.74 472.0
2455744.60328 19.435 0.084 6.30 395.0
2455744.82183 19.534 0.074 5.41 334.0
2455745.60238 19.468 0.083 6.71 334.0
2455745.77831 19.319 0.064 6.16 295.0
2455746.62396 19.463 0.067 5.55 295.0
2455746.81055 19.382 0.073 6.29 327.0
2455747.70739 19.254 0.070 7.09 296.0
2455748.69088 19.572 0.084 6.00 329.0
2455749.65527 19.506 0.074 6.06 309.0
2455749.81173 19.315 0.078 7.32 320.0
2455752.72412 19.572 0.077 5.63 422.0
2455753.61089 19.552 0.108 5.10 953.0
2455760.61267 19.524 0.106 6.56 474.0
2455760.78985 19.259 0.062 4.71 520.0
2455762.48707 19.381 0.074 5.62 388.0
2455762.64663 19.339 0.067 5.61 324.0
2455763.52064 19.410 0.059 4.45 398.0
2455764.52651 19.456 0.063 4.90 351.0
2455764.70467 19.482 0.053 4.15 315.0
2455765.57984 19.533 0.070 4.62 462.0
2455765.76716 19.104 0.067 6.95 401.0
2455766.64074 19.518 0.048 3.82 265.0
2455767.51845 19.547 0.082 5.63 385.0
2455767.72726 19.466 0.067 5.40 326.0
2455768.57602 19.523 0.061 4.57 356.0
2455768.75591 19.586 0.070 4.87 365.0
2455769.59709 19.430 0.056 4.99 278.0
2455770.65683 19.543 0.084 6.16 323.0
2455776.52961 19.706 0.130 7.91 361.0
2455776.75383 19.557 0.099 7.12 338.0
2455777.69633 19.438 0.050 4.14 298.0
2455778.59779 19.553 0.102 6.38 476.0
2455779.72672 19.487 0.063 4.95 332.0
2455785.56363 19.563 0.133 6.46 676.0
2455786.48049 19.501 0.121 5.88 713.0
2455786.69855 19.540 0.107 5.68 634.0
2455787.55090 19.465 0.064 3.81 539.0
2455787.72308 19.510 0.100 5.92 683.0
2455788.63895 19.412 0.076 5.18 450.0
2455790.52402 19.361 0.062 5.69 301.0
2455790.69860 19.398 0.074 5.61 411.0
2455793.54276 19.344 0.061 5.52 325.0
2455793.70613 19.618 0.078 5.24 371.0
2455794.61811 19.641 0.078 5.44 299.0
2455795.63162 19.539 0.085 6.39 306.0
2455796.59978 19.412 0.065 5.62 335.0
2455801.50773 19.387 0.062 5.54 311.0
2455801.67928 19.529 0.098 7.10 343.0
2455804.48074 19.510 0.071 5.19 392.0
2455804.66241 19.665 0.127 7.68 393.0
2455805.62848 19.289 0.064 5.91 347.0
2455807.58224 19.638 0.102 6.84 321.0
2455812.56647 19.615 0.132 5.62 744.0
2455813.55262 19.338 0.065 4.03 594.0
2455815.52073 19.387 0.061 4.30 474.0
2455816.48122 19.600 0.082 4.11 676.0
2455817.48382 19.309 0.057 4.05 539.0
2455817.65874 19.795 0.160 8.19 596.0
2455818.64020 19.568 0.144 7.61 659.0
2455819.64605 19.512 0.088 5.40 603.0
2455820.62204 19.419 0.086 5.22 538.0
2455822.57217 19.505 0.075 5.75 292.0
2455823.50378 19.404 0.084 6.30 371.0
2455823.59060 19.336 0.071 5.46 389.0
2455824.52945 19.460 0.066 4.82 350.0
2455824.60989 19.438 0.075 5.77 359.0
2455825.53898 19.535 0.077 4.73 402.0
2455825.62767 19.463 0.071 5.65 393.0
2455826.55761 19.525 0.083 5.32 386.0
2455827.49687 19.455 0.113 7.02 472.0
2455827.57740 19.435 0.091 6.11 488.0
2455828.50802 19.406 0.062 4.88 328.0
2455828.58557 19.456 0.066 4.83 375.0
2455829.52078 19.536 0.076 4.77 422.0
2455829.59698 19.585 0.071 5.34 406.0
2455830.53392 19.411 0.058 4.98 358.0
2455831.49116 19.475 0.060 4.28 385.0
2455831.58117 19.442 0.066 5.86 366.0
2455832.52716 19.371 0.057 4.49 402.0
2455832.60504 19.338 0.080 7.17 466.0
2455833.56462 19.490 0.065 5.01 355.0
2455834.52426 19.335 0.054 5.07 356.0
2455834.59817 19.396 0.064 6.26 370.0
2455836.50785 19.667 0.121 5.81 571.0
2455836.57290 19.473 0.108 6.14 697.0
2455840.56854 19.340 0.071 4.46 580.0
2455841.50096 19.846 0.168 6.71 586.0
2455841.58405 19.712 0.142 5.91 670.0
2455842.54697 19.346 0.099 6.25 556.0
2455843.49934 19.520 0.098 5.92 504.0
2455843.58687 19.437 0.139 8.19 588.0
2455844.52820 19.625 0.110 5.64 565.0
2455845.48914 19.640 0.140 6.93 659.0
2455845.56889 19.297 0.138 8.05 713.0
2455846.53086 19.789 0.161 6.07 720.0
2455850.55506 19.601 0.090 5.51 457.0
2455851.51829 19.347 0.070 5.60 426.0
2455852.54941 19.297 0.097 6.07 614.0
2455854.54045 19.526 0.099 5.45 585.0
2455855.52725 19.372 0.091 5.19 599.0
2455856.52884 19.659 0.142 7.48 547.0
2455858.50021 19.484 0.147 8.44 547.0
2455859.53582 19.720 0.127 6.53 544.0
2455861.50180 19.528 0.117 6.06 633.0
2455862.51994 19.448 0.092 6.25 455.0
2455867.52500 19.407 0.102 5.27 1004.0
2455868.52601 19.146 0.147 8.94 720.0
2455869.51691 19.387 0.118 6.08 743.0
2455971.87999 19.516 0.077 4.71 557.0
2455976.89856 19.445 0.082 4.77 640.0
2455977.89264 19.514 0.085 5.14 539.0
2455979.84717 19.627 0.093 6.06 454.0
2455980.85109 19.718 0.145 7.95 457.0
2455982.85550 19.571 0.066 4.91 342.0
2455983.84879 19.636 0.078 5.16 392.0
2455984.84214 19.301 0.053 4.70 362.0
2455985.82777 19.477 0.092 6.08 473.0
2455986.82489 19.425 0.076 5.72 457.0
2455986.89336 19.404 0.060 4.79 376.0
2455987.86074 19.451 0.060 4.38 385.0
2455988.85015 19.799 0.111 5.73 411.0
2455989.83112 19.767 0.111 7.11 332.0
2455990.81507 19.572 0.093 6.62 354.0
2455990.87863 19.481 0.068 5.33 324.0
2455991.85371 19.465 0.059 4.78 337.0
2455992.82930 19.436 0.077 5.35 514.0
2455993.81279 19.724 0.119 5.95 548.0
2455993.90468 19.763 0.123 5.70 543.0
2455994.87004 19.529 0.088 5.12 563.0
2455995.80664 19.403 0.072 4.28 672.0
2455995.88397 19.469 0.061 3.73 476.0
2455996.82643 19.612 0.090 5.17 513.0
2455996.91082 19.484 0.082 3.51 1151.0
2455997.86858 19.426 0.073 5.15 460.0
2455998.80880 19.719 0.115 5.94 519.0
2455998.89905 19.440 0.063 4.53 433.0
2455999.84222 19.544 0.079 4.98 482.0
2455999.91831 19.281 0.117 3.94 2432.0
2456004.76702 19.544 0.106 6.69 481.0
2456004.85862 19.425 0.066 5.16 393.0
2456005.77642 19.458 0.065 5.68 343.0
2456005.87524 19.465 0.056 4.65 310.0
2456006.80520 19.537 0.056 4.08 296.0
2456006.90319 19.449 0.051 3.91 309.0
2456007.81559 19.490 0.058 4.50 320.0
2456007.90165 19.644 0.068 5.00 305.0
2456008.80061 19.461 0.058 4.55 319.0
2456008.89647 19.503 0.058 4.31 306.0
2456009.81092 19.398 0.050 3.82 374.0
2456009.89675 19.466 0.054 3.93 360.0
2456010.79451 19.562 0.059 4.16 384.0
2456010.89160 19.473 0.045 3.51 322.0
2456011.78316 19.359 0.056 4.78 337.0
2456011.89748 19.437 0.085 3.94 826.0
2456012.79847 19.394 0.053 4.88 280.0
2456012.89496 19.377 0.038 3.65 243.0
2456013.79192 19.571 0.062 5.07 272.0
2456013.82693 19.381 0.055 5.17 272.0
2456013.87521 19.536 0.059 4.94 277.0
2456013.89415 19.587 0.053 4.28 264.0
2456013.90209 19.393 0.051 4.85 269.0
2456014.76889 19.400 0.055 4.80 318.0
2456014.86729 19.431 0.072 6.72 265.0
2456015.74685 19.529 0.066 5.28 354.0
2456015.82407 19.503 0.050 3.94 275.0
2456015.91520 19.337 0.057 3.93 462.0
2456016.80731 19.396 0.051 4.08 312.0
2456016.91046 19.476 0.047 3.54 338.0
2456017.79311 19.390 0.056 5.04 298.0
2456017.88996 19.630 0.047 3.53 247.0
2456018.78198 19.539 0.070 5.65 275.0
2456018.86113 19.641 0.078 5.61 280.0
2456019.76018 19.421 0.084 6.88 362.0
2456019.85662 19.428 0.046 4.02 284.0
2456020.71498 19.637 0.110 6.52 444.0
2456020.80984 19.615 0.065 4.95 300.0
2456020.88729 19.402 0.045 4.01 278.0
2456021.73796 19.407 0.089 6.34 486.0
2456021.81537 19.654 0.074 5.00 358.0
2456021.91411 19.318 0.052 4.39 372.0
2456022.76370 19.308 0.062 4.72 460.0
2456022.85939 19.500 0.063 4.49 392.0
2456023.71859 19.523 0.096 5.56 662.0
2456023.79920 19.588 0.075 4.36 501.0
2456023.90360 19.504 0.068 4.35 458.0
2456024.75653 19.410 0.076 5.12 595.0
2456024.85807 19.520 0.064 3.82 500.0
2456025.74146 19.296 0.088 5.96 637.0
2456025.82153 19.627 0.098 5.35 502.0
2456031.83547 19.459 0.064 4.99 381.0
2456032.77314 19.365 0.052 4.52 366.0
2456033.69736 19.531 0.093 6.82 389.0
2456033.89834 19.373 0.062 5.03 359.0
2456034.83975 19.391 0.047 3.85 309.0
2456036.74346 19.564 0.061 4.53 328.0
2456037.72801 19.411 0.078 6.08 370.0
2456037.92330 19.812 0.137 5.78 570.0
2456038.88889 19.289 0.052 4.55 354.0
2456039.88190 19.354 0.056 4.50 378.0
2456040.86914 19.495 0.059 4.21 367.0
2456041.80078 19.402 0.057 5.04 354.0
2456045.93505 19.493 0.101 4.73 873.0
2456047.76033 19.554 0.053 3.98 319.0
2456048.69976 19.457 0.069 3.91 449.0
2456048.88889 19.541 0.067 5.12 286.0
2456049.82059 19.488 0.043 3.03 323.0
2456050.69775 19.428 0.074 5.22 437.0
2456050.88604 19.437 0.060 4.03 427.0
2456052.69481 19.460 0.088 5.01 643.0
2456052.87109 19.758 0.089 3.97 631.0
2456053.72624 19.457 0.074 3.72 809.0
2456053.91854 19.328 0.105 4.60 1302.0
2456058.67014 19.458 0.078 6.51 420.0
2456058.69646 19.485 0.075 5.73 398.0
2456058.72390 19.284 0.062 5.21 397.0
2456058.75813 19.450 0.065 4.70 406.0
2456058.77623 19.520 0.062 4.29 388.0
2456058.79311 19.433 0.056 4.22 389.0
2456058.80855 19.653 0.077 4.62 391.0
2456058.82608 19.490 0.069 4.73 399.0
2456058.85429 19.531 0.069 4.53 409.0
2456058.88139 19.315 0.053 4.00 425.0
2456058.92896 19.564 0.095 5.62 486.0
2456059.83519 19.582 0.059 3.81 369.0
2456061.71335 19.351 0.069 5.88 350.0
2456061.89111 19.381 0.068 5.03 449.0
2456062.76214 19.438 0.072 5.11 445.0
2456062.93895 19.553 0.104 3.91 1167.0
2456063.92825 19.677 0.090 4.55 531.0
2456064.85882 19.354 0.058 4.81 415.0
2456065.68796 19.471 0.054 4.50 283.0
2456066.62660 19.674 0.084 4.97 404.0
2456066.80644 19.540 0.065 4.41 376.0
2456067.61078 19.237 0.049 4.45 362.0
2456067.77766 19.600 0.064 4.34 350.0
2456067.94316 19.522 0.118 3.41 1920.0
2456068.82773 19.518 0.051 3.42 312.0
2456069.74583 19.583 0.053 3.85 287.0
2456069.93335 19.545 0.063 3.81 426.0
2456070.73175 19.396 0.053 4.61 294.0
2456070.90895 19.363 0.064 5.32 323.0
2456071.70713 19.485 0.049 4.33 268.0
2456071.88717 19.429 0.055 4.54 337.0
2456075.68862 19.464 0.056 4.77 268.0
2456075.87720 19.496 0.054 3.97 341.0
2456076.73795 19.353 0.047 4.00 310.0
2456077.86195 19.502 0.064 4.72 336.0
2456078.66203 19.379 0.071 5.24 414.0
2456078.84266 19.465 0.053 3.98 377.0
2456079.63945 19.397 0.058 4.36 376.0
2456079.84281 19.344 0.051 3.89 376.0
2456080.60989 19.507 0.098 5.60 594.0
2456080.77728 19.390 0.061 4.46 443.0
2456081.56444 19.605 0.181 7.50 939.0
2456081.56750 19.355 0.122 6.45 901.0
2456081.63573 19.562 0.095 4.96 631.0
2456081.72986 19.261 0.058 4.35 495.0
2456081.81803 19.499 0.068 4.08 538.0
2456081.91554 19.396 0.102 6.01 691.0
2456082.60057 19.473 0.154 7.25 964.0
2456082.66692 19.427 0.154 7.10 975.0
2456082.72606 19.462 0.119 5.46 922.0
2456082.84451 19.609 0.136 5.30 986.0
2456085.56201 19.621 0.155 6.28 949.0
2456085.73548 19.498 0.090 4.93 729.0
2456086.66763 19.387 0.057 4.33 405.0
2456086.85846 19.783 0.093 4.60 480.0
2456087.74766 19.459 0.076 4.78 523.0
2456088.61357 19.528 0.057 4.85 265.0
2456089.69461 19.712 0.072 4.81 325.0
2456092.57425 19.618 0.083 5.54 380.0
2456092.85048 19.483 0.058 4.04 400.0
2456093.64435 19.467 0.068 6.01 281.0
2456093.84476 19.631 0.089 6.22 310.0
2456094.69353 19.408 0.076 5.85 389.0
2456094.87663 19.317 0.077 6.03 443.0
2456096.68938 19.606 0.067 5.15 286.0
2456096.88628 19.885 0.139 6.19 495.0
2456097.81624 19.492 0.073 5.41 344.0
2456098.61166 19.408 0.066 5.78 308.0
2456098.79120 19.590 0.072 5.09 334.0
2456099.73033 19.512 0.108 7.61 386.0
2456100.63795 19.302 0.056 5.12 352.0
2456100.82536 19.795 0.129 6.32 471.0
2456101.58971 19.567 0.086 5.84 405.0
2456101.76819 19.391 0.054 4.16 359.0
2456102.55399 19.418 0.085 5.70 521.0
2456102.72933 19.506 0.057 3.78 394.0
2456102.88562 19.290 0.078 5.22 638.0
2456103.50609 19.649 0.120 5.90 695.0
2456103.56252 19.506 0.074 4.80 430.0
2456103.64837 19.481 0.055 3.91 413.0
2456103.72824 19.528 0.062 4.13 326.0
2456103.85192 19.626 0.082 5.77 414.0
2456104.50201 19.694 0.098 4.85 565.0
2456104.63141 19.366 0.043 3.68 330.0
2456104.80134 19.474 0.048 4.04 288.0
2456105.55703 19.227 0.087 7.63 410.0
2456105.74878 19.565 0.083 6.63 277.0
2456108.55779 19.743 0.125 4.85 870.0
2456108.74209 19.407 0.060 3.36 693.0
2456109.68663 19.576 0.120 4.53 1077.0
2456109.73106 19.309 0.070 4.10 680.0
2456109.81499 19.308 0.089 4.73 909.0
2456113.53706 19.193 0.089 5.94 700.0
2456113.69895 19.275 0.070 4.59 683.0
2456113.85205 19.546 0.121 5.06 1005.0
2456114.72147 19.585 0.077 4.56 477.0
2456115.48486 19.474 0.086 6.37 426.0
2456115.66814 19.489 0.071 5.54 362.0
2456116.52772 19.502 0.062 4.89 323.0
2456116.69942 19.406 0.055 4.88 311.0
2456117.50490 19.396 0.075 4.70 535.0
2456117.68248 19.512 0.063 4.59 360.0
2456117.83741 19.638 0.099 5.24 510.0
2456118.62385 19.566 0.051 4.19 287.0
2456118.79738 19.512 0.069 4.96 348.0
2456119.57598 19.694 0.071 5.73 239.0
2456119.74053 19.470 0.060 5.10 290.0
2456120.60583 19.481 0.057 5.67 232.0
2456120.79320 19.423 0.070 6.26 272.0
2456121.57846 19.452 0.041 4.24 222.0
2456121.74807 19.508 0.044 3.92 228.0
2456123.63834 19.492 0.059 5.19 263.0
2456123.79739 19.549 0.059 4.63 289.0
2456124.64409 19.315 0.051 5.34 242.0
2456124.80578 19.451 0.063 4.82 356.0
2456125.64317 19.639 0.081 6.14 269.0
2456125.81630 19.693 0.085 5.65 330.0
2456126.67860 19.474 0.065 5.35 278.0
2456127.54942 19.472 0.082 6.68 308.0
2456128.57013 19.647 0.066 4.64 277.0
2456131.65039 19.448 0.058 5.55 247.0
2456132.67559 19.666 0.086 6.26 251.0
2456133.61872 19.457 0.057 4.84 261.0
2456134.53894 19.278 0.081 7.02 369.0
2456135.50693 19.594 0.095 5.87 409.0
2456135.72845 19.308 0.049 4.23 339.0
2456136.65663 19.505 0.083 6.06 369.0
2456140.50926 19.263 0.108 6.01 935.0
2456140.68760 19.297 0.105 5.84 977.0
2456141.53453 19.620 0.096 4.59 655.0
2456141.71094 19.542 0.093 4.85 675.0
2456142.57935 19.426 0.113 7.17 526.0
2456147.59351 19.422 0.063 6.18 240.0
2456148.52378 19.494 0.052 4.69 255.0
2456148.71247 19.445 0.057 4.44 321.0
2456150.56506 19.537 0.071 5.56 287.0
2456151.56988 19.336 0.069 6.75 284.0
2456151.72931 19.443 0.065 5.26 319.0
2456152.63092 19.657 0.071 5.57 251.0
2456154.55579 19.402 0.063 4.99 323.0
2456157.70565 19.347 0.074 6.49 333.0
2456158.64611 19.361 0.062 5.48 357.0
2456159.56510 19.402 0.066 5.44 314.0
2456160.54744 19.726 0.079 5.51 273.0
2456160.56140 19.424 0.052 4.35 271.0
2456161.65146 19.310 0.056 5.58 247.0
2456161.66573 19.323 0.064 6.28 261.0
2456164.63772 19.443 0.091 6.52 447.0
2456168.65048 19.639 0.076 3.76 577.0
2456169.62342 19.303 0.065 4.12 580.0
2456171.58583 19.452 0.071 4.35 548.0
2456172.54707 19.501 0.063 4.35 409.0
2456175.49908 19.305 0.055 4.90 349.0
2456175.67033 19.490 0.097 6.41 481.0
2456179.65557 19.392 0.079 6.28 346.0
2456180.64196 19.580 0.085 5.47 423.0
2456181.60417 19.387 0.058 4.23 420.0
2456182.61392 19.331 0.060 5.39 326.0
2456184.50019 19.413 0.063 5.20 324.0
2456185.61166 19.422 0.056 4.97 299.0
2456187.53923 19.373 0.078 6.58 312.0
2456191.51953 19.503 0.075 5.53 327.0
2456195.49705 19.514 0.071 4.55 442.0
2456195.58746 19.481 0.075 4.21 555.0
2456196.49781 19.107 0.063 4.86 556.0
2456196.58510 19.357 0.066 4.24 582.0
2456197.49964 19.415 0.088 6.01 478.0
2456197.58787 19.589 0.106 5.59 628.0
2456199.51965 19.181 0.088 7.63 465.0
2456200.61550 19.390 0.112 6.59 654.0
2456202.56819 19.535 0.117 6.18 580.0
2456203.57040 19.695 0.125 6.25 518.0
2456204.52385 19.451 0.073 5.01 414.0
2456204.60029 19.495 0.098 5.41 585.0
2456205.54678 19.339 0.051 4.24 335.0
2456210.51768 19.491 0.071 5.56 364.0
2456210.59498 19.461 0.074 5.49 429.0
2456211.54896 19.320 0.052 4.31 348.0
2456212.54441 19.499 0.068 4.29 435.0
2456213.49526 19.586 0.097 5.64 465.0
2456214.55574 19.464 0.081 6.11 375.0
2456216.55414 19.492 0.079 5.30 407.0
2456217.50022 19.390 0.056 4.10 368.0
2456217.57630 19.663 0.078 4.36 416.0
2456218.56138 19.145 0.069 5.89 496.0
2456219.50638 19.707 0.095 5.36 375.0
2456219.57207 19.234 0.093 6.04 742.0
2456223.53749 19.447 0.094 5.62 576.0
2456233.50407 19.556 0.130 6.22 674.0
2456234.53985 19.701 0.126 6.71 542.0
2456239.52766 19.469 0.120 7.55 551.0
2456334.86675 19.504 0.086 6.64 380.0
2456337.88459 19.585 0.087 5.45 455.0
2456338.86219 19.791 0.094 5.52 347.0
2456339.89180 19.494 0.082 4.06 802.0
2456341.86688 19.497 0.093 6.84 380.0
2456344.83480 19.357 0.060 5.28 373.0
2456345.85047 19.416 0.060 4.77 342.0
2456347.85696 19.293 0.063 5.07 465.0
2456348.85101 19.424 0.067 4.52 526.0
2456350.87184 19.411 0.071 4.84 468.0
2456351.87228 19.538 0.076 4.67 442.0
2456352.86814 19.360 0.056 3.96 468.0
2456353.84349 19.486 0.072 4.78 436.0
2456354.85859 19.441 0.072 5.01 463.0
2456358.87465 19.648 0.092 4.67 648.0
2456360.86916 19.493 0.053 4.47 306.0
2456361.84459 19.518 0.067 4.74 357.0
2456362.81762 19.325 0.061 5.23 370.0
2456362.88123 19.553 0.072 5.41 298.0
2456363.83991 19.310 0.055 5.02 334.0
2456367.85744 19.520 0.046 3.86 254.0
2456368.79373 19.539 0.061 4.93 294.0
2456368.88677 19.572 0.061 4.69 310.0
2456369.81541 19.406 0.054 4.57 309.0
2456370.77556 19.454 0.061 5.23 313.0
2456370.86210 19.710 0.070 4.72 309.0
2456371.78339 19.597 0.059 4.79 262.0
2456371.87117 19.426 0.045 4.19 251.0
2456372.77613 19.433 0.066 5.46 343.0
2456372.86468 19.440 0.052 4.72 289.0
2456373.79274 19.515 0.078 5.53 367.0
2456373.88167 19.395 0.055 4.99 311.0
2456374.79921 19.450 0.069 5.33 357.0
2456374.88838 19.557 0.062 5.09 317.0
2456375.79573 19.358 0.055 4.48 370.0
2456375.90456 19.474 0.046 3.51 311.0
2456376.81967 19.463 0.067 4.68 431.0
2456376.90138 19.570 0.053 3.89 297.0
2456377.83167 19.372 0.044 3.21 427.0
2456377.91386 19.389 0.055 3.61 538.0
2456378.82710 19.424 0.050 3.24 538.0
2456378.90776 19.479 0.047 2.94 507.0
2456379.82367 19.610 0.084 4.24 587.0
2456379.90900 19.457 0.064 4.08 526.0
2456380.80417 19.268 0.051 4.01 477.0
2456380.82779 19.371 0.055 4.03 447.0
2456380.91449 19.479 0.061 3.54 576.0
2456381.83538 19.335 0.051 4.10 428.0
2456381.91511 19.632 0.069 3.96 551.0
2456382.81988 19.706 0.097 5.19 477.0
2456382.90109 19.663 0.090 4.84 518.0
2456386.83002 19.305 0.054 4.92 326.0
2456387.73015 19.479 0.073 6.30 285.0
2456387.81661 19.433 0.051 4.41 293.0
2456387.89732 19.475 0.063 5.29 317.0
2456388.73376 19.444 0.072 6.20 316.0
2456388.83539 19.469 0.053 4.37 303.0
2456389.73865 19.670 0.096 5.96 395.0
2456389.81589 19.410 0.057 4.84 317.0
2456389.89628 19.268 0.050 4.93 318.0
2456390.77018 19.372 0.055 4.54 337.0
2456390.85643 19.482 0.051 4.16 287.0
2456391.74486 19.464 0.075 5.96 323.0
2456393.74105 19.475 0.069 5.10 354.0
2456394.70568 19.309 0.095 8.27 423.0
2456394.91284 19.383 0.061 5.21 338.0
2456395.84977 19.468 0.049 3.75 370.0
2456396.80800 19.345 0.041 3.99 301.0
2456397.73695 19.488 0.054 4.34 327.0
2456397.91367 19.396 0.049 4.27 310.0
2456398.84437 19.550 0.061 4.83 290.0
2456399.75076 19.692 0.076 5.17 307.0
2456400.71779 19.521 0.061 5.18 294.0
2456400.92981 19.487 0.116 4.24 1297.0
2456401.86197 19.505 0.054 4.16 324.0
2456402.77987 19.690 0.077 5.11 324.0
2456402.83198 19.446 0.067 5.74 324.0
2456402.88631 19.373 0.090 6.61 365.0
2456403.69835 19.435 0.064 5.15 355.0
2456403.77833 19.456 0.054 4.48 340.0
2456403.86066 19.455 0.060 5.09 324.0
2456403.90320 19.450 0.056 4.49 352.0
2456404.72109 19.611 0.082 4.42 547.0
2456404.80594 19.441 0.060 4.46 404.0
2456404.91201 19.498 0.064 4.88 353.0
2456405.82056 19.386 0.072 4.20 900.0
2456406.82320 19.175 0.069 4.24 1463.0
2456407.75237 19.595 0.094 5.46 525.0
2456407.92813 19.290 0.073 4.40 720.0
2456415.76355 19.619 0.074 5.41 328.0
2456416.64580 19.358 0.069 5.58 418.0
2456416.84260 19.653 0.066 4.45 339.0
2456417.75446 19.319 0.059 5.07 372.0
2456417.92951 19.459 0.072 4.82 442.0
2456418.77623 19.541 0.054 4.39 286.0
2456419.66218 19.744 0.136 7.82 380.0
2456419.84060 19.623 0.074 5.06 338.0
2456420.69223 19.573 0.053 4.27 287.0
2456420.86445 19.427 0.045 3.71 287.0
2456421.89311 19.515 0.069 5.03 347.0
2456422.90030 19.415 0.096 6.59 457.0
2456423.81719 19.463 0.057 3.99 401.0
2456424.65614 19.802 0.090 5.04 438.0
2456424.85028 19.419 0.053 3.96 403.0
2456426.73527 19.590 0.055 4.40 302.0
2456426.93704 19.213 0.075 5.37 659.0
2456427.92599 19.387 0.059 4.30 678.0
2456428.73742 19.540 0.073 6.03 329.0
2456428.92483 19.576 0.084 5.73 396.0
2456431.73555 19.775 0.077 5.03 341.0
2456431.91027 19.282 0.062 5.63 413.0
2456432.76899 19.813 0.085 5.09 378.0
2456432.93213 19.429 0.075 5.63 428.0
2456433.74610 19.531 0.076 5.46 434.0
2456434.65729 19.491 0.103 6.92 471.0
2456434.84193 19.456 0.073 4.96 517.0
2456435.68770 19.405 0.070 4.99 532.0
2456435.87700 19.336 0.057 3.94 604.0
2456436.67671 19.280 0.061 4.70 570.0
2456436.86464 19.438 0.071 3.95 764.0
2456441.65619 19.765 0.204 7.81 963.0
2456441.90309 19.231 0.095 5.68 1016.0
2456442.67928 19.477 0.061 4.72 412.0
2456442.86338 19.583 0.057 3.99 376.0
2456443.64929 19.712 0.081 5.88 476.0
2456443.80066 19.511 0.091 5.05 1011.0
2456444.72100 19.509 0.068 5.61 334.0
2456444.88328 19.430 0.066 4.94 437.0
2456445.70221 19.453 0.059 4.80 373.0
2456445.89693 19.832 0.140 6.97 429.0
2456446.67452 19.654 0.052 3.90 313.0
2456446.86503 19.584 0.056 3.43 394.0
2456447.64826 19.601 0.060 4.05 324.0
2456447.83556 19.626 0.064 3.99 359.0
2456448.59822 19.463 0.069 5.14 379.0
2456448.78217 19.600 0.058 4.14 304.0
2456449.55975 19.578 0.086 5.85 408.0
2456449.73220 19.451 0.056 4.53 360.0
2456449.90651 19.843 0.116 5.45 507.0
2456450.67467 19.518 0.056 4.46 324.0
2456450.86166 19.482 0.059 3.98 424.0
2456451.62370 19.368 0.071 5.61 433.0
2456451.80877 19.457 0.058 4.80 326.0
2456452.58417 19.531 0.060 4.59 350.0
2456452.82244 19.378 0.048 4.36 298.0
2456454.59700 19.433 0.057 4.82 294.0
2456454.78173 19.535 0.056 4.37 302.0
2456455.55753 19.377 0.063 5.58 318.0
2456456.56327 19.487 0.052 4.52 301.0
2456456.74913 19.546 0.050 4.14 304.0
2456457.70091 19.534 0.049 4.09 290.0
2456457.88674 19.514 0.063 4.49 440.0
2456458.67051 19.534 0.063 4.78 350.0
2456458.85508 19.546 0.073 4.66 477.0
2456459.62447 19.486 0.058 4.49 355.0
2456459.81426 19.402 0.050 3.44 405.0
2456460.64506 19.291 0.052 4.52 396.0
2456461.57035 19.628 0.070 4.14 446.0
2456461.77097 19.348 0.049 4.43 341.0
2456462.64040 19.395 0.070 4.70 601.0
2456462.90059 19.456 0.094 6.31 492.0
2456463.68593 19.840 0.087 4.60 435.0
2456463.86654 19.527 0.073 4.93 432.0
2456464.68646 19.596 0.080 4.59 523.0
2456464.87752 19.276 0.070 4.39 783.0
2456469.57081 19.424 0.079 5.57 509.0
2456469.75819 19.469 0.065 4.62 457.0
2456472.74997 19.363 0.064 5.94 313.0
2456473.70124 19.478 0.051 4.31 290.0
2456473.87190 19.538 0.089 5.87 484.0
2456474.64072 19.724 0.088 5.90 342.0
2456474.82646 19.413 0.092 6.37 549.0
2456475.60932 19.354 0.055 5.10 339.0
2456475.80411 19.451 0.061 4.27 410.0
2456476.56961 19.230 0.060 5.35 379.0
2456476.75819 19.483 0.059 4.34 359.0
2456477.56314 19.318 0.059 5.69 312.0
2456477.75132 19.404 0.069 5.52 385.0
2456478.60027 19.650 0.072 5.06 336.0
2456479.67621 19.594 0.073 6.72 251.0
2456480.57712 19.308 0.069 6.75 332.0
2456480.76104 19.632 0.071 5.65 262.0
2456481.57167 19.584 0.074 6.04 299.0
2456481.81525 19.215 0.068 6.58 380.0
2456484.48341 19.322 0.068 6.00 404.0
2456485.54702 19.540 0.066 6.02 276.0
2456485.77961 19.395 0.054 4.67 340.0
2456486.51650 19.427 0.069 5.65 343.0
2456486.72683 19.397 0.062 5.62 303.0
2456487.51640 19.513 0.065 4.84 367.0
2456487.71769 19.359 0.044 4.00 307.0
2456489.55273 19.480 0.075 6.00 336.0
2456489.74934 19.748 0.087 5.01 345.0
2456490.57956 19.461 0.066 5.17 365.0
2456490.76931 19.518 0.053 4.37 290.0
2456491.64746 19.456 0.074 5.39 377.0
2456492.47185 19.274 0.111 7.35 698.0
2456496.50263 19.150 0.090 6.37 845.0
2456497.58566 19.428 0.077 5.75 487.0
2456497.77056 19.348 0.075 5.58 521.0
2456498.60517 19.679 0.062 3.73 403.0
2456498.78349 19.428 0.074 5.33 462.0
2456500.54159 19.297 0.082 7.32 411.0
2456501.56146 19.584 0.081 6.19 329.0
2456505.47727 19.379 0.079 7.09 420.0
2456505.69394 19.482 0.065 5.42 299.0
2456506.59029 19.528 0.075 6.56 292.0
2456507.66812 19.297 0.078 7.19 324.0
2456508.58699 19.395 0.050 4.60 308.0
2456508.77769 19.584 0.071 4.41 484.0
2456509.68283 19.459 0.047 4.26 263.0
2456510.57055 19.303 0.041 3.85 291.0
2456511.47923 19.438 0.074 6.11 379.0
2456511.72200 19.470 0.068 5.49 300.0
2456514.62611 19.634 0.068 5.73 250.0
2456515.56730 19.288 0.044 4.30 303.0
2456516.55305 19.667 0.078 5.59 321.0
2456518.58060 19.602 0.060 3.94 372.0
2456519.51359 19.516 0.049 3.58 347.0
2456519.73293 19.327 0.058 5.19 426.0
2456523.63288 19.633 0.091 4.46 670.0
2456524.57151 19.596 0.071 3.54 622.0
2456525.57347 19.359 0.077 4.91 608.0
2456526.69787 19.610 0.097 6.18 543.0
2456529.64161 19.437 0.077 5.89 377.0
2456531.63204 19.531 0.066 5.47 296.0
2456532.61416 19.425 0.053 4.40 295.0
2456533.65727 19.515 0.061 5.54 331.0
2456535.53891 19.494 0.078 6.07 339.0
2456538.51780 19.374 0.051 4.67 299.0
2456539.56625 19.452 0.056 4.49 454.0
2456541.57554 19.727 0.070 4.66 325.0
2456543.63093 19.404 0.062 5.88 329.0
2456545.53046 19.525 0.050 4.13 292.0
2456546.56149 19.389 0.075 5.22 649.0
2456551.57791 19.699 0.128 6.24 557.0
2456555.64536 19.758 0.119 5.20 626.0
2456558.62150 19.474 0.085 6.16 519.0
2456560.52828 19.345 0.060 4.97 388.0
2456561.57272 19.570 0.078 5.55 325.0
2456563.54868 19.551 0.092 6.60 334.0
2456563.63218 19.336 0.082 7.02 367.0
2456564.56916 19.585 0.079 5.53 378.0
2456565.54036 19.541 0.080 5.71 377.0
2456568.52252 19.478 0.098 6.92 444.0
2456568.61137 19.449 0.076 5.86 383.0
2456569.56588 19.603 0.067 4.83 333.0
2456570.54304 19.641 0.079 5.48 350.0
2456571.55039 19.515 0.082 5.61 416.0
2456572.50633 19.671 0.097 6.75 357.0
2456573.48579 19.407 0.080 5.12 544.0
2456573.57534 19.255 0.059 4.66 498.0
2456573.58399 19.355 0.062 4.71 491.0
2456578.52696 19.598 0.107 6.01 538.0
2456579.49252 19.468 0.102 5.63 720.0
2456580.51159 19.208 0.110 5.80 1250.0
2456581.53772 19.750 0.112 5.10 584.0
2456582.57249 19.242 0.070 4.52 706.0
2456583.55449 19.719 0.142 6.76 732.0
2456584.55757 19.754 0.170 6.34 1009.0
2456585.55790 19.218 0.084 5.69 664.0
2456590.53538 19.710 0.116 6.24 438.0
2456590.56082 19.289 0.092 6.93 472.0
2456697.88793 19.311 0.068 4.76 666.0
2456699.87950 19.499 0.063 4.00 555.0
2456701.89025 19.259 0.066 4.44 807.0
2456704.86607 19.652 0.095 4.95 725.0
2456706.85208 19.399 0.081 5.63 628.0
2456708.85165 19.638 0.085 4.55 610.0
2456709.87921 19.249 0.055 4.62 520.0
2456710.89530 19.707 0.089 4.44 681.0
2456711.84483 19.494 0.074 4.63 649.0
2456714.88656 19.466 0.089 6.92 402.0
2456715.89459 19.497 0.065 4.89 459.0
2456716.89759 19.550 0.067 4.42 530.0
2456719.81402 19.473 0.077 5.26 539.0
2456719.90877 19.628 0.136 4.68 1632.0
2456720.88540 19.652 0.071 5.20 344.0
2456721.86426 19.428 0.063 5.08 418.0
2456722.86056 19.365 0.068 5.78 439.0
2456723.83146 19.664 0.078 4.57 505.0
2456724.81547 19.247 0.076 6.92 458.0
2456725.79141 19.559 0.100 6.71 458.0
2456725.88905 19.443 0.062 5.08 387.0
2456726.85351 19.394 0.061 4.80 436.0
2456727.82447 19.551 0.053 4.31 334.0
2456728.79099 19.404 0.060 4.80 459.0
2456728.88932 19.601 0.056 4.24 365.0
2456729.84703 19.361 0.054 4.56 417.0
2456730.79518 19.542 0.108 6.49 583.0
2456730.89384 19.443 0.071 6.26 345.0
2456732.80531 19.417 0.099 6.59 625.0
2456732.89809 19.320 0.074 5.50 562.0
2456733.84017 19.483 0.070 4.57 556.0
2456734.77294 19.320 0.072 5.06 679.0
2456734.87062 19.363 0.053 4.11 499.0
2456735.79915 19.408 0.088 5.34 735.0
2456735.90683 19.635 0.085 4.64 637.0
2456736.85116 19.568 0.103 6.86 512.0
2456737.80280 19.338 0.057 4.40 592.0
2456737.88267 19.444 0.061 4.43 542.0
2456742.79629 19.530 0.060 4.84 375.0
2456742.88609 19.509 0.045 3.63 347.0
2456744.80514 19.429 0.061 5.48 364.0
2456744.89582 19.495 0.050 4.38 343.0
2456745.80363 19.351 0.051 5.03 347.0
2456745.89023 19.221 0.043 4.46 330.0
2456746.79550 19.286 0.058 6.32 334.0
2456747.79805 19.509 0.079 6.48 373.0
2456747.91013 19.423 0.051 4.61 344.0
2456749.75346 19.595 0.091 6.57 401.0
2456750.75765 19.379 0.066 5.89 383.0
2456751.78329 19.478 0.048 4.17 347.0
2456752.76031 19.246 0.056 5.92 348.0
2456754.75058 19.578 0.074 5.86 349.0
2456755.77716 19.440 0.083 7.26 377.0
2456756.73044 19.569 0.064 4.96 428.0
2456756.91929 19.437 0.057 4.75 387.0
2456757.87729 19.462 0.061 5.89 304.0
2456758.90822 19.327 0.075 7.71 327.0
2456759.85665 19.369 0.036 3.10 374.0
2456760.80648 19.425 0.057 4.47 432.0
2456761.74212 19.431 0.077 5.55 536.0
2456761.92922 19.352 0.109 5.10 1371.0
2456762.90916 19.413 0.061 3.55 666.0
2456763.84260 19.265 0.056 3.85 582.0
2456764.77320 19.531 0.063 3.78 644.0
2456765.69661 19.387 0.092 5.40 838.0
2456765.71111 19.492 0.099 5.33 868.0
2456765.86211 19.369 0.069 4.65 670.0
2456768.83575 19.455 0.060 3.91 508.0
2456769.75357 19.263 0.053 4.91 421.0
2456769.91517 19.531 0.061 4.12 482.0
2456770.81629 19.414 0.051 4.18 388.0
2456771.75296 19.335 0.043 3.85 340.0
2456772.67633 19.372 0.065 5.31 433.0
2456772.87170 19.270 0.043 4.08 373.0
2456773.79043 19.494 0.092 7.31 363.0
2456774.69983 19.520 0.073 5.38 413.0
2456775.66577 19.283 0.049 4.72 391.0
2456775.87042 19.470 0.053 4.46 353.0
2456776.78102 19.354 0.061 5.56 491.0
2456777.76305 19.404 0.055 4.97 324.0
2456784.66667 19.669 0.075 4.17 470.0
2456784.86033 19.412 0.073 5.18 434.0
2456785.65457 19.416 0.053 3.84 423.0
2456785.84516 19.361 0.056 4.02 430.0
2456786.66236 19.454 0.057 3.84 389.0
2456786.87793 19.469 0.063 4.19 436.0
2456787.74918 19.513 0.064 3.39 719.0
2456789.63709 19.671 0.112 5.21 657.0
2456789.79950 19.520 0.072 4.47 509.0
2456790.66797 19.332 0.086 5.42 676.0
2456790.83837 19.483 0.086 4.83 642.0
2456791.67529 19.372 0.097 5.38 781.0
2456791.84871 19.331 0.070 4.17 736.0
2456792.67322 19.365 0.088 4.53 908.0
2456792.83637 19.376 0.072 3.66 876.0
2456796.62215 19.302 0.074 4.68 647.0
2456796.79218 19.452 0.097 4.01 1150.0
2456797.62330 19.460 0.091 5.76 566.0
2456797.64444 19.300 0.075 4.88 736.0
2456797.82980 19.288 0.074 4.51 884.0
2456798.82225 19.684 0.119 6.67 399.0
2456799.90540 19.191 0.081 7.04 428.0
2456803.77677 19.443 0.047 3.95 288.0
2456803.93244 19.512 0.069 4.76 408.0
2456804.72030 19.249 0.043 4.21 315.0
2456804.89785 19.589 0.106 6.72 394.0
2456805.70319 19.386 0.057 4.78 337.0
2456805.88754 19.423 0.094 6.84 416.0
2456807.66947 19.404 0.080 6.70 321.0
2456807.84279 19.186 0.060 5.71 351.0
2456808.62994 19.569 0.087 5.67 388.0
2456808.82107 19.393 0.053 4.51 319.0
2456809.59076 19.417 0.065 5.13 412.0
2456809.79486 19.358 0.046 3.87 336.0
2456810.60124 19.390 0.074 5.02 426.0
2456810.79155 19.342 0.048 4.00 327.0
2456811.57617 19.281 0.090 6.64 530.0
2456811.75908 19.430 0.066 4.74 397.0
2456811.93146 19.561 0.138 7.36 600.0
2456813.82322 19.385 0.052 4.77 277.0
2456814.63281 19.521 0.079 6.04 345.0
2456814.84364 19.328 0.058 5.63 304.0
2456815.62930 19.346 0.084 6.99 373.0
2456815.84051 19.381 0.058 4.59 368.0
2456816.68271 19.600 0.098 6.57 385.0
2456816.87527 19.469 0.073 5.64 352.0
2456817.72022 19.360 0.053 4.30 401.0
2456817.90163 19.321 0.069 5.24 486.0
2456819.55701 19.483 0.161 7.18 957.0
2456819.70632 19.366 0.070 4.74 600.0
2456819.86911 19.406 0.107 6.23 700.0
2456823.87252 19.345 0.077 4.50 818.0
2456824.66412 19.398 0.077 4.88 573.0
2456824.85844 19.215 0.080 5.78 689.0
2456825.63903 19.327 0.062 4.61 437.0
2456825.82587 19.293 0.083 5.44 639.0
2456826.59066 19.439 0.068 4.91 389.0
2456826.77665 19.389 0.057 4.21 397.0
2456827.57630 19.171 0.049 4.33 417.0
2456827.78583 19.236 0.049 4.76 367.0
2456828.54734 19.267 0.061 5.21 432.0
2456828.73762 19.356 0.044 3.69 295.0
2456828.90397 19.190 0.081 6.63 577.0
2456829.68575 19.184 0.044 4.93 283.0
2456829.85006 19.317 0.065 5.70 361.0
2456830.65310 19.332 0.042 3.50 350.0
2456830.83603 19.353 0.053 4.39 453.0
2456831.74642 19.351 0.050 4.11 339.0
2456832.54160 19.433 0.060 4.62 366.0
2456832.73354 19.234 0.049 4.60 328.0
2456833.55768 19.645 0.142 7.68 493.0
2456833.75189 19.296 0.060 4.81 446.0
2456834.52974 19.190 0.071 5.81 484.0
2456834.71186 19.395 0.060 4.71 347.0
2456835.53590 19.225 0.067 5.73 407.0
2456835.71965 19.470 0.065 5.51 276.0
2456836.52710 19.292 0.101 7.77 440.0
2456836.69143 19.393 0.064 5.51 293.0
2456836.85416 19.238 0.074 6.10 519.0
2456837.64078 19.286 0.053 4.62 392.0
2456837.82330 19.448 0.074 5.01 467.0
2456838.59694 19.364 0.068 5.75 354.0
2456838.77943 19.190 0.054 5.31 351.0
2456839.56469 19.333 0.070 5.32 445.0
2456839.75100 19.313 0.062 5.13 400.0
2456840.56485 19.510 0.108 7.06 469.0
2456840.75629 19.353 0.058 5.29 311.0
2456841.63454 19.393 0.066 5.30 403.0
2456841.80800 19.423 0.089 6.72 437.0
2456842.60902 19.316 0.057 4.87 389.0
2456842.79259 19.162 0.062 5.98 412.0
2456844.57975 19.180 0.051 4.57 435.0
2456844.76864 19.211 0.058 5.86 349.0
2456845.51087 19.386 0.058 4.18 491.0
2456845.69007 19.306 0.048 3.58 432.0
2456847.47351 19.080 0.070 4.55 904.0
2456847.61155 19.298 0.057 3.78 607.0
2456847.75430 19.399 0.067 4.06 613.0
2456851.66369 19.332 0.070 4.43 704.0
2456852.68260 19.371 0.155 7.61 1081.0
2456854.49231 19.164 0.062 5.16 668.0
2456855.62569 19.219 0.048 5.86 262.0
2456855.80945 19.323 0.059 5.53 361.0
2456856.62775 19.196 0.041 4.46 274.0
2456856.78969 19.089 0.054 5.93 433.0
2456857.61622 19.150 0.034 3.69 268.0
2456857.79373 19.232 0.060 5.72 394.0
2456858.64251 19.212 0.041 3.86 315.0
2456859.57473 19.253 0.059 5.17 357.0
2456859.76886 19.133 0.073 6.94 478.0
2456862.72089 19.247 0.062 5.90 376.0
2456863.57618 19.194 0.037 3.83 309.0
2456863.75529 19.258 0.057 5.58 355.0
2456864.61660 19.184 0.051 5.76 268.0
2456865.54001 19.018 0.049 6.13 320.0
2456870.51299 19.097 0.059 6.57 304.0
2456870.74118 19.141 0.063 7.03 316.0
2456873.53889 19.183 0.055 5.68 333.0
2456879.48730 19.048 0.085 6.27 797.0
2456879.71134 19.128 0.083 5.26 901.0
2456880.65994 19.084 0.086 6.69 661.0
2456881.58106 19.068 0.065 6.21 462.0
2456882.53396 19.185 0.059 5.78 299.0
2456882.70937 19.170 0.056 5.14 436.0
2456884.67935 19.147 0.049 5.87 318.0
2456885.60531 19.036 0.036 4.65 266.0
2456886.51038 19.009 0.063 6.70 389.0
2456886.70138 19.062 0.052 5.48 449.0
2456887.62571 19.034 0.035 4.24 264.0
2456888.56037 19.123 0.043 4.53 271.0
2456889.49359 19.081 0.045 4.82 318.0
2456889.68714 18.986 0.042 5.98 281.0
2456890.62549 19.101 0.054 6.75 256.0
2456891.56583 19.029 0.038 4.47 291.0
2456895.50065 18.951 0.035 4.15 339.0
2456895.69299 19.143 0.054 5.97 325.0
2456898.47749 19.082 0.062 6.00 485.0
2456907.51591 18.937 0.041 4.33 460.0
2456908.50023 19.069 0.063 5.55 534.0
2456909.52835 18.960 0.073 6.91 531.0
2456912.55022 19.151 0.057 6.03 337.0
2456915.56494 18.991 0.048 5.95 344.0
2456918.56311 19.077 0.055 5.54 446.0
2456920.51318 19.254 0.081 6.94 381.0
2456922.58749 19.208 0.060 5.36 361.0
2456924.48631 19.040 0.058 5.55 504.0
2456925.52649 18.966 0.058 6.78 356.0
2456926.55094 19.200 0.057 5.56 356.0
2456927.60012 19.180 0.076 6.75 471.0
2456929.52339 19.134 0.061 6.03 384.0
2456930.57741 19.232 0.092 7.58 488.0
2456936.53584 19.223 0.066 5.47 589.0
2456937.53298 19.119 0.066 4.98 541.0
2456938.53287 19.149 0.089 6.75 630.0
2456940.48813 19.276 0.103 6.51 650.0
2456941.50193 19.111 0.089 7.47 562.0
2456942.55075 19.307 0.083 6.95 436.0
2456944.49046 19.223 0.071 5.96 512.0
2456947.50601 19.176 0.068 6.29 437.0
2456950.54492 19.158 0.079 6.79 513.0
2456952.50881 19.410 0.090 6.00 485.0
2456955.49910 19.381 0.093 5.87 611.0
