2456836.72523 19.959 0.179 6.52 306.0
2456838.56895 19.390 0.096 5.67 307.0
2456839.82574 19.488 0.122 6.84 492.0
2456841.83570 19.299 0.103 7.28 401.0
2456841.83669 19.158 0.053 7.87 108.0
2456844.77139 19.879 0.137 5.86 339.0
2456847.58933 19.525 0.092 4.08 576.0
2456851.79059 19.355 0.114 6.17 780.0
2456855.76994 19.618 0.108 5.88 291.0
2456859.77168 19.134 0.096 7.23 497.0
2456864.53774 19.282 0.079 5.15 241.0
2456872.53533 19.140 0.075 5.93 268.0
2456881.67563 19.007 0.077 6.31 471.0
2456885.60772 18.931 0.049 4.91 250.0
2456888.47948 18.981 0.052 4.66 287.0
2456890.67220 18.719 0.063 7.59 250.0
2456898.48012 18.185 0.034 5.74 427.0
2456912.57414 16.071 0.007 5.36 384.0
2456922.53009 17.203 0.016 6.01 362.0
2456926.61137 17.701 0.023 6.23 353.0
2456931.48757 18.089 0.045 5.22 1929.0
2456932.50697 18.073 0.036 6.08 748.0
2456937.49443 18.421 0.050 5.80 554.0
2456943.53309 18.266 0.048 8.18 449.0
