2455264.84100 16.042 0.007 5.24 1118.0
2455268.77925 16.036 0.007 7.63 428.0
2455271.77332 16.040 0.006 5.03 445.0
2455273.78260 16.047 0.005 4.96 378.0
2455279.88915 16.030 0.005 4.79 355.0
2455283.74980 16.030 0.006 5.39 637.0
2455285.87578 16.020 0.006 4.71 662.0
2455288.74187 16.023 0.006 4.31 781.0
2455292.89942 16.021 0.006 4.43 798.0
2455294.73687 16.029 0.005 4.66 362.0
2455294.92284 16.028 0.006 3.81 872.0
2455296.78063 16.031 0.005 4.21 353.0
2455297.81459 16.030 0.005 4.10 346.0
2455298.85315 16.032 0.005 3.89 364.0
2455301.76668 16.026 0.005 4.60 370.0
2455303.92799 16.019 0.006 4.82 448.0
2455306.69998 16.030 0.005 4.86 399.0
2455307.70208 16.028 0.006 5.32 415.0
2455308.69339 16.034 0.005 5.14 436.0
2455309.75618 16.037 0.005 4.60 357.0
2455310.77130 16.024 0.006 4.90 417.0
2455311.86612 16.031 0.005 4.21 401.0
2455312.86133 16.028 0.006 4.68 577.0
2455313.88971 16.027 0.006 4.85 655.0
2455314.82405 16.026 0.006 3.84 746.0
2455315.76352 16.039 0.007 6.38 853.0
2455316.71662 16.025 0.007 5.26 923.0
2455319.85668 16.026 0.010 3.82 5462.0
2455320.75730 16.032 0.007 4.90 1007.0
2455321.89858 16.035 0.006 5.07 575.0
2455323.81242 16.028 0.005 4.48 514.0
2455324.74656 16.031 0.005 4.49 408.0
2455325.86317 16.019 0.006 4.65 442.0
2455326.78706 16.026 0.005 4.10 366.0
2455327.70281 16.027 0.005 4.34 346.0
2455327.92812 16.029 0.005 4.16 576.0
2455328.85940 16.033 0.005 4.52 438.0
2455334.76652 16.030 0.005 4.84 411.0
2455335.75077 16.043 0.005 4.19 407.0
2455336.79613 16.034 0.005 4.87 448.0
2455337.85018 16.022 0.006 5.61 529.0
2455338.84991 16.051 0.007 7.04 619.0
2455339.88213 16.027 0.008 7.91 702.0
2455340.82546 16.040 0.006 5.99 670.0
2455341.68719 16.034 0.006 4.96 577.0
2455342.58556 16.040 0.008 6.92 951.0
2455342.77949 16.027 0.006 5.23 684.0
2455343.60530 16.027 0.008 6.41 1125.0
2455343.79708 16.031 0.010 4.91 3850.0
2455348.71777 16.027 0.006 5.01 582.0
2455348.94334 16.024 0.011 8.46 1326.0
2455350.63415 16.039 0.007 7.00 406.0
2455351.69402 16.026 0.006 5.62 386.0
2455352.70601 16.030 0.005 4.11 356.0
2455353.67931 16.015 0.005 3.69 371.0
2455354.61728 16.033 0.006 4.87 389.0
2455355.57505 16.036 0.006 5.12 511.0
2455355.88941 16.035 0.007 6.63 682.0
2455359.61140 16.017 0.006 5.27 552.0
2455359.84764 16.022 0.007 6.48 560.0
2455362.73541 16.023 0.005 4.93 465.0
2455364.71074 16.019 0.006 5.73 403.0
2455364.86186 16.028 0.006 5.89 399.0
2455365.82077 16.027 0.006 5.69 441.0
2455369.77688 16.033 0.008 6.90 828.0
2455376.75177 16.040 0.006 5.56 637.0
2455377.65206 16.025 0.005 3.89 412.0
2455377.67310 16.032 0.005 5.39 436.0
2455378.49585 16.033 0.005 4.29 499.0
2455378.80404 16.035 0.005 4.87 475.0
2455379.69225 16.033 0.005 4.67 396.0
2455380.80248 16.032 0.006 6.52 442.0
2455381.67742 16.040 0.006 6.26 361.0
2455382.54143 16.022 0.006 6.90 463.0
2455382.74808 16.035 0.006 6.32 409.0
2455385.50017 16.040 0.005 4.12 545.0
2455385.60213 16.030 0.005 3.82 454.0
2455385.69274 16.024 0.005 4.32 468.0
2455385.79078 16.023 0.005 4.82 503.0
2455386.77196 16.036 0.005 5.05 342.0
2455387.75430 16.043 0.005 4.44 309.0
2455388.64321 16.032 0.005 4.48 262.0
2455389.53460 16.024 0.006 5.33 356.0
2455390.54242 16.040 0.006 7.29 379.0
2455390.79959 16.027 0.005 5.50 285.0
2455391.76165 16.043 0.006 6.25 406.0
2455392.63215 16.031 0.005 5.47 345.0
2455393.69379 16.028 0.006 6.24 302.0
2455396.57518 16.031 0.007 7.18 488.0
2455397.65324 16.038 0.007 7.30 424.0
2455403.62524 16.040 0.005 4.20 727.0
2455404.49682 16.044 0.006 4.84 557.0
2455404.69415 16.043 0.006 5.08 569.0
2455407.56283 16.041 0.006 6.13 313.0
2455407.75667 16.039 0.006 5.45 509.0
2455408.68624 16.032 0.006 6.37 416.0
2455409.59658 16.031 0.005 4.91 313.0
2455410.59968 16.027 0.005 4.78 301.0
2455411.63585 16.035 0.005 4.70 321.0
2455412.61994 16.044 0.006 6.29 382.0
2455413.62771 16.044 0.005 4.79 285.0
2455414.67237 16.033 0.005 4.38 336.0
2455418.58369 16.040 0.005 4.41 293.0
2455422.63221 16.036 0.005 5.05 305.0
2455425.52474 16.038 0.005 4.90 438.0
2455430.51850 16.029 0.006 5.31 673.0
2455431.51957 16.048 0.006 4.86 612.0
2455433.69822 16.057 0.008 6.03 1531.0
2455434.69613 16.035 0.006 5.49 626.0
2455435.69934 16.035 0.006 5.25 537.0
2455437.67870 16.039 0.005 5.00 471.0
2455439.55922 16.048 0.006 5.88 405.0
2455443.57303 16.033 0.006 6.54 398.0
2455444.59438 16.046 0.006 5.96 357.0
2455445.68335 16.036 0.005 5.71 402.0
2455447.49125 16.026 0.005 3.86 371.0
2455448.55030 16.051 0.006 5.38 402.0
2455448.56509 16.039 0.006 5.26 406.0
2455450.50929 16.034 0.006 6.19 393.0
2455451.63583 16.041 0.006 6.77 436.0
2455457.51797 16.040 0.005 4.95 522.0
2455458.56190 16.039 0.006 5.93 573.0
2455459.59540 16.038 0.006 4.91 590.0
2455460.60809 16.044 0.008 5.70 1987.0
2455462.48613 16.030 0.006 5.29 589.0
2455463.59290 16.039 0.006 4.90 628.0
2455464.55264 16.033 0.006 5.21 513.0
2455465.48708 16.039 0.007 7.04 492.0
2455468.55699 16.025 0.006 6.40 445.0
2455471.53865 16.035 0.006 5.83 384.0
2455472.58855 16.037 0.006 5.91 481.0
2455476.55321 16.039 0.008 8.25 479.0
2455480.51119 16.039 0.006 5.51 467.0
2455483.49890 16.039 0.009 5.66 2031.0
2455487.49715 16.039 0.005 4.53 594.0
2455489.49603 16.051 0.008 7.18 747.0
2455492.52152 16.041 0.008 7.05 891.0
2455497.49982 16.042 0.007 6.59 761.0
2455596.86155 16.037 0.005 5.84 491.0
2455596.88493 16.028 0.007 5.15 1908.0
2455597.85644 16.040 0.005 5.96 373.0
2455606.88789 16.032 0.006 5.66 592.0
2455614.86818 16.034 0.005 5.61 534.0
2455620.85254 16.037 0.005 6.01 377.0
2455624.81369 16.022 0.005 6.10 406.0
2455625.77575 16.042 0.007 7.86 468.0
2455627.80052 16.041 0.006 6.94 380.0
2455629.77936 16.037 0.007 7.72 374.0
2455630.76935 16.040 0.006 6.89 422.0
2455632.76685 16.039 0.008 8.48 663.0
2455634.75408 16.039 0.006 7.07 427.0
2455635.82663 16.028 0.006 7.49 403.0
2455638.74490 16.025 0.008 7.79 756.0
2455639.75790 16.027 0.006 5.84 700.0
2455639.83356 16.030 0.006 5.48 543.0
2455639.90923 16.033 0.006 5.43 626.0
2455640.83066 16.043 0.006 5.43 594.0
2455641.75679 16.051 0.006 6.51 682.0
2455641.87691 16.043 0.005 5.01 505.0
2455642.79865 16.038 0.005 4.95 634.0
2455643.74478 16.030 0.006 6.02 756.0
2455643.82250 16.029 0.005 4.91 604.0
2455644.74551 16.030 0.007 5.66 1768.0
2455644.85916 16.040 0.007 5.18 1382.0
2455648.73163 16.027 0.006 7.39 389.0
2455648.84025 16.035 0.005 4.93 360.0
2455649.73597 16.036 0.006 7.51 339.0
2455649.84613 16.033 0.005 4.37 293.0
2455650.72843 16.023 0.005 6.52 354.0
2455650.83470 16.028 0.005 5.09 312.0
2455651.75434 16.028 0.005 5.44 347.0
2455651.86663 16.029 0.005 5.66 350.0
2455652.79486 16.035 0.005 4.96 306.0
2455653.76072 16.037 0.005 4.43 342.0
2455654.76381 16.045 0.005 5.13 363.0
2455654.85574 16.028 0.005 5.18 316.0
2455655.76864 16.044 0.005 5.44 398.0
2455655.84485 16.029 0.005 4.30 343.0
2455656.80190 16.042 0.005 4.79 378.0
2455657.76525 16.036 0.005 4.34 354.0
2455657.84494 16.029 0.004 3.81 355.0
2455658.75607 16.033 0.006 6.75 496.0
2455658.85706 16.032 0.005 4.99 315.0
2455659.71374 16.033 0.005 6.06 383.0
2455659.78992 16.024 0.005 5.02 354.0
2455659.87583 16.028 0.005 4.35 440.0
2455660.76355 16.033 0.005 6.18 323.0
2455660.86043 16.041 0.005 5.64 315.0
2455662.75486 16.036 0.006 7.03 374.0
2455662.85523 16.018 0.005 5.19 416.0
2455663.75310 16.036 0.005 5.71 394.0
2455664.80156 16.043 0.005 5.16 363.0
2455664.90533 16.037 0.005 5.22 368.0
2455665.78799 16.027 0.005 4.86 335.0
2455665.90002 16.022 0.005 5.33 346.0
2455667.82761 16.024 0.005 5.02 412.0
2455668.83262 16.024 0.006 5.36 640.0
2455669.81619 16.041 0.005 5.82 620.0
2455670.80419 16.027 0.006 5.47 672.0
2455671.77379 16.033 0.005 4.30 701.0
2455675.87305 16.030 0.005 4.66 435.0
2455676.77886 16.040 0.005 4.60 355.0
2455677.73551 16.030 0.005 5.37 361.0
2455677.92250 16.025 0.005 4.00 417.0
2455679.84426 16.027 0.005 4.53 383.0
2455680.72472 16.037 0.005 5.52 355.0
2455680.91041 16.033 0.005 4.65 360.0
2455681.80527 16.029 0.005 6.03 370.0
2455682.70487 16.048 0.006 6.02 482.0
2455682.92448 16.044 0.005 5.66 484.0
2455683.87913 16.032 0.005 4.83 477.0
2455684.78254 16.030 0.005 4.36 360.0
2455685.76895 16.038 0.004 3.77 346.0
2455686.65668 16.039 0.006 7.54 418.0
2455686.86507 16.031 0.005 5.55 418.0
2455687.75414 16.034 0.005 4.63 387.0
2455688.92886 16.028 0.006 6.08 788.0
2455690.65622 16.028 0.005 5.94 386.0
2455690.86988 16.039 0.005 6.90 510.0
2455691.79219 16.036 0.005 5.23 385.0
2455692.68490 16.024 0.005 5.04 453.0
2455692.86054 16.031 0.005 4.88 527.0
2455693.70883 16.039 0.005 5.21 427.0
2455693.88243 16.030 0.005 5.16 561.0
2455694.71415 16.021 0.005 4.49 501.0
2455694.89016 16.029 0.005 5.79 503.0
2455695.76643 16.031 0.005 4.47 427.0
2455695.92979 16.035 0.005 7.51 417.0
2455696.75752 16.039 0.005 4.58 465.0
2455696.94025 16.044 0.009 6.19 1398.0
2455697.76346 16.018 0.005 4.63 612.0
2455697.92984 16.052 0.006 6.60 637.0
2455698.76314 16.033 0.006 4.97 892.0
2455698.92853 16.028 0.007 6.38 1231.0
2455705.72643 16.028 0.006 5.81 400.0
2455705.92019 16.035 0.007 8.44 656.0
2455706.87444 16.033 0.007 7.70 585.0
2455707.73748 16.034 0.005 5.79 428.0
2455707.89854 16.040 0.006 6.35 554.0
2455708.73014 16.037 0.005 4.61 336.0
2455709.56167 16.037 0.005 6.57 415.0
2455712.59762 16.048 0.005 5.29 701.0
2455712.60027 16.040 0.005 5.28 497.0
2455712.80623 16.032 0.005 5.17 410.0
2455713.82092 16.047 0.005 5.72 394.0
2455715.55920 16.030 0.005 6.19 438.0
2455715.76494 16.034 0.005 4.48 323.0
2455716.59170 16.028 0.006 7.20 391.0
2455716.60434 16.044 0.005 5.23 362.0
2455716.61906 16.038 0.005 5.47 343.0
2455716.63168 16.032 0.005 5.45 339.0
2455716.82829 16.027 0.005 5.93 337.0
2455721.71282 16.040 0.004 5.60 424.0
2455721.91385 16.039 0.007 7.56 825.0
2455722.76675 16.032 0.005 4.26 426.0
2455723.63532 16.032 0.005 5.32 409.0
2455723.80345 16.027 0.005 5.03 360.0
2455724.66362 16.039 0.006 5.48 476.0
2455725.56590 16.036 0.005 5.17 557.0
2455725.77939 16.025 0.005 4.85 582.0
2455726.68752 16.030 0.005 4.67 709.0
2455734.66356 16.033 0.006 7.05 500.0
2455734.84580 16.018 0.006 7.07 486.0
2455735.79249 16.030 0.005 5.62 382.0
2455736.54166 16.039 0.005 5.33 480.0
2455736.70883 16.032 0.004 4.34 306.0
2455737.53746 16.030 0.005 4.97 479.0
2455737.72704 16.030 0.004 4.21 280.0
2455737.89458 16.027 0.005 6.57 504.0
2455738.75280 16.037 0.004 4.89 349.0
2455739.62272 16.035 0.005 4.99 316.0
2455739.81079 16.030 0.005 6.76 389.0
2455740.62447 16.029 0.006 6.46 320.0
2455740.81150 16.025 0.005 6.17 421.0
2455741.58199 16.040 0.005 4.81 357.0
2455741.76059 16.025 0.005 4.79 303.0
2455742.50886 16.043 0.006 5.20 583.0
2455742.69336 16.019 0.005 4.65 308.0
2455742.84882 16.034 0.005 5.71 395.0
2455743.74327 16.040 0.005 5.26 432.0
2455744.50111 16.025 0.007 7.06 578.0
2455744.67696 16.024 0.005 4.67 341.0
2455745.49023 16.051 0.006 7.20 473.0
2455745.66535 16.033 0.005 4.83 360.0
2455746.70509 16.044 0.005 5.76 325.0
2455747.58874 16.021 0.009 9.76 466.0
2455747.76554 16.039 0.006 7.65 378.0
2455749.54103 16.034 0.005 6.20 412.0
2455749.70761 16.030 0.006 7.06 326.0
2455752.58536 16.044 0.006 6.75 497.0
2455752.77633 16.038 0.006 7.16 557.0
2455753.71315 16.022 0.006 6.03 959.0
2455759.83542 16.011 0.007 6.39 850.0
2455760.48089 16.030 0.007 7.35 616.0
2455760.67464 16.030 0.005 5.81 485.0
2455761.49560 16.042 0.003 4.77 380.0
2455762.54031 16.034 0.005 5.15 394.0
2455762.69636 16.033 0.005 5.43 396.0
2455763.57629 16.033 0.005 4.11 374.0
2455763.76204 16.026 0.005 5.74 563.0
2455764.57942 16.026 0.005 5.00 402.0
2455764.78591 16.045 0.005 6.22 429.0
2455765.65023 16.034 0.005 4.47 417.0
2455766.50995 16.030 0.005 5.72 365.0
2455766.69632 16.040 0.005 5.54 310.0
2455767.57450 16.033 0.005 5.36 406.0
2455767.78258 16.050 0.006 7.48 418.0
2455768.63669 16.038 0.005 4.88 396.0
2455769.47365 16.036 0.006 5.75 490.0
2455769.67797 16.041 0.005 5.31 315.0
2455770.75402 16.044 0.006 5.62 384.0
2455776.60894 16.025 0.006 7.29 350.0
2455777.52599 16.026 0.005 4.41 399.0
2455777.77335 16.018 0.005 6.11 426.0
2455779.60105 16.045 0.005 5.50 359.0
2455785.62816 16.038 0.006 5.88 614.0
2455786.57178 16.032 0.006 5.91 598.0
2455787.60792 16.024 0.005 5.20 551.0
2455788.50736 16.043 0.006 6.46 448.0
2455790.59073 16.033 0.006 6.56 408.0
2455791.47728 16.046 0.007 7.45 473.0
2455793.59747 16.032 0.006 6.45 366.0
2455794.47946 16.030 0.007 7.64 401.0
2455794.67808 16.030 0.005 5.48 401.0
2455795.72534 16.043 0.006 6.08 391.0
2455796.65236 16.033 0.005 6.33 352.0
2455801.57377 16.034 0.006 6.84 335.0
2455802.56496 16.041 0.006 6.67 370.0
2455804.55730 16.044 0.006 6.31 372.0
2455805.50722 16.031 0.005 4.38 352.0
2455806.50040 16.024 0.006 6.32 443.0
2455807.63713 16.045 0.006 5.87 393.0
2455812.61953 16.052 0.006 5.29 682.0
2455813.60311 16.027 0.005 4.56 612.0
2455815.57137 16.036 0.005 4.16 533.0
2455816.55176 16.041 0.006 5.45 595.0
2455817.55276 16.036 0.006 6.01 522.0
2455818.53419 16.049 0.006 5.77 521.0
2455819.54288 16.035 0.006 5.78 535.0
2455820.51155 16.046 0.006 7.00 505.0
2455822.51213 16.064 0.007 8.13 351.0
2455822.60070 16.059 0.006 5.78 369.0
2455823.53216 16.041 0.006 6.36 423.0
2455823.61926 16.032 0.007 7.41 469.0
2455824.55558 16.035 0.005 5.03 388.0
2455824.63322 16.040 0.006 6.38 438.0
2455825.57215 16.048 0.006 5.18 462.0
2455826.49529 16.059 0.006 6.05 416.0
2455826.58265 16.057 0.006 6.27 475.0
2455827.52135 16.044 0.007 6.60 537.0
2455827.60174 16.034 0.006 7.44 503.0
2455828.53486 16.034 0.005 4.68 376.0
2455828.61013 16.032 0.005 5.69 487.0
2455829.54554 16.044 0.005 5.50 441.0
2455829.62163 16.040 0.005 7.73 481.0
2455830.55855 16.042 0.005 6.72 423.0
2455831.53073 16.030 0.005 5.55 410.0
2455831.60399 16.033 0.006 7.90 471.0
2455832.55368 16.035 0.006 6.52 469.0
2455833.51179 16.033 0.005 4.88 422.0
2455833.58951 16.052 0.006 7.02 432.0
2455834.54893 16.041 0.005 5.73 381.0
2455835.53241 16.055 0.007 7.10 487.0
2455836.52949 16.041 0.007 5.22 977.0
2455836.59296 16.030 0.007 6.68 791.0
2455839.55347 16.039 0.008 5.91 1561.0
2455840.49928 16.027 0.006 6.33 563.0
2455840.60019 16.042 0.006 5.63 662.0
2455841.52691 16.037 0.007 6.10 635.0
2455841.60623 16.036 0.007 6.47 772.0
2455842.57690 16.027 0.007 6.81 674.0
2455843.52989 16.024 0.006 6.11 550.0
2455844.55374 16.048 0.007 6.20 670.0
2455845.51421 16.023 0.006 6.43 626.0
2455845.59496 16.049 0.006 5.70 886.0
2455846.55664 16.053 0.007 6.02 842.0
2455851.54331 16.026 0.005 6.09 451.0
2455852.49349 16.046 0.008 7.32 795.0
2455855.54647 16.033 0.006 5.97 636.0
2455856.55358 16.021 0.007 8.57 625.0
2455858.52585 16.029 0.008 9.17 524.0
2455860.49863 16.029 0.006 5.54 772.0
2455861.52180 16.039 0.007 7.71 588.0
2455969.87764 16.038 0.005 6.53 532.0
2455972.89380 16.022 0.006 5.44 1576.0
2455977.83180 16.025 0.005 6.84 501.0
2455978.84625 16.052 0.005 7.26 394.0
2455979.85714 16.027 0.006 6.83 428.0
2455981.88555 16.032 0.005 6.58 369.0
2455982.89070 16.036 0.005 5.30 371.0
2455983.88388 16.034 0.004 4.55 346.0
2455984.86802 16.043 0.004 4.48 343.0
2455985.85205 16.033 0.005 5.76 428.0
2455986.83330 16.038 0.005 5.93 419.0
2455987.80664 16.031 0.006 7.39 486.0
2455987.89805 16.045 0.005 4.90 419.0
2455988.88552 16.034 0.005 4.86 388.0
2455989.86055 16.033 0.006 7.44 320.0
2455990.82507 16.029 0.005 6.40 355.0
2455991.79867 16.027 0.006 6.98 535.0
2455991.89312 16.041 0.005 5.37 333.0
2455992.85863 16.044 0.005 5.37 416.0
2455993.83830 16.034 0.005 6.01 482.0
2455994.79238 16.018 0.006 5.68 770.0
2455994.89750 16.039 0.005 4.84 540.0
2455996.85206 16.029 0.005 4.60 466.0
2455997.80788 16.032 0.005 5.68 504.0
2455997.89423 16.030 0.005 4.25 455.0
2455998.84581 16.017 0.004 4.11 467.0
2456003.85608 16.030 0.006 6.87 477.0
2456004.78792 16.030 0.005 6.22 425.0
2456004.88427 16.020 0.005 5.40 386.0
2456005.91086 16.015 0.004 3.44 432.0
2456006.84215 16.035 0.005 4.97 327.0
2456007.75150 16.032 0.005 5.69 326.0
2456007.85156 16.025 0.005 5.31 328.0
2456008.74681 16.025 0.005 5.95 402.0
2456008.83628 16.034 0.005 5.89 344.0
2456009.74755 16.046 0.005 6.49 438.0
2456009.84699 16.032 0.004 4.36 391.0
2456010.73878 16.024 0.006 6.68 623.0
2456010.83012 16.031 0.005 5.15 379.0
2456010.91777 16.030 0.005 4.10 960.0
2456011.82772 16.039 0.006 6.12 684.0
2456012.74016 16.037 0.005 7.07 340.0
2456012.83438 16.039 0.005 5.60 285.0
2456012.92151 16.038 0.005 3.91 794.0
2456013.81882 16.038 0.004 4.85 295.0
2456013.92252 16.024 0.007 4.43 1879.0
2456014.79496 16.036 0.004 5.17 321.0
2456014.89409 16.029 0.005 5.85 304.0
2456015.77296 16.033 0.004 4.98 323.0
2456015.84007 16.024 0.004 4.04 294.0
2456016.75469 16.030 0.004 4.89 348.0
2456016.83460 16.025 0.004 4.70 332.0
2456017.74275 16.021 0.004 4.84 352.0
2456017.81921 16.030 0.004 3.92 312.0
2456017.91915 16.029 0.005 4.02 616.0
2456018.80810 16.038 0.006 7.05 312.0
2456018.91380 16.027 0.004 3.90 334.0
2456019.78722 16.035 0.005 5.29 331.0
2456019.88235 16.033 0.004 4.42 316.0
2456020.74172 16.014 0.005 5.31 378.0
2456020.83560 16.044 0.004 4.20 297.0
2456020.91546 16.031 0.005 5.04 366.0
2456021.76447 16.028 0.005 5.25 435.0
2456021.84222 16.024 0.004 4.27 360.0
2456022.71321 16.019 0.006 6.07 1017.0
2456022.78950 16.039 0.005 4.57 447.0
2456022.88572 16.024 0.005 4.73 402.0
2456023.74582 16.026 0.005 5.07 578.0
2456023.82570 16.032 0.004 3.79 513.0
2456024.70417 16.040 0.006 6.72 777.0
2456024.78275 16.031 0.005 5.29 568.0
2456024.89528 16.032 0.005 3.88 588.0
2456025.76884 16.017 0.006 5.74 607.0
2456025.86246 16.018 0.005 4.80 574.0
2456029.89424 16.022 0.005 4.96 516.0
2456031.89093 16.032 0.006 7.19 461.0
2456032.83486 16.028 0.005 5.03 350.0
2456033.75948 16.031 0.005 6.15 381.0
2456034.70745 16.042 0.005 5.82 360.0
2456035.84172 16.029 0.004 4.30 376.0
2456036.83485 16.023 0.004 3.47 344.0
2456037.78373 16.038 0.005 5.83 372.0
2456038.75282 16.024 0.005 5.92 337.0
2456039.74694 16.036 0.005 6.80 385.0
2456040.92293 16.025 0.005 5.24 438.0
2456041.87627 16.017 0.005 4.61 420.0
2456046.92151 16.030 0.005 4.82 405.0
2456047.82448 16.034 0.006 5.52 409.0
2456048.76589 16.045 0.004 4.63 335.0
2456049.68254 16.038 0.005 5.63 472.0
2456049.87703 16.025 0.005 4.62 396.0
2456050.77098 16.022 0.005 4.57 451.0
2456051.64781 16.022 0.006 6.27 608.0
2456052.76537 16.024 0.005 5.55 574.0
2456052.92302 16.034 0.005 4.73 622.0
2456053.79647 16.028 0.005 4.36 771.0
2456054.89049 16.012 0.008 3.85 4089.0
2456058.82070 16.037 0.005 5.84 404.0
2456059.71144 16.039 0.005 5.82 361.0
2456059.88733 16.032 0.005 4.91 418.0
2456061.78633 16.042 0.005 4.50 403.0
2456062.65501 16.033 0.006 7.41 484.0
2456062.83722 16.031 0.005 4.61 486.0
2456063.80639 16.031 0.006 7.57 367.0
2456064.72910 16.029 0.004 4.67 357.0
2456064.91393 16.032 0.005 4.73 488.0
2456065.74885 16.045 0.004 4.26 361.0
2456066.67725 16.041 0.004 4.43 379.0
2456066.86032 16.031 0.005 4.28 441.0
2456067.66423 16.042 0.005 4.74 367.0
2456067.84139 16.021 0.004 3.63 378.0
2456068.66742 16.037 0.005 4.40 393.0
2456068.88679 16.039 0.004 3.96 454.0
2456069.62057 16.039 0.005 5.61 345.0
2456069.82756 16.035 0.004 3.98 331.0
2456070.62853 16.033 0.006 6.79 403.0
2456070.80505 16.013 0.005 4.75 367.0
2456071.60316 16.033 0.005 5.43 358.0
2456071.76893 16.039 0.005 5.89 353.0
2456071.93753 16.026 0.006 6.70 549.0
2456075.75719 16.030 0.004 4.45 309.0
2456076.61519 16.042 0.005 5.34 406.0
2456076.80005 16.036 0.004 4.37 350.0
2456077.71427 16.031 0.005 5.45 365.0
2456077.91606 16.035 0.005 4.99 463.0
2456078.72464 16.025 0.004 4.28 420.0
2456078.89953 16.026 0.005 4.16 503.0
2456079.69806 16.034 0.005 5.12 380.0
2456079.89342 16.015 0.004 4.75 434.0
2456080.66081 16.034 0.005 5.09 568.0
2456080.83838 16.043 0.005 5.53 471.0
2456081.61809 16.037 0.006 5.80 746.0
2456081.79141 16.022 0.005 4.44 580.0
2456082.61203 16.040 0.006 6.08 878.0
2456082.81649 16.016 0.007 5.53 1406.0
2456085.62682 16.023 0.005 4.51 658.0
2456085.78717 16.029 0.005 4.90 546.0
2456086.55877 16.031 0.005 6.10 374.0
2456086.73122 16.024 0.004 4.11 441.0
2456086.91496 16.034 0.007 7.57 673.0
2456087.82189 16.028 0.005 4.93 534.0
2456088.66457 16.028 0.004 4.27 311.0
2456089.77863 16.046 0.004 4.46 556.0
2456092.62476 16.025 0.004 5.25 340.0
2456092.91213 16.018 0.006 7.59 570.0
2456093.70499 16.027 0.005 5.51 311.0
2456094.57903 16.036 0.006 6.87 419.0
2456094.76501 16.023 0.005 5.86 397.0
2456096.57618 16.021 0.005 6.57 376.0
2456096.77654 16.033 0.005 5.88 376.0
2456097.67965 16.037 0.005 6.06 336.0
2456097.86833 16.016 0.005 5.86 447.0
2456098.66183 16.010 0.006 6.95 370.0
2456098.84264 16.024 0.005 5.66 425.0
2456100.51700 16.032 0.006 6.81 562.0
2456100.71065 16.022 0.005 4.71 354.0
2456100.87567 16.021 0.006 7.15 507.0
2456101.64047 16.026 0.004 4.45 376.0
2456101.82419 16.025 0.005 5.89 572.0
2456102.62385 16.027 0.005 5.25 363.0
2456102.78069 16.022 0.005 4.35 434.0
2456103.53163 16.035 0.005 4.22 506.0
2456103.71071 16.029 0.005 4.23 389.0
2456104.53227 16.026 0.005 4.26 478.0
2456104.69538 16.030 0.004 3.89 319.0
2456104.86403 16.039 0.005 7.15 389.0
2456105.62742 16.033 0.005 4.68 334.0
2456106.62728 16.021 0.006 6.95 441.0
2456108.62295 16.028 0.005 4.37 636.0
2456108.79499 16.031 0.005 5.99 529.0
2456109.78752 16.036 0.006 4.65 1545.0
2456113.59179 16.033 0.005 5.19 656.0
2456113.75010 16.025 0.005 4.68 724.0
2456114.59993 16.023 0.005 5.38 521.0
2456114.77155 16.036 0.005 4.90 563.0
2456115.53630 16.020 0.005 4.81 448.0
2456115.75166 16.030 0.005 6.64 386.0
2456116.57778 16.036 0.004 4.54 322.0
2456116.75885 16.039 0.005 5.12 398.0
2456117.55472 16.036 0.005 4.48 377.0
2456117.73350 16.022 0.005 5.14 420.0
2456118.50736 16.021 0.005 5.37 405.0
2456118.69593 16.027 0.004 3.88 321.0
2456118.83972 16.023 0.005 5.79 478.0
2456119.64875 16.040 0.004 5.08 279.0
2456119.79248 16.024 0.005 5.80 371.0
2456120.67946 16.024 0.004 5.08 254.0
2456121.47807 16.037 0.004 4.79 361.0
2456121.65828 16.031 0.004 4.19 262.0
2456123.51557 16.027 0.006 7.28 425.0
2456123.69151 16.021 0.005 4.98 279.0
2456124.48695 16.030 0.006 6.21 427.0
2456124.69845 16.031 0.005 5.06 315.0
2456125.70124 16.033 0.005 5.69 312.0
2456126.53008 16.024 0.005 5.29 339.0
2456126.73687 16.028 0.005 6.62 316.0
2456127.65877 16.027 0.005 5.90 311.0
2456128.63194 16.031 0.004 4.70 306.0
2456131.50564 16.038 0.005 6.34 313.0
2456131.78297 16.043 0.004 5.82 396.0
2456132.76298 16.030 0.005 5.37 376.0
2456133.69259 16.043 0.005 6.36 319.0
2456134.59359 16.028 0.006 7.42 378.0
2456135.56481 16.021 0.005 5.82 403.0
2456135.78262 16.026 0.005 5.93 399.0
2456140.56977 16.026 0.006 6.03 746.0
2456140.74300 16.047 0.009 8.20 888.0
2456141.59746 16.039 0.006 6.40 583.0
2456141.76347 16.022 0.006 5.22 844.0
2456143.53583 16.045 0.006 6.64 412.0
2456147.64990 16.029 0.006 8.29 294.0
2456148.59616 16.039 0.004 4.68 273.0
2456149.60644 16.025 0.005 6.40 335.0
2456150.63967 16.040 0.005 5.22 309.0
2456151.62254 16.022 0.005 6.53 338.0
2456152.50000 16.032 0.005 6.00 302.0
2456152.70656 16.037 0.004 5.25 299.0
2456154.68129 16.037 0.005 6.19 321.0
2456158.51637 16.035 0.005 4.64 368.0
2456158.69810 16.031 0.005 4.88 451.0
2456159.62956 16.035 0.005 5.38 334.0
2456160.62058 16.038 0.005 4.93 328.0
2456161.51632 16.028 0.006 7.00 314.0
2456164.49368 16.038 0.005 4.79 421.0
2456164.70579 16.025 0.008 8.25 667.0
2456165.60286 16.040 0.005 5.66 520.0
2456165.63375 16.037 0.005 4.81 787.0
2456165.66075 16.021 0.005 5.38 610.0
2456165.68877 16.031 0.006 5.89 910.0
2456165.71326 16.018 0.006 6.68 782.0
2456166.51310 16.030 0.005 5.21 521.0
2456166.55986 16.007 0.005 5.02 695.0
2456166.61515 16.018 0.005 4.16 816.0
2456166.66864 16.044 0.005 4.17 656.0
2456167.50316 16.034 0.005 4.40 652.0
2456168.60153 16.041 0.005 4.19 603.0
2456169.49496 16.025 0.005 4.94 575.0
2456169.67849 16.027 0.006 5.72 745.0
2456171.58842 16.018 0.005 4.66 578.0
2456171.63976 16.045 0.008 6.58 1336.0
2456172.60967 16.030 0.004 4.21 443.0
2456174.58137 16.016 0.006 6.66 501.0
2456175.55944 16.029 0.005 5.59 421.0
2456179.50771 16.044 0.006 6.30 618.0
2456179.54749 16.034 0.006 6.29 403.0
2456180.52124 16.037 0.005 5.72 402.0
2456181.48122 16.031 0.005 5.48 560.0
2456182.48231 16.039 0.005 5.50 477.0
2456183.49203 16.025 0.005 5.93 377.0
2456184.58838 16.033 0.005 4.94 296.0
2456185.48401 16.034 0.004 4.64 368.0
2456186.49496 16.035 0.005 6.20 363.0
2456190.53131 16.044 0.005 5.46 420.0
2456191.58358 16.045 0.005 5.12 370.0
2456195.53478 16.044 0.005 5.04 503.0
2456195.61277 16.038 0.005 4.82 628.0
2456196.53267 16.059 0.006 6.05 587.0
2456196.61445 16.033 0.006 6.66 702.0
2456197.53407 16.038 0.006 5.14 547.0
2456198.50224 16.018 0.007 8.14 540.0
2456199.56311 16.033 0.007 7.86 546.0
2456201.51543 16.021 0.007 8.11 492.0
2456203.50592 16.038 0.006 6.20 448.0
2456203.59578 16.042 0.007 7.45 655.0
2456204.54908 16.034 0.005 5.16 461.0
2456205.49036 16.032 0.005 5.98 465.0
2456205.57155 16.036 0.005 5.53 360.0
2456208.51587 16.025 0.006 6.82 445.0
2456210.54277 16.035 0.005 6.09 404.0
2456211.49282 16.043 0.005 5.72 479.0
2456211.57367 16.035 0.005 5.48 420.0
2456212.49290 16.035 0.005 5.26 519.0
2456212.56980 16.027 0.005 5.22 518.0
2456213.52221 16.026 0.005 5.45 416.0
2456214.49613 16.027 0.005 5.67 436.0
2456216.50188 16.036 0.005 6.13 422.0
2456217.52509 16.038 0.005 4.36 398.0
2456218.50977 16.031 0.006 6.28 484.0
2456219.51713 16.022 0.004 5.01 241.0
2456221.51576 16.020 0.006 5.39 940.0
2456221.54318 16.022 0.007 6.54 889.0
2456223.55836 16.044 0.006 6.53 710.0
2456226.50365 16.030 0.006 6.27 675.0
2456231.50435 16.029 0.007 5.59 908.0
2456233.53597 16.041 0.006 7.04 570.0
2456238.51272 16.028 0.007 5.94 719.0
2456334.87984 16.040 0.005 6.01 367.0
2456335.86009 16.023 0.005 5.81 368.0
2456337.87118 16.038 0.005 7.53 336.0
2456338.84967 16.026 0.005 7.19 336.0
2456338.89329 16.030 0.005 4.88 789.0
2456340.85581 16.052 0.004 6.09 304.0
2456341.89460 16.024 0.006 5.98 585.0
2456343.86043 16.052 0.005 7.42 327.0
2456344.86117 16.042 0.004 4.30 339.0
2456345.88046 16.036 0.004 4.66 323.0
2456347.88320 16.026 0.005 5.10 460.0
2456348.88060 16.031 0.005 4.59 445.0
2456349.88828 16.028 0.006 6.05 566.0
2456350.89993 16.027 0.005 4.83 895.0
2456351.90607 16.031 0.007 4.42 2088.0
2456352.89728 16.024 0.005 4.24 545.0
2456353.88595 16.030 0.004 4.39 419.0
2456354.89057 16.026 0.005 4.58 455.0
2456360.80967 16.035 0.004 4.57 350.0
2456361.87026 16.042 0.005 5.28 347.0
2456362.79297 16.021 0.005 6.15 380.0
2456363.88266 16.030 0.004 4.49 345.0
2456367.88348 16.026 0.004 4.05 282.0
2456368.83428 16.035 0.004 5.31 308.0
2456369.84444 16.034 0.004 4.66 301.0
2456370.79663 16.032 0.004 5.19 296.0
2456371.81014 16.028 0.004 4.95 266.0
2456371.90198 16.026 0.004 4.78 267.0
2456372.81240 16.031 0.004 4.61 319.0
2456373.82932 16.036 0.004 4.78 340.0
2456374.83558 16.037 0.005 5.72 322.0
2456375.85057 16.035 0.004 4.42 286.0
2456376.75816 16.026 0.005 5.78 495.0
2456376.84665 16.028 0.004 4.28 413.0
2456377.75660 16.023 0.004 5.34 537.0
2456378.76572 16.039 0.005 5.48 658.0
2456379.76210 16.023 0.005 4.78 710.0
2456380.75319 16.028 0.004 4.81 556.0
2456381.77389 16.034 0.004 4.88 528.0
2456382.76829 16.033 0.006 5.54 868.0
2456386.76137 16.019 0.005 5.51 353.0
2456387.75993 16.031 0.004 5.06 295.0
2456388.78386 16.035 0.004 5.04 299.0
2456388.89181 16.033 0.005 5.41 384.0
2456389.75298 16.015 0.004 5.53 355.0
2456390.71751 16.039 0.005 6.24 377.0
2456390.79944 16.040 0.005 6.18 351.0
2456390.88901 16.022 0.005 5.02 333.0
2456391.80929 16.036 0.006 7.30 342.0
2456394.77519 16.023 0.005 5.74 381.0
2456395.72627 16.022 0.005 5.45 406.0
2456396.86403 16.030 0.004 4.17 358.0
2456398.71884 16.023 0.004 3.57 352.0
2456400.79692 16.037 0.004 4.50 345.0
2456401.74564 16.047 0.004 4.86 318.0
2456403.74881 16.036 0.004 4.38 349.0
2456406.89762 16.015 0.004 3.85 1043.0
2456409.87231 16.041 0.006 5.58 879.0
2456416.70389 16.041 0.005 4.74 402.0
2456418.67629 16.047 0.005 4.49 430.0
2456419.72527 16.030 0.004 4.80 342.0
2456422.71319 16.035 0.004 5.15 344.0
2456423.66488 16.033 0.005 5.34 438.0
2456424.91852 16.037 0.004 5.56 490.0
2456427.92367 16.037 0.005 5.15 717.0
2456428.61889 16.033 0.006 7.36 398.0
2456431.59046 16.037 0.006 7.89 489.0
2456432.63465 16.034 0.005 6.04 426.0
2456433.62872 16.029 0.005 6.60 422.0
2456434.71298 16.020 0.005 5.09 445.0
2456434.90441 16.033 0.005 4.85 521.0
2456436.91957 16.025 0.005 4.78 988.0
2456441.77991 16.032 0.006 6.19 664.0
2456442.56725 16.035 0.005 5.45 497.0
2456442.75517 16.027 0.004 4.27 392.0
2456443.62183 16.031 0.004 5.16 549.0
2456444.76290 16.030 0.005 5.36 385.0
2456444.94724 16.038 0.008 6.94 1291.0
2456445.76462 16.032 0.004 4.65 404.0
2456446.56243 16.030 0.004 4.86 377.0
2456446.75310 16.032 0.004 4.48 346.0
2456446.94564 16.041 0.006 6.41 1162.0
2456447.71186 16.037 0.004 4.77 328.0
2456448.83784 16.033 0.004 4.76 407.0
2456449.61160 16.032 0.005 5.74 346.0
2456450.54669 16.040 0.005 6.29 504.0
2456450.92075 16.046 0.005 6.03 561.0
2456451.67751 16.041 0.005 4.57 461.0
2456451.86331 16.033 0.005 5.80 411.0
2456452.64177 16.020 0.004 4.12 305.0
2456452.87722 16.035 0.004 5.16 378.0
2456454.65143 16.021 0.004 5.32 331.0
2456454.83629 16.044 0.005 5.82 347.0
2456455.62314 16.031 0.004 5.75 420.0
2456456.61807 16.020 0.004 4.03 297.0
2456456.80392 16.030 0.004 4.19 346.0
2456457.77745 16.027 0.004 4.19 321.0
2456458.56094 16.027 0.005 6.91 433.0
2456458.90314 16.036 0.005 6.99 619.0
2456459.69007 16.019 0.004 4.05 328.0
2456459.86874 16.039 0.004 5.02 455.0
2456460.75539 16.029 0.004 5.20 428.0
2456461.62548 16.032 0.005 5.60 446.0
2456461.84190 16.027 0.004 4.49 440.0
2456462.70627 16.026 0.005 4.43 852.0
2456463.56773 16.036 0.005 6.02 551.0
2456463.75691 16.032 0.005 4.93 529.0
2456464.57442 16.041 0.006 6.29 714.0
2456468.56073 16.034 0.005 4.93 697.0
2456473.57925 16.039 0.005 5.87 341.0
2456475.48865 16.014 0.005 6.94 475.0
2456475.68605 16.017 0.004 5.09 341.0
2456484.53710 16.030 0.004 5.49 395.0
2456485.64207 16.026 0.004 4.12 295.0
2456486.57624 16.035 0.004 5.22 318.0
2456486.78673 16.035 0.004 4.26 379.0
2456487.57588 16.026 0.004 4.27 328.0
2456487.77567 16.033 0.004 4.41 391.0
2456490.65323 16.033 0.004 4.74 382.0
2456492.53461 16.013 0.005 5.32 548.0
2456498.48576 16.033 0.004 4.15 377.0
2456498.66573 16.022 0.004 4.56 399.0
2456499.49957 16.027 0.005 5.33 379.0
2456501.63955 16.038 0.005 5.90 302.0
2456504.65390 16.034 0.005 5.96 407.0
2456505.75009 16.037 0.005 6.11 435.0
2456506.68788 16.026 0.006 7.76 333.0
2456508.64732 16.031 0.004 4.41 335.0
2456509.57137 16.024 0.004 3.93 342.0
2456512.73761 16.029 0.005 7.21 389.0
2456514.69872 16.031 0.004 5.30 320.0
2456516.63597 16.037 0.005 5.84 295.0
2456518.64779 16.025 0.004 5.33 365.0
2456519.60106 16.033 0.004 4.75 387.0
2456523.53073 16.034 0.005 4.53 661.0
2456524.63552 16.056 0.005 5.06 662.0
2456531.47915 16.024 0.006 7.37 443.0
2456532.48090 16.024 0.005 5.60 399.0
2456533.49201 16.037 0.005 5.76 451.0
2456536.49498 16.037 0.004 4.60 392.0
2456543.50220 16.020 0.005 6.54 376.0
2456544.54561 16.018 0.004 5.94 324.0
2456558.49702 16.029 0.004 4.33 398.0
2456562.54765 16.043 0.005 6.14 347.0
2456564.51366 16.039 0.006 6.68 403.0
2456567.55332 16.029 0.005 5.98 421.0
2456569.51053 16.042 0.004 4.54 377.0
2456573.51651 16.037 0.005 5.43 477.0
2456576.51598 16.043 0.008 5.39 2138.0
2456577.57233 16.056 0.007 6.14 1070.0
2456579.52261 16.028 0.006 6.08 598.0
2456581.52393 16.041 0.006 6.05 581.0
2456584.48906 16.039 0.008 6.23 1447.0
2456585.49434 16.039 0.006 6.33 709.0
2456586.49668 16.017 0.007 8.10 501.0
2456594.50792 16.006 0.006 7.56 609.0
2456695.86274 15.991 0.004 5.67 499.0
2456696.85578 16.004 0.004 4.56 435.0
2456697.85359 15.991 0.004 5.59 413.0
2456698.86760 15.986 0.005 6.32 434.0
2456700.87290 15.998 0.004 4.90 456.0
2456702.89139 15.996 0.005 5.18 921.0
2456705.86459 15.984 0.005 5.78 666.0
2456707.86213 15.988 0.005 6.44 556.0
2456708.88514 15.991 0.004 4.66 552.0
2456710.83068 16.001 0.004 3.92 593.0
2456715.83542 15.976 0.004 4.49 381.0
2456716.82927 15.987 0.004 4.82 432.0
2456717.83162 15.984 0.005 6.36 444.0
2456718.84943 15.995 0.005 6.39 451.0
2456719.84710 15.985 0.004 4.54 473.0
2456720.82294 15.976 0.004 4.59 418.0
2456721.80638 15.966 0.005 7.10 485.0
2456721.89508 15.972 0.004 5.15 432.0
2456722.89183 15.964 0.004 4.09 454.0
2456723.87259 15.970 0.004 4.05 446.0
2456724.85059 15.967 0.005 5.70 445.0
2456725.82511 15.964 0.004 5.10 404.0
2456726.78967 15.978 0.004 5.14 468.0
2456726.88675 15.968 0.004 4.45 454.0
2456727.85741 15.953 0.004 4.27 336.0
2456728.82550 15.958 0.004 4.22 380.0
2456729.78237 15.954 0.004 4.09 591.0
2456730.83068 15.947 0.005 6.30 489.0
2456732.83893 15.942 0.005 5.38 594.0
2456733.77527 15.942 0.005 5.16 718.0
2456734.80607 15.945 0.004 4.07 564.0
2456735.84948 15.936 0.004 4.36 644.0
2456736.77910 15.939 0.005 6.38 677.0
2456737.83596 15.933 0.004 3.43 565.0
2456741.83826 15.920 0.004 4.24 483.0
2456742.82910 15.922 0.004 3.74 391.0
2456744.83798 15.908 0.004 5.15 383.0
2456745.73270 15.904 0.004 5.66 416.0
2456745.77170 15.908 0.004 5.00 385.0
2456745.83304 15.911 0.004 4.89 356.0
2456745.92055 15.902 0.004 4.91 600.0
2456746.82645 15.894 0.004 4.75 363.0
2456747.84836 15.905 0.004 4.80 374.0
2456752.84588 15.871 0.003 4.27 388.0
2456756.70357 15.839 0.004 5.05 455.0
2456757.77290 15.847 0.004 4.61 414.0
2456758.77391 15.855 0.004 4.60 436.0
2456759.69799 15.830 0.004 5.47 603.0
2456760.69913 15.823 0.004 4.63 570.0
2456760.88542 15.835 0.003 3.81 409.0
2456762.76813 15.817 0.004 4.12 443.0
2456763.73963 15.801 0.004 3.75 651.0
2456768.74428 15.776 0.004 3.85 1557.0
2456768.93030 15.762 0.004 3.81 971.0
2456769.82770 15.758 0.004 4.59 447.0
2456770.72828 15.756 0.004 4.71 406.0
2456770.89193 15.757 0.003 4.10 447.0
2456771.85632 15.770 0.004 3.84 486.0
2456773.68527 15.737 0.004 6.82 486.0
2456776.66273 15.723 0.003 5.35 472.0
2456777.86161 15.717 0.004 4.34 467.0
2456784.93716 15.676 0.006 5.98 1285.0
2456788.84326 15.669 0.004 4.83 610.0
2456789.71053 15.663 0.004 4.42 550.0
2456789.89422 15.663 0.004 5.38 556.0
2456790.74077 15.664 0.004 4.41 587.0
2456790.92218 15.661 0.004 5.62 623.0
2456791.75365 15.659 0.004 4.54 681.0
2456791.92478 15.659 0.004 4.44 912.0
2456792.75526 15.651 0.004 4.31 898.0
2456792.90334 15.668 0.005 5.19 1024.0
2456796.69998 15.676 0.004 4.29 602.0
2456796.87054 15.670 0.004 4.94 555.0
2456797.73653 15.678 0.004 4.79 947.0
2456797.89807 15.671 0.005 5.52 912.0
2456798.91862 15.692 0.006 7.85 560.0
2456803.67778 15.688 0.004 5.97 300.0
2456803.85459 15.696 0.004 5.46 368.0
2456804.61856 15.696 0.004 5.24 355.0
2456804.80967 15.702 0.004 5.07 400.0
2456805.60701 15.706 0.005 5.83 390.0
2456805.80060 15.700 0.004 5.17 391.0
2456806.87094 15.704 0.005 6.44 423.0
2456807.75096 15.719 0.006 7.50 390.0
2456807.91440 15.715 0.005 6.26 469.0
2456808.70774 15.712 0.004 4.69 399.0
2456808.89550 15.712 0.004 5.45 419.0
2456809.68170 15.730 0.004 3.70 340.0
2456809.88902 15.726 0.005 5.93 485.0
2456810.67953 15.726 0.004 4.14 427.0
2456810.87573 15.732 0.004 5.00 543.0
2456811.64450 15.739 0.004 5.05 410.0
2456811.84168 15.732 0.005 5.40 546.0
2456813.70606 15.744 0.004 5.36 342.0
2456813.90347 15.743 0.005 6.08 409.0
2456814.75409 15.752 0.004 4.08 323.0
2456814.91968 15.752 0.005 6.47 493.0
2456815.70914 15.761 0.005 5.62 403.0
2456815.92087 15.762 0.005 5.25 585.0
2456816.77098 15.756 0.005 5.55 419.0
2456817.62107 15.769 0.004 4.91 477.0
2456817.79634 15.778 0.005 6.82 513.0
2456818.55919 15.796 0.006 5.50 1029.0
2456819.61934 15.781 0.005 4.48 823.0
2456819.77367 15.785 0.005 5.54 784.0
2456823.78649 15.822 0.005 4.98 605.0
2456824.56595 15.822 0.005 5.72 711.0
2456824.76876 15.823 0.004 4.50 537.0
2456825.54980 15.832 0.005 4.60 443.0
2456825.73618 15.825 0.005 4.28 522.0
2456825.90175 15.818 0.005 5.44 823.0
2456826.66408 15.830 0.004 4.47 413.0
2456826.87377 15.842 0.005 5.57 628.0
2456827.65087 15.838 0.004 3.99 437.0
2456827.86031 15.834 0.005 5.96 486.0
2456828.62404 15.839 0.003 4.35 319.0
2456828.83259 15.848 0.005 5.93 374.0
2456829.57702 15.857 0.006 7.44 357.0
2456829.76178 15.851 0.005 5.97 324.0
2456830.55198 15.856 0.005 5.83 463.0
2456830.74108 15.863 0.004 4.74 331.0
2456831.63166 15.864 0.004 3.71 357.0
2456831.82482 15.857 0.005 5.83 421.0
2456832.80926 15.870 0.005 5.79 523.0
2456833.63817 15.873 0.005 5.90 374.0
2456833.82516 15.874 0.006 5.81 744.0
2456834.60209 15.885 0.005 5.67 429.0
2456834.78579 15.886 0.006 7.61 443.0
2456835.61005 15.894 0.005 5.30 338.0
2456835.79335 15.883 0.006 6.84 398.0
2456836.59085 15.901 0.006 6.33 437.0
2456836.76790 15.884 0.005 6.61 426.0
2456837.55372 15.899 0.004 3.91 478.0
2456837.73462 15.882 0.005 4.99 476.0
2456838.50554 15.899 0.005 5.97 483.0
2456838.68217 15.890 0.006 6.33 438.0
2456838.84896 15.894 0.006 6.63 539.0
2456839.63824 15.900 0.005 4.93 454.0
2456839.82282 15.902 0.005 6.14 588.0
2456840.64604 15.906 0.005 6.20 396.0
2456841.52545 15.900 0.005 4.57 534.0
2456841.71920 15.905 0.005 5.25 397.0
2456842.52138 15.916 0.006 6.95 566.0
2456842.70286 15.919 0.005 4.83 369.0
2456844.49116 15.910 0.005 5.12 650.0
2456844.66674 15.925 0.005 4.36 443.0
2456844.83788 15.929 0.005 7.41 456.0
2456845.58262 15.926 0.005 4.17 471.0
2456845.76308 15.935 0.005 4.79 446.0
2456847.53542 15.936 0.005 4.04 678.0
2456847.67919 15.939 0.006 4.29 1708.0
2456847.81624 15.931 0.005 5.86 756.0
2456851.56870 15.937 0.005 4.48 775.0
2456851.74166 15.952 0.006 5.45 879.0
2456852.55687 15.959 0.006 5.27 692.0
2456852.76895 15.964 0.007 7.42 767.0
2456855.53563 15.951 0.005 5.07 371.0
2456855.72088 15.944 0.005 5.14 337.0
2456856.51765 15.952 0.005 5.20 414.0
2456856.70143 15.947 0.005 4.56 364.0
2456857.51560 15.954 0.005 3.99 423.0
2456857.70221 15.960 0.004 4.47 292.0
2456858.53109 15.969 0.005 4.37 341.0
2456858.71597 15.967 0.005 5.34 369.0
2456859.67391 15.960 0.005 4.89 425.0
2456862.63015 15.978 0.005 5.33 399.0
2456863.47262 15.973 0.005 4.84 552.0
2456863.66271 15.973 0.005 4.48 359.0
2456864.50448 15.991 0.005 5.20 355.0
2456864.69062 15.974 0.005 5.44 326.0
2456870.60824 15.987 0.005 4.73 334.0
2456871.60950 15.996 0.005 6.12 532.0
2456872.69075 15.992 0.006 6.50 318.0
2456879.57993 16.005 0.007 7.07 708.0
2456880.54313 16.001 0.007 6.36 686.0
2456880.73700 16.011 0.007 6.76 914.0
2456881.69574 16.005 0.006 6.08 564.0
2456882.61126 15.997 0.005 4.39 386.0
2456883.52511 16.001 0.005 6.21 420.0
2456885.49115 16.006 0.005 5.98 370.0
2456885.68551 16.012 0.005 6.50 410.0
2456886.60796 16.002 0.005 4.86 388.0
2456887.51744 16.010 0.005 5.59 385.0
2456887.70422 16.003 0.005 7.24 301.0
2456888.64061 16.010 0.005 5.16 419.0
2456889.59204 16.019 0.005 4.68 323.0
2456890.52975 16.005 0.005 6.09 333.0
2456890.69685 16.003 0.005 6.65 319.0
2456891.64507 16.012 0.005 5.85 379.0
2456895.60005 16.009 0.005 4.74 346.0
2456896.56813 16.007 0.005 5.81 385.0
2456900.52580 16.017 0.005 4.27 395.0
2456907.58818 16.016 0.005 5.31 547.0
2456908.55624 16.014 0.005 5.41 604.0
2456909.61404 16.020 0.007 5.83 690.0
2456912.62889 16.019 0.006 5.86 542.0
2456915.62992 16.027 0.006 6.52 448.0
2456919.50265 16.034 0.007 7.29 459.0
2456922.49833 16.038 0.006 6.16 496.0
2456923.51868 16.022 0.007 6.66 506.0
2456924.55858 16.018 0.005 5.70 502.0
2456925.60089 16.040 0.006 6.98 444.0
2456927.51223 16.051 0.007 8.05 571.0
2456928.54729 16.044 0.006 6.30 433.0
2456929.60742 16.037 0.007 7.54 568.0
2456931.48092 16.012 0.008 5.07 2257.0
2456931.50256 16.026 0.005 4.95 562.0
2456932.54479 16.022 0.008 6.69 1474.0
2456936.56533 16.016 0.007 9.33 713.0
2456937.56258 16.043 0.007 6.20 666.0
2456938.56173 16.022 0.007 6.50 821.0
2456940.52225 16.050 0.006 6.33 591.0
2456942.48918 16.035 0.006 5.28 666.0
2456943.48888 16.025 0.008 7.27 801.0
2456944.52888 16.038 0.006 6.40 426.0
2456947.53165 16.053 0.006 7.78 483.0
2456951.49522 16.035 0.006 5.75 589.0
2456953.51331 16.035 0.006 7.17 544.0
2456955.52669 16.029 0.005 5.81 552.0
